1320000 2897.7
1320010 2901.6
1320020 2905.7
1320030 2905.7
1320040 2909.7
1320050 2913.6
1320060 2913.6
1320070 2917.3
1320080 2921.0
1320090 2921.0
1320100 2924.6
1320110 2928.0
1320120 2928.0
1320130 2931.2
1320140 2934.3
1320150 2936.9
1320160 2936.9
1320170 2939.7
1320180 2942.3
1320190 2942.3
1320200 2944.8
1320210 2947.5
1320220 2947.5
1320230 2950.3
1320240 2953.3
1320250 2953.3
1320260 2956.6
1320270 2960.0
1320280 2960.0
1320290 2963.5
1320300 2967.0
1320310 2968.3
1320320 2971.7
1320330 2975.3
1320340 2975.3
1320350 2978.8
1320360 2981.8
1320370 2984.2
1320380 2984.2
1320390 2985.6
1320400 2987.6
1320410 2987.6
1320420 2991.7
1320430 2997.8
1320440 2997.8
1320450 3002.7
1320460 3006.8
1320470 3006.8
1320480 3010.4
1320490 3013.5
1320500 3013.5
1320510 3016.3
1320520 3019.0
1320530 3019.0
1320540 3022.7
1320550 3026.7
1320560 3030.9
1320570 3030.9
1320580 3035.3
1320590 3040.1
1320600 3040.1
1320610 3045.1
1320620 3051.0
1320630 3051.0
1320640 3058.3
1320650 3064.9
1320660 3064.9
1320670 3068.9
1320680 3072.9
1320690 3072.9
1320700 3076.3
1320710 3079.9
1320720 3079.9
1320730 3085.2
1320740 3090.0
1320750 3090.0
1320760 3094.0
1320770 3098.0
1320780 3101.9
1320790 3101.9
1320800 3106.0
1320810 3110.8
1320820 3110.8
1320830 3116.5
1320840 3123.0
1320850 3123.0
1320860 3130.9
1320870 3132.5
1320880 3132.5
1320890 3126.7
1320900 3119.9
1320910 3119.9
1320920 3114.4
1320930 3110.0
1320940 3110.0
1320950 3104.5
1320960 3098.9
1320970 3095.6
1320980 3095.6
1320990 3092.4
1321000 3089.6
1321010 3089.6
1321020 3087.1
1321030 3084.8
1321040 3084.8
1321050 3082.7
1321060 3080.7
1321070 3080.7
1321080 3073.1
1321090 3071.7
1321100 3071.7
1321110 3070.4
1321120 3069.3
1321130 3069.3
1321140 3068.6
1321150 3068.3
1321160 3068.3
1321170 3068.4
1321180 3068.7
1321190 3070.0
1321200 3070.0
1321210 3071.6
1321220 3073.5
1321230 3073.5
1321240 3076.1
1321250 3078.8
1321260 3078.8
1321270 3081.6
1321280 3086.4
1321290 3086.4
1321300 3106.7
1321310 3127.5
1321320 3127.5
1321330 3149.1
1321340 3165.4
1321350 3165.4
1321360 3175.3
1321370 3184.0
1321380 3184.0
1321390 3191.8
1321400 3198.7
1321410 3206.5
1321420 3206.5
1321430 3213.8
1321440 3221.6
1321450 3221.6
1321460 3229.3
1321470 3237.3
1321480 3237.3
1321490 3245.9
1321500 3255.6
1321510 3255.6
1321520 3266.5
1321530 3275.7
1321540 3275.7
1321550 3283.8
1321560 3282.2
1321570 3282.2
1321580 3278.7
1321590 3277.7
1321600 3280.8
1321610 3280.8
1321620 3288.5
1321630 3298.7
1321640 3298.7
1321650 3308.8
1321660 3305.8
1321670 3305.8
1321680 3306.2
1321690 3307.7
1321700 3307.7
1321710 3307.7
1321720 3311.3
1321730 3311.3
1321740 3317.1
1321750 3321.1
1321760 3321.1
1321770 3328.6
1321780 3339.7
1321790 3339.7
1321800 3352.3
1321810 3360.6
1321820 3361.8
1321830 3361.8
1321840 3353.5
1321850 3344.6
1321860 3340.1
1321870 3329.8
1321880 3320.1
1321890 3320.1
1321900 3311.0
1321910 3301.5
1321920 3301.5
1321930 3293.4
1321940 3281.7
1321950 3281.7
1321960 3265.3
1321970 3250.8
1321980 3250.8
1321990 3233.1
1322000 3209.4
1322010 3192.4
1322020 3192.4
1322030 3181.9
1322040 3171.2
1322050 3171.2
1322060 3154.5
1322070 3138.4
1322080 3138.4
1322090 3126.2
1322100 3114.6
1322110 3114.6
1322120 3097.2
1322130 3079.7
1322140 3079.7
1322150 3068.4
