1320000 2841.6
1320010 2846.3
1320020 2846.3
1320030 2850.6
1320040 2854.7
1320050 2854.7
1320060 2858.3
1320070 2861.6
1320080 2861.6
1320090 2864.5
1320100 2867.0
1320110 2867.0
1320120 2869.4
1320130 2872.2
1320140 2872.2
1320150 2875.2
1320160 2878.5
1320170 2878.5
1320180 2881.8
1320190 2885.1
1320200 2888.6
1320210 2888.6
1320220 2892.1
1320230 2895.7
1320240 2895.7
1320250 2899.4
1320260 2903.0
1320270 2903.0
1320280 2906.5
1320290 2910.2
1320300 2912.1
1320310 2915.6
1320320 2919.1
1320330 2919.1
1320340 2922.8
1320350 2926.6
1320360 2926.6
1320370 2930.3
1320380 2934.0
1320390 2937.5
1320400 2937.5
1320410 2941.0
1320420 2944.7
1320430 2944.7
1320440 2948.5
1320450 2952.4
1320460 2952.4
1320470 2956.5
1320480 2961.4
1320490 2961.4
1320500 2966.9
1320510 2972.6
1320520 2972.6
1320530 2978.1
1320540 2982.6
1320550 2982.6
1320560 2986.4
1320570 2989.8
1320580 2989.8
1320590 2993.4
1320600 2996.8
1320610 3000.4
1320620 3000.4
1320630 3004.4
1320640 3008.8
1320650 3008.8
1320660 3013.2
1320670 3017.4
1320680 3017.4
1320690 3021.6
1320700 3025.4
1320710 3025.4
1320720 3029.0
1320730 3032.5
1320740 3032.5
1320750 3036.0
1320760 3039.7
1320770 3039.7
1320780 3043.3
1320790 3046.7
1320800 3050.2
1320810 3050.2
1320820 3053.7
1320830 3057.1
1320840 3057.1
1320850 3060.4
1320860 3063.8
1320870 3063.8
1320880 3067.7
1320890 3071.6
1320900 3071.6
1320910 3075.7
1320920 3079.7
1320930 3079.7
1320940 3084.4
1320950 3088.7
1320960 3088.7
1320970 3092.9
1320980 3097.1
1320990 3097.1
1321000 3100.9
1321010 3104.5
1321020 3108.5
1321030 3108.5
1321040 3112.9
1321050 3117.4
1321060 3117.4
1321070 3125.4
1321080 3130.7
1321090 3130.7
1321100 3135.9
1321110 3141.3
1321120 3141.3
1321130 3147.1
1321140 3153.6
1321150 3153.6
1321160 3161.0
1321170 3169.3
1321180 3169.3
1321190 3179.4
1321200 3200.4
1321210 3200.4
1321220 3221.7
1321230 3249.8
1321240 3269.9
1321250 3269.9
1321260 3280.9
1321270 3290.6
1321280 3290.6
1321290 3298.8
1321300 3300.8
1321310 3300.8
1321320 3298.5
1321330 3294.2
1321340 3294.2
1321350 3290.1
1321360 3286.6
1321370 3286.6
1321380 3284.2
1321390 3282.6
1321400 3282.6
1321410 3281.3
1321420 3280.8
1321430 3281.7
1321440 3281.7
1321450 3283.7
1321460 3283.9
1321470 3283.9
1321480 3282.9
1321490 3281.4
1321500 3281.4
1321510 3279.6
1321520 3277.6
1321530 3277.6
1321540 3275.7
1321550 3273.7
1321560 3273.7
1321570 3271.8
1321580 3269.9
1321590 3269.9
1321600 3268.0
1321610 3266.3
1321620 3266.3
1321630 3264.7
1321640 3263.4
1321650 3262.2
1321660 3262.2
1321670 3261.0
1321680 3259.9
1321690 3259.9
1321700 3259.1
1321710 3258.4
1321720 3258.4
1321730 3257.8
1321740 3257.4
1321750 3257.4
1321760 3257.2
1321770 3257.0
1321780 3257.0
1321790 3256.9
1321800 3256.8
1321810 3256.8
1321820 3256.7
1321830 3256.6
1321840 3256.6
1321850 3258.4
1321860 3258.4
1321870 3258.5
1321880 3258.5
1321890 3258.5
1321900 3258.5
1321910 3258.5
1321920 3258.6
1321930 3258.7
1321940 3258.7
1321950 3258.9
1321960 3259.4
1321970 3259.4
1321980 3259.9
1321990 3260.5
1322000 3260.5
1322010 3261.3
1322020 3262.2
1322030 3262.2
1322040 3263.2
1322050 3264.3
1322060 3265.4
1322070 3265.4
1322080 3266.3
1322090 3266.9
1322100 3266.9
1322110 3267.3
1322120 3267.4
1322130 3267.4
1322140 3267.2
1322150 3266.6
1322160 3266.6
1322170 3265.6
1322180 3264.2
1322190 3264.2
1322200 3262.6
1322210 3261.0
1322220 3261.0
1322230 3259.4
1322240 3257.9
1322250 3256.8
1322260 3256.8
1322270 3256.0
1322280 3256.4
1322290 3256.4
1322300 3253.7
1322310 3238.2
1322320 3238.2
1322330 3222.1
1322340 3208.8
1322350 3208.8
1322360 3195.6
1322370 3178.4
1322380 3178.4
1322390 3158.1
1322400 3136.5
1322410 3136.5
1322420 3110.0
1322430 3093.2
1322440 3093.2
1322450 3088.7
1322460 3089.5
1322470 3085.6
1322480 3085.6
