1320000 2838.0
1320010 2842.7
1320020 2842.7
1320030 2846.8
1320040 2850.5
1320050 2850.5
1320060 2853.9
1320070 2856.7
1320080 2856.7
1320090 2859.0
1320100 2861.2
1320110 2861.2
1320120 2863.8
1320130 2866.8
1320140 2866.8
1320150 2870.1
1320160 2873.5
1320170 2877.1
1320180 2877.1
1320190 2880.7
1320200 2884.5
1320210 2884.5
1320220 2888.1
1320230 2891.7
1320240 2891.7
1320250 2895.2
1320260 2898.7
1320270 2898.7
1320280 2902.1
1320290 2905.8
1320300 2905.8
1320310 2909.5
1320320 2913.1
1320330 2915.3
1320340 2918.8
1320350 2922.4
1320360 2925.9
1320370 2925.9
1320380 2929.4
1320390 2933.0
1320400 2933.0
1320410 2936.7
1320420 2940.7
1320430 2940.7
1320440 2944.5
1320450 2948.5
1320460 2948.5
1320470 2953.0
1320480 2958.1
1320490 2958.1
1320500 2963.7
1320510 2969.5
1320520 2969.5
1320530 2974.4
1320540 2978.4
1320550 2978.4
1320560 2981.9
1320570 2985.2
1320580 2988.4
1320590 2988.4
1320600 2991.9
1320610 2995.8
1320620 2995.8
1320630 3000.2
1320640 3004.8
1320650 3004.8
1320660 3009.2
1320670 3013.2
1320680 3013.2
1320690 3017.1
1320700 3020.7
1320710 3020.7
1320720 3024.2
1320730 3027.7
1320740 3027.7
1320750 3031.2
1320760 3034.8
1320770 3034.8
1320780 3038.4
1320790 3041.8
1320800 3045.2
1320810 3045.2
1320820 3048.3
1320830 3051.5
1320840 3051.5
1320850 3054.7
1320860 3058.4
1320870 3058.4
1320880 3062.0
1320890 3065.8
1320900 3065.8
1320910 3069.6
1320920 3074.1
1320930 3074.1
1320940 3078.2
1320950 3082.2
1320960 3082.2
1320970 3086.0
1320980 3089.1
1320990 3093.4
1321000 3093.4
1321010 3097.4
1321020 3102.0
1321030 3102.0
1321040 3106.8
1321050 3111.8
1321060 3111.8
1321070 3117.2
1321080 3123.7
1321090 3123.7
1321100 3131.3
1321110 3137.8
1321120 3137.8
1321130 3145.0
1321140 3153.1
1321150 3153.1
1321160 3162.9
1321170 3175.0
1321180 3175.0
1321190 3188.6
1321200 3201.5
1321210 3214.7
1321220 3214.7
1321230 3227.5
1321240 3239.9
1321250 3239.9
1321260 3254.2
1321270 3270.4
1321280 3270.4
1321290 3287.2
1321300 3288.6
1321310 3288.6
1321320 3285.2
1321330 3281.9
1321340 3281.9
1321350 3279.3
1321360 3277.3
1321370 3277.3
1321380 3275.7
1321390 3274.7
1321400 3274.5
1321410 3274.5
1321420 3275.5
1321430 3277.2
1321440 3277.2
1321450 3278.0
1321460 3277.7
1321470 3277.7
1321480 3276.9
1321490 3275.7
1321500 3275.7
1321510 3274.4
1321520 3272.9
1321530 3272.9
1321540 3271.5
1321550 3269.9
1321560 3269.9
1321570 3268.2
1321580 3266.6
1321590 3266.6
1321600 3265.0
1321610 3263.6
1321620 3262.2
1321630 3262.2
1321640 3260.9
1321650 3259.6
1321660 3259.6
1321670 3258.4
1321680 3257.4
1321690 3257.4
1321700 3256.5
1321710 3255.8
1321720 3255.8
1321730 3255.2
1321740 3254.8
1321750 3254.8
1321760 3254.4
1321770 3254.1
1321780 3254.1
1321790 3253.9
1321800 3253.6
1321810 3253.6
1321820 3253.4
1321830 3253.1
1321840 3252.8
1321850 3252.8
1321860 3252.6
1321870 3252.3
1321880 3254.4
1321890 3254.2
1321900 3254.0
1321910 3254.0
1321920 3253.9
1321930 3253.9
1321940 3253.9
1321950 3254.0
1321960 3254.2
1321970 3254.2
1321980 3254.6
1321990 3255.0
1322000 3255.0
1322010 3255.6
1322020 3256.3
1322030 3257.1
1322040 3257.1
1322050 3258.0
1322060 3258.9
1322070 3258.9
1322080 3259.8
1322090 3260.4
1322100 3260.4
1322110 3260.9
1322120 3261.2
1322130 3261.2
1322140 3261.2
1322150 3260.9
1322160 3260.9
1322170 3260.2
1322180 3259.1
1322190 3259.1
1322200 3257.9
1322210 3256.4
1322220 3256.4
1322230 3255.0
1322240 3253.6
1322250 3252.4
1322260 3252.4
1322270 3251.4
1322280 3250.6
1322290 3250.6
1322300 3250.2
1322310 3245.9
1322320 3245.9
1322330 3228.1
1322340 3212.9
1322350 3212.9
1322360 3197.1
1322370 3180.8
1322380 3180.8
1322390 3164.5
1322400 3139.5
1322410 3139.5
1322420 3114.6
1322430 3104.2
1322440 3100.2
1322450 3100.2
1322460 3099.1
1322470 3094.9
1322480 3094.9
1322490 3096.3
