1320000 2856.6
1320010 2856.6
1320020 2860.7
1320030 2864.4
1320040 2868.1
1320050 2868.1
1320060 2871.3
1320070 2874.4
1320080 2874.4
1320090 2877.6
1320100 2880.4
1320110 2880.4
1320120 2883.2
1320130 2885.7
1320140 2885.7
1320150 2888.7
1320160 2891.9
1320170 2891.9
1320180 2895.1
1320190 2898.2
1320200 2900.8
1320210 2904.0
1320220 2906.8
1320230 2906.8
1320240 2909.6
1320250 2912.4
1320260 2915.2
1320270 2915.2
1320280 2918.3
1320290 2921.8
1320300 2921.8
1320310 2925.4
1320320 2929.3
1320330 2929.3
1320340 2933.6
1320350 2937.8
1320360 2937.8
1320370 2942.0
1320380 2945.9
1320390 2945.9
1320400 2949.8
1320410 2953.4
1320420 2953.4
1320430 2957.0
1320440 2960.5
1320450 2960.5
1320460 2964.2
1320470 2967.9
1320480 2971.9
1320490 2971.9
1320500 2976.1
1320510 2980.9
1320520 2980.9
1320530 2986.2
1320540 2991.3
1320550 2991.3
1320560 2996.4
1320570 3001.9
1320580 3001.9
1320590 3006.2
1320600 3010.2
1320610 3010.2
1320620 3014.2
1320630 3018.0
1320640 3018.0
1320650 3021.7
1320660 3025.3
1320670 3028.9
1320680 3028.9
1320690 3034.2
1320700 3038.7
1320710 3038.7
1320720 3042.8
1320730 3045.5
1320740 3045.5
1320750 3050.3
1320760 3053.7
1320770 3053.7
1320780 3056.9
1320790 3060.3
1320800 3060.3
1320810 3063.9
1320820 3067.8
1320830 3067.8
1320840 3071.8
1320850 3075.7
1320860 3075.7
1320870 3079.7
1320880 3083.8
1320890 3087.9
1320900 3087.9
1320910 3092.1
1320920 3096.9
1320930 3096.9
1320940 3101.6
1320950 3106.4
1320960 3106.4
1320970 3113.3
1320980 3117.9
1320990 3117.9
1321000 3122.3
1321010 3126.8
1321020 3126.8
1321030 3131.3
1321040 3135.5
1321050 3135.5
1321060 3139.6
1321070 3143.8
1321080 3148.0
1321090 3148.0
1321100 3152.3
1321110 3156.2
1321120 3156.2
1321130 3160.6
1321140 3166.3
1321150 3166.3
1321160 3174.2
1321170 3183.2
1321180 3183.2
1321190 3193.2
1321200 3206.4
1321210 3206.4
1321220 3220.3
1321230 3231.2
1321240 3231.2
1321250 3243.6
1321260 3262.4
1321270 3262.4
1321280 3285.5
1321290 3305.6
1321300 3316.7
1321310 3316.7
1321320 3320.5
1321330 3320.7
1321340 3320.7
1321350 3316.5
1321360 3313.1
1321370 3313.1
1321380 3310.6
1321390 3307.5
1321400 3307.5
1321410 3304.0
1321420 3300.5
1321430 3300.5
1321440 3298.9
1321450 3298.2
1321460 3298.2
1321470 3297.4
1321480 3297.9
1321490 3297.9
1321500 3299.7
1321510 3298.1
1321520 3295.4
1321530 3295.4
1321540 3292.7
1321550 3289.9
1321560 3289.9
1321570 3287.3
1321580 3284.8
1321590 3284.8
1321600 3282.3
1321610 3279.7
1321620 3279.7
1321630 3277.1
1321640 3274.6
1321650 3274.6
1321660 3272.3
1321670 3270.4
1321680 3270.4
1321690 3268.9
1321700 3267.8
1321710 3266.8
1321720 3266.8
1321730 3266.1
1321740 3265.7
1321750 3267.6
1321760 3267.4
1321770 3267.3
1321780 3267.3
1321790 3267.4
1321800 3267.6
1321810 3267.6
1321820 3267.9
1321830 3268.3
1321840 3268.3
1321850 3268.7
1321860 3269.2
1321870 3269.2
1321880 3269.7
1321890 3270.4
1321900 3270.4
1321910 3271.0
1321920 3271.9
1321930 3272.8
1321940 3272.8
1321950 3273.9
1321960 3275.0
1321970 3275.0
1321980 3276.4
1321990 3277.9
1322000 3277.9
1322010 3279.6
1322020 3281.4
1322030 3281.4
1322040 3282.9
1322050 3283.6
1322060 3283.6
1322070 3283.8
1322080 3283.6
1322090 3283.6
1322100 3283.1
1322110 3282.5
1322120 3281.5
1322130 3281.5
1322140 3280.9
1322150 3281.3
1322160 3281.3
1322170 3280.1
1322180 3277.8
1322190 3277.8
1322200 3277.2
1322210 3278.2
1322220 3278.2
1322230 3279.0
1322240 3276.4
1322250 3276.4
1322260 3270.6
1322270 3261.2
1322280 3261.2
1322290 3245.5
1322300 3230.8
1322310 3230.8
1322320 3212.0
1322330 3177.5
1322340 3153.1
1322350 3153.1
1322360 3134.1
1322370 3114.5
1322380 3114.5
1322390 3095.4
1322400 3074.5
1322410 3074.5
