1320000 2773.7
1320010 2778.1
1320020 2782.0
1320030 2782.0
1320040 2785.9
1320050 2790.2
1320060 2790.2
1320070 2794.7
1320080 2799.1
1320090 2799.1
1320100 2803.4
1320110 2807.6
1320120 2807.6
1320130 2811.5
1320140 2815.3
1320150 2815.3
1320160 2819.0
1320170 2822.7
1320180 2822.7
1320190 2826.7
1320200 2830.8
1320210 2835.2
1320220 2835.2
1320230 2839.5
1320240 2843.7
1320250 2843.7
1320260 2847.5
1320270 2851.0
1320280 2851.0
1320290 2854.1
1320300 2857.0
1320310 2857.0
1320320 2859.4
1320330 2861.5
1320340 2861.5
1320350 2863.2
1320360 2865.5
1320370 2865.5
1320380 2868.6
1320390 2872.2
1320400 2876.2
1320410 2876.2
1320420 2881.5
1320430 2887.9
1320440 2887.9
1320450 2894.6
1320460 2901.0
1320470 2901.0
1320480 2906.6
1320490 2911.8
1320500 2911.8
1320510 2917.0
1320520 2921.8
1320530 2921.8
1320540 2926.2
1320550 2930.0
1320560 2930.0
1320570 2933.8
1320580 2937.8
1320590 2937.8
1320600 2942.2
1320610 2946.7
1320620 2950.2
1320630 2950.2
1320640 2954.0
1320650 2957.6
1320660 2957.6
1320670 2961.0
1320680 2964.4
1320690 2964.4
1320700 2967.5
1320710 2970.4
1320720 2970.4
1320730 2973.0
1320740 2975.7
1320750 2975.7
1320760 2978.6
1320770 2981.9
1320780 2981.9
1320790 2985.5
1320800 2989.5
1320810 2994.0
1320820 2994.0
1320830 2999.1
1320840 3004.4
1320850 3004.4
1320860 3009.7
1320870 3014.8
1320880 3014.8
1320890 3019.4
1320900 3023.6
1320910 3023.6
1320920 3027.4
1320930 3031.2
1320940 3031.2
1320950 3035.0
1320960 3038.8
1320970 3038.8
1320980 3042.8
1320990 3047.2
1321000 3047.2
1321010 3052.0
1321020 3057.1
1321030 3061.9
1321040 3061.9
1321050 3066.7
1321060 3071.8
1321070 3071.8
1321080 3076.9
1321090 3082.0
1321100 3082.0
1321110 3086.7
1321120 3091.6
1321130 3091.6
1321140 3096.6
1321150 3101.4
1321160 3101.4
1321170 3106.1
1321180 3111.4
1321190 3111.4
1321200 3117.6
1321210 3124.2
1321220 3124.2
1321230 3130.1
1321240 3135.1
1321250 3139.0
1321260 3139.0
1321270 3142.0
1321280 3145.3
1321290 3145.3
1321300 3149.5
1321310 3152.7
1321320 3152.7
1321330 3155.1
1321340 3157.6
1321350 3157.6
1321360 3159.9
1321370 3162.2
1321380 3162.2
1321390 3164.3
1321400 3167.4
1321410 3167.4
1321420 3169.3
1321430 3171.2
1321440 3173.0
1321450 3173.0
1321460 3174.3
1321470 3175.5
1321480 3175.5
1321490 3176.7
1321500 3177.7
1321510 3177.7
1321520 3178.5
1321530 3179.4
1321540 3179.4
1321550 3180.2
1321560 3180.9
1321570 3180.9
1321580 3181.6
1321590 3182.2
1321600 3182.2
1321610 3182.7
1321620 3183.2
1321630 3183.2
1321640 3183.8
1321650 3184.3
1321660 3184.6
1321670 3184.6
1321680 3184.9
1321690 3185.1
1321700 3185.1
1321710 3185.3
1321720 3185.4
1321730 3185.4
1321740 3185.7
1321750 3185.7
1321760 3185.7
1321770 3185.6
1321780 3185.5
1321790 3185.5
1321800 3185.2
1321810 3185.0
1321820 3185.0
1321830 3184.7
1321840 3184.2
1321850 3184.2
1321860 3183.8
1321870 3183.3
1321880 3182.8
1321890 3182.8
1321900 3182.2
1321910 3181.5
1321920 3181.5
1321930 3180.8
1321940 3180.1
1321950 3180.1
1321960 3179.5
1321970 3178.9
1321980 3178.9
1321990 3178.3
1322000 3177.7
1322010 3177.7
1322020 3177.1
1322030 3176.6
1322040 3176.6
1322050 3176.0
1322060 3175.5
1322070 3175.1
1322080 3175.1
1322090 3174.7
1322100 3174.3
1322110 3174.3
1322120 3174.0
1322130 3173.7
1322140 3173.7
1322150 3173.5
1322160 3173.2
1322170 3175.2
1322180 3175.1
1322190 3175.0
1322200 3175.0
1322210 3174.8
1322220 3174.7
1322230 3174.7
1322240 3174.5
1322250 3174.2
1322260 3174.2
1322270 3173.9
1322280 3173.5
1322290 3173.0
1322300 3173.0
1322310 3172.7
1322320 3172.3
1322330 3172.3
1322340 3172.0
1322350 3171.7
1322360 3171.7
1322370 3171.2
1322380 3170.8
1322390 3170.8
1322400 3170.4
1322410 3170.0
1322420 3170.0
1322430 3169.6
1322440 3169.1
1322450 3169.1
1322460 3168.5
1322470 3168.0
1322480 3167.8
1322490 3167.8
1322500 3167.9
1322510 3168.4
1322520 3168.4
1322530 3169.2
1322540 3170.2
1322550 3170.2
1322560 3171.9
1322570 3175.1
1322580 3175.1
1322590 3175.8
1322600 3171.4
1322610 3171.4
1322620 3166.1
1322630 3156.4
1322640 3156.4
1322650 3143.3
1322660 3131.1
1322670 3131.1
1322680 3120.2
1322690 3110.8
1322700 3102.6
1322710 3102.6
1322720 3095.7
1322730 3090.4
1322740 3090.4
1322750 3084.5
1322760 3080.7
1322770 3080.7
1322780 3078.2
1322790 3074.2
1322800 3074.2
1322810 3069.3
1322820 3064.4
1322830 3064.4
1322840 3059.6
1322850 3054.7
1322860 3054.7
1322870 3048.0
1322880 3042.2
1322890 3042.2
1322900 3039.0
1322910 3037.2
1322920 3034.4
1322930 3034.4
1322940 3031.2
1322950 3027.5
1322960 3025.9
1322970 3021.4
1322980 3017.2
1322990 3017.2
1323000 3014.0
1323010 3011.2
1323020 3011.2
1323030 3008.5
1323040 3005.7
1323050 3005.7
1323060 3002.8
1323070 2999.8
1323080 2999.8
1323090 2996.7
1323100 2993.4
1323110 2990.0
1323120 2990.0
1323130 2986.5
1323140 2983.2
1323150 2983.2
1323160 2980.0
1323170 2976.9
1323180 2976.9
1323190 2973.7
1323200 2970.5
1323210 2970.5
1323220 2967.3
1323230 2964.0
1323240 2964.0
1323250 2960.9
1323260 2957.9
1323270 2957.9
1323280 2955.2
1323290 2952.8
1323300 2952.8
1323310 2950.5
1323320 2948.5
1323330 2946.8
1323340 2946.8
1323350 2945.3
1323360 2943.8
1323370 2943.8
1323380 2942.6
1323390 2941.5
1323400 2941.5
1323410 2940.5
1323420 2939.8
1323430 2939.8
1323440 2939.2
1323450 2938.9
1323460 2938.9
1323470 2938.6
1323480 2938.6
1323490 2938.6
1323500 2938.7
1323510 2939.0
1323520 2939.4
1323530 2939.4
1323540 2940.0
1323550 2940.8
1323560 2940.8
1323570 2941.9
1323580 2943.1
1323590 2943.1
1323600 2944.6
1323610 2946.2
1323620 2946.2
1323630 2948.1
1323640 2950.3
1323650 2950.3
1323660 2952.7
1323670 2955.4
1323680 2955.4
1323690 2958.6
1323700 2962.0
1323710 2962.0
1323720 2965.7
1323730 2970.1
1323740 2981.0
1323750 2981.0
1323760 2994.2
1323770 3009.0
1323780 3009.0
1323790 3017.4
1323800 3023.8
1323810 3023.8
1323820 3030.3
1323830 3038.1
1323840 3038.1
1323850 3045.2
1323860 3051.9
1323870 3051.9
1323880 3057.9
1323890 3063.4
1323900 3063.4
1323910 3068.7
1323920 3073.8
1323930 3073.8
1323940 3078.9
1323950 3084.7
1323960 3091.2
1323970 3091.2
1323980 3097.3
1323990 3103.5
1324000 3103.5
1324010 3109.8
1324020 3116.5
1324030 3116.5
1324040 3122.8
1324050 3128.0
1324060 3128.0
1324070 3133.2
1324080 3134.6
1324090 3134.6
1324100 3129.5
1324110 3122.8
1324120 3122.8
1324130 3114.7
1324140 3103.3
1324150 3088.1
1324160 3088.1
1324170 3066.9
1324180 3014.1
1324190 3014.1
1324200 2978.6
1324210 2969.1
1324220 2969.1
1324230 2962.8
1324240 2956.9
1324250 2956.9
1324260 2950.0
1324270 2944.2
1324280 2944.2
1324290 2940.6
1324300 2937.2
1324310 2937.2
1324320 2933.9
1324330 2928.7
1324340 2928.7
1324350 2921.8
1324360 2919.5
1324370 2917.8
1324380 2917.8
1324390 2913.6
1324400 2909.6
1324410 2909.6
1324420 2905.5
1324430 2901.4
1324440 2901.4
1324450 2897.3
1324460 2893.1
1324470 2893.1
1324480 2888.9
1324490 2884.7
1324500 2884.7
1324510 2880.4
1324520 2876.7
1324530 2874.9
1324540 2871.8
1324550 2869.2
1324560 2869.2
1324570 2866.3
1324580 2862.8
1324590 2859.1
1324600 2859.1
1324610 2855.6
1324620 2852.2
1324630 2852.2
1324640 2848.0
1324650 2845.6
1324660 2845.6
1324670 2843.0
1324680 2840.8
1324690 2840.8
1324700 2836.8
1324710 2832.6
1324720 2832.6
1324730 2827.9
1324740 2823.3
1324750 2823.3
1324760 2819.2
1324770 2814.1
1324780 2808.7
1324790 2808.7
1324800 2803.6
1324810 2799.8
1324820 2799.8
1324830 2797.2
1324840 2794.4
1324850 2794.4
1324860 2790.8
1324870 2787.3
1324880 2787.3
1324890 2783.7
1324900 2780.5
1324910 2780.5
1324920 2778.2
1324930 2776.4
1324940 2776.4
1324950 2772.8
1324960 2769.2
1324970 2769.2
1324980 2766.7
1324990 2765.0
1325000 2762.3
1325010 2762.3
1325020 2759.4
1325030 2756.2
1325040 2756.2
1325050 2752.8
1325060 2749.3
1325070 2749.3
1325080 2745.7
1325090 2741.9
1325100 2741.9
1325110 2737.7
1325120 2733.3
1325130 2733.3
1325140 2728.3
1325150 2722.8
1325160 2722.8
