1320000 2869.8
1320010 2869.8
1320020 2874.7
1320030 2879.0
1320040 2879.0
1320050 2882.2
1320060 2885.9
1320070 2885.9
1320080 2890.3
1320090 2893.9
1320100 2893.9
1320110 2897.5
1320120 2901.1
1320130 2901.1
1320140 2904.6
1320150 2907.6
1320160 2907.6
1320170 2910.5
1320180 2913.8
1320190 2917.2
1320200 2917.2
1320210 2920.3
1320220 2923.2
1320230 2923.2
1320240 2926.5
1320250 2929.5
1320260 2929.5
1320270 2932.5
1320280 2935.8
1320290 2935.8
1320300 2939.4
1320310 2943.1
1320320 2943.1
1320330 2947.2
1320340 2951.7
1320350 2951.7
1320360 2957.1
1320370 2963.7
1320380 2963.7
1320390 2971.0
1320400 2976.4
1320410 2980.9
1320420 2980.9
1320430 2986.6
1320440 2993.9
1320450 2993.9
1320460 3003.6
1320470 3019.0
1320480 3019.0
1320490 3031.3
1320500 3039.5
1320510 3039.5
1320520 3050.7
1320530 3056.7
1320540 3056.7
1320550 3060.5
1320560 3073.0
1320570 3073.0
1320580 3089.5
1320590 3095.8
1320600 3103.5
1320610 3103.5
1320620 3116.1
1320630 3133.0
1320640 3133.0
1320650 3143.5
1320660 3149.1
1320670 3149.1
1320680 3152.7
1320690 3156.4
1320700 3156.4
1320710 3162.1
1320720 3168.0
1320730 3168.0
1320740 3174.9
1320750 3178.4
1320760 3178.4
1320770 3190.0
1320780 3201.5
1320790 3201.5
1320800 3210.7
1320810 3216.8
1320820 3218.9
1320830 3218.9
1320840 3218.2
1320850 3216.4
1320860 3216.4
1320870 3214.7
1320880 3213.5
1320890 3213.5
1320900 3212.8
1320910 3212.2
1320920 3212.2
1320930 3212.4
1320940 3212.1
1320950 3212.1
1320960 3201.5
1320970 3140.2
1320980 3140.2
1320990 3098.8
1321000 3070.5
1321010 3070.5
1321020 3052.8
1321030 3038.2
1321040 3031.3
1321050 3031.3
1321060 3028.4
1321070 3026.7
1321080 3026.7
1321090 3025.0
1321100 3023.4
1321110 3023.4
1321120 3022.3
1321130 3022.4
1321140 3022.4
1321150 3022.2
1321160 3022.9
1321170 3022.9
1321180 3022.3
1321190 3023.9
1321200 3023.9
1321210 3024.3
1321220 3017.6
1321230 3017.6
1321240 3001.6
1321250 2985.6
1321260 2975.2
1321270 2975.2
1321280 2968.2
1321290 2969.0
1321300 2969.0
1321310 2966.5
1321320 2971.1
1321330 2971.1
1321340 2975.9
1321350 2981.5
1321360 2981.5
1321370 2986.3
1321380 2989.7
1321390 2989.7
1321400 2988.8
1321410 2986.5
1321420 2986.5
1321430 2975.0
1321440 2962.6
1321450 2951.7
1321460 2951.7
1321470 2937.4
1321480 2919.1
1321490 2919.1
1321500 2904.6
1321510 2892.2
1321520 2896.9
1321530 2888.9
1321540 2878.9
1321550 2878.9
1321560 2868.3
1321570 2861.1
1321580 2861.1
1321590 2851.2
1321600 2836.9
1321610 2836.9
1321620 2821.6
1321630 2807.0
1321640 2807.0
1321650 2786.3
1321660 2769.1
1321670 2753.1
1321680 2753.1
1321690 2739.5
1321700 2727.3
1321710 2727.3
1321720 2715.9
1321730 2709.4
1321740 2709.4
1321750 2704.1
1321760 2699.3
1321770 2699.3
1321780 2694.6
1321790 2690.7
1321800 2690.7
1321810 2687.7
1321820 2685.2
1321830 2685.2
1321840 2683.1
1321850 2681.9
1321860 2681.9
1321870 2681.0
1321880 2679.9
1321890 2678.5
1321900 2678.5
1321910 2677.4
1321920 2676.6
1321930 2676.6
1321940 2676.2
1321950 2676.1
1321960 2676.1
1321970 2675.6
1321980 2674.5
1321990 2674.5
1322000 2674.8
1322010 2675.2
1322020 2675.2
1322030 2674.3
1322040 2673.5
1322050 2673.5
1322060 2672.4
1322070 2670.4
1322080 2669.8
1322090 2669.8
1322100 2669.8
1322110 2669.4
1322120 2669.4
1322130 2669.2
1322140 2668.9
1322150 2668.9
1322160 2667.9
1322170 2667.5
1322180 2667.5
1322190 2667.1
1322200 2666.2
1322210 2666.2
1322220 2665.2
1322230 2662.6
1322240 2662.6
1322250 2662.1
1322260 2661.1
1322270 2661.1
1322280 2660.5
1322290 2658.6
1322300 2659.3
1322310 2659.3
1322320 2654.9
1322330 2649.7
1322340 2649.7
1322350 2645.7
1322360 2640.9
1322370 2640.9
1322380 2635.3
1322390 2630.1
1322400 2630.1
1322410 2625.8
1322420 2622.2
1322430 2622.2
1322440 2619.0
1322450 2615.6
1322460 2615.6
1322470 2611.7
1322480 2608.1
1322490 2608.1
1322500 2603.9
1322510 2599.0
1322520 2593.5
1322530 2593.5
1322540 2588.2
1322550 2582.3
1322560 2582.3
1322570 2572.9
1322580 2562.6
1322590 2562.6
1322600 2555.9
1322610 2551.1
1322620 2551.1
1322630 2546.9
1322640 2543.6
1322650 2543.6
1322660 2541.3
1322670 2538.5
1322680 2538.5
1322690 2535.9
1322700 2533.0
1322710 2530.8
1322720 2530.8
1322730 2528.8
1322740 2527.2
1322750 2527.2
1322760 2525.3
1322770 2522.9
1322780 2522.9
1322790 2520.0
1322800 2518.5
1322810 2518.5
1322820 2517.2
1322830 2515.4
1322840 2515.4
1322850 2513.5
1322860 2513.0
1322870 2513.0
1322880 2512.7
1322890 2512.0
1322900 2512.0
1322910 2511.3
1322920 2509.0
1322930 2505.7
1322940 2505.7
1322950 2503.0
1322960 2499.1
1322970 2499.1
1322980 2492.9
1322990 2483.9
1323000 2483.9
1323010 2476.5
1323020 2469.2
1323030 2469.2
1323040 2463.8
1323050 2463.8
1323060 2463.8
1323070 2461.6
1323080 2466.1
1323090 2466.1
1323100 2463.9
1323110 2461.0
1323120 2461.0
1323130 2458.5
1323140 2456.8
1323150 2455.6
1323160 2455.6
1323170 2452.7
1323180 2447.2
1323190 2447.2
1323200 2447.6
1323210 2446.5
1323220 2446.5
1323230 2445.4
1323240 2444.0
1323250 2444.0
1323260 2441.0
1323270 2435.3
1323280 2435.3
1323290 2426.1
1323300 2414.7
1323310 2414.7
1323320 2406.2
1323330 2397.4
1323340 2392.0
1323350 2392.0
1323360 2388.2
1323370 2385.5
1323380 2385.5
1323390 2383.0
1323400 2379.1
1323410 2379.1
1323420 2374.9
1323430 2373.7
1323440 2373.7
1323450 2372.7
1323460 2372.0
1323470 2372.0
1323480 2372.5
1323490 2372.0
1323500 2372.0
1323510 2372.4
1323520 2373.8
1323530 2373.8
1323540 2375.8
1323550 2378.5
1323560 2381.3
1323570 2381.3
1323580 2384.3
1323590 2386.9
1323600 2386.9
1323610 2389.2
1323620 2392.6
1323630 2392.6
1323640 2394.6
1323650 2396.4
1323660 2396.4
1323670 2399.1
1323680 2401.0
1323690 2401.0
1323700 2402.8
1323710 2404.1
1323720 2404.1
1323730 2407.0
1323740 2408.3
1323750 2408.3
1323760 2408.9
1323770 2409.1
1323780 2410.2
1323790 2410.2
1323800 2414.4
1323810 2418.8
1323820 2418.8
1323830 2421.5
1323840 2422.1
1323850 2422.1
1323860 2422.6
1323870 2429.6
1323880 2429.6
1323890 2432.3
1323900 2435.4
1323910 2435.4
1323920 2439.2
1323930 2441.9
1323940 2441.9
1323950 2444.9
1323960 2447.7
1323970 2450.0
1323980 2450.0
1323990 2452.0
1324000 2454.4
1324010 2454.4
1324020 2456.5
1324030 2458.5
1324040 2458.5
1324050 2460.9
1324060 2464.6
1324070 2464.6
1324080 2470.1
1324090 2477.6
1324100 2477.6
1324110 2488.4
1324120 2499.3
1324130 2499.3
1324140 2507.3
1324150 2514.0
1324160 2514.0
1324170 2519.5
1324180 2523.2
1324190 2526.1
1324200 2526.1
1324210 2528.5
1324220 2530.4
1324230 2530.4
1324240 2532.4
1324250 2534.4
1324260 2534.4
1324270 2536.5
1324280 2540.1
1324290 2540.1
1324300 2544.1
1324310 2548.2
1324320 2548.2
1324330 2552.7
1324340 2556.8
1324350 2556.8
1324360 2561.0
1324370 2565.3
1324380 2565.3
1324390 2568.9
1324400 2572.2
1324410 2576.1
1324420 2576.1
1324430 2580.4
1324440 2583.7
1324450 2583.7
1324460 2586.3
1324470 2590.2
1324480 2590.2
1324490 2594.4
1324500 2598.0
1324510 2598.0
1324520 2601.9
1324530 2606.1
1324540 2606.1
1324550 2611.6
1324560 2618.2
1324570 2618.2
1324580 2624.3
1324590 2630.5
1324600 2636.7
1324610 2636.7
1324620 2642.6
1324630 2648.1
1324640 2648.1
1324650 2654.5
1324660 2664.2
1324670 2664.2
1324680 2670.7
1324690 2675.3
1324700 2675.3
1324710 2679.0
1324720 2682.3
1324730 2682.3
1324740 2685.5
1324750 2689.0
1324760 2689.0
1324770 2692.5
1324780 2695.7
1324790 2695.7
1324800 2698.7
1324810 2701.7
1324820 2704.8
1324830 2704.8
1324840 2708.0
1324850 2711.3
1324860 2711.3
1324870 2714.8
1324880 2718.3
1324890 2718.3
1324900 2721.7
1324910 2725.4
1324920 2725.4
1324930 2729.2
1324940 2732.9
1324950 2732.9
1324960 2736.6
1324970 2740.3
1324980 2740.3
1324990 2744.3
1325000 2748.3
1325010 2748.3
1325020 2752.6
1325030 2756.7
1325040 2761.4
1325050 2761.4
1325060 2766.1
1325070 2771.1
1325080 2771.1
1325090 2775.9
1325100 2780.6
1325110 2780.6
1325120 2785.3
1325130 2790.1
1325140 2790.1
1325150 2794.7
1325160 2799.2
1325170 2799.2
1325180 2803.6
1325190 2808.0
1325200 2808.0
1325210 2812.3
1325220 2816.4
1325230 2820.0
1325240 2820.0
1325250 2823.6
1325260 2827.2
1325270 2827.2
1325280 2830.8
1325290 2834.9
1325300 2834.9
1325310 2839.0
1325320 2842.9
1325330 2842.9
1325340 2846.6
1325350 2850.9
1325360 2850.9
1325370 2855.4
1325380 2860.1
1325390 2860.1
1325400 2864.9
1325410 2869.5
1325420 2869.5
1325430 2874.0
1325440 2878.4
1325450 2882.8
1325460 2886.6
1325470 2891.0
1325480 2895.5
1325490 2895.5
1325500 2900.1
1325510 2905.1
1325520 2905.1
1325530 2910.5
1325540 2916.2
1325550 2916.2
1325560 2922.0
1325570 2927.1
1325580 2927.1
1325590 2932.5
1325600 2937.7
1325610 2937.7
1325620 2943.3
1325630 2949.1
1325640 2949.1
1325650 2954.4
1325660 2959.8
1325670 2964.8
1325680 2964.8
1325690 2969.3
1325700 2973.8
1325710 2973.8
1325720 2978.9
1325730 2984.2
1325740 2984.2
1325750 2989.3
1325760 2994.4
1325770 2994.4
1325780 2999.4
1325790 3004.7
1325800 3004.7
1325810 3010.4
1325820 3016.3
1325830 3016.3
1325840 3022.4
1325850 3028.4
1325860 3034.4
1325870 3034.4
1325880 3040.2
1325890 3046.1
1325900 3046.1
1325910 3051.9
1325920 3057.8
1325930 3057.8
1325940 3063.7
1325950 3069.6
1325960 3069.6
1325970 3075.6
1325980 3081.6
1325990 3081.6
1326000 3087.8
1326010 3093.9
1326020 3093.9
1326030 3100.3
1326040 3106.8
1326050 3106.8
1326060 3113.6
1326070 3120.4
1326080 3127.4
1326090 3127.4
1326100 3134.6
1326110 3141.8
1326120 3141.8
1326130 3149.1
1326140 3156.6
1326150 3156.6
1326160 3164.4
1326170 3172.6
1326180 3172.6
1326190 3181.4
1326200 3192.0
1326210 3192.0
1326220 3202.6
1326230 3212.6
1326240 3212.6
1326250 3221.6
1326260 3224.2
1326270 3224.2
1326280 3230.9
1326290 3237.5
1326300 3245.0
1326310 3245.0
1326320 3252.5
1326330 3260.7
1326340 3260.7
1326350 3269.0
1326360 3277.7
1326370 3277.7
1326380 3287.4
1326390 3284.2
1326400 3284.2
1326410 3270.9
1326420 3258.4
1326430 3258.4
1326440 3243.4
1326450 3226.4
1326460 3226.4
1326470 3207.7
1326480 3190.5
1326490 3174.0
1326500 3174.0
1326510 3160.1
1326520 3145.4
1326530 3145.4
1326540 3127.6
1326550 3116.1
1326560 3116.1
1326570 3107.9
1326580 3100.4
1326590 3100.4
1326600 3093.3
1326610 3086.7
1326620 3086.7
1326630 3080.4
1326640 3074.5
1326650 3074.5
1326660 3068.9
1326670 3063.7
1326680 3063.7
1326690 3059.0
1326700 3054.3
1326710 3049.9
1326720 3049.9
1326730 3045.4
1326740 3041.4
1326750 3041.4
1326760 3037.4
1326770 3033.5
1326780 3033.5
1326790 3030.2
1326800 3027.3
1326810 3027.3
1326820 3024.0
1326830 3019.2
1326840 3019.2
1326850 3013.9
1326860 3008.6
1326870 3008.6
1326880 3006.0
1326890 3000.6
1326900 3000.6
1326910 2994.9
1326920 2991.3
1326930 2987.7
1326940 2987.7
1326950 2985.1
1326960 2983.8
1326970 2983.8
1326980 2982.6
1326990 2980.0
1327000 2980.0
1327010 2978.1
1327020 2976.8
1327030 2976.8
1327040 2974.4
1327050 2969.6
1327060 2973.8
1327070 2968.0
1327080 2955.6
1327090 2955.6
1327100 2939.8
1327110 2931.5
1327120 2924.0
1327130 2924.0
1327140 2916.9
1327150 2909.9
1327160 2909.9
1327170 2903.3
1327180 2896.8
1327190 2896.8
1327200 2889.9
1327210 2883.2
1327220 2883.2
1327230 2876.2
1327240 2868.9
1327250 2868.9
1327260 2862.0
1327270 2855.5
1327280 2855.5
1327290 2849.8
1327300 2844.6
1327310 2844.6
1327320 2840.0
1327330 2836.2
1329540 2718.9
1329550 2718.9
1329560 2718.2
1329570 2719.3
1329580 2719.3
1329590 2719.2
1329600 2717.1
1329610 2717.1
1329620 2715.5
1329630 2716.3
1329640 2716.3
1329650 2726.7
1329660 2749.2
1329670 2763.6
1329680 2763.6
1329690 2774.4
1329700 2784.1
1329710 2784.1
1329720 2789.2
1329730 2801.0
1329740 2801.0
1329750 2810.3
1329760 2818.7
1329770 2818.7
1329780 2831.0
1329790 2835.5
1329800 2835.5
1329810 2836.8
1329820 2849.8
1329830 2849.8
1329840 2866.2
1329850 2878.0
1329860 2888.3
1329870 2888.3
1329880 2900.2
1329890 2910.9
1329900 2910.9
1329910 2920.7
1329920 2931.3
1329930 2931.3
1329940 2940.7
1329950 2952.2
1329960 2952.2
1329970 2970.3
1329980 2977.5
1329990 2977.5
1330000 2958.8
1330010 2929.0
1330020 2929.0
1330030 2892.7
1330040 2875.3
1330050 2875.3
1330060 2864.8
1330070 2856.0
1330080 2847.7
1330090 2847.7
1330100 2839.9
1330110 2832.5
1330120 2832.5
1330130 2825.5
1330140 2818.9
1330150 2818.9
1330160 2812.9
1330170 2806.4
1330180 2806.4
1330190 2798.7
1330200 2791.0
1330210 2791.0
1330220 2783.7
1330230 2775.9
1330240 2775.9
1330250 2769.3
1330260 2763.9
1330270 2763.9
1330280 2758.7
1330290 2753.6
1330300 2749.1
1330310 2748.3
1330320 2742.7
1330330 2735.2
1330340 2735.2
1330350 2724.4
1330360 2715.2
1330370 2715.2
1330380 2708.3
1330390 2703.5
1330400 2703.5
1330410 2696.9
1330420 2687.3
1330430 2687.3
1330440 2679.3
1330450 2669.7
1330460 2669.7
