1320000 2814.7
1320010 2821.5
1320020 2827.3
1320030 2827.3
1320040 2832.8
1320050 2838.0
1320060 2838.0
1320070 2843.5
1320080 2849.0
1320090 2849.0
1320100 2854.9
1320110 2860.4
1320120 2864.8
1320130 2864.8
1320140 2869.1
1320150 2872.7
1320160 2872.7
1320170 2876.3
1320180 2879.6
1320190 2879.6
1320200 2882.1
1320210 2884.5
1320220 2884.5
1320230 2886.8
1320240 2889.4
1320250 2888.3
1320260 2891.6
1320270 2895.3
1320280 2895.3
1320290 2899.7
1320300 2904.7
1320310 2904.7
1320320 2909.8
1320330 2914.9
1320340 2919.9
1320350 2919.9
1320360 2924.7
1320370 2929.4
1320380 2929.4
1320390 2933.9
1320400 2938.5
1320410 2938.5
1320420 2942.9
1320430 2947.1
1320440 2947.1
1320450 2951.3
1320460 2955.4
1320470 2955.4
1320480 2959.3
1320490 2963.1
1320500 2963.1
1320510 2966.8
1320520 2970.2
1320530 2970.2
1320540 2973.7
1320550 2977.3
1320560 2981.1
1320570 2981.1
1320580 2985.6
1320590 2990.3
1320600 2990.3
1320610 2995.4
1320620 2998.9
1320630 2998.9
1320640 3001.3
1320650 3004.5
1320660 3004.5
1320670 3008.2
1320680 3012.2
1320690 3012.2
1320700 3016.0
1320710 3020.0
1320720 3020.0
1320730 3025.1
1320740 3030.7
1320750 3035.0
1320760 3035.0
1320770 3039.4
1320780 3042.3
1320790 3042.3
1320800 3045.0
1320810 3048.5
1320820 3048.5
1320830 3052.2
1320840 3056.1
1320850 3056.1
1320860 3060.3
1320870 3064.4
1320880 3064.4
1320890 3068.5
1320900 3072.6
1320910 3072.6
1320920 3076.6
1320930 3080.5
1320940 3080.5
1320950 3084.4
1320960 3088.1
1320970 3091.7
1320980 3091.7
1320990 3095.1
1321000 3098.5
1321010 3098.5
1321020 3101.6
1321030 3102.5
1321040 3102.5
1321050 3105.4
1321060 3108.2
1321070 3108.2
1321080 3110.8
1321090 3113.2
1321100 3113.2
1321110 3115.5
1321120 3117.6
1321130 3117.6
1321140 3119.5
1321150 3121.3
1321160 3122.9
1321170 3122.9
1321180 3124.4
1321190 3125.8
1321200 3125.8
1321210 3127.1
1321220 3128.2
1321230 3128.2
1321240 3129.3
1321250 3130.3
1321260 3130.3
1321270 3131.2
1321280 3132.1
1321290 3132.1
1321300 3132.8
1321310 3133.6
1321320 3133.6
1321330 3134.3
1321340 3134.8
1321350 3134.8
1321360 3135.2
1321370 3135.4
1321380 3135.5
1321390 3135.5
1321400 3135.3
1321410 3135.0
1321420 3135.0
1321430 3134.5
1321440 3133.8
1321450 3133.8
1321460 3132.7
1321470 3131.4
1321480 3131.4
1321490 3129.8
1321500 3127.8
1321510 3127.8
1321520 3125.5
1321530 3122.5
1321540 3122.5
1321550 3118.9
1321560 3114.4
1321570 3114.4
1321580 3108.4
1321590 3101.0
1321600 3093.7
1321610 3093.7
1321620 3085.3
1321630 3077.5
1321640 3077.5
1321650 3070.0
1321660 3062.3
1321670 3062.3
1321680 3054.4
1321690 3046.7
1321700 3046.7
1321710 3038.8
1321720 3030.4
1321730 3030.4
1321740 3021.9
1321750 3016.9
1321760 3016.9
1321770 3012.4
1321780 3008.6
1321790 3004.6
1321800 3008.0
1321810 3003.0
1321820 2999.0
1321830 2999.0
1321840 2994.6
1321850 2990.0
1321860 2990.0
1321870 2986.4
1321880 2982.9
1321890 2982.9
1321900 2978.8
1321910 2974.4
1321920 2974.4
1321930 2969.7
1321940 2965.5
1321950 2965.5
1321960 2961.7
1321970 2957.9
1321980 2957.9
1321990 2954.3
1322000 2951.0
1322010 2948.0
1322020 2948.0
1322030 2945.0
1322040 2941.9
1322050 2941.9
1322060 2938.9
1322070 2936.0
1322080 2936.0
1322090 2933.6
1322100 2931.7
1322110 2931.7
1322120 2930.0
1322130 2928.6
1322140 2928.6
1322150 2927.3
1322160 2926.2
1322170 2926.2
1322180 2925.2
1322190 2924.5
1322200 2924.5
1322210 2923.9
1322220 2923.6
1322230 2923.3
1322240 2923.3
1322250 2923.0
1322260 2922.7
1322270 2922.7
1322280 2922.3
1322290 2921.6
1322300 2921.6
1322310 2920.7
1322320 2919.7
1322330 2919.7
1322340 2918.5
1322350 2917.4
1322360 2917.4
1322370 2916.4
1322380 2915.4
1322390 2915.4
1322400 2914.3
1322410 2912.6
1322420 2910.9
1322430 2910.9
1322440 2909.9
1322450 2908.3
1322460 2908.3
1322470 2906.8
1322480 2905.1
1322490 2905.1
1322500 2903.2
1322510 2901.2
1322520 2901.2
1322530 2898.5
1322540 2895.7
1322550 2895.7
1322560 2892.7
1322570 2889.4
1322580 2893.6
1322590 2890.0
1322600 2885.6
1322610 2885.6
1322620 2880.7
1322630 2876.1
1322640 2871.4
1322650 2871.4
1322660 2866.2
1322670 2860.3
1322680 2860.3
1322690 2855.3
1322700 2850.9
1322710 2850.9
1322720 2847.3
1322730 2844.2
1322740 2844.2
1322750 2841.4
1322760 2839.0
1322770 2839.0
1322780 2836.8
1322790 2834.7
1322800 2834.7
1322810 2833.0
1322820 2831.6
1322830 2831.6
1322840 2830.7
1322850 2828.9
1322860 2824.3
1322870 2824.3
1322880 2821.8
1322890 2817.0
1322900 2817.0
1322910 2812.6
1322920 2810.0
1322930 2810.0
1322940 2810.5
1322950 2815.2
1322960 2815.2
1322970 2819.7
1322980 2822.6
1322990 2822.6
1323000 2825.4
1323010 2827.4
1323020 2827.4
1323030 2829.3
1323040 2831.3
1323050 2829.5
1323060 2829.5
1323070 2816.2
1323080 2803.3
1323090 2803.3
1323100 2787.9
1323110 2766.1
1323120 2766.1
1323130 2754.7
1323140 2754.0
1323150 2754.0
1323160 2753.2
1323170 2750.4
1323180 2750.4
1323190 2748.0
1323200 2746.0
1323210 2746.0
1323220 2744.3
1323230 2742.8
1323240 2742.8
1323250 2741.6
1323260 2740.5
1323270 2739.3
1323280 2739.3
1323290 2738.3
1323300 2737.1
1323310 2737.1
1323320 2735.5
1323330 2734.2
1323340 2734.2
1323350 2733.0
1323360 2732.1
1323370 2737.1
1323380 2736.3
1323390 2735.9
1323400 2735.9
1323410 2735.7
1323420 2735.5
1323430 2735.5
1323440 2734.8
1323450 2734.2
1323460 2734.2
1323470 2733.6
1323480 2733.0
1323490 2732.2
1323500 2732.2
1323510 2731.2
1323520 2730.2
1323530 2730.2
1323540 2729.1
1323550 2728.2
1323560 2728.2
1323570 2727.5
1323580 2726.5
1323590 2726.5
1323600 2725.5
1323610 2724.5
1323620 2724.5
1323630 2723.2
1323640 2721.9
1323650 2721.9
1323660 2720.5
1323670 2719.4
1323680 2718.7
1323690 2718.7
1323700 2718.6
1323710 2718.3
1323720 2718.3
1323730 2718.7
1323740 2719.0
1323750 2719.0
1323760 2720.0
1323770 2722.7
1323780 2722.7
1323790 2724.5
1323800 2725.5
1323810 2725.5
1323820 2725.8
1323830 2725.7
1323840 2725.7
1323850 2725.4
1323860 2725.5
1323870 2725.5
1323880 2726.3
1323890 2727.4
1323900 2728.9
1323910 2728.9
1323920 2730.7
1323930 2732.7
1323940 2732.7
1323950 2734.6
1323960 2736.3
1323970 2736.3
1323980 2737.3
1323990 2739.6
1324000 2739.6
1324010 2742.3
1324020 2743.7
1324030 2743.7
1324040 2745.1
1324050 2746.6
1324060 2746.6
1324070 2747.0
1324080 2747.9
1324090 2747.9
1324100 2749.7
1324110 2752.5
1324120 2755.8
1324130 2755.8
1324140 2759.1
1324150 2762.7
1324160 2769.1
1324170 2772.3
1324180 2774.7
1324190 2774.7
1324200 2776.4
1324210 2778.3
1324220 2778.3
1324230 2780.7
1324240 2783.4
1324250 2783.4
1324260 2786.7
1324270 2788.9
1324280 2788.9
1324290 2791.5
1324300 2795.0
1324310 2799.0
1324320 2799.0
1324330 2803.1
1324340 2806.5
1324350 2806.5
1324360 2811.1
1324370 2816.6
1324380 2816.6
1324390 2822.2
1324400 2827.2
1324410 2827.2
1324420 2829.2
1324430 2831.9
1324440 2831.9
1324450 2838.4
1324460 2842.2
1324470 2842.2
1324480 2846.0
1324490 2849.3
1324500 2849.3
1324510 2851.6
1324520 2853.7
1324530 2855.7
1324540 2855.7
1324550 2857.4
1324560 2861.0
1324570 2861.0
1324580 2870.8
1324590 2882.8
1324600 2882.8
1324610 2890.9
1324620 2898.5
1324630 2898.5
1324640 2905.1
1324650 2913.5
1324660 2913.5
1324670 2923.5
1324680 2937.6
1324690 2937.6
1324700 2948.2
1324710 2947.4
1324720 2948.7
1324730 2948.7
1324740 2952.1
1324750 2956.3
1324760 2956.3
1324770 2961.5
1324780 2968.1
1324790 2968.1
1324800 2975.6
1324810 2979.4
1324820 2979.4
1324830 2981.9
1324840 2985.9
1324850 2985.9
1324860 2991.6
1324870 2997.8
1324880 2997.8
1324890 3006.2
1324900 3013.4
1324910 3013.4
1324920 3022.0
1324930 3031.7
1324940 3034.9
1324950 3057.1
1324960 3064.3
1324970 3075.3
1324980 3075.3
1324990 3075.0
1325000 3061.3
1325010 3061.3
1325020 3046.0
1325030 3031.4
1325040 3031.4
1325050 3020.7
1325060 3009.5
1325070 3009.5
1325080 2997.9
1325090 2988.4
1325100 2988.4
1325110 2980.1
1325120 2967.5
1325130 2967.5
1325140 2950.7
1325150 2934.9
1325160 2906.7
1325170 2906.7
1325180 2879.9
1325190 2871.5
1325200 2871.5
1325210 2865.6
1325220 2860.0
1325230 2860.0
1325240 2854.3
1325250 2848.8
1325260 2848.8
1325270 2843.7
1325280 2839.3
1325290 2839.3
1325300 2835.2
1325310 2831.8
1325320 2831.8
1325330 2829.4
1325340 2827.2
1325350 2824.7
1325360 2824.7
1325370 2822.4
1325380 2820.3
1325390 2820.3
1325400 2818.4
1325410 2816.6
1325420 2816.6
1325430 2814.9
1325440 2813.2
1325450 2813.2
1325460 2812.2
1325470 2811.4
1325480 2811.4
1325490 2811.0
1325500 2810.8
1325510 2810.8
1325520 2810.8
1325530 2812.8
1325540 2812.8
1325550 2823.9
1325560 2840.3
1325570 2850.3
1325580 2850.3
1325590 2852.6
1325600 2856.5
1325610 2856.5
1325620 2864.5
1325630 2870.7
1325640 2870.7
1325650 2872.7
1325660 2873.8
1325670 2873.8
1325680 2877.1
1325690 2879.9
1325700 2879.9
1325710 2878.6
1325720 2875.1
1325730 2875.1
1325740 2865.9
1325750 2864.2
1325760 2864.2
1325770 2864.7
1325780 2868.1
1325790 2870.8
1325800 2870.8
1325810 2873.4
1325820 2875.2
1325830 2875.2
1325840 2876.9
1325850 2881.1
1325860 2881.1
1325870 2885.7
1325880 2888.7
1325890 2888.7
1325900 2890.2
1325910 2891.4
1325920 2891.4
1325930 2892.0
1325940 2893.4
1325950 2893.4
1325960 2895.2
1325970 2897.5
1325980 2899.4
1325990 2899.4
1326000 2900.8
1326010 2902.2
1326020 2902.2
1326030 2903.5
1326040 2905.2
1326050 2905.2
1326060 2906.6
1326070 2907.8
1326080 2907.8
1326090 2908.9
1326100 2909.7
1326110 2909.7
1326120 2910.6
1326130 2911.8
1326140 2911.8
1326150 2913.7
1326160 2916.2
1326170 2916.2
1326180 2918.5
1326190 2921.1
1326200 2922.8
1326210 2922.8
1326220 2924.8
1326230 2927.6
1326240 2927.6
1326250 2930.8
1326260 2935.1
1326270 2935.1
1326280 2939.9
1326290 2944.1
1326300 2944.1
