1320000 3060.2
1320010 3060.2
1320020 3069.3
1320030 3077.6
1320040 3077.6
1320050 3088.2
1320060 3098.2
1320070 3107.0
1320080 3107.0
1320090 3115.8
1320100 3124.7
1320110 3124.7
1320120 3134.8
1320130 3143.9
1320140 3143.9
1320150 3153.7
1320160 3161.7
1320170 3161.7
1320180 3164.6
1320190 3164.6
1320200 3164.6
1320210 3160.7
1320220 3151.1
1320230 3151.1
1320240 3139.8
1320250 3132.0
1320260 3132.0
1320270 3125.5
1320280 3121.5
1320290 3119.5
1320300 3119.5
1320310 3114.0
1320320 3096.2
1320330 3096.2
1320340 3080.1
1320350 3062.1
1320360 3062.1
1320370 3052.4
1320380 3041.4
1320390 3041.4
1320400 3030.0
1320410 3023.2
1320420 3023.2
1320430 3018.2
1320440 3011.2
1320450 3011.2
1320460 3000.6
1320470 2988.3
1320480 2988.3
1320490 2979.2
1320500 2970.5
1320510 2967.5
1320520 2967.5
1320530 2960.0
1320540 2948.1
1320550 2948.1
1320560 2935.3
1320570 2905.7
1320580 2905.7
1320590 2882.0
1320600 2869.0
1320610 2869.0
1320620 2853.8
1320630 2842.1
1320640 2842.1
1320650 2835.1
1320660 2827.2
1320670 2827.2
1320680 2828.8
1320690 2820.9
1320700 2820.9
1320710 2811.5
1320720 2800.6
1320730 2792.2
1320740 2792.2
1320750 2783.1
1320760 2765.5
1320770 2765.5
1320780 2747.1
1320790 2726.7
1320800 2726.7
1320810 2714.1
1320820 2706.0
1320830 2706.0
1320840 2696.6
1320850 2687.1
1320860 2687.1
1320870 2682.6
1320880 2681.8
1320890 2681.8
1320900 2681.4
1320910 2679.5
1320920 2680.1
1320930 2680.1
1320940 2673.2
1320950 2662.3
1320960 2662.3
1320970 2657.0
1320980 2654.2
1320990 2654.2
1321000 2654.0
1321010 2649.6
1321020 2649.6
1321030 2647.1
1321040 2643.9
1321050 2643.9
1321060 2637.1
1321070 2632.4
1321080 2632.4
1321090 2629.3
1321100 2629.6
1321110 2629.6
1321120 2632.2
1321130 2636.2
1321140 2641.3
1321150 2641.3
1321160 2644.4
1321170 2635.0
1321180 2635.0
1321190 2624.9
1321200 2621.2
1321210 2621.2
1321220 2618.4
1321230 2615.6
1321240 2615.6
1321250 2614.8
1321260 2615.5
1321270 2615.5
1321280 2618.3
1321290 2617.8
1321300 2617.8
1321310 2599.1
1321320 2580.7
1321330 2580.7
1321340 2573.2
1321350 2564.5
1321360 2545.8
1321370 2545.8
1321380 2528.8
1321390 2523.2
1321400 2523.2
1321410 2519.1
1321420 2513.9
1321430 2513.9
1321440 2509.0
1321450 2511.1
1321460 2511.1
1321470 2508.6
1321480 2505.6
1321490 2505.6
1321500 2502.0
1321510 2498.5
1321520 2498.5
1321530 2494.8
1321540 2491.0
1321550 2487.0
1321560 2487.0
1321570 2483.0
1321580 2478.6
1321590 2478.6
1321600 2473.8
1321610 2468.8
1321620 2468.8
1321630 2470.4
1321640 2460.4
1321650 2460.4
1321660 2441.1
1321670 2431.0
1321680 2431.0
1321690 2425.3
1321700 2420.5
1321710 2420.5
1321720 2415.8
1321730 2411.6
1321740 2411.6
1321750 2407.4
1321760 2403.4
1321770 2400.1
1321780 2400.1
1321790 2397.9
1321800 2396.8
1321810 2396.8
1321820 2396.2
1321830 2395.6
1321840 2395.6
1321850 2394.2
1321860 2391.6
1321870 2391.6
1321880 2390.0
1321890 2390.3
1321900 2390.3
1321910 2389.2
1321920 2386.6
1321930 2386.6
1321940 2382.6
1321950 2378.1
1321960 2378.1
1321970 2374.2
1321980 2370.3
1321990 2368.5
1322000 2368.5
1322010 2368.9
1322020 2370.4
1322030 2370.4
1322040 2371.1
1322050 2370.5
1322060 2370.5
1322070 2369.5
1322080 2368.3
1322090 2368.3
1322100 2367.5
1322110 2366.7
1322120 2366.7
1322130 2366.0
1322140 2366.0
1322150 2366.0
1322160 2366.8
1322170 2363.9
1322180 2361.3
1322190 2361.3
1322200 2360.0
1322210 2360.1
1322220 2360.1
1322230 2362.7
1322240 2361.7
1322250 2361.7
1322260 2360.0
1322270 2359.8
1322280 2359.8
1322290 2359.2
1322300 2357.0
1322310 2357.0
1322320 2355.1
1322330 2356.5
1322340 2356.5
1322350 2360.8
1322360 2366.8
1322370 2366.8
1322380 2373.0
1322390 2379.1
1322400 2379.5
1322410 2379.5
1322420 2375.3
1322430 2369.9
1322440 2369.9
1322450 2363.1
1322460 2356.7
1322470 2356.7
1322480 2350.4
1322490 2344.0
1322500 2344.0
1322510 2337.5
1322520 2331.7
1322530 2331.7
1322540 2326.9
1322550 2323.0
1322560 2323.0
1322570 2319.0
1322580 2316.3
1322590 2316.3
1322600 2311.9
1322610 2303.4
1322620 2300.6
1322630 2300.6
1322640 2301.7
1322650 2301.8
1322660 2301.8
1322670 2301.9
1322680 2297.9
1322690 2297.9
1322700 2294.7
1322710 2296.4
1322720 2296.4
1322730 2297.2
1322740 2294.8
1322750 2294.8
1322760 2294.8
1322770 2292.5
1322780 2292.5
1322790 2287.9
1322800 2282.2
1322810 2282.2
1322820 2280.5
1322830 2280.6
1322840 2279.5
1322850 2279.5
1322860 2278.5
1322870 2272.7
1322880 2272.7
1322890 2258.7
1322900 2250.5
1322910 2250.5
1322920 2244.1
1322930 2237.6
1322940 2237.6
1322950 2231.0
1322960 2223.7
1322970 2223.7
1322980 2216.2
1322990 2206.0
1323000 2206.0
1323010 2197.6
1323020 2185.7
1323030 2175.2
1323040 2175.2
1323050 2166.5
1323060 2158.1
1323070 2158.1
1323080 2152.8
1323090 2149.8
1323100 2149.8
1323110 2147.8
1323120 2146.1
1323130 2146.1
1323140 2142.7
1323150 2142.4
1323160 2142.4
1323170 2142.2
1323180 2142.3
1323190 2142.3
1323200 2142.6
1323210 2142.5
1323220 2142.5
1323230 2142.9
1323240 2143.4
1323250 2143.7
1323260 2143.7
1323270 2144.1
1323280 2144.9
1323290 2144.9
1323300 2146.8
1323310 2148.7
1323320 2148.7
1323330 2149.9
1323340 2151.0
1323350 2151.0
1323360 2152.5
1323370 2155.3
1323380 2155.3
1323390 2159.7
1323400 2164.1
1323410 2164.1
1323420 2167.9
1323430 2170.9
1323440 2170.9
1323450 2174.4
1323460 2179.7
1323470 2186.7
1323480 2186.7
1323490 2194.5
1323500 2202.0
1323510 2202.0
1323520 2207.4
1323530 2212.8
1323540 2212.8
1323550 2218.4
1323560 2226.3
1323570 2226.3
1323580 2235.6
1323590 2245.5
1323600 2245.5
1323610 2254.2
1323620 2263.2
1323630 2263.2
1323640 2272.8
1323650 2283.3
1323660 2293.2
1323670 2293.2
1323680 2301.9
1323690 2308.0
1323700 2308.0
1323710 2314.1
1323720 2320.2
1323730 2320.2
1323740 2326.0
1323750 2332.0
1323760 2332.0
1323770 2338.1
1323780 2345.0
1323790 2345.0
1323800 2351.7
1323810 2360.4
1323820 2360.4
1323830 2369.1
1323840 2376.7
1323850 2376.7
1323860 2382.7
1323870 2388.4
1323880 2393.9
1323890 2393.9
1323900 2398.9
1323910 2403.5
1323920 2403.5
1323930 2408.2
1323940 2413.0
1323950 2413.0
1323960 2418.7
1323970 2424.7
1323980 2424.7
1323990 2430.8
1324000 2436.8
1324010 2436.8
1324020 2442.5
1324030 2448.7
1324040 2448.7
1324050 2453.7
1324060 2457.6
1324070 2457.6
1324080 2460.9
1324090 2464.1
1324100 2467.2
1324110 2467.2
1324120 2470.2
1324130 2474.0
1324140 2474.0
1324150 2478.6
1324160 2483.3
1324170 2483.3
1324180 2487.0
1324190 2490.7
1324200 2490.7
1324210 2494.9
1324220 2499.4
1324230 2499.4
1324240 2503.1
1324250 2506.3
1324260 2506.3
1324270 2510.1
1324280 2514.3
1324290 2514.3
1324300 2518.1
1324310 2521.8
1324320 2525.4
1324330 2525.4
1324340 2527.9
1324350 2530.1
1324360 2530.1
1324370 2531.7
1324380 2532.4
1324390 2532.4
1324400 2532.2
1324410 2531.8
1324420 2531.8
1324430 2531.4
1324440 2531.5
1324450 2531.5
1324460 2532.7
1324470 2535.7
1324480 2535.7
1324490 2539.1
1324500 2542.1
1324510 2547.1
1324520 2547.1
1324530 2551.5
1324540 2554.4
1324550 2554.4
1324560 2557.8
1324570 2560.1
1324580 2560.1
1324590 2561.8
1324600 2564.5
1324610 2564.5
1324620 2571.2
1324630 2576.6
1324640 2576.6
1324650 2580.2
1324660 2581.9
1324670 2581.9
1324680 2583.8
1324690 2584.7
1324700 2584.7
1324710 2585.3
1324720 2589.9
1324730 2595.4
1324740 2595.4
1324750 2600.1
1324760 2603.5
1324770 2603.5
1324780 2607.4
1324790 2610.7
1324800 2610.7
1324810 2613.0
1324820 2615.6
1324830 2615.6
1324840 2618.4
1324850 2621.7
1324860 2621.7
1324870 2625.7
1324880 2629.6
1324890 2629.6
1324900 2634.1
1324910 2638.4
1324920 2638.4
1324930 2643.5
1324940 2648.5
1324950 2652.4
1324960 2652.4
1324970 2657.3
1324980 2665.7
1324990 2665.7
1325000 2678.8
1325010 2698.0
1325020 2698.0
1325030 2722.2
1325040 2735.0
1325050 2735.0
1325060 2743.2
1325070 2747.8
1325080 2747.8
1325090 2749.2
1325100 2752.4
1325110 2752.4
1325120 2760.1
1325130 2775.0
1325140 2794.3
1325150 2794.3
1325160 2811.8
1325170 2817.7
1325180 2817.7
1325190 2820.3
1325200 2823.1
1325210 2823.1
1325220 2828.1
1325230 2831.3
1325240 2831.3
1325250 2830.3
1325260 2825.5
1325270 2825.5
1325280 2821.0
1325290 2818.0
1325300 2818.0
1325310 2818.1
1325320 2820.9
1325330 2820.9
1325340 2824.2
1325350 2825.1
1325360 2825.8
1325370 2825.8
1325380 2828.4
1325390 2828.2
1325400 2828.2
1325410 2832.4
1325420 2835.1
1325430 2835.1
1325440 2838.1
1325450 2843.4
1325460 2843.4
1325470 2849.8
1325480 2855.9
1325490 2855.9
1325500 2860.4
1325510 2864.9
1325520 2864.9
1325530 2869.9
1325540 2875.5
1325550 2875.5
1325560 2881.3
1325570 2887.0
1325580 2892.9
1325590 2892.9
1325600 2899.0
1325610 2904.9
1325620 2904.9
1325630 2910.6
1325640 2916.7
1325650 2916.7
1325660 2922.8
1325670 2928.7
1325680 2928.7
1325690 2934.2
1325700 2939.5
1325710 2939.5
1325720 2945.0
1325730 2950.6
1325740 2950.6
1325750 2956.1
1325760 2962.5
1325770 2962.5
1325780 2976.0
1325790 2988.9
1325800 2998.8
1325810 2998.8
1325820 3006.1
1325830 3010.2
1325840 3010.2
1325850 3015.6
1325860 3023.2
1325870 3023.2
1325880 3032.9
1325890 3042.9
1325900 3042.9
1325910 3051.4
1325920 3058.7
1325930 3058.7
1325940 3071.4
1325950 3079.2
1325960 3079.2
1325970 3083.5
1325980 3087.7
1325990 3092.7
1326000 3092.7
1326010 3099.2
1326020 3109.0
1326030 3109.0
1326040 3121.2
1326050 3137.5
1326060 3137.5
1326070 3152.9
1326080 3165.9
1326090 3165.9
1326100 3177.6
1326110 3188.1
1326120 3188.1
1326130 3199.1
1326140 3212.8
1326150 3212.8
1326160 3224.9
1326170 3221.9
1326180 3221.9
1326190 3230.5
1326200 3229.8
1326210 3229.1
1326220 3229.1
1326230 3226.9
1326240 3215.7
1326250 3215.7
1326260 3203.5
1326270 3187.9
1326280 3187.9
1326290 3178.7
1326300 3170.4
1326310 3170.4
1326320 3158.2
1326330 3142.2
1326340 3142.2
1326350 3130.6
1326360 3126.6
1326370 3126.6
1326380 3125.4
1326390 3122.2
1326400 3122.2
1326410 3112.9
1326420 3103.9
1326430 3092.1
1326440 3092.1
1326450 3072.7
1326460 3054.4
1326470 3054.4
1326480 3034.1
1326490 3014.6
1326500 3014.6
1326510 3003.0
1326520 2993.3
1326530 2993.3
1326540 2975.3
1326550 2959.0
1326560 2959.0
1326570 2951.3
1326580 2941.0
1326590 2941.0
1326600 2924.8
1326610 2907.4
1326620 2893.6
1326630 2893.6
1326640 2886.0
1326650 2879.8
1326660 2879.8
1326670 2870.2
1326680 2862.1
1326690 2862.1
1326700 2856.5
1326710 2850.6
1326720 2850.6
1326730 2843.6
1326740 2838.5
1326750 2838.5
1326760 2837.7
1326770 2839.1
1326780 2839.1
1326790 2838.3
1326800 2835.2
1326810 2835.2
1326820 2830.2
1326830 2825.1
1326840 2821.9
1326850 2821.9
1326860 2819.4
1326870 2816.2
1326880 2816.2
1326890 2812.6
1326900 2810.3
1326910 2810.3
1326920 2813.4
1326930 2817.2
1326940 2817.2
1326950 2823.2
1326960 2828.4
1326970 2828.4
1326980 2828.2
1326990 2838.9
1327000 2838.9
1327010 2837.0
1327020 2835.0
1327030 2835.0
1327040 2835.4
1327050 2832.2
1327060 2825.5
1327070 2825.5
1327080 2822.5
1327090 2818.5
1327100 2818.5
1327110 2806.9
1327120 2792.3
1327130 2792.3
1327140 2782.4
1327150 2776.9
1327160 2776.9
1327170 2773.4
1327180 2770.6
1327190 2770.6
1327200 2768.6
1327210 2765.5
1327220 2765.5
1327230 2763.8
1327240 2762.8
1327250 2762.0
1327260 2762.0
1327270 2761.4
1327280 2760.1
1327290 2760.1
1327300 2758.5
1327310 2757.0
1327320 2757.0
1327330 2756.0
1327340 2755.9
1327350 2755.9
1327360 2755.7
1327370 2755.8
1327380 2755.8
1327390 2757.6
1327400 2759.9
1327410 2759.9
1327420 2762.5
1327430 2764.9
1327440 2764.9
1327450 2765.1
1327460 2764.3
1327470 2764.2
1327480 2764.2
1327490 2764.8
1327500 2765.4
1327510 2765.4
1327520 2766.2
1327530 2766.9
1327540 2766.9
1327550 2767.6
1327560 2768.8
1327570 2768.8
1327580 2770.3
1327590 2772.3
1327600 2772.3
1327610 2774.4
1327620 2776.8
1327630 2776.8
1327640 2779.1
1327650 2781.4
1327660 2781.4
1327670 2783.9
1327680 2786.6
1327690 2789.8
1327700 2789.8
1327710 2796.3
1327720 2804.5
1327730 2804.5
1327740 2809.6
1327750 2813.8
1327760 2813.8
1327770 2817.8
1327780 2820.7
1327790 2820.7
1327800 2839.9
1327810 2844.6
1327820 2844.6
1327830 2848.8
1327840 2849.1
1327850 2849.1
1327860 2842.9
1327870 2835.3
1327880 2835.3
1327890 2827.0
1327900 2819.8
1327910 2813.7
1327920 2813.7
1327930 2808.3
1327940 2803.0
1327950 2803.0
1327960 2797.6
1327970 2792.4
1327980 2792.4
1327990 2787.0
1328000 2781.5
1328010 2781.5
1328020 2776.1
1328030 2771.0
1328040 2771.0
1328050 2768.2
1328060 2762.5
1328070 2762.5
1328080 2753.9
1328090 2748.2
1328100 2743.2
1328110 2743.2
1328120 2738.7
1328130 2734.8
1328140 2734.8
1328150 2732.3
1328160 2727.7
1328170 2727.7
1328180 2722.6
1328190 2718.0
1328200 2718.0
1328210 2712.9
1328220 2704.9
1328230 2704.9
1328240 2695.6
1328250 2688.7
1328260 2688.7
1328270 2683.6
1328280 2677.6
1328290 2677.6
1328300 2672.5
1328310 2669.0
1328320 2665.7
1328330 2665.7
1328340 2663.3
1328350 2662.1
1328360 2662.1
1328370 2661.2
1328380 2660.3
1328390 2660.3
1328400 2660.0
1328410 2660.4
1328420 2660.4
1328430 2661.4
1328440 2662.5
1328450 2662.5
1328460 2663.6
1328470 2664.9
1328480 2664.9
1328490 2666.0
1328500 2667.3
1328510 2667.3
1328520 2668.4
1328530 2669.9
1328540 2671.7
1328550 2671.7
1328560 2674.3
1328570 2677.6
1328580 2677.6
1328590 2682.5
1328600 2687.8
1328610 2682.8
1328620 2688.0
1328630 2693.9
1328640 2693.9
1328650 2700.9
1328660 2709.2
1328670 2709.2
1328680 2716.9
1328690 2722.9
1328700 2722.9
1328710 2728.0
1328720 2732.5
1328730 2737.1
1328740 2737.1
1328750 2739.6
1328760 2741.0
1328770 2741.0
1328780 2742.8
1328790 2747.1
1328800 2747.1
1328810 2752.6
1328820 2758.4
1328830 2758.4
1328840 2764.5
1328850 2770.1
1328860 2770.1
1328870 2775.0
1328880 2779.4
1328890 2779.4
1328900 2784.1
1328910 2789.2
1328920 2789.2
1328930 2794.5
1328940 2799.3
1328950 2805.0
1328960 2805.0
1328970 2810.3
1328980 2815.2
1328990 2815.2
1329000 2819.9
1329010 2824.7
1329020 2824.7
1329030 2829.1
1329040 2833.2
1329050 2833.2
1329060 2837.4
1329070 2841.3
1329080 2841.3
1329090 2845.1
1329100 2849.1
1329110 2849.1
1329120 2853.3
1329130 2857.8
1329140 2857.8
1329150 2862.5
1329160 2867.4
1329170 2871.6
1329180 2871.6
1329190 2875.6
1329200 2880.0
1329210 2880.0
1329220 2883.8
1329230 2887.4
1329240 2887.4
1329250 2891.0
1329260 2894.0
1329270 2894.0
1329280 2897.4
1329290 2901.6
1329300 2901.6
1329310 2906.8
1329320 2915.2
1329330 2915.2
1329340 2927.9
1329350 2939.1
1329360 2939.1
1329370 2949.0
1329380 2958.2
1329390 2969.3
1329400 2969.3
1329410 2978.9
1329420 2988.6
1329430 2988.6
1329440 3006.3
1329450 3016.5
1329460 3016.5
1329470 3025.9
1329480 3036.9
1329490 3036.9
1329500 3040.1
1329510 3039.9
1329520 3039.9
1329530 3038.8
1329540 3034.5
1329550 3034.5
1329560 3024.9
1329570 3014.1
1329580 3003.6
1329590 3003.6
1329600 2995.2
1329610 2987.0
1329620 2987.0
1329630 2978.9
1329640 2973.1
1329650 2973.1
1329660 2969.2
1329670 2964.3
1329680 2964.3
1329690 2956.4
1329700 2949.0
1329710 2949.0
1329720 2941.0
1329730 2932.0
1329740 2932.0
1329750 2921.1
1329760 2910.9
1329770 2910.9
1329780 2900.7
1329790 2889.1
1329800 2875.3
1329810 2875.3
1329820 2861.0
1329830 2845.0
1329840 2845.0
1329850 2831.8
1329860 2822.9
1329870 2822.9
1329880 2820.1
1329890 2819.8
1329900 2819.8
1329910 2819.0
1329920 2818.2
1329930 2818.2
1329940 2818.6
1329950 2819.6
1329960 2819.6
1329970 2821.1
1329980 2823.1
1329990 2823.1
1330000 2825.7
1330010 2828.7
1330020 2832.0
1330030 2832.0
1330040 2835.6
1330050 2839.6
1330060 2839.6
1330070 2843.9
1330080 2848.5
1330090 2848.5
1330100 2853.3
1330110 2858.4
1330120 2858.4
1330130 2863.8
1330140 2869.6
1330150 2869.6
1330160 2876.0
1330170 2882.7
1330180 2882.7
1330190 2890.6
1330200 2913.1
1330210 2921.9
1330220 2921.9
1330230 2916.2
1330240 2902.5
1330250 2902.5
1330260 2894.9
1330270 2884.6
1330280 2884.6
1330290 2866.1
1330300 2846.9
1330310 2846.9
1330320 2834.9
1330330 2828.1
1330340 2828.1
1330350 2819.9
1330360 2813.9
1330370 2813.9
1330380 2807.8
1330390 2799.0
1330400 2799.0
1330410 2791.5
1330420 2784.0
1330430 2776.5
1330440 2776.5
1330450 2768.8
1330460 2761.1
1330470 2761.1
1330480 2753.4
1330490 2745.6
1330500 2745.6
1330510 2737.9
1330520 2730.2
1330530 2730.2
1330540 2722.5
1330550 2716.8
1330560 2716.8
1330570 2712.2
1330580 2705.7
1330590 2705.7
1330600 2699.8
1330610 2694.4
1330620 2694.4
1330630 2689.9
1330640 2685.2
1330650 2679.0
1330660 2679.0
1330670 2671.9
1330680 2664.0
1330690 2664.0
1330700 2656.6
1330710 2649.3
1330720 2649.3
1330730 2643.3
1330740 2636.6
1330750 2636.6
1330760 2629.2
1330770 2622.2
1330780 2622.2
1330790 2615.8
1330800 2609.8
1330810 2609.8
1330820 2603.6
1330830 2595.8
1330840 2587.8
1330850 2587.8
1330860 2579.0
1330870 2571.7
1330880 2571.7
1330890 2564.9
1330900 2558.4
1330910 2558.4
1330920 2552.1
1330930 2548.3
1330940 2548.3
1330950 2546.9
1330960 2545.3
1330970 2545.3
1330980 2543.7
1330990 2542.0
1331000 2542.0
1331010 2540.4
1331020 2538.7
1331030 2538.7
1331040 2536.8
