1320000 2684.9
1320010 2684.9
1320020 2691.7
1320030 2697.5
1320040 2697.5
1320050 2701.4
1320060 2687.2
1320070 2687.2
1320080 2653.0
1320090 2631.2
1320100 2631.2
1320110 2621.5
1320120 2618.1
1320130 2615.2
1320140 2615.2
1320150 2615.1
1320160 2616.2
1320170 2616.2
1320180 2614.2
1320190 2604.7
1320200 2604.7
1320210 2593.4
1320220 2590.5
1320230 2590.5
1320240 2584.9
1320250 2576.9
1320260 2576.9
1320270 2564.5
1320280 2554.5
1320290 2554.5
1320300 2550.1
1320310 2548.4
1320320 2548.4
1320330 2548.5
1320340 2550.6
1320350 2552.7
1320360 2552.7
1320370 2553.0
1320380 2553.2
1320390 2553.2
1320400 2560.1
1320410 2566.0
1320420 2566.0
1320430 2563.6
1320440 2559.7
1320450 2559.7
1320460 2555.7
1320470 2553.8
1320480 2553.8
1320490 2556.3
1320500 2554.5
1320510 2554.5
1320520 2547.5
1320530 2542.6
1320540 2538.7
1320550 2538.7
1320560 2532.6
1320570 2527.1
1320580 2527.1
1320590 2523.3
1320600 2519.5
1320610 2519.5
1320620 2517.8
1320630 2516.0
1320640 2516.0
1320650 2515.1
1320660 2525.8
1320670 2525.8
1320680 2530.9
1320690 2535.5
1320700 2535.5
1320710 2538.2
1320720 2540.9
1320730 2540.9
1320740 2539.7
1320750 2531.3
1320760 2521.2
1320770 2521.2
1320780 2512.4
1320790 2506.1
1320800 2506.1
1320810 2498.9
1320820 2486.5
1320830 2486.5
1320840 2478.5
1320850 2476.6
1320860 2476.6
1320870 2468.2
1320880 2457.4
1320890 2457.4
1320900 2448.9
1320910 2438.7
1320920 2438.7
1320930 2425.1
1320940 2416.2
1320950 2416.2
1320960 2403.4
1320970 2393.3
1320980 2386.2
1320990 2386.2
1321000 2374.1
1321010 2363.3
1321020 2363.3
1321030 2358.6
1321040 2354.8
1321050 2354.8
1321060 2345.2
1321070 2335.6
1321080 2335.6
1321090 2329.3
1321100 2323.2
1321110 2323.2
1321120 2317.4
1321130 2313.4
1321140 2313.4
1321150 2310.0
1321160 2309.2
1321170 2309.2
1321180 2311.3
1321190 2310.5
1321200 2313.5
1321210 2313.5
1321220 2311.2
1321230 2308.1
1321240 2308.1
1321250 2304.8
1321260 2301.6
1321270 2301.6
1321280 2296.1
1321290 2289.3
1321300 2289.3
1321310 2286.0
1321320 2276.2
1321330 2276.2
1321340 2265.7
1321350 2257.8
1321360 2257.8
1321370 2249.9
1321380 2251.5
1321390 2264.5
1321400 2264.5
1321410 2268.3
1321420 2264.2
1321430 2264.2
1321440 2265.5
1321450 2260.1
1321460 2260.1
1321470 2254.1
1321480 2249.7
1321490 2249.7
1321500 2247.0
1321510 2241.5
1321520 2241.5
1321530 2235.9
1321540 2228.0
1321550 2228.0
1321560 2221.2
1321570 2218.3
1321580 2218.3
1321590 2216.5
1321600 2217.0
1321610 2216.7
1321620 2216.7
1321630 2214.6
1321640 2211.6
1321650 2211.6
1321660 2208.2
1321670 2204.5
1321680 2204.5
1321690 2201.4
1321700 2197.6
1321710 2197.6
1321720 2194.0
1321730 2190.9
1321740 2190.9
1321750 2186.2
1321760 2180.8
1321770 2180.8
1321780 2174.6
1321790 2169.4
1321800 2169.4
1321810 2168.2
1321820 2168.7
1321830 2167.8
1321840 2167.8
1321850 2163.8
1321860 2155.0
1321870 2155.0
1321880 2152.9
1321890 2153.0
1321900 2153.0
1321910 2150.9
1321920 2153.3
1321930 2153.3
1321940 2153.7
1321950 2148.7
1321960 2148.7
1321970 2146.5
1321980 2145.3
1321990 2145.3
1322000 2145.1
1322010 2144.8
1322020 2145.1
1322030 2145.1
1322040 2143.1
1322050 2139.7
1322060 2139.7
1322070 2135.4
1322080 2131.3
1322090 2131.3
1322100 2127.1
1322110 2121.3
1322120 2121.3
1322130 2117.8
1322140 2119.4
1322150 2119.4
1322160 2120.3
1322170 2120.7
1322180 2120.7
1322190 2120.9
1322200 2120.4
1322210 2120.4
1322220 2127.1
1322230 2125.0
1322240 2120.0
1322250 2120.0
1322260 2114.6
1322270 2112.2
1322280 2112.2
1322290 2112.4
1322300 2113.2
1322310 2113.2
1322320 2116.3
1322330 2117.2
1322340 2117.2
1322350 2112.0
1322360 2103.7
1322370 2103.7
1322380 2093.1
1322390 2091.0
1322400 2091.0
1322410 2095.7
1322420 2099.6
1322430 2099.6
1322440 2096.6
1322450 2093.2
1322460 2091.8
1322470 2091.8
1322480 2091.0
1322490 2090.7
1322500 2090.7
1322510 2089.8
1322520 2083.8
1322530 2083.8
1322540 2079.3
1322550 2075.7
1322560 2075.7
1322570 2071.2
1322580 2066.0
1322590 2066.0
1322600 2061.9
1322610 2061.1
1322620 2061.1
1322630 2060.9
1322640 2060.4
1322650 2060.4
1322660 2060.5
1322670 2056.9
1322680 2054.6
1322690 2054.6
1322700 2051.8
1322710 2050.7
1322720 2050.7
1322730 2048.0
1322740 2045.4
1322750 2045.4
1322760 2046.8
1322770 2050.1
1322780 2050.1
1322790 2051.1
1322800 2051.4
1322810 2051.4
1322820 2052.9
1322830 2054.9
1322840 2054.9
1322850 2057.6
1322860 2060.7
1322870 2064.8
1322880 2064.8
1322890 2068.9
1322900 2073.5
1322910 2073.5
1322920 2078.9
1322930 2084.3
1322940 2084.3
1322950 2090.4
1322960 2095.9
1322970 2095.9
1322980 2101.0
1322990 2106.1
1323000 2103.9
1323010 2109.7
1323020 2115.5
1323030 2115.5
1323040 2121.7
1323050 2127.9
1323060 2127.9
1323070 2133.0
1323080 2141.3
1323090 2149.0
1323100 2149.0
1323110 2155.6
1323120 2162.7
1323130 2162.7
1323140 2171.0
1323150 2178.3
1323160 2178.3
1323170 2185.2
1323180 2191.7
1323190 2191.7
1323200 2196.6
1323210 2203.9
1323220 2203.9
1323230 2209.1
1323240 2215.5
1323250 2215.5
1323260 2223.1
1323270 2228.6
1323280 2228.6
1323290 2233.6
1323300 2238.5
1323310 2244.0
1323320 2244.0
1323330 2249.6
1323340 2255.1
1323350 2255.1
1323360 2260.9
1323370 2266.5
1323380 2266.5
1323390 2271.6
1323400 2276.1
1323410 2276.1
1323420 2280.1
1323430 2284.2
1323440 2284.2
1323450 2288.2
1323460 2292.7
1323470 2292.7
1323480 2297.3
1323490 2301.7
1323500 2301.7
1323510 2306.5
1323520 2311.4
1323530 2315.9
1323540 2315.9
1323550 2320.3
1323560 2324.1
1323570 2324.1
1323580 2327.6
1323590 2331.4
1323600 2331.4
1323610 2334.9
1323620 2338.3
1323630 2338.3
1323640 2341.7
1323650 2345.8
1323660 2345.8
1323670 2350.0
1323680 2354.4
1323690 2354.4
1323700 2357.9
1323710 2360.5
1323720 2363.0
1323730 2363.0
1323740 2366.3
1323750 2370.8
1323760 2370.8
1323770 2376.2
1323780 2382.1
1323790 2382.9
1323800 2387.1
1323810 2390.7
1323820 2390.7
1323830 2395.0
1323840 2398.6
1323850 2398.6
1323860 2401.1
1323870 2402.3
1323880 2402.3
1323890 2405.1
1323900 2410.5
1323910 2410.5
1323920 2417.5
1323930 2421.5
1323940 2425.3
1323950 2425.3
1323960 2428.9
1323970 2432.5
1323980 2432.5
1323990 2435.5
1324000 2438.3
1324010 2438.3
1324020 2441.8
1324030 2446.0
1324040 2446.0
1324050 2449.2
1324060 2452.2
1324070 2452.2
1324080 2455.3
1324090 2459.0
1324100 2459.0
1324110 2462.8
1324120 2467.5
1324130 2467.5
1324140 2472.9
1324150 2478.2
1324160 2483.6
1324170 2483.6
1324180 2489.6
1324190 2494.7
1324200 2494.7
1324210 2499.5
1324220 2504.0
1324230 2504.0
1324240 2508.6
1324250 2512.8
1324260 2512.8
1324270 2517.1
1324280 2520.7
1324290 2520.7
1324300 2523.0
1324310 2524.4
1324320 2524.4
1324330 2524.8
1324340 2525.7
1324350 2525.7
1324360 2527.4
1324370 2529.6
1324380 2532.2
1324390 2532.2
1324400 2534.9
1324410 2537.8
1324420 2537.8
1324430 2540.9
1324440 2544.0
1324450 2544.0
1324460 2546.4
1324470 2548.2
1324480 2548.2
1324490 2549.0
1324500 2548.6
1324510 2548.6
1324520 2548.1
1324530 2547.8
1324540 2547.8
1324550 2548.7
1324560 2551.2
1324570 2554.3
1324580 2554.7
1324590 2557.2
1324600 2560.8
1324610 2560.8
1324620 2563.4
1324630 2565.5
1324640 2565.5
1324650 2568.2
1324660 2570.7
1324670 2570.7
1324680 2574.2
1324690 2577.4
1324700 2577.4
1324710 2580.6
1324720 2583.6
1324730 2583.6
1324740 2586.7
1324750 2589.8
1324760 2589.8
1324770 2592.3
1324780 2595.0
1324790 2597.6
1324800 2597.6
1324810 2599.6
1324820 2602.4
1324830 2602.4
1324840 2605.8
1324850 2609.7
1324860 2609.7
1324870 2613.3
1324880 2615.2
1324890 2615.2
1324900 2617.3
1324910 2619.2
1324920 2619.2
1324930 2620.2
1324940 2621.6
1324950 2621.6
1324960 2623.0
1324970 2623.7
1324980 2623.7
1324990 2624.3
1325000 2625.8
1325010 2630.3
1325020 2630.3
1325030 2637.9
1325040 2650.1
1325050 2650.1
1325060 2661.2
1325070 2669.6
1325080 2669.6
1325090 2676.2
1325100 2680.9
1325110 2680.9
1325120 2685.3
1325130 2690.4
1325140 2690.4
1325150 2694.8
1325160 2699.4
1325170 2699.4
1325180 2704.0
1325190 2708.8
1325200 2714.1
1325210 2714.1
1325220 2718.9
1325230 2723.6
1325240 2723.6
1325250 2728.8
1325260 2734.9
1325270 2734.9
1325280 2740.6
1325290 2745.8
1325300 2745.8
1325310 2750.4
1325320 2755.3
1325330 2755.3
1325340 2760.4
1325350 2764.8
1325360 2764.8
1325370 2765.0
1325380 2767.5
1325390 2767.5
1325400 2770.9
1325410 2774.2
1325420 2775.9
1325430 2775.9
1325440 2776.9
1325450 2780.8
1325460 2780.8
1325470 2786.9
1325480 2791.7
1325490 2791.7
1325500 2797.3
1325510 2802.2
1325520 2802.2
1325530 2807.2
1325540 2812.9
1325550 2812.9
1325560 2819.2
1325570 2825.6
1325580 2825.6
1325590 2832.1
1325600 2841.8
1325610 2841.8
1325620 2859.3
1325630 2871.1
1325640 2876.1
1325650 2876.1
1325660 2881.1
1325670 2888.7
1325680 2888.7
1325690 2899.0
1325700 2911.1
1325710 2911.1
1325720 2927.4
1325730 2934.3
1325740 2934.3
1325750 2938.1
1325760 2942.2
1325770 2942.2
1325780 2945.1
1325790 2952.2
1325800 2952.2
1325810 2955.8
1325820 2957.1
1325830 2957.1
1325840 2956.5
1325850 2952.1
1325860 2931.2
1325870 2931.2
1325880 2897.3
1325890 2865.1
1325900 2865.1
1325910 2841.5
1325920 2823.7
1325930 2823.7
1325940 2803.7
1325950 2789.9
1325960 2789.9
1325970 2785.8
1325980 2784.0
1325990 2784.0
1326000 2782.8
1326010 2781.3
1326020 2781.3
1326030 2780.2
1326040 2778.2
1326050 2776.1
1326060 2776.1
1326070 2774.0
1326080 2772.1
1326090 2772.1
1326100 2770.1
1326110 2767.5
1326120 2767.5
1326130 2764.0
1326140 2760.2
1326150 2760.2
1326160 2757.3
1326170 2759.6
1326180 2759.6
1326190 2756.2
1326200 2752.5
1326210 2752.5
1326220 2749.4
1326230 2747.7
1326240 2747.7
1326250 2746.1
1326260 2744.1
1326270 2741.9
1326280 2741.9
1326290 2738.6
1326300 2734.9
1326310 2734.9
1326320 2732.2
1326330 2727.8
1326340 2727.8
1326350 2723.8
1326360 2719.5
1326370 2719.5
1326380 2714.7
1326390 2710.6
1326400 2710.6
1326410 2706.9
1326420 2703.3
1326430 2703.3
1326440 2699.7
1326450 2695.6
1326460 2695.6
1326470 2691.5
1326480 2687.5
1326490 2683.8
1326500 2683.8
1326510 2679.8
1326520 2675.4
1326530 2675.4
1326540 2669.9
1326550 2663.9
1326560 2663.9
1326570 2657.8
1326580 2653.8
1326590 2653.8
1326600 2648.8
1326610 2643.5
1326620 2643.5
1326630 2638.6
1326640 2632.1
1326650 2632.1
1326660 2624.9
1326670 2614.7
1326680 2614.7
1326690 2605.8
1326700 2599.9
1326710 2595.0
1326720 2595.0
1326730 2590.3
1326740 2585.3
1326750 2585.3
1326760 2580.7
1326770 2577.8
1326780 2577.8
1326790 2575.3
1326800 2573.5
1326810 2573.5
1326820 2571.9
1326830 2570.1
1326840 2570.1
1326850 2568.2
1326860 2566.2
1326870 2566.2
1326880 2565.3
1326890 2564.0
1326900 2563.0
1326910 2563.0
1326920 2562.5
1326930 2562.1
1326940 2562.1
1326950 2558.6
1326960 2560.4
1326970 2567.0
1326980 2566.9
1326990 2564.9
1327000 2564.9
1327010 2562.4
1327020 2560.5
1327030 2560.5
1327040 2558.8
1327050 2556.8
1327060 2556.8
1327070 2554.7
1327080 2552.5
1327090 2552.5
1327100 2550.1
1327110 2547.8
1327120 2546.2
1327130 2546.2
1327140 2545.4
1327150 2544.7
1327160 2544.7
1327170 2543.6
1327180 2542.2
1327190 2542.2
1327200 2540.2
1327210 2538.0
1327220 2538.0
1327230 2535.2
1327240 2532.5
1327250 2532.5
1327260 2530.0
1327270 2526.7
1327280 2526.7
1327290 2522.2
1327300 2516.6
1327310 2516.6
1327320 2510.6
1327330 2504.8
1327340 2500.5
1327350 2500.5
1327360 2498.6
1327370 2497.2
1327380 2497.2
1327390 2494.2
1327400 2490.5
1327410 2490.5
1327420 2488.2
1327430 2486.3
1327440 2486.3
1327450 2484.4
1327460 2482.1
1327470 2482.1
1327480 2477.1
1327490 2472.3
1327500 2472.3
1327510 2469.5
1327520 2467.8
1327530 2467.8
1327540 2465.4
1327550 2464.5
1327560 2463.3
1327570 2463.3
1327580 2462.7
1327590 2462.4
1327600 2462.4
1327610 2461.4
1327620 2460.7
1327630 2460.7
1327640 2460.7
1327650 2461.4
1327660 2461.4
1327670 2462.9
1327680 2464.2
1327690 2464.2
1327700 2465.7
1327710 2466.7
1327720 2466.7
1327730 2466.4
1327740 2466.2
1327750 2466.4
1327760 2466.4
1327770 2466.7
1327780 2471.9
1327790 2471.9
1327800 2472.4
1327810 2474.6
1327820 2474.6
1327830 2479.2
1327840 2490.0
1327850 2490.0
1327860 2502.4
1327870 2509.2
1327880 2509.2
1327890 2514.3
1327900 2511.5
1327910 2511.5
1327920 2506.6
1327930 2501.7
1327940 2501.7
1327950 2496.6
1327960 2491.0
1327970 2484.9
1327980 2484.9
1327990 2478.5
1328000 2471.7
1328010 2471.7
1328020 2464.6
1328030 2457.5
1328040 2457.5
1328050 2450.4
1328060 2442.3
1328070 2442.3
1328080 2432.8
1328090 2422.9
1328100 2422.9
1328110 2413.4
1328120 2409.2
1328130 2409.2
1328140 2408.0
1328150 2407.6
1328160 2407.6
1328170 2407.2
1328180 2406.7
1328190 2405.3
1328200 2405.3
1328210 2403.2
1328220 2400.9
1328230 2400.9
1328240 2399.5
1328250 2398.1
1328260 2398.1
1328270 2396.9
1328280 2396.3
1328290 2396.3
1328300 2395.7
1328310 2395.6
1328320 2395.6
1328330 2395.5
1328340 2396.4
1328350 2396.4
1328360 2398.2
1328370 2400.2
1328380 2403.1
1328390 2403.1
1328400 2406.7
1328410 2414.6
1328420 2414.6
1328430 2421.3
1328440 2426.4
1328450 2426.4
1328460 2431.3
1328470 2436.9
1328480 2436.9
1328490 2443.5
1328500 2450.0
1328510 2450.0
1328520 2456.1
1328530 2461.2
1328540 2461.2
1328550 2466.5
1328560 2472.1
1328570 2472.1
1328580 2477.8
1328590 2489.2
1328600 2496.2
1328610 2496.2
1328620 2502.8
1328630 2506.5
1328640 2506.5
1328650 2509.1
1328660 2510.9
1328670 2510.9
1328680 2512.1
1328690 2513.0
1328700 2513.0
1328710 2513.7
1328720 2514.3
1328730 2514.3
1328740 2515.0
1328750 2514.6
1328760 2514.6
1328770 2511.3
1328780 2507.5
1328790 2507.5
1328800 2507.4
1328810 2507.9
1328820 2508.3
1328830 2508.3
1328840 2509.9
1328850 2511.5
1328860 2511.5
1328870 2513.3
1328880 2513.9
1328890 2513.9
1328900 2513.1
1328910 2510.7
1328920 2510.7
1328930 2505.4
1328940 2500.8
1328950 2500.8
1328960 2498.9
1328970 2499.0
1328980 2499.0
1328990 2492.7
1329000 2478.2
1329010 2478.2
1329020 2466.8
1329030 2460.6
1329040 2457.0
1329050 2457.0
1329060 2454.8
1329070 2454.0
1329080 2454.0
1329090 2453.7
1329100 2454.0
1329110 2454.0
1329120 2454.2
1329130 2454.4
1329140 2454.4
1329150 2453.8
1329160 2452.1
1329170 2452.1
1329180 2450.1
1329190 2449.8
1329200 2449.8
1329210 2449.9
1329220 2451.1
1329230 2452.7
1329240 2452.7
1329250 2455.4
1329260 2458.4
1329270 2458.4
1329280 2462.4
1329290 2467.8
1329300 2467.8
1329310 2474.9
1329320 2483.7
1329330 2483.7
1329340 2492.8
1329350 2499.3
1329360 2499.3
1329370 2506.3
1329380 2513.7
1329390 2513.7
1329400 2521.1
1329410 2531.2
1329420 2531.2
1329430 2537.9
1329440 2542.3
1329450 2543.1
1329460 2543.1
1329470 2540.3
1329480 2536.7
1329490 2536.7
1329500 2534.3
1329510 2533.7
1329520 2533.7
1329530 2534.5
1329540 2536.5
1329550 2536.5
1329560 2538.9
1329570 2541.6
1329580 2541.6
1329590 2544.0
1329600 2546.3
1329610 2546.3
1329620 2548.5
1329630 2550.3
1329640 2550.3
1329650 2551.9
1329660 2553.4
1329670 2554.2
1329680 2554.2
1329690 2556.0
1329700 2558.8
1329710 2558.8
1329720 2561.7
1329730 2564.6
1329740 2564.6
1329750 2566.7
1329760 2567.0
1329770 2567.0
1329780 2565.7
1329790 2564.3
1329800 2564.3
1329810 2564.8
1329820 2566.6
1329830 2566.6
1329840 2567.8
1329850 2568.6
1329860 2568.6
1329870 2569.4
1329880 2569.8
1329890 2570.6
1329900 2570.6
1329910 2573.6
1329920 2577.0
1329930 2577.0
1329940 2580.1
1329950 2583.4
1329960 2583.4
1329970 2587.0
1329980 2591.3
1329990 2591.3
1330000 2601.2
1330010 2617.3
1330020 2617.3
1330030 2636.8
1330040 2657.8
1330050 2657.8
1330060 2672.2
1330070 2683.4
1330080 2695.9
1330090 2695.9
1330100 2705.5
1330110 2714.7
1330120 2714.7
1330130 2725.4
1330140 2739.6
1330150 2739.6
1330160 2753.7
1330170 2767.5
1330180 2767.5
1330190 2775.8
1330200 2773.7
1330210 2773.7
1330220 2768.1
1330230 2772.5
1330240 2772.5
1330250 2765.3
1330260 2749.3
1330270 2749.3
1330280 2741.4
1330290 2738.8
1330300 2736.9
1330310 2736.9
1330320 2735.5
1330330 2734.6
1330340 2734.6
1330350 2734.3
1330360 2734.7
1330370 2734.7
1330380 2735.4
1330390 2736.1
1330400 2736.1
1330410 2736.3
1330420 2736.8
1330430 2736.8
1330440 2738.2
1330450 2739.6
1330460 2739.6
1330470 2741.1
1330480 2742.9
1330490 2742.9
1330500 2744.7
1330510 2747.4
1330520 2750.2
1330530 2750.2
1330540 2753.1
1330550 2757.2
1330560 2757.2
1330570 2767.0
1330580 2781.6
1330590 2781.6
1330600 2792.7
1330610 2797.4
1330620 2797.4
1330630 2810.6
1330640 2838.4
1330650 2838.4
1330660 2852.4
1330670 2841.7
1330680 2841.7
1330690 2828.7
1330700 2816.8
1330710 2806.2
1330720 2806.2
1330730 2796.7
1330740 2786.9
1330750 2786.9
1330760 2779.1
1330770 2772.8
1330780 2772.8
1330790 2766.9
1330800 2759.7
1330810 2759.7
1330820 2752.7
1330830 2746.8
1330840 2746.8
1330850 2742.4
1330860 2739.9
1330870 2739.9
1330880 2737.4
1330890 2730.3
1330900 2730.3
1330910 2711.9
1330920 2703.2
1330930 2697.5
1330940 2697.5
1330950 2691.5
1330960 2686.0
1330970 2686.0
1330980 2681.2
1330990 2676.8
1331000 2676.8
1331010 2672.6
1331020 2669.1
1331030 2669.1
1331040 2666.3
1331050 2660.6
1331060 2660.6
1331070 2658.4
1331080 2656.4
1331090 2656.4
1331100 2655.3
1331110 2654.7
1331120 2654.7
1331130 2655.4
1331140 2655.9
1331150 2655.9
1331160 2655.9
1331170 2656.7
1331180 2658.4
1331190 2658.4
1331200 2661.9
1331210 2665.9
1331220 2665.9
1331230 2670.8
1331240 2676.6
1331250 2676.6
1331260 2682.6
1331270 2688.3
1331280 2688.3
1331290 2694.2
1331300 2700.2
1331310 2700.2
1331320 2706.2
1331330 2712.3
1331340 2712.3
1331350 2718.9
1331360 2725.3
1331370 2731.1
1331380 2731.1
1331390 2740.2
1331400 2753.9
1331410 2753.9
1331420 2763.3
1331430 2766.6
1331440 2766.6
1331450 2770.4
1331460 2776.7
1331470 2776.7
1331480 2783.8
1331490 2793.1
1331500 2793.1
1331510 2801.7
1331520 2809.3
1331530 2809.3
1331540 2810.7
1331550 2811.4
1331560 2812.3
1331570 2812.3
1331580 2813.1
1331590 2813.1
1331600 2813.1
1331610 2812.8
1331620 2812.3
1331630 2812.3
1331640 2811.4
1331650 2811.1
1331660 2811.1
1331670 2811.0
1331680 2812.6
1331690 2812.6
1331700 2814.3
1331710 2815.2
1331720 2815.2
1331730 2815.3
1331740 2817.6
1331750 2817.6
1331760 2819.0
1331770 2820.8
1331780 2823.1
1331790 2823.1
1331800 2824.6
1331810 2824.7
1331820 2824.7
1331830 2824.0
1331840 2822.3
1331850 2822.3
1331860 2820.5
1331870 2819.8
1331880 2808.7
1331890 2809.4
1331900 2809.9
1331910 2809.9
1331920 2809.9
1331930 2810.4
1331940 2810.4
1331950 2811.3
1331960 2812.8
1331970 2812.8
1331980 2815.4
1331990 2817.7
1332000 2820.3
1332010 2820.3
1332020 2823.1
1332030 2827.4
1332040 2827.4
1332050 2831.9
1332060 2836.1
1332070 2836.1
1332080 2839.2
1332090 2843.2
1332100 2843.2
1332110 2847.3
1332120 2850.9
1332130 2850.9
1332140 2854.7
1332150 2857.7
1332160 2857.7
1332170 2859.9
1332180 2863.3
1332190 2863.3
1332200 2868.5
1332210 2871.4
1332220 2875.7
1332230 2875.7
1332240 2881.4
1332250 2889.9
1332260 2889.9
1332270 2900.9
1332280 2912.6
1332290 2912.6
1332300 2919.0
1332310 2921.2
1332320 2921.2
1332330 2922.8
1332340 2924.9
1332350 2924.9
1332360 2925.5
1332370 2921.4
1332380 2921.4
1332390 2907.7
1332400 2895.3
1332410 2884.3
1332420 2884.3
1332430 2873.0
1332440 2861.9
1332450 2861.9
1332460 2850.9
1332470 2840.4
1332480 2840.4
1332490 2831.0
1332500 2820.4
1332510 2820.4
1332520 2808.6
1332530 2792.6
1332540 2792.6
1332550 2780.7
1332560 2771.9
1332570 2771.9
1332580 2763.8
1332590 2756.3
1332600 2756.3
1332610 2749.9
1332620 2743.7
1332630 2736.5
1332640 2736.5
1332650 2728.5
1332660 2721.6
1332670 2721.6
1332680 2716.0
1332690 2710.4
1332700 2710.4
1332710 2702.7
1332720 2696.4
1332730 2696.4
1332740 2690.4
1332750 2684.1
1332760 2684.1
1332770 2678.5
1332780 2673.0
1332790 2673.0
1332800 2667.7
1332810 2662.6
1332820 2662.6
1332830 2657.5
1332840 2652.9
1332850 2649.1
1332860 2649.1
1332870 2645.7
1332880 2642.6
1332890 2642.6
1332900 2639.7
1332910 2636.7
1332920 2636.7
1332930 2633.7
1332940 2630.7
1332950 2630.7
1332960 2627.2
1332970 2623.6
1332980 2623.6
1332990 2620.9
1333000 2620.5
1333010 2620.5
1333020 2618.8
1333030 2616.7
1333040 2612.9
1333050 2612.9
1333060 2608.6
1333070 2605.6
1333080 2605.6
1333090 2603.0
1333100 2600.5
1333110 2600.5
1333120 2598.3
1333130 2596.3
1333140 2596.3
1333150 2594.7
1333160 2593.4
1333170 2593.4
1333180 2592.4
1333190 2591.6
1333200 2591.6
1333210 2591.2
