1320000 2571.2
1320010 2567.1
1320020 2567.1
1320030 2562.7
1320040 2558.8
1320050 2558.8
1320060 2556.0
1320070 2553.8
1320080 2553.8
1320090 2550.5
1320100 2545.6
1320110 2545.6
1320120 2540.3
1320130 2534.4
1320140 2527.9
1320150 2527.9
1320160 2521.2
1320170 2514.8
1320180 2514.8
1320190 2508.1
1320200 2500.9
1320210 2500.9
1320220 2493.8
1320230 2487.9
1320240 2487.9
1320250 2482.9
1320260 2476.5
1320270 2476.5
1320280 2469.3
1320290 2462.9
1320300 2462.9
1320310 2457.0
1320320 2450.5
1320330 2444.0
1320340 2444.0
1320350 2437.6
1320360 2432.4
1320370 2432.4
1320380 2430.1
1320390 2426.0
1320400 2426.0
1320410 2420.9
1320420 2416.2
1320430 2416.2
1320440 2412.2
1320450 2407.5
1320460 2407.5
1320470 2401.5
1320480 2395.3
1320490 2395.3
1320500 2388.4
1320510 2383.1
1320520 2383.1
1320530 2379.8
1320540 2379.3
1320550 2380.9
1320560 2380.9
1320570 2384.6
1320580 2390.5
1320590 2390.5
1320600 2392.9
1320610 2382.2
1320620 2382.2
1320630 2368.9
1320640 2361.6
1320650 2361.6
1320660 2356.1
1320670 2361.0
1320680 2361.0
1320690 2354.1
1320700 2344.8
1320710 2344.8
1320720 2339.9
1320730 2336.4
1320740 2336.4
1320750 2331.1
1320760 2325.1
1320770 2321.1
1320780 2321.1
1320790 2319.1
1320800 2316.2
1320810 2316.2
1320820 2312.2
1320830 2307.4
1320840 2307.4
1320850 2303.3
1320860 2296.6
1320870 2296.6
1320880 2289.0
1320890 2281.2
1320900 2281.2
1320910 2274.0
1320920 2268.4
1320930 2268.4
1320940 2266.3
1320950 2266.6
1320960 2266.6
1320970 2265.9
1320980 2262.8
1320990 2260.3
1321000 2260.3
1321010 2259.0
1321020 2258.1
1321030 2258.1
1321040 2258.1
1321050 2261.3
1321060 2261.3
1321070 2266.1
1321080 2266.7
1321090 2266.7
1321100 2261.6
1321110 2259.3
1321120 2259.3
1321130 2256.0
1321140 2249.3
1321150 2249.3
1321160 2245.5
1321170 2243.3
1321180 2233.5
1321190 2233.5
1321200 2222.2
1321210 2211.7
1321220 2211.7
1321230 2203.6
1321240 2196.2
1321250 2196.2
1321260 2184.6
1321270 2175.7
1321280 2175.7
1321290 2172.1
1321300 2167.2
1321310 2167.2
1321320 2159.3
1321330 2146.5
1321340 2146.5
1321350 2135.8
1321360 2132.0
1321370 2132.0
1321380 2131.5
1321390 2125.5
1321400 2123.1
1321410 2123.1
1321420 2123.2
1321430 2122.1
1321440 2127.6
1321450 2126.6
1321460 2124.2
1321470 2124.2
1321480 2121.6
1321490 2120.2
1321500 2120.2
1321510 2120.5
1321520 2121.6
1321530 2121.6
1321540 2123.0
1321550 2121.5
1321560 2121.5
1321570 2118.4
1321580 2114.3
1321590 2114.3
1321600 2110.5
1321610 2108.4
1321620 2106.0
1321630 2106.0
1321640 2103.2
1321650 2098.2
1321660 2098.2
1321670 2091.5
1321680 2084.9
1321690 2084.9
1321700 2081.4
1321710 2080.0
1321720 2080.0
1321730 2081.2
1321740 2078.9
1321750 2078.9
1321760 2075.0
1321770 2071.9
1321780 2071.9
1321790 2070.6
1321800 2069.4
1321810 2069.4
1321820 2066.3
1321830 2060.8
1321840 2049.9
1321850 2049.9
1321860 2038.1
1321870 2031.7
1321880 2031.7
1321890 2027.6
1321900 2022.7
1321910 2022.7
1321920 2013.3
1321930 1999.8
1321940 1999.8
1321950 1981.4
1321960 1978.9
1321970 1978.9
1321980 1984.4
1321990 1990.7
1322000 1990.7
1322010 1990.4
1322020 1987.1
1322030 1983.1
1322040 1983.1
1322050 1980.8
1322060 1982.1
1322070 1982.1
1322080 1983.8
1322090 1984.2
1322100 1984.2
1322110 1985.5
1322120 1988.1
1322130 1988.1
1322140 1990.5
1322150 1993.3
1322160 1993.3
1322170 1996.4
1322180 1996.5
1322190 1996.5
1322200 1994.3
1322210 1992.4
1322220 1999.8
1322230 1997.9
1322240 1996.3
1322250 1992.3
1322260 1992.3
1322270 1986.8
1322280 1985.7
1322290 1985.7
1322300 1985.8
1322310 1986.4
1322320 1986.4
1322330 1985.3
1322340 1982.3
1322350 1982.3
1322360 1979.0
1322370 1976.8
1322380 1976.8
1322390 1975.5
1322400 1975.9
1322410 1975.9
1322420 1976.0
1322430 1974.7
1322440 1974.7
1322450 1974.6
1322460 1975.0
1322470 1975.9
1322480 1975.9
1322490 1976.1
1322500 1977.1
1322510 1977.1
1322520 1978.8
1322530 1981.5
1322540 1981.5
1322550 1983.8
1322560 1985.4
1322570 1985.4
1322580 1986.3
1322590 1988.8
1322600 1988.8
1322610 1990.4
1322620 1993.1
1322630 1993.1
1322640 1996.9
1322650 2000.6
1322660 2000.6
1322670 2004.7
1322680 2008.9
1322690 2013.7
1322700 2013.7
1322710 2018.0
1322720 2022.2
1322730 2022.2
1322740 2025.9
1322750 2029.5
1322760 2029.5
1322770 2033.7
1322780 2038.0
1322790 2038.0
1322800 2042.3
1322810 2047.3
1322820 2047.3
1322830 2052.4
1322840 2057.7
1322850 2057.7
1322860 2063.9
1322870 2070.1
1322880 2076.5
1322890 2076.5
1322900 2084.1
1322910 2091.9
1322920 2091.9
1322930 2099.1
1322940 2105.9
1322950 2105.9
1322960 2112.3
1322970 2120.2
1322980 2120.2
1322990 2129.8
1323000 2135.4
1323010 2135.4
1323020 2142.7
1323030 2149.9
1323040 2149.9
1323050 2158.3
1323060 2166.2
1323070 2166.2
1323080 2174.9
1323090 2184.9
1323100 2194.4
1323110 2194.4
1323120 2203.0
1323130 2210.4
1323140 2210.4
1323150 2217.1
1323160 2223.4
1323170 2223.4
1323180 2230.1
1323190 2236.4
1323200 2236.4
1323210 2242.3
1323220 2247.5
1323230 2247.5
1323240 2252.9
1323250 2258.1
1323260 2258.1
1323270 2263.0
1323280 2267.4
1323290 2267.4
1323300 2271.1
1323310 2274.5
1323320 2277.7
1323330 2277.7
1323340 2280.7
1323350 2283.6
1323360 2283.6
1323370 2286.3
1323380 2289.4
1323390 2289.4
1323400 2293.4
1323410 2297.7
1323420 2297.7
1323430 2301.6
1323440 2305.3
1323450 2305.3
1323460 2308.8
1323470 2312.3
1323480 2312.3
1323490 2316.4
1323500 2320.2
1323510 2320.2
1323520 2323.3
1323530 2325.9
1323540 2328.4
1323550 2328.4
1323560 2330.9
1323570 2333.8
1323580 2333.8
1323590 2337.1
1323600 2340.5
1323610 2340.5
1323620 2343.9
1323630 2347.2
1323640 2347.2
1323650 2350.1
1323660 2352.6
1323670 2352.6
1323680 2355.1
1323690 2358.0
1323700 2358.0
1323710 2360.2
1323720 2362.3
1323730 2364.7
1323740 2364.7
1323750 2366.9
1323760 2369.6
1323770 2369.6
1323780 2372.7
1323790 2377.4
1323800 2377.4
1323810 2381.8
1323820 2386.8
1323830 2386.8
1323840 2391.8
1323850 2397.2
1323860 2397.2
1323870 2401.6
1323880 2404.5
1323890 2404.5
1323900 2407.6
1323910 2410.6
1323920 2410.6
1323930 2412.9
1323940 2415.2
1323950 2418.0
1323960 2418.0
1323970 2421.5
1323980 2425.6
1323990 2425.6
1324000 2429.6
1324010 2433.5
1324020 2433.5
1324030 2438.5
1324040 2445.4
1324050 2445.4
1324060 2452.7
1324070 2457.7
1324080 2457.7
1324090 2459.4
1324100 2461.1
1324110 2461.1
1324120 2462.0
1324130 2463.4
1324140 2463.4
1324150 2466.4
1324160 2469.5
1324170 2473.0
1324180 2473.0
1324190 2476.6
1324200 2480.0
1324210 2480.0
1324220 2483.6
1324230 2487.6
1324240 2487.6
1324250 2491.7
1324260 2495.8
1324270 2495.8
1324280 2500.1
1324290 2504.4
1324300 2504.4
1324310 2509.5
1324320 2515.3
1324330 2515.3
1324340 2521.7
1324350 2528.5
1324360 2528.5
1324370 2534.5
1324380 2537.5
1324390 2538.9
1324400 2538.9
1324410 2540.3
1324420 2542.4
1324430 2542.4
1324440 2545.9
1324450 2549.2
1324460 2549.2
1324470 2551.9
1324480 2553.3
1324490 2553.3
1324500 2553.7
1324510 2553.6
1324520 2553.6
1324530 2553.8
1324540 2555.2
1324550 2555.2
1324560 2558.0
1324570 2561.7
1324580 2561.6
1324590 2561.6
1324600 2566.2
1324610 2570.5
1324620 2570.5
1324630 2574.1
1324640 2576.9
1324650 2576.9
1324660 2579.1
1324670 2581.1
1324680 2581.1
1324690 2583.1
1324700 2585.1
1324710 2585.1
1324720 2587.6
1324730 2591.1
1324740 2591.1
1324750 2594.8
1324760 2598.2
1324770 2598.2
1324780 2600.5
1324790 2602.8
1324800 2607.2
1324810 2607.2
1324820 2612.5
1324830 2614.9
1324840 2614.9
1324850 2616.4
1324860 2618.3
1324870 2618.3
1324880 2621.2
1324890 2624.6
1324900 2624.6
1324910 2627.5
1324920 2630.5
1324930 2630.5
1324940 2631.4
1324950 2631.8
1324960 2631.8
1324970 2633.5
1324980 2635.3
1324990 2635.3
1325000 2637.5
1325010 2640.4
1325020 2645.5
1325030 2645.5
1325040 2650.7
1325050 2655.2
1325060 2655.2
1325070 2659.0
1325080 2662.7
1325090 2662.7
1325100 2666.0
1325110 2670.0
1325120 2670.0
1325130 2675.2
1325140 2679.8
1325150 2679.8
1325160 2685.6
1325170 2690.8
1325180 2690.8
1325190 2697.2
1325200 2703.5
1325210 2703.5
1325220 2710.0
1325230 2715.9
1325240 2721.4
1325250 2721.4
1325260 2726.7
1325270 2731.9
1325280 2731.9
1325290 2736.7
1325300 2741.9
1325310 2741.9
1325320 2747.3
1325330 2751.2
1325340 2751.2
1325350 2755.8
1325360 2761.8
1325370 2761.8
1325380 2768.2
1325390 2774.2
1325400 2774.2
1325410 2779.9
1325420 2785.0
1325430 2790.9
1325440 2790.9
1325450 2799.2
1325460 2818.1
1325470 2818.1
1325480 2846.1
1325490 2866.7
1325500 2866.7
1325510 2876.6
1325520 2883.4
1325530 2883.4
1325540 2897.8
1325550 2913.9
1325560 2913.9
1325570 2922.4
1325580 2925.1
1325590 2925.1
1325600 2929.7
1325610 2941.7
1325620 2941.7
1325630 2947.9
1325640 2950.8
1325650 2953.3
1325660 2953.3
1325670 2957.2
1325680 2962.0
1325690 2962.0
1325700 2970.5
1325710 2980.8
1325720 2980.8
1325730 2990.0
1325740 2998.4
1325750 2998.4
1325760 3005.9
1325770 3005.3
1325780 3005.3
1325790 2992.9
1325800 2981.7
1325810 2981.7
1325820 2971.8
1325830 2961.0
1325840 2961.0
1325850 2949.9
1325860 2936.9
1325870 2923.0
1325880 2923.0
1325890 2898.8
1325900 2857.9
1325910 2857.9
1325920 2833.8
1325930 2829.8
1325940 2829.8
1325950 2826.4
1325960 2816.9
1325970 2816.9
1325980 2744.1
1325990 2719.3
1326000 2719.3
1326010 2715.9
1326020 2711.6
1326030 2711.6
1326040 2707.8
1326050 2702.9
1326060 2702.9
1326070 2696.8
1326080 2691.1
1326090 2685.2
1326100 2685.2
1326110 2680.2
1326120 2676.5
1326130 2676.5
1326140 2674.0
1326150 2671.7
1326160 2671.7
1326170 2669.3
1326180 2675.2
1326190 2675.2
1326200 2673.4
1326210 2671.3
1326220 2671.3
1326230 2668.5
1326240 2664.6
1326250 2664.6
1326260 2660.6
1326270 2656.8
1326280 2653.6
1326290 2653.6
1326300 2650.9
1326310 2648.8
1326320 2648.8
1326330 2646.9
1326340 2645.2
1326350 2645.2
1326360 2643.2
1326370 2641.0
1326380 2641.0
1326390 2638.6
1326400 2636.2
1326410 2636.2
1326420 2633.6
1326430 2631.0
1326440 2631.0
1326450 2629.8
1326460 2628.9
1326470 2628.9
1326480 2627.4
1326490 2625.1
1326500 2622.8
1326510 2622.8
1326520 2621.4
1326530 2620.9
1326540 2620.9
1326550 2620.6
1326560 2618.2
1326570 2618.2
1326580 2609.6
1326590 2601.9
1326600 2601.9
1326610 2599.5
1326620 2597.6
1326630 2597.6
1326640 2596.2
1326650 2591.3
1326660 2591.3
1326670 2579.6
1326680 2565.6
1326690 2565.6
1326700 2552.7
1326710 2541.7
1326720 2532.2
1326730 2532.2
1326740 2522.4
1326750 2514.2
1326760 2514.2
1326770 2507.8
1326780 2503.7
1326790 2503.7
1326800 2504.3
1326810 2502.3
1326820 2502.3
1326830 2497.8
1326840 2494.7
1326850 2494.7
1326860 2491.8
1326870 2489.3
1326880 2489.3
1326890 2487.3
1326900 2485.1
1326910 2482.7
1326920 2482.7
1326930 2481.1
1326940 2479.7
1326950 2479.7
1326960 2476.8
1326970 2471.7
1326980 2474.5
1326990 2469.8
1327000 2465.9
1327010 2465.9
1327020 2462.3
1327030 2459.6
1327040 2459.6
1327050 2457.0
1327060 2455.5
1327070 2455.5
1327080 2454.8
1327090 2453.7
1327100 2453.7
1327110 2452.3
1327120 2450.8
1327130 2449.9
1327140 2449.9
1327150 2449.0
1327160 2448.4
1327170 2448.4
1327180 2447.8
1327190 2445.7
1327200 2445.7
1327210 2442.5
1327220 2439.0
1327230 2439.0
1327240 2436.0
1327250 2433.8
1327260 2433.8
1327270 2432.0
1327280 2430.4
1327290 2430.4
1327300 2428.9
1327310 2427.3
1327320 2427.3
1327330 2425.2
1327340 2423.4
1327350 2422.4
1327360 2422.4
1327370 2421.7
1327380 2421.1
1327390 2421.1
1327400 2420.0
1327410 2417.6
1327420 2417.6
1327430 2413.9
1327440 2409.4
1327450 2409.4
1327460 2404.9
1327470 2400.3
1327480 2400.3
1327490 2396.0
1327500 2391.1
1327510 2391.1
1327520 2385.8
1327530 2382.3
1327540 2382.3
1327550 2378.8
1327560 2375.7
1327570 2373.9
1327580 2373.9
1327590 2372.2
1327600 2370.6
1327610 2370.6
1327620 2370.3
1327630 2370.2
1327640 2370.2
1327650 2371.0
1327660 2372.5
1327670 2372.5
1327680 2372.8
1327690 2372.3
1327700 2372.3
1327710 2372.3
1327720 2372.3
1327730 2372.3
1327740 2371.9
1327750 2373.0
1327760 2373.8
1327770 2373.8
1327780 2374.8
1327790 2378.1
1327800 2378.1
1327810 2377.7
1327820 2378.9
1327830 2378.9
1327840 2380.3
1327850 2382.1
1327860 2382.1
1327870 2389.6
1327880 2402.8
1327890 2402.8
1327900 2419.1
1327910 2436.6
1327920 2436.6
1327930 2451.2
1327940 2457.9
1327950 2457.9
1327960 2462.0
1327970 2463.0
1327980 2453.2
1327990 2453.2
1328000 2435.9
1328010 2421.9
1328020 2421.9
1328030 2411.8
1328040 2397.1
1328050 2397.1
1328060 2366.9
1328070 2347.9
1328080 2347.9
1328090 2343.2
1328100 2341.0
1328110 2341.0
1328120 2337.6
1328130 2333.7
1328140 2333.7
1328150 2331.5
1328160 2329.0
1328170 2329.0
1328180 2327.7
1328190 2328.5
1328200 2327.6
1328210 2327.6
1328220 2323.9
1328230 2321.7
1328240 2321.7
1328250 2320.6
1328260 2320.1
1328270 2320.1
1328280 2320.1
1328290 2320.1
1328300 2320.1
1328310 2320.7
1328320 2321.6
1328330 2321.6
1328340 2323.4
1328350 2326.2
1328360 2326.2
1328370 2328.6
1328380 2330.3
1328390 2330.3
1328400 2329.1
1328410 2328.0
1328420 2327.8
1328430 2327.8
1328440 2327.9
1328450 2327.6
1328460 2327.6
1328470 2327.3
1328480 2329.0
1328490 2329.0
1328500 2333.3
1328510 2345.7
1328520 2345.7
1328530 2359.7
1328540 2374.4
1328550 2374.4
1328560 2383.1
1328570 2390.5
1328580 2390.5
1328590 2397.7
1328600 2409.1
1328610 2409.6
1328620 2409.6
1328630 2407.1
1328640 2404.1
1328650 2404.1
1328660 2403.9
1328670 2406.4
1328680 2406.4
1328690 2405.8
1328700 2402.2
1328710 2402.2
1328720 2400.4
1328730 2400.2
1328740 2400.2
1328750 2400.3
1328760 2400.7
1328770 2400.7
1328780 2402.5
1328790 2402.4
1328800 2402.4
1328810 2399.9
1328820 2396.2
1328830 2393.9
1328840 2393.9
1328850 2393.9
1328860 2390.1
1328870 2390.1
1328880 2384.2
1328890 2375.0
1328900 2375.0
1328910 2363.8
1328920 2359.3
1328930 2359.3
1328940 2357.4
1328950 2357.5
1328960 2357.5
1328970 2357.4
1328980 2357.0
1328990 2357.0
1329000 2357.0
1329010 2357.4
1329020 2357.4
1329030 2358.1
1329040 2361.2
1329050 2364.5
1329060 2364.5
1329070 2367.4
1329080 2369.4
1329090 2369.4
1329100 2370.3
1329110 2370.7
1329120 2370.7
1329130 2370.3
1329140 2370.0
1329150 2370.0
1329160 2371.6
1329170 2375.0
1329180 2375.0
1329190 2380.2
1329200 2386.8
1329210 2386.8
1329220 2393.6
1329230 2403.3
1329240 2403.3
1329250 2413.3
1329260 2421.8
1329270 2429.9
1329280 2429.9
1329290 2437.7
1329300 2445.0
1329310 2445.0
1329320 2450.2
1329330 2453.4
1329340 2453.4
1329350 2455.3
1329360 2453.6
1329370 2453.6
1329380 2449.2
1329390 2444.2
1329400 2444.2
1329410 2445.3
1329420 2446.3
1329430 2446.3
1329440 2444.0
1329450 2442.2
1329460 2441.1
1329470 2441.1
1329480 2439.4
1329490 2438.1
1329500 2438.1
1329510 2437.4
1329520 2437.2
1329530 2437.2
1329540 2436.8
1329550 2436.4
1329560 2436.4
1329570 2437.0
1329580 2437.9
1329590 2437.9
1329600 2439.4
1329610 2441.4
1329620 2441.4
1329630 2443.9
1329640 2447.5
1329650 2447.5
1329660 2452.0
1329670 2458.0
1329680 2463.1
1329690 2463.1
1329700 2466.5
1329710 2468.3
1329720 2468.3
1329730 2467.7
1329740 2467.0
1329750 2467.0
1329760 2467.7
1329770 2469.2
1329780 2469.2
1329790 2471.3
1329800 2474.0
1329810 2474.0
1329820 2476.9
1329830 2480.3
1329840 2480.3
1329850 2484.0
1329860 2487.4
1329870 2487.4
1329880 2492.8
1329890 2500.5
1329900 2507.1
1329910 2507.1
1329920 2512.0
1329930 2520.0
1329940 2520.0
1329950 2540.0
1329960 2555.8
1329970 2555.8
1329980 2576.8
1329990 2605.0
1330000 2605.0
1330010 2622.2
1330020 2632.2
1330030 2632.2
1330040 2640.9
1330050 2651.2
1330060 2651.2
1330070 2657.4
1330080 2647.6
1330090 2647.6
1330100 2635.6
1330110 2619.4
1330120 2609.8
1330130 2609.8
1330140 2606.7
1330150 2605.7
1330160 2605.7
1330170 2605.1
1330180 2605.5
1330190 2605.5
1330200 2606.8
1330210 2608.8
1330220 2608.8
1330230 2619.8
1330240 2622.6
1330250 2622.6
1330260 2625.6
1330270 2627.1
1330280 2627.1
1330290 2626.1
1330300 2620.2
1330310 2616.4
1330320 2616.4
1330330 2616.7
1330340 2618.2
1330350 2618.2
1330360 2620.4
1330370 2622.2
1330380 2622.2
1330390 2622.9
1330400 2624.4
1330410 2624.4
1330420 2626.4
1330430 2629.0
1330440 2629.0
1330450 2632.2
1330460 2635.1
1330470 2635.1
1330480 2637.8
1330490 2641.0
1330500 2641.0
1330510 2643.9
1330520 2645.8
1330530 2648.4
1330540 2648.4
1330550 2651.4
1330560 2653.9
1330570 2653.9
1330580 2656.8
1330590 2661.4
1330600 2661.4
1330610 2674.7
1330620 2694.7
1330630 2694.7
1330640 2715.5
1330650 2733.9
1330660 2733.9
1330670 2748.3
1330680 2758.1
1330690 2758.1
1330700 2768.4
1330710 2780.4
1330720 2780.4
1330730 2793.0
1330740 2812.8
1330750 2831.3
1330760 2831.3
1330770 2845.9
1330780 2859.5
1330790 2859.5
1330800 2855.5
1330810 2843.6
1330820 2843.6
1330830 2834.3
1330840 2826.4
1330850 2826.4
1330860 2819.5
1330870 2813.7
1330880 2813.7
1330890 2808.6
1330900 2803.7
1330910 2803.7
1330920 2799.0
1330930 2794.3
1330940 2794.3
1330950 2789.2
1330960 2784.2
1330970 2778.9
1330980 2778.9
1330990 2772.7
1331000 2766.0
1331010 2766.0
1331020 2759.7
1331030 2755.4
1331040 2755.4
1331050 2752.4
1331060 2744.1
1331070 2744.1
1331080 2745.3
1331090 2746.2
1331100 2746.2
1331110 2745.8
1331120 2746.3
1331130 2746.3
1331140 2747.1
1331150 2747.4
1331160 2747.3
1331170 2747.3
1331180 2747.1
1331190 2746.0
1331200 2746.0
1331210 2745.5
1331220 2745.7
1331230 2745.7
1331240 2746.8
1331250 2749.2
1331260 2749.2
1331270 2754.3
1331280 2763.8
1331290 2763.8
1331300 2771.1
1331310 2780.0
1331320 2780.0
1331330 2786.9
1331340 2791.6
1331350 2791.6
1331360 2798.1
1331370 2805.0
1331380 2808.7
1331390 2808.7
1331400 2815.7
1331410 2824.5
1331420 2824.5
1331430 2829.0
1331440 2824.0
1331450 2824.0
1331460 2817.2
1331470 2811.4
1331480 2811.4
1331490 2806.5
1331500 2803.1
1331510 2803.1
1331520 2799.6
1331530 2795.1
1331540 2795.1
1331550 2790.9
1331560 2788.0
1331570 2788.0
1331580 2785.8
1331590 2783.4
1331600 2781.1
1331610 2781.1
1331620 2778.9
1331630 2777.8
1331640 2777.8
1331650 2778.2
1331660 2778.9
1331670 2778.9
1331680 2780.2
1331690 2781.3
1331700 2781.3
1331710 2782.3
1331720 2783.6
1331730 2783.6
1331740 2785.1
1331750 2786.5
1331760 2786.5
1331770 2787.6
1331780 2788.5
1331790 2788.5
1331800 2789.3
1331810 2790.4
1331820 2791.3
1331830 2791.3
1331840 2792.1
1331850 2793.0
1331860 2793.0
1331870 2793.8
1331880 2797.9
1331890 2797.9
1331900 2798.9
1331910 2799.8
1331920 2799.8
1331930 2800.9
1331940 2802.0
1331950 2802.0
1331960 2802.9
1331970 2804.5
1331980 2804.5
1331990 2805.5
1332000 2805.9
1332010 2806.1
1332020 2806.1
1332030 2806.3
1332040 2806.9
1332050 2806.9
1332060 2808.3
1332070 2810.2
1332080 2810.2
1332090 2812.5
1332100 2815.8
1332110 2815.8
1332120 2819.4
1332130 2822.2
1332140 2822.2
1332150 2825.0
1332160 2827.9
1332170 2827.9
1332180 2831.5
1332190 2833.9
1332200 2833.9
1332210 2836.2
1332220 2837.5
1332230 2839.1
1332240 2839.1
1332250 2840.3
1332260 2843.6
1332270 2843.6
1332280 2847.4
1332290 2851.4
1332300 2851.4
1332310 2856.1
1332320 2861.2
1332330 2861.2
1332340 2866.4
1332350 2872.6
1332360 2872.6
1332370 2879.1
1332380 2886.9
1332390 2886.9
1332400 2894.0
1332410 2900.4
1332420 2900.4
1332430 2908.8
1332440 2905.2
1332450 2888.2
1332460 2888.2
1332470 2876.3
1332480 2863.7
1332490 2863.7
1332500 2851.5
1332510 2840.6
1332520 2840.6
1332530 2830.1
1332540 2821.5
1332550 2821.5
1332560 2812.7
1332570 2803.4
1332580 2803.4
1332590 2794.7
1332600 2783.9
1332610 2783.9
1332620 2776.5
1332630 2769.2
1332640 2760.0
1332650 2760.0
1332660 2752.2
1332670 2745.3
1332680 2745.3
1332690 2738.5
1332700 2731.8
1332710 2731.8
1332720 2724.9
1332730 2718.5
1332740 2718.5
1332750 2712.2
1332760 2705.8
1332770 2705.8
1332780 2699.3
1332790 2693.1
1332800 2693.1
1332810 2687.2
1332820 2682.4
1332830 2682.4
1332840 2677.3
1332850 2671.7
1332860 2666.4
1332870 2666.4
1332880 2662.9
1332890 2660.5
1332900 2660.5
1332910 2657.9
1332920 2655.0
1332930 2655.0
1332940 2651.1
1332950 2646.4
1332960 2646.4
1332970 2643.4
1332980 2640.9
1332990 2640.9
1333000 2636.4
1333010 2632.0
1333020 2632.0
1333030 2629.2
1333040 2626.8
1333050 2626.8
1333060 2623.5
1333070 2621.6
1333080 2620.3
1333090 2620.3
1333100 2617.3
1333110 2616.2
1333120 2616.2
1333130 2616.1
1333140 2616.5
1333150 2616.5
1333160 2617.8
1333170 2620.4
1333180 2620.4
1333190 2623.5
1333200 2624.7
1333210 2624.7
1333220 2625.1
1333230 2624.4
1333240 2624.4
1333250 2623.5
1333260 2623.4
1333270 2623.4
1333280 2623.3
1333290 2624.7
1333300 2626.9
1333310 2626.9
1333320 2630.2
1333330 2633.5
1333340 2633.5
1333350 2636.5
1333360 2641.5
1333370 2641.5
1333380 2665.4
1333390 2672.3
1333400 2672.3
1333410 2678.1
