1320000 2428.6
1320010 2413.4
1320020 2395.9
1320030 2395.9
1320040 2376.1
1320050 2356.4
1320060 2356.4
1320070 2336.0
1320080 2321.8
1320090 2321.8
1320100 2313.9
1320110 2306.8
1320120 2306.8
1320130 2299.9
1320140 2293.0
1320150 2293.0
1320160 2286.2
1320170 2279.5
1320180 2273.1
1320190 2273.1
1320200 2267.0
1320210 2261.1
1320220 2261.1
1320230 2255.5
1320240 2249.9
1320250 2249.9
1320260 2243.0
1320270 2236.2
1320280 2236.2
1320290 2228.8
1320300 2221.1
1320310 2221.1
1320320 2213.4
1320330 2204.9
1320340 2204.9
1320350 2193.0
1320360 2188.2
1320370 2188.2
1320380 2181.8
1320390 2175.6
1320400 2169.6
1320410 2169.6
1320420 2160.9
1320430 2148.9
1320440 2148.9
1320450 2135.2
1320460 2096.6
1320470 2096.6
1320480 2061.6
1320490 2046.9
1320500 2046.9
1320510 2035.0
1320520 2027.2
1320530 2027.2
1320540 2020.5
1320550 2014.2
1320560 2014.2
1320570 2007.9
1320580 2005.2
1320590 2005.2
1320600 2004.9
1320610 2009.0
1320620 2015.2
1320630 2015.2
1320640 2022.6
1320650 2031.0
1320660 2031.0
1320670 2024.2
1320680 2018.9
1320690 2018.9
1320700 2015.3
1320710 2009.9
1320720 2009.9
1320730 2005.1
1320740 2001.3
1320750 2001.3
1320760 2001.9
1320770 1996.9
1320780 1996.9
1320790 1993.1
1320800 1995.2
1320810 1996.8
1320820 1996.8
1320830 1996.3
1320840 1980.1
1320850 1980.1
1320860 1958.0
1320870 1948.6
1320880 1948.6
1320890 1937.2
1320900 1927.1
1320910 1927.1
1320920 1917.8
1320930 1918.7
1320940 1918.7
1320950 1923.4
1320960 1928.2
1320970 1928.2
1320980 1926.2
1320990 1898.1
1321000 1898.1
1321010 1887.3
1321020 1878.9
1321030 1862.0
1321040 1862.0
1321050 1852.2
1321060 1845.8
1321070 1845.8
1321080 1842.0
1321090 1844.3
1321100 1844.3
1321110 1831.8
1321120 1823.3
1321130 1823.3
1321140 1829.4
1321150 1828.6
1321160 1828.6
1321170 1819.5
1321180 1812.9
1321190 1812.9
1321200 1811.9
1321210 1806.3
1321220 1806.3
1321230 1798.0
1321240 1785.4
1321250 1774.4
1321260 1774.4
1321270 1759.9
1321280 1754.7
1321290 1754.7
1321300 1755.0
1321310 1755.6
1321320 1755.6
1321330 1754.0
1321340 1752.4
1321350 1752.4
1321360 1750.5
1321370 1748.1
1321380 1748.1
1321390 1745.2
1321400 1742.4
1321410 1742.4
1321420 1739.2
1321430 1740.7
1321440 1740.7
1321450 1737.2
1321460 1733.6
1321470 1730.4
1321480 1730.4
1321490 1726.9
1321500 1723.3
1321510 1723.3
1321520 1721.0
1321530 1719.0
1321540 1719.0
1321550 1718.7
1321560 1719.1
1321570 1719.1
1321580 1720.4
1321590 1721.3
1321600 1721.3
1321610 1721.4
1321620 1722.9
1321630 1722.9
1321640 1722.9
1321650 1725.4
1321660 1725.4
1321670 1727.5
1321680 1728.0
1321690 1729.0
1321700 1729.0
1321710 1730.0
1321720 1729.9
1321730 1729.9
1321740 1729.0
1321750 1729.5
1321760 1729.5
1321770 1729.7
1321780 1730.0
1321790 1730.0
1321800 1730.6
1321810 1731.4
1321820 1731.4
1321830 1730.9
1321840 1729.8
1321850 1729.8
1321860 1730.3
1321870 1731.3
1321880 1732.8
1321890 1732.8
1321900 1734.2
1321910 1736.0
1321920 1736.0
1321930 1738.5
1321940 1740.5
1321950 1740.5
1321960 1742.8
1321970 1746.5
1321980 1746.5
1321990 1750.0
1322000 1753.6
1322010 1753.6
1322020 1758.0
1322030 1763.9
1322040 1763.9
1322050 1770.3
1322060 1777.6
1322070 1777.6
1322080 1785.1
1322090 1792.5
1322100 1802.0
1322110 1802.0
1322120 1815.0
1322130 1828.5
1322140 1828.5
1322150 1845.8
1322160 1858.5
1322170 1858.5
1322180 1864.0
1322190 1880.0
1322200 1880.0
1322210 1901.5
1322220 1915.8
1322230 1915.8
1322240 1927.3
1322250 1937.3
1322260 1937.3
1322270 1947.4
1322280 1954.7
1322290 1954.7
1322300 1962.6
1322310 1970.3
1322320 1977.9
1322330 1977.9
1322340 1986.7
1322350 1995.8
1322360 1995.8
1322370 2005.6
1322380 2014.3
1322390 2014.3
1322400 2021.9
1322410 2029.0
1322420 2029.0
1322430 2036.6
1322440 2044.9
1322450 2044.9
1322460 2052.7
1322470 2060.4
1322480 2060.4
1322490 2067.1
1322500 2073.3
1322510 2073.3
1322520 2075.6
1322530 2067.9
1322540 2059.3
1322550 2059.3
1322560 2053.4
1322570 2048.6
1322580 2048.6
1322590 2047.2
1322600 2045.3
1322610 2045.3
1322620 2041.0
1322630 2037.5
1322640 2037.5
1322650 2040.0
1322660 2040.9
1322670 2040.9
1322680 2036.7
1322690 2038.7
1322700 2038.7
1322710 2044.3
1322720 2051.0
1322730 2057.8
1322740 2057.8
1322750 2065.7
1322760 2075.4
1322770 2075.4
1322780 2084.8
1322790 2097.6
1322800 2097.6
1322810 2105.6
1322820 2114.5
1322830 2114.5
1322840 2123.7
1322850 2134.5
1322860 2134.5
1322870 2155.1
1322880 2175.3
1322890 2175.3
1322900 2187.6
1322910 2196.9
1322920 2196.9
1322930 2204.4
1322940 2211.4
1322950 2218.0
1322960 2218.0
1322970 2224.6
1322980 2230.7
1322990 2231.6
1323000 2236.4
1323010 2241.0
1323020 2241.0
1323030 2245.3
1323040 2249.7
1323050 2249.7
1323060 2253.5
1323070 2257.1
1323080 2257.1
1323090 2261.1
1323100 2265.6
1323110 2265.6
1323120 2269.5
1323130 2272.7
1323140 2272.7
1323150 2275.7
1323160 2279.1
1323170 2282.7
1323180 2282.7
1323190 2287.4
1323200 2292.8
1323210 2292.8
1323220 2297.8
1323230 2302.3
1323240 2302.3
1323250 2306.0
1323260 2309.1
1323270 2309.1
1323280 2312.5
1323290 2316.0
1323300 2316.0
1323310 2320.0
1323320 2323.9
1323330 2323.9
1323340 2327.3
1323350 2330.0
1323360 2330.0
1323370 2332.6
1323380 2336.1
1323390 2340.5
1323400 2340.5
1323410 2345.8
1323420 2351.3
1323430 2351.3
1323440 2356.7
1323450 2361.6
1323460 2361.6
1323470 2367.2
1323480 2372.8
1323490 2372.8
1323500 2377.9
1323510 2382.8
1323520 2382.8
1323530 2387.0
1323540 2390.9
1323550 2390.9
1323560 2394.2
1323570 2397.1
1323580 2397.1
1323590 2400.1
1323600 2402.7
1323610 2404.6
1323620 2404.6
1323630 2406.3
1323640 2408.3
1323650 2408.3
1323660 2410.5
1323670 2411.5
1323680 2411.5
1323690 2413.1
1323700 2416.0
1323710 2416.0
1323720 2419.4
1323730 2422.1
1323740 2422.1
1323750 2424.1
1323760 2426.6
1323770 2426.6
1323780 2425.7
1323790 2428.4
1323800 2431.6
1323810 2431.6
1323820 2434.7
1323830 2437.3
1323840 2437.3
1323850 2439.0
1323860 2440.2
1323870 2440.2
1323880 2441.8
1323890 2444.1
1323900 2444.1
1323910 2446.8
1323920 2450.5
1323930 2450.5
1323940 2454.0
1323950 2457.9
1323960 2457.9
1323970 2461.7
1323980 2465.0
1323990 2465.0
1324000 2467.8
1324010 2470.7
1324020 2473.6
1324030 2473.6
1324040 2477.0
1324050 2481.2
1324060 2481.2
1324070 2485.7
1324080 2489.7
1324090 2489.7
1324100 2493.9
1324110 2498.6
1324120 2498.6
1324130 2503.8
1324140 2508.9
1324150 2508.9
1324160 2514.0
1324170 2519.3
1324180 2519.3
1324190 2524.5
1324200 2529.4
1324210 2529.4
1324220 2534.9
1324230 2540.7
1324240 2546.3
1324250 2546.3
1324260 2552.1
1324270 2558.9
1324280 2558.9
1324290 2565.4
1324300 2571.5
1324310 2571.5
1324320 2577.7
1324330 2584.3
1324340 2584.3
1324350 2590.5
1324360 2596.2
1324370 2596.2
1324380 2602.2
1324390 2608.5
1324400 2608.5
1324410 2614.4
1324420 2620.3
1324430 2620.3
1324440 2626.0
1324450 2631.3
1324460 2637.4
1324470 2637.4
1324480 2644.3
1324490 2652.1
1324500 2652.1
1324510 2659.3
1324520 2666.1
1324530 2666.1
1324540 2674.4
1324550 2683.5
1324560 2683.5
1324570 2708.5
1324580 2726.8
1324590 2726.8
1324600 2735.1
1324610 2742.4
1324620 2742.4
1324630 2750.4
1324640 2756.4
1324650 2762.0
1324660 2762.0
1324670 2767.3
1324680 2773.6
1324690 2773.6
1324700 2779.4
1324710 2784.9
1324720 2784.9
1324730 2789.4
1324740 2792.5
1324750 2792.5
1324760 2795.6
1324770 2800.2
1324780 2800.2
1324790 2807.0
1324800 2815.0
1324810 2815.0
1324820 2822.8
1324830 2830.9
1324840 2830.9
1324850 2840.7
1324860 2848.8
1324870 2856.8
1324880 2856.8
1324890 2871.1
1324900 2896.0
1324910 2896.0
1324920 2909.7
1324930 2917.2
1324940 2917.2
1324950 2927.8
1324960 2942.2
1324970 2942.2
1324980 2955.1
1324990 2968.0
1325000 2968.0
1325010 2982.0
1325020 2986.2
1325030 2986.2
1325040 2972.0
1325050 2953.9
1325060 2953.9
1325070 2909.8
1325080 2883.9
1325090 2877.1
1325100 2877.1
1325110 2873.1
1325120 2869.7
1325130 2869.7
1325140 2866.2
1325150 2862.6
1325160 2862.6
1325170 2859.4
1325180 2856.2
1325190 2856.2
1325200 2853.2
1325210 2850.4
1325220 2850.4
1325230 2847.8
1325240 2845.2
1325250 2845.2
1325260 2842.7
1325270 2840.2
1325280 2840.2
1325290 2837.8
1325300 2835.6
1325310 2833.6
1325320 2833.6
1325330 2831.6
1325340 2829.4
1325350 2829.4
1325360 2831.6
1325370 2829.8
1325380 2829.8
1325390 2828.1
1325400 2826.4
1325410 2826.4
1325420 2824.6
1325430 2822.8
1325440 2822.8
1325450 2820.9
1325460 2819.0
1325470 2819.0
1325480 2817.4
1325490 2816.1
1325500 2816.1
1325510 2814.6
1325520 2812.6
1325530 2810.6
1325540 2810.6
1325550 2808.5
1325560 2806.6
1325570 2806.6
1325580 2804.9
1325590 2803.4
1325600 2803.4
1325610 2802.3
1325620 2801.4
1325630 2801.4
1325640 2800.7
1325650 2800.1
1325660 2800.1
1325670 2799.4
1325680 2798.5
1325690 2798.5
1325700 2797.8
1325710 2797.4
1325720 2797.5
1325730 2797.5
1325740 2797.7
1325750 2799.1
1325760 2799.1
1325770 2804.9
1325780 2817.2
1325790 2817.2
1325800 2824.2
1325810 2816.2
1325820 2816.2
1325830 2799.1
1325840 2781.8
1325850 2781.8
1325860 2765.0
1325870 2743.9
1325880 2743.9
1325890 2727.3
1325900 2714.1
1325910 2714.1
1325920 2702.2
1325930 2690.2
1325940 2677.3
1325950 2677.3
1325960 2668.4
1325970 2661.6
1325980 2661.6
1325990 2655.3
1326000 2649.3
1326010 2649.3
1326020 2643.1
1326030 2638.3
1326040 2638.3
1326050 2634.5
1326060 2630.7
1326070 2630.7
1326080 2627.3
1326090 2626.2
1326100 2626.2
1326110 2626.5
1326120 2624.6
1326130 2624.6
1326140 2614.5
1326150 2600.7
1326160 2583.7
1326170 2583.7
1326180 2576.7
1326190 2567.8
1326200 2567.8
1326210 2558.2
1326220 2549.5
1326230 2549.5
1326240 2544.3
1326250 2540.5
1326260 2540.5
1326270 2536.6
1326280 2532.5
1326290 2532.5
1326300 2528.7
1326310 2524.7
1326320 2524.7
1326330 2520.8
1326340 2516.7
1326350 2516.7
1326360 2512.4
1326370 2508.3
1326380 2504.5
1326390 2504.5
1326400 2501.3
1326410 2498.5
1326420 2498.5
1326430 2495.9
1326440 2493.5
1326450 2493.5
1326460 2491.4
1326470 2489.6
1326480 2489.6
1326490 2488.3
1326500 2487.5
1326510 2487.5
1326520 2487.2
1326530 2487.2
1326540 2487.2
1326550 2487.0
1326560 2486.3
1326570 2484.3
1326580 2484.3
1326590 2481.2
1326600 2478.0
1326610 2478.0
1326620 2474.5
1326630 2471.1
1326640 2471.1
1326650 2468.4
1326660 2466.3
1326670 2466.3
1326680 2462.7
1326690 2456.7
1326700 2456.7
1326710 2449.6
1326720 2442.8
1326730 2442.8
1326740 2436.4
1326750 2430.4
1326760 2430.4
1326770 2424.7
1326780 2419.9
1326790 2416.7
1326800 2416.7
1326810 2414.8
1326820 2413.0
1326830 2413.0
1326840 2410.2
1326850 2407.4
1326860 2407.4
1326870 2404.0
1326880 2400.0
1326890 2400.0
1326900 2397.2
1326910 2396.2
1326920 2396.2
1326930 2396.0
1326940 2396.1
1326950 2396.1
1326960 2400.9
1326970 2395.9
1326980 2395.9
1326990 2389.2
1327000 2382.9
1327010 2377.0
1327020 2377.0
1327030 2371.5
1327040 2365.9
1327050 2365.9
1327060 2360.2
1327070 2354.6
1327080 2354.6
1327090 2349.4
1327100 2343.7
1327110 2343.7
1327120 2338.4
1327130 2334.9
1327140 2334.9
1327150 2333.2
1327160 2332.5
1327170 2332.5
1327180 2332.1
1327190 2331.9
1327200 2331.9
1327210 2329.7
1327220 2326.6
1327230 2323.0
1327240 2323.0
1327250 2320.4
1327260 2317.5
1327270 2317.5
1327280 2312.6
1327290 2307.9
1327300 2307.9
1327310 2304.3
1327320 2300.7
1327330 2300.7
1327340 2296.6
1327350 2292.8
1327360 2292.8
1327370 2287.9
1327380 2281.9
1327390 2281.9
1327400 2275.3
1327410 2269.0
1327420 2269.0
1327430 2262.6
1327440 2256.4
1327450 2250.2
1327460 2250.2
1327470 2243.8
1327480 2237.5
1327490 2237.5
1327500 2231.0
1327510 2224.6
1327520 2224.6
1327530 2218.0
1327540 2210.9
1327550 2210.9
1327560 2203.8
1327570 2197.4
1327580 2197.4
1327590 2191.1
1327600 2185.3
1327610 2185.3
1327620 2180.2
1327630 2174.7
1327640 2168.6
1327650 2168.6
1327660 2163.8
1327670 2160.1
1327680 2160.1
1327690 2155.1
1327700 2148.7
1327710 2148.7
1327720 2143.1
1327730 2138.0
1327740 2138.0
1327750 2132.1
1327760 2125.1
1327770 2129.6
1327780 2127.5
1327790 2123.5
1327800 2123.5
1327810 2118.7
1327820 2113.1
1327830 2113.1
1327840 2107.0
1327850 2101.4
1327860 2095.7
1327870 2095.7
1327880 2089.8
1327890 2082.7
1327900 2082.7
1327910 2075.1
1327920 2068.8
1327930 2068.8
1327940 2063.5
1327950 2058.5
1327960 2058.5
1327970 2054.9
1327980 2054.6
1327990 2054.6
1328000 2057.7
1328010 2058.2
1328020 2058.2
1328030 2058.4
1328040 2060.7
1328050 2060.7
1328060 2063.7
1328070 2063.8
1328080 2057.1
1328090 2057.1
1328100 2048.2
1328110 2040.9
1328120 2040.9
1328130 2029.5
1328140 2017.1
1328150 2017.1
1328160 2010.3
1328170 2006.2
1328180 2006.2
1328190 2001.6
1328200 1998.9
1328210 1998.9
1328220 1994.3
1328230 1988.2
1328240 1988.2
1328250 1982.4
1328260 1976.5
1328270 1976.5
1328280 1973.0
1328290 1973.4
1328300 1975.6
1328310 1975.6
1328320 1970.5
1328330 1965.4
1328340 1965.4
1328350 1965.3
1328360 1970.8
1328370 1970.8
1328380 1971.5
1328390 1970.4
1328400 1970.4
1328410 1968.1
1328420 1965.4
1328430 1965.4
1328440 1964.3
1328450 1963.4
1328460 1963.4
1328470 1958.6
1328480 1955.2
1328490 1959.1
1328500 1959.1
1328510 1959.7
1328520 1960.0
1328530 1960.0
1328540 1960.5
1328550 1961.4
1328560 1961.4
1328570 1962.8
1328580 1968.1
1328590 1968.1
1328600 1969.4
1328610 1970.1
1328620 1970.1
1328630 1973.1
1328640 1976.8
1328650 1976.8
1328660 1979.3
1328670 1981.6
1328680 1981.6
1328690 1984.3
1328700 1985.8
1328710 1986.2
1328720 1986.2
1328730 1987.1
1328740 1988.5
1328750 1988.5
1328760 1992.9
1328770 2002.4
1328780 2002.4
1328790 2015.9
1328800 2027.1
1328810 2027.1
1328820 2034.6
1328830 2039.5
1328840 2039.5
1328850 2044.5
1328860 2049.0
1328870 2049.0
1328880 2052.1
1328890 2055.7
1328900 2055.7
1328910 2059.3
1328920 2062.4
1328930 2066.6
1328940 2066.6
1328950 2071.0
1328960 2074.0
1328970 2074.0
1328980 2073.2
1328990 2067.2
1329000 2067.2
1329010 2072.9
1329020 2082.5
1329030 2082.5
1329040 2089.1
1329050 2093.5
1329060 2093.5
1329070 2097.0
1329080 2099.4
1329090 2099.4
1329100 2100.7
1329110 2104.1
1329120 2104.1
1329130 2109.4
1329140 2115.0
1329150 2120.2
1329160 2120.2
1329170 2124.9
1329180 2128.8
1329190 2128.8
1329200 2131.9
1329210 2134.9
1329220 2134.9
1329230 2138.6
1329240 2141.8
1329250 2141.8
1329260 2143.7
1329270 2145.4
1329280 2145.4
1329290 2148.0
1329300 2150.5
1329310 2150.5
1329320 2152.9
1329330 2155.3
1329340 2158.1
1329350 2158.1
1329360 2161.1
1329370 2164.1
1329380 2164.1
1329390 2167.1
1329400 2172.8
1329410 2172.8
1329420 2176.3
1329430 2179.4
1329440 2179.4
1329450 2182.5
1329460 2185.4
1329470 2185.4
1329480 2188.2
1329490 2191.3
1329500 2191.3
1329510 2193.6
1329520 2195.9
1329530 2195.9
1329540 2197.6
1329550 2199.2
1329560 2201.6
1329570 2201.6
1329580 2203.8
1329590 2205.1
1329600 2205.1
1329610 2206.7
1329620 2208.7
1329630 2208.7
1329640 2211.7
1329650 2215.5
1329660 2215.5
1329670 2218.6
1329680 2221.9
1329690 2221.9
1329700 2225.2
1329710 2228.3
1329720 2228.3
1329730 2231.3
1329740 2235.7
1329750 2235.7
1329760 2239.8
1329770 2243.9
1329780 2246.8
1329790 2246.8
1329800 2250.1
1329810 2253.6
1329820 2253.6
1329830 2257.0
1329840 2260.6
1329850 2260.6
1329860 2264.2
1329870 2268.5
1329880 2268.5
1329890 2273.7
1329900 2279.0
1329910 2279.0
1329920 2283.3
1329930 2287.6
1329940 2287.6
1329950 2292.1
1329960 2296.7
1329970 2296.7
1329980 2301.1
1329990 2306.0
1330000 2310.9
1330010 2310.9
1330020 2315.4
1330030 2320.0
1330040 2320.0
1330050 2324.7
1330060 2329.0
1330070 2329.0
1330080 2332.9
1330090 2336.5
1330100 2336.5
1330110 2338.0
1330120 2338.8
1330130 2338.8
1330140 2345.0
1330150 2351.6
1330160 2351.6
1330170 2354.9
1330180 2356.8
1330190 2356.8
1330200 2359.6
1330210 2364.8
1330220 2373.3
1330230 2373.3
1330240 2378.2
1330250 2381.7
1330260 2381.7
1330270 2384.2
1330280 2385.0
1330290 2385.0
1330300 2384.9
1330310 2384.9
1330320 2384.9
1330330 2385.7
1330340 2387.4
1330350 2387.4
1330360 2389.3
1330370 2392.2
1330380 2392.2
1330390 2395.4
1330400 2398.6
1330410 2401.9
1330420 2401.9
1330430 2404.2
1330440 2404.2
1330450 2404.2
1330460 2403.7
1330470 2406.6
1330480 2406.6
1330490 2410.8
1330500 2415.0
1330510 2415.0
1330520 2419.5
1330530 2424.5
1330540 2424.5
1330550 2429.1
1330560 2433.3
1330570 2433.3
1330580 2437.7
1330590 2442.4
1330600 2442.4
1330610 2447.1
1330620 2450.5
1330630 2452.0
1330640 2452.0
1330650 2455.8
1330660 2465.5
1330670 2465.5
1330680 2473.1
1330690 2485.4
1330700 2485.4
1330710 2504.6
1330720 2516.1
1330730 2516.1
1330740 2524.5
1330750 2533.0
1330760 2533.0
1330770 2544.5
1330780 2559.0
1330790 2559.0
1330800 2576.5
1330810 2589.7
1330820 2589.7
1330830 2604.0
1330840 2617.9
1330850 2629.3
1330860 2629.3
1330870 2640.1
1330880 2649.9
1330890 2649.9
1330900 2662.5
1330910 2675.0
1330920 2675.0
1330930 2690.0
1330940 2702.5
1330950 2702.5
1330960 2700.8
1330970 2697.5
1330980 2697.5
1330990 2693.3
1331000 2689.1
1331010 2689.1
1331020 2685.3
1331030 2681.3
1331040 2687.1
1331050 2682.4
1331060 2678.1
1331070 2674.6
1331080 2674.6
1331090 2670.8
1331100 2667.6
1331110 2667.6
1331120 2666.0
1331130 2665.2
1331140 2665.2
1331150 2664.3
1331160 2663.6
1331170 2663.6
1331180 2662.7
1331190 2661.2
1331200 2661.2
1331210 2659.4
1331220 2657.3
1331230 2657.3
1331240 2655.3
1331250 2653.3
1331260 2651.7
1331270 2651.7
1331280 2650.1
1331290 2648.2
1331300 2648.2
1331310 2646.5
1331320 2645.0
1331330 2645.0
1331340 2643.3
1331350 2640.9
1331360 2640.9
1331370 2638.5
1331380 2635.8
1331390 2635.8
1331400 2632.9
1331410 2631.6
1331420 2631.6
1331430 2629.8
1331440 2625.9
1331450 2625.9
1331460 2620.1
1331470 2613.0
1331480 2607.6
1331490 2607.6
1331500 2602.8
1331510 2598.1
1331520 2598.1
1331530 2591.7
1331540 2586.1
1331550 2586.1
1331560 2584.0
1331570 2582.9
1331580 2582.9
1331590 2582.8
1331600 2582.6
1331610 2582.6
1331620 2579.7
1331630 2574.2
1331640 2574.2
1331650 2573.1
1331660 2573.8
1331670 2573.8
1331680 2573.2
1331690 2572.1
1331700 2570.5
1331710 2570.5
1331720 2568.4
1331730 2566.5
1331740 2566.5
1331750 2564.1
1331760 2559.9
1331770 2559.9
1331780 2556.1
1331790 2552.4
1331800 2552.4
1331810 2549.7
1331820 2548.4
1331830 2548.4
1331840 2547.4
1331850 2546.2
1331860 2546.2
1331870 2551.5
1331880 2550.5
1331890 2550.5
1331900 2549.7
1331910 2549.2
1331920 2548.6
1331930 2548.6
1331940 2546.9
1331950 2544.4
1331960 2544.4
1331970 2542.6
1331980 2544.5
1331990 2544.5
1332000 2544.9
1332010 2544.0
1332020 2544.0
1332030 2543.9
1332040 2544.7
1332050 2544.7
1332060 2546.3
1332070 2548.2
1332080 2548.2
1332090 2549.9
1332100 2552.4
1332110 2552.4
1332120 2555.0
1332130 2557.6
1332140 2560.4
1332150 2560.4
1332160 2563.3
1332170 2566.3
1332180 2566.3
1332190 2569.4
1332200 2572.5
1332210 2572.5
1332220 2575.7
1332230 2579.0
1332240 2579.0
1332250 2582.3
1332260 2586.2
1332270 2586.2
1332280 2589.9
1332290 2593.8
1332300 2593.8
1332310 2597.8
1332320 2602.0
1332330 2606.1
1332340 2606.1
1332350 2610.4
1332360 2614.6
1332370 2614.6
1332380 2619.0
1332390 2624.0
1332400 2624.0
1332410 2629.0
1332420 2634.1
1332430 2634.1
1332440 2639.0
1332450 2644.5
1332460 2644.5
1332470 2650.0
1332480 2655.5
1332490 2655.5
1332500 2660.9
1332510 2667.3
1332520 2667.3
1332530 2674.4
1332540 2681.8
1332550 2688.9
1332560 2688.9
1332570 2695.9
1332580 2703.2
1332590 2703.2
1332600 2711.2
1332610 2719.4
1332620 2719.4
1332630 2727.9
1332640 2738.3
1332650 2738.3
1332660 2751.0
1332670 2763.3
1332680 2763.3
1332690 2773.8
1332700 2792.2
1332710 2792.2
1332720 2796.3
1332730 2802.4
1332740 2802.4
1332750 2810.7
1332760 2819.4
1332770 2829.6
1332780 2829.6
1332790 2840.7
1332800 2854.6
1332810 2854.6
1332820 2870.8
1332830 2898.8
1332840 2898.8
1332850 2923.5
1332860 2933.7
1332870 2933.7
1332880 2938.6
1332890 2943.5
1332900 2943.5
1332910 2948.6
1332920 2953.9
1332930 2953.9
1332940 2958.6
1332950 2962.8
1332960 2962.8
1332970 2967.4
1332980 2969.2
1332990 2962.3
1333000 2962.3
1333010 2948.9
1333020 2940.0
1333030 2940.0
1333040 2938.3
1333050 2938.8
1333060 2938.8
1333070 2940.5
1333080 2943.4
1333090 2943.4
1333100 2947.7
1333110 2953.4
1333120 2953.4
1333130 2958.5
1333140 2956.2
1333150 2956.2
1333160 2951.0
1333170 2945.1
1333180 2939.5
1333190 2939.5
1333200 2934.6
1333210 2930.1
1333220 2930.1
1333230 2926.9
1333240 2923.9
1333250 2923.9
1333260 2921.3
1333270 2919.0
1333280 2919.0
1333290 2917.5
1333300 2916.1
1333310 2916.1
1333320 2914.6
1333330 2912.7
1333340 2912.7
1333350 2910.0
1333360 2906.6
1333370 2906.6
1333380 2904.3
1333390 2902.7
1333400 2901.8
1333410 2901.8
1333420 2897.6
1333430 2893.3
1333440 2893.3
1333450 2890.0
1333460 2889.1
1333470 2889.1
1333480 2890.1
1333490 2891.5
1333500 2891.5
1333510 2892.1
1333520 2890.1
1333530 2890.1
1333540 2878.4
1333550 2878.0
1333560 2878.0
1333570 2879.5
1333580 2883.4
1333590 2883.4
1333600 2894.9
1333610 2917.6
1333620 2934.4
1333630 2934.4
1333640 2934.2
1333650 2927.0
1333660 2927.0
1333670 2920.3
1333680 2917.2
1333690 2917.2
1333700 2916.3
1333710 2923.2
1333720 2923.2
1333730 2947.1
1333740 2964.0
1333750 2964.0
1333760 2974.5
1333770 2988.3
1333780 2988.3
1333790 3001.5
1333800 3011.0
1333810 3011.0
1333820 3013.1
1333830 3013.3
1333840 3018.8
1333850 3018.8
1333860 3032.4
1333870 3040.1
1333880 3040.1
1333890 3045.6
1333900 3052.9
1333910 3052.9
1333920 3062.3
1333930 3073.6
1333940 3073.6
1333950 3078.9
1333960 3086.4
1333970 3086.4
1333980 3094.3
1333990 3101.5
1334000 3101.5
1334010 3109.9
1334020 3119.0
1334030 3128.5
1334040 3128.5
1334050 3138.8
1334060 3152.0
1334070 3152.0
1334080 3164.4
1334090 3166.1
1334100 3166.1
1334110 3162.6
1334120 3159.6
1334130 3159.6
1334140 3157.5
1334150 3155.8
1334160 3155.8
1334170 3154.3
1334180 3152.7
1334190 3152.7
1334200 3150.9
1334210 3149.0
1334220 3149.0
1334230 3146.7
1334240 3143.9
1334250 3140.6
1334260 3140.6
1334270 3137.1
1334280 3133.7
1334290 3133.7
1334300 3130.5
1334310 3127.6
1334320 3127.6
1334330 3124.9
1334340 3122.9
1334350 3122.9
1334360 3121.1
1334370 3119.3
1334380 3125.0
1334390 3123.3
1334400 3121.5
1334410 3121.5
1334420 3119.4
1334430 3117.1
1334440 3117.1
1334450 3114.8
1334460 3112.5
1334470 3110.1
1334480 3110.1
1334490 3107.9
1334500 3105.7
1334510 3105.7
1334520 3103.8
1334530 3102.4
1334540 3102.4
1334550 3101.3
1334560 3100.4
1334570 3100.4
1334580 3099.8
1334590 3097.9
1334600 3097.9
1334610 3092.3
1334620 3082.5
1334630 3082.5
1334640 3072.3
1334650 3062.9
1334660 3062.9
1334670 3055.6
1334680 3050.2
1334690 3044.3
1334700 3044.3
1334710 3037.5
1334720 3028.0
1334730 3028.0
1334740 3020.0
1334750 3011.4
1334760 3011.4
1334770 3003.0
1334780 2995.1
1334790 2995.1
1334800 2988.6
1334810 2982.0
1334820 2982.0
1334830 2971.4
1334840 2956.8
1334850 2956.8
1334860 2930.0
1334870 2900.6
1334880 2900.6
1334890 2874.7
1334900 2863.0
1334910 2858.6
1334920 2858.6
1334930 2855.1
1334940 2852.5
1334950 2852.5
1334960 2849.9
1334970 2847.3
1334980 2847.3
1334990 2843.2
1335000 2832.9
1335010 2832.9
1335020 2821.1
1335030 2808.6
1335040 2808.6
1335050 2795.2
1335060 2780.6
1335070 2780.6
1335080 2771.5
1335090 2766.4
1335100 2762.3
1335110 2762.3
1335120 2758.7
1335130 2756.0
1335140 2756.0
1335150 2753.8
1335160 2752.0
1335170 2752.0
1335180 2751.7
1335190 2752.9
1335200 2752.9
1335210 2751.4
1335220 2746.5
1335230 2740.1
1335240 2733.1
1335250 2726.0
1335260 2726.0
1335270 2720.8
1335280 2714.5
1335290 2714.5
1335300 2710.9
1335310 2711.7
1335320 2711.2
1335330 2711.2
1335340 2705.1
1335350 2698.4
1335360 2698.4
1335370 2692.4
1335380 2686.8
1335390 2686.8
1335400 2682.9
1335410 2678.9
1335420 2678.9
1335430 2672.4
1335440 2663.0
1335450 2663.0
1335460 2651.7
1335470 2642.1
1335480 2642.1
1335490 2634.2
1335500 2623.8
1335510 2623.8
1335520 2612.6
1335530 2601.4
1335540 2592.6
1335550 2592.6
1335560 2588.2
1335570 2584.1
1335580 2584.1
1335590 2580.3
1335600 2577.5
1335610 2577.5
1335620 2576.0
1335630 2575.0
1335640 2575.0
1335650 2573.8
1335660 2572.8
1335670 2572.8
1335680 2573.2
1335690 2574.1
1335700 2574.1
1335710 2575.8
1335720 2577.8
1335730 2577.8
1335740 2590.2
1335750 2605.1
1335760 2620.5
1335770 2620.5
1335780 2633.1
1335790 2640.0
1335800 2640.0
1335810 2645.4
1335820 2657.9
1335830 2657.9
1335840 2662.6
1335850 2662.5
1335860 2662.5
1335870 2661.6
1335880 2664.6
1335890 2664.6
1335900 2666.0
1335910 2668.7
1335920 2668.7
1335930 2672.9
1335940 2680.2
1335950 2689.9
1335960 2689.9
1335970 2698.2
1335980 2708.2
1335990 2708.2
1336000 2712.2
1336010 2712.5
1336020 2712.5
1336030 2710.9
1336040 2708.2
1336050 2708.2
1336060 2706.4
1336070 2706.2
1336080 2701.8
1336090 2701.6
1336100 2701.3
1336110 2701.3
1336120 2701.0
1336130 2700.7
1336140 2700.7
1336150 2700.6
1336160 2699.7
1336170 2693.4
1336180 2693.4
1336190 2685.2
1336200 2670.4
1336210 2670.4
1336220 2664.0
1336230 2657.3
1336240 2657.3
1336250 2651.0
1336260 2647.9
1336270 2647.9
1336280 2644.6
1336290 2642.5
1336300 2642.5
1336310 2652.3
1336320 2656.6
1336330 2656.6
1336340 2656.3
1336350 2653.5
1336360 2653.5
1336370 2653.7
1336380 2654.4
1336390 2654.6
1336400 2654.6
1336410 2659.4
1336420 2668.6
1336430 2668.6
1336440 2670.1
1336450 2662.5
1336460 2662.5
1336470 2654.9
1336480 2647.6
1336490 2647.6
1336500 2639.9
1336510 2637.4
1336520 2637.4
1336530 2637.1
1336540 2636.9
1336550 2636.9
1336560 2636.4
1336570 2635.7
1336580 2635.7
1336590 2634.4
1336600 2634.9
1336610 2636.4
1336620 2636.4
1336630 2635.7
1336640 2633.9
1336650 2633.9
1336660 2630.8
1336670 2627.5
1336680 2627.5
1336690 2624.9
1336700 2624.2
1336710 2624.2
1336720 2623.2
1336730 2622.7
1336740 2622.7
1336750 2622.9
1336760 2623.6
1336770 2623.6
1336780 2625.7
1336790 2627.2
1336800 2627.2
1336810 2627.2
1336820 2626.5
1336830 2626.5
1336840 2626.5
1336850 2628.0
1336860 2631.9
1336870 2631.9
1336880 2635.9
1336890 2640.8
1336900 2640.8
1336910 2644.7
1336920 2645.8
1336930 2641.7
1336940 2639.8
1336950 2640.6
1336960 2640.6
1336970 2644.4
1336980 2648.3
1336990 2648.3
1337000 2649.7
1337010 2648.8
1337020 2647.6
1337030 2647.6
1337040 2640.2
1337050 2630.4
1337060 2630.4
1337070 2625.6
1337080 2625.4
1337090 2625.4
1337100 2623.9
1337110 2623.8
1337120 2623.8
1337130 2625.9
1337140 2630.7
1337150 2630.7
1337160 2636.3
1337170 2640.3
1337180 2640.3
1337190 2635.6
1337200 2627.0
1337210 2627.0
1337220 2621.0
1337230 2614.5
1337240 2606.9
1337250 2606.9
1337260 2600.8
1337270 2594.3
1337280 2594.3
1337290 2589.2
1337300 2585.6
1337310 2585.6
1337320 2583.1
1337330 2578.3
1337340 2578.3
1337350 2570.2
1337360 2563.6
1337370 2563.6
1337380 2555.2
1337390 2547.0
1337400 2547.0
1337410 2542.5
1337420 2539.8
1337430 2539.8
1337440 2537.1
1337450 2535.1
1337460 2533.2
1337470 2533.2
1337480 2530.5
1337490 2528.0
1337500 2528.0
1337510 2525.4
1337520 2521.0
1337530 2521.0
1337540 2517.6
1337550 2516.6
1337560 2516.6
1337570 2515.4
1337580 2514.3
1337590 2514.3
1337600 2512.2
1337610 2508.4
1337620 2508.4
1337630 2505.3
1337640 2502.5
1337650 2502.5
1337660 2499.4
1337670 2496.3
1337680 2492.8
1337690 2492.8
1337700 2489.8
1337710 2487.5
1337720 2487.5
1337730 2485.6
1337740 2485.3
1337750 2485.3
1337760 2484.5
1337770 2484.1
1337780 2484.1
1337790 2489.8
1337800 2491.2
1337810 2491.2
1337820 2493.7
1337830 2496.3
1337840 2496.3
1337850 2498.9
1337860 2501.7
1337870 2505.0
1337880 2505.0
1337890 2508.5
1337900 2513.3
1337910 2513.3
1337920 2517.4
1337930 2521.3
1337940 2521.3
1337950 2524.7
1337960 2527.6
1337970 2527.6
1337980 2530.2
1337990 2532.8
1338000 2532.8
1338010 2535.3
1338020 2537.6
1338030 2537.6
1338040 2540.0
1338050 2542.3
1338060 2542.3
1338070 2544.2
1338080 2546.4
1338090 2548.8
1338100 2548.8
1338110 2551.2
1338120 2553.9
1338130 2553.9
1338140 2556.3
1338150 2559.2
1338160 2559.2
1338170 2562.6
1338180 2565.2
1338190 2565.2
1338200 2567.5
1338210 2570.5
1338220 2570.5
1338230 2573.6
1338240 2576.4
1338250 2576.4
1338260 2578.1
1338270 2580.4
1338280 2580.4
1338290 2583.2
1338300 2584.1
1338310 2581.1
1338320 2581.1
1338330 2576.5
1338340 2569.4
1338350 2569.4
1338360 2561.5
1338370 2555.2
1338380 2555.2
1338390 2549.9
1338400 2544.5
1338410 2544.5
1338420 2539.7
1338430 2536.5
1338440 2536.5
1338450 2532.9
1338460 2530.1
1338470 2530.1
1338480 2527.1
1338490 2523.6
1338500 2523.6
1338510 2519.7
1338520 2515.9
1338530 2512.4
1338540 2512.4
1338550 2510.5
1338560 2507.5
1338570 2507.5
1338580 2505.6
1338590 2504.0
1338600 2504.0
1338610 2502.4
1338620 2501.5
1338630 2501.5
1338640 2500.6
1338650 2500.3
1338660 2496.4
1338670 2496.6
1338680 2497.0
1338690 2497.0
1338700 2496.0
1338710 2495.2
1338720 2495.0
1338730 2495.0
1338740 2494.3
1338750 2493.8
1338760 2493.8
1338770 2492.8
1338780 2492.0
1338790 2492.0
1338800 2491.8
1338810 2492.8
1338820 2492.8
1338830 2494.9
1338840 2496.7
1338850 2496.7
1338860 2499.1
1338870 2501.4
1338880 2501.4
1338890 2498.3
1338900 2491.1
1338910 2491.1
1338920 2484.3
1338930 2478.7
1338940 2473.6
1338950 2473.6
1338960 2467.9
1338970 2463.1
1338980 2463.1
1338990 2459.6
1339000 2455.2
1339010 2455.2
1339020 2451.6
1339030 2448.9
1339040 2448.9
1339050 2446.2
1339060 2443.6
1339070 2443.6
1339080 2441.4
1339090 2440.2
1339100 2440.2
1339110 2439.8
1339120 2439.0
1339130 2439.0
1339140 2439.4
1339150 2439.1
1339160 2438.2
1339170 2438.2
1339180 2436.8
1339190 2436.0
1339200 2436.0
1339210 2434.7
1339220 2433.9
1339230 2433.9
1339240 2434.8
1339250 2437.3
1339260 2437.3
1339270 2440.2
1339280 2443.6
1339290 2443.6
1339300 2446.2
1339310 2448.5
1339320 2448.5
1339330 2452.0
1339340 2456.4
1339350 2456.4
1339360 2460.7
1339370 2465.3
1339380 2469.1
1339390 2469.1
1339400 2472.5
1339410 2476.5
1339420 2476.5
1339430 2479.1
1339440 2476.7
1339450 2476.7
1339460 2471.2
1339470 2466.0
1339480 2466.0
1339490 2461.0
1339500 2457.1
1339510 2457.1
1339520 2456.9
1339530 2454.9
1339540 2454.9
1339550 2454.5
1339560 2453.6
1339570 2453.6
1339580 2453.6
1339590 2454.4
1339600 2453.5
1339610 2453.5
1339620 2449.9
1339630 2445.0
1339640 2445.0
1339650 2442.7
1339660 2441.8
1339670 2441.8
1339680 2442.9
1339690 2443.7
1339700 2443.7
1339710 2443.2
1339720 2441.8
1339730 2441.8
1339740 2439.2
1339750 2436.8
1339760 2436.8
1339770 2435.3
1339780 2433.1
1339790 2431.2
1339800 2431.2
1339810 2430.5
1339820 2430.6
1339830 2430.6
