1320000 2218.7
1320010 2218.7
1320020 2209.0
1320030 2193.4
1320040 2193.4
1320050 2179.7
1320060 2171.3
1320070 2164.3
1320080 2164.3
1320090 2155.1
1320100 2147.2
1320110 2147.2
1320120 2142.7
1320130 2138.1
1320140 2138.1
1320150 2132.5
1320160 2128.1
1320170 2128.1
1320180 2117.0
1320190 2084.4
1320200 2084.4
1320210 2051.7
1320220 2037.7
1320230 2037.7
1320240 2035.8
1320250 2033.1
1320260 2033.1
1320270 2034.1
1320280 2034.5
1320290 2046.0
1320300 2046.0
1320310 2043.1
1320320 2034.1
1320330 2034.1
1320340 2027.0
1320350 2029.1
1320360 2029.1
1320370 2040.9
1320380 2054.8
1320390 2054.8
1320400 2052.6
1320410 2048.4
1320420 2048.4
1320430 2041.9
1320440 2035.5
1320450 2035.5
1320460 2025.8
1320470 2017.9
1320480 2017.9
1320490 2006.8
1320500 1998.2
1320510 1986.9
1320520 1986.9
1320530 1974.5
1320540 1958.4
1320550 1958.4
1320560 1942.0
1320570 1933.2
1320580 1933.2
1320590 1917.6
1320600 1902.9
1320610 1902.9
1320620 1885.5
1320630 1851.3
1320640 1851.3
1320650 1841.1
1320660 1834.4
1320670 1834.4
1320680 1826.7
1320690 1822.4
1320700 1826.1
1320710 1826.1
1320720 1827.9
1320730 1817.6
1320740 1817.6
1320750 1805.9
1320760 1793.0
1320770 1793.0
1320780 1788.1
1320790 1780.3
1320800 1780.3
1320810 1770.0
1320820 1763.2
1320830 1763.2
1320840 1758.4
1320850 1751.1
1320860 1751.1
1320870 1746.3
1320880 1742.6
1320890 1742.6
1320900 1737.8
1320910 1732.0
1320920 1726.2
1320930 1726.2
1320940 1724.2
1320950 1722.5
1320960 1722.5
1320970 1720.1
1320980 1721.9
1320990 1721.9
1321000 1719.0
1321010 1717.0
1321020 1717.0
1321030 1714.8
1321040 1712.3
1321050 1712.3
1321060 1715.4
1321070 1712.7
1321080 1712.7
1321090 1709.3
1321100 1705.9
1321110 1705.9
1321120 1702.1
1321130 1697.7
1321140 1693.3
1321150 1693.3
1321160 1688.7
1321170 1684.3
1321180 1684.3
1321190 1680.3
1321200 1676.6
1321210 1676.6
1321220 1673.2
1321230 1669.8
1321240 1669.8
1321250 1666.6
1321260 1663.5
1321270 1663.5
1321280 1660.3
1321290 1657.4
1321300 1657.4
1321310 1655.4
1321320 1655.4
1321330 1655.4
1321340 1655.4
1321350 1656.7
1321360 1658.1
1321370 1658.1
1321380 1658.8
1321390 1659.7
1321400 1659.7
1321410 1660.9
1321420 1661.6
1321430 1661.6
1321440 1663.2
1321450 1663.3
1321460 1663.3
1321470 1663.0
1321480 1662.7
1321490 1662.7
1321500 1663.8
1321510 1664.3
1321520 1664.3
1321530 1666.5
1321540 1667.8
1321550 1667.8
1321560 1668.2
1321570 1668.0
1321580 1669.4
1321590 1669.4
1321600 1670.8
1321610 1672.3
1321620 1672.3
1321630 1673.1
1321640 1674.3
1321650 1674.3
1321660 1676.6
1321670 1678.9
1321680 1678.9
1321690 1681.1
1321700 1684.0
1321710 1684.0
1321720 1688.0
1321730 1693.4
1321740 1693.4
1321750 1698.1
1321760 1703.1
1321770 1708.1
1321780 1708.1
1321790 1712.5
1321800 1717.4
1321810 1717.4
1321820 1722.6
1321830 1728.5
1321840 1727.3
1321850 1734.0
1321860 1748.2
1321870 1748.2
1321880 1762.8
1321890 1774.9
1321900 1774.9
1321910 1785.6
1321920 1798.2
1321930 1798.2
1321940 1811.5
1321950 1823.1
1321960 1823.1
1321970 1833.0
1321980 1844.6
1321990 1859.1
1322000 1859.1
1322010 1870.6
1322020 1877.8
1322030 1877.8
1322040 1898.1
1322050 1923.5
1322060 1923.5
1322070 1943.4
1322080 1954.2
1322090 1954.2
1322100 1948.8
1322110 1939.0
1322120 1939.0
1322130 1926.7
1322140 1922.0
1322150 1922.0
1322160 1918.2
1322170 1920.1
1322180 1920.1
1322190 1925.8
1322200 1932.0
1322210 1938.0
1322220 1938.0
1322230 1944.6
1322240 1951.6
1322250 1951.6
1322260 1959.8
1322270 1968.8
1322280 1968.8
1322290 1976.7
1322300 1985.0
1322310 1985.0
1322320 1993.3
1322330 2004.7
1322340 2004.7
1322350 2018.7
1322360 2030.9
1322370 2030.9
1322380 2042.1
1322390 2050.1
1322400 2050.1
1322410 2060.6
1322420 2072.1
1322430 2079.5
1322440 2079.5
1322450 2086.4
1322460 2093.3
1322470 2093.3
1322480 2101.2
1322490 2110.3
1322500 2110.3
1322510 2123.0
1322520 2137.6
1322530 2137.6
1322540 2148.4
1322550 2158.8
1322560 2158.8
1322570 2169.2
1322580 2178.6
1322590 2178.6
1322600 2186.9
1322610 2195.2
1322620 2198.6
1322630 2207.2
1322640 2215.0
1322650 2222.5
1322660 2222.5
1322670 2230.1
1322680 2236.6
1322690 2236.6
1322700 2242.8
1322710 2249.6
1322720 2249.6
1322730 2256.8
1322740 2265.3
1322750 2265.3
1322760 2273.3
1322770 2279.1
1322780 2279.1
1322790 2283.5
1322800 2286.0
1322810 2286.0
1322820 2287.5
1322830 2290.1
1322840 2293.4
1322850 2293.4
1322860 2296.4
1322870 2299.5
1322880 2299.5
1322890 2302.0
1322900 2303.5
1322910 2303.5
1322920 2304.5
1322930 2304.3
1322940 2304.3
1322950 2304.5
1322960 2306.5
1322970 2306.5
1322980 2305.2
1322990 2303.5
1323000 2303.5
1323010 2304.3
1323020 2308.0
1323030 2308.0
1323040 2310.6
1323050 2309.3
1323060 2309.4
1323070 2309.4
1323080 2310.4
1323090 2311.8
1323100 2311.8
1323110 2313.4
1323120 2316.3
1323130 2316.3
1323140 2320.1
1323150 2326.8
1323160 2326.8
1323170 2334.6
1323180 2340.7
1323190 2340.7
1323200 2345.9
1323210 2349.4
1323220 2349.4
1323230 2351.9
1323240 2353.5
1323250 2353.5
1323260 2354.7
1323270 2356.9
1323280 2361.8
1323290 2361.8
1323300 2367.7
1323310 2372.4
1323320 2372.4
1323330 2375.9
1323340 2380.4
1323350 2380.4
1323360 2384.9
1323370 2389.9
1323380 2389.9
1323390 2395.8
1323400 2399.7
1323410 2399.7
1323420 2404.1
1323430 2409.1
1323440 2409.1
1323450 2414.4
1323460 2419.8
1323470 2419.8
1323480 2425.0
1323490 2430.2
1323500 2435.2
1323510 2435.2
1323520 2440.2
1323530 2445.4
1323540 2445.4
1323550 2451.5
1323560 2459.9
1323570 2459.9
1323580 2471.5
1323590 2480.3
1323600 2480.3
1323610 2487.4
1323620 2498.4
1323630 2498.4
1323640 2507.0
1323650 2513.6
1323660 2513.6
1323670 2520.8
1323680 2529.8
1323690 2529.8
1323700 2537.4
1323710 2546.0
1323720 2556.7
1323730 2556.7
1323740 2567.5
1323750 2572.1
1323760 2572.1
1323770 2571.3
1323780 2570.4
1323790 2570.4
1323800 2571.1
1323810 2572.1
1323820 2572.1
1323830 2572.1
1323840 2568.7
1323850 2568.7
1323860 2566.0
1323870 2566.7
1323880 2566.7
1323890 2570.1
1323900 2578.5
1323910 2585.1
1323920 2585.1
1323930 2586.8
1323940 2587.6
1323950 2587.6
1323960 2590.9
1323970 2592.7
1323980 2592.7
1323990 2594.7
1324000 2597.3
1324010 2597.3
1324020 2606.3
1324030 2618.8
1324040 2618.8
1324050 2627.0
1324060 2633.9
1324070 2633.9
1324080 2638.8
1324090 2641.4
1324100 2641.4
1324110 2641.4
1324120 2642.7
1324130 2643.5
1324140 2643.5
1324150 2642.9
1324160 2644.2
1324170 2644.2
1324180 2649.4
1324190 2642.4
1324200 2642.4
1324210 2643.8
1324220 2643.8
1324230 2643.8
1324240 2646.6
1324250 2642.9
1324260 2642.9
1324270 2636.9
1324280 2633.3
1324290 2633.3
1324300 2633.9
1324310 2639.2
1324320 2639.2
1324330 2649.8
1324340 2650.7
1324350 2652.1
1324360 2652.1
1324370 2654.7
1324380 2656.9
1324390 2656.9
1324400 2660.1
1324410 2664.5
1324420 2664.5
1324430 2669.0
1324440 2674.5
1324450 2674.5
1324460 2680.0
1324470 2685.8
1324480 2685.8
1324490 2690.9
1324500 2697.2
1324510 2697.2
1324520 2703.0
1324530 2706.9
1324540 2706.9
1324550 2710.7
1324560 2714.6
1324570 2720.0
1324580 2720.0
1324590 2726.2
1324600 2731.5
1324610 2731.5
1324620 2740.1
1324630 2751.5
1324640 2751.5
1324650 2764.5
1324660 2776.1
1324670 2776.1
1324680 2783.6
1324690 2792.4
1324700 2792.4
1324710 2801.6
1324720 2813.1
1324730 2813.1
1324740 2823.3
1324750 2831.4
1324760 2831.4
1324770 2839.0
1324780 2849.0
1324790 2864.1
1324800 2864.1
1324810 2883.0
1324820 2896.9
1324830 2896.9
1324840 2916.6
1324850 2942.6
1324860 2942.6
1324870 2937.4
1324880 2925.1
1324890 2925.1
1324900 2914.1
1324910 2903.2
1324920 2903.2
1324930 2892.3
1324940 2882.2
1324950 2882.2
1324960 2871.3
1324970 2856.5
1324980 2813.1
1324990 2813.1
1325000 2785.2
1325010 2779.8
1325020 2779.8
1325030 2775.3
1325040 2770.7
1325050 2770.7
1325060 2766.2
1325070 2761.7
1325080 2761.7
1325090 2757.1
1325100 2752.7
1325110 2752.7
1325120 2748.4
1325130 2744.0
1325140 2744.0
1325150 2739.5
1325160 2735.5
1325170 2735.5
1325180 2731.9
1325190 2729.0
1325200 2725.7
1325210 2725.7
1325220 2723.1
1325230 2721.1
1325240 2721.1
1325250 2719.4
1325260 2717.4
1325270 2717.4
1325280 2714.9
1325290 2712.3
1325300 2712.3
1325310 2709.8
1325320 2707.1
1325330 2707.1
1325340 2704.3
1325350 2701.4
1325360 2701.4
1325370 2700.6
1325380 2699.1
1325390 2699.1
1325400 2696.4
1325410 2693.9
1325420 2692.7
1325430 2692.7
1325440 2690.7
1325450 2688.9
1325460 2688.9
1325470 2686.4
1325480 2683.8
1325490 2683.8
1325500 2681.5
1325510 2679.5
1325520 2679.5
1325530 2677.7
1325540 2676.3
1325550 2676.3
1325560 2674.3
1325570 2673.2
1325580 2673.2
1325590 2672.0
1325600 2670.6
1325610 2670.6
1325620 2669.3
1325630 2667.8
1325640 2667.0
1325650 2667.0
1325660 2667.9
1325670 2664.1
1325680 2664.1
1325690 2658.5
1325700 2654.6
1325710 2654.6
1325720 2653.7
1325730 2654.5
1325740 2654.5
1325750 2653.7
1325760 2653.2
1325770 2653.2
1325780 2656.4
1325790 2655.6
1325800 2655.6
1325810 2654.9
1325820 2654.0
1325830 2653.5
1325840 2653.5
1325850 2653.0
1325860 2652.1
1325870 2652.1
1325880 2652.2
1325890 2652.6
1325900 2652.6
1325910 2652.0
1325920 2652.0
1325930 2652.0
1325940 2652.1
1325950 2652.0
1325960 2652.0
1325970 2652.1
1325980 2650.1
1325990 2650.1
1326000 2647.9
1326010 2645.5
1326020 2645.5
1326030 2642.1
1326040 2638.3
1326050 2636.7
1326060 2636.7
1326070 2634.9
1326080 2631.8
1326090 2631.8
1326100 2629.1
1326110 2627.2
1326120 2627.2
1326130 2626.7
1326140 2626.0
1326150 2626.0
1326160 2624.9
1326170 2624.6
1326180 2624.6
1326190 2624.9
1326200 2625.4
1326210 2625.4
1326220 2626.5
1326230 2627.1
1326240 2627.1
1326250 2628.9
1326260 2632.2
1326270 2636.9
1326280 2636.9
1326290 2639.6
1326300 2639.4
1326310 2639.4
1326320 2637.8
1326330 2634.9
1326340 2634.9
1326350 2631.1
1326360 2625.9
1326370 2625.9
1326380 2612.3
1326390 2593.7
1326400 2593.7
1326410 2580.0
1326420 2572.6
1326430 2572.6
1326440 2565.5
1326450 2558.4
1326460 2558.4
1326470 2551.6
1326480 2544.9
1326490 2532.9
1326500 2532.9
1326510 2517.2
1326520 2507.8
1326530 2507.8
1326540 2502.0
1326550 2498.6
1326560 2498.6
1326570 2496.0
1326580 2489.3
1326590 2489.3
1326600 2484.7
1326610 2480.1
1326620 2480.1
1326630 2476.9
1326640 2474.8
1326650 2474.8
1326660 2474.1
1326670 2472.9
1326680 2472.9
1326690 2471.1
1326700 2467.7
1326710 2462.4
1326720 2462.4
1326730 2460.0
1326740 2448.6
1326750 2448.6
1326760 2427.0
1326770 2403.8
1326780 2403.8
1326790 2388.5
1326800 2380.1
1326810 2380.1
1326820 2371.8
1326830 2364.6
1326840 2364.6
1326850 2358.2
1326860 2351.5
1326870 2351.5
1326880 2344.8
1326890 2337.9
1326900 2331.0
1326910 2331.0
1326920 2324.2
1326930 2317.2
1326940 2317.2
1326950 2310.5
1326960 2303.9
1326970 2303.9
1326980 2298.3
1326990 2293.2
1327000 2293.2
1327010 2289.6
1327020 2286.6
1327030 2286.6
1327040 2283.6
1327050 2280.2
1327060 2280.2
1327070 2277.4
1327080 2274.8
1327090 2274.8
1327100 2272.0
1327110 2268.5
1327120 2264.6
1327130 2264.6
1327140 2260.3
1327150 2256.8
1327160 2256.8
1327170 2253.7
1327180 2250.6
1327190 2250.6
1327200 2247.1
1327210 2243.2
1327220 2243.2
1327230 2239.6
1327240 2235.9
1327250 2235.9
1327260 2232.8
1327270 2229.8
1327280 2229.8
1327290 2226.4
1327300 2222.8
1327310 2222.8
1327320 2218.4
1327330 2214.0
1327340 2210.3
1327350 2210.3
1327360 2207.3
1327370 2203.5
1327380 2203.5
1327390 2199.7
1327400 2191.7
1327410 2191.7
1327420 2184.2
1327430 2177.8
1327440 2177.8
1327450 2171.8
1327460 2166.8
1327470 2166.8
1327480 2163.2
1327490 2161.3
1327500 2161.3
1327510 2159.6
1327520 2156.3
1327530 2156.3
1327540 2152.2
1327550 2148.3
1327560 2144.7
1327570 2144.7
1327580 2141.8
1327590 2139.2
1327600 2139.2
1327610 2136.6
1327620 2133.2
1327630 2133.2
1327640 2129.0
1327650 2123.4
1327660 2123.4
1327670 2117.1
1327680 2110.9
1327690 2110.9
1327700 2104.9
1327710 2099.0
1327720 2099.0
1327730 2093.2
1327740 2087.7
1327750 2087.7
1327760 2081.8
1327770 2074.9
1327780 2067.0
1327790 2067.0
1327800 2060.8
1327810 2053.0
1327820 2053.0
1327830 2043.8
1327840 2036.7
1327850 2036.7
1327860 2029.9
1327870 2025.6
1327880 2025.6
1327890 2021.9
1327900 2013.0
1327910 2013.0
1327920 1997.4
1327930 1986.8
1327940 1986.8
1327950 1980.0
1327960 1972.5
1327970 1966.4
1327980 1966.4
1327990 1960.4
1328000 1954.3
1328010 1954.3
1328020 1949.0
1328030 1944.0
1328040 1944.0
1328050 1938.6
1328060 1931.5
1328070 1931.5
1328080 1923.7
1328090 1914.6
1328100 1914.6
1328110 1904.4
1328120 1894.0
1328130 1894.0
1328140 1887.5
1328150 1881.6
1328160 1881.6
1328170 1875.7
1328180 1875.4
1328190 1875.5
1328200 1880.0
1328210 1877.6
1328220 1876.1
1328230 1876.1
1328240 1878.9
1328250 1876.9
1328260 1876.9
1328270 1873.8
1328280 1872.1
1328290 1872.1
1328300 1870.0
1328310 1867.5
1328320 1867.5
1328330 1864.8
1328340 1862.4
1328350 1862.4
1328360 1859.0
1328370 1855.4
1328380 1855.4
1328390 1854.8
1328400 1854.7
1328410 1855.6
1328420 1855.6
1328430 1856.8
1328440 1856.1
1328450 1856.1
1328460 1853.2
1328470 1855.3
1328480 1855.3
1328490 1857.9
1328500 1857.8
1328510 1857.8
1328520 1858.3
1328530 1858.2
1328540 1858.2
1328550 1858.2
1328560 1858.1
1328570 1858.1
1328580 1858.0
1328590 1857.7
1328600 1857.7
1328610 1857.3
1328620 1856.5
1328630 1855.8
1328640 1855.8
1328650 1856.0
1328660 1856.4
1328670 1856.4
1328680 1857.3
1328690 1858.0
1328700 1858.0
1328710 1859.2
1328720 1859.6
1328730 1859.6
1328740 1859.0
1328750 1861.0
1328760 1861.0
1328770 1861.3
1328780 1864.2
1328790 1864.2
1328800 1867.7
1328810 1871.3
1328820 1871.3
1328830 1876.2
1328840 1881.4
1328850 1888.1
1328860 1888.1
1328870 1894.8
1328880 1903.6
1328890 1903.6
1328900 1913.6
1328910 1920.1
1328920 1920.1
1328930 1925.7
1328940 1933.7
1328950 1933.7
1328960 1941.4
1328970 1949.1
1328980 1949.1
1328990 1956.6
1329000 1964.1
1329010 1970.8
1329020 1978.5
1329030 1985.0
1329040 1991.4
1329050 1991.4
1329060 1998.7
1329070 2006.7
1329080 2006.7
1329090 2013.7
1329100 2019.0
1329110 2019.0
1329120 2024.3
1329130 2029.5
1329140 2029.5
1329150 2034.7
1329160 2040.0
1329170 2040.0
1329180 2043.6
1329190 2045.2
1329200 2045.2
1329210 2046.5
1329220 2050.0
1329230 2050.0
1329240 2054.4
1329250 2059.7
1329260 2066.0
1329270 2066.0
1329280 2071.3
1329290 2075.5
1329300 2075.5
1329310 2078.7
1329320 2082.2
1329330 2082.2
1329340 2085.5
1329350 2088.3
1329360 2088.3
1329370 2091.3
1329380 2094.3
1329390 2094.3
1329400 2098.0
1329410 2101.6
1329420 2101.6
1329430 2105.5
1329440 2107.9
1329450 2107.9
1329460 2108.9
1329470 2109.8
1329480 2111.8
1329490 2111.8
1329500 2113.0
1329510 2115.2
1329520 2115.2
1329530 2118.2
1329540 2120.5
1329550 2120.5
1329560 2121.7
1329570 2123.9
1329580 2123.9
1329590 2126.7
1329600 2129.0
1329610 2129.0
1329620 2132.8
1329630 2136.6
1329640 2136.6
1329650 2142.1
1329660 2144.5
1329670 2144.5
1329680 2145.7
1329690 2148.4
1329700 2151.9
1329710 2151.9
1329720 2155.0
1329730 2157.6
1329740 2157.6
1329750 2159.7
1329760 2162.0
1329770 2162.0
1329780 2164.5
1329790 2166.8
1329800 2166.8
1329810 2170.0
1329820 2173.2
1329830 2176.6
1329840 2178.9
1329850 2181.4
1329860 2181.4
1329870 2184.5
1329880 2186.3
1329890 2188.2
1329900 2188.2
1329910 2190.3
1329920 2193.2
1329930 2193.2
1329940 2195.9
1329950 2199.0
1329960 2199.0
1329970 2200.7
1329980 2204.1
1329990 2204.1
1330000 2209.5
1330010 2214.6
1330020 2214.6
1330030 2219.0
1330040 2221.8
1330050 2221.8
1330060 2226.2
1330070 2231.4
1330080 2231.4
1330090 2234.7
1330100 2237.0
1330110 2238.1
1330120 2238.1
1330130 2238.9
1330140 2239.9
1330150 2239.9
1330160 2240.9
1330170 2242.8
1330180 2242.8
1330190 2244.9
1330200 2246.1
1330210 2246.1
1330220 2247.0
1330230 2248.4
1330240 2248.4
1330250 2250.1
1330260 2252.3
1330270 2252.3
1330280 2254.2
1330290 2256.4
1330300 2256.4
1330310 2258.4
1330320 2261.1
1330330 2263.7
1330340 2263.7
1330350 2265.9
1330360 2269.4
1330370 2269.4
1330380 2273.3
1330390 2278.3
1330400 2278.3
1330410 2283.9
1330420 2289.2
1330430 2289.2
1330440 2295.3
1330450 2301.1
1330460 2301.1
1330470 2307.2
1330480 2314.1
1330490 2314.1
1330500 2320.4
1330510 2326.9
1330520 2326.9
1330530 2334.2
1330540 2340.6
1330550 2346.6
1330560 2346.6
1330570 2352.8
1330580 2359.1
1330590 2359.1
1330600 2365.9
1330610 2372.4
1330620 2372.4
1330630 2379.1
1330640 2385.7
1330650 2388.0
1330660 2394.2
1330670 2400.5
1330680 2400.5
1330690 2407.4
1330700 2413.3
1330710 2413.3
1330720 2417.3
1330730 2420.0
1330740 2420.0
1330750 2422.4
1330760 2425.8
1330770 2429.7
1330780 2429.7
1330790 2433.5
1330800 2437.0
1330810 2437.0
1330820 2440.5
1330830 2443.8
1330840 2443.8
1330850 2447.1
1330860 2450.2
1330870 2450.2
1330880 2453.4
1330890 2456.4
1330900 2456.4
1330910 2459.4
1330920 2462.0
1330930 2462.0
1330940 2464.4
1330950 2467.3
1330960 2469.7
1330970 2469.7
1330980 2470.8
1330990 2471.5
1331000 2471.5
1331010 2472.5
1331020 2474.3
1331030 2474.3
1331040 2476.9
1331050 2480.3
1331060 2480.3
1331070 2485.4
1331080 2491.8
1331090 2491.8
1331100 2500.5
1331110 2504.4
1331120 2504.4
1331130 2503.6
1331140 2501.3
1331150 2501.3
1331160 2498.5
1331170 2496.9
1331180 2496.3
1331190 2496.3
1331200 2496.4
1331210 2497.0
1331220 2497.0
1331230 2497.7
1331240 2498.3
1331250 2498.3
1331260 2499.0
1331270 2499.4
1331280 2499.4
1331290 2498.7
1331300 2497.8
1331310 2497.8
1331320 2497.3
1331330 2497.1
1331340 2497.1
1331350 2497.2
1331360 2497.5
1331370 2497.5
1331380 2497.6
1331390 2498.1
1331400 2499.4
1331410 2499.4
1331420 2500.1
1331430 2498.0
1331440 2498.0
1331450 2495.0
1331460 2493.1
1331470 2495.8
1331480 2494.6
1331490 2493.2
1331500 2493.2
1331510 2491.6
1331520 2490.7
1331530 2490.7
1331540 2490.5
1331550 2490.6
1331560 2490.6
1331570 2490.9
1331580 2490.9
1331590 2490.9
1331600 2490.7
1331610 2490.3
1331620 2489.5
1331630 2489.5
1331640 2488.5
1331650 2488.1
1331660 2488.1
1331670 2487.8
1331680 2488.1
1331690 2488.1
1331700 2488.3
1331710 2488.6
1331720 2488.6
1331730 2488.9
1331740 2489.1
1331750 2489.1
1331760 2489.4
1331770 2490.3
1331780 2490.3
1331790 2491.6
1331800 2492.8
1331810 2492.8
1331820 2493.8
1331830 2496.0
1331840 2497.5
1331850 2497.5
1331860 2500.2
1331870 2503.0
1331880 2503.0
1331890 2505.9
1331900 2509.7
1331910 2509.7
1331920 2513.4
1331930 2517.0
1331940 2517.0
1331950 2520.4
1331960 2524.1
1331970 2524.1
1331980 2528.2
1331990 2532.7
1332000 2532.7
1332010 2537.7
1332020 2542.2
1332030 2546.7
1332040 2546.7
1332050 2549.1
1332060 2550.8
1332070 2550.8
1332080 2554.3
1332090 2558.5
1332100 2558.5
1332110 2563.7
1332120 2567.4
1332130 2567.4
1332140 2569.5
1332150 2570.7
1332160 2570.7
1332170 2571.5
1332180 2572.2
1332190 2572.2
1332200 2572.7
1332210 2573.8
1332220 2573.8
1332230 2575.8
1332240 2578.9
1332250 2582.7
1332260 2582.7
1332270 2586.8
1332280 2590.8
1332290 2590.8
1332300 2594.8
1332310 2599.6
1332320 2599.6
1332330 2603.7
1332340 2608.0
1332350 2608.0
1332360 2612.4
1332370 2616.5
1332380 2616.5
1332390 2620.1
1332400 2623.2
1332410 2623.2
1332420 2626.5
1332430 2630.2
1332440 2630.2
1332450 2633.9
1332460 2637.8
1332470 2641.9
1332480 2641.9
1332490 2646.0
1332500 2650.2
1332510 2650.2
1332520 2654.6
1332530 2659.1
1332540 2659.1
1332550 2664.0
1332560 2668.9
1332570 2668.9
1332580 2674.0
1332590 2682.2
1332600 2682.2
1332610 2691.7
1332620 2699.2
1332630 2699.2
1332640 2705.5
1332650 2711.0
1332660 2711.0
1332670 2717.1
1332680 2723.6
1332690 2730.0
1332700 2730.0
1332710 2735.2
1332720 2739.5
1332730 2739.5
1332740 2745.1
1332750 2751.1
1332760 2751.1
1332770 2756.6
1332780 2762.8
1332790 2762.8
1332800 2769.9
1332810 2777.8
1332820 2777.8
1332830 2786.3
1332840 2796.1
1332850 2796.1
1332860 2809.3
1332870 2823.9
1332880 2838.7
1332890 2838.7
1332900 2851.6
1332910 2865.9
1332920 2865.9
1332930 2879.0
1332940 2889.2
1332950 2889.2
1332960 2899.5
1332970 2910.9
1332980 2910.9
1332990 2923.4
1333000 2941.5
1333010 2941.5
1333020 2965.3
1333030 2974.1
1333040 2974.1
1333050 2978.1
1333060 2983.0
1333070 2983.0
1333080 2989.5
1333090 2995.1
1333100 2997.3
1333110 2997.3
1333120 3005.2
1333130 3018.2
1333140 3018.7
1333150 3029.4
1333160 3042.7
1333170 3042.7
1333180 3055.1
1333190 3062.2
1333200 3062.2
1333210 3071.8
1333220 3085.1
1333230 3085.1
1333240 3101.9
1333250 3111.2
1333260 3111.2
1333270 3116.0
1333280 3119.6
1333290 3119.6
1333300 3124.1
1333310 3129.7
1333320 3136.9
1333330 3136.9
1333340 3143.6
1333350 3150.4
1333360 3150.4
1333370 3157.6
1333380 3165.1
1333390 3165.1
1333400 3172.6
1333410 3180.0
1333420 3180.0
1333430 3186.5
1333440 3191.0
1333450 3191.0
1333460 3194.4
1333470 3197.0
1333480 3197.0
1333490 3199.4
1333500 3201.2
1333510 3201.2
1333520 3203.2
1333530 3205.5
1333540 3207.6
1333550 3207.6
1333560 3208.4
1333570 3206.6
1333580 3206.6
1333590 3203.9
1333600 3201.1
1333610 3201.1
1333620 3197.4
1333630 3192.2
1333640 3192.2
1333650 3185.5
1333660 3176.7
1333670 3176.7
1333680 3167.1
1333690 3155.6
1333700 3155.6
1333710 3141.7
1333720 3133.2
1333730 3133.2
1333740 3128.3
1333750 3124.5
1333760 3122.0
1333770 3122.0
1333780 3117.3
1333790 3111.4
1333800 3111.4
1333810 3105.3
1333820 3099.8
1333830 3099.8
1333840 3094.5
1333850 3089.2
1333860 3089.2
1333870 3084.3
1333880 3080.0
1333890 3080.0
1333900 3075.9
1333910 3072.0
1333920 3072.0
1333930 3068.5
1333940 3065.2
1333950 3061.9
1333960 3061.9
1333970 3058.8
1333980 3059.2
1333990 3059.2
1334000 3056.2
1334010 3053.2
1334020 3053.2
1334030 3050.2
1334040 3047.3
1334050 3047.3
1334060 3044.4
1334070 3041.3
1334080 3041.3
1334090 3037.9
1334100 3034.7
1334110 3034.7
1334120 3031.4
1334130 3028.2
1334140 3028.2
1334150 3025.1
1334160 3021.9
1334170 3018.8
1334180 3018.8
1334190 3015.8
1334200 3013.0
1334210 3013.0
1334220 3010.1
1334230 3007.6
1334240 3007.6
1334250 3005.3
1334260 3002.8
1334270 3002.8
1334280 3000.4
1334290 2997.7
1334300 2997.7
1334310 2995.0
1334320 2992.3
1334330 2992.3
1334340 2989.3
1334350 2986.4
1334360 2986.4
1334370 2983.6
1334380 2980.9
1334390 2978.4
1334400 2978.4
1334410 2975.9
1334420 2973.1
1334430 2973.1
1334440 2970.4
1334450 2967.7
1334460 2967.7
1334470 2964.8
1334480 2962.0
1334490 2962.0
1334500 2959.4
1334510 2957.0
1334520 2957.0
1334530 2954.9
1334540 2952.9
1334550 2952.9
1334560 2951.0
1334570 2949.1
1334580 2949.1
1334590 2947.4
1334600 2945.9
1334610 2944.5
1334620 2944.5
1334630 2943.5
1334640 2943.0
1334650 2943.0
1334660 2942.8
1334670 2942.6
1334680 2942.6
1334690 2942.3
1334700 2941.8
1334710 2941.8
1334720 2941.1
1334730 2940.0
1334740 2940.0
1334750 2938.6
1334760 2937.0
1334770 2937.0
1334780 2935.0
1334790 2932.8
1334800 2932.8
1334810 2930.1
1334820 2932.9
1334830 2929.9
1334840 2929.9
1334850 2927.2
1334860 2924.5
1334870 2924.5
1334880 2921.8
1334890 2918.7
1334900 2918.7
1334910 2913.9
1334920 2907.3
1334930 2907.3
1334940 2900.3
1334950 2893.9
1334960 2893.9
1334970 2887.7
1334980 2880.6
1334990 2880.6
1335000 2872.4
1335010 2865.1
1335020 2857.4
1335030 2857.4
1335040 2848.8
1335050 2837.7
1335060 2837.7
1335070 2828.2
1335080 2822.0
1335090 2822.0
1335100 2815.7
1335110 2809.9
1335120 2809.9
1335130 2805.6
1335140 2801.7
1335150 2801.7
1335160 2797.7
1335170 2793.9
1335180 2793.9
1335190 2789.0
1335200 2785.8
1335210 2785.8
1335220 2783.2
1335230 2780.7
1335240 2774.7
1335250 2774.7
1335260 2765.4
1335270 2759.5
1335280 2759.5
1335290 2755.0
1335300 2751.0
1335310 2751.0
1335320 2747.0
1335330 2742.9
1335340 2742.9
1335350 2739.8
1335360 2735.6
1335370 2735.6
1335380 2735.4
1335390 2736.0
1335400 2736.0
1335410 2735.7
1335420 2735.4
1335430 2735.4
1335440 2733.7
1335450 2728.5
1335460 2722.3
1335470 2722.3
1335480 2717.9
1335490 2712.8
1335500 2712.8
1335510 2708.1
1335520 2701.8
1335530 2701.8
1335540 2694.8
1335550 2689.0
1335560 2689.0
1335570 2684.2
1335580 2677.1
1335590 2677.1
1335600 2668.5
1335610 2662.5
1335620 2662.5
1335630 2658.4
1335640 2655.5
1335650 2655.5
1335660 2653.1
1335670 2672.1
1335680 2668.3
1335690 2668.3
1335700 2667.3
1335710 2665.2
1335720 2665.2
1335730 2663.5
1335740 2660.5
1335750 2660.5
1335760 2653.0
1335770 2646.4
1335780 2646.4
1335790 2642.6
1335800 2636.4
1335810 2636.4
1335820 2630.5
1335830 2625.0
1335840 2625.0
1335850 2618.5
1335860 2612.4
1335870 2604.7
1335880 2604.7
1335890 2596.4
1335900 2589.8
1335910 2589.8
1335920 2586.3
1335930 2585.1
1335940 2585.1
1335950 2585.0
1335960 2584.5
1335970 2584.5
1335980 2583.2
1335990 2581.7
1336000 2581.7
1336010 2580.5
1336020 2580.5
1336030 2580.5
1336040 2581.8
1336050 2583.7
1336060 2583.7
1336070 2584.2
1336080 2584.7
1336090 2584.7
1336100 2584.7
1336110 2583.8
1336120 2582.7
1336130 2582.7
1336140 2580.9
1336150 2579.7
1336160 2579.7
1336170 2580.3
1336180 2581.2
1336190 2581.2
1336200 2582.6
1336210 2586.7
1336220 2586.7
1336230 2590.4
1336240 2591.4
1336250 2591.4
1336260 2593.1
1336270 2594.2
1336280 2594.2
1336290 2594.5
1336300 2594.5
1336310 2594.8
1336320 2594.8
1336330 2593.7
1336340 2593.2
1336350 2593.2
1336360 2594.8
1336370 2593.5
1336380 2593.5
1336390 2591.3
1336400 2592.0
1336410 2592.0
1336420 2594.0
1336430 2595.0
1336440 2595.0
1336450 2592.7
1336460 2587.6
1336470 2587.6
1336480 2585.1
1336490 2585.5
1336500 2585.5
1336510 2586.6
1336520 2585.6
1336530 2587.9
1336540 2587.9
1336550 2582.8
1336560 2577.9
1336570 2577.9
1336580 2571.1
1336590 2566.1
1336600 2566.1
1336610 2565.8
1336620 2560.3
1336630 2560.3
1336640 2551.6
1336650 2546.7
1336660 2546.7
1336670 2545.2
1336680 2544.2
1336690 2544.2
1336700 2543.6
1336710 2542.4
1336720 2542.4
1336730 2537.3
1336740 2529.5
1336750 2522.1
1336760 2522.1
1336770 2514.7
1336780 2510.0
1336790 2510.0
1336800 2507.3
1336810 2503.7
1336820 2503.7
1336830 2500.0
1336840 2498.2
1336850 2498.2
1336860 2495.7
1336870 2486.9
1336880 2486.9
1336890 2475.2
1336900 2467.4
1336910 2467.4
1336920 2462.6
1336930 2459.3
1336940 2459.4
1336950 2459.4
1336960 2454.8
1336970 2441.9
1336980 2441.9
1336990 2436.4
1337000 2431.8
1337010 2431.8
1337020 2428.1
1337030 2426.5
1337040 2426.5
1337050 2423.6
1337060 2419.9
1337070 2419.9
1337080 2416.3
1337090 2412.9
1337100 2412.9
1337110 2410.6
1337120 2408.4
1337130 2408.4
1337140 2406.9
1337150 2404.8
1337160 2402.4
1337170 2402.4
1337180 2399.9
1337190 2397.5
1337200 2397.5
1337210 2395.3
1337220 2393.0
1337230 2393.0
1337240 2390.6
1337250 2387.5
1337260 2387.5
1337270 2383.7
1337280 2380.2
1337290 2380.2
1337300 2377.1
1337310 2373.8
1337320 2373.8
1337330 2370.7
1337340 2367.3
1337350 2367.3
1337360 2363.8
1337370 2360.3
1337380 2356.8
1337390 2360.9
1337400 2358.2
1337410 2355.3
1337420 2355.3
1337430 2352.3
1337440 2349.5
1337450 2349.5
1337460 2346.7
1337470 2343.9
1337480 2343.9
1337490 2341.2
1337500 2338.9
1337510 2338.9
1337520 2337.2
1337530 2336.2
1337540 2336.2
1337550 2335.8
1337560 2335.2
1337570 2335.2
1337580 2333.9
1337590 2331.9
1337600 2331.5
1337610 2331.5
1337620 2331.9
1337630 2332.3
1337640 2332.3
1337650 2332.8
1337660 2333.1
1337670 2333.1
1337680 2333.1
1337690 2333.0
1337700 2333.0
1337710 2333.1
1337720 2333.9
1337730 2333.9
1337740 2335.4
1337750 2336.7
1337760 2336.7
1337770 2338.1
1337780 2339.5
1337790 2341.4
1337800 2341.4
1337810 2343.9
1337820 2346.4
1337830 2346.4
1337840 2350.0
1337850 2353.6
1337860 2353.6
1337870 2356.6
1337880 2359.4
1337890 2359.4
1337900 2361.7
1337910 2363.1
1337920 2363.1
1337930 2363.9
1337940 2364.8
1337950 2364.8
1337960 2366.6
1337970 2369.6
1337980 2369.6
1337990 2373.7
1338000 2378.0
1338010 2383.4
1338020 2383.4
1338030 2389.5
1338040 2395.2
1338050 2395.2
1338060 2400.7
1338070 2404.9
1338080 2404.9
1338090 2407.1
1338100 2408.2
1338110 2408.2
1338120 2408.7
1338130 2409.3
1338140 2409.3
1338150 2410.4
1338160 2412.4
1338170 2412.4
1338180 2413.8
1338190 2416.4
1338200 2416.4
1338210 2419.1
1338220 2422.5
1338230 2425.5
1338240 2425.5
1338250 2435.3
1338260 2439.6
1338270 2439.6
1338280 2446.5
1338290 2453.1
1338300 2453.1
1338310 2457.4
1338320 2461.0
1338330 2461.0
1338340 2464.0
1338350 2468.2
1338360 2468.2
1338370 2472.0
1338380 2475.6
1338390 2475.6
1338400 2479.3
1338410 2483.8
1338420 2483.8
1338430 2488.9
1338440 2493.1
1338450 2497.1
1338460 2497.1
1338470 2501.6
1338480 2506.1
1338490 2506.1
1338500 2511.0
1338510 2516.6
1338520 2516.6
1338530 2522.9
1338540 2528.6
1338550 2528.6
1338560 2533.4
1338570 2537.3
1338580 2537.3
1338590 2540.1
1338600 2543.0
1338610 2543.0
1338620 2546.7
1338630 2550.1
1338640 2550.1
1338650 2554.7
1338660 2560.8
1338670 2566.3
1338680 2566.3
1338690 2572.8
1338700 2579.4
1338710 2579.4
1338720 2585.2
1338730 2589.4
1338740 2589.4
1338750 2594.5
1338760 2600.8
1338770 2600.8
1338780 2607.0
1338790 2613.0
1338800 2613.0
1338810 2618.3
1338820 2624.3
1338830 2624.3
1338840 2630.7
1338850 2633.6
1338860 2633.6
1338870 2633.6
1338880 2633.0
1338890 2632.2
1338900 2632.2
1338910 2632.0
1338920 2632.1
1338930 2632.1
1338940 2631.8
1338950 2631.0
1338960 2631.0
1338970 2630.4
1338980 2630.3
1338990 2630.3
1339000 2631.0
1339010 2633.1
1339020 2633.1
1339030 2636.5
1339040 2640.1
1339050 2640.1
1339060 2644.9
1339070 2650.2
1339080 2655.7
1339090 2655.7
1339100 2661.0
1339110 2665.8
1339120 2656.8
1339130 2658.9
1339140 2653.1
1339150 2653.1
1339160 2645.9
1339170 2638.5
1339180 2638.5
1339190 2636.9
1339200 2645.5
1339210 2645.5
1339220 2657.9
1339230 2666.9
1339240 2666.9
1339250 2665.1
1339260 2658.8
1339270 2658.8
1339280 2659.2
1339290 2664.8
1339300 2660.5
1339310 2660.5
1339320 2658.3
1339330 2668.5
1339340 2668.5
1339350 2665.2
1339360 2650.3
1339370 2650.3
1339380 2634.5
1339390 2621.4
1339400 2621.4
1339410 2617.2
1339420 2607.3
1339430 2607.3
1339440 2593.2
1339450 2581.4
1339460 2581.4
1339470 2574.7
1339480 2569.0
1339490 2569.0
1339500 2563.8
1339510 2559.5
1339520 2555.4
1339530 2555.4
1339540 2551.9
1339550 2548.8
1339560 2548.8
1339570 2545.9
1339580 2542.5
1339590 2542.5
1339600 2538.4
1339610 2535.0
1339620 2535.0
1339630 2533.1
1339640 2529.8
1339650 2529.8
1339660 2524.1
1339670 2518.0
1339680 2518.0
1339690 2512.0
1339700 2506.7
1339710 2503.2
1339720 2503.2
1339730 2500.6
1339740 2498.9
1339750 2498.9
1339760 2495.8
1339770 2491.0
1339780 2491.0
1339790 2487.2
1339800 2486.5
1339810 2486.5
1339820 2486.5
1339830 2486.5
1339840 2486.5
1339850 2486.5
1339860 2486.5
1339870 2486.5
1339880 2486.5
1339890 2486.5
1339900 2486.5
1339910 2486.6
1339920 2487.0
1339930 2488.0
1339940 2488.0
1339950 2490.4
1339960 2492.9
1339970 2492.9
1339980 2497.5
1339990 2501.5
