1320000 1991.2
1320010 1957.5
1320020 1904.0
1320030 1904.0
1320040 1882.2
1320050 1876.0
1320060 1876.0
1320070 1873.4
1320080 1871.4
1320090 1868.7
1320100 1868.7
1320110 1866.2
1320120 1861.6
1320130 1861.6
1320140 1857.4
1320150 1858.2
1320160 1858.2
1320170 1850.6
1320180 1842.2
1320190 1842.2
1320200 1835.4
1320210 1827.1
1320220 1827.1
1320230 1819.7
1320240 1811.9
1320250 1811.9
1320260 1805.2
1320270 1799.6
1320280 1799.6
1320290 1806.5
1320300 1800.2
1320310 1788.8
1320320 1788.8
1320330 1774.4
1320340 1764.9
1320350 1764.9
1320360 1761.0
1320370 1755.7
1320380 1755.7
1320390 1750.6
1320400 1745.0
1320410 1745.0
1320420 1739.1
1320430 1733.7
1320440 1733.7
1320450 1728.7
1320460 1724.1
1320470 1724.1
1320480 1719.3
1320490 1714.5
1320500 1710.0
1320510 1710.0
1320520 1705.7
1320530 1701.1
1320540 1701.1
1320550 1697.0
1320560 1693.5
1320570 1693.5
1320580 1691.7
1320590 1690.2
1320600 1690.2
1320610 1686.4
1320620 1682.9
1320630 1682.9
1320640 1680.3
1320650 1677.7
1320660 1677.7
1320670 1674.2
1320680 1669.9
1320690 1669.9
1320700 1665.7
1320710 1661.7
1320720 1657.5
1320730 1657.5
1320740 1653.5
1320750 1649.8
1320760 1649.8
1320770 1647.0
1320780 1644.5
1320790 1644.5
1320800 1642.0
1320810 1639.5
1320820 1639.5
1320830 1637.1
1320840 1634.4
1320850 1634.4
1320860 1631.3
1320870 1627.7
1320880 1627.7
1320890 1624.5
1320900 1621.2
1320910 1621.2
1320920 1618.3
1320930 1615.5
1320940 1612.8
1320950 1612.8
1320960 1610.6
1320970 1606.6
1320980 1606.6
1320990 1605.2
1321000 1605.9
1321010 1605.9
1321020 1606.5
1321030 1607.0
1321040 1607.0
1321050 1607.3
1321060 1608.4
1321070 1608.5
1321080 1609.3
1321090 1611.1
1321100 1611.1
1321110 1613.3
1321120 1616.2
1321130 1616.2
1321140 1618.3
1321150 1619.7
1321160 1621.7
1321170 1621.7
1321180 1622.7
1321190 1623.7
1321200 1623.7
1321210 1625.2
1321220 1627.7
1321230 1627.7
1321240 1630.8
1321250 1633.7
1321260 1633.7
1321270 1635.8
1321280 1637.8
1321290 1637.8
1321300 1640.1
1321310 1642.2
1321320 1642.2
1321330 1644.3
1321340 1646.6
1321350 1646.6
1321360 1649.1
1321370 1651.0
1321380 1652.9
1321390 1652.9
1321400 1654.5
1321410 1655.8
1321420 1655.8
1321430 1657.7
1321440 1661.1
1321450 1661.1
1321460 1665.2
1321470 1669.5
1321480 1669.5
1321490 1675.7
1321500 1684.6
1321510 1684.6
1321520 1690.9
1321530 1702.1
1321540 1702.1
1321550 1716.6
1321560 1728.1
1321570 1728.1
1321580 1738.1
1321590 1750.4
1321600 1761.3
1321610 1761.3
1321620 1772.1
1321630 1782.7
1321640 1782.7
1321650 1791.5
1321660 1801.6
1321670 1801.6
1321680 1810.5
1321690 1819.5
1321700 1819.5
1321710 1829.4
1321720 1843.9
1321730 1843.9
1321740 1861.4
1321750 1872.6
1321760 1872.6
1321770 1882.4
1321780 1893.9
1321790 1906.3
1321800 1906.3
1321810 1923.4
1321820 1938.0
1321830 1938.0
1321840 1943.4
1321850 1949.3
1321860 1949.3
1321870 1946.8
1321880 1943.7
1321890 1943.7
1321900 1943.1
1321910 1936.0
1321920 1936.0
1321930 1936.8
1321940 1946.6
1321950 1946.6
1321960 1961.6
1321970 1976.4
1321980 1976.4
1321990 1986.3
1322000 1995.2
1322010 2003.2
1322020 2003.2
1322030 2011.4
1322040 2019.7
1322050 2019.7
1322060 2028.5
1322070 2041.4
1322080 2041.4
1322090 2054.4
1322100 2066.1
1322110 2066.1
1322120 2075.9
1322130 2085.8
1322140 2085.8
1322150 2096.5
1322160 2105.4
1322170 2105.4
1322180 2108.0
1322190 2105.3
1322200 2105.3
1322210 2106.3
1322220 2108.8
1322230 2108.9
1322240 2108.9
1322250 2110.6
1322260 2125.2
1322270 2125.2
1322280 2138.2
1322290 2142.0
1322300 2142.0
1322310 2143.5
1322320 2146.6
1322330 2146.6
1322340 2147.8
1322350 2146.9
1322360 2146.9
1322370 2143.7
1322380 2140.2
1322390 2140.2
1322400 2136.5
1322410 2134.8
1322420 2134.8
1322430 2138.4
1322440 2147.1
1322450 2156.1
1322460 2156.1
1322470 2160.4
1322480 2161.0
1322490 2161.0
1322500 2162.8
1322510 2163.1
1322520 2163.1
1322530 2161.3
1322540 2158.5
1322550 2158.5
1322560 2158.5
1322570 2164.0
1322580 2164.0
1322590 2172.4
1322600 2182.8
1322610 2182.8
1322620 2204.7
1322630 2216.8
1322640 2216.8
1322650 2227.9
1322660 2238.3
1322670 2248.2
1322680 2248.2
1322690 2259.3
1322700 2271.6
1322710 2271.6
1322720 2282.0
1322730 2290.5
1322740 2290.5
1322750 2298.9
1322760 2307.4
1322770 2307.4
1322780 2316.1
1322790 2325.6
1322800 2325.6
1322810 2336.0
1322820 2347.6
1322830 2347.6
1322840 2360.1
1322850 2370.4
1322860 2378.5
1322870 2378.5
1322880 2385.9
1322890 2393.4
1322900 2393.4
1322910 2401.3
1322920 2409.0
1322930 2409.0
1322940 2417.3
1322950 2425.4
1322960 2425.4
1322970 2433.2
1322980 2441.0
1322990 2441.0
1323000 2448.8
1323010 2457.0
1323020 2457.0
1323030 2464.3
1323040 2472.8
1323050 2472.8
1323060 2480.3
1323070 2488.8
1323080 2496.8
1323090 2496.8
1323100 2506.6
1323110 2514.6
1323120 2514.6
1323130 2509.6
1323140 2504.0
1323150 2504.0
1323160 2499.5
1323170 2494.4
1323180 2494.4
1323190 2490.0
1323200 2486.1
1323210 2486.1
1323220 2482.7
1323230 2480.7
1323240 2480.7
1323250 2479.8
1323260 2478.9
1323270 2478.9
1323280 2478.5
1323290 2479.0
1323300 2479.7
1323310 2479.7
1323320 2481.8
1323330 2484.4
1323340 2484.4
1323350 2487.5
1323360 2491.2
1323370 2491.2
1323380 2494.6
1323390 2497.4
1323400 2497.4
1323410 2495.9
1323420 2497.9
1323430 2497.9
1323440 2500.1
1323450 2501.7
1323460 2501.7
1323470 2502.7
1323480 2505.0
1323490 2505.0
1323500 2507.2
1323510 2507.8
1323520 2508.5
1323530 2508.5
1323540 2509.6
1323550 2511.2
1323560 2511.2
1323570 2512.1
1323580 2512.6
1323590 2512.6
1323600 2513.4
1323610 2515.0
1323620 2515.0
1323630 2517.6
1323640 2520.6
1323650 2520.6
1323660 2523.8
1323670 2527.4
1323680 2527.4
1323690 2531.4
1323700 2535.8
1323710 2535.8
1323720 2540.1
1323730 2544.6
1323740 2549.2
1323750 2549.2
1323760 2553.8
1323770 2558.6
1323780 2558.6
1323790 2563.5
1323800 2567.9
1323810 2567.9
1323820 2572.7
1323830 2577.4
1323840 2577.4
1323850 2582.5
1323860 2587.8
1323870 2587.8
1323880 2593.1
1323890 2598.3
1323900 2598.3
1323910 2603.5
1323920 2608.9
1323930 2614.5
1323940 2614.5
1323950 2620.2
1323960 2625.7
1323970 2625.7
1323980 2631.4
1323990 2636.9
1324000 2636.9
1324010 2642.7
1324020 2648.8
1324030 2648.8
1324040 2655.1
1324050 2661.5
1324060 2661.5
1324070 2668.1
1324080 2674.9
1324090 2674.9
1324100 2681.8
1324110 2687.8
1324120 2687.8
1324130 2693.6
1324140 2699.8
1324150 2706.0
1324160 2706.0
1324170 2712.4
1324180 2719.2
1324190 2719.2
1324200 2726.0
1324210 2739.6
1324220 2739.6
1324230 2752.0
1324240 2761.1
1324250 2761.1
1324260 2767.1
1324270 2772.6
1324280 2772.6
1324290 2777.9
1324300 2783.5
1324310 2783.5
1324320 2790.1
1324330 2797.4
1324340 2797.4
1324350 2804.9
1324360 2811.8
1324370 2818.1
1324380 2818.1
1324390 2824.3
1324400 2829.2
1324410 2829.2
1324420 2829.1
1324430 2824.3
1324440 2824.3
1324450 2825.3
1324460 2826.8
1324470 2826.8
1324480 2815.3
1324490 2805.1
1324500 2805.1
1324510 2800.4
1324520 2797.4
1324530 2797.4
1324540 2795.7
1324550 2796.2
1324560 2796.2
1324570 2800.1
1324580 2799.3
1324590 2799.4
1324600 2799.4
1324610 2801.6
1324620 2806.8
1324630 2806.8
1324640 2811.7
1324650 2815.6
1324660 2815.6
1324670 2817.7
1324680 2818.0
1324690 2818.0
1324700 2817.1
1324710 2817.7
1324720 2817.7
1324730 2814.4
1324740 2817.6
1324750 2817.6
1324760 2814.3
1324770 2807.5
1324780 2807.5
1324790 2800.8
1324800 2789.2
1324810 2775.5
1324820 2775.5
1324830 2763.5
1324840 2754.6
1324850 2754.6
1324860 2748.8
1324870 2741.6
1324880 2741.6
1324890 2702.2
1324900 2655.2
1324910 2655.2
1324920 2641.6
1324930 2633.7
1324940 2633.7
1324950 2626.4
1324960 2620.2
1324970 2620.2
1324980 2616.2
1324990 2619.4
1325000 2618.8
1325010 2618.8
1325020 2615.0
1325030 2614.6
1325040 2614.6
1325050 2611.5
1325060 2605.5
1325070 2605.5
1325080 2602.5
1325090 2600.3
1325100 2600.3
1325110 2598.3
1325120 2595.5
1325130 2595.5
1325140 2592.9
1325150 2591.3
1325160 2591.3
1325170 2590.1
1325180 2587.4
1325190 2587.4
1325200 2585.2
1325210 2583.7
1325220 2579.0
1325230 2579.0
1325240 2575.1
1325250 2571.5
1325260 2571.5
1325270 2568.0
1325280 2564.1
1325290 2564.1
1325300 2559.0
1325310 2555.6
1325320 2555.6
1325330 2552.9
1325340 2547.9
1325350 2547.9
1325360 2541.7
1325370 2536.2
1325380 2536.2
1325390 2533.8
1325400 2532.2
1325410 2532.2
1325420 2531.5
1325430 2528.2
1325440 2524.1
1325450 2524.1
1325460 2520.8
1325470 2520.2
1325480 2520.2
1325490 2518.9
1325500 2518.3
1325510 2518.3
1325520 2517.0
1325530 2514.4
1325540 2514.4
1325550 2512.1
1325560 2511.5
1325570 2511.5
1325580 2511.3
1325590 2510.8
1325600 2510.8
1325610 2509.6
1325620 2508.9
1325630 2508.9
1325640 2509.0
1325650 2508.6
1325660 2503.4
1325670 2503.4
1325680 2496.0
1325690 2493.2
1325700 2493.2
1325710 2490.9
1325720 2490.9
1325730 2490.9
1325740 2491.2
1325750 2491.6
1325760 2491.6
1325770 2492.2
1325780 2491.5
1325790 2496.6
1325800 2495.1
1325810 2492.4
1325820 2492.4
1325830 2488.4
1325840 2484.9
1325850 2484.9
1325860 2479.4
1325870 2477.6
1325880 2477.4
1325890 2477.4
1325900 2477.0
1325910 2476.7
1325920 2476.7
1325930 2474.7
1325940 2471.8
1325950 2471.8
1325960 2470.6
1325970 2470.5
1325980 2470.5
1325990 2471.0
1326000 2473.4
1326010 2473.4
1326020 2477.0
1326030 2479.5
1326040 2479.5
1326050 2480.7
1326060 2483.5
1326070 2483.5
1326080 2485.9
1326090 2482.7
1326100 2478.1
1326110 2478.1
1326120 2474.8
1326130 2473.0
1326140 2473.0
1326150 2472.9
1326160 2471.5
1326170 2471.5
1326180 2468.2
1326190 2465.3
1326200 2465.3
1326210 2464.2
1326220 2459.4
1326230 2459.4
1326240 2451.4
1326250 2442.2
1326260 2442.2
1326270 2433.0
1326280 2424.2
1326290 2415.0
1326300 2415.0
1326310 2409.1
1326320 2403.0
1326330 2403.0
1326340 2399.3
1326350 2398.2
1326360 2398.2
1326370 2397.1
1326380 2395.9
1326390 2395.9
1326400 2394.2
1326410 2394.6
1326420 2394.6
1326430 2398.9
1326440 2406.1
1326450 2406.1
1326460 2408.7
1326470 2409.0
1326480 2409.0
1326490 2410.5
1326500 2417.0
1326510 2425.0
1326520 2425.0
1326530 2434.0
1326540 2444.0
1326550 2444.0
1326560 2454.0
1326570 2463.1
1326580 2463.1
1326590 2482.0
1326600 2496.7
1326610 2496.7
1326620 2511.5
1326630 2513.6
1326640 2513.6
1326650 2503.1
1326660 2489.2
1326670 2489.2
1326680 2473.1
1326690 2457.3
1326700 2457.3
1326710 2444.5
1326720 2438.6
1326730 2434.8
1326740 2434.8
1326750 2430.8
1326760 2426.6
1326770 2426.6
1326780 2417.2
1326790 2407.9
1326800 2407.9
1326810 2395.1
1326820 2385.8
1326830 2385.8
1326840 2362.9
1326850 2344.7
1326860 2344.7
1326870 2341.5
1326880 2340.7
1326890 2340.7
1326900 2333.9
1326910 2317.2
1326920 2317.2
1326930 2303.7
1326940 2292.6
1326950 2279.5
1326960 2279.5
1326970 2271.5
1326980 2265.9
1326990 2265.9
1327000 2261.1
1327010 2256.9
1327020 2256.9
1327030 2254.8
1327040 2252.3
1327050 2252.3
1327060 2248.9
1327070 2245.9
1327080 2245.9
1327090 2244.4
1327100 2247.1
1327110 2247.1
1327120 2243.2
1327130 2239.1
1327140 2239.1
1327150 2234.4
1327160 2232.7
1327170 2231.9
1327180 2231.9
1327190 2230.5
1327200 2226.5
1327210 2226.5
1327220 2222.1
1327230 2215.6
1327240 2215.6
1327250 2210.4
1327260 2207.5
1327270 2207.5
1327280 2201.6
1327290 2193.6
1327300 2193.6
1327310 2183.9
1327320 2173.4
1327330 2173.4
1327340 2162.1
1327350 2154.0
1327360 2147.2
1327370 2147.2
1327380 2140.9
1327390 2138.5
1327400 2138.5
1327410 2135.4
1327420 2136.1
1327430 2136.1
1327440 2137.0
1327450 2138.2
1327460 2138.2
1327470 2139.8
1327480 2139.8
1327490 2139.8
1327500 2139.0
1327510 2136.8
1327520 2136.8
1327530 2132.4
1327540 2127.4
1327550 2127.4
1327560 2119.6
1327570 2110.2
1327580 2101.2
1327590 2101.2
1327600 2089.2
1327610 2079.1
1327620 2079.1
1327630 2068.2
1327640 2058.3
1327650 2058.3
1327660 2049.7
1327670 2042.3
1327680 2042.3
1327690 2035.5
1327700 2028.8
1327710 2028.8
1327720 2022.1
1327730 2018.2
1327740 2018.2
1327750 2017.0
1327760 2017.0
1327770 2017.0
1327780 2010.7
1327790 1999.2
1327800 1990.1
1327810 1990.1
1327820 1981.4
1327830 1975.3
1327840 1975.3
1327850 1970.5
1327860 1968.1
1327870 1968.1
1327880 1966.3
1327890 1964.4
1327900 1964.4
1327910 1961.7
1327920 1959.3
1327930 1959.3
1327940 1957.2
1327950 1956.0
1327960 1956.0
1327970 1953.5
1327980 1947.9
1327990 1947.9
1328000 1940.5
1328010 1937.1
1328020 1931.7
1328030 1931.7
1328040 1923.0
1328050 1915.2
1328060 1915.2
1328070 1907.0
1328080 1899.4
1328090 1899.4
1328100 1890.9
1328110 1882.9
1328120 1882.9
1328130 1876.1
1328140 1865.7
1328150 1865.7
1328160 1851.9
1328170 1833.1
1328180 1833.1
1328190 1815.3
1328200 1810.4
1328210 1810.4
1328220 1799.6
1328230 1789.3
1328240 1783.8
1328250 1783.8
1328260 1778.7
1328270 1773.8
1328280 1773.8
1328290 1768.9
1328300 1763.8
1328310 1763.8
1328320 1758.3
1328330 1753.4
1328340 1753.4
1328350 1748.3
1328360 1744.5
1328370 1744.5
1328380 1743.9
1328390 1743.2
1328400 1743.2
1328410 1743.2
1328420 1744.5
1328430 1743.6
1328440 1743.6
1328450 1740.0
1328460 1740.3
1328470 1740.3
1328480 1741.5
1328490 1742.6
1328500 1742.6
1328510 1742.6
1328520 1742.2
1328530 1742.2
1328540 1741.4
1328550 1740.6
1328560 1740.6
1328570 1741.7
1328580 1744.1
1328590 1744.1
1328600 1745.6
1328610 1746.5
1328620 1746.5
1328630 1747.8
1328640 1749.3
1328650 1750.1
1328660 1750.1
1328670 1750.7
1328680 1751.1
1328690 1751.1
1328700 1751.5
1328710 1751.6
1328720 1751.6
1328730 1751.7
1328740 1752.8
1328750 1752.8
1328760 1753.1
1328770 1751.9
1328780 1751.9
1328790 1751.2
1328800 1751.1
1328810 1751.1
1328820 1751.5
1328830 1752.4
1328840 1752.4
1328850 1753.7
1328860 1753.9
1328870 1754.9
1328880 1754.9
1328890 1756.5
1328900 1760.5
1328910 1760.5
1328920 1762.8
1328930 1766.2
1328940 1766.2
1328950 1767.6
1328960 1768.0
1328970 1768.0
1328980 1773.3
1328990 1777.7
1329000 1777.7
1329010 1779.4
1329020 1783.6
1329030 1783.6
1329040 1784.1
1329050 1785.1
1329060 1785.1
1329070 1785.1
1329080 1784.2
1329090 1783.4
1329100 1783.4
1329110 1783.8
1329120 1781.8
1329130 1781.8
1329140 1782.4
1329150 1786.1
1329160 1786.1
1329170 1789.2
1329180 1791.0
1329190 1791.0
1329200 1793.4
1329210 1796.3
1329220 1796.3
1329230 1799.7
1329240 1802.4
1329250 1802.4
1329260 1804.2
1329270 1805.6
1329280 1805.6
1329290 1807.0
1329300 1809.0
1329310 1809.4
1329320 1809.4
1329330 1809.6
1329340 1810.6
1329350 1810.6
1329360 1810.9
1329370 1810.1
1329380 1810.1
1329390 1808.1
1329400 1809.4
1329410 1809.4
1329420 1814.0
1329430 1819.2
1329440 1819.2
1329450 1824.4
1329460 1829.6
1329470 1829.6
1329480 1834.6
1329490 1840.0
1329500 1845.5
1329510 1845.5
1329520 1848.1
1329530 1845.4
1329540 1845.4
1329550 1847.7
1329560 1850.2
1329570 1850.2
1329580 1856.9
1329590 1862.1
1329600 1862.1
1329610 1862.5
1329620 1859.8
1329630 1859.8
1329640 1862.0
1329650 1865.8
1329660 1865.8
1329670 1872.0
1329680 1879.6
1329690 1879.6
1329700 1888.7
1329710 1899.7
1329720 1911.7
1329730 1911.7
1329740 1921.4
1329750 1929.6
1329760 1929.6
1329770 1937.7
1329780 1945.3
1329790 1945.3
1329800 1953.4
1329810 1957.5
1329820 1957.5
1329830 1957.7
1329840 1963.5
1329850 1963.5
1329860 1969.8
1329870 1975.4
1329880 1975.4
1329890 1980.8
1329900 1986.3
1329910 1986.3
1329920 1993.1
1329930 1998.8
1329940 2004.6
1329950 2004.6
1329960 2011.5
1329970 2018.4
1329980 2018.4
1329990 2025.9
1330000 2033.2
1330010 2033.2
1330020 2040.0
1330030 2047.1
1330040 2047.1
1330050 2055.9
1330060 2065.2
1330070 2065.2
1330080 2074.0
1330090 2083.6
1330100 2083.6
1330110 2095.1
1330120 2113.4
1330130 2113.4
1330140 2130.7
1330150 2144.1
1330160 2155.3
1330170 2155.3
1330180 2164.6
1330190 2172.0
1330200 2172.0
1330210 2179.0
1330220 2185.0
1330230 2185.0
1330240 2191.2
1330250 2198.3
1330260 2198.3
1330270 2206.4
1330280 2214.0
1330290 2214.0
1330300 2221.2
1330310 2226.8
1330320 2226.8
1330330 2231.7
1330340 2236.7
1330350 2236.7
1330360 2240.2
1330370 2243.6
1330380 2247.7
1330390 2247.7
1330400 2252.4
1330410 2257.2
1330420 2257.2
1330430 2263.0
1330440 2269.9
1330450 2269.9
1330460 2277.1
1330470 2284.2
1330480 2284.2
1330490 2289.6
1330500 2292.9
1330510 2292.9
1330520 2296.5
1330530 2301.2
1330540 2301.2
1330550 2305.9
1330560 2310.2
1330570 2315.1
1330580 2315.1
1330590 2321.2
1330600 2328.0
1330610 2328.0
1330620 2333.6
1330630 2335.1
1330640 2335.1
1330650 2338.8
1330660 2341.3
1330670 2341.3
1330680 2344.9
1330690 2349.4
1330700 2349.4
1330710 2352.2
1330720 2354.2
1330730 2354.2
1330740 2356.1
1330750 2358.8
1330760 2358.8
1330770 2364.6
1330780 2369.6
1330790 2373.4
1330800 2373.4
1330810 2376.9
1330820 2379.1
1330830 2379.1
1330840 2380.1
1330850 2380.9
1330860 2380.9
1330870 2381.2
1330880 2381.1
1330890 2381.1
1330900 2381.3
1330910 2382.0
1330920 2382.0
1330930 2382.8
1330940 2384.0
1330950 2384.0
1330960 2385.7
1330970 2388.2
1330980 2388.2
1330990 2391.6
1331000 2395.5
1331010 2399.0
1331020 2399.0
1331030 2401.6
1331040 2404.0
1331050 2404.0
1331060 2405.5
1331070 2407.1
1331080 2407.1
1331090 2409.0
1331100 2412.6
1331110 2412.6
1331120 2417.4
1331130 2422.2
1331140 2422.2
1331150 2426.6
1331160 2431.2
1331170 2431.2
1331180 2436.2
1331190 2441.0
1331200 2441.0
1331210 2445.2
1331220 2448.7
1331230 2452.1
1331240 2452.1
1331250 2455.2
1331260 2458.0
1331270 2458.0
1331280 2460.7
1331290 2463.5
1331300 2463.5
1331310 2466.3
1331320 2469.1
1331330 2469.1
1331340 2471.5
1331350 2474.6
1331360 2474.6
1331370 2478.5
1331380 2483.2
1331390 2483.2
1331400 2488.5
1331410 2493.5
1331420 2493.5
1331430 2498.7
1331440 2503.1
1331450 2507.1
1331460 2507.1
1331470 2511.7
1331480 2515.0
1331490 2515.0
1331500 2517.7
1331510 2521.9
1331520 2521.9
1331530 2527.7
1331540 2533.3
1331550 2533.3
1331560 2538.6
1331570 2542.1
1331580 2542.1
1331590 2543.7
1331600 2544.7
1331610 2544.7
1331620 2545.5
1331630 2545.4
1331640 2544.1
1331650 2544.1
1331660 2544.8
1331670 2549.8
1331680 2549.8
1331690 2557.0
1331700 2564.6
1331710 2564.6
1331720 2572.3
1331730 2578.4
1331740 2578.4
1331750 2583.5
1331760 2588.1
1331770 2588.1
1331780 2593.4
1331790 2598.7
1331800 2598.7
1331810 2603.7
1331820 2609.2
1331830 2609.2
1331840 2616.2
1331850 2623.3
1331860 2629.9
1331870 2629.9
1331880 2637.2
1331890 2645.5
1331900 2645.5
1331910 2653.8
1331920 2662.5
1331930 2662.5
1331940 2670.3
1331950 2678.2
1331960 2678.2
1331970 2685.7
1331980 2691.3
1331990 2691.3
1332000 2695.7
1332010 2700.2
1332020 2700.2
1332030 2704.1
1332040 2706.1
1332050 2706.1
1332060 2708.1
1332070 2710.7
1332080 2713.2
1332090 2713.2
1332100 2716.4
1332110 2719.4
1332120 2719.4
1332130 2722.0
1332140 2724.5
1332150 2724.5
1332160 2727.0
1332170 2729.1
1332180 2729.1
1332190 2732.2
1332200 2736.1
1332210 2736.1
1332220 2737.7
1332230 2737.0
1332240 2737.0
1332250 2735.7
1332260 2734.7
1332270 2734.7
1332280 2733.5
1332290 2731.4
1332300 2729.2
1332310 2723.1
1332320 2721.5
1332330 2720.5
1332340 2720.5
1332350 2718.5
1332360 2715.3
1332370 2715.3
1332380 2712.9
1332390 2710.1
1332400 2710.1
1332410 2706.0
1332420 2701.8
1332430 2701.8
1332440 2698.1
1332450 2696.8
1332460 2696.8
1332470 2696.8
1332480 2697.6
1332490 2697.6
1332500 2699.1
1332510 2701.3
1332520 2703.1
1332530 2703.1
1332540 2704.8
1332550 2707.2
1332560 2707.2
1332570 2709.7
1332580 2712.6
1332590 2712.6
1332600 2716.4
1332610 2720.7
1332620 2720.7
1332630 2724.6
1332640 2728.5
1332650 2728.5
1332660 2732.7
1332670 2737.2
1332680 2737.2
1332690 2742.2
1332700 2747.5
1332710 2747.5
1332720 2753.3
1332730 2759.6
1332740 2765.9
1332750 2765.9
1332760 2771.9
1332770 2777.9
1332780 2777.9
1332790 2783.9
1332800 2790.2
1332810 2790.2
1332820 2797.2
1332830 2804.8
1332840 2804.8
1332850 2812.8
1332860 2821.3
1332870 2821.3
1332880 2829.9
1332890 2837.9
1332900 2837.9
1332910 2845.1
1332920 2851.8
1332930 2858.0
1332940 2858.0
1332950 2863.7
1332960 2868.9
1332970 2868.9
1332980 2874.0
1332990 2878.8
1333000 2878.8
1333010 2883.3
1333020 2887.5
1333030 2887.5
1333040 2891.5
1333050 2895.4
1333060 2895.4
1333070 2899.1
1333080 2902.7
1333090 2902.7
1333100 2906.4
1333110 2910.1
1333120 2910.1
1333130 2913.8
1333140 2917.9
1333150 2924.2
1333160 2924.2
1333170 2928.5
1333180 2932.9
1333190 2932.9
1333200 2937.0
1333210 2940.7
1333220 2940.7
1333230 2944.6
1333240 2948.3
1333250 2948.3
1333260 2952.0
1333270 2955.5
1333280 2955.5
1333290 2958.7
1333300 2961.9
1333310 2961.9
1333320 2965.2
1333330 2968.5
1333340 2968.5
1333350 2971.5
1333360 2974.6
1333370 2977.7
1333380 2977.7
1333390 2980.8
1333400 2984.1
1333410 2984.1
1333420 2987.1
1333430 2990.3
1333440 2990.3
1333450 2993.4
1333460 2996.7
1333470 2996.7
1333480 3000.0
1333490 3003.3
1333500 3003.3
1333510 3006.7
1333520 3010.2
1333530 3010.2
1333540 3013.9
1333550 3017.5
1333560 3017.5
1333570 3021.4
1333580 3025.3
1333590 3029.3
1333600 3029.3
1333610 3034.4
1333620 3039.6
1333630 3039.6
1333640 3046.1
1333650 3055.8
1333660 3055.8
1333670 3066.9
1333680 3058.1
1333690 3058.1
1333700 3034.5
1333710 3017.7
1333720 3017.7
1333730 3003.0
1333740 2994.2
1333750 2994.2
1333760 2986.6
1333770 2977.2
1333780 2977.2
1333790 2968.5
1333800 2961.1
1333810 2954.2
1333820 2954.2
1333830 2947.3
1333840 2940.9
1333850 2940.9
1333860 2934.8
1333870 2928.8
1333880 2928.8
1333890 2922.6
1333900 2916.7
1333910 2916.7
1333920 2911.1
1333930 2905.1
1333940 2905.1
1333950 2899.1
1333960 2893.6
1333970 2893.6
1333980 2888.7
1333990 2886.0
1334000 2881.3
1334010 2881.3
1334020 2876.9
1334030 2872.4
1334040 2872.4
1334050 2867.8
1334060 2863.5
1334070 2863.5
1334080 2859.2
1334090 2855.1
1334100 2855.1
1334110 2850.8
1334120 2846.6
1334130 2846.6
1334140 2842.3
1334150 2838.1
1334160 2838.1
1334170 2833.8
1334180 2829.7
1334190 2829.7
1334200 2824.9
1334210 2820.1
1334220 2816.2
1334230 2816.2
1334240 2813.2
1334250 2810.4
1334260 2810.4
1334270 2808.4
1334280 2808.2
1334290 2808.2
1334300 2810.4
1334310 2813.8
1334320 2813.8
1334330 2817.0
1334340 2818.2
1334350 2818.2
1334360 2816.0
1334370 2803.7
1334380 2803.7
1334390 2789.5
1334400 2785.0
1334410 2785.0
1334420 2781.6
1334430 2778.1
1334440 2774.3
1334450 2774.3
1334460 2770.2
1334470 2766.0
1334480 2766.0
1334490 2762.4
1334500 2759.3
1334510 2759.3
1334520 2756.5
1334530 2753.7
1334540 2753.7
1334550 2751.2
1334560 2750.0
1334570 2750.0
1334580 2748.8
1334590 2747.5
1334600 2747.5
1334610 2745.5
1334620 2743.4
1334630 2743.4
1334640 2741.0
1334650 2739.5
1334660 2737.7
1334670 2737.7
1334680 2734.0
1334690 2728.6
1334700 2728.6
1334710 2723.4
1334720 2719.6
1334730 2719.6
1334740 2717.1
1334750 2715.3
1334760 2715.3
1334770 2713.5
1334780 2710.9
1334790 2710.9
1334800 2707.2
1334810 2702.2
1334820 2702.2
1334830 2701.4
1334840 2695.9
1334850 2695.9
1334860 2691.8
1334870 2689.9
1334880 2690.3
1334890 2690.3
1334900 2694.1
1334910 2700.5
1334920 2700.5
1334930 2705.5
1334940 2709.1
1334950 2709.1
1334960 2715.5
1334970 2723.1
1334980 2723.1
1334990 2728.4
1335000 2733.0
1335010 2733.0
1335020 2739.2
1335030 2746.3
1335040 2746.3
1335050 2757.3
1335060 2769.9
1335070 2768.7
1335080 2768.7
1335090 2763.8
1335100 2753.9
1335110 2753.9
1335120 2740.1
1335130 2727.6
1335140 2727.6
1335150 2720.2
1335160 2714.8
1335170 2714.8
1335180 2712.7
1335190 2713.9
1335200 2713.9
1335210 2714.0
1335220 2714.2
1335230 2714.2
1335240 2710.1
1335250 2700.8
1335260 2700.8
1335270 2690.4
1335280 2680.8
1335290 2668.8
1335300 2668.8
1335310 2655.5
1335320 2645.0
1335330 2645.0
1335340 2637.7
1335350 2630.4
1335360 2630.4
1335370 2622.2
1335380 2613.4
1335390 2613.4
1335400 2605.2
1335410 2596.9
1335420 2596.9
1335430 2586.6
1335440 2574.6
1335450 2574.6
1335460 2564.2
1335470 2557.3
1335480 2557.3
1335490 2550.8
1335500 2544.7
1335510 2539.4
1335520 2539.4
1335530 2535.5
1335540 2532.6
1335550 2532.6
1335560 2528.8
1335570 2525.2
1335580 2525.2
1335590 2522.0
1335600 2518.6
1335610 2518.6
1335620 2514.1
1335630 2506.7
1335640 2506.7
1335650 2501.5
1335660 2500.5
1335670 2500.5
1335680 2505.4
1335690 2506.2
1335700 2506.2
1335710 2506.0
1335720 2504.8
1335730 2504.1
1335740 2504.1
1335750 2501.4
1335760 2498.3
1335770 2498.3
1335780 2496.6
1335790 2494.6
1335800 2494.6
1335810 2491.0
1335820 2486.2
1335830 2486.2
1335840 2484.0
1335850 2482.2
1335860 2482.2
1335870 2479.7
1335880 2476.5
1335890 2476.5
1335900 2475.5
1335910 2473.4
1335920 2473.4
1335930 2470.5
1335940 2470.2
1335950 2471.7
1335960 2471.7
1335970 2471.9
1335980 2471.3
1335990 2471.3
1336000 2470.3
1336010 2470.4
1336020 2470.4
1336030 2470.4
1336040 2468.5
1336050 2468.5
1336060 2465.2
1336070 2462.4
1336080 2462.4
1336090 2460.1
1336100 2459.0
1336110 2459.0
1336120 2458.1
1336130 2457.7
1336140 2458.8
1336150 2458.8
1336160 2461.6
1336170 2465.3
1336180 2465.3
1336190 2467.5
1336200 2468.6
1336210 2468.6
1336220 2470.5
1336230 2472.3
1336240 2472.3
1336250 2472.1
1336260 2470.9
1336270 2470.9
1336280 2470.5
1336290 2470.3
1336300 2470.3
1336310 2468.3
1336320 2464.9
1336330 2464.9
1336340 2460.6
1336350 2455.1
1336360 2450.0
1336370 2450.0
1336380 2446.2
1336390 2443.5
1336400 2443.5
1336410 2441.6
1336420 2439.2
1336430 2439.2
1336440 2436.5
1336450 2433.1
1336460 2433.1
1336470 2429.1
1336480 2425.0
1336490 2425.0
1336500 2420.2
1336510 2416.5
1336520 2416.5
1336530 2422.2
1336540 2420.3
1336550 2420.3
1336560 2417.2
1336570 2413.2
1336580 2408.9
1336590 2408.9
1336600 2404.4
1336610 2399.7
1336620 2399.7
1336630 2394.5
1336640 2389.6
1336650 2389.6
1336660 2385.7
1336670 2380.4
1336680 2380.4
1336690 2375.1
1336700 2369.6
1336710 2369.6
1336720 2364.3
1336730 2357.3
1336740 2357.3
1336750 2349.4
1336760 2343.5
1336770 2343.5
1336780 2339.9
1336790 2336.3
1336800 2332.0
1336810 2332.0
1336820 2327.9
1336830 2325.0
1336840 2325.0
1336850 2322.4
1336860 2320.4
1336870 2320.4
1336880 2318.6
1336890 2316.5
1336900 2316.5
1336910 2314.4
1336920 2311.9
1336930 2311.9
1336940 2309.6
1336950 2308.0
1336960 2308.0
1336970 2306.9
1336980 2305.7
1336990 2305.7
1337000 2304.8
1337010 2303.8
1337020 2303.0
1337030 2303.0
1337040 2302.3
1337050 2301.4
1337060 2301.4
1337070 2300.5
1337080 2299.8
1337090 2299.8
1337100 2298.8
1337110 2297.8
1337120 2297.8
1337130 2296.9
1337140 2295.9
1337150 2295.9
1337160 2294.6
1337170 2295.4
1337180 2295.4
1337190 2297.8
1337200 2300.2
1337210 2302.4
1337220 2302.4
1337230 2304.4
1337240 2306.4
1337250 2306.4
1337260 2308.5
1337270 2310.3
1337280 2310.3
1337290 2312.1
1337300 2313.4
1337310 2313.4
1337320 2313.4
1337330 2312.7
1337340 2312.7
1337350 2312.2
1337360 2312.0
1337370 2312.0
1337380 2312.0
1337390 2311.8
1337400 2311.8
1337410 2311.9
1337420 2311.9
1337430 2311.9
1337440 2311.9
1337450 2311.9
1337460 2312.0
1337470 2312.0
1337480 2312.2
1337490 2312.3
1337500 2312.3
1337510 2312.4
1337520 2312.4
1337530 2312.4
1337540 2312.5
1337550 2313.6
1337560 2313.6
1337570 2315.3
1337580 2318.5
1337590 2318.5
1337600 2322.4
1337610 2324.4
1337620 2324.4
1337630 2325.4
1337640 2327.3
1337650 2329.9
1337660 2329.9
1337670 2333.7
1337680 2336.8
1337690 2336.8
1337700 2339.8
1337710 2343.1
1337720 2343.1
1337730 2345.2
1337740 2346.2
1337750 2346.2
1337760 2347.1
1337770 2347.5
1337780 2347.5
1337790 2347.5
1337800 2347.2
1337810 2347.2
1337820 2346.2
1337830 2346.4
1337840 2346.4
1337850 2347.8
1337860 2348.2
1337870 2349.2
1337880 2349.2
1337890 2349.9
1337900 2350.1
1337910 2350.1
1337920 2350.3
1337930 2350.6
1337940 2350.6
1337950 2351.3
1337960 2351.9
1337970 2351.9
1337980 2352.1
1337990 2351.7
1338000 2351.7
1338010 2351.5
1338020 2351.2
1338030 2351.2
1338040 2350.7
1338050 2350.7
1338060 2351.1
1338070 2351.1
1338080 2351.1
1338090 2351.4
1338100 2351.4
1338110 2351.7
1338120 2351.8
1338130 2351.8
1338140 2351.8
1338150 2351.1
1338160 2351.1
1338170 2351.3
1338180 2352.3
1338190 2352.3
1338200 2352.9
1338210 2353.7
1338220 2353.7
1338230 2355.6
1338240 2358.0
1338250 2358.0
1338260 2359.9
1338270 2363.8
1338280 2368.2
1338290 2368.2
1338300 2374.0
1338310 2379.5
1338320 2379.5
1338330 2386.2
1338340 2392.6
1338350 2392.6
1338360 2399.2
1338370 2405.7
1338380 2405.7
1338390 2412.0
1338400 2417.8
1338410 2417.8
1338420 2423.8
1338430 2429.9
1338440 2429.9
1338450 2436.6
1338460 2444.5
1338470 2444.5
1338480 2451.5
1338490 2459.3
1338500 2466.7
1338510 2466.7
1338520 2469.7
1338530 2475.1
1338540 2475.1
1338550 2482.3
1338560 2493.8
1338570 2493.8
1338580 2511.3
1338590 2524.7
1338600 2524.7
1338610 2533.8
1338620 2543.1
1338630 2543.1
1338640 2551.0
1338650 2557.6
1338660 2557.6
1338670 2562.9
1338680 2566.7
1338690 2566.7
1338700 2570.0
1338710 2573.6
1338720 2578.6
1338730 2578.6
1338740 2582.6
1338750 2585.5
1338760 2585.5
1338770 2589.2
1338780 2593.0
1338790 2593.0
1338800 2595.4
1338810 2596.9
1338820 2596.9
1338830 2597.5
1338840 2598.1
1338850 2598.1
1338860 2599.1
1338870 2600.2
1338880 2600.2
1338890 2600.4
1338900 2599.7
1338910 2599.7
1338920 2599.4
1338930 2600.0
1338940 2600.4
1338950 2600.4
1338960 2601.2
1338970 2602.7
1338980 2602.7
1338990 2606.3
1339000 2611.5
1339010 2611.5
1339020 2615.7
1339030 2619.7
1339040 2619.7
1339050 2623.5
1339060 2627.9
1339070 2627.9
1339080 2633.1
1339090 2638.5
1339100 2638.5
1339110 2644.5
1339120 2648.4
1339130 2653.2
1339140 2653.2
1339150 2658.4
1339160 2666.1
1339170 2666.1
1339180 2672.8
1339190 2679.8
1339200 2679.8
1339210 2687.4
1339220 2694.5
1339230 2694.5
1339240 2701.2
1339250 2707.0
1339260 2707.0
1339270 2712.8
1339280 2721.5
1339290 2721.5
1339300 2736.0
1339310 2749.4
1339320 2749.4
1339330 2759.6
1339340 2768.5
1339350 2779.1
1339360 2779.1
1339370 2792.1
1339380 2802.1
1339390 2802.1
1339400 2796.7
1339410 2779.2
1339420 2779.2
1339430 2764.3
1339440 2748.7
1339450 2748.7
1339460 2734.3
1339470 2716.8
1339480 2716.8
1339490 2691.3
1339500 2667.5
1339510 2667.5
1339520 2643.1
1339530 2627.7
1339540 2627.7
1339550 2616.1
1339560 2609.8
1339570 2605.5
1339580 2605.5
1339590 2600.4
1339600 2596.0
1339610 2596.0
1339620 2591.8
1339630 2587.9
1339640 2587.9
1339650 2584.4
1339660 2580.8
1339670 2580.8
1339680 2576.3
1339690 2571.2
1339700 2571.2
1339710 2565.8
1339720 2560.5
1339730 2560.5
1339740 2555.4
1339750 2551.4
1339760 2551.4
1339770 2550.7
1339780 2551.4
1339790 2553.5
1339800 2553.5
1339810 2554.2
1339820 2555.7
1339830 2555.7
1339840 2557.1
1339850 2560.5
1339860 2560.5
1339870 2565.6
1339880 2569.2
1339890 2569.2
1339900 2572.2
1339910 2574.8
1339920 2574.8
1339930 2577.1
1339940 2578.9
1339950 2578.9
1339960 2579.6
1339970 2579.4
1339980 2579.4
1339990 2577.6
