1320000 1457.9
1320010 1461.2
1320020 1465.0
1320030 1465.0
1320040 1470.1
1320050 1474.4
1320060 1474.4
1320070 1479.1
1320080 1484.7
1320090 1484.7
1320100 1490.9
1320110 1495.9
1320120 1495.9
1320130 1499.1
1320140 1503.3
1320150 1503.3
1320160 1508.8
1320170 1514.4
1320180 1520.2
1320190 1520.2
1320200 1526.1
1320210 1530.9
1320220 1530.9
1320230 1535.9
1320240 1539.3
1320250 1539.3
1320260 1544.6
1320270 1566.2
1320280 1566.2
1320290 1593.0
1320300 1605.5
1320310 1605.5
1320320 1624.3
1320330 1649.0
1320340 1649.0
1320350 1663.2
1320360 1676.4
1320370 1676.4
1320380 1692.0
1320390 1702.2
1320400 1713.9
1320410 1713.9
1320420 1721.2
1320430 1730.2
1320440 1730.2
1320450 1740.2
1320460 1748.4
1320470 1748.4
1320480 1752.9
1320490 1760.2
1320500 1760.2
1320510 1769.1
1320520 1778.3
1320530 1778.3
1320540 1788.3
1320550 1799.1
1320560 1799.1
1320570 1809.0
1320580 1818.2
1320590 1818.2
1320600 1825.8
1320610 1833.0
1320620 1841.9
1320630 1841.9
1320640 1851.2
1320650 1860.2
1320660 1860.2
1320670 1869.5
1320680 1877.3
1320690 1877.3
1320700 1884.3
1320710 1891.6
1320720 1891.6
1320730 1899.9
1320740 1910.1
1320750 1910.1
1320760 1921.8
1320770 1933.2
1320780 1933.2
1320790 1946.6
1320800 1956.2
1320810 1956.2
1320820 1959.6
1320830 1954.5
1320840 1950.0
1320850 1950.0
1320860 1946.8
1320870 1944.7
1320880 1944.7
1320890 1942.7
1320900 1939.2
1320910 1939.2
1320920 1940.4
1320930 1941.7
1320940 1941.7
1320950 1943.7
1320960 1950.0
1320970 1950.0
1320980 1959.9
1320990 1973.0
1321000 1973.0
1321010 1985.6
1321020 1996.8
1321030 1996.8
1321040 2010.9
1321050 2028.0
1321060 2041.3
1321070 2041.3
1321080 2049.4
1321090 2053.0
1321100 2053.0
1321110 2053.5
1321120 2053.1
1321130 2053.1
1321140 2053.6
1321150 2054.4
1321160 2054.4
1321170 2057.0
1321180 2067.1
1321190 2067.1
1321200 2076.6
1321210 2080.0
1321220 2080.0
1321230 2082.0
1321240 2084.7
1321250 2084.7
1321260 2088.7
1321270 2092.1
1321280 2095.4
1321290 2095.4
1321300 2097.4
1321310 2099.8
1321320 2099.8
1321330 2102.8
1321340 2105.6
1321350 2105.6
1321360 2108.6
1321370 2109.3
1321380 2109.3
1321390 2110.2
1321400 2113.2
1321410 2113.2
1321420 2116.2
1321430 2119.6
1321440 2119.6
1321450 2124.3
1321460 2129.4
1321470 2129.4
1321480 2134.8
1321490 2141.1
1321500 2147.9
1321510 2147.9
1321520 2154.4
1321530 2160.6
1321540 2159.7
1321550 2165.9
1321560 2173.7
1321570 2173.7
1321580 2182.6
1321590 2191.0
1321600 2191.0
1321610 2199.1
1321620 2207.4
1321630 2207.4
1321640 2215.3
1321650 2222.6
1321660 2222.6
1321670 2229.8
1321680 2236.5
1321690 2242.1
1321700 2242.1
1321710 2246.3
1321720 2249.8
1321730 2249.8
1321740 2252.6
1321750 2255.2
1321760 2255.2
1321770 2258.3
1321780 2261.6
1321790 2261.6
1321800 2264.9
1321810 2268.0
1321820 2268.0
1321830 2270.7
1321840 2273.5
1321850 2273.5
1321860 2276.8
1321870 2280.5
1321880 2280.5
1321890 2284.1
1321900 2287.9
1321910 2292.8
1321920 2292.8
1321930 2298.5
1321940 2303.2
1321950 2303.2
1321960 2308.2
1321970 2314.2
1321980 2314.2
1321990 2319.8
1322000 2325.7
1322010 2325.7
1322020 2331.4
1322030 2337.7
1322040 2337.7
1322050 2344.5
1322060 2351.8
1322070 2351.8
1322080 2359.3
1322090 2365.9
1322100 2365.9
1322110 2372.7
1322120 2380.0
1322130 2387.9
1322140 2387.9
1322150 2394.6
1322160 2401.4
1322170 2401.4
1322180 2407.9
1322190 2415.5
1322200 2415.5
1322210 2423.5
1322220 2430.5
1322230 2430.5
1322240 2437.7
1322250 2446.2
1322260 2446.2
1322270 2452.7
1322280 2458.7
1322290 2458.7
1322300 2465.8
1322310 2473.9
1322320 2473.9
1322330 2481.4
1322340 2488.8
1322350 2496.2
1322360 2496.2
1322370 2503.5
1322380 2511.5
1322390 2511.5
1322400 2520.1
1322410 2528.0
1322420 2528.0
1322430 2536.0
1322440 2544.6
1322450 2544.6
1322460 2556.7
1322470 2577.3
1322480 2577.3
1322490 2607.2
1322500 2621.5
1322510 2621.5
1322520 2633.1
1322530 2642.9
1322540 2642.9
1322550 2651.7
1322560 2661.0
1322570 2670.1
1322580 2670.1
1322590 2679.8
1322600 2688.8
1322610 2688.8
1322620 2695.7
1322630 2704.2
1322640 2704.2
1322650 2710.0
1322660 2716.4
1322670 2716.4
1322680 2722.8
1322690 2730.6
1322700 2730.6
1322710 2738.3
1322720 2743.3
1322730 2743.3
1322740 2744.1
1322750 2740.4
1322760 2740.4
1322770 2740.0
1322780 2739.4
1322790 2743.3
1322800 2743.3
1322810 2750.2
1322820 2759.2
1322830 2759.2
1322840 2770.0
1322850 2780.0
1322860 2780.0
1322870 2789.2
1322880 2794.4
1322890 2794.4
1322900 2800.6
1322910 2809.8
1322920 2809.8
1322930 2823.1
1322940 2829.8
1322950 2829.8
1322960 2815.0
1322970 2801.3
1322980 2801.3
1322990 2790.6
1323000 2779.4
1323010 2768.6
1323020 2768.6
1323030 2756.2
1323040 2742.7
1323050 2742.7
1323060 2731.5
1323070 2721.1
1323080 2721.1
1323090 2710.7
1323100 2698.3
1323110 2698.3
1323120 2682.6
1323130 2673.1
1323140 2673.1
1323150 2673.9
1323160 2668.6
1323170 2668.6
1323180 2659.8
1323190 2649.8
1323200 2649.8
1323210 2637.0
1323220 2625.0
1323230 2614.9
1323240 2614.9
1323250 2601.9
1323260 2589.4
1323270 2589.4
1323280 2575.2
1323290 2558.3
1323300 2558.3
1323310 2544.0
1323320 2532.9
1323330 2532.9
1323340 2530.2
1323350 2530.6
1323360 2530.6
1323370 2520.8
1323380 2510.5
1323390 2510.5
1323400 2499.8
1323410 2488.2
1323420 2488.2
1323430 2478.7
1323440 2469.9
1323450 2456.4
1323460 2456.4
1323470 2444.2
1323480 2437.1
1323490 2437.1
1323500 2431.5
1323510 2427.3
1323520 2427.3
1323530 2424.4
1323540 2420.1
1323550 2420.1
1323560 2414.8
1323570 2409.2
1323580 2409.2
1323590 2402.9
1323600 2395.8
1323610 2395.8
1323620 2388.3
1323630 2381.1
1323640 2373.9
1323650 2373.9
1323660 2366.6
1323670 2359.6
1323680 2359.6
1323690 2352.8
1323700 2346.1
1323710 2346.1
1323720 2339.5
1323730 2332.8
1323740 2332.8
1323750 2326.2
1323760 2319.7
1323770 2319.7
1323780 2313.4
1323790 2307.6
1323800 2307.6
1323810 2302.0
1323820 2296.9
1323830 2296.9
1323840 2291.9
1323850 2287.1
1323860 2282.1
1323870 2282.1
1323880 2280.0
1323890 2275.7
1323900 2275.7
1323910 2271.7
1323920 2267.5
1323930 2267.5
1323940 2264.0
1323950 2261.3
1323960 2261.3
1323970 2259.2
1323980 2257.7
1323990 2257.7
1324000 2256.6
1324010 2255.6
1324020 2255.6
1324030 2253.4
1324040 2251.0
1324050 2251.0
1324060 2248.6
1324070 2246.4
1324080 2244.2
1324090 2244.2
1324100 2241.4
1324110 2238.4
1324120 2238.4
1324130 2235.1
1324140 2231.9
1324150 2231.9
1324160 2228.7
1324170 2225.7
1324180 2225.7
1324190 2222.9
1324200 2219.6
1324210 2219.6
1324220 2216.7
1324230 2214.0
1324240 2214.0
1324250 2211.1
1324260 2208.2
1324270 2208.2
1324280 2205.5
1324290 2202.3
1324300 2198.8
1324310 2198.8
1324320 2192.6
1324330 2182.4
1324340 2182.4
1324350 2177.9
1324360 2174.8
1324370 2174.8
1324380 2171.5
1324390 2168.5
1324400 2168.5
1324410 2165.4
1324420 2162.6
1324430 2162.6
1324440 2160.0
1324450 2157.8
1324460 2157.8
1324470 2155.8
1324480 2153.5
1324490 2153.5
1324500 2151.2
1324510 2149.2
1324520 2147.1
1324530 2147.1
1324540 2144.3
1324550 2142.0
1324560 2142.0
1324570 2140.0
1324580 2138.4
1324590 2138.4
1324600 2136.9
1324610 2135.5
1324620 2135.5
1324630 2133.6
1324640 2130.8
1324650 2130.8
1324660 2127.8
1324670 2124.9
1324680 2128.2
1324690 2125.7
1324700 2123.2
1324710 2123.2
1324720 2120.6
1324730 2118.5
1324740 2118.0
1324750 2118.0
1324760 2118.0
1324770 2117.0
1324780 2117.0
1324790 2116.6
1324800 2115.8
1324810 2115.8
1324820 2115.1
1324830 2113.9
1324840 2113.9
1324850 2113.1
1324860 2110.9
1324870 2110.9
1324880 2109.3
1324890 2108.9
1324900 2108.9
1324910 2106.6
1324920 2104.7
1324930 2104.7
1324940 2103.1
1324950 2102.7
1324960 2103.5
1324970 2103.5
1324980 2105.1
1324990 2105.2
1325000 2105.2
1325010 2105.7
1325020 2105.0
1325030 2105.0
1325040 2105.4
1325050 2103.9
1325060 2103.9
1325070 2104.8
1325080 2104.2
1325090 2104.2
1325100 2103.9
1325110 2104.6
1325120 2104.6
1325130 2106.0
1325140 2107.3
1325150 2107.3
1325160 2106.7
1325170 2105.9
1325180 2105.7
1325190 2105.7
1325200 2106.6
1325210 2105.3
1325220 2105.3
1325230 2104.2
1325240 2104.0
1325250 2104.0
1325260 2104.5
1325270 2105.4
1325280 2105.4
1325290 2107.4
1325300 2110.8
1325310 2110.8
1325320 2115.2
1325330 2119.9
1325340 2119.9
1325350 2124.5
1325360 2130.0
1325370 2130.0
1325380 2138.9
1325390 2153.1
1325400 2161.0
1325410 2161.0
1325420 2166.6
1325430 2172.5
1325440 2172.5
1325450 2179.6
1325460 2185.6
1325470 2191.7
1325480 2191.7
1325490 2188.9
1325500 2188.9
1325510 2185.6
1325520 2178.5
1325530 2178.5
1325540 2170.1
1325550 2164.5
1325560 2164.5
1325570 2155.4
1325580 2143.8
1325590 2143.8
1325600 2130.5
1325610 2123.1
1325620 2117.5
1325630 2117.5
1325640 2111.9
1325650 2107.3
1325660 2107.3
1325670 2101.3
1325680 2094.0
1325690 2094.0
1325700 2088.0
1325710 2081.2
1325720 2081.2
1325730 2074.5
1325740 2068.3
1325750 2068.3
1325760 2062.5
1325770 2056.7
1325780 2056.7
1325790 2050.2
1325800 2041.0
1325810 2030.9
1325820 2030.9
1325830 2021.1
1325840 2010.3
1325850 2010.3
1325860 2001.9
1325870 1994.3
1325880 1994.3
1325890 1987.3
1325900 1979.9
1325910 1979.9
1325920 1973.2
1325930 1966.4
1325940 1966.4
1325950 1959.5
1325960 1955.3
1325970 1955.3
1325980 1950.0
1325990 1941.8
1326000 1941.8
1326010 1930.4
1326020 1917.7
1326030 1907.4
1326040 1907.4
1326050 1893.4
1326060 1871.2
1326070 1871.2
1326080 1842.3
1326090 1820.4
1326100 1820.4
1326110 1812.0
1326120 1805.3
1326130 1805.3
1326140 1798.4
1326150 1792.1
1326160 1792.1
1326170 1785.6
1326180 1778.8
1326190 1778.8
1326200 1776.8
1326210 1780.4
1326220 1780.4
1326230 1777.6
1326240 1765.6
1326250 1751.2
1326260 1751.2
1326270 1767.7
1326280 1774.9
1326290 1774.9
1326300 1782.5
1326310 1787.5
1326320 1787.5
1326330 1786.4
1326340 1779.9
1326350 1779.9
1326360 1780.6
1326370 1783.0
1326380 1783.0
1326390 1779.3
1326400 1772.1
1326410 1772.1
1326420 1761.8
1326430 1748.9
1326440 1748.9
1326450 1739.8
1326460 1732.1
1326470 1721.5
1326480 1721.5
1326490 1711.6
1326500 1703.7
1326510 1703.7
1326520 1698.6
1326530 1697.4
1326540 1697.4
1326550 1696.2
1326560 1693.7
1326570 1693.7
1326580 1688.0
1326590 1675.4
1326600 1675.4
1326610 1648.4
1326620 1618.6
1326630 1618.6
1326640 1589.6
1326650 1557.9
1326660 1557.9
1326670 1542.9
1326680 1537.7
1326690 1532.5
1326700 1532.5
1326710 1527.5
1326720 1522.5
1326730 1522.5
1326740 1517.8
1326750 1513.8
1326760 1513.8
1326770 1509.7
1326780 1506.2
1326790 1506.2
1326800 1503.7
1326810 1502.2
1326820 1502.2
1326830 1498.1
1326840 1490.8
1326850 1490.8
1326860 1491.7
1326870 1492.3
1326880 1492.3
1326890 1489.4
1326900 1485.6
1326910 1482.4
1326920 1482.4
1326930 1479.0
1326940 1474.7
1326950 1474.7
1326960 1471.1
1326970 1468.2
1326980 1468.2
1326990 1465.0
1327000 1461.4
1327010 1461.4
1327020 1457.6
1327030 1451.8
1327040 1451.8
1327050 1447.6
1327060 1446.1
1327070 1446.1
1327080 1446.5
1327090 1444.9
1327100 1444.9
1327110 1444.1
1327120 1446.1
1327130 1447.8
1327140 1447.8
1327150 1450.5
1327160 1451.2
1327170 1451.2
1327180 1453.5
1327190 1456.2
1327200 1456.2
1327210 1459.3
1327220 1462.6
1327230 1462.6
1327240 1465.5
1327250 1468.2
1327260 1468.2
1327270 1471.4
1327280 1473.9
1327290 1473.9
1327300 1477.1
1327310 1481.4
1327320 1481.4
1327330 1486.3
1327340 1490.8
1327350 1494.5
1327360 1494.5
1327370 1497.9
1327380 1501.4
1327390 1501.4
1327400 1505.2
1327410 1509.2
1327420 1509.2
1327430 1511.7
1327440 1513.8
1327450 1513.8
1327460 1516.5
1327470 1518.4
1327480 1518.4
1327490 1520.3
1327500 1521.6
1327510 1521.6
1327520 1522.6
1327530 1524.7
1327540 1524.7
1327550 1528.8
1327560 1534.4
1327570 1540.4
1327580 1540.4
1327590 1546.9
1327600 1556.9
1327610 1556.9
1327620 1563.5
1327630 1570.4
1327640 1570.4
1327650 1580.7
1327660 1595.4
1327670 1595.4
1327680 1607.0
1327690 1613.1
1327700 1613.1
1327710 1620.0
1327720 1628.6
1327730 1628.6
1327740 1638.1
1327750 1650.2
1327760 1664.2
1327770 1664.2
1327780 1675.0
1327790 1685.9
1327800 1685.9
1327810 1697.2
1327820 1708.4
1327830 1708.4
1327840 1718.6
1327850 1732.0
1327860 1732.0
1327870 1749.3
1327880 1757.5
1327890 1757.5
1327900 1766.8
1327910 1778.5
1327920 1778.5
1327930 1786.9
1327940 1794.4
1327950 1794.4
1327960 1804.3
1327970 1814.8
1327980 1823.7
1327990 1823.7
1328000 1831.1
1328010 1836.9
1328020 1836.9
1328030 1840.8
1328040 1845.0
1328050 1845.0
1328060 1853.6
1328070 1863.0
1328080 1863.0
1328090 1871.9
1328100 1881.3
1328110 1881.3
1328120 1890.1
1328130 1896.9
1328140 1896.9
1328150 1903.9
1328160 1910.0
1328170 1910.0
1328180 1912.5
1328190 1911.5
1328200 1914.5
1328210 1914.5
1328220 1921.9
1328230 1930.9
1328240 1930.9
1328250 1943.6
1328260 1954.3
1328270 1954.3
1328280 1958.6
1328290 1962.7
1328300 1962.7
1328310 1965.9
1328320 1967.3
1328330 1967.3
1328340 1967.9
1328350 1967.9
1328360 1967.9
1328370 1968.5
1328380 1969.5
1328390 1969.5
1328400 1972.7
1328410 1977.4
1328420 1981.9
1328430 1981.9
1328440 1987.3
1328450 1994.4
1328460 1994.4
1328470 2000.5
1328480 2006.7
1328490 2006.7
1328500 2013.0
1328510 2018.2
1328520 2018.2
1328530 2022.1
1328540 2025.5
1328550 2025.5
1328560 2029.5
1328570 2034.2
1328580 2034.2
1328590 2037.2
1328600 2039.6
1328610 2039.6
1328620 2042.8
1328630 2045.9
1328640 2050.4
1328650 2050.4
1328660 2056.2
1328670 2060.8
1328680 2060.8
1328690 2064.7
1328700 2058.3
1328710 2058.3
1328720 2060.8
1328730 2062.9
1328740 2062.9
1328750 2064.3
1328760 2064.9
1328770 2064.9
1328780 2064.2
1328790 2066.5
1328800 2066.5
1328810 2069.4
1328820 2072.2
1328830 2072.2
1328840 2075.4
1328850 2076.9
1328860 2077.3
1328870 2077.3
1328880 2078.1
1328890 2079.4
1328900 2079.4
1328910 2081.3
1328920 2082.2
1328930 2082.2
1328940 2082.7
1328950 2084.8
1328960 2084.8
1328970 2088.1
1328980 2093.0
1328990 2093.0
1329000 2097.6
1329010 2101.7
1329020 2101.7
1329030 2106.2
1329040 2110.8
1329050 2110.8
1329060 2115.7
1329070 2120.9
1329080 2126.4
1329090 2126.4
1329100 2132.5
1329110 2138.0
1329120 2138.0
1329130 2140.2
1329140 2140.8
1329150 2140.8
1329160 2141.7
1329170 2142.4
1329180 2142.4
1329190 2143.3
1329200 2143.8
1329210 2143.8
1329220 2144.6
1329230 2145.4
1329240 2145.4
1329250 2147.2
1329260 2148.4
1329270 2148.4
1329280 2148.7
1329290 2148.9
1329300 2148.5
1329310 2148.5
1329320 2147.7
1329330 2146.5
1329340 2146.5
1329350 2144.8
1329360 2141.3
1329370 2141.3
1329380 2137.3
1329390 2134.5
1329400 2134.5
1329410 2132.0
1329420 2130.9
1329430 2130.9
1329440 2133.6
1329450 2136.3
1329460 2136.3
1329470 2135.2
1329480 2133.7
1329490 2132.7
1329500 2132.7
1329510 2127.3
1329520 2127.6
1329530 2127.6
1329540 2127.7
1329550 2127.7
1329560 2127.7
1329570 2127.4
1329580 2127.9
1329590 2127.9
1329600 2128.8
1329610 2128.9
1329620 2128.9
1329630 2128.5
1329640 2129.3
1329650 2129.3
1329660 2130.3
1329670 2129.5
1329680 2129.5
1329690 2129.4
1329700 2130.5
1329710 2132.2
1329720 2132.2
1329730 2131.3
1329740 2130.0
1329750 2130.0
1329760 2129.4
1329770 2128.6
1329780 2128.6
1329790 2128.9
1329800 2129.5
1329810 2129.5
1329820 2128.5
1329830 2125.4
1329840 2125.4
1329850 2124.1
1329860 2127.0
1329870 2127.0
1329880 2130.5
1329890 2131.5
1329900 2131.5
1329910 2131.9
1329920 2130.2
1329930 2129.4
1329940 2129.4
1329950 2130.6
1329960 2131.1
1329970 2131.1
1329980 2130.5
1329990 2131.4
1330000 2131.4
1330010 2133.1
1330020 2135.3
1330030 2135.3
1330040 2133.6
1330050 2130.5
1330060 2130.5
1330070 2129.7
1330080 2130.7
1330090 2130.7
1330100 2132.9
1330110 2136.1
1330120 2136.1
1330130 2140.0
1330140 2144.8
1330150 2148.7
1330160 2148.7
1330170 2151.8
1330180 2156.3
1330190 2156.3
1330200 2162.3
1330210 2166.3
1330220 2166.3
1330230 2166.6
1330240 2166.8
1330250 2166.8
1330260 2171.0
1330270 2174.4
1330280 2174.4
1330290 2176.1
1330300 2178.2
1330310 2178.2
1330320 2178.6
1330330 2169.6
1330340 2169.6
1330350 2174.0
1330360 2180.1
1330370 2189.8
1330380 2189.8
1330390 2199.5
1330400 2208.2
1330410 2208.2
1330420 2217.0
1330430 2224.5
1330440 2224.5
1330450 2231.9
1330460 2238.5
1330470 2238.5
1330480 2243.9
1330490 2247.9
1330500 2247.9
1330510 2250.1
1330520 2251.0
1330530 2251.0
1330540 2249.8
1330550 2250.0
1330560 2250.0
1330570 2250.2
1330580 2250.8
1330590 2253.0
1330600 2253.0
1330610 2255.2
1330620 2255.8
1330630 2255.8
1330640 2258.4
1330650 2263.5
1330660 2263.5
1330670 2268.6
1330680 2271.1
1330690 2271.1
1330700 2271.2
1330710 2270.1
1330720 2270.1
1330730 2273.0
1330740 2280.1
1330750 2280.1
1330760 2290.0
1330770 2302.2
1330780 2302.2
1330790 2313.6
1330800 2322.5
1330810 2331.7
1330820 2331.7
1330830 2338.6
1330840 2342.5
1330850 2342.5
1330860 2345.0
1330870 2347.6
1330880 2347.6
1330890 2350.5
1330900 2354.6
1330910 2354.6
1330920 2361.0
1330930 2367.7
1330940 2367.7
1330950 2373.5
1330960 2378.3
1330970 2378.3
1330980 2382.4
1330990 2386.8
1331000 2386.8
1331010 2390.2
1331020 2391.8
1331030 2393.3
1331040 2393.3
1331050 2396.1
1331060 2399.0
1331070 2399.0
1331080 2401.4
1331090 2403.1
1331100 2403.1
1331110 2404.4
1331120 2406.6
1331130 2406.6
1331140 2409.8
1331150 2411.8
1331160 2411.8
1331170 2414.1
1331180 2417.5
1331190 2417.5
1331200 2421.0
1331210 2423.8
1331220 2423.8
1331230 2426.4
1331240 2428.7
1331250 2430.8
1331260 2430.8
1331270 2433.2
1331280 2435.4
1331290 2435.4
1331300 2437.5
1331310 2439.7
1331320 2439.7
1331330 2442.1
1331340 2445.2
1331350 2445.2
1331360 2448.3
1331370 2451.6
1331380 2451.6
1331390 2455.0
1331400 2458.8
1331410 2458.8
1331420 2462.3
1331430 2465.5
1331440 2469.4
1331450 2469.4
1331460 2473.4
1331470 2477.1
1331480 2477.1
1331490 2481.3
1331500 2484.9
1331510 2484.9
1331520 2488.7
1331530 2492.8
1331540 2492.8
1331550 2497.2
1331560 2502.0
1331570 2502.0
1331580 2507.1
1331590 2511.9
1331600 2511.9
1331610 2517.6
1331620 2523.1
1331630 2523.1
1331640 2528.8
1331650 2540.6
1331660 2556.3
1331670 2556.3
1331680 2564.4
1331690 2572.3
1331700 2572.3
1331710 2578.4
1331720 2583.8
1331730 2583.8
1331740 2588.6
1331750 2593.8
1331760 2593.8
1331770 2599.0
1331780 2604.0
1331790 2604.0
1331800 2609.2
1331810 2614.4
1331820 2614.4
1331830 2619.3
1331840 2625.0
1331850 2625.0
1331860 2631.6
1331870 2638.8
1331880 2645.0
1331890 2645.0
1331900 2650.6
1331910 2655.9
1331920 2655.9
1331930 2661.6
1331940 2667.8
1331950 2667.8
1331960 2674.0
1331970 2680.3
1331980 2678.6
1331990 2685.2
1332000 2693.1
1332010 2693.1
1332020 2714.4
1332030 2744.3
1332040 2744.3
1332050 2759.8
1332060 2768.4
1332070 2768.4
1332080 2777.1
1332090 2783.9
1332100 2788.8
1332110 2788.8
1332120 2795.7
1332130 2803.7
1332140 2803.7
1332150 2807.6
1332160 2814.9
1332170 2814.9
1332180 2823.9
1332190 2830.1
1332200 2830.1
1332210 2834.8
1332220 2838.3
1332230 2838.3
1332240 2842.4
1332250 2846.2
1332260 2846.2
1332270 2850.0
1332280 2853.7
1332290 2853.7
1332300 2858.2
1332310 2861.8
1332320 2865.3
1332330 2865.3
1332340 2869.0
1332350 2874.7
1332360 2874.7
1332370 2882.2
1332380 2886.8
1332390 2886.8
1332400 2888.7
1332410 2887.5
1332420 2887.5
1332430 2886.8
1332440 2886.5
1332450 2886.5
1332460 2884.0
1332470 2878.3
1332480 2878.3
1332490 2876.7
1332500 2876.9
1332510 2876.9
1332520 2878.9
1332530 2881.2
1332540 2883.3
1332550 2883.3
1332560 2886.2
1332570 2890.1
1332580 2890.1
1332590 2895.5
1332600 2900.2
1332610 2900.2
1332620 2903.6
1332630 2907.3
1332640 2907.3
1332650 2911.7
1332660 2917.0
1332670 2917.0
1332680 2922.1
1332690 2926.3
1332700 2926.3
1332710 2929.2
1332720 2932.1
1332730 2932.1
1332740 2936.4
1332750 2941.1
1332760 2946.2
1332770 2946.2
1332780 2951.6
1332790 2957.3
1332800 2957.3
1332810 2962.2
1332820 2968.8
1332830 2968.8
1332840 2976.3
1332850 2986.6
1332860 2986.6
1332870 2997.6
1332880 3006.6
1332890 3006.6
1332900 3013.8
1332910 3020.9
1332920 3020.9
1332930 3028.4
1332940 3037.0
1332950 3037.0
1332960 3048.5
1332970 3037.5
1332980 3004.6
1332990 3004.6
1333000 2989.4
1333010 2984.1
1333020 2984.1
1333030 2979.5
1333040 2974.9
1333050 2974.9
1333060 2970.1
1333070 2965.4
1333080 2965.4
1333090 2960.7
1333100 2956.1
1333110 2956.1
1333120 2951.6
1333130 2947.0
1333140 2947.0
1333150 2942.5
1333160 2938.1
1333170 2933.7
1333180 2933.7
1333190 2929.4
1333200 2925.1
1333210 2925.1
1333220 2920.9
1333230 2916.6
1333240 2916.6
1333250 2912.2
1333260 2908.0
1333270 2908.0
1333280 2903.7
1333290 2899.5
1333300 2899.5
1333310 2895.3
1333320 2890.9
1333330 2890.9
1333340 2886.5
1333350 2882.0
1333360 2882.0
1333370 2877.6
1333380 2873.3
1333390 2869.0
1333400 2869.0
1333410 2864.3
1333420 2859.5
1333430 2859.5
1333440 2854.9
1333450 2850.1
1333460 2850.1
1333470 2845.4
1333480 2840.8
1333490 2840.8
1333500 2836.2
1333510 2831.9
1333520 2831.9
1333530 2828.3
1333540 2825.0
1333550 2825.0
1333560 2821.8
1333570 2816.3
1333580 2816.3
1333590 2809.1
1333600 2803.9
1333610 2800.6
1333620 2800.6
1333630 2797.7
1333640 2793.2
1333650 2789.5
1333660 2784.8
1333670 2779.2
1333680 2779.2
1333690 2773.8
1333700 2769.3
1333710 2769.3
1333720 2763.1
1333730 2756.2
1333740 2756.2
1333750 2750.7
1333760 2746.2
1333770 2746.2
1333780 2741.1
1333790 2735.2
1333800 2735.2
1333810 2730.5
1333820 2726.3
1333830 2721.3
1333840 2721.3
1333850 2717.1
1333860 2713.6
1333870 2713.6
1333880 2709.3
1333890 2705.0
1333900 2705.0
1333910 2701.5
1333920 2697.8
1333930 2697.8
1333940 2694.0
1333950 2689.6
1333960 2689.6
1333970 2685.2
1333980 2680.3
1333990 2680.3
1334000 2675.9
1334010 2671.4
1334020 2671.4
1334030 2666.5
1334040 2661.0
1334050 2655.8
1334060 2655.8
1334070 2651.0
1334080 2646.2
1334090 2646.2
1334100 2641.8
1334110 2637.4
1334120 2637.4
1334130 2633.3
1334140 2628.0
1334150 2628.0
1334160 2623.1
1334170 2619.4
1334180 2619.4
1334190 2615.1
1334200 2610.3
1334210 2610.3
1334220 2605.4
1334230 2601.0
1334240 2601.0
1334250 2596.1
1334260 2591.3
1334270 2587.5
1334280 2587.5
1334290 2585.0
1334300 2583.2
1334310 2583.2
1334320 2581.6
1334330 2579.2
1334340 2579.2
1334350 2575.7
1334360 2571.8
1334370 2571.8
1334380 2568.2
1334390 2566.0
1334400 2566.0
1334410 2565.1
1334420 2565.4
1334430 2565.4
1334440 2566.0
1334450 2566.5
1334460 2566.5
1334470 2566.9
1334480 2566.8
1334490 2566.4
1334500 2566.3
1334510 2565.9
1334520 2565.4
1334530 2565.4
1334540 2564.8
1334550 2563.8
1334560 2563.8
1334570 2562.3
1334580 2559.6
1334590 2559.6
1334600 2556.0
1334610 2549.9
1334620 2549.9
1334630 2543.2
1334640 2536.6
1334650 2536.6
1334660 2530.1
1334670 2523.8
1334680 2523.8
1334690 2517.3
1334700 2511.0
1334710 2505.2
1334720 2505.2
1334730 2499.8
1334740 2494.4
1334750 2494.4
1334760 2489.4
1334770 2486.0
1334780 2486.0
1334790 2482.5
1334800 2477.1
1334810 2477.1
1334820 2471.1
1334830 2465.7
1334840 2465.7
1334850 2461.8
1334860 2458.3
1334870 2458.3
1334880 2454.5
1334890 2449.6
1334900 2449.6
1334910 2444.4
1334920 2438.8
1334930 2433.7
1334940 2433.7
1334950 2429.6
1334960 2426.7
1334970 2426.7
1334980 2423.8
1334990 2420.8
1335000 2420.8
1335010 2417.9
1335020 2415.1
1335030 2415.1
1335040 2412.0
1335050 2407.3
1335060 2407.3
1335070 2403.1
1335080 2399.0
1335090 2399.0
1335100 2394.9
1335110 2390.7
1335120 2386.0
1335130 2386.0
1335140 2381.1
1335150 2376.3
1335160 2376.3
1335170 2371.8
1335180 2368.2
1335190 2368.2
1335200 2363.6
1335210 2359.0
1335220 2359.0
1335230 2354.6
1335240 2350.4
1335250 2350.4
1335260 2346.3
1335270 2341.8
1335280 2341.8
1335290 2337.5
1335300 2334.1
1335310 2334.1
1335320 2330.5
1335330 2326.5
1335340 2321.3
1335350 2321.3
1335360 2317.0
1335370 2312.2
1335380 2312.2
1335390 2308.0
1335400 2304.8
1335410 2304.8
1335420 2301.8
1335430 2298.4
1335440 2298.4
1335450 2294.8
1335460 2291.7
1335470 2291.7
1335480 2288.8
1335490 2285.4
1335500 2285.4
1335510 2281.2
1335520 2276.1
1335530 2276.1
1335540 2271.4
1335550 2267.1
1335560 2262.6
1335570 2262.6
1335580 2257.3
1335590 2252.9
1335600 2252.9
1335610 2248.1
1335620 2243.6
1335630 2243.6
1335640 2239.2
1335650 2234.9
1335660 2234.9
1335670 2230.6
1335680 2225.7
1335690 2225.7
1335700 2220.0
1335710 2213.9
1335720 2213.9
1335730 2207.8
1335740 2201.2
1335750 2201.2
1335760 2194.1
1335770 2185.4
1335780 2177.0
1335790 2177.0
1335800 2168.8
1335810 2157.7
1335820 2157.7
1335830 2149.0
1335840 2133.1
1335850 2133.1
1335860 2121.9
1335870 2109.7
1335880 2109.7
1335890 2097.1
1335900 2083.9
1335910 2083.9
1335920 2071.7
1335930 2028.9
1335940 2028.9
1335950 1990.2
1335960 1977.0
1335970 1977.0
1335980 1970.2
1335990 1964.0
1336000 1956.6
1336010 1956.6
1336020 1946.4
1336030 1938.2
1336040 1938.2
1336050 1928.3
1336060 1919.5
1336070 1919.5
1336080 1914.1
1336090 1909.6
1336100 1909.6
1336110 1905.6
1336120 1903.0
1336130 1903.0
1336140 1901.3
1336150 1900.3
1336160 1900.3
1336170 1899.2
1336180 1896.6
1336190 1896.6
1336200 1898.5
1336210 1897.7
1336220 1895.7
1336230 1895.7
1336240 1895.0
1336250 1893.4
1336260 1893.4
1336270 1893.4
1336280 1891.5
1336290 1891.5
1336300 1889.1
1336310 1887.2
1336320 1887.2
1336330 1885.4
1336340 1884.4
1336350 1884.4
1336360 1884.5
1336370 1883.3
1336380 1883.3
1336390 1882.7
1336400 1883.6
1336410 1883.6
1336420 1882.0
1336430 1880.2
1336440 1878.4
1336450 1878.4
1336460 1877.8
1336470 1877.6
1336480 1877.6
1336490 1877.8
1336500 1878.2
1336510 1878.2
1336520 1877.5
1336530 1875.5
1336540 1875.5
1336550 1873.6
1336560 1872.7
1336570 1872.7
1336580 1873.5
1336590 1874.7
1336600 1874.7
1336610 1875.1
1336620 1876.2
1336630 1876.2
1336640 1877.8
1336650 1881.4
1336660 1886.3
1336670 1886.3
1336680 1890.7
1336690 1896.1
1336700 1896.1
1336710 1901.6
1336720 1907.0
1336730 1907.0
1336740 1913.0
1336750 1918.5
1336760 1918.5
1336770 1924.5
1336780 1930.9
1336790 1930.9
1336800 1936.9
1336810 1942.4
1336820 1942.4
1336830 1949.9
1336840 1957.3
1336850 1961.6
1336860 1961.6
1336870 1966.0
1336880 1970.9
1336890 1970.9
1336900 1976.5
1336910 1982.3
1336920 1982.3
1336930 1988.2
1336940 1997.4
1336950 1997.4
1336960 2012.1
1336970 2030.1
1336980 2030.1
1336990 2050.6
1337000 2067.6
1337010 2067.6
1337020 2075.9
1337030 2085.4
1337040 2085.4
1337050 2092.0
1337060 2100.8
1337070 2111.1
1337080 2111.1
1337090 2119.6
1337100 2126.7
1337110 2126.7
1337120 2134.7
1337130 2144.8
1337140 2144.8
1337150 2155.0
1337160 2162.7
1337170 2162.7
1337180 2167.7
1337190 2169.7
1337200 2169.7
1337210 2169.5
1337220 2170.5
1337230 2170.5
1337240 2172.9
1337250 2177.0
1337260 2177.0
1337270 2183.5
1337280 2190.3
1337290 2196.8
1337300 2196.8
1337310 2202.9
1337320 2209.4
1337330 2209.4
1337340 2216.6
1337350 2223.7
1337360 2223.7
1337370 2230.0
1337380 2235.8
1337390 2235.8
1337400 2241.7
1337410 2247.2
1337420 2247.2
1337430 2253.4
1337440 2260.7
1337450 2260.7
1337460 2267.7
1337470 2273.8
1337480 2273.8
1337490 2279.0
1337500 2283.5
1337510 2286.1
1337520 2286.1
1337530 2288.0
1337540 2289.6
1337550 2289.6
1337560 2291.6
1337570 2294.6
1337580 2294.6
1337590 2297.5
1337600 2300.2
1337610 2300.2
1337620 2302.4
1337630 2305.0
1337640 2305.0
1337650 2307.9
1337660 2311.4
1337670 2311.4
1337680 2316.2
1337690 2322.0
1337700 2322.0
1337710 2327.6
1337720 2331.9
1337730 2335.0
1337740 2335.0
1337750 2337.8
1337760 2339.9
1337770 2339.9
1337780 2341.9
1337790 2344.1
1337800 2344.1
1337810 2346.3
1337820 2351.3
1337830 2351.3
1337840 2357.4
1337850 2362.7
1337860 2362.7
1337870 2370.5
1337880 2382.2
1337890 2382.2
1337900 2394.6
1337910 2405.7
1337920 2405.7
1337930 2409.8
1337940 2417.1
1337950 2425.8
1337960 2425.8
1337970 2432.6
1337980 2437.7
1337990 2437.7
1338000 2442.3
1338010 2447.3
1338020 2447.3
1338030 2452.3
1338040 2457.5
1338050 2457.5
1338060 2462.4
1338070 2467.2
1338080 2467.2
1338090 2472.6
1338100 2477.8
1338110 2477.8
1338120 2482.9
1338130 2487.1
1338140 2487.1
1338150 2493.3
1338160 2500.0
1338170 2504.8
1338180 2504.8
1338190 2510.8
1338200 2514.8
1338210 2514.8
1338220 2518.7
1338230 2525.2
1338240 2525.2
1338250 2534.5
1338260 2540.8
1338270 2540.8
1338280 2544.6
1338290 2547.4
1338300 2547.4
1338310 2551.1
1338320 2555.1
1338330 2555.1
1338340 2558.8
1338350 2562.1
1338360 2562.1
1338370 2566.5
1338380 2570.5
1338390 2573.6
1338400 2573.6
1338410 2577.2
1338420 2579.6
1338430 2579.6
1338440 2582.5
1338450 2586.5
1338460 2586.5
1338470 2590.4
1338480 2593.6
1338490 2593.6
1338500 2595.8
1338510 2599.3
1338520 2599.3
1338530 2604.1
1338540 2607.8
1338550 2607.8
1338560 2610.7
1338570 2613.7
1338580 2616.0
1338590 2616.0
1338600 2618.8
1338610 2624.4
1338620 2624.4
1338630 2632.1
1338640 2639.8
1338650 2639.8
1338660 2645.0
1338670 2648.1
1338680 2648.1
1338690 2651.4
1338700 2654.7
1338710 2654.7
1338720 2657.8
1338730 2660.3
1338740 2660.3
1338750 2663.1
1338760 2667.0
1338770 2667.0
1338780 2674.9
1338790 2680.2
1338800 2683.5
1338810 2683.5
1338820 2686.3
1338830 2689.0
1338840 2689.0
1338850 2691.6
1338860 2694.0
1338870 2694.0
1338880 2696.0
1338890 2697.7
1338900 2697.7
1338910 2699.0
1338920 2700.5
1338930 2700.5
1338940 2702.2
1338950 2703.8
1338960 2703.8
1338970 2704.4
1338980 2704.8
1338990 2704.8
1339000 2706.3
1339010 2708.9
1339020 2711.9
1339030 2711.9
1339040 2715.2
1339050 2718.9
1339060 2718.9
1339070 2722.6
1339080 2726.1
1339090 2726.1
1339100 2728.9
1339110 2731.2
1339120 2731.2
1339130 2732.5
1339140 2734.3
1339150 2734.3
1339160 2736.8
1339170 2739.0
1339180 2739.0
1339190 2742.0
1339200 2745.2
1339210 2745.2
1339220 2747.7
1339230 2750.9
1339240 2754.3
1339250 2754.3
1339260 2757.1
1339270 2759.6
1339280 2759.6
1339290 2762.6
1339300 2765.7
1339310 2765.7
1339320 2768.5
1339330 2771.1
1339340 2771.1
1339350 2772.7
1339360 2775.5
1339370 2775.5
1339380 2778.2
1339390 2780.6
1339400 2780.6
1339410 2784.1
1339420 2787.9
1339430 2787.9
1339440 2791.3
1339450 2794.4
1339460 2797.5
1339470 2797.5
1339480 2801.0
1339490 2805.2
1339500 2805.2
1339510 2809.1
1339520 2813.8
1339530 2813.8
1339540 2818.2
1339550 2822.5
1339560 2822.5
1339570 2826.0
1339580 2829.6
1339590 2829.6
1339600 2833.5
1339610 2837.8
1339620 2837.8
1339630 2841.9
1339640 2846.1
1339650 2845.3
1339660 2849.6
1339670 2854.9
1339680 2860.6
1339690 2860.6
1339700 2865.9
1339710 2872.4
1339720 2872.4
1339730 2879.0
1339740 2887.9
1339750 2887.9
1339760 2907.8
1339770 2921.2
1339780 2921.2
1339790 2933.5
1339800 2948.0
1339810 2948.0
1339820 2964.5
1339830 2978.3
1339840 2978.3
1339850 2988.7
1339860 2999.9
1339870 2999.9
1339880 3013.7
1339890 3028.2
1339900 3041.2
1339910 3041.2
1339920 3051.8
1339930 3062.7
1339940 3062.7
1339950 3076.0
1339960 3087.6
1339970 3087.6
1339980 3096.5
1339990 3085.9
