1320000 1489.4
1320010 1489.4
1320020 1494.8
1320030 1500.3
1320040 1500.3
1320050 1505.8
1320060 1511.4
1320070 1511.4
1320080 1516.9
1320090 1522.3
1320100 1522.3
1320110 1527.9
1320120 1533.3
1320130 1533.3
1320140 1539.1
1320150 1544.6
1320160 1549.7
1320170 1549.7
1320180 1554.9
1320190 1560.4
1320200 1560.4
1320210 1569.2
1320220 1577.9
1320230 1577.9
1320240 1580.1
1320250 1579.5
1320260 1579.5
1320270 1580.8
1320280 1589.8
1320290 1589.8
1320300 1615.8
1320310 1651.2
1320320 1651.2
1320330 1663.4
1320340 1670.8
1320350 1670.8
1320360 1677.8
1320370 1685.8
1320380 1693.9
1320390 1693.9
1320400 1702.4
1320410 1711.6
1320420 1711.6
1320430 1721.0
1320440 1728.1
1320450 1728.1
1320460 1735.7
1320470 1745.6
1320480 1745.6
1320490 1755.4
1320500 1765.0
1320510 1765.0
1320520 1773.4
1320530 1782.5
1320540 1790.2
1320550 1808.0
1320560 1823.6
1320570 1823.6
1320580 1832.6
1320590 1839.8
1320600 1846.7
1320610 1846.7
1320620 1853.2
1320630 1856.8
1320640 1856.8
1320650 1863.7
1320660 1870.2
1320670 1870.2
1320680 1874.1
1320690 1881.5
1320700 1881.5
1320710 1887.9
1320720 1890.8
1320730 1890.8
1320740 1896.5
1320750 1905.2
1320760 1905.2
1320770 1919.1
1320780 1927.5
1320790 1927.5
1320800 1935.4
1320810 1944.3
1320820 1955.3
1320830 1955.3
1320840 1963.1
1320850 1971.7
1320860 1971.7
1320870 1979.5
1320880 1983.1
1320890 1983.1
1320900 1990.0
1320910 1996.7
1320920 1996.7
1320930 2002.2
1320940 2010.1
1320950 2010.1
1320960 2017.5
1320970 2024.4
1320980 2024.4
1320990 2031.4
1321000 2037.4
1321010 2037.4
1321020 2044.9
1321030 2054.1
1321040 2061.3
1321050 2061.3
1321060 2067.5
1321070 2073.5
1321080 2073.5
1321090 2079.6
1321100 2085.5
1321110 2085.5
1321120 2091.4
1321130 2097.6
1321140 2097.6
1321150 2103.2
1321160 2108.5
1321170 2108.5
1321180 2115.3
1321190 2122.5
1321200 2122.5
1321210 2129.4
1321220 2135.8
1321230 2135.8
1321240 2142.0
1321250 2149.0
1321260 2155.8
1321270 2155.8
1321280 2162.0
1321290 2167.8
1321300 2167.8
1321310 2172.6
1321320 2177.3
1321330 2177.3
1321340 2181.3
1321350 2185.7
1321360 2185.7
1321370 2190.4
1321380 2194.7
1321390 2194.7
1321400 2199.0
1321410 2204.0
1321420 2204.0
1321430 2208.5
1321440 2212.0
1321450 2213.9
1321460 2213.9
1321470 2215.4
1321480 2217.7
1321490 2217.7
1321500 2221.7
1321510 2226.8
1321520 2226.8
1321530 2233.1
1321540 2240.2
1321550 2240.2
1321560 2247.2
1321570 2253.3
1321580 2253.3
1321590 2258.5
1321600 2262.4
1321610 2262.4
1321620 2264.8
1321630 2265.8
1321640 2265.8
1321650 2265.5
1321660 2264.7
1321670 2263.1
1321680 2263.1
1321690 2262.6
1321700 2266.1
1321710 2266.1
1321720 2269.4
1321730 2271.9
1321740 2271.9
1321750 2274.2
1321760 2277.4
1321770 2277.4
1321780 2280.6
1321790 2283.6
1321800 2283.6
1321810 2285.9
1321820 2288.2
1321830 2288.2
1321840 2290.8
1321850 2293.4
1321860 2293.4
1321870 2295.6
1321880 2297.8
1321890 2300.5
1321900 2300.5
1321910 2303.6
1321920 2307.2
1321930 2307.2
1321940 2311.0
1321950 2315.0
1321960 2315.0
1321970 2319.8
1321980 2324.1
1321990 2324.1
1322000 2328.2
1322010 2332.8
1322020 2332.8
1322030 2337.2
1322040 2341.9
1322050 2341.9
1322060 2346.5
1322070 2351.1
1322080 2351.1
1322090 2354.5
1322100 2358.5
1322110 2362.9
1322120 2362.9
1322130 2367.7
1322140 2373.6
1322150 2373.6
1322160 2379.1
1322170 2384.9
1322180 2384.9
1322190 2390.6
1322200 2395.3
1322210 2395.3
1322220 2400.6
1322230 2405.8
1322240 2405.8
1322250 2411.4
1322260 2417.6
1322270 2417.6
1322280 2423.9
1322290 2430.1
1322300 2430.1
1322310 2436.1
1322320 2442.3
1322330 2448.8
1322340 2448.8
1322350 2455.1
1322360 2461.4
1322370 2461.4
1322380 2468.1
1322390 2475.0
1322400 2475.0
1322410 2481.3
1322420 2487.9
1322430 2487.9
1322440 2495.2
1322450 2502.7
1322460 2502.7
1322470 2509.2
1322480 2515.9
1322490 2515.9
1322500 2522.4
1322510 2528.9
1322520 2528.9
1322530 2535.4
1322540 2543.5
1322550 2552.2
1322560 2552.2
1322570 2559.4
1322580 2566.7
1322590 2566.7
1322600 2574.8
1322610 2584.3
1322620 2584.3
1322630 2596.3
1322640 2611.3
1322650 2611.3
1322660 2624.4
1322670 2638.3
1322680 2638.3
1322690 2665.1
1322700 2707.2
1322710 2707.2
1322720 2734.6
1322730 2750.4
1322740 2750.4
1322750 2766.4
1322760 2784.0
1322770 2798.3
1322780 2798.3
1322790 2810.9
1322800 2824.7
1322810 2824.7
1322820 2841.2
1322830 2840.1
1322840 2840.1
1322850 2829.2
1322860 2817.8
1322870 2817.8
1322880 2814.5
1322890 2800.4
1322900 2800.4
1322910 2782.4
1322920 2766.5
1322930 2766.5
1322940 2754.5
1322950 2746.1
1322960 2746.1
1322970 2741.5
1322980 2739.4
1322990 2735.1
1323000 2735.1
1323010 2729.9
1323020 2725.1
1323030 2725.1
1323040 2722.2
1323050 2719.0
1323060 2719.0
1323070 2714.7
1323080 2704.7
1323090 2704.7
1323100 2691.8
1323110 2680.2
1323120 2680.2
1323130 2669.9
1323140 2660.2
1323150 2660.2
1323160 2651.4
1323170 2642.9
1323180 2642.9
1323190 2633.8
1323200 2623.3
1323210 2611.4
1323220 2611.4
1323230 2600.5
1323240 2589.5
1323250 2589.5
1323260 2579.1
1323270 2570.1
1323280 2570.1
1323290 2560.9
1323300 2551.6
1323310 2551.6
1323320 2542.0
1323330 2532.6
1323340 2532.6
1323350 2522.3
1323360 2511.7
1323370 2511.7
1323380 2500.4
1323390 2488.9
1323400 2488.9
1323410 2472.8
1323420 2458.4
1323430 2441.9
1323440 2441.9
1323450 2428.1
1323460 2416.8
1323470 2416.8
1323480 2405.5
1323490 2396.3
1323500 2396.3
1323510 2388.4
1323520 2380.8
1323530 2380.8
1323540 2373.8
1323550 2366.9
1323560 2366.9
1323570 2359.9
1323580 2353.1
1323590 2353.1
1323600 2346.3
1323610 2339.7
1323620 2333.5
1323630 2333.5
1323640 2327.7
1323650 2322.3
1323660 2325.4
1323670 2320.0
1323680 2314.7
1323690 2314.7
1323700 2309.9
1323710 2305.0
1323720 2305.0
1323730 2300.0
1323740 2295.0
1323750 2295.0
1323760 2290.2
1323770 2285.5
1323780 2285.5
1323790 2280.8
1323800 2276.0
1323810 2276.0
1323820 2271.5
1323830 2267.2
1323840 2262.8
1323850 2262.8
1323860 2258.4
1323870 2254.2
1323880 2254.2
1323890 2250.0
1323900 2245.8
1323910 2245.8
1323920 2241.8
1323930 2237.9
1323940 2237.9
1323950 2234.2
1323960 2230.3
1323970 2230.3
1323980 2226.4
1323990 2222.5
1324000 2222.5
1324010 2218.7
1324020 2214.8
1324030 2214.8
1324040 2210.9
1324050 2207.1
1324060 2203.1
1324070 2203.1
1324080 2198.0
1324090 2193.7
1324100 2193.7
1324110 2190.5
1324120 2187.3
1324130 2187.3
1324140 2183.7
1324150 2178.3
1324160 2178.3
1324170 2173.4
1324180 2169.6
1324190 2169.6
1324200 2165.9
1324210 2162.4
1324220 2162.4
1324230 2159.0
1324240 2155.4
1324250 2155.4
1324260 2152.3
1324270 2149.1
1324280 2145.4
1324290 2145.4
1324300 2141.9
1324310 2138.4
1324320 2138.4
1324330 2133.9
1324340 2128.6
1324350 2128.6
1324360 2124.2
1324370 2120.4
1324380 2120.4
1324390 2118.6
1324400 2116.6
1324410 2116.6
1324420 2114.2
1324430 2111.6
1324440 2111.6
1324450 2113.8
1324460 2110.9
1324470 2110.9
1324480 2108.0
1324490 2104.1
1324500 2099.6
1324510 2099.6
1324520 2094.2
1324530 2088.3
1324540 2088.3
1324550 2083.4
1324560 2079.5
1324570 2079.5
1324580 2075.9
1324590 2071.8
1324600 2071.8
1324610 2067.1
1324620 2063.0
1324630 2063.0
1324640 2059.3
1324650 2056.3
1324660 2056.3
1324670 2052.8
1324680 2048.5
1324690 2048.5
1324700 2043.7
1324710 2040.3
1324720 2036.7
1324730 2036.7
1324740 2031.9
1324750 2026.4
1324760 2026.4
1324770 2019.7
1324780 2015.5
1324790 2015.5
1324800 2009.7
1324810 2003.2
1324820 2003.2
1324830 2006.9
1324840 2005.8
1324850 2005.8
1324860 1999.2
1324870 1991.9
1324880 1991.9
1324890 1991.7
1324900 1999.8
1324910 1999.8
1324920 1995.9
1324930 1992.5
1324940 1988.8
1324950 1988.8
1324960 1985.0
1324970 1982.5
1324980 1982.5
1324990 1979.7
1325000 1980.2
1325010 1980.2
1325020 1982.9
1325030 1982.5
1325040 1982.5
1325050 1984.7
1325060 1983.1
1325070 1983.1
1325080 1968.1
1325090 1966.8
1325100 1966.8
1325110 1972.6
1325120 1977.6
1325130 1977.6
1325140 1978.3
1325150 1980.3
1325160 1983.5
1325170 1983.5
1325180 1981.7
1325190 1979.8
1325200 1979.8
1325210 1976.6
1325220 1976.3
1325230 1976.3
1325240 1979.2
1325250 1990.2
1325260 1990.2
1325270 1992.0
1325280 1986.1
1325290 1986.1
1325300 1983.2
1325310 1988.7
1325320 1988.7
1325330 1989.3
1325340 1983.1
1325350 1983.1
1325360 1980.0
1325370 1981.7
1325380 1983.7
1325390 1983.7
1325400 1986.1
1325410 1989.2
1325420 1989.2
1325430 1992.3
1325440 1994.8
1325450 1994.8
1325460 1996.8
1325470 1999.2
1325480 1999.2
1325490 2002.0
1325500 2005.0
1325510 2005.0
1325520 2007.7
1325530 2010.6
1325540 2010.6
1325550 2013.1
1325560 2016.0
1325570 2016.0
1325580 2018.4
1325590 2021.6
1325600 2025.4
1325610 2025.4
1325620 2029.6
1325630 2032.7
1325640 2032.7
1325650 2036.1
1325660 2041.1
1325670 2041.1
1325680 2047.4
1325690 2052.6
1325700 2052.6
1325710 2056.6
1325720 2060.7
1325730 2060.7
1325740 2064.6
1325750 2067.1
1325760 2067.1
1325770 2070.1
1325780 2074.2
1325790 2075.1
1325800 2075.1
1325810 2077.4
1325820 2078.1
1325830 2078.1
1325840 2073.3
1325850 2059.5
1325860 2059.5
1325870 2049.6
1325880 2041.8
1325890 2041.8
1325900 2034.5
1325910 2025.7
1325920 2025.7
1325930 2016.5
1325940 2005.7
1325950 2005.7
1325960 1994.7
1325970 1983.9
1325980 1983.9
1325990 1974.5
1326000 1967.9
1326010 1963.3
1326020 1963.3
1326030 1958.3
1326040 1949.0
1326050 1955.7
1326060 1944.0
1326070 1931.0
1326080 1931.0
1326090 1918.2
1326100 1899.3
1326110 1899.3
1326120 1867.8
1326130 1823.0
1326140 1823.0
1326150 1802.6
1326160 1802.4
1326170 1802.4
1326180 1808.2
1326190 1805.4
1326200 1805.4
1326210 1798.0
1326220 1785.7
1326230 1771.8
1326240 1771.8
1326250 1760.5
1326260 1746.3
1326270 1746.3
1326280 1727.9
1326290 1696.0
1326300 1696.0
1326310 1680.8
1326320 1673.4
1326330 1673.4
1326340 1669.5
1326350 1668.9
1326360 1668.9
1326370 1663.6
1326380 1652.3
1326390 1652.3
1326400 1638.6
1326410 1623.3
1326420 1623.3
1326430 1609.7
1326440 1596.7
1326450 1583.0
1326460 1583.0
1326470 1574.5
1326480 1563.5
1326490 1563.5
1326500 1554.6
1326510 1547.3
1326520 1547.3
1326530 1540.2
1326540 1533.6
1326550 1533.6
1326560 1527.2
1326570 1522.2
1326580 1522.2
1326590 1518.8
1326600 1515.8
1326610 1515.8
1326620 1512.5
1326630 1507.6
1326640 1507.6
1326650 1501.9
1326660 1495.8
1326670 1492.4
1326680 1492.4
1326690 1487.5
1326700 1482.6
1326710 1482.6
1326720 1476.8
1326730 1471.5
1326740 1471.5
1326750 1466.9
1326760 1461.7
1326770 1461.7
1326780 1456.6
1326790 1451.6
1326800 1451.6
1326810 1446.3
1326820 1440.0
1326830 1440.0
1326840 1433.5
1326850 1434.9
1326860 1434.9
1326870 1428.1
1326880 1423.0
1326890 1419.4
1326900 1419.4
1326910 1417.7
1326920 1416.8
1326930 1416.8
1326940 1419.4
1326950 1427.0
1326960 1427.0
1326970 1434.4
1326980 1438.3
1326990 1438.3
1327000 1441.9
1327010 1444.7
1327020 1444.7
1327030 1447.5
1327040 1450.7
1327050 1450.7
1327060 1454.3
1327070 1457.8
1327080 1457.8
1327090 1460.7
1327100 1463.7
1327110 1466.9
1327120 1466.9
1327130 1470.2
1327140 1473.1
1327150 1473.1
1327160 1476.6
1327170 1479.6
1327180 1479.6
1327190 1482.5
1327200 1484.7
1327210 1484.7
1327220 1487.6
1327230 1490.4
1327240 1490.4
1327250 1492.8
1327260 1495.8
1327270 1495.8
1327280 1497.6
1327290 1499.3
1327300 1499.3
1327310 1502.2
1327320 1506.4
1327330 1513.0
1327340 1513.0
1327350 1519.6
1327360 1526.7
1327370 1526.7
1327380 1532.4
1327390 1533.5
1327400 1533.5
1327410 1537.0
1327420 1543.3
1327430 1543.3
1327440 1551.5
1327450 1561.4
1327460 1561.4
1327470 1573.5
1327480 1581.0
1327490 1581.0
1327500 1588.0
1327510 1595.4
1327520 1595.4
1327530 1603.7
1327540 1611.3
1327550 1619.3
1327560 1619.3
1327570 1627.7
1327580 1636.6
1327590 1636.6
1327600 1646.0
1327610 1656.2
1327620 1656.2
1327630 1666.1
1327640 1675.7
1327650 1675.7
1327660 1682.3
1327670 1690.0
1327680 1690.0
1327690 1698.8
1327700 1709.1
1327710 1709.1
1327720 1718.8
1327730 1725.7
1327740 1725.7
1327750 1731.1
1327760 1733.8
1327770 1732.1
1327780 1732.1
1327790 1733.6
1327800 1739.2
1327810 1739.2
1327820 1739.1
1327830 1734.2
1327840 1734.2
1327850 1732.9
1327860 1734.0
1327870 1734.0
1327880 1734.3
1327890 1731.3
1327900 1731.3
1327910 1729.2
1327920 1735.7
1327930 1735.7
1327940 1752.7
1327950 1765.9
1327960 1772.4
1327970 1772.4
1327980 1780.7
1327990 1793.1
1328000 1793.1
1328010 1806.4
1328020 1820.5
1328030 1820.5
1328040 1833.1
1328050 1842.3
1328060 1842.3
1328070 1853.3
1328080 1864.2
1328090 1864.2
1328100 1882.4
1328110 1899.1
1328120 1899.1
1328130 1910.5
1328140 1920.2
1328150 1920.2
1328160 1928.3
1328170 1935.7
1328180 1943.3
1328190 1943.3
1328200 1951.2
1328210 1959.1
1328220 1959.1
1328230 1967.3
1328240 1975.2
1328250 1975.2
1328260 1983.6
1328270 1992.3
1328280 1992.3
1328290 2002.3
1328300 2016.4
1328310 2016.4
1328320 2031.5
1328330 2042.0
1328340 2042.0
1328350 2049.7
1328360 2057.0
1328370 2057.0
1328380 2063.6
1328390 2070.7
1328400 2078.2
1328410 2078.2
1328420 2085.2
1328430 2091.9
1328440 2091.9
1328450 2098.9
1328460 2105.8
1328470 2107.1
1328480 2114.8
1328490 2124.7
1328500 2124.7
1328510 2134.9
1328520 2142.7
1328530 2142.7
1328540 2151.0
1328550 2159.9
1328560 2159.9
1328570 2168.4
1328580 2176.3
1328590 2176.3
1328600 2183.9
1328610 2188.7
1328620 2192.9
1328630 2192.9
1328640 2196.8
1328650 2200.2
1328660 2200.2
1328670 2203.0
1328680 2204.7
1328690 2204.7
1328700 2206.7
1328710 2209.9
1328720 2209.9
1328730 2211.1
1328740 2211.4
1328750 2211.4
1328760 2210.2
1328770 2208.3
1328780 2208.3
1328790 2206.9
1328800 2205.9
1328810 2205.9
1328820 2205.0
1328830 2204.9
1328840 2205.3
1328850 2205.3
1328860 2205.6
1328870 2206.2
1328880 2206.2
1328890 2205.9
1328900 2205.5
1328910 2205.5
1328920 2204.9
1328930 2203.7
1328940 2203.7
1328950 2202.8
1328960 2202.0
1328970 2202.0
1328980 2204.2
1328990 2208.7
1329000 2208.7
1329010 2210.1
1329020 2210.6
1329030 2210.6
1329040 2212.7
1329050 2214.2
1329060 2216.0
1329070 2216.0
1329080 2216.7
1329090 2217.1
1329100 2217.1
1329110 2216.5
1329120 2216.1
1329130 2216.1
1329140 2216.7
1329150 2217.5
1329160 2217.5
1329170 2219.5
1329180 2221.8
1329190 2221.8
1329200 2222.6
1329210 2222.6
1329220 2222.6
1329230 2223.8
1329240 2224.8
1329250 2224.8
1329260 2225.1
1329270 2225.7
1329280 2227.4
1329290 2227.4
1329300 2226.8
1329310 2225.6
1329320 2225.6
1329330 2223.6
1329340 2222.3
1329350 2222.3
1329360 2220.9
1329370 2220.1
1329380 2220.1
1329390 2219.3
1329400 2218.0
1329410 2218.0
1329420 2217.0
1329430 2216.6
1329440 2216.6
1329450 2216.7
1329460 2216.1
1329470 2216.1
1329480 2215.1
1329490 2214.5
1329500 2214.5
1329510 2214.5
1329520 2215.1
1329530 2215.9
1329540 2215.9
1329550 2216.6
1329560 2216.6
1329570 2216.6
1329580 2217.0
1329590 2218.1
1329600 2218.1
1329610 2220.3
1329620 2223.1
1329630 2223.1
1329640 2224.6
1329650 2225.2
1329660 2225.2
1329670 2225.9
1329680 2225.7
1329690 2225.7
1329700 2225.2
1329710 2224.7
1329720 2224.8
1329730 2224.8
1329740 2225.9
1329750 2226.8
1329760 2226.8
1329770 2227.5
1329780 2228.1
1329790 2228.1
1329800 2229.1
1329810 2230.8
1329820 2230.8
1329830 2231.6
1329840 2232.4
1329850 2232.4
1329860 2231.8
1329870 2230.4
1329880 2230.4
1329890 2228.2
1329900 2227.9
1329910 2229.0
1329920 2229.0
1329930 2229.6
1329940 2228.9
1329950 2228.9
1329960 2228.7
1329970 2229.5
1329980 2229.5
1329990 2230.5
1330000 2234.4
1330010 2234.4
1330020 2236.3
1330030 2237.2
1330040 2237.2
1330050 2237.9
1330060 2239.1
1330070 2239.1
1330080 2239.9
1330090 2240.5
1330100 2236.3
1330110 2235.0
1330120 2233.7
1330130 2233.8
1330140 2233.8
1330150 2234.4
1330160 2235.5
1330170 2235.5
1330180 2236.1
1330190 2237.8
1330200 2237.8
1330210 2240.2
1330220 2242.7
1330230 2242.7
1330240 2245.3
1330250 2247.9
1330260 2247.9
1330270 2251.3
1330280 2254.8
1330290 2254.8
1330300 2258.2
1330310 2261.4
1330320 2261.4
1330330 2264.0
1330340 2267.4
1330350 2270.9
1330360 2270.9
1330370 2273.9
1330380 2276.7
1330390 2276.7
1330400 2278.7
1330410 2280.7
1330420 2280.7
1330430 2282.2
1330440 2283.5
1330450 2283.5
1330460 2284.7
1330470 2286.9
1330480 2286.9
1330490 2290.0
1330500 2293.9
1330510 2293.9
1330520 2298.0
1330530 2301.3
1330540 2301.3
1330550 2304.5
1330560 2308.3
1330570 2311.2
1330580 2311.2
1330590 2313.3
1330600 2316.0
1330610 2316.0
1330620 2319.4
1330630 2323.5
1330640 2323.5
1330650 2327.1
1330660 2330.0
1330670 2330.0
1330680 2332.8
1330690 2335.4
1330700 2335.4
1330710 2337.4
1330720 2339.4
1330730 2339.4
1330740 2341.1
1330750 2342.0
1330760 2342.0
1330770 2343.3
1330780 2345.3
1330790 2348.1
1330800 2348.1
1330810 2351.7
1330820 2355.6
1330830 2355.6
1330840 2359.4
1330850 2363.1
1330860 2363.1
1330870 2366.0
1330880 2369.6
1330890 2369.6
1330900 2373.8
1330910 2377.3
1330920 2375.8
1330930 2379.1
1330940 2382.5
1330950 2382.5
1330960 2386.0
1330970 2389.5
1330980 2389.5
1330990 2393.6
1331000 2397.6
1331010 2402.2
1331020 2402.2
1331030 2407.0
1331040 2411.5
1331050 2411.5
1331060 2414.5
1331070 2417.2
1331080 2417.2
1331090 2420.4
1331100 2424.3
1331110 2424.3
1331120 2429.1
1331130 2434.1
1331140 2434.1
1331150 2438.8
1331160 2442.3
1331170 2442.3
1331180 2444.4
1331190 2446.9
1331200 2446.9
1331210 2450.0
1331220 2453.7
1331230 2457.8
1331240 2457.8
1331250 2464.0
1331260 2471.4
1331270 2471.4
1331280 2477.5
1331290 2482.7
1331300 2482.7
1331310 2487.3
1331320 2492.2
1331330 2492.2
1331340 2497.8
1331350 2503.5
1331360 2503.5
1331370 2509.7
1331380 2516.1
1331390 2516.1
1331400 2522.2
1331410 2528.2
1331420 2528.2
1331430 2534.3
1331440 2540.1
1331450 2545.5
1331460 2545.5
1331470 2551.7
1331480 2556.8
1331490 2556.8
1331500 2560.0
1331510 2561.3
1331520 2561.3
1331530 2562.7
1331540 2563.9
1331550 2563.9
1331560 2565.4
1331570 2567.3
1331580 2567.3
1331590 2569.4
1331600 2572.2
1331610 2572.2
1331620 2575.0
1331630 2577.9
1331640 2577.9
1331650 2580.6
1331660 2582.6
1331670 2585.0
1331680 2585.0
1331690 2587.5
1331700 2589.8
1331710 2589.8
1331720 2592.0
1331730 2593.9
1331740 2593.9
1331750 2594.4
1331760 2595.2
1331770 2595.2
1331780 2595.8
1331790 2596.7
1331800 2596.7
1331810 2598.1
1331820 2599.5
1331830 2599.5
1331840 2602.0
1331850 2604.7
1331860 2604.7
1331870 2607.2
1331880 2610.5
1331890 2614.7
1331900 2614.7
1331910 2619.3
1331920 2623.9
1331930 2623.9
1331940 2629.0
1331950 2633.9
1331960 2633.9
1331970 2638.0
1331980 2641.3
1331990 2641.3
1332000 2644.3
1332010 2647.2
1332020 2647.2
1332030 2649.9
1332040 2653.0
1332050 2653.0
1332060 2658.1
1332070 2665.2
1332080 2673.7
1332090 2673.7
1332100 2681.0
1332110 2688.5
1332120 2688.5
1332130 2693.7
1332140 2697.5
1332150 2697.5
1332160 2701.3
1332170 2706.4
1332180 2706.4
1332190 2713.0
1332200 2723.7
1332210 2723.7
1332220 2734.7
1332230 2744.3
1332240 2744.3
1332250 2754.6
1332260 2764.9
1332270 2764.9
1332280 2772.9
1332290 2780.3
1332300 2786.9
1332310 2786.9
1332320 2792.4
1332330 2797.4
1332340 2797.4
1332350 2802.7
1332360 2808.1
1332370 2808.1
1332380 2813.1
1332390 2817.7
1332400 2817.7
1332410 2823.1
1332420 2828.9
1332430 2828.9
1332440 2834.8
1332450 2840.8
1332460 2840.8
1332470 2845.8
1332480 2850.6
1332490 2850.6
1332500 2855.5
1332510 2859.6
1332520 2864.7
1332530 2864.7
1332540 2870.5
1332550 2876.3
1332560 2876.3
1332570 2881.8
1332580 2886.5
1332590 2886.5
1332600 2892.3
1332610 2898.2
1332620 2898.2
1332630 2904.2
1332640 2910.2
1332650 2910.2
1332660 2916.5
1332670 2923.3
1332680 2923.3
1332690 2930.9
1332700 2938.6
1332710 2938.6
1332720 2947.1
1332730 2956.1
1332740 2965.9
1332750 2965.9
1332760 2977.1
1332770 2991.4
1332780 2991.4
1332790 3012.8
1332800 3041.5
1332810 3041.5
1332820 3054.6
1332830 3067.8
1332840 3067.8
1332850 3082.5
1332860 3088.3
1332870 3088.3
1332880 3085.0
1332890 3083.3
1332900 3083.3
1332910 3082.2
1332920 3081.1
1332930 3081.1
1332940 3082.9
1332950 3085.3
1332960 3088.7
1332970 3088.7
1332980 3094.1
1332990 3097.9
1333000 3097.9
1333010 3094.5
1333020 3082.0
1333030 3082.0
1333040 3068.1
1333050 3048.5
1333060 3048.5
1333070 3035.8
1333080 3026.3
1333090 3026.3
1333100 3021.3
1333110 3015.8
1333120 3015.8
1333130 3001.1
1333140 2990.4
1333150 2990.4
1333160 2985.9
1333170 2984.4
1333180 2981.6
1333190 2981.6
1333200 2967.5
1333210 2949.3
1333220 2949.3
1333230 2936.6
1333240 2930.4
1333250 2930.4
1333260 2927.1
1333270 2923.6
1333280 2923.6
1333290 2922.0
1333300 2924.6
1333310 2924.6
1333320 2926.7
1333330 2921.7
1333340 2921.7
1333350 2914.8
1333360 2911.0
1333370 2911.0
1333380 2909.1
1333390 2909.6
1333400 2911.7
1333410 2911.7
1333420 2928.5
1333430 2932.5
1333440 2932.5
1333450 2933.9
1333460 2932.7
1333470 2932.7
1333480 2930.0
1333490 2924.6
1333500 2924.6
1333510 2920.3
1333520 2917.2
1333530 2917.2
1333540 2911.2
1333550 2906.3
1333560 2906.3
1333570 2901.1
1333580 2895.0
1333590 2895.0
1333600 2882.2
1333610 2875.2
1333620 2875.2
1333630 2875.2
1333640 2869.4
1333650 2855.5
1333660 2855.5
1333670 2848.3
1333680 2841.3
1333690 2841.3
1333700 2835.4
1333710 2826.6
1333720 2826.6
1333730 2823.0
1333740 2822.6
1333750 2822.6
1333760 2822.8
1333770 2819.9
1333780 2819.9
1333790 2818.2
1333800 2815.5
1333810 2815.5
1333820 2807.9
1333830 2797.0
1333840 2784.8
1333850 2784.8
1333860 2778.5
1333870 2779.9
1333880 2779.9
1333890 2769.0
1333900 2758.5
1333910 2758.5
1333920 2751.9
1333930 2745.8
1333940 2745.8
1333950 2740.1
1333960 2735.1
1333970 2735.1
1333980 2731.5
1333990 2729.7
1334000 2729.7
1334010 2728.0
1334020 2726.1
1334030 2724.2
1334040 2724.2
1334050 2722.3
1334060 2720.4
1334070 2720.4
1334080 2718.4
1334090 2716.2
1334100 2716.2
1334110 2713.4
1334120 2709.9
1334130 2709.9
1334140 2706.3
1334150 2701.6
1334160 2701.6
1334170 2693.9
1334180 2687.0
1334190 2687.0
1334200 2681.6
1334210 2676.4
1334220 2676.4
1334230 2672.2
1334240 2669.0
1334250 2667.8
1334260 2652.8
1334270 2649.9
1334280 2647.5
1334290 2647.5
1334300 2646.3
1334310 2651.5
1334320 2651.5
1334330 2654.1
1334340 2651.7
1334350 2651.7
1334360 2649.3
1334370 2644.6
1334380 2644.6
1334390 2636.1
1334400 2621.9
1334410 2621.9
1334420 2602.7
1334430 2586.9
1334440 2586.9
1334450 2579.5
1334460 2574.9
1334470 2571.0
1334480 2571.0
1334490 2567.9
1334500 2560.3
1334510 2560.3
1334520 2550.5
1334530 2544.5
1334540 2544.5
1334550 2539.2
1334560 2533.4
1334570 2533.4
1334580 2528.0
1334590 2522.9
1334600 2522.9
1334610 2518.4
1334620 2514.5
1334630 2514.5
1334640 2511.5
1334650 2508.4
1334660 2508.4
1334670 2503.7
1334680 2499.7
1334690 2497.9
1334700 2497.9
1334710 2497.5
1334720 2496.4
1334730 2496.4
1334740 2491.2
1334750 2484.1
1334760 2484.1
1334770 2477.0
1334780 2470.5
1334790 2470.5
1334800 2464.7
1334810 2460.0
1334820 2460.0
1334830 2457.0
1334840 2454.0
1334850 2454.0
1334860 2451.1
1334870 2448.7
1334880 2448.7
1334890 2446.6
1334900 2443.3
1334910 2439.6
1334920 2439.6
1334930 2436.2
1334940 2432.9
1334950 2432.9
1334960 2430.2
1334970 2427.1
1334980 2427.1
1334990 2423.6
1335000 2419.9
1335010 2419.9
1335020 2416.2
1335030 2412.7
1335040 2412.7
1335050 2409.2
1335060 2405.5
1335070 2405.5
1335080 2401.9
1335090 2398.8
1335100 2400.1
1335110 2396.8
1335120 2393.6
1335130 2389.0
1335140 2389.0
1335150 2385.0
1335160 2380.6
1335170 2380.6
1335180 2376.2
1335190 2373.1
1335200 2373.1
1335210 2370.3
1335220 2366.3
1335230 2366.3
1335240 2361.4
1335250 2357.5
1335260 2357.5
1335270 2354.4
1335280 2352.1
1335290 2352.1
1335300 2351.3
1335310 2350.8
1335320 2350.8
1335330 2350.9
1335340 2349.6
1335350 2346.1
1335360 2346.1
1335370 2340.7
1335380 2335.0
1335390 2335.0
1335400 2328.7
1335410 2322.5
1335420 2322.5
1335430 2316.8
1335440 2311.0
1335450 2311.0
1335460 2304.4
1335470 2297.3
1335480 2297.3
1335490 2289.1
1335500 2278.0
1335510 2278.0
1335520 2259.1
1335530 2237.3
1335540 2237.3
1335550 2216.6
1335560 2204.3
1335570 2192.4
1335580 2192.4
1335590 2179.3
1335600 2168.2
1335610 2168.2
1335620 2160.4
1335630 2149.8
1335640 2149.8
1335650 2137.4
1335660 2128.5
1335670 2128.5
1335680 2122.7
1335690 2116.8
1335700 2116.8
1335710 2112.7
1335720 2112.4
1335730 2112.4
1335740 2109.6
1335750 2102.0
1335760 2102.0
1335770 2094.0
1335780 2086.6
1335790 2079.3
1335800 2079.3
1335810 2069.6
1335820 2057.3
1335830 2057.3
1335840 2049.7
1335850 2049.0
1335860 2049.0
1335870 2042.1
1335880 2031.0
1335890 2031.0
1335900 2017.4
1335910 1996.9
1335920 1996.9
1335930 1978.7
1335940 1966.6
1335950 1969.4
1335960 1959.6
1335970 1948.5
1335980 1939.0
1335990 1939.0
1336000 1928.2
1336010 1917.1
1336020 1917.1
1336030 1909.4
1336040 1903.2
1336050 1903.2
1336060 1897.1
1336070 1890.9
1336080 1890.9
1336090 1885.3
1336100 1880.3
1336110 1880.3
1336120 1875.3
1336130 1870.4
1336140 1870.4
1336150 1865.5
1336160 1860.7
1336170 1860.7
1336180 1857.2
1336190 1855.2
1336200 1854.1
1336210 1854.1
1336220 1853.7
1336230 1852.2
1336240 1852.2
1336250 1851.3
1336260 1852.4
1336270 1852.4
1336280 1851.8
1336290 1850.2
1336300 1850.2
1336310 1849.2
1336320 1848.6
1336330 1848.6
1336340 1849.4
1336350 1849.5
1336360 1849.5
1336370 1849.2
1336380 1848.9
1336390 1848.9
1336400 1847.7
1336410 1848.3
1336420 1848.0
1336430 1848.0
1336440 1847.3
1336450 1847.1
1336460 1847.1
1336470 1846.9
1336480 1847.2
1336490 1847.2
1336500 1846.4
1336510 1846.9
1336520 1846.9
1336530 1846.2
1336540 1846.4
1336550 1846.4
1336560 1846.2
1336570 1847.4
1336580 1847.4
1336590 1850.9
1336600 1854.3
1336610 1854.3
1336620 1859.2
1336630 1865.0
1336640 1871.2
1336650 1871.2
1336660 1877.6
1336670 1883.6
1336680 1883.6
1336690 1889.1
1336700 1894.5
1336710 1894.5
1336720 1899.8
1336730 1904.9
1336740 1904.9
1336750 1910.4
1336760 1916.3
1336770 1916.3
1336780 1922.9
1336790 1929.7
1336800 1929.7
1336810 1933.8
1336820 1940.9
1336830 1940.9
1336840 1947.8
1336850 1954.7
1336860 1962.0
1336870 1962.0
1336880 1969.4
1336890 1977.1
1336900 1977.1
1336910 1984.5
1336920 1992.4
1336930 1992.4
1336940 2000.6
1336950 2010.1
1336960 2010.1
1336970 2019.6
1336980 2027.2
1336990 2027.2
1337000 2035.7
1337010 2050.2
1337020 2050.2
1337030 2069.4
1337040 2093.3
1337050 2093.3
1337060 2114.7
1337070 2126.2
1337080 2133.0
1337090 2133.0
1337100 2140.1
1337110 2147.2
1337120 2147.2
1337130 2153.6
1337140 2158.4
1337150 2158.4
1337160 2162.2
1337170 2166.8
1337180 2166.8
1337190 2173.8
1337200 2179.3
1337210 2179.3
1337220 2184.3
1337230 2190.4
1337240 2190.4
1337250 2196.2
1337260 2202.4
1337270 2202.4
1337280 2208.9
1337290 2215.8
1337300 2221.6
1337310 2221.6
1337320 2226.4
1337330 2231.3
1337340 2231.3
1337350 2236.5
1337360 2243.0
1337370 2243.0
1337380 2248.4
1337390 2253.1
1337400 2253.1
1337410 2257.2
1337420 2260.3
1337430 2260.3
1337440 2261.9
1337450 2262.4
1337460 2262.4
1337470 2263.1
1337480 2264.0
1337490 2264.0
1337500 2265.1
1337510 2266.5
1337520 2268.2
1337530 2268.2
1337540 2270.2
1337550 2273.1
1337560 2273.1
1337570 2275.9
1337580 2279.6
1337590 2279.6
1337600 2283.6
1337610 2288.2
1337620 2288.2
1337630 2292.9
1337640 2297.2
1337650 2297.2
1337660 2301.0
1337670 2299.2
1337680 2299.2
1337690 2302.5
1337700 2307.8
1337710 2307.8
1337720 2312.4
1337730 2315.3
1337740 2320.0
1337750 2320.0
1337760 2324.6
1337770 2328.7
1337780 2328.7
1337790 2332.2
1337800 2336.5
1337810 2336.5
1337820 2344.3
1337830 2355.7
1337840 2355.7
1337850 2362.3
1337860 2373.2
1337870 2373.2
1337880 2385.4
1337890 2397.3
1337900 2397.3
1337910 2403.7
1337920 2407.8
1337930 2410.0
1337940 2410.0
1337950 2411.3
1337960 2412.8
1337970 2412.8
1337980 2414.1
1337990 2415.2
1338000 2415.2
1338010 2417.5
1338020 2421.9
1338030 2421.9
1338040 2425.2
1338050 2430.6
1338060 2430.6
1338070 2437.8
1338080 2444.0
1338090 2444.0
1338100 2448.7
1338110 2451.5
1338120 2451.5
1338130 2455.0
1338140 2458.5
1338150 2462.0
1338160 2462.0
1338170 2467.0
1338180 2474.3
1338190 2474.3
1338200 2482.9
1338210 2490.3
1338220 2490.3
1338230 2496.8
1338240 2503.7
1338250 2503.7
1338260 2510.1
1338270 2517.2
1338280 2517.2
1338290 2523.3
1338300 2529.4
1338310 2529.4
1338320 2534.2
1338330 2538.8
1338340 2538.8
1338350 2543.7
1338360 2550.2
1338370 2556.5
1338380 2556.5
1338390 2564.0
1338400 2571.6
1338410 2571.6
1338420 2579.2
1338430 2587.2
1338440 2587.2
1338450 2594.5
1338460 2600.6
1338470 2600.6
1338480 2603.5
1338490 2605.3
1338500 2605.3
1338510 2607.4
1338520 2608.9
1338530 2608.9
1338540 2610.4
1338550 2613.1
1338560 2613.1
1338570 2614.9
1338580 2617.8
1338590 2622.0
1338600 2622.0
1338610 2625.2
1338620 2628.3
1338630 2628.3
1338640 2631.2
1338650 2633.8
1338660 2633.8
1338670 2636.9
1338680 2640.7
1338690 2640.7
1338700 2646.3
1338710 2653.3
1338720 2653.3
1338730 2659.4
1338740 2662.6
1338750 2662.6
1338760 2664.1
1338770 2665.4
1338780 2665.4
1338790 2667.0
1338800 2668.9
1338810 2670.9
1338820 2670.9
1338830 2672.5
1338840 2673.7
1338850 2673.7
1338860 2674.8
1338870 2675.6
1338880 2675.6
1338890 2675.4
1338900 2674.9
1338910 2674.9
1338920 2674.2
1338930 2674.5
1338940 2674.5
1338950 2676.2
1338960 2679.5
1338970 2679.5
1338980 2683.2
1338990 2686.8
1339000 2686.8
1339010 2690.3
1339020 2693.5
1339030 2696.0
1339040 2696.0
1339050 2698.1
1339060 2699.7
1339070 2699.7
1339080 2700.8
1339090 2702.0
1339100 2702.0
1339110 2703.9
1339120 2706.7
1339130 2706.7
1339140 2709.8
1339150 2714.4
1339160 2714.4
1339170 2718.3
1339180 2722.6
1339190 2722.6
1339200 2727.3
1339210 2731.9
1339220 2731.9
1339230 2736.2
1339240 2740.6
1339250 2745.2
1339260 2745.2
1339270 2751.4
1339280 2758.8
1339290 2758.8
1339300 2766.6
1339310 2774.0
1339320 2774.0
1339330 2780.6
1339340 2787.2
1339350 2787.2
1339360 2791.9
1339370 2795.9
1339380 2795.9
1339390 2799.9
1339400 2804.2
1339410 2801.1
1339420 2805.8
1339430 2811.1
1339440 2811.1
1339450 2816.4
1339460 2821.6
1339470 2826.6
1339480 2826.6
1339490 2832.0
1339500 2837.4
1339510 2837.4
1339520 2842.0
1339530 2845.9
1339540 2845.9
1339550 2849.9
1339560 2853.5
1339570 2853.5
1339580 2856.4
1339590 2858.8
1339600 2858.8
1339610 2861.1
1339620 2863.8
1339630 2863.8
1339640 2867.3
1339650 2870.2
1339660 2870.2
1339670 2874.4
1339680 2878.1
1339690 2881.9
1339700 2881.9
1339710 2885.8
1339720 2889.5
1339730 2889.5
1339740 2893.3
1339750 2897.2
1339760 2897.2
1339770 2901.2
1339780 2905.8
1339790 2905.8
1339800 2911.1
1339810 2916.3
1339820 2916.3
1339830 2921.3
1339840 2927.1
1339850 2927.1
1339860 2933.0
1339870 2939.1
1339880 2939.1
1339890 2945.4
1339900 2952.4
1339910 2962.7
1339920 2962.7
1339930 2981.9
1339940 2998.0
1339950 2998.0
1339960 3010.0
1339970 3023.3
1339980 3023.3
1339990 3038.3
