1320000 1773.7
1320010 1783.4
1320020 1793.0
1320030 1793.0
1320040 1802.5
1320050 1811.9
1320060 1811.9
1320070 1822.6
1320080 1832.7
1320090 1832.7
1320100 1841.7
1320110 1849.9
1320120 1849.9
1320130 1857.3
1320140 1864.1
1320150 1864.1
1320160 1870.8
1320170 1877.9
1320180 1877.9
1320190 1886.2
1320200 1897.0
1320210 1906.7
1320220 1906.7
1320230 1914.3
1320240 1918.9
1320250 1908.9
1320260 1905.4
1320270 1900.3
1320280 1900.3
1320290 1896.8
1320300 1898.0
1320310 1898.0
1320320 1897.3
1320330 1898.4
1320340 1898.4
1320350 1901.7
1320360 1899.7
1320370 1899.7
1320380 1896.4
1320390 1895.6
1320400 1895.6
1320410 1898.8
1320420 1896.6
1320430 1892.4
1320440 1892.4
1320450 1895.0
1320460 1899.2
1320470 1899.2
1320480 1900.7
1320490 1902.7
1320500 1902.7
1320510 1906.6
1320520 1910.8
1320530 1910.8
1320540 1915.6
1320550 1921.2
1320560 1921.2
1320570 1928.3
1320580 1936.9
1320590 1936.9
1320600 1949.3
1320610 1960.1
1320620 1960.1
1320630 1971.3
1320640 1982.5
1320650 1995.2
1320660 1995.2
1320670 2008.7
1320680 2022.7
1320690 2022.7
1320700 2036.7
1320710 2050.6
1320720 2050.6
1320730 2065.3
1320740 2074.7
1320750 2074.7
1320760 2082.1
1320770 2090.9
1320780 2090.9
1320790 2099.0
1320800 2108.6
1320810 2108.6
1320820 2118.8
1320830 2127.0
1320840 2127.0
1320850 2135.0
1320860 2141.9
1320870 2148.0
1320880 2148.0
1320890 2154.2
1320900 2160.9
1320910 2160.9
1320920 2167.7
1320930 2174.8
1320940 2174.8
1320950 2182.9
1320960 2194.3
1320970 2194.3
1320980 2204.8
1320990 2216.3
1321000 2216.3
1321010 2228.0
1321020 2233.3
1321030 2233.3
1321040 2242.5
1321050 2252.0
1321060 2252.0
1321070 2261.1
1321080 2268.8
1321090 2277.6
1321100 2277.6
1321110 2286.5
1321120 2294.9
1321130 2294.9
1321140 2305.2
1321150 2319.3
1321160 2319.3
1321170 2335.7
1321180 2345.9
1321190 2345.9
1321200 2353.6
1321210 2361.4
1321220 2361.4
1321230 2365.4
1321240 2369.0
1321250 2369.0
1321260 2367.2
1321270 2367.7
1321280 2367.7
1321290 2369.1
1321300 2370.1
1321310 2368.6
1321320 2368.6
1321330 2370.0
1321340 2368.4
1321350 2368.4
1321360 2370.0
1321370 2372.9
1321380 2372.9
1321390 2375.6
1321400 2379.0
1321410 2379.0
1321420 2380.8
1321430 2380.4
1321440 2380.4
1321450 2380.1
1321460 2382.3
1321470 2382.3
1321480 2387.8
1321490 2394.9
1321500 2394.9
1321510 2400.9
1321520 2405.7
1321530 2410.5
1321540 2410.5
1321550 2415.8
1321560 2419.5
1321570 2419.5
1321580 2421.2
1321590 2424.5
1321600 2424.5
1321610 2430.2
1321620 2436.7
1321630 2436.7
1321640 2441.5
1321650 2447.7
1321660 2447.7
1321670 2454.9
1321680 2464.0
1321690 2464.0
1321700 2471.8
1321710 2478.8
1321720 2478.8
1321730 2487.1
1321740 2494.6
1321750 2499.9
1321760 2499.9
1321770 2505.1
1321780 2511.1
1321790 2511.1
1321800 2512.0
1321810 2519.0
1321820 2519.0
1321830 2526.6
1321840 2534.8
1321850 2534.8
1321860 2542.6
1321870 2550.7
1321880 2550.7
1321890 2559.6
1321900 2568.5
1321910 2568.5
1321920 2577.1
1321930 2585.4
1321940 2585.4
1321950 2594.5
1321960 2604.7
1321970 2614.4
1321980 2614.4
1321990 2625.0
1322000 2635.5
1322010 2635.5
1322020 2643.7
1322030 2653.6
1322040 2653.6
1322050 2666.3
1322060 2678.7
1322070 2678.7
1322080 2690.7
1322090 2707.0
1322100 2707.0
1322110 2708.1
1322120 2699.9
1322130 2699.9
1322140 2693.4
1322150 2686.5
1322160 2686.5
1322170 2679.3
1322180 2674.0
1322190 2668.2
1322200 2668.2
1322210 2656.8
1322220 2642.5
1322230 2642.5
1322240 2622.6
1322250 2623.0
1322260 2623.0
1322270 2625.2
1322280 2610.4
1322290 2610.4
1322300 2590.4
1322310 2573.0
1322320 2573.0
1322330 2553.2
1322340 2537.7
1322350 2537.7
1322360 2525.0
1322370 2515.1
1322380 2515.1
1322390 2510.5
1322400 2506.1
1322410 2502.2
1322420 2502.2
1322430 2499.3
1322440 2497.7
1322450 2497.7
1322460 2496.6
1322470 2496.2
1322480 2496.2
1322490 2496.5
1322500 2497.3
1322510 2497.3
1322520 2497.9
1322530 2498.5
1322540 2498.5
1322550 2499.0
1322560 2499.5
1322570 2499.5
1322580 2506.9
1322590 2508.3
1322600 2511.1
1322610 2511.1
1322620 2520.1
1322630 2532.1
1322640 2532.1
1322650 2545.2
1322660 2557.8
1322670 2557.8
1322680 2565.3
1322690 2571.3
1322700 2571.3
1322710 2578.9
1322720 2588.8
1322730 2588.8
1322740 2602.9
1322750 2621.8
1322760 2621.8
1322770 2619.6
1322780 2589.4
1322790 2589.4
1322800 2573.7
1322810 2569.6
1322820 2566.2
1322830 2566.2
1322840 2562.8
1322850 2558.6
1322860 2558.6
1322870 2554.5
1322880 2550.2
1322890 2550.2
1322900 2547.7
1322910 2546.9
1322920 2546.9
1322930 2545.7
1322940 2544.6
1322950 2544.6
1322960 2544.6
1322970 2545.2
1322980 2545.2
1322990 2546.6
1323000 2546.4
1323010 2546.4
1323020 2546.2
1323030 2545.6
1323040 2546.2
1323050 2546.2
1323060 2545.8
1323070 2545.8
1323080 2545.8
1323090 2544.7
1323100 2544.2
1323110 2544.2
1323120 2544.3
1323130 2543.3
1323140 2543.3
1323150 2541.1
1323160 2536.1
1323170 2536.1
1323180 2527.3
1323190 2522.9
1323200 2522.9
1323210 2511.3
1323220 2503.5
1323230 2503.5
1323240 2496.3
1323250 2489.2
1323260 2483.4
1323270 2483.4
1323280 2480.6
1323290 2478.2
1323300 2478.2
1323310 2475.3
1323320 2473.4
1323330 2473.4
1323340 2472.7
1323350 2473.7
1323360 2473.7
1323370 2483.0
1323380 2487.1
1323390 2487.1
1323400 2491.1
1323410 2494.0
1323420 2494.0
1323430 2496.8
1323440 2500.4
1323450 2500.4
1323460 2506.3
1323470 2516.6
1323480 2528.6
1323490 2528.6
1323500 2536.9
1323510 2535.3
1323520 2535.3
1323530 2530.8
1323540 2527.0
1323550 2527.0
1323560 2522.4
1323570 2516.2
1323580 2516.2
1323590 2511.0
1323600 2505.1
1323610 2505.1
1323620 2499.9
1323630 2496.7
1323640 2496.7
1323650 2493.9
1323660 2492.0
1323670 2492.0
1323680 2487.9
1323690 2482.8
1323700 2477.0
1323710 2477.0
1323720 2469.6
1323730 2464.1
1323740 2464.1
1323750 2457.7
1323760 2452.6
1323770 2452.6
1323780 2445.3
1323790 2415.9
1323800 2415.9
1323810 2397.0
1323820 2399.3
1323830 2399.3
1323840 2402.7
1323850 2396.9
1323860 2396.9
1323870 2385.3
1323880 2375.1
1323890 2375.1
1323900 2369.3
1323910 2366.6
1323920 2363.6
1323930 2363.6
1323940 2357.5
1323950 2351.8
1323960 2351.8
1323970 2346.1
1323980 2340.6
1323990 2340.6
1324000 2334.1
1324010 2325.8
1324020 2325.8
1324030 2310.7
1324040 2280.0
1324050 2280.0
1324060 2265.5
1324070 2256.7
1324080 2256.7
1324090 2251.9
1324100 2247.3
1324110 2247.3
1324120 2249.2
1324130 2256.5
1324140 2260.8
1324150 2260.8
1324160 2278.9
1324170 2274.7
1324180 2274.7
1324190 2269.6
1324200 2268.8
1324210 2268.8
1324220 2270.3
1324230 2265.2
1324240 2265.2
1324250 2257.0
1324260 2248.4
1324270 2248.4
1324280 2241.0
1324290 2235.4
1324300 2235.4
1324310 2226.4
1324320 2223.1
1324330 2223.1
1324340 2223.3
1324350 2221.4
1324360 2218.5
1324370 2218.5
1324380 2215.6
1324390 2211.6
1324400 2211.6
1324410 2206.4
1324420 2200.8
1324430 2200.8
1324440 2195.9
1324450 2189.5
1324460 2189.5
1324470 2179.3
1324480 2166.6
1324490 2166.6
1324500 2154.5
1324510 2143.8
1324520 2143.8
1324530 2134.7
1324540 2126.7
1324550 2126.7
1324560 2119.4
1324570 2112.5
1324580 2104.9
1324590 2104.9
1324600 2096.2
1324610 2087.5
1324620 2087.5
1324630 2079.3
1324640 2072.7
1324650 2072.7
1324660 2066.6
1324670 2059.8
1324680 2059.8
1324690 2053.0
1324700 2045.6
1324710 2045.6
1324720 2037.0
1324730 2029.6
1324740 2029.6
1324750 2023.4
1324760 2017.0
1324770 2017.0
1324780 2011.6
1324790 2005.4
1324800 1999.6
1324810 1999.6
1324820 1993.7
1324830 1986.8
1324840 1986.8
1324850 1981.8
1324860 1976.7
1324870 1976.7
1324880 1972.6
1324890 1967.5
1324900 1967.5
1324910 1961.8
1324920 1957.9
1324930 1957.9
1324940 1953.8
1324950 1951.5
1324960 1951.5
1324970 1945.8
1324980 1940.6
1324990 1940.6
1325000 1935.8
1325010 1932.0
1325020 1928.6
1325030 1928.6
1325040 1924.9
1325050 1922.5
1325060 1922.5
1325070 1920.2
1325080 1916.6
1325090 1916.6
1325100 1914.2
1325110 1914.0
1325120 1914.0
1325130 1912.2
1325140 1908.3
1325150 1908.3
1325160 1905.4
1325170 1902.4
1325180 1902.4
1325190 1899.2
1325200 1896.4
1325210 1896.4
1325220 1891.9
1325230 1888.8
1325240 1884.5
1325250 1884.5
1325260 1879.5
1325270 1873.7
1325280 1873.7
1325290 1868.9
1325300 1866.3
1325310 1866.3
1325320 1863.3
1325330 1857.1
1325340 1857.1
1325350 1850.7
1325360 1844.7
1325370 1844.7
1325380 1838.3
1325390 1833.0
1325400 1833.0
1325410 1828.5
1325420 1823.3
1325430 1823.3
1325440 1817.5
1325450 1811.0
1325460 1802.9
1325470 1802.9
1325480 1793.8
1325490 1779.2
1325500 1779.2
1325510 1760.4
1325520 1749.4
1325530 1749.4
1325540 1738.8
1325550 1729.4
1325560 1729.4
1325570 1720.4
1325580 1709.1
1325590 1709.1
1325600 1695.6
1325610 1683.4
1325620 1683.4
1325630 1672.0
1325640 1655.8
1325650 1655.8
1325660 1639.8
1325670 1624.6
1325680 1604.7
1325690 1604.7
1325700 1585.6
1325710 1575.9
1325720 1575.9
1325730 1578.8
1325740 1577.8
1325750 1596.9
1325760 1585.9
1325770 1575.6
1325780 1575.6
1325790 1566.5
1325800 1556.5
1325810 1556.5
1325820 1544.7
1325830 1535.2
1325840 1535.2
1325850 1527.3
1325860 1519.7
1325870 1519.7
1325880 1511.5
1325890 1502.8
1325900 1494.1
1325910 1494.1
1325920 1485.9
1325930 1479.0
1325940 1479.0
1325950 1472.4
1325960 1465.4
1325970 1465.4
1325980 1457.6
1325990 1450.0
1326000 1450.0
1326010 1442.0
1326020 1433.8
1326030 1433.8
1326040 1426.3
1326050 1418.7
1326060 1418.7
1326070 1411.6
1326080 1403.4
1326090 1403.4
1326100 1395.3
1326110 1387.1
1326120 1381.7
1326130 1381.7
1326140 1378.9
1326150 1375.3
1326160 1375.3
1326170 1372.3
1326180 1372.6
1326190 1372.6
1326200 1371.6
1326210 1369.4
1326220 1369.4
1326230 1367.2
1326240 1364.3
1326250 1364.3
1326260 1362.4
1326270 1360.8
1326280 1360.8
1326290 1357.7
1326300 1354.4
1326310 1354.4
1326320 1351.7
1326330 1349.8
1326340 1348.4
1326350 1348.4
1326360 1345.1
1326370 1342.1
1326380 1342.1
1326390 1339.1
1326400 1336.3
1326410 1336.3
1326420 1333.7
1326430 1331.1
1326440 1331.1
1326450 1328.2
1326460 1325.1
1326470 1325.1
1326480 1320.3
1326490 1316.3
1326500 1316.3
1326510 1312.4
1326520 1311.2
1326530 1311.2
1326540 1314.3
1326550 1317.5
1326560 1320.2
1326570 1320.2
1326580 1320.3
1326590 1320.4
1326600 1320.4
1326610 1320.9
1326620 1322.3
1326630 1322.3
1326640 1326.1
1326650 1331.1
1326660 1331.1
1326670 1336.6
1326680 1342.2
1326690 1342.2
1326700 1348.1
1326710 1354.5
1326720 1354.5
1326730 1360.8
1326740 1366.8
1326750 1373.3
1326760 1373.3
1326770 1379.3
1326780 1385.8
1326790 1385.8
1326800 1392.5
1326810 1399.0
1326820 1399.0
1326830 1405.8
1326840 1412.7
1326850 1412.7
1326860 1419.9
1326870 1427.2
1326880 1427.2
1326890 1434.8
1326900 1441.9
1326910 1441.9
1326920 1449.8
1326930 1457.5
1326940 1457.5
1326950 1464.9
1326960 1472.3
1326970 1479.9
1326980 1479.9
1326990 1487.8
1327000 1495.4
1327010 1495.4
1327020 1503.3
1327030 1510.5
1327040 1510.5
1327050 1517.6
1327060 1524.9
1327070 1524.9
1327080 1532.4
1327090 1540.6
1327100 1540.6
1327110 1549.1
1327120 1557.7
1327130 1557.7
1327140 1566.0
1327150 1574.5
1327160 1574.5
1327170 1583.2
1327180 1591.8
1327190 1599.9
1327200 1599.9
1327210 1609.0
1327220 1622.6
1327230 1622.6
1327240 1647.5
1327250 1666.0
1327260 1666.0
1327270 1675.3
1327280 1690.1
1327290 1690.1
1327300 1700.4
1327310 1709.3
1327320 1709.3
1327330 1717.8
1327340 1728.8
1327350 1730.2
1327360 1738.8
1327370 1752.8
1327380 1752.8
1327390 1764.8
1327400 1775.3
1327410 1784.2
1327420 1784.2
1327430 1791.9
1327440 1799.0
1327450 1799.0
1327460 1809.2
1327470 1820.4
1327480 1820.4
1327490 1828.5
1327500 1837.5
1327510 1837.5
1327520 1846.6
1327530 1855.0
1327540 1855.0
1327550 1862.9
1327560 1871.2
1327570 1871.2
1327580 1880.0
1327590 1887.6
1327600 1887.6
1327610 1893.5
1327620 1899.2
1327630 1904.4
1327640 1904.4
1327650 1908.7
1327660 1911.8
1327670 1911.8
1327680 1915.3
1327690 1919.1
1327700 1919.1
1327710 1924.1
1327720 1930.1
1327730 1930.1
1327740 1935.3
1327750 1939.4
1327760 1939.4
1327770 1942.5
1327780 1944.5
1327790 1944.5
1327800 1945.7
1327810 1948.0
1327820 1948.0
1327830 1952.2
1327840 1957.8
1327850 1962.1
1327860 1962.1
1327870 1965.9
1327880 1969.9
1327890 1969.9
1327900 1974.6
1327910 1978.9
1327920 1978.9
1327930 1984.1
1327940 1989.9
1327950 1989.9
1327960 1995.2
1327970 2000.8
1327980 2000.8
1327990 2005.5
1328000 2010.6
1328010 2010.6
1328020 2015.7
1328030 2020.3
1328040 2020.3
1328050 2025.1
1328060 2029.8
1328070 2034.4
1328080 2034.4
1328090 2039.2
1328100 2044.7
1328110 2044.7
1328120 2050.5
1328130 2055.3
1328140 2055.3
1328150 2059.3
1328160 2059.7
1328170 2059.7
1328180 2063.1
1328190 2066.3
1328200 2066.3
1328210 2070.7
1328220 2075.2
1328230 2075.2
1328240 2079.5
1328250 2084.0
1328260 2084.0
1328270 2086.0
1328280 2087.0
1328290 2089.2
1328300 2089.2
1328310 2095.4
1328320 2103.0
1328330 2103.0
1328340 2108.9
1328350 2114.8
1328360 2114.8
1328370 2120.3
1328380 2124.7
1328390 2124.7
1328400 2128.9
1328410 2133.2
1328420 2133.2
1328430 2138.0
1328440 2144.5
1328450 2144.5
1328460 2150.0
1328470 2154.6
1328480 2154.6
1328490 2159.8
1328500 2164.7
1328510 2170.0
1328520 2170.0
1328530 2175.7
1328540 2181.9
1328550 2181.9
1328560 2187.4
1328570 2192.4
1328580 2192.4
1328590 2197.5
1328600 2202.0
1328610 2202.0
1328620 2207.1
1328630 2212.1
1328640 2212.1
1328650 2216.5
1328660 2221.7
1328670 2221.7
1328680 2227.2
1328690 2231.9
1328700 2231.9
1328710 2236.0
1328720 2239.3
1328730 2243.1
1328740 2243.1
1328750 2247.6
1328760 2252.5
1328770 2252.5
1328780 2255.2
1328790 2258.0
1328800 2258.0
1328810 2262.8
1328820 2268.8
1328830 2268.8
1328840 2275.4
1328850 2281.7
1328860 2281.7
1328870 2288.1
1328880 2294.8
1328890 2294.8
1328900 2302.0
1328910 2307.7
1328920 2307.7
1328930 2313.6
1328940 2320.0
1328950 2325.9
1328960 2325.9
1328970 2329.3
1328980 2336.3
1328990 2336.3
1329000 2344.0
1329010 2353.6
1329020 2353.6
1329030 2362.0
1329040 2366.2
1329050 2366.2
1329060 2370.0
1329070 2376.0
1329080 2376.0
1329090 2380.8
1329100 2383.2
1329110 2383.2
1329120 2385.5
1329130 2388.2
1329140 2388.2
1329150 2389.0
1329160 2388.4
1329170 2387.4
1329180 2387.4
1329190 2384.8
1329200 2381.1
1329210 2381.1
1329220 2379.2
1329230 2379.1
1329240 2379.1
1329250 2379.3
1329260 2379.8
1329270 2379.8
1329280 2381.5
1329290 2382.6
1329300 2382.6
1329310 2384.4
1329320 2386.6
1329330 2386.6
1329340 2387.8
1329350 2389.1
1329360 2389.1
1329370 2391.2
1329380 2394.4
1329390 2397.7
1329400 2397.7
1329410 2400.3
1329420 2402.7
1329430 2402.7
1329440 2407.8
1329450 2416.0
1329460 2416.0
1329470 2423.8
1329480 2433.3
1329490 2433.3
1329500 2443.1
1329510 2449.5
1329520 2449.5
1329530 2454.6
1329540 2459.8
1329550 2459.8
1329560 2464.8
1329570 2469.7
1329580 2469.7
1329590 2474.6
1329600 2479.0
1329610 2483.6
1329620 2483.6
1329630 2487.9
1329640 2493.1
1329650 2493.1
1329660 2500.7
1329670 2509.1
1329680 2509.1
1329690 2518.4
1329700 2527.7
1329710 2527.7
1329720 2534.6
1329730 2541.1
1329740 2541.1
1329750 2547.3
1329760 2553.1
1329770 2553.1
1329780 2559.7
1329790 2566.7
1329800 2566.7
1329810 2570.6
1329820 2574.7
1329830 2579.4
1329840 2579.4
1329850 2584.6
1329860 2589.9
1329870 2589.9
1329880 2594.8
1329890 2598.8
1329900 2598.8
1329910 2601.6
1329920 2600.4
1329930 2600.4
1329940 2591.1
1329950 2575.3
1329960 2575.3
1329970 2552.5
1329980 2539.4
1329990 2539.4
1330000 2536.7
1330010 2535.3
1330020 2535.3
1330030 2534.0
1330040 2532.5
1330050 2529.5
1330060 2529.5
1330070 2527.9
1330080 2527.5
1330090 2527.5
1330100 2526.5
1330110 2525.2
1330120 2525.2
1330130 2523.7
1330140 2522.8
1330150 2522.8
1330160 2523.4
1330170 2525.0
1330180 2525.0
1330190 2525.9
1330200 2526.9
1330210 2526.9
1330220 2527.4
1330230 2527.8
1330240 2527.8
1330250 2529.4
1330260 2531.7
1330270 2532.4
1330280 2532.4
1330290 2533.5
1330300 2534.6
1330310 2534.6
1330320 2535.7
1330330 2537.1
1330340 2537.1
1330350 2538.4
1330360 2541.1
1330370 2541.1
1330380 2544.7
1330390 2547.6
1330400 2547.6
1330410 2548.8
1330420 2551.1
1330430 2551.1
1330440 2553.7
1330450 2555.8
1330460 2556.2
1330470 2556.2
1330480 2557.9
1330490 2559.8
1330500 2559.8
1330510 2562.2
1330520 2564.1
1330530 2564.1
1330540 2565.2
1330550 2566.8
1330560 2566.8
1330570 2567.8
1330580 2568.9
1330590 2568.9
1330600 2571.3
1330610 2568.5
1330620 2568.5
1330630 2569.5
1330640 2570.7
1330650 2570.7
1330660 2572.1
1330670 2573.1
1330680 2574.0
1330690 2574.0
1330700 2575.2
1330710 2575.8
1330720 2575.8
1330730 2576.9
1330740 2578.3
1330750 2578.3
1330760 2580.0
1330770 2582.1
1330780 2582.1
1330790 2585.1
1330800 2589.5
1330810 2589.5
1330820 2594.1
1330830 2598.8
1330840 2598.8
1330850 2604.1
1330860 2609.1
1330870 2609.1
1330880 2613.1
1330890 2615.8
1330900 2619.7
1330910 2619.7
1330920 2623.3
1330930 2627.3
1330940 2627.3
1330950 2632.2
1330960 2637.6
1330970 2637.6
1330980 2643.4
1330990 2647.4
1331000 2647.4
1331010 2648.4
1331020 2648.6
1331030 2648.6
1331040 2647.9
1331050 2646.3
1331060 2646.3
1331070 2648.9
1331080 2650.8
1331090 2650.8
1331100 2650.2
1331110 2648.7
1331120 2645.0
1331130 2645.0
1331140 2638.6
1331150 2635.5
1331160 2635.5
1331170 2637.9
1331180 2641.0
1331190 2641.0
1331200 2643.2
1331210 2645.1
1331220 2645.1
1331230 2648.4
1331240 2652.4
1331250 2652.4
1331260 2656.9
1331270 2660.3
1331280 2660.3
1331290 2662.6
1331300 2664.3
1331310 2664.3
1331320 2666.6
1331330 2669.6
1331340 2672.0
1331350 2672.0
1331360 2673.7
1331370 2676.1
1331380 2676.1
1331390 2677.8
1331400 2678.9
1331410 2678.9
1331420 2680.2
1331430 2682.1
1331440 2677.8
1331450 2681.8
1331460 2685.4
1331470 2685.4
1331480 2689.2
1331490 2693.0
1331500 2693.0
1331510 2696.9
1331520 2700.5
1331530 2700.5
1331540 2704.4
1331550 2708.5
1331560 2712.7
1331570 2712.7
1331580 2717.1
1331590 2721.5
1331600 2721.5
1331610 2726.3
1331620 2731.5
1331630 2731.5
1331640 2736.0
1331650 2740.1
1331660 2740.1
1331670 2745.7
1331680 2753.0
1331690 2753.0
1331700 2761.5
1331710 2772.7
1331720 2772.7
1331730 2786.2
1331740 2800.5
1331750 2800.5
1331760 2814.9
1331770 2827.1
1331780 2839.1
1331790 2839.1
1331800 2851.7
1331810 2861.9
1331820 2861.9
1331830 2871.6
1331840 2881.4
1331850 2881.4
1331860 2887.4
1331870 2892.1
1331880 2892.1
1331890 2896.3
1331900 2899.7
1331910 2899.7
1331920 2902.8
1331930 2906.1
1331940 2906.1
1331950 2908.9
1331960 2912.0
1331970 2912.0
1331980 2915.1
1331990 2917.5
1332000 2921.3
1332010 2921.3
1332020 2925.8
1332030 2930.8
1332040 2930.8
1332050 2937.9
1332060 2944.3
1332070 2944.3
1332080 2949.7
1332090 2953.6
1332100 2953.6
1332110 2954.3
1332120 2955.1
1332130 2955.1
1332140 2953.2
1332150 2944.9
1332160 2944.9
1332170 2939.3
1332180 2936.1
1332190 2936.1
1332200 2924.7
1332210 2913.5
1332220 2901.4
1332230 2901.4
1332240 2889.9
1332250 2874.3
1332260 2874.3
1332270 2858.9
1332280 2842.1
1332290 2842.1
1332300 2832.3
1332310 2826.6
1332320 2826.6
1332330 2817.4
1332340 2804.2
1332350 2804.2
1332360 2792.0
1332370 2786.6
1332380 2786.6
1332390 2774.7
1332400 2759.1
1332410 2759.1
1332420 2750.7
1332430 2740.6
1332440 2728.1
1332450 2728.1
1332460 2714.3
1332470 2701.4
1332480 2701.4
1332490 2691.9
1332500 2684.7
1332510 2684.7
1332520 2677.8
1332530 2671.3
1332540 2671.3
1332550 2665.3
1332560 2660.0
1332570 2660.0
1332580 2655.0
1332590 2650.3
1332600 2650.3
1332610 2646.5
1332620 2643.0
1332630 2643.0
1332640 2639.4
1332650 2635.3
1332660 2631.9
1332670 2631.9
1332680 2629.0
1332690 2625.5
1332700 2625.5
1332710 2622.1
1332720 2618.4
1332730 2618.4
1332740 2613.9
1332750 2609.6
1332760 2609.6
1332770 2605.8
1332780 2601.4
1332790 2601.4
1332800 2597.6
1332810 2595.8
1332820 2595.8
1332830 2594.0
1332840 2592.4
1332850 2592.4
1332860 2590.2
1332870 2588.9
1332880 2589.3
1332890 2589.3
1332900 2588.2
1332910 2585.7
1332920 2585.7
1332930 2582.2
1332940 2577.8
1332950 2577.8
1332960 2570.7
1332970 2556.5
1332980 2556.5
1332990 2548.6
1333000 2546.6
1333010 2546.6
1333020 2544.8
1333030 2543.6
1333040 2543.6
1333050 2543.1
1333060 2543.0
1333070 2543.0
1333080 2542.7
1333090 2542.6
1333100 2542.4
1333110 2542.4
1333120 2539.8
1333130 2537.4
1333140 2537.4
1333150 2533.4
1333160 2528.9
1333170 2528.9
1333180 2526.6
1333190 2524.9
1333200 2524.9
1333210 2523.7
1333220 2524.0
1333230 2524.0
1333240 2523.2
1333250 2520.4
1333260 2520.4
1333270 2515.8
1333280 2510.8
1333290 2510.8
1333300 2505.6
1333310 2501.1
1333320 2497.7
1333330 2497.7
1333340 2495.6
1333350 2494.0
1333360 2494.0
1333370 2491.7
1333380 2488.7
1333390 2488.7
1333400 2485.5
1333410 2483.6
1333420 2483.6
1333430 2483.0
1333440 2479.0
1333450 2479.0
1333460 2473.4
1333470 2467.9
1333480 2467.9
1333490 2463.0
1333500 2459.0
1333510 2459.0
1333520 2456.6
1333530 2455.7
1333540 2455.8
1333550 2455.8
1333560 2456.7
1333570 2458.5
1333580 2458.5
1333590 2458.4
1333600 2456.0
1333610 2456.0
1333620 2455.7
1333630 2456.4
1333640 2456.4
1333650 2457.2
1333660 2458.0
1333670 2458.0
1333680 2458.4
1333690 2458.4
1333700 2458.4
1333710 2457.6
1333720 2455.7
1333730 2455.7
1333740 2451.7
1333750 2446.9
1333760 2442.0
1333770 2442.0
1333780 2437.7
1333790 2434.9
1333800 2434.9
1333810 2433.3
1333820 2432.3
1333830 2432.3
1333840 2431.7
1333850 2431.2
1333860 2431.2
1333870 2431.1
1333880 2431.2
1333890 2431.2
1333900 2431.4
1333910 2431.6
1333920 2431.6
1333930 2431.8
1333940 2435.6
1333950 2435.1
1333960 2435.1
1333970 2433.4
1333980 2427.9
1333990 2427.9
1334000 2424.2
1334010 2422.6
1334020 2422.6
1334030 2421.0
1334040 2418.1
1334050 2418.1
1334060 2413.9
1334070 2409.1
1334080 2409.1
1334090 2404.2
1334100 2398.9
1334110 2398.9
1334120 2393.5
1334130 2387.8
1334140 2387.8
1334150 2381.8
1334160 2375.2
1334170 2368.8
1334180 2368.8
1334190 2363.0
1334200 2357.7
1334210 2357.7
1334220 2352.0
1334230 2345.5
1334240 2345.5
1334250 2339.3
1334260 2333.6
1334270 2333.6
1334280 2328.1
1334290 2322.4
1334300 2322.4
1334310 2317.2
1334320 2312.6
1334330 2312.6
1334340 2309.3
1334350 2307.5
1334360 2307.5
1334370 2306.5
1334380 2304.4
1334390 2302.1
1334400 2302.1
1334410 2300.2
1334420 2299.4
1334430 2299.4
1334440 2299.7
1334450 2298.6
1334460 2298.6
1334470 2296.3
1334480 2293.7
1334490 2293.7
1334500 2291.3
1334510 2287.8
1334520 2287.8
1334530 2284.4
1334540 2280.6
1334550 2280.6
1334560 2274.9
1334570 2268.1
1334580 2268.1
1334590 2261.6
1334600 2256.2
1334610 2249.8
1334620 2249.8
1334630 2243.2
1334640 2236.2
1334650 2236.2
1334660 2229.6
1334670 2223.2
1334680 2223.2
1334690 2216.0
1334700 2209.3
1334710 2209.3
1334720 2203.5
1334730 2199.7
1334740 2199.7
1334750 2194.5
1334760 2186.5
1334770 2186.5
1334780 2178.0
1334790 2172.3
1334800 2172.3
1334810 2166.2
1334820 2155.2
1334830 2139.0
1334840 2139.0
1334850 2127.6
1334860 2117.0
1334870 2117.0
1334880 2110.5
1334890 2105.1
1334900 2105.1
1334910 2099.6
1334920 2094.1
1334930 2094.1
1334940 2088.3
1334950 2082.0
1334960 2082.0
1334970 2075.9
1334980 2071.0
1334990 2071.0
1335000 2069.2
1335010 2070.3
1335020 2070.3
1335030 2070.6
1335040 2072.7
1335050 2071.6
1335060 2071.6
1335070 2068.3
1335080 2063.9
1335090 2063.9
1335100 2057.1
1335110 2051.1
1335120 2051.1
1335130 2047.4
1335140 2046.0
1335150 2046.0
1335160 2046.5
1335170 2044.2
1335180 2044.2
1335190 2036.7
1335200 2032.0
1335210 2032.0
1335220 2029.0
1335230 2025.2
1335240 2025.2
1335250 2021.0
1335260 2013.8
1335270 1998.8
1335280 1998.8
1335290 1991.5
1335300 1985.9
1335310 1985.9
1335320 1979.9
1335330 1966.7
1335340 1966.7
1335350 1950.1
1335360 1938.5
1335370 1938.5
1335380 1932.3
1335390 1930.4
1335400 1930.4
1335410 1931.7
1335420 1923.3
1335430 1923.3
1335440 1906.6
1335450 1896.0
1335460 1896.0
1335470 1888.2
1335480 1880.5
1335490 1872.8
1335500 1872.8
1335510 1865.0
1335520 1857.5
1335530 1857.5
1335540 1850.0
1335550 1842.4
1335560 1842.4
1335570 1834.9
1335580 1827.4
1335590 1827.4
1335600 1820.8
1335610 1815.1
1335620 1815.1
1335630 1812.8
1335640 1806.1
1335650 1806.1
1335660 1799.5
1335670 1793.3
1335680 1793.3
1335690 1787.6
1335700 1782.4
1335710 1777.1
1335720 1777.1
1335730 1771.3
1335740 1765.2
1335750 1765.2
1335760 1759.0
1335770 1754.0
1335780 1754.0
1335790 1750.0
1335800 1748.1
1335810 1748.1
1335820 1746.3
1335830 1745.5
1335840 1745.5
1335850 1744.5
1335860 1744.1
1335870 1744.1
1335880 1743.9
1335890 1743.6
1335900 1743.6
1335910 1743.5
1335920 1743.8
1335930 1744.2
1335940 1744.2
1335950 1745.2
1335960 1745.8
1335970 1745.8
1335980 1746.4
1335990 1747.6
1336000 1747.6
1336010 1749.4
1336020 1752.0
1336030 1752.0
1336040 1756.1
1336050 1758.9
1336060 1758.9
1336070 1761.4
1336080 1763.8
1336090 1763.8
1336100 1765.9
1336110 1768.5
1336120 1768.5
1336130 1772.0
1336140 1775.6
1336150 1779.0
1336160 1779.0
1336170 1783.0
1336180 1786.7
1336190 1786.7
1336200 1791.1
1336210 1795.7
1336220 1795.7
1336230 1801.2
1336240 1806.5
1336250 1806.5
1336260 1811.3
1336270 1816.4
1336280 1816.4
1336290 1821.4
1336300 1826.8
1336310 1826.8
1336320 1833.3
1336330 1839.5
1336340 1839.5
1336350 1845.6
1336360 1851.5
1336370 1856.1
1336380 1856.1
1336390 1860.3
1336400 1865.4
1336410 1865.4
1336420 1875.1
1336430 1892.2
1336440 1892.2
1336450 1903.6
1336460 1910.2
1336470 1910.2
1336480 1916.9
1336490 1918.7
1336500 1918.7
1336510 1926.3
1336520 1934.1
1336530 1934.1
1336540 1942.6
1336550 1952.8
1336560 1952.8
1336570 1965.8
1336580 1978.2
1336590 1988.7
1336600 1988.7
1336610 1998.1
1336620 2006.9
1336630 2006.9
1336640 2013.4
1336650 2018.6
1336660 2018.6
1336670 2025.6
1336680 2034.4
1336690 2034.4
1336700 2043.9
1336710 2051.9
1336720 2051.9
1336730 2058.9
1336740 2065.5
1336750 2065.5
1336760 2074.1
1336770 2085.9
1336780 2085.9
1336790 2096.5
1336800 2100.9
1336810 2106.2
1336820 2106.2
1336830 2113.2
1336840 2121.6
1336850 2121.6
1336860 2128.3
1336870 2136.2
1336880 2136.2
1336890 2144.6
1336900 2151.9
1336910 2151.9
1336920 2159.2
1336930 2167.8
1336940 2167.8
1336950 2175.0
1336960 2181.8
1336970 2181.8
1336980 2187.4
1336990 2192.5
1337000 2192.5
1337010 2198.9
1337020 2206.1
1337030 2211.0
1337040 2211.0
1337050 2213.7
1337060 2216.9
1337070 2216.9
1337080 2220.3
1337090 2223.0
1337100 2223.0
1337110 2226.2
1337120 2230.1
1337130 2230.1
1337140 2236.0
1337150 2243.2
1337160 2243.2
1337170 2250.0
1337180 2256.0
1337190 2256.0
1337200 2261.7
1337210 2267.0
1337220 2267.0
1337230 2272.1
1337240 2276.8
1337250 2281.3
1337260 2281.3
1337270 2285.5
1337280 2289.5
1337290 2289.5
1337300 2293.8
1337310 2298.0
1337320 2298.0
1337330 2301.2
1337340 2303.9
1337350 2303.0
1337360 2305.4
1337370 2307.5
1337380 2307.5
1337390 2309.4
1337400 2311.0
1337410 2311.0
1337420 2312.3
1337430 2314.2
1337440 2316.5
1337450 2316.5
1337460 2318.4
1337470 2321.0
1337480 2321.0
1337490 2324.1
1337500 2326.9
1337510 2326.9
1337520 2330.8
1337530 2335.7
1337540 2335.7
1337550 2342.7
1337560 2349.0
1337570 2349.0
1337580 2354.9
1337590 2360.4
1337600 2360.4
1337610 2364.2
1337620 2367.8
1337630 2367.8
1337640 2372.1
1337650 2375.3
1337660 2379.3
1337670 2379.3
1337680 2383.5
1337690 2387.3
1337700 2387.3
1337710 2390.8
1337720 2394.5
1337730 2394.5
1337740 2398.3
1337750 2402.3
1337760 2402.3
1337770 2406.5
1337780 2410.2
1337790 2410.2
1337800 2414.1
1337810 2417.7
1337820 2417.7
1337830 2420.3
1337840 2422.9
1337850 2422.9
1337860 2426.3
1337870 2430.1
1337880 2433.8
1337890 2433.8
1337900 2436.8
1337910 2440.2
1337920 2440.2
1337930 2443.5
1337940 2446.7
1337950 2446.7
1337960 2449.3
1337970 2451.3
1337980 2451.3
1337990 2454.1
1338000 2457.0
1338010 2457.0
1338020 2459.9
1338030 2463.1
1338040 2463.1
1338050 2466.8
1338060 2472.0
1338070 2472.0
1338080 2477.1
1338090 2482.6
1338100 2489.4
1338110 2489.4
1338120 2497.4
1338130 2501.9
1338140 2501.9
1338150 2505.5
1338160 2507.6
1338170 2507.6
1338180 2509.8
1338190 2512.2
1338200 2512.2
1338210 2513.8
1338220 2516.2
1338230 2516.2
1338240 2519.2
1338250 2523.0
1338260 2523.0
1338270 2527.2
1338280 2531.0
1338290 2531.0
1338300 2535.5
1338310 2540.1
1338320 2544.2
1338330 2544.2
1338340 2547.0
1338350 2551.1
1338360 2551.1
1338370 2555.1
1338380 2559.0
1338390 2559.0
1338400 2563.5
1338410 2568.7
1338420 2568.7
1338430 2574.0
1338440 2579.1
1338450 2579.1
1338460 2582.4
1338470 2586.2
1338480 2586.2
1338490 2589.2
1338500 2591.2
1338510 2591.2
1338520 2594.8
1338530 2598.9
1338540 2601.9
1338550 2601.9
1338560 2605.3
1338570 2607.0
1338580 2607.0
1338590 2607.3
1338600 2606.9
1338610 2606.9
1338620 2605.9
1338630 2606.4
1338640 2606.4
1338650 2608.6
1338660 2610.1
1338670 2610.1
1338680 2610.5
1338690 2611.2
1338700 2611.2
1338710 2613.0
1338720 2616.3
1338730 2616.3
1338740 2621.2
1338750 2625.8
1338760 2629.6
1338770 2629.6
1338780 2635.7
1338790 2639.2
1338800 2639.2
1338810 2642.8
1338820 2647.5
1338830 2647.5
1338840 2653.2
1338850 2658.5
1338860 2658.5
1338870 2663.9
1338880 2670.9
1338890 2670.9
1338900 2677.2
1338910 2682.6
1338920 2682.6
1338930 2688.8
1338940 2692.3
1338950 2692.3
1338960 2696.1
1338970 2700.0
1338980 2703.7
1338990 2703.7
1339000 2707.0
1339010 2712.3
1339020 2712.3
1339030 2718.1
1339040 2723.7
1339050 2723.7
1339060 2728.0
1339070 2731.7
1339080 2732.1
1339090 2735.8
1339100 2739.8
1339110 2739.8
1339120 2744.2
1339130 2749.3
1339140 2749.3
1339150 2755.6
1339160 2762.3
1339170 2762.3
1339180 2768.7
1339190 2773.9
1339200 2778.4
1339210 2778.4
1339220 2782.6
1339230 2787.0
1339240 2787.0
1339250 2791.5
1339260 2796.2
1339270 2796.2
1339280 2801.4
1339290 2807.0
1339300 2807.0
1339310 2813.2
1339320 2819.3
1339330 2819.3
1339340 2825.7
1339350 2832.4
1339360 2832.4
1339370 2839.4
1339380 2846.3
1339390 2846.3
1339400 2853.1
1339410 2859.6
1339420 2868.6
1339430 2868.6
1339440 2877.5
1339450 2890.5
1339460 2890.5
1339470 2908.7
1339480 2922.1
1339490 2922.1
1339500 2932.0
1339510 2942.6
1339520 2942.6
1339530 2959.5
1339540 2973.5
1339550 2973.5
1339560 2984.4
1339570 2993.8
1339580 2993.8
1339590 3002.5
1339600 3009.5
1339610 3009.5
1339620 3016.7
1339630 3023.2
1339640 3028.8
1339650 3028.8
1339660 3033.9
1339670 3039.4
1339680 3039.4
1339690 3045.6
1339700 3052.1
1339710 3052.1
1339720 3058.8
1339730 3065.6
1339740 3065.6
1339750 3071.9
1339760 3078.1
1339770 3078.1
1339780 3085.0
1339790 3092.6
1339800 3092.6
1339810 3089.0
1339820 3079.9
1339830 3079.9
1339840 3072.8
1339850 3066.5
1339860 3060.3
1339870 3060.3
1339880 3053.9
1339890 3049.1
1339900 3049.1
1339910 3045.3
1339920 3043.2
1339930 3043.2
1339940 3042.1
1339950 3043.2
1339960 3043.2
1339970 3038.4
1339980 3031.8
1339990 3031.8
