1320000 1696.4
1320010 1698.9
1320020 1705.5
1320030 1705.5
1320040 1714.5
1320050 1725.9
1320060 1737.7
1320070 1737.7
1320080 1750.3
1320090 1763.6
1320100 1763.6
1320110 1775.1
1320120 1785.2
1320130 1785.2
1320140 1796.8
1320150 1808.3
1320160 1808.3
1320170 1819.9
1320180 1832.6
1320190 1841.6
1320200 1852.7
1320210 1862.4
1320220 1862.4
1320230 1869.2
1320240 1872.5
1320250 1872.5
1320260 1873.6
1320270 1874.8
1320280 1873.7
1320290 1873.7
1320300 1877.5
1320310 1882.3
1320320 1882.3
1320330 1886.9
1320340 1895.6
1320350 1895.6
1320360 1905.5
1320370 1911.8
1320380 1911.8
1320390 1915.4
1320400 1923.2
1320410 1923.2
1320420 1931.2
1320430 1939.7
1320440 1939.7
1320450 1951.2
1320460 1963.7
1320470 1963.7
1320480 1972.3
1320490 1978.9
1320500 1987.8
1320510 1987.8
1320520 1996.6
1320530 2004.9
1320540 2004.9
1320550 2014.8
1320560 2026.5
1320570 2026.5
1320580 2037.9
1320590 2047.5
1320600 2047.5
1320610 2057.3
1320620 2068.0
1320630 2068.0
1320640 2076.8
1320650 2085.3
1320660 2085.3
1320670 2094.8
1320680 2102.7
1320690 2102.7
1320700 2110.6
1320710 2117.8
1320720 2123.7
1320730 2123.7
1320740 2130.5
1320750 2138.7
1320760 2138.7
1320770 2145.6
1320780 2154.2
1320790 2154.2
1320800 2161.7
1320810 2169.7
1320820 2169.7
1320830 2176.6
1320840 2183.0
1320850 2183.0
1320860 2189.0
1320870 2195.5
1320880 2195.5
1320890 2201.9
1320900 2206.3
1320910 2211.3
1320920 2211.3
1320930 2214.6
1320940 2220.0
1320950 2220.0
1320960 2226.7
1320970 2237.4
1320980 2237.4
1320990 2246.6
1321000 2255.4
1321010 2255.4
1321020 2263.3
1321030 2270.2
1321040 2270.2
1321050 2277.7
1321060 2285.6
1321070 2285.6
1321080 2293.6
1321090 2301.5
1321100 2301.5
1321110 2309.3
1321120 2316.8
1321130 2324.1
1321140 2324.1
1321150 2331.9
1321160 2340.6
1321170 2340.6
1321180 2347.5
1321190 2353.7
1321200 2353.7
1321210 2360.7
1321220 2367.9
1321230 2367.9
1321240 2376.3
1321250 2385.2
1321260 2385.2
1321270 2393.7
1321280 2402.3
1321290 2402.3
1321300 2410.9
1321310 2419.9
1321320 2419.9
1321330 2429.4
1321340 2440.5
1321350 2451.2
1321360 2451.2
1321370 2461.6
1321380 2472.2
1321390 2472.2
1321400 2484.4
1321410 2499.8
1321420 2499.8
1321430 2519.4
1321440 2531.1
1321450 2531.1
1321460 2531.5
1321470 2527.3
1321480 2527.3
1321490 2526.7
1321500 2528.0
1321510 2528.0
1321520 2530.3
1321530 2528.4
1321540 2528.4
1321550 2527.4
1321560 2529.7
1321570 2528.7
1321580 2528.7
1321590 2530.9
1321600 2536.4
1321610 2536.4
1321620 2542.5
1321630 2548.1
1321640 2548.1
1321650 2554.8
1321660 2560.9
1321670 2560.9
1321680 2563.2
1321690 2565.3
1321700 2565.3
1321710 2569.0
1321720 2573.1
1321730 2573.1
1321740 2568.9
1321750 2574.5
1321760 2574.5
1321770 2579.7
1321780 2585.0
1321790 2590.9
1321800 2590.9
1321810 2598.0
1321820 2604.3
1321830 2604.3
1321840 2609.8
1321850 2615.3
1321860 2615.3
1321870 2620.7
1321880 2627.3
1321890 2627.3
1321900 2635.7
1321910 2644.9
1321920 2644.9
1321930 2652.5
1321940 2647.8
1321950 2647.8
1321960 2637.0
1321970 2627.4
1321980 2627.4
1321990 2619.6
1322000 2612.3
1322010 2605.3
1322020 2605.3
1322030 2596.9
1322040 2588.0
1322050 2588.0
1322060 2573.2
1322070 2557.8
1322080 2557.8
1322090 2545.3
1322100 2530.9
1322110 2530.9
1322120 2516.9
1322130 2509.6
1322140 2509.6
1322150 2507.7
1322160 2507.0
1322170 2507.0
1322180 2504.7
1322190 2501.3
1322200 2501.3
1322210 2497.8
1322220 2495.3
1322230 2494.2
1322240 2494.2
1322250 2489.7
1322260 2488.8
1322270 2488.8
1322280 2485.5
1322290 2484.6
1322300 2484.6
1322310 2483.1
1322320 2478.7
1322330 2478.7
1322340 2476.9
1322350 2474.1
1322360 2474.1
1322370 2469.7
1322380 2464.8
1322390 2464.8
1322400 2460.2
1322410 2454.1
1322420 2454.1
1322430 2439.9
1322440 2428.4
1322450 2426.1
1322460 2426.1
1322470 2425.2
1322480 2423.9
1322490 2423.9
1322500 2422.7
1322510 2421.7
1322520 2427.1
1322530 2427.0
1322540 2426.1
1322550 2426.1
1322560 2425.0
1322570 2424.7
1322580 2424.7
1322590 2424.4
1322600 2424.3
1322610 2424.3
1322620 2425.0
1322630 2427.9
1322640 2427.9
1322650 2431.1
1322660 2437.5
1322670 2475.7
1322680 2475.7
1322690 2517.9
1322700 2534.1
1322710 2534.1
1322720 2543.2
1322730 2548.1
1322740 2548.1
1322750 2541.4
1322760 2518.3
1322770 2518.3
1322780 2499.1
1322790 2496.7
1322800 2496.7
1322810 2495.0
1322820 2493.3
1322830 2493.3
1322840 2491.1
1322850 2485.2
1322860 2485.2
1322870 2475.4
1322880 2469.5
1322890 2466.1
1322900 2466.1
1322910 2463.2
1322920 2461.0
1322930 2461.0
1322940 2464.1
1322950 2465.7
1322960 2465.7
1322970 2468.0
1322980 2472.0
1322990 2472.0
1323000 2477.9
1323010 2484.2
1323020 2484.2
1323030 2490.2
1323040 2499.0
1323050 2499.0
1323060 2501.5
1323070 2500.1
1323080 2500.1
1323090 2497.3
1323100 2494.1
1323110 2491.1
1323120 2491.1
1323130 2488.8
1323140 2486.3
1323150 2486.3
1323160 2483.7
1323170 2479.4
1323180 2479.4
1323190 2470.4
1323200 2452.4
1323210 2452.4
1323220 2427.6
1323230 2412.8
1323240 2412.8
1323250 2402.5
1323260 2393.1
1323270 2393.1
1323280 2387.1
1323290 2382.8
1323300 2388.8
1323310 2385.2
1323320 2383.9
1323330 2385.4
1323340 2385.4
1323350 2388.4
1323360 2390.1
1323370 2390.1
1323380 2394.8
1323390 2399.1
1323400 2399.1
1323410 2403.1
1323420 2406.7
1323430 2406.7
1323440 2412.9
1323450 2422.8
1323460 2422.8
1323470 2433.0
1323480 2438.5
1323490 2438.5
1323500 2441.2
1323510 2444.0
1323520 2444.0
1323530 2441.9
1323540 2438.2
1323550 2437.9
1323560 2437.9
1323570 2444.0
1323580 2443.8
1323590 2443.8
1323600 2435.7
1323610 2426.2
1323620 2426.2
1323630 2417.2
1323640 2408.2
1323650 2408.2
1323660 2398.3
1323670 2389.3
1323680 2389.3
1323690 2379.4
1323700 2368.6
1323710 2368.6
1323720 2359.7
1323730 2350.0
1323740 2350.0
1323750 2341.9
1323760 2331.9
1323770 2309.4
1323780 2309.4
1323790 2298.3
1323800 2295.3
1323810 2295.3
1323820 2290.4
1323830 2284.8
1323840 2284.8
1323850 2274.1
1323860 2261.7
1323870 2261.7
1323880 2251.8
1323890 2243.5
1323900 2243.5
1323910 2237.6
1323920 2235.5
1323930 2235.5
1323940 2233.2
1323950 2229.7
1323960 2229.7
1323970 2225.0
1323980 2219.8
1323990 2214.1
1324000 2214.1
1324010 2208.2
1324020 2201.8
1324030 2201.8
1324040 2195.5
1324050 2189.5
1324060 2189.5
1324070 2183.6
1324080 2177.9
1324090 2181.1
1324100 2175.4
1324110 2170.2
1324120 2170.2
1324130 2165.2
1324140 2161.0
1324150 2161.0
1324160 2157.4
1324170 2154.0
1324180 2154.0
1324190 2150.5
1324200 2146.6
1324210 2142.7
1324220 2142.7
1324230 2138.6
1324240 2134.6
1324250 2134.6
1324260 2130.4
1324270 2126.3
1324280 2126.3
1324290 2122.0
1324300 2117.9
1324310 2117.9
1324320 2113.9
1324330 2110.4
1324340 2110.4
1324350 2107.0
1324360 2103.6
1324370 2103.6
1324380 2100.2
1324390 2096.3
1324400 2096.3
1324410 2093.0
1324420 2090.1
1324430 2087.3
1324440 2087.3
1324450 2085.6
1324460 2083.8
1324470 2083.8
1324480 2081.9
1324490 2082.0
1324500 2082.0
1324510 2082.8
1324520 2081.3
1324530 2081.3
1324540 2078.0
1324550 2073.8
1324560 2073.8
1324570 2068.7
1324580 2066.0
1324590 2066.0
1324600 2062.9
1324610 2058.6
1324620 2058.6
1324630 2055.0
1324640 2052.5
1324650 2050.1
1324660 2050.1
1324670 2046.9
1324680 2042.9
1324690 2042.9
1324700 2040.8
1324710 2038.8
1324720 2038.8
1324730 2036.2
1324740 2032.8
1324750 2032.8
1324760 2027.7
1324770 2022.5
1324780 2022.5
1324790 2016.0
1324800 2010.0
1324810 2010.0
1324820 2004.5
1324830 1999.2
1324840 1999.2
1324850 1993.6
1324860 1986.1
1324870 1977.9
1324880 1974.2
1324890 1965.1
1324900 1956.9
1324910 1956.9
1324920 1945.9
1324930 1935.3
1324940 1935.3
1324950 1925.9
1324960 1916.3
1324970 1916.3
1324980 1906.5
1324990 1897.3
1325000 1897.3
1325010 1887.5
1325020 1877.7
1325030 1877.7
1325040 1869.0
1325050 1860.7
1325060 1860.7
1325070 1853.2
1325080 1845.6
1325090 1837.8
1325100 1837.8
1325110 1830.1
1325120 1822.2
1325130 1822.2
1325140 1815.0
1325150 1807.5
1325160 1807.5
1325170 1799.8
1325180 1792.6
1325190 1792.6
1325200 1786.7
1325210 1781.9
1325220 1781.9
1325230 1778.0
1325240 1776.3
1325250 1776.3
1325260 1774.2
1325270 1771.0
1325280 1771.0
1325290 1769.4
1325300 1771.4
1325310 1767.7
1325320 1767.7
1325330 1760.6
1325340 1757.0
1325350 1757.0
1325360 1755.6
1325370 1751.5
1325380 1751.5
1325390 1745.6
1325400 1740.8
1325410 1740.8
1325420 1737.5
1325430 1731.1
1325440 1731.1
1325450 1725.7
1325460 1723.7
1325470 1723.7
1325480 1719.1
1325490 1713.5
1325500 1713.5
1325510 1708.9
1325520 1704.9
1325530 1700.7
1325540 1700.7
1325550 1696.4
1325560 1692.1
1325570 1692.1
1325580 1687.4
1325590 1679.0
1325600 1679.0
1325610 1669.8
1325620 1661.3
1325630 1661.3
1325640 1652.1
1325650 1642.8
1325660 1642.8
1325670 1633.5
1325680 1622.3
1325690 1622.3
1325700 1607.1
1325710 1596.7
1325720 1596.7
1325730 1588.4
1325740 1580.1
1325750 1574.3
1325760 1574.3
1325770 1562.8
1325780 1547.8
1325790 1547.8
1325800 1530.6
1325810 1516.9
1325820 1516.9
1325830 1507.4
1325840 1499.3
1325850 1499.3
1325860 1492.9
1325870 1485.6
1325880 1485.6
1325890 1477.9
1325900 1468.4
1325910 1468.4
1325920 1457.9
1325930 1446.2
1325940 1435.8
1325950 1435.8
1325960 1429.0
1325970 1422.9
1325980 1422.9
1325990 1414.4
1326000 1405.2
1326010 1405.2
1326020 1397.6
1326030 1390.7
1326040 1390.7
1326050 1385.2
1326060 1381.4
1326070 1381.4
1326080 1377.6
1326090 1372.5
1326100 1372.5
1326110 1366.9
1326120 1362.1
1326130 1362.1
1326140 1357.3
1326150 1352.6
1326160 1348.1
1326170 1348.1
1326180 1343.7
1326190 1338.9
1326200 1338.9
1326210 1334.8
1326220 1331.9
1326230 1331.9
1326240 1331.0
1326250 1330.2
1326260 1330.2
1326270 1327.8
1326280 1325.1
1326290 1325.1
1326300 1323.2
1326310 1321.2
1326320 1321.2
1326330 1319.4
1326340 1317.6
1326350 1317.6
1326360 1315.5
1326370 1312.7
1326380 1310.5
1326390 1310.5
1326400 1308.8
1326410 1306.7
1326420 1306.7
1326430 1304.0
1326440 1301.5
1326450 1301.5
1326460 1299.1
1326470 1297.2
1326480 1299.1
1326490 1298.0
1326500 1299.0
1326510 1299.0
1326520 1298.0
1326530 1299.9
1326540 1299.9
1326550 1308.5
1326560 1315.3
1326570 1315.3
1326580 1319.8
1326590 1325.0
1326600 1329.1
1326610 1329.1
1326620 1334.3
1326630 1339.6
1326640 1339.6
1326650 1342.9
1326660 1346.6
1326670 1346.6
1326680 1351.5
1326690 1356.8
1326700 1356.8
1326710 1361.7
1326720 1366.7
1326730 1366.7
1326740 1371.8
1326750 1377.3
1326760 1377.3
1326770 1382.6
1326780 1388.5
1326790 1388.5
1326800 1395.2
1326810 1402.1
1326820 1408.9
1326830 1408.9
1326840 1416.2
1326850 1423.4
1326860 1423.4
1326870 1430.3
1326880 1437.3
1326890 1437.3
1326900 1444.1
1326910 1450.9
1326920 1450.9
1326930 1458.1
1326940 1465.1
1326950 1465.1
1326960 1472.5
1326970 1479.3
1326980 1479.3
1326990 1485.8
1327000 1492.2
1327010 1492.2
1327020 1498.1
1327030 1503.3
1327040 1509.3
1327050 1509.3
1327060 1516.7
1327070 1522.2
1327080 1522.2
1327090 1529.5
1327100 1543.0
1327110 1543.0
1327120 1558.8
1327130 1566.4
1327140 1566.4
1327150 1575.9
1327160 1587.9
1327170 1587.9
1327180 1601.8
1327190 1619.5
1327200 1619.5
1327210 1633.8
1327220 1644.5
1327230 1644.5
1327240 1659.0
1327250 1669.7
1327260 1676.4
1327270 1676.4
1327280 1689.2
1327290 1697.0
1327300 1697.0
1327310 1701.9
1327320 1706.6
1327330 1706.6
1327340 1713.7
1327350 1722.1
1327360 1722.1
1327370 1730.7
1327380 1738.5
1327390 1738.5
1327400 1746.7
1327410 1756.9
1327420 1756.9
1327430 1767.8
1327440 1777.9
1327450 1777.9
1327460 1787.9
1327470 1799.9
1327480 1811.0
1327490 1811.0
1327500 1821.2
1327510 1830.9
1327520 1830.9
1327530 1839.0
1327540 1846.7
1327550 1846.7
1327560 1855.1
1327570 1863.7
1327580 1863.7
1327590 1872.6
1327600 1881.3
1327610 1881.3
1327620 1890.1
1327630 1898.2
1327640 1898.2
1327650 1907.7
1327660 1916.3
1327670 1916.3
1327680 1924.7
1327690 1932.5
1327700 1942.1
1327710 1942.1
1327720 1951.4
1327730 1960.6
1327740 1960.6
1327750 1970.1
1327760 1978.0
1327770 1978.0
1327780 1984.7
1327790 1991.7
1327800 1991.7
1327810 1999.3
1327820 2007.7
1327830 2007.7
1327840 2017.3
1327850 2028.5
1327860 2028.5
1327870 2037.7
1327880 2048.4
1327890 2048.4
1327900 2057.7
1327910 2066.3
1327920 2074.5
1327930 2074.5
1327940 2081.3
1327950 2088.2
1327960 2088.2
1327970 2095.3
1327980 2100.0
1327990 2100.0
1328000 2103.1
1328010 2105.9
1328020 2105.9
1328030 2108.4
1328040 2110.9
1328050 2110.9
1328060 2113.3
1328070 2115.8
1328080 2115.8
1328090 2112.3
1328100 2115.3
1328110 2115.3
1328120 2118.2
1328130 2120.8
1328140 2123.8
1328150 2123.8
1328160 2126.7
1328170 2129.4
1328180 2129.4
1328190 2131.8
1328200 2134.3
1328210 2134.3
1328220 2137.1
1328230 2139.6
1328240 2139.6
1328250 2143.3
1328260 2146.0
1328270 2146.0
1328280 2148.5
1328290 2150.6
1328300 2150.6
1328310 2152.8
1328320 2155.0
1328330 2155.0
1328340 2157.6
1328350 2159.9
1328360 2162.9
1328370 2162.9
1328380 2166.1
1328390 2169.4
1328400 2169.4
1328410 2172.3
1328420 2172.9
1328430 2172.9
1328440 2173.0
1328450 2172.5
1328460 2172.5
1328470 2172.8
1328480 2174.4
1328490 2174.4
1328500 2174.8
1328510 2175.9
1328520 2175.9
1328530 2177.2
1328540 2177.8
1328550 2177.8
1328560 2178.3
1328570 2178.8
1328580 2179.9
1328590 2179.9
1328600 2181.8
1328610 2183.1
1328620 2183.1
1328630 2184.3
1328640 2186.0
1328650 2186.0
1328660 2188.8
1328670 2191.7
1328680 2191.7
1328690 2194.1
1328700 2196.3
1328710 2196.3
1328720 2198.7
1328730 2201.9
1328740 2201.9
1328750 2205.4
1328760 2209.2
1328770 2209.2
1328780 2213.0
1328790 2216.4
1328800 2219.8
1328810 2219.8
1328820 2223.9
1328830 2227.2
1328840 2227.2
1328850 2229.6
1328860 2231.9
1328870 2231.9
1328880 2234.0
1328890 2236.1
1328900 2240.5
1328910 2243.5
1328920 2246.9
1328930 2246.9
1328940 2250.3
1328950 2253.2
1328960 2253.2
1328970 2255.1
1328980 2257.1
1328990 2257.1
1329000 2259.8
1329010 2262.6
1329020 2265.9
1329030 2265.9
1329040 2269.3
1329050 2273.1
1329060 2273.1
1329070 2276.1
1329080 2278.7
1329090 2278.7
1329100 2282.5
1329110 2286.6
1329120 2286.6
1329130 2290.9
1329140 2295.5
1329150 2295.5
1329160 2299.5
1329170 2302.8
1329180 2302.8
1329190 2306.7
1329200 2310.8
1329210 2310.8
1329220 2314.6
1329230 2317.9
1329240 2321.1
1329250 2321.1
1329260 2324.9
1329270 2328.2
1329280 2328.2
1329290 2332.0
1329300 2335.4
1329310 2335.4
1329320 2339.4
1329330 2342.1
1329340 2342.1
1329350 2343.9
1329360 2345.8
1329370 2345.8
1329380 2346.9
1329390 2348.0
1329400 2348.0
1329410 2351.1
1329420 2354.4
1329430 2354.4
1329440 2357.8
1329450 2360.9
1329460 2364.1
1329470 2364.1
1329480 2366.3
1329490 2368.7
1329500 2368.7
1329510 2372.1
1329520 2374.9
1329530 2374.9
1329540 2378.8
1329550 2383.4
1329560 2383.4
1329570 2386.6
1329580 2389.8
1329590 2389.8
1329600 2393.7
1329610 2398.5
1329620 2398.5
1329630 2402.4
1329640 2406.5
1329650 2406.5
1329660 2410.7
1329670 2414.9
1329680 2418.7
1329690 2418.7
1329700 2421.6
1329710 2423.8
1329720 2429.6
1329730 2432.6
1329740 2437.4
1329750 2437.4
1329760 2453.2
1329770 2469.5
1329780 2469.5
1329790 2478.2
1329800 2483.6
1329810 2483.6
1329820 2489.9
1329830 2497.1
1329840 2497.1
1329850 2502.3
1329860 2506.8
1329870 2506.8
1329880 2511.9
1329890 2516.6
1329900 2521.6
1329910 2521.6
1329920 2528.2
1329930 2535.2
1329940 2535.2
1329950 2543.2
1329960 2551.3
1329970 2551.3
1329980 2558.8
1329990 2565.8
1330000 2565.8
1330010 2572.3
1330020 2577.9
1330030 2577.9
1330040 2583.2
1330050 2588.3
1330060 2588.3
1330070 2593.1
1330080 2597.6
1330090 2602.9
1330100 2602.9
1330110 2609.1
1330120 2617.5
1330130 2617.5
1330140 2627.2
1330150 2636.4
1330160 2636.4
1330170 2637.0
1330180 2628.1
1330190 2628.1
1330200 2614.5
1330210 2609.1
1330220 2609.1
1330230 2610.3
1330240 2610.2
1330250 2610.2
1330260 2607.3
1330270 2602.9
1330280 2602.9
1330290 2600.6
1330300 2598.5
1330310 2596.7
1330320 2596.7
1330330 2595.6
1330340 2595.2
1330350 2595.2
1330360 2594.6
1330370 2594.1
1330380 2594.1
1330390 2594.6
1330400 2594.9
1330410 2594.9
1330420 2595.7
1330430 2596.5
1330440 2596.5
1330450 2597.7
1330460 2599.5
1330470 2599.5
1330480 2601.5
1330490 2603.9
1330500 2603.9
1330510 2606.7
1330520 2608.7
1330530 2610.5
1330540 2604.5
1330550 2605.6
1330560 2606.9
1330570 2606.9
1330580 2608.8
1330590 2611.0
1330600 2611.0
1330610 2613.1
1330620 2615.2
1330630 2615.2
1330640 2617.0
1330650 2618.6
1330660 2618.6
1330670 2620.9
1330680 2623.7
1330690 2623.7
1330700 2626.1
1330710 2628.1
1330720 2628.1
1330730 2630.3
1330740 2633.0
1330750 2635.9
1330760 2635.9
1330770 2638.5
1330780 2640.8
1330790 2640.8
1330800 2642.3
1330810 2643.1
1330820 2643.1
1330830 2644.5
1330840 2647.9
1330850 2647.9
1330860 2650.3
1330870 2651.8
1330880 2651.8
1330890 2651.3
1330900 2653.6
1330910 2653.6
1330920 2658.2
1330930 2659.4
1330940 2659.4
1330950 2660.8
1330960 2664.7
1330970 2668.2
1330980 2668.2
1330990 2671.6
1331000 2675.6
1331010 2675.6
1331020 2676.1
1331030 2678.5
1331040 2678.5
1331050 2681.7
1331060 2685.4
1331070 2685.4
1331080 2690.3
1331090 2695.1
1331100 2695.1
1331110 2698.8
1331120 2702.3
1331130 2702.3
1331140 2706.0
1331150 2710.3
1331160 2710.3
1331170 2715.6
1331180 2721.4
1331190 2727.5
1331200 2727.5
1331210 2734.2
1331220 2741.7
1331230 2741.7
1331240 2750.0
1331250 2758.3
1331260 2758.3
1331270 2765.7
1331280 2773.3
1331290 2773.3
1331300 2779.5
1331310 2784.6
1331320 2784.6
1331330 2789.5
1331340 2794.7
1331350 2794.7
1331360 2800.1
1331370 2805.2
1331380 2805.2
1331390 2809.6
1331400 2814.6
1331410 2818.9
1331420 2818.9
1331430 2820.3
1331440 2815.8
1331450 2815.8
1331460 2811.7
1331470 2808.9
1331480 2808.9
1331490 2805.5
1331500 2802.2
1331510 2802.2
1331520 2799.6
1331530 2798.0
1331540 2798.0
1331550 2793.6
1331560 2789.4
1331570 2789.4
1331580 2785.1
1331590 2782.1
1331600 2782.1
1331610 2782.3
1331620 2785.7
1331630 2790.0
1331640 2790.0
1331650 2794.4
1331660 2798.9
1331670 2798.9
1331680 2802.8
1331690 2805.6
1331700 2805.6
1331710 2810.6
1331720 2821.6
1331730 2821.6
1331740 2833.2
1331750 2841.5
1331760 2841.5
1331770 2850.6
1331780 2858.0
1331790 2858.0
1331800 2864.7
1331810 2871.4
1331820 2871.4
1331830 2878.4
1331840 2887.1
1331850 2897.7
1331860 2897.7
1331870 2909.1
1331880 2920.4
1331890 2920.4
1331900 2933.7
1331910 2949.4
1331920 2949.4
1331930 2965.2
1331940 2972.7
1331950 2972.7
1331960 2977.7
1331970 2982.3
1331980 2982.3
1331990 2985.5
1332000 2982.2
1332010 2982.2
1332020 2969.0
1332030 2955.4
1332040 2955.4
1332050 2942.6
1332060 2929.5
1332070 2921.6
1332080 2921.6
1332090 2911.0
1332100 2898.9
1332110 2898.9
1332120 2886.3
1332130 2875.2
1332140 2875.2
1332150 2863.1
1332160 2850.5
1332170 2850.5
1332180 2833.5
1332190 2811.5
1332200 2810.7
1332210 2792.0
1332220 2775.7
1332230 2775.7
1332240 2760.6
1332250 2751.8
1332260 2751.8
1332270 2744.5
1332280 2737.5
1332290 2730.4
1332300 2730.4
1332310 2723.3
1332320 2716.9
1332330 2716.9
1332340 2711.5
1332350 2706.4
1332360 2706.4
1332370 2701.8
1332380 2698.1
1332390 2698.1
1332400 2695.6
1332410 2694.2
1332420 2694.2
1332430 2693.5
1332440 2687.0
1332450 2687.0
1332460 2667.4
1332470 2653.9
1332480 2653.9
1332490 2646.5
1332500 2639.5
1332510 2631.7
1332520 2631.7
1332530 2623.6
1332540 2617.9
1332550 2617.9
1332560 2613.9
1332570 2611.3
1332580 2611.3
1332590 2609.5
1332600 2608.1
1332610 2608.1
1332620 2606.3
1332630 2603.2
1332640 2603.2
1332650 2598.5
1332660 2593.8
1332670 2593.8
1332680 2589.2
1332690 2583.6
1332700 2583.6
1332710 2578.6
1332720 2574.7
1332730 2570.7
1332740 2570.7
1332750 2567.1
1332760 2564.6
1332770 2564.6
1332780 2562.1
1332790 2559.4
1332800 2559.4
1332810 2556.4
1332820 2553.0
1332830 2553.0
1332840 2549.5
1332850 2546.0
1332860 2546.0
1332870 2543.3
1332880 2541.7
1332890 2541.7
1332900 2539.0
1332910 2535.9
1332920 2535.9
1332930 2532.6
1332940 2529.4
1332950 2526.5
1332960 2526.5
1332970 2524.8
1332980 2525.2
1332990 2525.2
1333000 2523.2
1333010 2519.5
1333020 2519.5
1333030 2515.6
1333040 2511.1
1333050 2511.1
1333060 2508.9
1333070 2508.6
1333080 2508.6
1333090 2509.4
1333100 2510.6
1333110 2510.6
1333120 2511.2
1333130 2511.0
1333140 2511.0
1333150 2509.7
1333160 2507.7
1333170 2505.5
1333180 2505.5
1333190 2503.2
1333200 2501.1
1333210 2501.1
1333220 2499.4
1333230 2497.6
1333240 2497.6
1333250 2496.3
1333260 2495.8
1333270 2495.8
1333280 2495.4
1333290 2495.0
1333300 2495.0
1333310 2494.5
1333320 2494.2
1333330 2494.2
1333340 2493.8
1333350 2493.1
1333360 2493.1
1333370 2492.7
1333380 2492.4
1333390 2492.5
1333400 2492.5
1333410 2492.9
1333420 2493.2
1333430 2493.2
1333440 2493.4
1333450 2493.5
1333460 2493.5
1333470 2492.1
1333480 2487.0
1333490 2487.0
1333500 2481.4
1333510 2476.8
1333520 2476.8
1333530 2472.5
1333540 2468.5
1333550 2468.5
1333560 2464.8
1333570 2461.5
1333580 2461.5
1333590 2458.6
1333600 2455.7
1333610 2452.7
1333620 2452.7
1333630 2449.5
1333640 2446.5
1333650 2446.5
1333660 2443.4
1333670 2440.1
1333680 2440.1
1333690 2436.8
1333700 2433.4
1333710 2433.4
1333720 2430.3
1333730 2427.7
1333740 2427.7
1333750 2425.7
1333760 2424.2
1333770 2424.2
1333780 2422.4
1333790 2421.1
1333800 2421.1
1333810 2421.4
1333820 2422.5
1333830 2422.9
1333840 2422.9
1333850 2423.1
1333860 2419.1
1333870 2421.3
1333880 2416.7
1333890 2413.6
1333900 2413.6
1333910 2410.5
1333920 2406.8
1333930 2406.8
1333940 2401.9
1333950 2396.4
1333960 2396.4
1333970 2390.4
1333980 2383.6
1333990 2383.6
1334000 2376.2
1334010 2369.5
1334020 2369.5
1334030 2363.2
1334040 2356.7
1334050 2350.8
1334060 2350.8
1334070 2347.2
1334080 2345.1
1334090 2345.1
1334100 2343.1
1334110 2340.4
1334120 2340.4
1334130 2336.7
1334140 2332.7
1334150 2332.7
1334160 2329.3
1334170 2327.0
1334180 2327.0
1334190 2325.7
1334200 2322.1
1334210 2322.1
1334220 2316.6
1334230 2310.8
1334240 2305.1
1334250 2305.1
1334260 2299.4
1334270 2293.8
1334280 2293.8
1334290 2288.3
1334300 2282.6
1334310 2282.6
1334320 2277.1
1334330 2272.3
1334340 2272.3
1334350 2267.9
1334360 2263.9
1334370 2263.9
1334380 2259.8
1334390 2256.1
1334400 2256.1
1334410 2253.1
1334420 2250.2
1334430 2250.2
1334440 2246.9
1334450 2244.1
1334460 2241.7
1334470 2241.7
1334480 2238.1
1334490 2234.0
1334500 2234.0
1334510 2229.8
1334520 2225.1
1334530 2225.1
1334540 2221.3
1334550 2217.7
1334560 2217.7
1334570 2214.1
1334580 2208.9
1334590 2208.9
1334600 2202.7
1334610 2196.5
1334620 2196.5
1334630 2191.0
1334640 2185.5
1334650 2185.5
1334660 2179.6
1334670 2172.6
1334680 2166.6
1334690 2166.6
1334700 2162.1
1334710 2161.0
1334720 2161.0
1334730 2156.3
1334740 2150.6
1334750 2150.6
1334760 2145.8
1334770 2140.5
1334780 2140.5
1334790 2133.3
1334800 2125.2
1334810 2125.2
1334820 2119.6
1334830 2113.8
1334840 2113.8
1334850 2107.9
1334860 2103.0
1334870 2103.0
1334880 2098.7
1334890 2090.6
1334900 2079.1
1334910 2079.1
1334920 2068.8
1334930 2060.0
1334940 2060.0
1334950 2050.3
1334960 2042.3
1334970 2042.3
1334980 2035.2
1334990 2028.6
1335000 2028.6
1335010 2022.0
1335020 2015.2
1335030 2015.2
1335040 2007.9
1335050 2000.5
1335060 2000.5
1335070 1992.0
1335080 1982.9
1335090 1982.9
1335100 1974.1
1335110 1966.1
1335120 1959.3
1335130 1959.3
1335140 1955.6
1335150 1955.3
1335160 1955.3
1335170 1958.7
1335180 1963.1
1335190 1963.1
1335200 1961.2
1335210 1955.7
1335220 1955.7
1335230 1949.1
1335240 1941.5
1335250 1941.5
1335260 1933.6
1335270 1928.1
1335280 1928.1
1335290 1923.8
1335300 1917.8
1335310 1917.8
1335320 1911.3
1335330 1910.4
1335340 1912.8
1335350 1912.8
1335360 1905.7
1335370 1894.5
1335380 1894.5
1335390 1881.6
1335400 1871.9
1335410 1871.9
1335420 1865.3
1335430 1858.9
1335440 1858.9
1335450 1852.0
1335460 1845.7
1335470 1845.7
1335480 1839.0
1335490 1832.1
1335500 1832.1
1335510 1825.5
1335520 1820.7
1335530 1820.7
1335540 1818.6
1335550 1815.7
1335560 1813.6
1335570 1813.6
1335580 1807.4
1335590 1802.4
1335600 1802.4
1335610 1798.3
1335620 1793.9
1335630 1793.9
1335640 1788.8
1335650 1783.2
1335660 1783.2
1335670 1778.6
1335680 1773.8
1335690 1773.8
1335700 1770.9
1335710 1768.0
1335720 1768.0
1335730 1765.6
1335740 1762.7
1335750 1762.7
1335760 1759.6
1335770 1756.9
1335780 1754.1
1335790 1754.1
1335800 1751.3
1335810 1748.7
1335820 1748.7
1335830 1746.5
1335840 1745.2
1335850 1745.2
1335860 1744.4
1335870 1743.6
1335880 1743.6
1335890 1742.8
1335900 1742.3
1335910 1742.3
1335920 1741.8
1335930 1740.5
1335940 1740.5
1335950 1739.7
1335960 1740.2
1335970 1740.2
1335980 1740.0
1335990 1740.1
1336000 1743.2
1336010 1743.2
1336020 1748.0
1336030 1753.6
1336040 1753.6
1336050 1760.4
1336060 1766.5
1336070 1766.5
1336080 1772.4
1336090 1778.4
1336100 1778.4
1336110 1784.3
1336120 1790.2
1336130 1790.2
1336140 1796.4
1336150 1802.3
1336160 1802.3
1336170 1808.5
1336180 1815.5
1336190 1815.5
1336200 1822.4
1336210 1829.3
1336220 1835.9
1336230 1835.9
1336240 1842.7
1336250 1849.7
1336260 1849.7
1336270 1856.7
1336280 1862.8
1336290 1862.8
1336300 1868.6
1336310 1874.2
1336320 1874.2
1336330 1878.6
1336340 1882.4
1336350 1882.4
1336360 1889.5
1336370 1898.0
1336380 1898.0
1336390 1906.1
1336400 1914.8
1336410 1914.8
1336420 1916.9
1336430 1924.9
1336440 1934.6
1336450 1934.6
1336460 1943.5
1336470 1952.8
1336480 1952.8
1336490 1963.3
1336500 1972.3
1336510 1972.3
1336520 1981.9
1336530 1990.6
1336540 1990.6
1336550 1999.4
1336560 2008.3
1336570 2008.3
1336580 2016.5
1336590 2025.3
1336600 2025.3
1336610 2035.5
1336620 2042.9
1336630 2042.9
1336640 2049.2
1336650 2054.9
1336660 2058.0
1336670 2058.0
1336680 2061.0
1336690 2066.8
1336700 2066.8
1336710 2074.4
1336720 2082.4
1336730 2082.4
1336740 2089.9
1336750 2097.5
1336760 2097.5
1336770 2104.1
1336780 2111.1
1336790 2111.1
1336800 2120.0
1336810 2128.0
1336820 2128.0
1336830 2135.7
1336840 2142.0
1336850 2142.0
1336860 2147.7
1336870 2153.1
1336880 2159.5
1336890 2159.5
1336900 2165.1
1336910 2169.5
1336920 2169.5
1336930 2174.2
1336940 2179.3
1336950 2179.3
1336960 2185.1
1336970 2191.5
1336980 2191.5
1336990 2198.4
1337000 2205.3
1337010 2205.3
1337020 2211.7
1337030 2217.0
1337040 2217.0
1337050 2221.7
1337060 2226.6
1337070 2226.6
1337080 2230.7
1337090 2235.3
1337100 2239.9
1337110 2239.9
1337120 2243.8
1337130 2249.2
1337140 2249.2
1337150 2255.0
1337160 2259.2
1337170 2259.2
1337180 2264.9
1337190 2271.0
1337200 2271.0
1337210 2278.0
1337220 2286.5
1337230 2286.5
1337240 2295.5
1337250 2301.1
1337260 2301.1
1337270 2302.8
1337280 2309.8
1337290 2309.8
1337300 2314.8
1337310 2319.8
1337320 2326.6
1337330 2326.6
1337340 2333.1
1337350 2339.8
1337360 2339.8
1337370 2345.0
1337380 2350.0
1337390 2350.0
1337400 2354.7
1337410 2359.0
1337420 2359.0
1337430 2363.6
1337440 2367.8
1337450 2367.8
1337460 2370.9
1337470 2374.3
1337480 2374.3
1337490 2377.6
1337500 2381.0
1337510 2381.0
1337520 2385.1
1337530 2388.5
1337540 2391.9
1337550 2391.9
1337560 2395.5
1337570 2399.0
1337580 2399.0
1337590 2402.1
1337600 2405.1
1337610 2405.1
1337620 2408.6
1337630 2412.2
1337640 2412.2
1337650 2415.4
1337660 2418.8
1337670 2418.8
1337680 2422.3
1337690 2424.9
1337700 2424.9
1337710 2427.6
1337720 2430.7
1337730 2430.7
1337740 2433.2
1337750 2436.4
1337760 2439.3
1337770 2439.3
1337780 2442.0
1337790 2444.3
1337800 2444.3
1337810 2446.4
1337820 2449.2
1337830 2449.2
1337840 2453.1
1337850 2457.3
1337860 2457.3
1337870 2461.1
1337880 2465.1
1337890 2465.1
1337900 2469.3
1337910 2472.9
1337920 2472.9
1337930 2476.5
1337940 2480.0
1337950 2483.5
1337960 2483.5
1337970 2487.6
1337980 2491.7
1337990 2491.7
1338000 2495.8
1338010 2499.5
1338020 2499.5
1338030 2502.7
1338040 2505.7
1338050 2505.7
1338060 2509.5
1338070 2513.4
1338080 2513.4
1338090 2517.7
1338100 2522.1
1338110 2522.1
1338120 2526.2
1338130 2530.2
1338140 2528.6
1338150 2531.9
1338160 2533.7
1338170 2535.6
1338180 2535.6
1338190 2539.0
1338200 2542.5
1338210 2542.5
1338220 2545.8
1338230 2549.1
1338240 2549.1
1338250 2552.0
1338260 2555.2
1338270 2555.2
1338280 2559.1
1338290 2564.2
1338300 2564.2
1338310 2568.8
1338320 2572.4
1338330 2572.4
1338340 2574.5
1338350 2575.6
1338360 2575.6
1338370 2577.1
1338380 2579.1
1338390 2584.1
1338400 2584.1
1338410 2590.4
1338420 2596.0
1338430 2596.0
1338440 2599.8
1338450 2604.7
1338460 2604.7
1338470 2608.1
1338480 2611.5
1338490 2611.5
1338500 2616.3
1338510 2620.7
1338520 2620.7
1338530 2624.4
1338540 2625.8
1338550 2625.8
1338560 2626.6
1338570 2627.0
1338580 2627.0
1338590 2627.3
1338600 2628.9
1338610 2630.6
1338620 2630.6
1338630 2632.1
1338640 2633.2
1338650 2633.2
1338660 2633.8
1338670 2634.8
1338680 2634.8
1338690 2637.1
1338700 2641.3
1338710 2641.3
1338720 2648.4
1338730 2654.4
1338740 2654.4
1338750 2660.8
1338760 2666.7
1338770 2666.7
1338780 2670.1
1338790 2670.4
1338800 2670.4
1338810 2671.1
1338820 2673.3
1338830 2676.5
1338840 2676.5
1338850 2679.9
1338860 2682.8
1338870 2682.8
1338880 2685.3
1338890 2688.0
1338900 2688.0
1338910 2691.4
1338920 2695.2
1338930 2695.2
1338940 2699.5
1338950 2703.9
1338960 2703.9
1338970 2708.1
1338980 2712.5
1338990 2712.5
1339000 2717.6
1339010 2718.7
1339020 2718.7
1339030 2724.0
1339040 2729.3
1339050 2735.7
1339060 2735.7
1339070 2742.6
1339080 2749.7
1339090 2749.7
1339100 2756.5
1339110 2763.0
1339120 2763.0
1339130 2769.4
1339140 2776.1
1339150 2776.1
1339160 2781.8
1339170 2787.4
1339180 2787.4
1339190 2792.9
1339200 2798.5
1339210 2798.5
1339220 2804.3
1339230 2810.1
1339240 2810.1
1339250 2816.2
1339260 2823.2
1339270 2832.4
1339280 2832.4
1339290 2841.7
1339300 2851.3
1339310 2851.3
1339320 2863.0
1339330 2876.0
1339340 2876.0
1339350 2890.8
1339360 2897.0
1339370 2897.0
1339380 2915.2
1339390 2933.9
1339400 2933.9
1339410 2944.9
1339420 2958.6
1339430 2958.6
1339440 2966.5
1339450 2971.2
1339460 2971.2
1339470 2975.0
1339480 2977.2
1339490 2979.9
1339500 2979.9
1339510 2984.0
1339520 2989.1
1339530 2989.1
1339540 2994.7
1339550 3000.8
1339560 3000.8
1339570 3005.7
1339580 3011.7
1339590 3011.7
1339600 3017.9
1339610 3024.0
1339620 3024.0
1339630 3028.9
1339640 3025.5
1339650 3025.5
1339660 3013.1
1339670 3003.8
1339680 3003.8
1339690 2997.1
1339700 2990.8
1339710 2983.7
1339720 2983.7
1339730 2977.0
1339740 2971.8
1339750 2971.8
1339760 2968.0
1339770 2968.8
1339780 2968.8
1339790 2969.9
1339800 2971.5
1339810 2971.5
1339820 2973.4
1339830 2973.8
1339840 2973.8
1339850 2973.8
1339860 2973.3
1339870 2973.3
1339880 2987.2
1339890 2988.0
1339900 2988.0
1339910 2990.4
1339920 2993.6
1339930 2995.9
1339940 2995.9
1339950 2990.1
1339960 2981.1
1339970 2981.1
1339980 2971.7
1339990 2957.7
