1320000 2108.6
1320010 2114.4
1320020 2114.4
1320030 2119.2
1320040 2123.5
1320050 2129.7
1320060 2134.3
1320070 2140.4
1320080 2140.4
1320090 2146.6
1320100 2153.0
1320110 2153.0
1320120 2159.9
1320130 2167.0
1320140 2167.0
1320150 2173.5
1320160 2179.3
1320170 2186.7
1320180 2186.7
1320190 2194.8
1320200 2201.2
1320210 2201.2
1320220 2207.8
1320230 2220.3
1320240 2220.3
1320250 2232.3
1320260 2245.2
1320270 2245.2
1320280 2258.3
1320290 2266.3
1320300 2266.3
1320310 2271.0
1320320 2278.2
1320330 2278.2
1320340 2286.8
1320350 2296.9
1320360 2296.9
1320370 2307.4
1320380 2319.3
1320390 2329.9
1320400 2329.9
1320410 2337.5
1320420 2345.8
1320430 2345.8
1320440 2353.2
1320450 2360.5
1320460 2360.5
1320470 2366.1
1320480 2371.9
1320490 2371.9
1320500 2377.6
1320510 2380.0
1320520 2380.0
1320530 2381.7
1320540 2386.8
1320550 2386.8
1320560 2402.7
1320570 2417.4
1320580 2417.4
1320590 2429.9
1320600 2436.2
1320610 2443.0
1320620 2443.0
1320630 2449.7
1320640 2456.5
1320650 2456.5
1320660 2463.2
1320670 2468.9
1320680 2468.9
1320690 2473.3
1320700 2479.7
1320710 2479.7
1320720 2487.7
1320730 2496.7
1320740 2496.7
1320750 2504.5
1320760 2511.0
1320770 2511.0
1320780 2519.2
1320790 2527.2
1320800 2527.2
1320810 2536.8
1320820 2534.9
1320830 2536.2
1320840 2536.2
1320850 2537.5
1320860 2542.5
1320870 2542.5
1320880 2549.4
1320890 2556.7
1320900 2556.7
1320910 2565.1
1320920 2576.4
1320930 2576.4
1320940 2588.0
1320950 2602.7
1320960 2602.7
1320970 2613.5
1320980 2622.0
1320990 2622.0
1321000 2629.9
1321010 2637.9
1321020 2637.9
1321030 2646.2
1321040 2653.4
1321050 2660.4
1321060 2660.4
1321070 2668.8
1321080 2673.5
1321090 2673.5
1321100 2678.0
1321110 2680.5
1321120 2680.5
1321130 2687.6
1321140 2696.1
1321150 2696.1
1321160 2703.6
1321170 2705.5
1321180 2705.5
1321190 2708.4
1321200 2712.6
1321210 2712.6
1321220 2719.8
1321230 2727.3
1321240 2727.3
1321250 2735.4
1321260 2742.7
1321270 2742.7
1321280 2739.6
1321290 2740.8
1321300 2744.4
1321310 2744.4
1321320 2745.9
1321330 2749.6
1321340 2749.6
1321350 2749.7
1321360 2748.0
1321370 2748.0
1321380 2741.9
1321390 2727.1
1321400 2727.1
1321410 2715.6
1321420 2706.1
1321430 2706.1
1321440 2691.1
1321450 2684.2
1321460 2684.2
1321470 2682.7
1321480 2687.9
1321490 2687.9
1321500 2694.6
1321510 2704.3
1321520 2718.0
1321530 2718.0
1321540 2729.3
1321550 2730.4
1321560 2730.4
1321570 2717.7
1321580 2686.1
1321590 2686.1
1321600 2685.5
1321610 2646.9
1321620 2646.9
1321630 2617.0
1321640 2583.2
1321650 2583.2
1321660 2559.1
1321670 2540.0
1321680 2540.0
1321690 2529.4
1321700 2522.7
1321710 2522.7
1321720 2521.1
1321730 2522.3
1321740 2521.3
1321750 2521.3
1321760 2519.8
1321770 2516.7
1321780 2516.7
1321790 2512.3
1321800 2514.0
1321810 2514.0
1321820 2518.5
1321830 2523.1
1321840 2523.1
1321850 2528.0
1321860 2532.0
1321870 2532.0
1321880 2533.1
1321890 2531.7
1321900 2531.7
1321910 2531.3
1321920 2531.2
1321930 2531.2
1321940 2530.3
1321950 2529.1
1321960 2528.3
1321970 2528.3
1321980 2528.3
1321990 2529.4
1322000 2529.4
1322010 2532.2
1322020 2531.8
1322030 2531.8
1322040 2529.0
1322050 2521.5
1322060 2521.5
1322070 2509.1
1322080 2495.8
1322090 2495.8
1322100 2472.5
1322110 2454.7
1322120 2454.7
1322130 2444.0
1322140 2429.4
1322150 2429.4
1322160 2410.6
1322170 2403.6
1322180 2397.1
1322190 2397.1
1322200 2389.0
1322210 2376.3
1322220 2376.3
1322230 2362.2
1322240 2346.0
1322250 2346.0
1322260 2327.5
1322270 2318.9
1322280 2318.9
1322290 2309.3
1322300 2291.8
1322310 2291.8
1322320 2278.5
1322330 2270.3
1322340 2270.3
1322350 2264.8
1322360 2259.7
1322370 2259.7
1322380 2237.4
1322390 2230.0
1322400 2221.8
1322410 2221.8
1322420 2215.8
1322430 2211.4
1322440 2211.4
1322450 2206.6
1322460 2203.0
1322470 2203.0
1322480 2198.4
1322490 2193.9
1322500 2193.9
1322510 2184.0
1322520 2176.2
1322530 2176.2
1322540 2171.3
1322550 2167.0
1322560 2167.0
1322570 2163.2
1322580 2159.4
1322590 2159.4
1322600 2154.9
1322610 2149.7
1322620 2144.1
1322630 2144.1
1322640 2138.4
1322650 2133.5
1322660 2133.5
1322670 2128.7
1322680 2124.3
1322690 2124.3
1322700 2119.6
1322710 2114.5
1322720 2114.5
1322730 2108.2
1322740 2103.4
1322750 2103.4
1322760 2098.7
1322770 2092.3
1322780 2092.3
1322790 2086.6
1322800 2081.6
1322810 2081.6
1322820 2077.0
1322830 2071.7
1322840 2065.2
1322850 2065.2
1322860 2059.1
1322870 2053.0
1322880 2053.0
1322890 2048.2
1322900 2045.4
1322910 2045.4
1322920 2043.2
1322930 2041.6
1322940 2041.6
1322950 2037.0
1322960 2027.8
1322970 2027.8
1322980 2017.1
1322990 2008.0
1323000 2008.0
1323010 1997.5
1323020 1986.3
1323030 1986.3
1323040 1978.8
1323050 1971.0
1323060 1963.0
1323070 1963.0
1323080 1955.3
1323090 1947.7
1323100 1947.7
1323110 1942.3
1323120 1935.8
1323130 1935.8
1323140 1927.1
1323150 1919.5
1323160 1915.7
1323170 1908.5
1323180 1901.6
1323190 1901.6
1323200 1894.7
1323210 1887.1
1323220 1887.1
1323230 1883.5
1323240 1880.5
1323250 1880.5
1323260 1876.8
1323270 1870.7
1323280 1864.4
1323290 1864.4
1323300 1858.4
1323310 1852.4
1323320 1852.4
1323330 1846.2
1323340 1842.4
1323350 1842.4
1323360 1838.8
1323370 1833.1
1323380 1833.1
1323390 1826.3
1323400 1820.8
1323410 1820.8
1323420 1816.2
1323430 1811.6
1323440 1811.6
1323450 1808.4
1323460 1804.7
1323470 1804.7
1323480 1800.4
1323490 1796.4
1323500 1791.6
1323510 1791.6
1323520 1785.5
1323530 1779.1
1323540 1779.1
1323550 1773.8
1323560 1768.6
1323570 1768.6
1323580 1763.2
1323590 1758.1
1323600 1758.1
1323610 1752.9
1323620 1747.3
1323630 1747.3
1323640 1742.6
1323650 1737.0
1323660 1737.0
1323670 1730.5
1323680 1724.5
1323690 1724.5
1323700 1718.8
1323710 1714.4
1323720 1709.9
1323730 1709.9
1323740 1705.0
1323750 1700.7
1323760 1700.7
1323770 1696.4
1323780 1690.7
1323790 1690.7
1323800 1685.5
1323810 1681.3
1323820 1681.3
1323830 1676.0
1323840 1670.4
1323850 1670.4
1323860 1669.9
1323870 1670.9
1323880 1670.9
1323890 1671.1
1323900 1670.1
1323910 1670.1
1323920 1667.8
1323930 1666.1
1323940 1665.8
1323950 1668.6
1323960 1666.9
1323970 1665.5
1323980 1665.5
1323990 1666.0
1324000 1666.9
1324010 1666.9
1324020 1667.6
1324030 1667.6
1324040 1667.6
1324050 1667.5
1324060 1666.8
1324070 1666.8
1324080 1664.6
1324090 1661.4
1324100 1661.4
1324110 1658.0
1324120 1655.5
1324130 1655.5
1324140 1654.0
1324150 1653.0
1324160 1652.3
1324170 1652.3
1324180 1651.9
1324190 1652.0
1324200 1652.0
1324210 1652.7
1324220 1654.1
1324230 1654.1
1324240 1655.2
1324250 1655.1
1324260 1655.1
1324270 1654.1
1324280 1653.3
1324290 1653.3
1324300 1651.3
1324310 1648.0
1324320 1648.0
1324330 1643.8
1324340 1637.6
1324350 1637.6
1324360 1630.9
1324370 1624.7
1324380 1616.6
1324390 1616.6
1324400 1606.8
1324410 1597.0
1324420 1597.0
1324430 1587.3
1324440 1576.5
1324450 1576.5
1324460 1558.4
1324470 1538.7
1324480 1538.7
1324490 1512.1
1324500 1481.2
1324510 1481.2
1324520 1461.0
1324530 1445.5
1324540 1445.5
1324550 1436.7
1324560 1427.6
1324570 1427.6
1324580 1418.4
1324590 1410.3
1324600 1402.7
1324610 1402.7
1324620 1395.4
1324630 1389.5
1324640 1389.5
1324650 1385.8
1324660 1381.4
1324670 1381.4
1324680 1375.2
1324690 1367.7
1324700 1367.7
1324710 1360.8
1324720 1355.5
1324730 1355.5
1324740 1353.3
1324750 1346.5
1324760 1346.5
1324770 1339.9
1324780 1333.2
1324790 1333.2
1324800 1326.5
1324810 1320.2
1324820 1314.6
1324830 1314.6
1324840 1308.2
1324850 1302.3
1324860 1302.3
1324870 1296.6
1324880 1290.8
1324890 1290.8
1324900 1285.8
1324910 1279.9
1324920 1279.9
1324930 1272.9
1324940 1266.3
1324950 1266.3
1324960 1259.6
1324970 1253.2
1324980 1253.2
1324990 1247.0
1325000 1241.6
1325010 1241.6
1325020 1238.9
1325030 1237.5
1325040 1236.3
1325050 1236.3
1325060 1235.0
1325070 1233.3
1325080 1233.3
1325090 1231.9
1325100 1230.7
1325110 1230.7
1325120 1228.0
1325130 1225.9
1325140 1225.9
1325150 1224.6
1325160 1223.0
1325170 1223.0
1325180 1221.2
1325190 1219.2
1325200 1219.2
1325210 1217.4
1325220 1215.6
1325230 1215.6
1325240 1215.4
1325250 1214.7
1325260 1214.4
1325270 1214.4
1325280 1213.4
1325290 1212.3
1325300 1212.3
1325310 1212.0
1325320 1211.5
1325330 1211.5
1325340 1211.2
1325350 1211.4
1325360 1211.4
1325370 1211.5
1325380 1210.2
1325390 1210.2
1325400 1209.8
1325410 1210.9
1325420 1210.9
1325430 1211.6
1325440 1212.5
1325450 1212.5
1325460 1215.1
1325470 1216.1
1325480 1216.8
1325490 1216.8
1325500 1218.1
1325510 1218.2
1325520 1218.2
1325530 1220.1
1325540 1222.8
1325550 1222.8
1325560 1227.5
1325570 1233.5
1325580 1233.5
1325590 1238.5
1325600 1242.7
1325610 1242.7
1325620 1248.4
1325630 1253.7
1325640 1253.7
1325650 1259.2
1325660 1265.3
1325670 1265.3
1325680 1270.9
1325690 1277.0
1325700 1283.5
1325710 1283.5
1325720 1289.6
1325730 1295.7
1325740 1295.7
1325750 1300.2
1325760 1304.2
1325770 1304.2
1325780 1310.0
1325790 1316.5
1325800 1316.5
1325810 1330.4
1325820 1343.1
1325830 1343.1
1325840 1350.2
1325850 1357.1
1325860 1357.1
1325870 1365.3
1325880 1376.0
1325890 1376.0
1325900 1386.1
1325910 1393.8
1325920 1402.0
1325930 1402.0
1325940 1409.8
1325950 1417.2
1325960 1417.2
1325970 1425.1
1325980 1434.1
1325990 1434.1
1326000 1447.4
1326010 1459.0
1326020 1459.0
1326030 1472.1
1326040 1487.6
1326050 1487.6
1326060 1502.1
1326070 1514.0
1326080 1514.0
1326090 1526.2
1326100 1536.0
1326110 1536.0
1326120 1543.9
1326130 1551.8
1326140 1559.3
1326150 1559.3
1326160 1566.2
1326170 1574.1
1326180 1574.1
1326190 1582.7
1326200 1589.7
1326210 1589.7
1326220 1597.1
1326230 1605.2
1326240 1605.2
1326250 1613.8
1326260 1622.7
1326270 1622.7
1326280 1630.7
1326290 1637.3
1326300 1637.3
1326310 1642.3
1326320 1647.5
1326330 1647.5
1326340 1649.5
1326350 1658.1
1326360 1665.6
1326370 1665.6
1326380 1673.4
1326390 1682.6
1326400 1682.6
1326410 1692.4
1326420 1701.3
1326430 1701.3
1326440 1710.2
1326450 1718.2
1326460 1718.2
1326470 1727.4
1326480 1737.8
1326490 1737.8
1326500 1741.5
1326510 1740.2
1326520 1740.2
1326530 1737.9
1326540 1735.9
1326550 1735.9
1326560 1738.1
1326570 1740.9
1326580 1740.7
1326590 1740.7
1326600 1742.1
1326610 1748.8
1326620 1748.8
1326630 1767.7
1326640 1794.9
1326650 1794.9
1326660 1811.4
1326670 1827.5
1326680 1827.5
1326690 1829.3
1326700 1824.1
1326710 1824.1
1326720 1821.0
1326730 1814.4
1326740 1814.4
1326750 1802.7
1326760 1795.0
1326770 1795.0
1326780 1789.0
1326790 1776.2
1326800 1765.3
1326810 1765.3
1326820 1756.5
1326830 1754.4
1326840 1754.4
1326850 1752.7
1326860 1748.3
1326870 1748.3
1326880 1747.4
1326890 1746.0
1326900 1746.0
1326910 1746.2
1326920 1749.0
1326930 1749.0
1326940 1751.2
1326950 1751.9
1326960 1751.9
1326970 1752.4
1326980 1752.7
1326990 1752.7
1327000 1752.3
1327010 1751.1
1327020 1748.6
1327030 1748.6
1327040 1746.4
1327050 1745.4
1327060 1745.4
1327070 1747.4
1327080 1749.5
1327090 1749.5
1327100 1750.7
1327110 1753.8
1327120 1753.8
1327130 1755.0
1327140 1748.2
1327150 1748.2
1327160 1747.7
1327170 1748.1
1327180 1748.1
1327190 1749.3
1327200 1749.3
1327210 1749.3
1327220 1749.9
1327230 1751.6
1327240 1752.5
1327250 1752.5
1327260 1753.7
1327270 1754.1
1327280 1754.1
1327290 1753.9
1327300 1754.7
1327310 1754.7
1327320 1756.8
1327330 1759.5
1327340 1759.5
1327350 1762.3
1327360 1765.5
1327370 1765.5
1327380 1767.6
1327390 1766.6
1327400 1766.6
1327410 1769.2
1327420 1777.0
1327430 1777.0
1327440 1784.5
1327450 1789.0
1327460 1793.4
1327470 1793.4
1327480 1798.4
1327490 1802.9
1327500 1802.9
1327510 1807.3
1327520 1813.0
1327530 1813.0
1327540 1819.7
1327550 1825.6
1327560 1825.6
1327570 1832.2
1327580 1842.0
1327590 1842.0
1327600 1848.4
1327610 1852.1
1327620 1852.1
1327630 1855.0
1327640 1859.1
1327650 1859.1
1327660 1865.5
1327670 1872.6
1327680 1877.9
1327690 1877.9
1327700 1883.9
1327710 1892.4
1327720 1892.4
1327730 1896.5
1327740 1897.8
1327750 1897.8
1327760 1901.3
1327770 1904.7
1327780 1904.7
1327790 1910.2
1327800 1916.1
1327810 1916.1
1327820 1921.6
1327830 1927.3
1327840 1927.3
1327850 1933.6
1327860 1939.5
1327870 1939.5
1327880 1944.2
1327890 1948.7
1327900 1953.1
1327910 1953.1
1327920 1959.2
1327930 1966.8
1327940 1966.8
1327950 1974.6
1327960 1979.0
1327970 1979.0
1327980 1982.6
1327990 1987.0
1328000 1987.0
1328010 1992.3
1328020 1998.4
1328030 1998.4
1328040 2002.6
1328050 2007.1
1328060 2007.1
1328070 2011.7
1328080 2016.7
1328090 2016.7
1328100 2022.9
1328110 2029.1
1328120 2034.6
1328130 2034.6
1328140 2039.5
1328150 2045.3
1328160 2045.3
1328170 2051.8
1328180 2057.8
1328190 2057.8
1328200 2064.4
1328210 2071.3
1328220 2071.3
1328230 2077.4
1328240 2083.0
1328250 2083.0
1328260 2088.7
1328270 2094.4
1328280 2094.4
1328290 2099.7
1328300 2105.1
1328310 2105.1
1328320 2108.8
1328330 2112.7
1328340 2117.5
1328350 2117.5
1328360 2122.5
1328370 2125.2
1328380 2125.2
1328390 2127.2
1328400 2130.2
1328410 2130.2
1328420 2133.6
1328430 2137.0
1328440 2137.0
1328450 2140.7
1328460 2144.2
1328470 2144.2
1328480 2148.7
1328490 2154.7
1328500 2154.7
1328510 2160.2
1328520 2164.4
1328530 2164.4
1328540 2168.4
1328550 2172.4
1328560 2176.7
1328570 2176.7
1328580 2181.0
1328590 2185.6
1328600 2185.6
1328610 2189.0
1328620 2192.4
1328630 2192.4
1328640 2196.8
1328650 2201.7
1328660 2201.7
1328670 2205.6
1328680 2207.5
1328690 2207.5
1328700 2209.7
1328710 2211.3
1328720 2211.3
1328730 2212.3
1328740 2214.4
1328750 2214.4
1328760 2219.0
1328770 2222.8
1328780 2226.0
1328790 2226.0
1328800 2230.5
1328810 2236.2
1328820 2236.2
1328830 2239.2
1328840 2241.5
1328850 2241.5
1328860 2243.3
1328870 2244.8
1328880 2244.8
1328890 2246.2
1328900 2248.2
1328910 2248.2
1328920 2250.1
1328930 2252.8
1328940 2252.8
1328950 2255.4
1328960 2258.7
1328970 2258.7
1328980 2262.3
1328990 2265.5
1329000 2268.0
1329010 2268.0
1329020 2271.0
1329030 2274.5
1329040 2274.5
1329050 2278.2
1329060 2281.1
1329070 2281.1
1329080 2284.2
1329090 2287.5
1329100 2287.5
1329110 2291.0
1329120 2294.4
1329130 2294.4
1329140 2297.1
1329150 2299.4
1329160 2299.4
1329170 2301.9
1329180 2304.3
1329190 2304.3
1329200 2306.5
1329210 2307.9
1329220 2309.3
1329230 2309.3
1329240 2311.1
1329250 2313.3
1329260 2313.3
1329270 2316.4
1329280 2320.0
1329290 2320.0
1329300 2323.7
1329310 2327.4
1329320 2327.4
1329330 2331.1
1329340 2334.7
1329350 2334.7
1329360 2337.5
1329370 2340.2
1329380 2340.2
1329390 2343.3
1329400 2346.8
1329410 2346.8
1329420 2351.7
1329430 2357.0
1329440 2361.4
1329450 2361.4
1329460 2365.6
1329470 2369.1
1329480 2369.1
1329490 2372.5
1329500 2375.6
1329510 2375.6
1329520 2378.7
1329530 2382.0
1329540 2382.0
1329550 2385.4
1329560 2388.5
1329570 2388.5
1329580 2392.8
1329590 2395.8
1329600 2395.8
1329610 2398.3
1329620 2401.2
1329630 2401.2
1329640 2405.1
1329650 2408.3
1329660 2410.7
1329670 2410.7
1329680 2412.6
1329690 2414.5
1329700 2414.5
1329710 2416.4
1329720 2418.3
1329730 2418.3
1329740 2420.2
1329750 2422.6
1329760 2422.6
1329770 2425.1
1329780 2428.0
1329790 2428.0
1329800 2430.8
1329810 2434.3
1329820 2434.3
1329830 2438.3
1329840 2442.0
1329850 2442.0
1329860 2445.5
1329870 2449.4
1329880 2453.8
1329890 2453.8
1329900 2458.3
1329910 2463.2
1329920 2463.2
1329930 2469.0
1329940 2475.7
1329950 2475.7
1329960 2481.9
1329970 2487.8
1329980 2487.8
1329990 2491.8
1330000 2494.6
1330010 2494.6
1330020 2496.7
1330030 2499.7
1330040 2499.7
1330050 2503.4
1330060 2508.3
1330070 2508.3
1330080 2513.4
1330090 2517.7
1330100 2521.9
1330110 2521.9
1330120 2525.7
1330130 2529.5
1330140 2529.5
1330150 2532.9
1330160 2536.8
1330170 2536.8
1330180 2541.3
1330190 2546.5
1330200 2546.5
1330210 2551.6
1330220 2556.7
1330230 2556.7
1330240 2560.9
1330250 2564.2
1330260 2564.2
1330270 2566.7
1330280 2569.6
1330290 2569.6
1330300 2572.8
1330310 2575.7
1330320 2575.7
1330330 2578.7
1330340 2582.1
1330350 2585.8
1330360 2585.8
1330370 2589.9
1330380 2595.0
1330390 2595.0
1330400 2598.2
1330410 2602.2
1330420 2602.2
1330430 2606.1
1330440 2610.6
1330450 2610.6
1330460 2615.7
1330470 2621.0
1330480 2621.0
1330490 2626.0
1330500 2631.4
1330510 2631.4
1330520 2637.2
1330530 2643.3
1330540 2643.3
1330550 2649.9
1330560 2656.5
1330570 2663.2
1330580 2663.2
1330590 2670.3
1330600 2677.4
1330610 2677.4
1330620 2684.5
1330630 2691.6
1330640 2691.6
1330650 2698.8
1330660 2706.2
1330670 2706.2
1330680 2713.3
1330690 2720.2
1330700 2720.2
1330710 2726.7
1330720 2731.9
1330730 2731.9
1330740 2736.1
1330750 2743.3
1330760 2743.3
1330770 2750.1
1330780 2757.1
1330790 2764.7
1330800 2764.7
1330810 2772.6
1330820 2780.6
1330830 2780.6
1330840 2788.7
1330850 2797.1
1330860 2797.1
1330870 2806.7
1330880 2814.9
1330890 2814.9
1330900 2822.8
1330910 2830.0
1330920 2830.0
1330930 2838.6
1330940 2850.2
1330950 2850.2
1330960 2863.9
1330970 2876.0
1330980 2876.0
1330990 2891.0
1331000 2914.6
1331010 2938.8
1331020 2938.8
1331030 2957.1
1331040 2971.4
1331050 2971.4
1331060 2983.9
1331070 2994.2
1331080 2994.2
1331090 3001.0
1331100 3005.6
1331110 3005.6
1331120 3018.1
1331130 3027.3
1331140 3027.3
1331150 3018.8
1331160 3002.4
1331170 3002.4
1331180 2992.2
1331190 2985.1
1331200 2985.1
1331210 2978.2
1331220 2969.3
1331230 2961.5
1331240 2961.5
1331250 2954.4
1331260 2949.5
1331270 2949.5
1331280 2943.1
1331290 2936.3
1331300 2936.3
1331310 2931.0
1331320 2925.9
1331330 2925.9
1331340 2921.3
1331350 2916.6
1331360 2916.6
1331370 2911.0
1331380 2905.1
1331390 2905.1
1331400 2899.8
1331410 2895.0
1331420 2895.0
1331430 2889.9
1331440 2885.1
1331450 2881.7
1331460 2881.7
1331470 2878.9
1331480 2874.7
1331490 2874.7
1331500 2869.3
1331510 2863.6
1331520 2863.6
1331530 2858.3
1331540 2852.5
1331550 2852.5
1331560 2846.9
1331570 2841.7
1331580 2841.7
1331590 2836.6
1331600 2831.6
1331610 2831.6
1331620 2827.1
1331630 2822.9
1331640 2822.9
1331650 2818.5
1331660 2813.9
1331670 2809.7
1331680 2809.7
1331690 2805.7
1331700 2800.8
1331710 2800.8
1331720 2795.9
1331730 2791.3
1331740 2791.3
1331750 2786.4
1331760 2781.3
1331770 2781.3
1331780 2776.7
1331790 2772.4
1331800 2772.4
1331810 2768.3
1331820 2763.4
1331830 2763.4
1331840 2758.3
1331850 2752.9
1331860 2752.9
1331870 2747.0
1331880 2741.3
1331890 2735.9
1331900 2735.9
1331910 2730.3
1331920 2724.8
1331930 2724.8
1331940 2718.4
1331950 2710.6
1331960 2710.6
1331970 2704.7
1331980 2702.6
1331990 2702.6
1332000 2701.1
1332010 2698.2
1332020 2698.2
1332030 2693.0
1332040 2687.3
1332050 2682.8
1332060 2677.5
1332070 2673.3
1332080 2673.3
1332090 2669.9
1332100 2668.4
1332110 2661.9
1332120 2661.9
1332130 2645.7
1332140 2631.5
1332150 2631.5
1332160 2622.4
1332170 2615.8
1332180 2615.8
1332190 2603.4
1332200 2596.8
1332210 2596.8
1332220 2592.9
1332230 2587.3
1332240 2587.3
1332250 2581.5
1332260 2576.0
1332270 2576.0
1332280 2570.6
1332290 2565.4
1332300 2565.4
1332310 2560.6
1332320 2556.0
1332330 2551.7
1332340 2551.7
1332350 2548.0
1332360 2544.2
1332370 2544.2
1332380 2540.9
1332390 2537.2
1332400 2537.2
1332410 2533.9
1332420 2530.4
1332430 2530.4
1332440 2526.7
1332450 2522.8
1332460 2522.8
1332470 2518.7
1332480 2514.5
1332490 2514.5
1332500 2510.7
1332510 2506.7
1332520 2506.7
1332530 2502.6
1332540 2498.6
1332550 2494.3
1332560 2494.3
1332570 2490.3
1332580 2486.7
1332590 2486.7
1332600 2483.7
1332610 2480.7
1332620 2480.7
1332630 2477.3
1332640 2473.2
1332650 2473.2
1332660 2468.8
1332670 2464.5
1332680 2464.5
1332690 2459.8
1332700 2456.0
1332710 2456.0
1332720 2453.5
1332730 2451.0
1332740 2451.0
1332750 2448.4
1332760 2445.2
1332770 2441.6
1332780 2441.6
1332790 2437.8
1332800 2433.8
1332810 2433.8
1332820 2430.2
1332830 2427.1
1332840 2427.1
1332850 2425.6
1332860 2423.9
1332870 2423.9
1332880 2422.4
1332890 2425.2
1332900 2425.2
1332910 2423.7
1332920 2421.3
1332930 2421.3
1332940 2415.7
1332950 2409.6
1332960 2409.6
1332970 2404.2
1332980 2399.5
1332990 2395.5
1333000 2395.5
1333010 2392.1
1333020 2389.8
1333030 2389.8
1333040 2386.6
1333050 2383.1
1333060 2383.1
1333070 2380.0
1333080 2377.1
1333090 2377.1
1333100 2374.0
1333110 2371.1
1333120 2371.1
1333130 2368.0
1333140 2364.7
1333150 2364.7
1333160 2360.8
1333170 2356.6
1333180 2356.6
1333190 2352.8
1333200 2348.4
1333210 2344.3
1333220 2344.3
1333230 2340.1
1333240 2336.5
1333250 2336.5
1333260 2332.4
1333270 2328.4
1333280 2328.4
1333290 2324.5
1333300 2320.0
1333310 2320.0
1333320 2315.1
1333330 2309.6
1333340 2309.6
1333350 2304.1
1333360 2298.5
1333370 2298.5
1333380 2293.5
1333390 2289.4
1333400 2289.4
1333410 2285.2
1333420 2280.8
1333430 2276.2
1333440 2276.2
1333450 2271.8
1333460 2267.2
1333470 2267.2
1333480 2262.8
1333490 2258.0
1333500 2258.0
1333510 2253.0
1333520 2249.1
1333530 2249.1
1333540 2245.7
1333550 2241.4
1333560 2241.4
1333570 2237.3
1333580 2233.3
1333590 2233.3
1333600 2228.4
1333610 2225.1
1333620 2225.1
1333630 2220.0
1333640 2213.4
1333650 2206.3
1333660 2206.3
1333670 2199.5
1333680 2193.6
1333690 2193.6
1333700 2189.7
1333710 2184.5
1333720 2187.6
1333730 2181.5
1333740 2176.9
1333750 2176.9
1333760 2171.9
1333770 2166.1
1333780 2166.1
1333790 2159.1
1333800 2152.2
1333810 2152.2
1333820 2145.7
1333830 2139.4
1333840 2139.4
1333850 2131.3
1333860 2121.4
1333870 2111.8
1333880 2111.8
1333890 2101.5
1333900 2091.2
1333910 2091.2
1333920 2082.0
1333930 2076.1
1333940 2076.1
1333950 2069.8
1333960 2061.9
1333970 2061.9
1333980 2050.8
1333990 2039.2
1334000 2039.2
1334010 2028.4
1334020 2018.8
1334030 2018.8
1334040 2010.9
1334050 2000.7
1334060 2000.7
1334070 1992.1
1334080 1984.9
1334090 1978.7
1334100 1978.7
1334110 1973.0
1334120 1966.6
1334130 1966.6
1334140 1961.0
1334150 1955.7
1334160 1955.7
1334170 1950.1
1334180 1944.6
1334190 1944.6
1334200 1939.2
1334210 1932.9
1334220 1932.9
1334230 1927.4
1334240 1923.2
1334250 1923.2
1334260 1919.4
1334270 1915.4
1334280 1915.4
1334290 1911.0
1334300 1906.1
1334310 1906.0
1334320 1906.0
1334330 1907.3
1334340 1909.6
1334350 1909.6
1334360 1910.2
1334370 1911.1
1334380 1911.1
1334390 1912.0
1334400 1912.2
1334410 1912.2
1334420 1910.2
1334430 1908.9
1334440 1908.9
1334450 1907.1
1334460 1904.7
1334470 1904.7
1334480 1901.6
1334490 1897.4
1334500 1897.4
1334510 1893.2
1334520 1890.3
1334530 1886.6
1334540 1886.6
1334550 1880.7
1334560 1875.8
1334570 1882.3
1334580 1878.2
1334590 1873.3
1334600 1873.3
1334610 1868.2
1334620 1861.8
1334630 1861.8
1334640 1855.8
1334650 1851.1
1334660 1851.1
1334670 1847.6
1334680 1843.8
1334690 1843.8
1334700 1838.4
1334710 1829.6
1334720 1829.6
1334730 1821.7
1334740 1817.1
1334750 1814.3
1334760 1814.3
1334770 1813.6
1334780 1807.2
1334790 1807.2
1334800 1800.5
1334810 1792.3
1334820 1792.3
1334830 1784.3
1334840 1776.7
1334850 1776.7
1334860 1770.6
1334870 1765.5
1334880 1765.5
1334890 1761.4
1334900 1757.1
1334910 1757.1
1334920 1752.4
1334930 1747.3
1334940 1747.3
1334950 1741.8
1334960 1735.3
1334970 1729.3
1334980 1729.3
1334990 1723.5
1335000 1717.4
1335010 1717.4
1335020 1711.5
1335030 1705.6
1335040 1705.6
1335050 1700.0
1335060 1694.5
1335070 1694.5
1335080 1688.6
1335090 1682.3
1335100 1682.3
1335110 1676.0
1335120 1669.6
1335130 1669.6
1335140 1662.8
1335150 1656.2
1335160 1656.2
1335170 1650.3
1335180 1645.0
1335190 1639.7
1335200 1639.7
1335210 1635.0
1335220 1629.1
1335230 1629.1
1335240 1625.2
1335250 1626.7
1335260 1626.7
1335270 1628.6
1335280 1629.8
1335290 1629.8
1335300 1630.0
1335310 1630.6
1335320 1630.6
1335330 1631.8
1335340 1633.8
1335350 1633.8
1335360 1636.0
1335370 1638.4
1335380 1638.4
1335390 1641.2
1335400 1644.3
1335410 1646.8
1335420 1646.6
1335430 1649.5
1335440 1652.1
1335450 1652.1
1335460 1654.8
1335470 1657.8
1335480 1657.8
1335490 1661.1
1335500 1665.0
1335510 1665.0
1335520 1669.1
1335530 1673.9
1335540 1673.9
1335550 1678.6
1335560 1683.6
1335570 1683.6
1335580 1688.2
1335590 1692.6
1335600 1692.6
1335610 1696.0
1335620 1699.6
1335630 1703.2
1335640 1703.2
1335650 1708.2
1335660 1713.4
1335670 1713.4
1335680 1717.8
1335690 1721.3
1335700 1721.3
1335710 1725.8
1335720 1731.5
1335730 1731.5
1335740 1739.1
1335750 1746.8
1335760 1746.8
1335770 1754.2
1335780 1760.7
1335790 1760.7
1335800 1766.4
1335810 1771.2
1335820 1771.2
1335830 1777.1
1335840 1786.0
1335850 1794.1
1335860 1794.1
1335870 1800.5
1335880 1805.5
1335890 1805.5
1335900 1811.4
1335910 1817.4
1335920 1817.4
1335930 1827.6
1335940 1842.8
1335950 1842.8
1335960 1855.3
1335970 1865.9
1335980 1865.9
1335990 1884.8
1336000 1900.2
1336010 1900.2
1336020 1910.3
1336030 1917.2
1336040 1917.2
1336050 1923.7
1336060 1931.5
1336070 1947.0
1336080 1947.0
1336090 1960.9
1336100 1966.8
1336110 1966.8
1336120 1973.1
1336130 1980.7
1336140 1980.7
1336150 1987.7
1336160 1993.3
1336170 1993.3
1336180 1998.9
1336190 2005.8
1336200 2005.8
1336210 2015.4
1336220 2025.7
1336230 2025.7
1336240 2033.7
1336250 2040.8
1336260 2040.8
1336270 2048.9
1336280 2056.3
1336290 2065.0
1336300 2065.0
1336310 2073.1
1336320 2079.4
1336330 2079.4
1336340 2087.6
1336350 2095.8
1336360 2095.8
1336370 2103.7
1336380 2112.1
1336390 2112.1
1336400 2121.0
1336410 2129.2
1336420 2129.2
1336430 2137.3
1336440 2145.1
1336450 2145.1
1336460 2152.3
1336470 2158.7
1336480 2158.7
1336490 2165.4
1336500 2170.9
1336510 2176.0
1336520 2176.0
1336530 2180.9
1336540 2185.6
1336550 2185.6
1336560 2191.3
1336570 2197.5
1336580 2197.5
1336590 2203.8
1336600 2210.1
1336610 2210.1
1336620 2216.2
1336630 2222.4
1336640 2222.4
1336650 2228.2
1336660 2233.2
1336670 2233.2
1336680 2237.8
1336690 2242.5
1336700 2242.5
1336710 2247.3
1336720 2252.7
1336730 2257.7
1336740 2257.7
1336750 2262.1
1336760 2267.1
1336770 2267.1
1336780 2272.1
1336790 2276.8
1336800 2276.8
1336810 2281.1
1336820 2285.4
1336830 2285.4
1336840 2289.3
1336850 2294.1
1336860 2294.1
1336870 2298.6
1336880 2303.1
1336890 2303.1
1336900 2307.9
1336910 2312.3
1336920 2312.3
1336930 2317.0
1336940 2322.3
1336950 2327.9
1336960 2327.9
1336970 2333.4
1336980 2339.0
1336990 2339.0
1337000 2344.9
1337010 2350.4
1337020 2350.4
1337030 2356.0
1337040 2361.0
1337050 2361.0
1337060 2366.0
1337070 2371.2
1337080 2371.2
1337090 2376.5
1337100 2381.3
1337110 2381.3
1337120 2385.3
1337130 2394.0
1337140 2394.0
1337150 2398.2
1337160 2402.6
1337170 2407.2
1337180 2407.2
1337190 2411.8
1337200 2416.2
1337210 2416.2
1337220 2421.0
1337230 2427.0
1337240 2427.0
1337250 2434.0
1337260 2442.1
1337270 2442.1
1337280 2450.4
1337290 2462.5
1337300 2462.5
1337310 2473.9
1337320 2484.2
1337330 2484.2
1337340 2494.1
1337350 2501.8
1337360 2501.8
1337370 2507.3
1337380 2517.4
1337390 2529.8
1337400 2529.8
1337410 2542.2
1337420 2549.6
1337430 2549.6
1337440 2555.3
1337450 2561.7
1337460 2561.7
1337470 2568.9
1337480 2575.6
1337490 2575.6
1337500 2584.0
1337510 2592.8
1337520 2592.8
1337530 2601.1
1337540 2611.9
1337550 2611.9
1337560 2624.4
1337570 2635.9
1337580 2635.9
1337590 2646.3
1337600 2656.7
1337610 2667.0
1337620 2667.0
1337630 2671.5
1337640 2674.0
1337650 2674.0
1337660 2678.6
1337670 2684.4
1337680 2684.4
1337690 2695.6
1337700 2705.5
1337710 2705.5
1337720 2711.2
1337730 2716.2
1337740 2716.2
1337750 2716.6
1337760 2714.2
1337770 2714.2
1337780 2713.3
1337790 2713.9
1337800 2713.9
1337810 2715.5
1337820 2717.2
1337830 2719.6
1337840 2719.6
1337850 2723.8
1337860 2729.4
1337870 2729.4
1337880 2734.6
1337890 2739.8
1337900 2739.8
1337910 2743.6
1337920 2746.3
1337930 2746.3
1337940 2749.1
1337950 2750.6
1337960 2750.6
1337970 2752.8
1337980 2756.4
1337990 2752.8
1338000 2755.5
1338010 2758.2
1338020 2758.2
1338030 2761.3
1338040 2764.0
1338050 2766.5
1338060 2766.5
1338070 2769.2
1338080 2771.8
1338090 2771.8
1338100 2773.9
1338110 2777.0
1338120 2777.0
1338130 2780.8
1338140 2784.2
1338150 2784.2
1338160 2787.2
1338170 2790.9
1338180 2790.9
1338190 2795.2
1338200 2799.4
1338210 2799.4
1338220 2803.1
1338230 2807.2
1338240 2807.2
1338250 2811.1
1338260 2816.0
1338270 2821.8
1338280 2821.8
1338290 2826.0
1338300 2829.7
1338310 2829.7
1338320 2832.8
1338330 2836.6
1338340 2836.6
1338350 2840.7
1338360 2844.1
1338370 2844.1
1338380 2847.4
1338390 2851.6
1338400 2851.6
1338410 2855.9
1338420 2860.3
1338430 2860.3
1338440 2864.9
1338450 2871.3
1338460 2871.3
1338470 2882.2
1338480 2902.3
1338490 2921.2
1338500 2921.2
1338510 2910.9
1338520 2888.9
1338530 2888.9
1338540 2867.6
1338550 2845.1
1338560 2845.1
1338570 2834.2
1338580 2827.5
1338590 2827.5
1338600 2822.0
1338610 2817.5
1338620 2817.5
1338630 2813.6
1338640 2810.0
1338650 2810.0
1338660 2806.4
1338670 2802.9
1338680 2802.9
1338690 2799.4
1338700 2796.1
1338710 2793.0
1338720 2793.0
1338730 2790.2
1338740 2787.6
1338750 2787.6
1338760 2785.2
1338770 2782.3
1338780 2782.3
1338790 2777.0
1338800 2771.4
1338810 2771.4
1338820 2763.8
1338830 2747.8
1338840 2747.8
1338850 2736.7
1338860 2727.4
1338870 2727.4
1338880 2717.9
1338890 2710.6
1338900 2710.6
1338910 2703.8
1338920 2698.0
1338930 2693.8
1338940 2693.8
1338950 2690.6
1338960 2689.0
1338970 2689.0
1338980 2686.4
1338990 2682.8
1339000 2682.8
1339010 2679.1
1339020 2675.0
1339030 2675.0
1339040 2670.6
1339050 2666.5
1339060 2666.5
1339070 2661.8
1339080 2657.1
1339090 2657.1
1339100 2653.1
1339110 2648.0
1339120 2648.0
1339130 2640.6
1339140 2634.3
1339150 2629.2
1339160 2629.2
1339170 2624.3
1339180 2619.5
1339190 2619.5
1339200 2615.4
1339210 2614.2
1339220 2614.2
1339230 2614.8
1339240 2613.5
1339250 2613.5
1339260 2611.4
1339270 2608.7
1339280 2608.7
1339290 2606.1
1339300 2603.5
1339310 2603.5
1339320 2600.9
1339330 2597.7
1339340 2597.7
1339350 2595.1
1339360 2591.6
1339370 2587.4
1339380 2587.4
1339390 2582.8
1339400 2579.4
1339410 2579.4
1339420 2575.2
1339430 2571.3
1339440 2571.3
1339450 2565.1
1339460 2560.3
1339470 2560.3
1339480 2554.9
1339490 2542.2
1339500 2542.2
1339510 2528.4
1339520 2514.0
1339530 2514.0
1339540 2498.4
1339550 2485.7
1339560 2485.7
1339570 2480.5
1339580 2477.8
1339590 2473.6
1339600 2473.6
1339610 2466.9
1339620 2460.0
1339630 2460.0
1339640 2453.2
1339650 2446.3
1339660 2446.3
1339670 2440.1
1339680 2436.0
1339690 2436.0
1339700 2432.0
1339710 2426.1
1339720 2426.1
1339730 2420.1
1339740 2416.4
1339750 2416.4
1339760 2413.2
1339770 2410.2
1339780 2410.2
1339790 2407.0
1339800 2403.6
1339810 2399.7
1339820 2399.7
1339830 2395.0
1339840 2390.1
1339850 2390.1
1339860 2387.8
1339870 2386.7
1339880 2386.7
1339890 2386.4
1339900 2386.4
1339910 2386.4
1339920 2385.5
1339930 2382.8
1339940 2382.8
1339950 2377.5
1339960 2371.4
1339970 2371.4
1339980 2365.1
1339990 2359.3
