1320000 2490.6
1320010 2472.2
1320020 2452.0
1320030 2452.0
1320040 2434.9
1320050 2422.8
1320060 2422.8
1320070 2414.6
1320080 2404.7
1320090 2404.7
1320100 2393.2
1320110 2383.7
1320120 2383.7
1320130 2372.5
1320140 2361.7
1320150 2361.7
1320160 2351.0
1320170 2339.9
1320180 2339.9
1320190 2329.7
1320200 2317.5
1320210 2317.5
1320220 2303.0
1320230 2287.4
1320240 2278.7
1320250 2278.7
1320260 2271.6
1320270 2265.4
1320280 2265.4
1320290 2260.9
1320300 2255.7
1320310 2255.7
1320320 2250.6
1320330 2245.3
1320340 2245.3
1320350 2239.9
1320360 2234.5
1320370 2234.5
1320380 2229.5
1320390 2225.0
1320400 2225.0
1320410 2221.2
1320420 2217.3
1320430 2217.3
1320440 2213.1
1320450 2209.6
1320460 2206.6
1320470 2206.6
1320480 2203.1
1320490 2200.1
1320500 2200.1
1320510 2197.2
1320520 2195.1
1320530 2195.1
1320540 2192.4
1320550 2188.6
1320560 2188.6
1320570 2184.8
1320580 2180.7
1320590 2180.7
1320600 2176.5
1320610 2172.6
1320620 2172.6
1320630 2168.3
1320640 2164.0
1320650 2164.0
1320660 2160.1
1320670 2156.3
1320680 2153.4
1320690 2153.4
1320700 2150.5
1320710 2146.4
1320720 2146.4
1320730 2144.9
1320740 2142.8
1320750 2142.8
1320760 2145.7
1320770 2141.8
1320780 2141.8
1320790 2138.3
1320800 2134.5
1320810 2134.5
1320820 2131.0
1320830 2127.3
1320840 2127.3
1320850 2123.3
1320860 2119.3
1320870 2119.3
1320880 2115.1
1320890 2110.8
1320900 2106.5
1320910 2106.5
1320920 2102.8
1320930 2098.7
1320940 2098.7
1320950 2095.3
1320960 2091.9
1320970 2091.9
1320980 2089.6
1320990 2088.0
1321000 2088.0
1321010 2087.3
1321020 2086.7
1321030 2086.7
1321040 2087.0
1321050 2087.9
1321060 2087.9
1321070 2088.7
1321080 2089.3
1321090 2089.3
1321100 2090.2
1321110 2090.6
1321120 2093.8
1321130 2093.8
1321140 2097.0
1321150 2099.2
1321160 2099.2
1321170 2101.7
1321180 2104.8
1321190 2104.8
1321200 2111.3
1321210 2119.7
1321220 2119.7
1321230 2128.9
1321240 2136.5
1321250 2136.5
1321260 2142.1
1321270 2147.3
1321280 2147.3
1321290 2150.0
1321300 2153.2
1321310 2153.2
1321320 2158.9
1321330 2161.4
1321340 2155.3
1321350 2155.3
1321360 2133.9
1321370 2123.5
1321380 2123.5
1321390 2120.0
1321400 2112.4
1321410 2112.4
1321420 2094.5
1321430 2084.1
1321440 2084.1
1321450 2074.3
1321460 2064.7
1321470 2064.7
1321480 2055.5
1321490 2046.9
1321500 2046.9
1321510 2040.7
1321520 2030.8
1321530 2030.8
1321540 2011.9
1321550 2004.2
1321560 1996.3
1321570 1996.3
1321580 1988.2
1321590 1981.9
1321600 1981.9
1321610 1976.7
1321620 1970.3
1321630 1970.3
1321640 1963.3
1321650 1957.5
1321660 1957.5
1321670 1953.3
1321680 1949.5
1321690 1949.5
1321700 1944.7
1321710 1938.8
1321720 1938.8
1321730 1932.5
1321740 1925.7
1321750 1925.7
1321760 1920.6
1321770 1916.8
1321780 1912.7
1321790 1912.7
1321800 1908.4
1321810 1905.1
1321820 1905.1
1321830 1901.1
1321840 1895.1
1321850 1895.1
1321860 1891.8
1321870 1887.6
1321880 1887.6
1321890 1882.3
1321900 1876.8
1321910 1876.8
1321920 1873.2
1321930 1869.2
1321940 1869.2
1321950 1862.7
1321960 1854.7
1321970 1854.7
1321980 1845.4
1321990 1834.4
1322000 1834.4
1322010 1826.8
1322020 1819.7
1322030 1813.6
1322040 1813.6
1322050 1807.0
1322060 1799.7
1322070 1799.7
1322080 1792.8
1322090 1785.0
1322100 1785.0
1322110 1778.6
1322120 1772.1
1322130 1772.1
1322140 1764.9
1322150 1757.5
1322160 1757.5
1322170 1751.2
1322180 1744.9
1322190 1744.9
1322200 1737.9
1322210 1731.5
1322220 1731.5
1322230 1724.3
1322240 1716.6
1322250 1709.9
1322260 1709.9
1322270 1703.2
1322280 1696.2
1322290 1696.2
1322300 1688.8
1322310 1682.3
1322320 1679.2
1322330 1671.8
1322340 1665.5
1322350 1665.5
1322360 1659.7
1322370 1653.9
1322380 1653.9
1322390 1647.7
1322400 1641.4
1322410 1641.4
1322420 1631.9
1322430 1623.8
1322440 1623.8
1322450 1620.8
1322460 1617.3
1322470 1614.1
1322480 1614.1
1322490 1602.4
1322500 1570.2
1322510 1570.2
1322520 1546.4
1322530 1537.1
1322540 1537.1
1322550 1529.1
1322560 1522.7
1322570 1522.7
1322580 1516.4
1322590 1518.0
1322600 1518.0
1322610 1537.2
1322620 1544.7
1322630 1544.7
1322640 1540.3
1322650 1531.2
1322660 1531.2
1322670 1526.1
1322680 1516.9
1322690 1501.4
1322700 1501.4
1322710 1500.1
1322720 1519.1
1322730 1519.1
1322740 1530.8
1322750 1538.8
1322760 1538.8
1322770 1544.0
1322780 1549.4
1322790 1549.4
1322800 1555.2
1322810 1558.1
1322820 1558.1
1322830 1556.2
1322840 1553.3
1322850 1553.3
1322860 1551.0
1322870 1549.3
1322880 1549.3
1322890 1545.4
1322900 1540.3
1322910 1533.2
1322920 1533.2
1322930 1522.9
1322940 1518.2
1322950 1518.2
1322960 1511.8
1322970 1506.0
1322980 1506.0
1322990 1497.8
1323000 1489.4
1323010 1489.4
1323020 1480.9
1323030 1472.8
1323040 1472.8
1323050 1463.3
1323060 1453.9
1323070 1453.9
1323080 1446.3
1323090 1439.7
1323100 1443.2
1323110 1436.7
1323120 1429.4
1323130 1409.9
1323140 1409.9
1323150 1388.1
1323160 1383.3
1323170 1383.3
1323180 1371.8
1323190 1350.8
1323200 1350.8
1323210 1336.2
1323220 1331.4
1323230 1331.4
1323240 1316.3
1323250 1295.3
1323260 1295.3
1323270 1275.0
1323280 1261.0
1323290 1261.0
1323300 1249.5
1323310 1237.6
1323320 1237.6
1323330 1219.9
1323340 1207.3
1323350 1204.9
1323360 1204.9
1323370 1203.4
1323380 1201.1
1323390 1201.1
1323400 1198.8
1323410 1196.7
1323420 1196.7
1323430 1194.1
1323440 1192.2
1323450 1192.2
1323460 1190.5
1323470 1187.5
1323480 1187.5
1323490 1182.8
1323500 1178.6
1323510 1178.6
1323520 1175.5
1323530 1172.0
1323540 1172.0
1323550 1167.9
1323560 1163.9
1323570 1160.2
1323580 1160.2
1323590 1154.9
1323600 1152.9
1323610 1152.9
1323620 1151.7
1323630 1150.5
1323640 1150.5
1323650 1151.6
1323660 1151.9
1323670 1151.9
1323680 1152.1
1323690 1152.3
1323700 1152.3
1323710 1152.1
1323720 1151.5
1323730 1151.5
1323740 1151.6
1323750 1152.0
1323760 1152.0
1323770 1153.1
1323780 1153.9
1323790 1153.9
1323800 1154.6
1323810 1151.9
1323820 1151.7
1323830 1151.7
1323840 1151.3
1323850 1150.5
1323860 1150.5
1323870 1152.7
1323880 1156.6
1323890 1155.9
1323900 1159.9
1323910 1163.1
1323920 1163.1
1323930 1166.5
1323940 1170.5
1323950 1170.5
1323960 1174.6
1323970 1179.3
1323980 1179.3
1323990 1183.8
1324000 1188.4
1324010 1188.4
1324020 1194.5
1324030 1200.9
1324040 1206.9
1324050 1206.9
1324060 1211.7
1324070 1214.6
1324080 1214.6
1324090 1218.2
1324100 1222.1
1324110 1222.1
1324120 1226.8
1324130 1232.1
1324140 1232.1
1324150 1238.0
1324160 1243.6
1324170 1243.6
1324180 1249.5
1324190 1256.3
1324200 1256.3
1324210 1266.8
1324220 1274.8
1324230 1274.8
1324240 1286.7
1324250 1297.8
1324260 1306.3
1324270 1306.3
1324280 1319.1
1324290 1332.2
1324300 1332.2
1324310 1340.7
1324320 1352.6
1324330 1352.6
1324340 1363.5
1324350 1372.4
1324360 1372.4
1324370 1378.9
1324380 1385.8
1324390 1385.8
1324400 1395.1
1324410 1405.2
1324420 1405.2
1324430 1417.5
1324440 1431.3
1324450 1431.3
1324460 1444.4
1324470 1446.4
1324480 1437.3
1324490 1437.3
1324500 1436.0
1324510 1435.3
1324520 1435.3
1324530 1433.1
1324540 1429.7
1324550 1429.7
1324560 1432.2
1324570 1440.1
1324580 1440.1
1324590 1442.4
1324600 1441.1
1324610 1441.1
1324620 1437.2
1324630 1437.4
1324640 1437.4
1324650 1439.8
1324660 1441.6
1324670 1441.6
1324680 1445.3
1324690 1445.8
1324700 1451.2
1324710 1451.2
1324720 1455.8
1324730 1459.1
1324740 1459.1
1324750 1462.2
1324760 1463.9
1324770 1463.9
1324780 1466.5
1324790 1471.3
1324800 1471.3
1324810 1476.1
1324820 1481.2
1324830 1481.2
1324840 1486.3
1324850 1491.1
1324860 1491.1
1324870 1490.3
1324880 1490.0
1324890 1490.0
1324900 1492.6
1324910 1490.6
1324920 1487.1
1324930 1487.1
1324940 1488.6
1324950 1493.7
1324960 1493.7
1324970 1499.0
1324980 1507.0
1324990 1507.0
1325000 1517.1
1325010 1524.9
1325020 1524.9
1325030 1530.0
1325040 1534.9
1325050 1534.9
1325060 1539.9
1325070 1545.2
1325080 1545.2
1325090 1554.7
1325100 1571.7
1325110 1571.7
1325120 1588.8
1325130 1600.6
1325140 1609.0
1325150 1609.0
1325160 1614.9
1325170 1620.7
1325180 1620.7
1325190 1626.3
1325200 1628.3
1325210 1628.3
1325220 1634.6
1325230 1644.5
1325240 1644.5
1325250 1652.6
1325260 1659.7
1325270 1659.7
1325280 1667.7
1325290 1676.0
1325300 1676.0
1325310 1683.4
1325320 1687.9
1325330 1687.9
1325340 1692.2
1325350 1698.9
1325360 1705.6
1325370 1705.6
1325380 1709.4
1325390 1715.5
1325400 1715.5
1325410 1722.7
1325420 1725.5
1325430 1725.5
1325440 1726.3
1325450 1729.8
1325460 1729.8
1325470 1733.4
1325480 1741.1
1325490 1741.1
1325500 1745.4
1325510 1751.3
1325520 1751.3
1325530 1757.9
1325540 1765.0
1325550 1765.0
1325560 1771.7
1325570 1778.1
1325580 1778.1
1325590 1784.5
1325600 1790.1
1325610 1795.4
1325620 1795.4
1325630 1799.9
1325640 1802.8
1325650 1802.8
1325660 1805.4
1325670 1805.3
1325680 1805.3
1325690 1805.7
1325700 1809.7
1325710 1809.7
1325720 1813.6
1325730 1815.2
1325740 1815.2
1325750 1820.5
1325760 1828.3
1325770 1828.3
1325780 1837.0
1325790 1844.1
1325800 1844.1
1325810 1848.8
1325820 1854.2
1325830 1858.2
1325840 1858.2
1325850 1863.3
1325860 1868.9
1325870 1868.9
1325880 1875.0
1325890 1880.4
1325900 1880.4
1325910 1885.3
1325920 1889.7
1325930 1889.7
1325940 1893.6
1325950 1896.1
1325960 1896.1
1325970 1898.6
1325980 1903.7
1325990 1903.7
1326000 1909.8
1326010 1915.7
1326020 1915.7
1326030 1921.7
1326040 1927.0
1326050 1932.2
1326060 1932.2
1326070 1937.4
1326080 1943.4
1326090 1943.4
1326100 1949.7
1326110 1955.8
1326120 1955.8
1326130 1961.5
1326140 1967.0
1326150 1967.0
1326160 1973.2
1326170 1979.2
1326180 1979.2
1326190 1984.3
1326200 1989.6
1326210 1989.6
1326220 1995.1
1326230 2000.7
1326240 2000.7
1326250 2006.3
1326260 2012.2
1326270 2018.3
1326280 2021.9
1326290 2028.8
1326300 2035.6
1326310 2035.6
1326320 2041.4
1326330 2047.0
1326340 2047.0
1326350 2053.0
1326360 2059.7
1326370 2059.7
1326380 2066.9
1326390 2073.2
1326400 2073.2
1326410 2079.4
1326420 2086.3
1326430 2086.3
1326440 2093.6
1326450 2101.0
1326460 2101.0
1326470 2107.7
1326480 2117.1
1326490 2133.4
1326500 2133.4
1326510 2146.0
1326520 2158.7
1326530 2158.7
1326540 2172.8
1326550 2184.0
1326560 2184.0
1326570 2194.2
1326580 2206.2
1326590 2206.2
1326600 2218.7
1326610 2229.7
1326620 2229.7
1326630 2241.1
1326640 2252.7
1326650 2252.7
1326660 2262.4
1326670 2273.1
1326680 2273.1
1326690 2283.7
1326700 2292.4
1326710 2301.9
1326720 2301.9
1326730 2311.7
1326740 2316.6
1326750 2316.6
1326760 2320.3
1326770 2324.2
1326780 2324.2
1326790 2329.1
1326800 2332.6
1326810 2332.6
1326820 2335.2
1326830 2336.6
1326840 2336.6
1326850 2339.9
1326860 2345.4
1326870 2345.4
1326880 2348.6
1326890 2351.3
1326900 2351.3
1326910 2355.9
1326920 2355.6
1326930 2333.3
1326940 2333.3
1326950 2311.4
1326960 2310.3
1326970 2310.3
1326980 2313.6
1326990 2324.5
1327000 2324.5
1327010 2338.7
1327020 2349.7
1327030 2349.7
1327040 2356.5
1327050 2364.8
1327060 2364.8
1327070 2375.0
1327080 2398.2
1327090 2398.2
1327100 2399.6
1327110 2385.5
1327120 2385.5
1327130 2369.6
1327140 2357.4
1327150 2348.3
1327160 2348.3
1327170 2340.0
1327180 2331.2
1327190 2331.2
1327200 2319.5
1327210 2307.6
1327220 2307.6
1327230 2304.0
1327240 2301.6
1327250 2301.6
1327260 2299.8
1327270 2298.4
1327280 2298.4
1327290 2297.4
1327300 2296.7
1327310 2296.7
1327320 2295.9
1327330 2294.3
1327340 2294.3
1327350 2292.9
1327360 2293.1
1327370 2296.3
1327380 2296.3
1327390 2298.0
1327400 2298.4
1327410 2298.4
1327420 2298.9
1327430 2299.8
1327440 2299.8
1327450 2301.4
1327460 2304.4
1327470 2304.4
1327480 2305.9
1327490 2306.5
1327500 2306.5
1327510 2306.9
1327520 2308.4
1327530 2308.4
1327540 2310.3
1327550 2311.8
1327560 2311.8
1327570 2313.4
1327580 2313.9
1327590 2313.9
1327600 2313.6
1327610 2314.1
1327620 2314.5
1327630 2314.5
1327640 2315.7
1327650 2317.9
1327660 2317.9
1327670 2320.8
1327680 2324.0
1327690 2324.0
1327700 2326.4
1327710 2327.0
1327720 2327.0
1327730 2327.3
1327740 2328.9
1327750 2328.9
1327760 2331.3
1327770 2334.1
1327780 2334.1
1327790 2337.9
1327800 2341.5
1327810 2341.5
1327820 2343.8
1327830 2346.1
1327840 2348.3
1327850 2348.3
1327860 2350.8
1327870 2351.1
1327880 2351.1
1327890 2349.6
1327900 2350.5
1327910 2350.5
1327920 2352.5
1327930 2354.8
1327940 2354.8
1327950 2358.2
1327960 2363.2
1327970 2363.2
1327980 2368.4
1327990 2372.6
1328000 2372.6
1328010 2375.5
1328020 2377.6
1328030 2377.6
1328040 2380.0
1328050 2382.8
1328060 2385.0
1328070 2385.0
1328080 2387.3
1328090 2389.0
1328100 2389.0
1328110 2390.7
1328120 2391.7
1328130 2391.7
1328140 2392.6
1328150 2395.6
1328160 2395.6
1328170 2399.4
1328180 2403.4
1328190 2403.4
1328200 2406.6
1328210 2407.5
1328220 2407.5
1328230 2408.8
1328240 2410.4
1328250 2410.4
1328260 2412.3
1328270 2415.7
1328280 2419.6
1328290 2419.6
1328300 2423.2
1328310 2427.1
1328320 2427.1
1328330 2430.1
1328340 2432.8
1328350 2432.8
1328360 2435.8
1328370 2438.3
1328380 2438.3
1328390 2440.8
1328400 2444.6
1328410 2444.6
1328420 2448.5
1328430 2451.6
1328440 2451.6
1328450 2455.3
1328460 2458.6
1328470 2458.6
1328480 2460.8
1328490 2462.7
1328500 2464.0
1328510 2464.0
1328520 2465.8
1328530 2469.4
1328540 2469.4
1328550 2473.4
1328560 2476.7
1328570 2476.7
1328580 2479.6
1328590 2482.8
1328600 2482.8
1328610 2484.8
1328620 2485.2
1328630 2485.2
1328640 2486.9
1328650 2489.5
1328660 2489.5
1328670 2492.3
1328680 2495.2
1328690 2495.2
1328700 2497.3
1328710 2499.4
1328720 2501.8
1328730 2501.8
1328740 2504.2
1328750 2506.8
1328760 2506.8
1328770 2509.6
1328780 2512.5
1328790 2512.5
1328800 2516.1
1328810 2520.0
1328820 2520.0
1328830 2523.9
1328840 2527.8
1328850 2527.8
1328860 2531.9
1328870 2536.2
1328880 2536.2
1328890 2540.3
1328900 2544.7
1328910 2544.7
1328920 2549.2
1328930 2553.8
1328940 2558.7
1328950 2558.7
1328960 2564.1
1328970 2570.0
1328980 2570.0
1328990 2576.5
1329000 2583.6
1329010 2583.6
1329020 2590.7
1329030 2597.9
1329040 2597.9
1329050 2605.3
1329060 2616.2
1329070 2616.2
1329080 2645.6
1329090 2675.6
1329100 2675.6
1329110 2698.7
1329120 2713.0
1329130 2713.0
1329140 2724.6
1329150 2733.6
1329160 2740.8
1329170 2740.8
1329180 2747.3
1329190 2753.3
1329200 2753.3
1329210 2759.0
1329220 2765.4
1329230 2765.4
1329240 2775.1
1329250 2783.3
1329260 2783.3
1329270 2789.2
1329280 2793.5
1329290 2793.5
1329300 2798.1
1329310 2808.4
1329320 2808.4
1329330 2823.8
1329340 2834.6
1329350 2834.6
1329360 2843.6
1329370 2852.0
1329380 2852.0
1329390 2859.9
1329400 2869.1
1329410 2877.4
1329420 2877.4
1329430 2885.2
1329440 2895.8
1329450 2895.8
1329460 2897.9
1329470 2884.6
1329480 2884.6
1329490 2871.9
1329500 2858.2
1329510 2858.2
1329520 2854.7
1329530 2838.3
1329540 2838.3
1329550 2820.1
1329560 2806.5
1329570 2806.5
1329580 2793.7
1329590 2776.6
1329600 2776.6
1329610 2761.5
1329620 2751.1
1329630 2743.5
1329640 2743.5
1329650 2736.4
1329660 2730.0
1329670 2730.0
1329680 2723.9
1329690 2717.5
1329700 2717.5
1329710 2711.0
1329720 2705.1
1329730 2705.1
1329740 2699.4
1329750 2693.8
1329760 2693.8
1329770 2688.2
1329780 2682.7
1329790 2682.7
1329800 2676.9
1329810 2671.6
1329820 2671.6
1329830 2666.3
1329840 2661.0
1329850 2656.0
1329860 2656.0
1329870 2650.7
1329880 2645.8
1329890 2645.8
1329900 2641.5
1329910 2637.6
1329920 2637.6
1329930 2633.2
1329940 2629.5
1329950 2629.5
1329960 2626.3
1329970 2622.9
1329980 2622.9
1329990 2620.3
1330000 2618.9
1330010 2618.9
1330020 2617.3
1330030 2614.5
1330040 2614.5
1330050 2612.3
1330060 2610.2
1330070 2608.0
1330080 2608.0
1330090 2606.3
1330100 2604.8
1330110 2604.8
1330120 2603.0
1330130 2601.6
1330140 2601.6
1330150 2602.5
1330160 2603.7
1330170 2603.7
1330180 2603.7
1330190 2603.0
1330200 2603.0
1330210 2604.0
1330220 2607.8
1330230 2607.8
1330240 2618.4
1330250 2629.1
1330260 2629.1
1330270 2634.3
1330280 2637.9
1330290 2641.5
1330300 2641.5
1330310 2645.5
1330320 2650.5
1330330 2650.5
1330340 2663.9
1330350 2667.3
1330360 2667.3
1330370 2671.9
1330380 2673.3
1330390 2673.3
1330400 2674.9
1330410 2678.0
1330420 2678.0
1330430 2682.0
1330440 2684.5
1330450 2684.5
1330460 2676.1
1330470 2661.5
1330480 2661.5
1330490 2653.6
1330500 2644.0
1330510 2634.7
1330520 2634.7
1330530 2628.4
1330540 2624.1
1330550 2624.1
1330560 2616.7
1330570 2614.5
1330580 2614.5
1330590 2615.5
1330600 2617.1
1330610 2617.1
1330620 2620.0
1330630 2622.5
1330640 2622.5
1330650 2625.4
1330660 2634.3
1330670 2634.3
1330680 2643.8
1330690 2660.5
1330700 2660.5
1330710 2685.1
1330720 2696.6
1330730 2707.5
1330740 2707.5
1330750 2682.7
1330760 2661.7
1330770 2661.7
1330780 2625.1
1330790 2600.1
1330800 2600.1
1330810 2597.9
1330820 2597.0
1330830 2597.0
1330840 2596.7
1330850 2597.3
1330860 2597.3
1330870 2597.6
1330880 2597.2
1330890 2597.2
1330900 2596.0
1330910 2594.8
1330920 2594.8
1330930 2593.4
1330940 2592.0
1330950 2591.7
1330960 2591.7
1330970 2593.5
1330980 2594.7
1330990 2594.7
1331000 2595.8
1331010 2596.7
1331020 2596.7
1331030 2598.2
1331040 2600.1
1331050 2600.1
1331060 2601.9
1331070 2603.0
1331080 2603.0
1331090 2604.1
1331100 2610.9
1331110 2610.9
1331120 2624.2
1331130 2633.1
1331140 2633.1
1331150 2640.1
1331160 2651.3
1331170 2643.1
1331180 2643.1
1331190 2635.7
1331200 2624.5
1331210 2624.5
1331220 2615.2
1331230 2608.1
1331240 2608.1
1331250 2603.1
1331260 2596.8
1331270 2596.8
1331280 2591.7
1331290 2588.5
1331300 2588.5
1331310 2585.9
1331320 2578.2
1331330 2578.2
1331340 2564.3
1331350 2553.6
1331360 2553.6
1331370 2546.5
1331380 2546.7
1331390 2546.7
1331400 2540.4
1331410 2533.4
1331420 2519.9
1331430 2519.9
1331440 2508.4
1331450 2502.5
1331460 2502.5
1331470 2499.4
1331480 2498.5
1331490 2498.5
1331500 2499.0
1331510 2500.0
1331520 2500.0
1331530 2500.4
1331540 2499.6
1331550 2499.6
1331560 2497.7
1331570 2497.1
1331580 2497.1
1331590 2498.5
1331600 2500.0
1331610 2500.0
1331620 2500.7
1331630 2501.9
1331640 2504.6
1331650 2504.6
1331660 2509.5
1331670 2515.4
1331680 2515.4
1331690 2520.9
1331700 2528.4
1331710 2528.4
1331720 2536.6
1331730 2544.4
1331740 2544.4
1331750 2554.1
1331760 2561.7
1331770 2561.7
1331780 2565.8
1331790 2571.6
1331800 2571.6
1331810 2584.7
1331820 2602.6
1331830 2602.6
1331840 2615.2
1331850 2624.0
1331860 2630.7
1331870 2630.7
1331880 2637.4
1331890 2644.9
1331900 2644.9
1331910 2653.2
1331920 2662.2
1331930 2662.2
1331940 2672.0
1331950 2687.1
1331960 2687.1
1331970 2716.8
1331980 2731.2
1331990 2723.6
1332000 2708.8
1332010 2703.0
1332020 2703.0
1332030 2697.1
1332040 2681.6
1332050 2681.6
1332060 2669.2
1332070 2660.5
1332080 2649.6
1332090 2649.6
1332100 2641.2
1332110 2634.4
1332120 2634.4
1332130 2628.2
1332140 2620.4
1332150 2620.4
1332160 2610.6
1332170 2600.8
1332180 2600.8
1332190 2590.3
1332200 2581.7
1332210 2581.7
1332220 2572.2
1332230 2559.9
1332240 2559.9
1332250 2547.5
1332260 2533.5
1332270 2533.5
1332280 2524.0
1332290 2519.8
1332300 2515.0
1332310 2515.0
1332320 2509.7
1332330 2504.4
1332340 2504.4
1332350 2499.1
1332360 2494.3
1332370 2494.3
1332380 2490.4
1332390 2486.4
1332400 2486.4
1332410 2483.8
1332420 2481.6
1332430 2481.6
1332440 2479.1
1332450 2476.2
1332460 2476.2
1332470 2472.8
1332480 2468.8
1332490 2468.8
1332500 2465.5
1332510 2463.2
1332520 2460.4
1332530 2460.4
1332540 2457.7
1332550 2455.0
1332560 2455.0
1332570 2452.4
1332580 2449.8
1332590 2449.8
1332600 2447.3
1332610 2445.1
1332620 2445.1
1332630 2443.6
1332640 2441.5
1332650 2441.5
1332660 2439.7
1332670 2436.7
1332680 2436.7
1332690 2434.1
1332700 2431.3
1332710 2431.3
1332720 2428.5
1332730 2425.8
1332740 2422.4
1332750 2422.4
1332760 2420.5
1332770 2419.4
1332780 2419.4
1332790 2418.4
1332800 2418.1
1332810 2418.1
1332820 2411.6
1332830 2409.9
1332840 2409.9
1332850 2408.5
1332860 2407.9
1332870 2407.9
1332880 2407.1
1332890 2405.5
1332900 2405.5
1332910 2403.3
1332920 2400.2
1332930 2400.2
1332940 2396.1
1332950 2391.1
1332960 2387.3
1332970 2387.3
1332980 2385.3
1332990 2383.1
1333000 2383.1
1333010 2380.6
1333020 2378.9
1333030 2378.9
1333040 2377.5
1333050 2376.1
1333060 2376.1
1333070 2376.2
1333080 2375.1
1333090 2375.1
1333100 2372.9
1333110 2370.3
1333120 2370.3
1333130 2367.8
1333140 2365.8
1333150 2365.8
1333160 2364.2
1333170 2362.7
1333180 2362.7
1333190 2360.8
1333200 2358.9
1333210 2357.6
1333220 2357.6
1333230 2356.7
1333240 2354.6
1333250 2354.6
1333260 2352.9
1333270 2353.2
1333280 2353.2
1333290 2353.0
1333300 2350.6
1333310 2350.6
1333320 2347.2
1333330 2346.4
1333340 2346.4
1333350 2344.3
1333360 2341.9
1333370 2341.9
1333380 2339.8
1333390 2338.7
1333400 2338.7
1333410 2336.6
1333420 2334.2
1333430 2332.2
1333440 2332.2
1333450 2330.8
1333460 2329.6
1333470 2329.6
1333480 2331.1
1333490 2331.1
1333500 2331.1
1333510 2328.3
1333520 2326.9
1333530 2326.9
1333540 2325.5
1333550 2324.4
1333560 2324.4
1333570 2325.6
1333580 2322.4
1333590 2322.4
1333600 2318.6
1333610 2315.5
1333620 2315.5
1333630 2310.6
1333640 2305.5
1333650 2302.4
1333660 2294.6
1333670 2293.6
1333680 2293.4
1333690 2293.4
1333700 2292.1
1333710 2287.2
1333720 2287.2
1333730 2281.0
1333740 2277.7
1333750 2277.7
1333760 2278.4
1333770 2277.7
1333780 2277.7
1333790 2277.9
1333800 2278.7
1333810 2278.7
1333820 2279.4
1333830 2281.1
1333840 2281.1
1333850 2282.3
1333860 2282.0
1333870 2281.9
1333880 2281.9
1333890 2283.3
1333900 2286.2
1333910 2286.2
1333920 2289.6
1333930 2294.4
1333940 2294.4
1333950 2300.7
1333960 2305.2
1333970 2305.2
1333980 2309.0
1333990 2313.4
1334000 2313.4
1334010 2318.2
1334020 2320.2
1334030 2320.2
1334040 2318.9
1334050 2317.1
1334060 2317.1
1334070 2314.3
1334080 2310.5
1334090 2305.6
1334100 2305.6
1334110 2300.6
1334120 2295.2
1334130 2295.2
1334140 2289.6
1334150 2282.6
1334160 2282.6
1334170 2273.1
1334180 2263.2
1334190 2263.2
1334200 2253.3
1334210 2243.7
1334220 2243.7
1334230 2234.6
1334240 2226.0
1334250 2226.0
1334260 2218.4
1334270 2211.3
1334280 2211.3
1334290 2204.3
1334300 2198.4
1334310 2194.5
1334320 2194.5
1334330 2188.2
1334340 2180.5
1334350 2180.5
1334360 2173.0
1334370 2165.6
1334380 2165.6
1334390 2157.6
1334400 2149.9
1334410 2149.9
1334420 2142.4
1334430 2135.6
1334440 2135.6
1334450 2128.7
1334460 2122.5
1334470 2122.5
1334480 2116.8
1334490 2109.8
1334500 2109.8
1334510 2106.2
1334520 2097.8
1334530 2089.6
1334540 2089.6
1334550 2081.5
1334560 2073.6
1334570 2073.6
1334580 2065.4
1334590 2057.2
1334600 2057.2
1334610 2050.0
1334620 2042.7
1334630 2042.7
1334640 2034.9
1334650 2027.7
1334660 2027.7
1334670 2022.5
1334680 2018.7
1334690 2018.7
1334700 2014.4
1334710 2008.8
1334720 2008.8
1334730 2002.7
1334740 1997.0
1334750 1992.5
1334760 1992.5
1334770 1988.8
1334780 1986.9
1334790 1986.9
1334800 1983.1
1334810 1976.4
1334820 1976.4
1334830 1969.4
1334840 1962.9
1334850 1962.9
1334860 1957.2
1334870 1949.1
1334880 1949.1
1334890 1934.2
1334900 1921.5
1334910 1921.5
1334920 1912.1
1334930 1899.8
1334940 1899.8
1334950 1888.5
1334960 1879.4
1334970 1871.1
1334980 1871.1
1334990 1864.5
1335000 1858.3
1335010 1858.3
1335020 1851.7
1335030 1843.1
1335040 1843.1
1335050 1832.2
1335060 1824.7
1335070 1824.7
1335080 1816.7
1335090 1810.4
1335100 1810.4
1335110 1802.9
1335120 1790.6
1335130 1790.6
1335140 1778.0
1335150 1766.0
1335160 1766.0
1335170 1757.4
1335180 1748.8
1335190 1748.8
1335200 1741.0
1335210 1732.9
1335220 1724.2
1335230 1724.2
1335240 1709.0
1335250 1698.1
1335260 1698.1
1335270 1689.6
1335280 1672.7
1335290 1672.7
1335300 1653.4
1335310 1642.3
1335320 1642.3
1335330 1632.7
1335340 1621.6
1335350 1624.4
1335360 1611.4
1335370 1602.3
1335380 1602.3
1335390 1593.6
1335400 1585.9
1335410 1585.9
1335420 1578.6
1335430 1571.4
1335440 1564.0
1335450 1564.0
1335460 1557.2
1335470 1550.6
1335480 1550.6
1335490 1543.9
1335500 1537.7
1335510 1537.7
1335520 1532.0
1335530 1526.4
1335540 1526.4
1335550 1521.0
1335560 1515.5
1335570 1515.5
1335580 1510.1
1335590 1504.9
1335600 1504.9
1335610 1498.7
1335620 1495.2
1335630 1495.2
1335640 1493.5
1335650 1492.3
1335660 1490.6
1335670 1490.6
1335680 1490.2
1335690 1492.5
1335700 1492.5
1335710 1495.8
1335720 1498.9
1335730 1498.9
1335740 1502.7
1335750 1507.2
1335760 1507.2
1335770 1511.0
1335780 1513.9
1335790 1513.9
1335800 1517.1
1335810 1521.4
1335820 1521.4
1335830 1524.9
1335840 1527.6
1335850 1527.6
1335860 1531.0
1335870 1534.9
1335880 1539.1
1335890 1539.1
1335900 1543.5
1335910 1548.1
1335920 1548.1
1335930 1552.4
1335940 1556.9
1335950 1556.9
1335960 1561.8
1335970 1567.3
1335980 1567.3
1335990 1572.7
1336000 1578.8
1336010 1578.8
1336020 1585.1
1336030 1591.5
1336040 1591.5
1336050 1597.9
1336060 1604.5
1336070 1604.5
1336080 1611.6
1336090 1618.7
1336100 1625.2
1336110 1625.2
1336120 1632.0
1336130 1638.1
1336140 1638.1
1336150 1644.0
1336160 1651.5
1336170 1651.5
1336180 1666.1
1336190 1680.9
1336200 1680.9
1336210 1690.9
1336220 1702.4
1336230 1702.4
1336240 1716.4
1336250 1726.3
1336260 1726.3
1336270 1732.7
1336280 1740.3
1336290 1740.3
1336300 1748.5
1336310 1757.7
1336320 1767.2
1336330 1767.2
1336340 1779.3
1336350 1791.2
1336360 1791.2
1336370 1802.2
1336380 1807.9
1336390 1807.9
1336400 1809.7
1336410 1807.8
1336420 1807.8
1336430 1806.1
1336440 1805.9
1336450 1805.9
1336460 1810.2
1336470 1815.9
1336480 1815.9
1336490 1822.5
1336500 1830.0
1336510 1830.0
1336520 1837.0
1336530 1843.2
1336540 1849.6
1336550 1849.6
1336560 1855.9
1336570 1861.3
1336580 1861.3
1336590 1868.0
1336600 1873.9
1336610 1873.9
1336620 1880.1
1336630 1886.3
1336640 1886.3
1336650 1893.4
1336660 1900.9
1336670 1900.9
1336680 1907.9
1336690 1915.5
1336700 1915.5
1336710 1923.3
1336720 1929.7
1336730 1929.7
1336740 1936.5
1336750 1943.5
1336760 1950.4
1336770 1950.4
1336780 1957.8
1336790 1964.8
1336800 1964.8
1336810 1972.1
1336820 1978.5
1336830 1978.5
1336840 1985.9
1336850 1992.6
1336860 1992.6
1336870 2000.5
1336880 2007.8
1336890 2007.8
1336900 2014.7
1336910 2021.8
1336920 2021.8
1336930 2028.9
1336940 2036.0
1336950 2036.0
1336960 2043.0
1336970 2050.5
1336980 2050.5
1336990 2058.3
1337000 2065.8
1337010 2072.7
1337020 2072.7
1337030 2079.8
1337040 2086.7
1337050 2086.7
1337060 2091.5
1337070 2098.2
1337080 2098.2
1337090 2105.3
1337100 2113.1
1337110 2113.1
1337120 2121.8
1337130 2129.8
1337140 2129.8
1337150 2137.8
1337160 2145.9
1337170 2145.9
1337180 2155.8
1337190 2171.4
1337200 2171.4
1337210 2181.9
1337220 2195.0
1337230 2205.0
1337240 2205.0
1337250 2224.6
1337260 2247.9
1337270 2247.9
1337280 2262.5
1337290 2265.5
1337300 2265.5
1337310 2266.4
1337320 2268.3
1337330 2268.3
1337340 2270.8
1337350 2274.2
1337360 2274.2
1337370 2277.0
1337380 2282.2
1337390 2282.2
1337400 2288.1
1337410 2295.7
1337420 2295.7
1337430 2300.5
1337440 2307.4
1337450 2318.7
1337460 2318.7
1337470 2327.9
1337480 2335.9
1337490 2335.9
1337500 2343.2
1337510 2355.0
1337520 2355.0
1337530 2369.7
1337540 2381.1
1337550 2381.1
1337560 2391.4
1337570 2399.1
1337580 2399.1
1337590 2411.7
1337600 2429.2
1337610 2429.2
1337620 2429.7
1337630 2403.2
1337640 2403.2
1337650 2386.5
1337660 2377.7
1337670 2371.0
1337680 2371.0
1337690 2370.5
1337700 2373.1
1337710 2373.1
1337720 2366.3
1337730 2357.5
1337740 2357.5
1337750 2353.6
1337760 2354.1
1337770 2354.1
1337780 2355.9
1337790 2360.1
1337800 2360.1
1337810 2364.4
1337820 2367.1
1337830 2367.1
1337840 2369.3
1337850 2371.7
1337860 2371.7
1337870 2374.6
1337880 2377.7
1337890 2380.1
1337900 2380.1
1337910 2381.2
1337920 2379.9
1337930 2387.7
1337940 2394.0
1337950 2401.9
1337960 2401.9
1337970 2412.3
1337980 2425.0
1337990 2425.0
1338000 2436.2
1338010 2442.7
1338020 2442.7
1338030 2448.4
1338040 2457.1
1338050 2457.1
1338060 2466.6
1338070 2473.7
1338080 2473.7
1338090 2481.1
1338100 2485.5
1338110 2489.0
1338120 2489.0
1338130 2492.3
1338140 2496.4
1338150 2496.4
1338160 2501.2
1338170 2511.0
1338180 2511.0
1338190 2521.4
1338200 2530.1
1338210 2530.1
1338220 2538.1
1338230 2545.8
1338240 2545.8
1338250 2555.1
1338260 2559.2
1338270 2559.2
1338280 2561.2
1338290 2563.6
1338300 2563.6
1338310 2563.9
1338320 2563.6
1338330 2560.8
1338340 2560.8
1338350 2558.4
1338360 2555.3
1338370 2555.3
1338380 2552.5
1338390 2549.2
1338400 2549.2
1338410 2539.5
1338420 2517.3
1338430 2517.3
1338440 2498.3
1338450 2484.4
1338460 2484.4
1338470 2472.3
1338480 2457.2
1338490 2457.2
1338500 2448.4
1338510 2443.0
1338520 2443.0
1338530 2436.7
1338540 2430.8
1338550 2424.6
1338560 2424.6
1338570 2419.2
1338580 2414.3
1338590 2414.3
1338600 2410.1
1338610 2405.5
1338620 2405.5
1338630 2401.5
1338640 2396.5
1338650 2396.5
1338660 2391.4
1338670 2385.5
1338680 2385.5
1338690 2379.8
1338700 2374.2
1338710 2374.2
1338720 2370.1
1338730 2366.6
1338740 2366.6
1338750 2363.9
1338760 2361.4
1338770 2358.9
1338780 2358.9
1338790 2356.6
1338800 2356.7
1338810 2356.7
1338820 2355.0
1338830 2353.2
1338840 2353.2
1338850 2350.8
1338860 2347.9
1338870 2347.9
1338880 2345.3
1338890 2342.9
1338900 2342.9
1338910 2339.7
1338920 2336.4
1338930 2336.4
1338940 2333.0
1338950 2329.8
1338960 2329.8
1338970 2324.5
1338980 2318.7
1338990 2318.7
1339000 2310.6
1339010 2304.4
1339020 2300.7
1339030 2300.7
1339040 2297.2
1339050 2292.2
1339060 2292.2
1339070 2286.9
1339080 2281.4
1339090 2281.4
1339100 2275.9
1339110 2270.8
1339120 2270.8
1339130 2265.9
1339140 2261.6
1339150 2261.6
1339160 2257.9
1339170 2254.7
1339180 2254.7
1339190 2252.0
1339200 2248.7
1339210 2248.7
1339220 2245.5
1339230 2242.6
1339240 2240.1
1339250 2240.1
1339260 2237.4
1339270 2234.8
1339280 2234.8
1339290 2231.7
1339300 2228.6
1339310 2228.6
1339320 2225.4
1339330 2222.4
1339340 2222.4
1339350 2220.5
1339360 2219.0
1339370 2219.0
1339380 2218.1
1339390 2216.7
1339400 2216.7
1339410 2214.7
1339420 2209.7
1339430 2209.7
1339440 2205.4
1339450 2201.7
1339460 2198.1
1339470 2198.1
1339480 2195.6
1339490 2191.5
1339500 2191.5
1339510 2187.3
1339520 2185.6
1339530 2185.6
1339540 2184.9
1339550 2182.8
1339560 2182.8
1339570 2180.8
1339580 2178.5
1339590 2178.5
1339600 2175.9
1339610 2175.5
1339620 2175.5
1339630 2173.7
1339640 2172.7
1339650 2172.7
1339660 2172.2
1339670 2175.6
1339680 2173.3
1339690 2173.3
1339700 2171.8
1339710 2171.2
1339720 2171.2
1339730 2171.9
1339740 2172.9
1339750 2172.9
1339760 2176.6
1339770 2180.0
1339780 2180.0
1339790 2183.6
1339800 2185.0
1339810 2185.0
1339820 2186.2
1339830 2188.4
1339840 2188.4
1339850 2187.7
1339860 2184.9
1339870 2184.9
1339880 2178.6
1339890 2170.0
1339900 2162.1
1339910 2162.1
1339920 2153.8
1339930 2142.4
1339940 2142.4
1339950 2127.6
1339960 2117.5
1339970 2117.5
1339980 2110.4
1339990 2102.3
