1320000 1827.3
1320010 1819.7
1320020 1819.7
1320030 1812.2
1320040 1806.1
1320050 1806.1
1320060 1804.6
1320070 1806.7
1320080 1809.2
1320090 1809.2
1320100 1809.8
1320110 1809.2
1320120 1809.2
1320130 1808.1
1320140 1806.2
1320150 1806.2
1320160 1802.7
1320170 1797.9
1320180 1797.9
1320190 1792.9
1320200 1788.1
1320210 1788.1
1320220 1782.0
1320230 1775.4
1320240 1775.4
1320250 1769.5
1320260 1763.2
1320270 1763.2
1320280 1760.0
1320290 1757.2
1320300 1759.2
1320310 1759.2
1320320 1762.2
1320330 1760.0
1320340 1760.0
1320350 1757.1
1320360 1755.1
1320370 1755.1
1320380 1753.3
1320390 1749.3
1320400 1749.3
1320410 1746.5
1320420 1743.3
1320430 1743.3
1320440 1740.4
1320450 1738.1
1320460 1738.1
1320470 1733.1
1320480 1731.0
1320490 1731.0
1320500 1729.0
1320510 1725.7
1320520 1720.9
1320530 1720.9
1320540 1717.3
1320550 1716.4
1320560 1716.4
1320570 1716.1
1320580 1715.8
1320590 1715.8
1320600 1720.9
1320610 1725.9
1320620 1725.9
1320630 1726.6
1320640 1724.3
1320650 1724.3
1320660 1735.2
1320670 1739.7
1320680 1739.7
1320690 1745.5
1320700 1746.5
1320710 1746.5
1320720 1747.9
1320730 1747.7
1320740 1748.1
1320750 1748.1
1320760 1751.2
1320770 1751.4
1320780 1751.4
1320790 1746.6
1320800 1741.1
1320810 1741.1
1320820 1736.3
1320830 1730.6
1320840 1730.6
1320850 1724.6
1320860 1717.4
1320870 1717.4
1320880 1706.6
1320890 1696.5
1320900 1696.5
1320910 1687.0
1320920 1684.0
1320930 1684.0
1320940 1680.1
1320950 1676.8
1320960 1674.0
1320970 1674.0
1320980 1670.8
1320990 1666.6
1321000 1666.6
1321010 1661.7
1321020 1657.0
1321030 1657.0
1321040 1652.1
1321050 1646.7
1321060 1646.7
1321070 1640.9
1321080 1631.9
1321090 1631.9
1321100 1625.3
1321110 1627.5
1321120 1627.5
1321130 1627.6
1321140 1624.4
1321150 1624.4
1321160 1620.8
1321170 1617.7
1321180 1617.7
1321190 1614.4
1321200 1611.5
1321210 1609.9
1321220 1609.9
1321230 1608.2
1321240 1605.4
1321250 1605.4
1321260 1602.0
1321270 1597.8
1321280 1597.8
1321290 1594.0
1321300 1590.9
1321310 1590.9
1321320 1588.4
1321330 1586.0
1321340 1586.0
1321350 1584.0
1321360 1582.0
1321370 1582.0
1321380 1579.9
1321390 1575.8
1321400 1575.8
1321410 1567.6
1321420 1559.2
1321430 1553.5
1321440 1561.2
1321450 1553.8
1321460 1544.3
1321470 1544.3
1321480 1533.4
1321490 1522.9
1321500 1522.9
1321510 1516.6
1321520 1512.9
1321530 1512.9
1321540 1510.0
1321550 1507.7
1321560 1507.7
1321570 1501.7
1321580 1495.3
1321590 1495.3
1321600 1497.1
1321610 1499.1
1321620 1499.1
1321630 1498.1
1321640 1493.7
1321650 1474.9
1321660 1474.9
1321670 1445.6
1321680 1419.8
1321690 1419.8
1321700 1384.6
1321710 1345.7
1321720 1345.7
1321730 1326.0
1321740 1309.6
1321750 1309.6
1321760 1290.6
1321770 1275.8
1321780 1275.8
1321790 1273.0
1321800 1274.4
1321810 1274.4
1321820 1272.7
1321830 1267.0
1321840 1267.0
1321850 1261.4
1321860 1256.2
1321870 1251.5
1321880 1251.5
1321890 1247.5
1321900 1242.9
1321910 1242.9
1321920 1237.8
1321930 1232.8
1321940 1232.8
1321950 1228.7
1321960 1225.4
1321970 1225.4
1321980 1222.1
1321990 1218.6
1322000 1218.6
1322010 1215.8
1322020 1213.4
1322030 1213.4
1322040 1211.4
1322050 1208.7
1322060 1208.7
1322070 1206.1
1322080 1204.6
1322090 1202.9
1322100 1202.9
1322110 1200.8
1322120 1197.8
1322130 1197.8
1322140 1193.7
1322150 1189.6
1322160 1189.6
1322170 1185.5
1322180 1180.6
1322190 1180.6
1322200 1175.2
1322210 1170.8
1322220 1174.2
1322230 1170.7
1322240 1166.7
1322250 1166.7
1322260 1163.4
1322270 1160.7
1322280 1160.7
1322290 1157.3
1322300 1153.3
1322310 1148.8
1322320 1148.8
1322330 1145.4
1322340 1141.2
1322350 1141.2
1322360 1136.7
1322370 1131.1
1322380 1131.1
1322390 1126.0
1322400 1121.4
1322410 1121.4
1322420 1117.1
1322430 1112.9
1322440 1112.9
1322450 1110.5
1322460 1109.8
1322470 1109.8
1322480 1109.5
1322490 1109.5
1322500 1109.5
1322510 1109.5
1322520 1109.5
1322530 1109.5
1322540 1109.5
1322550 1109.5
1322560 1109.5
1322570 1109.5
1322580 1109.5
1322590 1109.5
1322600 1109.5
1322610 1109.5
1322620 1109.5
1322630 1109.5
1322640 1109.5
1322650 1109.5
1322660 1109.5
1322670 1109.5
1322680 1109.5
1322690 1109.5
1322700 1109.5
1322710 1109.5
1322720 1109.5
1322730 1110.8
1322740 1113.5
1322750 1113.5
1322760 1117.0
1322770 1120.5
1322780 1123.9
1322790 1123.9
1322800 1128.0
1322810 1130.1
1322820 1130.1
1322830 1131.8
1322840 1134.8
1322850 1134.8
1322860 1139.0
1322870 1144.5
1322880 1144.5
1322890 1153.0
1322900 1160.0
1322910 1160.0
1322920 1161.5
1322930 1159.7
1322940 1159.7
1322950 1161.6
1322960 1165.8
1322970 1165.8
1322980 1169.6
1322990 1172.9
1323000 1169.6
1323010 1169.6
1323020 1171.7
1323030 1173.7
1323040 1173.7
1323050 1174.9
1323060 1175.2
1323070 1175.2
1323080 1172.3
1323090 1174.3
1323100 1174.3
1323110 1180.0
1323120 1188.6
1323130 1188.6
1323140 1207.0
1323150 1220.3
1323160 1220.3
1323170 1223.0
1323180 1222.0
1323190 1222.0
1323200 1225.5
1323210 1234.0
1323220 1240.3
1323230 1240.3
1323240 1241.6
1323250 1239.1
1323260 1239.1
1323270 1239.3
1323280 1244.1
1323290 1244.1
1323300 1254.2
1323310 1269.0
1323320 1269.0
1323330 1303.5
1323340 1349.4
1323350 1349.4
1323360 1367.5
1323370 1376.1
1323380 1376.1
1323390 1383.6
1323400 1390.3
1323410 1390.3
1323420 1397.5
1323430 1404.3
1323440 1410.3
1323450 1410.3
1323460 1417.0
1323470 1423.0
1323480 1423.0
1323490 1426.8
1323500 1427.5
1323510 1427.5
1323520 1426.0
1323530 1424.5
1323540 1424.5
1323550 1425.8
1323560 1427.6
1323570 1427.6
1323580 1431.2
1323590 1437.2
1323600 1437.2
1323610 1443.3
1323620 1448.7
1323630 1448.7
1323640 1454.2
1323650 1460.0
1323660 1460.0
1323670 1466.3
1323680 1472.8
1323690 1478.7
1323700 1478.7
1323710 1488.3
1323720 1509.2
1323730 1509.2
1323740 1536.7
1323750 1549.4
1323760 1549.4
1323770 1559.3
1323780 1565.9
1323790 1554.7
1323800 1562.8
1323810 1572.8
1323820 1572.8
1323830 1582.3
1323840 1591.3
1323850 1591.3
1323860 1600.4
1323870 1608.2
1323880 1608.2
1323890 1614.0
1323900 1618.7
1323910 1623.4
1323920 1623.4
1323930 1627.7
1323940 1632.3
1323950 1632.3
1323960 1635.0
1323970 1633.3
1323980 1633.3
1323990 1632.7
1324000 1633.8
1324010 1633.8
1324020 1635.5
1324030 1637.2
1324040 1637.2
1324050 1638.5
1324060 1639.6
1324070 1639.6
1324080 1641.1
1324090 1643.8
1324100 1643.8
1324110 1646.9
1324120 1648.7
1324130 1651.3
1324140 1651.3
1324150 1654.1
1324160 1658.0
1324170 1658.0
1324180 1662.2
1324190 1665.4
1324200 1665.4
1324210 1667.8
1324220 1671.3
1324230 1671.3
1324240 1676.2
1324250 1680.1
1324260 1680.1
1324270 1684.3
1324280 1688.4
1324290 1688.4
1324300 1691.4
1324310 1695.2
1324320 1695.2
1324330 1700.8
1324340 1710.4
1324350 1722.6
1324360 1722.6
1324370 1731.2
1324380 1736.9
1324390 1736.9
1324400 1743.2
1324410 1749.5
1324420 1749.5
1324430 1756.3
1324440 1762.5
1324450 1762.5
1324460 1768.5
1324470 1776.7
1324480 1776.7
1324490 1784.2
1324500 1790.3
1324510 1790.3
1324520 1796.4
1324530 1802.0
1324540 1802.0
1324550 1808.4
1324560 1814.4
1324570 1818.8
1324580 1825.0
1324590 1830.3
1324600 1835.2
1324610 1835.2
1324620 1839.5
1324630 1843.9
1324640 1843.9
1324650 1847.0
1324660 1851.4
1324670 1851.4
1324680 1858.0
1324690 1865.0
1324700 1865.0
1324710 1870.6
1324720 1875.2
1324730 1875.2
1324740 1879.0
1324750 1883.9
1324760 1883.9
1324770 1888.8
1324780 1893.1
1324790 1893.1
1324800 1897.1
1324810 1901.1
1324820 1905.0
1324830 1905.0
1324840 1908.8
1324850 1912.5
1324860 1912.5
1324870 1916.7
1324880 1920.9
1324890 1920.9
1324900 1924.9
1324910 1928.8
1324920 1928.8
1324930 1932.7
1324940 1936.2
1324950 1936.2
1324960 1939.3
1324970 1942.1
1324980 1942.1
1324990 1945.4
1325000 1949.6
1325010 1949.6
1325020 1954.7
1325030 1959.5
1325040 1964.3
1325050 1964.3
1325060 1969.6
1325070 1975.3
1325080 1975.3
1325090 1980.0
1325100 1985.0
1325110 1985.0
1325120 1990.7
1325130 1995.8
1325140 1995.8
1325150 1999.8
1325160 2003.5
1325170 2003.5
1325180 2007.3
1325190 2011.6
1325200 2011.6
1325210 2016.6
1325220 2021.5
1325230 2021.5
1325240 2027.2
1325250 2032.2
1325260 2037.4
1325270 2037.4
1325280 2041.9
1325290 2046.1
1325300 2046.1
1325310 2050.7
1325320 2056.6
1325330 2056.6
1325340 2062.5
1325350 2068.5
1325360 2068.5
1325370 2077.5
1325380 2082.9
1325390 2082.9
1325400 2087.0
1325410 2090.4
1325420 2090.4
1325430 2093.2
1325440 2096.0
1325450 2096.0
1325460 2099.5
1325470 2103.1
1325480 2106.4
1325490 2106.4
1325500 2109.9
1325510 2113.7
1325520 2113.7
1325530 2117.6
1325540 2120.4
1325550 2120.4
1325560 2124.1
1325570 2128.2
1325580 2128.2
1325590 2132.1
1325600 2135.2
1325610 2135.2
1325620 2137.7
1325630 2140.0
1325640 2140.0
1325650 2142.8
1325660 2145.5
1325670 2145.5
1325680 2149.8
1325690 2153.8
1325700 2157.4
1325710 2157.4
1325720 2161.5
1325730 2165.7
1325740 2165.7
1325750 2169.2
1325760 2172.0
1325770 2172.0
1325780 2175.1
1325790 2178.7
1325800 2178.7
1325810 2182.0
1325820 2185.4
1325830 2185.4
1325840 2188.5
1325850 2192.3
1325860 2192.3
1325870 2196.2
1325880 2199.9
1325890 2199.9
1325900 2202.9
1325910 2205.9
1325920 2209.2
1325930 2209.2
1325940 2213.2
1325950 2217.5
1325960 2217.5
1325970 2221.6
1325980 2226.2
1325990 2226.2
1326000 2231.4
1326010 2236.0
1326020 2236.0
1326030 2241.3
1326040 2247.1
1326050 2247.1
1326060 2253.1
1326070 2259.4
1326080 2259.4
1326090 2266.7
1326100 2273.8
1326110 2273.8
1326120 2280.7
1326130 2287.9
1326140 2287.9
1326150 2295.4
1326160 2301.9
1326170 2306.0
1326180 2306.0
1326190 2310.8
1326200 2315.1
1326210 2315.1
1326220 2319.7
1326230 2324.4
1326240 2324.4
1326250 2329.0
1326260 2333.3
1326270 2333.3
1326280 2337.5
1326290 2341.6
1326300 2341.6
1326310 2345.8
1326320 2350.2
1326330 2350.2
1326340 2354.4
1326350 2358.7
1326360 2358.7
1326370 2363.4
1326380 2367.9
1326390 2372.0
1326400 2372.0
1326410 2376.2
1326420 2380.2
1326430 2380.2
1326440 2384.7
1326450 2389.9
1326460 2389.9
1326470 2396.1
1326480 2402.2
1326490 2402.2
1326500 2408.1
1326510 2414.1
1326520 2414.1
1326530 2420.2
1326540 2426.4
1326550 2426.4
1326560 2435.6
1326570 2445.5
1326580 2445.5
1326590 2456.1
1326600 2467.7
1326610 2476.3
1326620 2476.3
1326630 2470.3
1326640 2459.2
1326650 2459.2
1326660 2451.8
1326670 2447.2
1326680 2447.2
1326690 2444.5
1326700 2445.0
1326710 2445.0
1326720 2445.5
1326730 2444.5
1326740 2444.5
1326750 2442.9
1326760 2440.0
1326770 2440.0
1326780 2432.5
1326790 2424.9
1326800 2424.9
1326810 2418.6
1326820 2412.9
1326830 2406.1
1326840 2406.1
1326850 2399.2
1326860 2397.3
1326870 2397.3
1326880 2395.7
1326890 2392.5
1326900 2392.5
1326910 2390.6
1326920 2388.9
1326930 2388.9
1326940 2387.7
1326950 2387.3
1326960 2387.3
1326970 2386.8
1326980 2379.7
1326990 2379.7
1327000 2381.3
1327010 2384.5
1327020 2384.5
1327030 2388.1
1327040 2392.1
1327050 2395.9
1327060 2395.9
1327070 2399.7
1327080 2403.2
1327090 2403.2
1327100 2406.4
1327110 2409.2
1327120 2409.2
1327130 2411.5
1327140 2413.5
1327150 2413.5
1327160 2415.6
1327170 2417.3
1327180 2417.3
1327190 2418.9
1327200 2420.7
1327210 2420.7
1327220 2421.3
1327230 2420.9
1327240 2420.9
1327250 2419.9
1327260 2420.3
1327270 2421.3
1327280 2421.3
1327290 2422.7
1327300 2423.9
1327310 2423.9
1327320 2424.9
1327330 2426.2
1327340 2426.2
1327350 2427.2
1327360 2428.5
1327370 2428.5
1327380 2430.5
1327390 2432.5
1327400 2432.5
1327410 2434.2
1327420 2436.3
1327430 2436.3
1327440 2439.5
1327450 2443.1
1327460 2443.1
1327470 2446.2
1327480 2449.5
1327490 2449.5
1327500 2452.6
1327510 2455.4
1327520 2458.8
1327530 2458.8
1327540 2462.1
1327550 2466.2
1327560 2466.2
1327570 2470.5
1327580 2475.1
1327590 2475.1
1327600 2478.0
1327610 2480.6
1327620 2480.6
1327630 2483.3
1327640 2485.7
1327650 2485.7
1327660 2487.4
1327670 2489.6
1327680 2489.6
1327690 2491.6
1327700 2494.3
1327710 2494.3
1327720 2497.4
1327730 2502.1
1327740 2507.5
1327750 2507.5
1327760 2512.7
1327770 2517.1
1327780 2511.7
1327790 2515.1
1327800 2523.2
1327810 2523.2
1327820 2535.7
1327830 2543.7
1327840 2543.7
1327850 2547.6
1327860 2551.9
1327870 2551.9
1327880 2560.7
1327890 2578.1
1327900 2578.1
1327910 2587.5
1327920 2585.8
1327930 2585.8
1327940 2584.9
1327950 2587.6
1327960 2596.6
1327970 2596.6
1327980 2609.0
1327990 2623.7
1328000 2623.7
1328010 2635.3
1328020 2643.4
1328030 2643.4
1328040 2650.3
1328050 2658.2
1328060 2658.2
1328070 2666.7
1328080 2674.5
1328090 2674.5
1328100 2679.3
1328110 2682.7
1328120 2682.7
1328130 2681.4
1328140 2678.3
1328150 2678.3
1328160 2675.2
1328170 2673.0
1328180 2671.8
1328190 2671.8
1328200 2671.0
1328210 2668.0
1328220 2668.0
1328230 2663.6
1328240 2658.5
1328250 2658.5
1328260 2652.7
1328270 2646.4
1328280 2646.4
1328290 2639.7
1328300 2632.6
1328310 2632.6
1328320 2624.6
1328330 2612.8
1328340 2612.8
1328350 2607.4
1328360 2604.7
1328370 2604.7
1328380 2601.6
1328390 2598.9
1328400 2596.4
1328410 2596.4
1328420 2593.6
1328430 2590.7
1328440 2590.7
1328450 2588.3
1328460 2585.8
1328470 2585.8
1328480 2583.9
1328490 2582.5
1328500 2582.5
1328510 2581.5
1328520 2580.0
1328530 2580.0
1328540 2578.3
1328550 2576.8
1328560 2576.8
1328570 2574.7
1328580 2572.3
1328590 2572.3
1328600 2584.6
1328610 2587.1
1328620 2587.1
1328630 2592.5
1328640 2587.7
1328650 2577.9
1328660 2577.9
1328670 2566.2
1328680 2562.1
1328690 2562.1
1328700 2559.9
1328710 2558.6
1328720 2558.6
1328730 2559.5
1328740 2563.8
1328750 2563.8
1328760 2566.4
1328770 2562.6
1328780 2562.6
1328790 2556.6
1328800 2555.5
1328810 2555.5
1328820 2557.8
1328830 2552.6
1328840 2552.6
1328850 2548.0
1328860 2547.2
1328870 2547.1
1328880 2547.1
1328890 2547.8
1328900 2549.7
1328910 2549.7
1328920 2551.9
1328930 2552.8
1328940 2552.8
1328950 2548.8
1328960 2542.4
1328970 2542.4
1328980 2535.2
1328990 2528.9
1329000 2528.9
1329010 2529.5
1329020 2530.0
1329030 2530.0
1329040 2531.8
1329050 2533.0
1329060 2533.0
1329070 2532.7
1329080 2536.7
1329090 2542.8
1329100 2542.8
1329110 2550.8
1329120 2555.5
1329130 2555.5
1329140 2558.6
1329150 2567.2
1329160 2567.2
1329170 2574.2
1329180 2568.8
1329190 2568.8
1329200 2559.5
1329210 2544.4
1329220 2544.4
1329230 2529.9
1329240 2517.6
1329250 2517.6
1329260 2504.7
1329270 2493.1
1329280 2493.1
1329290 2479.5
1329300 2466.7
1329310 2450.4
1329320 2450.4
1329330 2425.7
1329340 2382.9
1329350 2382.9
1329360 2357.1
1329370 2340.5
1329380 2340.5
1329390 2329.9
1329400 2323.0
1329410 2320.4
1329420 2313.3
1329430 2306.5
1329440 2306.5
1329450 2300.0
1329460 2293.4
1329470 2293.4
1329480 2287.0
1329490 2280.4
1329500 2280.4
1329510 2274.1
1329520 2268.1
1329530 2262.7
1329540 2262.7
1329550 2257.0
1329560 2251.4
1329570 2251.4
1329580 2245.8
1329590 2240.9
1329600 2240.9
1329610 2236.1
1329620 2231.5
1329630 2231.5
1329640 2228.0
1329650 2224.3
1329660 2224.3
1329670 2220.8
1329680 2218.3
1329690 2218.3
1329700 2216.7
1329710 2215.0
1329720 2215.0
1329730 2212.2
1329740 2209.4
1329750 2207.0
1329760 2207.0
1329770 2204.8
1329780 2202.6
1329790 2202.6
1329800 2200.5
1329810 2197.9
1329820 2197.9
1329830 2195.8
1329840 2193.8
1329850 2193.8
1329860 2191.4
1329870 2189.4
1329880 2189.4
1329890 2187.8
1329900 2185.8
1329910 2185.8
1329920 2183.6
1329930 2181.0
1329940 2181.0
1329950 2178.0
1329960 2175.0
1329970 2175.0
1329980 2172.0
1329990 2169.0
1330000 2166.0
1330010 2166.0
1330020 2162.7
1330030 2159.3
1330040 2159.3
1330050 2155.7
1330060 2152.2
1330070 2152.2
1330080 2148.6
1330090 2144.6
1330100 2144.6
1330110 2139.6
1330120 2132.6
1330130 2132.6
1330140 2124.7
1330150 2116.5
1330160 2116.5
1330170 2108.2
1330180 2100.3
1330190 2100.3
1330200 2093.8
1330210 2093.2
1330220 2093.4
1330230 2103.7
1330240 2098.9
1330250 2091.8
1330260 2091.8
1330270 2081.8
1330280 2068.4
1330290 2068.4
1330300 2059.1
1330310 2052.7
1330320 2052.7
1330330 2047.4
1330340 2043.7
1330350 2043.7
1330360 2040.0
1330370 2039.4
1330380 2039.4
1330390 2036.9
1330400 2032.6
1330410 2032.6
1330420 2028.0
1330430 2023.4
1330440 2018.4
1330450 2018.4
1330460 2013.8
1330470 2010.0
1330480 2010.0
1330490 2005.9
1330500 2002.4
1330510 2002.4
1330520 1999.5
1330530 1997.0
1330540 1997.0
1330550 1995.4
1330560 1995.4
1330570 1995.4
1330580 1997.8
1330590 1998.5
1330600 1998.5
1330610 1999.0
1330620 2000.3
1330630 2000.3
1330640 2001.4
1330650 2002.5
1330660 2003.1
1330670 2003.1
1330680 2004.0
1330690 2005.4
1330700 2005.4
1330710 2006.5
1330720 2007.3
1330730 2007.3
1330740 2007.4
1330750 2008.1
1330760 2008.1
1330770 2007.6
1330780 2007.2
1330790 2007.2
1330800 2007.0
1330810 2007.0
1330820 2007.0
1330830 2007.5
1330840 2007.8
1330850 2007.8
1330860 2008.1
1330870 2008.9
1330880 2009.6
1330890 2009.6
1330900 2010.2
1330910 2011.2
1330920 2011.2
1330930 2012.2
1330940 2013.8
1330950 2013.8
1330960 2015.2
1330970 2016.6
1330980 2016.6
1330990 2018.0
1331000 2019.8
1331010 2019.8
1331020 2021.8
1331030 2024.3
1331040 2024.3
1331050 2026.8
1331060 2032.2
1331070 2032.2
1331080 2034.3
1331090 2035.9
1331100 2038.2
1331110 2038.2
1331120 2041.6
1331130 2045.8
1331140 2045.8
1331150 2051.1
1331160 2058.0
1331170 2058.0
1331180 2066.4
1331190 2073.7
1331200 2073.7
1331210 2081.5
1331220 2092.0
1331230 2092.0
1331240 2110.3
1331250 2129.9
1331260 2129.9
1331270 2144.0
1331280 2154.9
1331290 2154.9
1331300 2159.1
1331310 2154.4
1331320 2154.4
1331330 2153.7
1331340 2159.1
1331350 2165.7
1331360 2165.7
1331370 2172.1
1331380 2177.2
1331390 2177.2
1331400 2183.2
1331410 2190.7
1331420 2190.7
1331430 2198.7
1331440 2210.6
1331450 2210.6
1331460 2220.7
1331470 2227.5
1331480 2227.5
1331490 2231.4
1331500 2234.5
1331510 2234.5
1331520 2238.6
1331530 2243.2
1331540 2243.2
1331550 2249.0
1331560 2253.2
1331570 2257.5
1331580 2257.5
1331590 2262.2
1331600 2266.8
1331610 2266.8
1331620 2271.7
1331630 2277.2
1331640 2277.2
1331650 2282.9
1331660 2288.5
1331670 2288.5
1331680 2294.5
1331690 2300.6
1331700 2300.6
1331710 2306.4
1331720 2312.1
1331730 2312.1
1331740 2317.7
1331750 2323.7
1331760 2323.7
1331770 2329.9
1331780 2336.5
1331790 2343.1
1331800 2343.1
1331810 2349.8
1331820 2357.1
1331830 2357.1
1331840 2365.7
1331850 2375.9
1331860 2375.9
1331870 2382.8
1331880 2389.1
1331890 2389.1
1331900 2400.8
1331910 2411.1
1331920 2411.1
1331930 2427.9
1331940 2445.3
1331950 2445.3
1331960 2461.8
1331970 2472.8
1331980 2472.8
1331990 2484.0
1332000 2492.1
1332010 2501.8
1332020 2501.8
1332030 2512.1
1332040 2521.5
1332050 2521.5
1332060 2527.8
1332070 2534.7
1332080 2534.7
1332090 2541.1
1332100 2546.7
1332110 2546.7
1332120 2552.8
1332130 2558.8
1332140 2558.8
1332150 2565.4
1332160 2572.4
1332170 2572.4
1332180 2579.3
1332190 2587.9
1332200 2587.9
1332210 2600.6
1332220 2613.2
1332230 2621.3
1332240 2621.3
1332250 2628.9
1332260 2638.2
1332270 2638.2
1332280 2648.3
1332290 2660.5
1332300 2660.5
1332310 2671.6
1332320 2681.2
1332330 2681.2
1332340 2686.7
1332350 2674.4
1332360 2674.4
1332370 2656.8
1332380 2639.3
1332390 2639.3
1332400 2626.8
1332410 2619.0
1332420 2619.0
1332430 2611.2
1332440 2603.2
1332450 2603.2
1332460 2597.0
1332470 2589.3
1332480 2579.3
1332490 2579.3
1332500 2569.4
1332510 2561.0
1332520 2561.0
1332530 2552.8
1332540 2545.4
1332550 2545.4
1332560 2538.3
1332570 2531.2
1332580 2531.2
1332590 2523.9
1332600 2516.4
1332610 2516.4
1332620 2509.5
1332630 2502.9
1332640 2502.9
1332650 2496.6
1332660 2490.5
1332670 2490.5
1332680 2485.1
1332690 2480.1
1332700 2475.7
1332710 2475.7
1332720 2471.4
1332730 2467.7
1332740 2467.7
1332750 2464.2
1332760 2460.8
1332770 2460.8
1332780 2457.4
1332790 2453.6
1332800 2453.6
1332810 2449.1
1332820 2444.9
1332830 2444.9
1332840 2441.0
1332850 2437.2
1332860 2437.2
1332870 2433.6
1332880 2429.8
1332890 2429.8
1332900 2426.1
1332910 2422.7
1332920 2419.5
1332930 2419.5
1332940 2416.6
1332950 2414.4
1332960 2414.4
1332970 2412.7
1332980 2409.8
1332990 2409.8
1333000 2406.0
1333010 2402.1
1333020 2402.1
1333030 2398.1
1333040 2393.7
1333050 2393.7
1333060 2389.7
1333070 2386.1
1333080 2386.1
1333090 2382.7
1333100 2379.9
1333110 2379.9
1333120 2376.9
1333130 2372.9
1333140 2368.7
1333150 2368.7
1333160 2364.5
1333170 2361.1
1333180 2361.1
1333190 2358.1
1333200 2354.9
1333210 2354.9
1333220 2352.0
1333230 2348.5
1333240 2348.5
1333250 2344.6
1333260 2340.8
1333270 2340.8
1333280 2337.4
1333290 2334.7
1333300 2334.7
1333310 2331.6
1333320 2327.3
1333330 2327.3
1333340 2322.8
1333350 2318.3
1333360 2314.0
1333370 2314.0
1333380 2310.6
1333390 2307.3
1333400 2307.3
1333410 2303.3
1333420 2298.9
1333430 2298.9
1333440 2294.0
1333450 2289.5
1333460 2289.5
1333470 2284.2
1333480 2278.5
1333490 2278.5
1333500 2273.6
1333510 2269.5
1333520 2269.5
1333530 2264.3
1333540 2257.9
1333550 2255.3
1333560 2249.9
1333570 2244.0
1333580 2238.5
1333590 2238.5
1333600 2232.8
1333610 2227.4
1333620 2227.4
1333630 2222.0
1333640 2216.9
1333650 2216.9
1333660 2212.2
1333670 2207.2
1333680 2207.2
1333690 2202.2
1333700 2199.1
1333710 2199.1
1333720 2196.1
1333730 2194.0
1333740 2194.0
1333750 2191.1
1333760 2187.5
1333770 2187.5
1333780 2184.2
1333790 2180.4
1333800 2180.4
1333810 2176.8
1333820 2173.7
1333830 2170.5
1333840 2170.5
1333850 2165.6
1333860 2160.6
1333870 2160.6
1333880 2157.0
1333890 2154.2
1333900 2154.2
1333910 2151.6
1333920 2148.8
1333930 2148.8
1333940 2146.3
1333950 2143.8
1333960 2143.8
1333970 2141.3
1333980 2139.3
1333990 2139.3
1334000 2137.5
1334010 2136.0
1334020 2136.0
1334030 2135.0
1334040 2133.4
1334050 2131.1
1334060 2131.1
1334070 2128.9
1334080 2127.1
1334090 2127.1
1334100 2126.2
1334110 2125.8
1334120 2125.8
1334130 2125.2
1334140 2124.2
1334150 2124.2
1334160 2122.4
1334170 2121.1
1334180 2121.1
1334190 2120.6
1334200 2119.4
1334210 2119.4
1334220 2117.8
1334230 2117.7
1334240 2117.7
1334250 2116.7
1334260 2116.2
1334270 2115.4
1334280 2115.4
1334290 2115.2
1334300 2113.6
1334310 2113.6
1334320 2110.7
1334330 2108.9
1334340 2108.9
1334350 2108.3
1334360 2107.9
1334370 2107.9
1334380 2105.3
1334390 2101.3
1334400 2096.5
1334410 2094.5
1334420 2092.3
1334430 2092.3
1334440 2090.9
1334450 2090.0
1334460 2090.0
1334470 2089.3
1334480 2088.5
1334490 2087.9
1334500 2087.9
1334510 2087.2
1334520 2086.4
1334530 2086.4
1334540 2084.7
1334550 2082.4
1334560 2082.4
1334570 2079.6
1334580 2075.9
1334590 2075.9
1334600 2071.4
1334610 2066.5
1334620 2066.5
1334630 2062.4
1334640 2059.2
1334650 2059.2
1334660 2055.6
1334670 2051.0
1334680 2051.0
1334690 2044.8
1334700 2038.1
1334710 2032.8
1334720 2032.8
1334730 2028.1
1334740 2022.8
1334750 2022.8
1334760 2016.9
1334770 2010.1
1334780 2010.1
1334790 2003.3
1334800 1995.0
1334810 1995.0
1334820 1986.0
1334830 1976.8
1334840 1976.8
1334850 1968.3
1334860 1960.8
1334870 1960.8
1334880 1952.4
1334890 1944.3
1334900 1944.3
1334910 1937.5
1334920 1931.4
1334930 1925.1
1334940 1925.1
1334950 1918.8
1334960 1912.6
1334970 1912.6
1334980 1906.5
1334990 1901.1
1335000 1901.1
1335010 1897.0
1335020 1892.9
1335030 1892.9
1335040 1889.1
1335050 1884.8
1335060 1884.8
1335070 1882.6
1335080 1880.1
1335090 1880.1
1335100 1876.7
1335110 1870.5
1335120 1870.5
1335130 1865.1
1335140 1861.3
1335150 1861.3
1335160 1857.1
1335170 1852.7
1335180 1849.5
1335190 1849.5
1335200 1847.3
1335210 1844.7
1335220 1844.7
1335230 1840.0
1335240 1843.1
1335250 1843.1
1335260 1837.0
1335270 1831.0
1335280 1831.0
1335290 1827.4
1335300 1818.2
1335310 1818.2
1335320 1811.2
1335330 1808.1
1335340 1808.1
1335350 1805.5
1335360 1799.5
1335370 1799.5
1335380 1790.7
1335390 1781.6
1335400 1772.4
1335410 1772.4
1335420 1764.2
1335430 1757.3
1335440 1757.3
1335450 1750.4
1335460 1742.5
1335470 1742.5
1335480 1735.7
1335490 1725.7
1335500 1725.7
1335510 1718.7
1335520 1713.9
1335530 1713.9
1335540 1706.3
1335550 1694.3
1335560 1694.3
1335570 1686.6
1335580 1679.9
1335590 1679.9
1335600 1673.1
1335610 1666.6
1335620 1660.6
1335630 1660.6
1335640 1650.6
1335650 1641.1
1335660 1641.1
1335670 1632.6
1335680 1622.4
1335690 1622.4
1335700 1608.8
1335710 1598.0
1335720 1598.0
1335730 1585.9
1335740 1573.8
1335750 1573.8
1335760 1563.2
1335770 1553.3
1335780 1553.3
1335790 1545.3
1335800 1537.5
1335810 1537.5
1335820 1528.7
1335830 1520.4
1335840 1512.7
1335850 1512.7
1335860 1505.6
1335870 1495.8
1335880 1495.8
1335890 1487.0
1335900 1479.0
1335910 1479.0
1335920 1473.2
1335930 1468.2
1335940 1468.2
1335950 1462.9
1335960 1458.7
1335970 1458.7
1335980 1455.5
1335990 1450.8
1336000 1450.8
1336010 1446.1
1336020 1441.9
1336030 1441.9
1336040 1438.0
1336050 1434.3
1336060 1431.2
1336070 1431.2
1336080 1428.5
1336090 1424.7
1336100 1420.0
1336110 1415.0
1336120 1410.4
1336130 1410.4
1336140 1407.9
1336150 1406.5
1336160 1406.5
1336170 1405.3
1336180 1404.2
1336190 1404.2
1336200 1403.6
1336210 1403.9
1336220 1403.9
1336230 1405.0
1336240 1406.8
1336250 1406.8
1336260 1410.3
1336270 1415.2
1336280 1415.2
1336290 1419.2
1336300 1423.3
1336310 1427.4
1336320 1427.4
1336330 1432.3
1336340 1438.0
1336350 1438.0
1336360 1443.9
1336370 1449.8
1336380 1449.8
1336390 1455.7
1336400 1461.8
1336410 1461.8
1336420 1467.4
1336430 1473.3
1336440 1473.3
1336450 1480.1
1336460 1487.1
1336470 1487.1
1336480 1493.5
1336490 1499.3
1336500 1499.3
1336510 1505.4
1336520 1511.3
1336530 1517.0
1336540 1517.0
1336550 1521.8
1336560 1526.4
1336570 1526.4
1336580 1532.3
1336590 1539.6
1336600 1539.6
1336610 1549.1
1336620 1558.3
1336630 1558.3
1336640 1570.6
1336650 1583.8
1336660 1583.8
1336670 1596.1
1336680 1608.5
1336690 1608.5
1336700 1621.2
1336710 1636.4
1336720 1636.4
1336730 1651.6
1336740 1664.7
1336750 1677.3
1336760 1677.3
1336770 1692.1
1336780 1704.0
1336790 1704.0
1336800 1715.1
1336810 1725.6
1336820 1725.6
1336830 1736.8
1336840 1746.7
1336850 1746.7
1336860 1754.0
1336870 1761.9
1336880 1761.9
1336890 1769.9
1336900 1777.7
1336910 1777.7
1336920 1784.4
1336930 1791.6
1336940 1791.6
1336950 1801.6
1336960 1809.6
1336970 1817.6
1336980 1817.6
1336990 1826.8
1337000 1837.8
1337010 1837.8
1337020 1850.6
1337030 1863.0
1337040 1863.0
1337050 1869.9
1337060 1874.3
1337070 1874.3
1337080 1877.7
1337090 1880.2
1337100 1880.2
1337110 1883.3
1337120 1886.5
1337130 1886.5
1337140 1889.6
1337150 1893.2
1337160 1893.2
1337170 1897.0
1337180 1900.4
1337190 1903.3
1337200 1903.3
1337210 1907.1
1337220 1909.1
1337230 1909.1
1337240 1911.0
1337250 1911.2
1337260 1911.2
1337270 1911.1
1337280 1911.3
1337290 1911.3
1337300 1911.1
1337310 1912.0
1337320 1912.0
1337330 1914.6
1337340 1917.9
1337350 1917.9
1337360 1921.1
1337370 1924.3
1337380 1924.3
1337390 1928.7
1337400 1934.8
1337410 1942.3
1337420 1942.3
1337430 1947.5
1337440 1950.3
1337450 1950.3
1337460 1952.1
1337470 1953.5
1337480 1953.5
1337490 1954.2
1337500 1954.4
1337510 1954.4
1337520 1953.1
1337530 1951.5
1337540 1951.5
1337550 1949.2
1337560 1946.1
1337570 1946.1
1337580 1944.2
1337590 1942.2
1337600 1942.2
1337610 1940.7
1337620 1940.2
1337630 1940.2
1337640 1939.9
1337650 1939.6
1337660 1939.5
1337670 1939.5
1337680 1939.9
1337690 1939.9
1337700 1939.9
1337710 1939.0
1337720 1938.8
1337730 1938.8
1337740 1939.6
1337750 1940.7
1337760 1940.7
1337770 1942.1
1337780 1943.3
1337790 1943.3
1337800 1944.6
1337810 1945.6
1337820 1948.5
1337830 1949.1
1337840 1949.3
1337850 1949.3
1337860 1949.8
1337870 1950.6
1337880 1951.2
1337890 1951.2
1337900 1952.4
1337910 1953.4
1337920 1953.4
1337930 1953.7
1337940 1953.9
1337950 1953.9
1337960 1954.0
1337970 1953.9
1337980 1953.9
1337990 1954.2
1338000 1954.5
1338010 1954.5
1338020 1954.5
1338030 1955.2
1338040 1955.2
1338050 1955.5
1338060 1955.4
1338070 1955.4
1338080 1954.9
1338090 1954.4
1338100 1953.6
1338110 1953.6
1338120 1953.2
1338130 1953.5
1338140 1953.5
1338150 1954.5
1338160 1956.5
1338170 1956.5
1338180 1958.1
1338190 1957.3
1338200 1957.3
1338210 1949.7
1338220 1939.0
1338230 1939.0
1338240 1931.3
1338250 1921.7
1338260 1921.7
1338270 1918.1
1338280 1919.3
1338290 1919.3
1338300 1926.6
1338310 1933.8
1338320 1936.7
1338330 1936.7
1338340 1941.9
1338350 1950.4
1338360 1950.4
1338370 1958.9
1338380 1965.8
1338390 1965.8
1338400 1971.7
1338410 1977.0
1338420 1977.0
1338430 1980.2
1338440 1983.7
1338450 1983.7
1338460 1987.5
1338470 1991.3
1338480 1991.3
1338490 1996.1
1338500 2001.0
1338510 2001.0
1338520 2005.4
1338530 2009.1
1338540 2012.0
1338550 2012.0
1338560 2013.9
1338570 2017.5
1338580 2017.5
1338590 2021.6
1338600 2024.0
1338610 2024.0
1338620 2026.5
1338630 2029.3
1338640 2029.3
1338650 2032.1
1338660 2034.3
1338670 2034.3
1338680 2044.0
1338690 2046.2
1338700 2046.2
1338710 2047.7
1338720 2051.9
1338730 2051.9
1338740 2058.6
1338750 2068.3
1338760 2079.0
1338770 2079.0
1338780 2088.7
1338790 2096.7
1338800 2096.7
1338810 2101.8
1338820 2106.1
1338830 2106.1
1338840 2110.3
1338850 2114.5
1338860 2114.5
1338870 2117.6
1338880 2120.1
1338890 2120.1
1338900 2122.7
1338910 2126.2
1338920 2126.2
1338930 2129.2
1338940 2133.1
1338950 2133.1
1338960 2137.5
1338970 2138.6
1338980 2138.6
1338990 2138.9
1339000 2139.2
1339010 2138.8
1339020 2138.8
1339030 2137.8
1339040 2136.0
1339050 2136.0
1339060 2134.8
1339070 2133.1
1339080 2133.1
1339090 2130.9
1339100 2128.8
1339110 2128.8
1339120 2127.3
1339130 2126.0
1339140 2126.0
1339150 2124.9
1339160 2125.2
1339170 2125.2
1339180 2125.7
1339190 2125.9
1339200 2125.9
1339210 2126.1
1339220 2126.6
1339230 2126.8
1339240 2126.8
1339250 2126.2
1339260 2125.5
1339270 2125.5
1339280 2124.0
1339290 2122.1
1339300 2122.1
1339310 2119.4
1339320 2116.7
1339330 2116.7
1339340 2113.5
1339350 2109.8
1339360 2109.8
1339370 2106.1
1339380 2104.6
1339390 2104.6
1339400 2102.5
1339410 2101.7
1339420 2101.7
1339430 2101.6
1339440 2102.2
1339450 2103.1
1339460 2103.1
1339470 2103.5
1339480 2103.6
1339490 2103.6
1339500 2103.5
1339510 2103.4
1339520 2103.4
1339530 2103.4
1339540 2102.5
1339550 2102.5
1339560 2106.3
1339570 2104.6
1339580 2104.6
1339590 2102.9
1339600 2101.7
1339610 2101.7
1339620 2099.8
1339630 2098.7
1339640 2098.7
1339650 2096.9
1339660 2094.2
1339670 2092.5
1339680 2092.5
1339690 2090.7
1339700 2088.9
1339710 2088.9
1339720 2087.2
1339730 2085.0
1339740 2085.0
1339750 2081.5
1339760 2078.4
1339770 2078.4
1339780 2074.6
1339790 2070.0
1339800 2070.0
1339810 2063.5
1339820 2055.8
1339830 2055.8
1339840 2048.0
1339850 2040.2
1339860 2040.2
1339870 2032.0
1339880 2024.5
1339890 2016.6
1339900 2016.6
1339910 2009.3
1339920 2003.6
1339930 2003.6
1339940 1997.5
1339950 1991.4
1339960 1991.4
1339970 1984.9
1339980 1977.2
1339990 1977.2
