1320000 1403.6
1320010 1409.0
1320020 1405.9
1320030 1405.9
1320040 1405.1
1320050 1407.7
1320060 1408.6
1320070 1408.6
1320080 1408.1
1320090 1410.3
1320100 1410.3
1320110 1414.6
1320120 1416.1
1320130 1416.1
1320140 1417.6
1320150 1422.3
1320160 1422.3
1320170 1421.0
1320180 1418.0
1320190 1418.0
1320200 1416.5
1320210 1422.0
1320220 1422.0
1320230 1428.3
1320240 1427.4
1320250 1427.4
1320260 1418.5
1320270 1405.2
1320280 1392.6
1320290 1392.6
1320300 1378.0
1320310 1364.1
1320320 1364.1
1320330 1355.4
1320340 1350.1
1320350 1350.1
1320360 1348.5
1320370 1349.0
1320380 1349.0
1320390 1359.1
1320400 1357.1
1320410 1357.1
1320420 1352.6
1320430 1339.0
1320440 1339.0
1320450 1327.0
1320460 1321.6
1320470 1321.6
1320480 1322.0
1320490 1314.8
1320500 1314.8
1320510 1300.0
1320520 1288.5
1320530 1277.8
1320540 1277.8
1320550 1267.1
1320560 1260.0
1320570 1260.0
1320580 1253.8
1320590 1247.0
1320600 1247.0
1320610 1241.6
1320620 1238.3
1320630 1238.3
1320640 1236.7
1320650 1230.0
1320660 1230.0
1320670 1218.4
1320680 1205.5
1320690 1205.5
1320700 1189.3
1320710 1180.2
1320720 1180.2
1320730 1178.0
1320740 1175.1
1320750 1174.6
1320760 1174.6
1320770 1173.6
1320780 1170.6
1320790 1170.6
1320800 1167.6
1320810 1164.5
1320820 1164.5
1320830 1161.1
1320840 1157.5
1320850 1157.5
1320860 1153.9
1320870 1150.1
1320880 1150.1
1320890 1146.1
1320900 1142.7
1320910 1142.7
1320920 1143.4
1320930 1141.9
1320940 1141.9
1320950 1139.5
1320960 1137.5
1320970 1134.1
1320980 1134.1
1320990 1130.6
1321000 1126.1
1321010 1126.1
1321020 1123.6
1321030 1121.6
1321040 1121.6
1321050 1117.8
1321060 1115.2
1321070 1115.2
1321080 1113.1
1321090 1112.5
1321100 1112.5
1321110 1111.7
1321120 1110.2
1321130 1110.2
1321140 1109.6
1321150 1109.6
1321160 1109.6
1321170 1109.6
1321180 1109.6
1321190 1109.6
1321200 1109.6
1321210 1109.6
1321220 1109.6
1321230 1109.6
1321240 1109.6
1321250 1109.6
1321260 1109.6
1321270 1109.6
1321280 1109.6
1321290 1109.6
1321300 1109.6
1321310 1109.6
1321320 1109.6
1321330 1109.6
1321340 1109.6
1321350 1109.6
1321360 1109.9
1321370 1111.0
1321380 1111.0
1321390 1111.9
1321400 1113.0
1321410 1114.8
1321420 1114.8
1321430 1116.5
1321440 1117.1
1321450 1117.1
1321460 1118.3
1321470 1119.6
1321480 1119.6
1321490 1119.9
1321500 1120.6
1321510 1120.6
1321520 1120.6
1321530 1120.4
1321540 1120.4
1321550 1121.3
1321560 1122.8
1321570 1122.8
1321580 1124.0
1321590 1124.2
1321600 1124.2
1321610 1124.6
1321620 1124.9
1321630 1124.9
1321640 1125.4
1321650 1126.4
1321660 1128.2
1321670 1128.2
1321680 1132.4
1321690 1136.7
1321700 1136.7
1321710 1140.6
1321720 1144.1
1321730 1144.1
1321740 1147.5
1321750 1150.6
1321760 1150.6
1321770 1152.2
1321780 1152.8
1321790 1152.8
1321800 1156.4
1321810 1162.0
1321820 1162.0
1321830 1170.8
1321840 1182.8
1321850 1182.8
1321860 1193.7
1321870 1204.2
1321880 1211.3
1321890 1211.3
1321900 1216.9
1321910 1223.3
1321920 1223.3
1321930 1229.4
1321940 1235.7
1321950 1235.7
1321960 1246.4
1321970 1255.1
1321980 1255.1
1321990 1261.3
1322000 1266.5
1322010 1266.5
1322020 1272.2
1322030 1280.0
1322040 1280.0
1322050 1287.3
1322060 1295.1
1322070 1295.1
1322080 1303.0
1322090 1309.4
1322100 1315.7
1322110 1315.7
1322120 1323.3
1322130 1330.1
1322140 1330.1
1322150 1337.5
1322160 1346.4
1322170 1346.4
1322180 1353.3
1322190 1359.4
1322200 1359.4
1322210 1365.6
1322220 1371.9
1322230 1371.9
1322240 1378.7
1322250 1383.0
1322260 1383.0
1322270 1387.6
1322280 1394.6
1322290 1394.6
1322300 1403.9
1322310 1411.2
1322320 1416.5
1322330 1416.5
1322340 1422.1
1322350 1429.1
1322360 1429.1
1322370 1435.9
1322380 1441.6
1322390 1441.6
1322400 1447.0
1322410 1453.5
1322420 1453.5
1322430 1459.9
1322440 1466.1
1322450 1466.1
1322460 1471.8
1322470 1477.7
1322480 1477.7
1322490 1485.8
1322500 1493.6
1322510 1493.6
1322520 1502.3
1322530 1513.8
1322540 1513.8
1322550 1523.2
1322560 1532.1
1322570 1542.2
1322580 1542.2
1322590 1551.0
1322600 1559.1
1322610 1559.1
1322620 1566.2
1322630 1573.6
1322640 1573.6
1322650 1579.5
1322660 1584.1
1322670 1584.1
1322680 1589.3
1322690 1596.8
1322700 1596.8
1322710 1604.8
1322720 1602.1
1322730 1602.1
1322740 1606.5
1322750 1609.1
1322760 1609.1
1322770 1610.3
1322780 1613.6
1322790 1618.9
1322800 1618.9
1322810 1624.2
1322820 1628.8
1322830 1628.8
1322840 1634.1
1322850 1639.9
1322860 1639.9
1322870 1646.0
1322880 1652.8
1322890 1652.8
1322900 1656.0
1322910 1651.5
1322920 1651.5
1322930 1651.7
1322940 1653.9
1322950 1653.9
1322960 1655.6
1322970 1659.8
1322980 1659.8
1322990 1665.7
1323000 1671.7
1323010 1675.2
1323020 1675.2
1323030 1674.8
1323040 1678.0
1323050 1678.0
1323060 1679.6
1323070 1678.8
1323080 1678.8
1323090 1679.6
1323100 1682.4
1323110 1682.4
1323120 1687.9
1323130 1694.0
1323140 1694.0
1323150 1700.5
1323160 1707.0
1323170 1707.0
1323180 1714.0
1323190 1720.6
1323200 1720.6
1323210 1728.5
1323220 1736.8
1323230 1744.8
1323240 1744.8
1323250 1751.9
1323260 1757.8
1323270 1757.8
1323280 1764.3
1323290 1770.4
1323300 1770.4
1323310 1777.3
1323320 1784.7
1323330 1784.7
1323340 1792.5
1323350 1801.4
1323360 1801.4
1323370 1811.2
1323380 1820.3
1323390 1820.3
1323400 1828.6
1323410 1837.4
1323420 1837.4
1323430 1847.2
1323440 1857.7
1323450 1867.6
1323460 1867.6
1323470 1878.3
1323480 1888.3
1323490 1888.3
1323500 1897.3
1323510 1905.6
1323520 1905.6
1323530 1914.4
1323540 1923.9
1323550 1923.9
1323560 1933.3
1323570 1942.7
1323580 1942.7
1323590 1952.7
1323600 1962.9
1323610 1962.9
1323620 1973.8
1323630 1984.9
1323640 1984.9
1323650 1994.3
1323660 2001.9
1323670 2001.9
1323680 2009.5
1323690 2016.5
1323700 2023.8
1323710 2023.8
1323720 2030.7
1323730 2036.9
1323740 2036.9
1323750 2041.7
1323760 2045.2
1323770 2045.2
1323780 2047.9
1323790 2050.0
1323800 2050.0
1323810 2051.7
1323820 2052.0
1323830 2052.0
1323840 2052.2
1323850 2053.6
1323860 2053.6
1323870 2054.7
1323880 2055.9
1323890 2055.9
1323900 2057.0
1323910 2059.0
1323920 2061.7
1323930 2061.7
1323940 2065.2
1323950 2068.1
1323960 2068.1
1323970 2070.3
1323980 2072.4
1323990 2072.4
1324000 2074.5
1324010 2077.1
1324020 2077.1
1324030 2079.9
1324040 2082.2
1324050 2082.2
1324060 2083.7
1324070 2085.7
1324080 2085.7
1324090 2088.1
1324100 2090.9
1324110 2090.9
1324120 2094.5
1324130 2096.9
1324140 2098.1
1324150 2098.1
1324160 2098.2
1324170 2096.9
1324180 2096.9
1324190 2094.3
1324200 2092.2
1324210 2092.2
1324220 2091.0
1324230 2089.6
1324240 2089.6
1324250 2087.1
1324260 2083.9
1324270 2083.9
1324280 2081.7
1324290 2080.7
1324300 2076.3
1324310 2075.1
1324320 2073.0
1324330 2073.0
1324340 2068.7
1324350 2062.6
1324360 2059.7
1324370 2059.7
1324380 2059.0
1324390 2051.4
1324400 2051.4
1324410 2046.3
1324420 2049.1
1324430 2049.1
1324440 2050.9
1324450 2052.6
1324460 2052.6
1324470 2051.3
1324480 2048.2
1324490 2048.2
1324500 2044.3
1324510 2040.4
1324520 2040.4
1324530 2039.2
1324540 2035.2
1324550 2035.2
1324560 2036.9
1324570 2042.0
1324580 2042.0
1324590 2045.8
1324600 2049.0
1324610 2049.6
1324620 2049.6
1324630 2049.3
1324640 2049.0
1324650 2049.0
1324660 2047.9
1324670 2043.1
1324680 2043.1
1324690 2037.5
1324700 2037.4
1324710 2037.4
1324720 2039.6
1324730 2040.9
1324740 2040.9
1324750 2041.4
1324760 2040.5
1324770 2040.5
1324780 2038.9
1324790 2039.8
1324800 2039.8
1324810 2042.1
1324820 2045.2
1324830 2048.2
1324840 2048.2
1324850 2050.3
1324860 2051.7
1324870 2051.7
1324880 2054.4
1324890 2057.0
1324900 2057.0
1324910 2057.5
1324920 2057.1
1324930 2057.1
1324940 2056.8
1324950 2057.0
1324960 2057.0
1324970 2058.8
1324980 2060.9
1324990 2060.9
1325000 2062.5
1325010 2061.9
1325020 2061.9
1325030 2056.6
1325040 2059.8
1325050 2066.4
1325060 2066.4
1325070 2069.7
1325080 2071.8
1325090 2065.9
1325100 2067.8
1325110 2068.9
1325120 2068.9
1325130 2070.2
1325140 2071.5
1325150 2071.5
1325160 2074.1
1325170 2076.7
1325180 2076.7
1325190 2079.3
1325200 2081.6
1325210 2081.6
1325220 2083.4
1325230 2084.7
1325240 2084.7
1325250 2085.8
1325260 2086.7
1325270 2087.6
1325280 2087.6
1325290 2088.2
1325300 2088.2
1325310 2088.2
1325320 2088.4
1325330 2090.8
1325340 2090.8
1325350 2092.0
1325360 2092.7
1325370 2092.7
1325380 2094.3
1325390 2095.8
1325400 2095.8
1325410 2098.1
1325420 2101.4
1325430 2101.4
1325440 2104.5
1325450 2106.9
1325460 2106.9
1325470 2108.9
1325480 2111.2
1325490 2113.7
1325500 2113.7
1325510 2117.0
1325520 2120.4
1325530 2120.4
1325540 2122.2
1325550 2123.3
1325560 2123.3
1325570 2124.7
1325580 2125.4
1325590 2125.4
1325600 2125.3
1325610 2126.1
1325620 2126.1
1325630 2128.0
1325640 2130.7
1325650 2130.7
1325660 2134.1
1325670 2138.3
1325680 2138.3
1325690 2143.2
1325700 2148.1
1325710 2148.1
1325720 2153.1
1325730 2157.2
1325740 2160.4
1325750 2160.4
1325760 2164.3
1325770 2167.5
1325780 2167.5
1325790 2168.6
1325800 2169.8
1325810 2169.8
1325820 2171.6
1325830 2172.6
1325840 2172.6
1325850 2173.0
1325860 2175.3
1325870 2175.3
1325880 2178.5
1325890 2181.9
1325900 2181.9
1325910 2185.5
1325920 2189.2
1325930 2189.2
1325940 2193.0
1325950 2196.4
1325960 2199.5
1325970 2199.5
1325980 2203.0
1325990 2206.4
1326000 2206.4
1326010 2209.7
1326020 2213.1
1326030 2213.1
1326040 2216.0
1326050 2218.5
1326060 2218.5
1326070 2220.9
1326080 2223.8
1326090 2223.8
1326100 2226.8
1326110 2230.0
1326120 2230.0
1326130 2233.4
1326140 2237.2
1326150 2237.2
1326160 2241.1
1326170 2244.4
1326180 2247.8
1326190 2247.8
1326200 2251.3
1326210 2254.6
1326220 2254.6
1326230 2259.2
1326240 2263.4
1326250 2263.4
1326260 2267.0
1326270 2269.9
1326280 2269.9
1326290 2272.4
1326300 2275.0
1326310 2275.0
1326320 2277.5
1326330 2280.8
1326340 2280.8
1326350 2284.0
1326360 2286.8
1326370 2286.8
1326380 2289.4
1326390 2292.2
1326400 2294.9
1326410 2294.9
1326420 2298.2
1326430 2301.9
1326440 2301.9
1326450 2305.6
1326460 2309.2
1326470 2309.2
1326480 2313.1
1326490 2317.0
1326500 2317.0
1326510 2321.5
1326520 2328.0
1326530 2328.0
1326540 2334.7
1326550 2339.8
1326560 2339.8
1326570 2341.6
1326580 2342.4
1326590 2342.4
1326600 2344.2
1326610 2346.7
1326620 2346.7
1326630 2349.8
1326640 2352.0
1326650 2355.5
1326660 2355.5
1326670 2360.1
1326680 2365.2
1326690 2366.1
1326700 2370.9
1326710 2375.3
1326720 2375.3
1326730 2380.3
1326740 2385.1
1326750 2385.1
1326760 2389.6
1326770 2393.8
1326780 2393.8
1326790 2397.8
1326800 2401.0
1326810 2401.0
1326820 2403.6
1326830 2405.0
1326840 2405.0
1326850 2407.4
1326860 2411.4
1326870 2414.3
1326880 2414.3
1326890 2416.9
1326900 2419.8
1326910 2419.8
1326920 2422.9
1326930 2425.8
1326940 2425.8
1326950 2428.5
1326960 2431.7
1326970 2431.7
1326980 2435.4
1326990 2439.4
1327000 2439.4
1327010 2443.2
1327020 2447.3
1327030 2447.3
1327040 2451.8
1327050 2456.1
1327060 2456.1
1327070 2460.7
1327080 2465.5
1327090 2470.2
1327100 2470.2
1327110 2475.3
1327120 2480.3
1327130 2480.3
1327140 2485.4
1327150 2490.9
1327160 2490.9
1327170 2496.5
1327180 2502.3
1327190 2502.3
1327200 2508.4
1327210 2514.3
1327220 2514.3
1327230 2520.3
1327240 2526.3
1327250 2526.3
1327260 2532.3
1327270 2538.3
1327280 2538.3
1327290 2544.6
1327300 2551.1
1327310 2557.6
1327320 2557.6
1327330 2564.1
1327340 2570.6
1327350 2570.6
1327360 2577.4
1327370 2584.3
1327380 2584.3
1327390 2591.2
1327400 2600.1
1327410 2600.1
1327420 2611.6
1327430 2625.0
1327440 2625.0
1327450 2640.8
1327460 2654.6
1327470 2654.6
1327480 2666.8
1327490 2677.0
1327500 2680.7
1327510 2687.5
1327520 2693.5
1327530 2698.5
1327540 2698.5
1327550 2705.0
1327560 2714.2
1327570 2714.2
1327580 2724.8
1327590 2737.9
1327600 2737.9
1327610 2750.5
1327620 2763.9
1327630 2763.9
1327640 2776.7
1327650 2787.6
1327660 2787.6
1327670 2801.5
1327680 2810.1
1327690 2810.1
1327700 2801.1
1327710 2792.3
1327720 2792.3
1327730 2784.3
1327740 2779.8
1327750 2779.8
1327760 2771.6
1327770 2761.6
1327780 2753.5
1327790 2753.5
1327800 2744.6
1327810 2735.5
1327820 2735.5
1327830 2726.9
1327840 2716.4
1327850 2716.4
1327860 2703.1
1327870 2690.1
1327880 2690.1
1327890 2677.5
1327900 2667.0
1327910 2667.0
1327920 2658.1
1327930 2651.5
1327940 2651.5
1327950 2642.4
1327960 2634.7
1327970 2634.7
1327980 2626.9
1327990 2616.5
1328000 2599.7
1328010 2599.7
1328020 2580.5
1328030 2564.2
1328040 2564.2
1328050 2546.7
1328060 2534.3
1328070 2534.3
1328080 2528.2
1328090 2522.9
1328100 2522.9
1328110 2517.9
1328120 2513.9
1328130 2513.9
1328140 2509.8
1328150 2505.6
1328160 2505.6
1328170 2502.0
1328180 2499.1
1328190 2499.1
1328200 2496.4
1328210 2492.8
1328220 2488.4
1328230 2488.4
1328240 2483.7
1328250 2480.4
1328260 2480.4
1328270 2476.8
1328280 2470.0
1328290 2470.0
1328300 2457.2
1328310 2451.6
1328320 2451.6
1328330 2449.0
1328340 2446.8
1328350 2446.8
1328360 2444.0
1328370 2440.6
1328380 2440.6
1328390 2437.2
1328400 2434.1
1328410 2434.1
1328420 2431.2
1328430 2427.8
1328440 2423.9
1328450 2423.9
1328460 2419.8
1328470 2416.1
1328480 2416.1
1328490 2412.4
1328500 2408.6
1328510 2408.6
1328520 2404.5
1328530 2401.3
1328540 2401.3
1328550 2398.1
1328560 2394.8
1328570 2394.8
1328580 2391.0
1328590 2387.1
1328600 2387.1
1328610 2383.8
1328620 2380.3
1328630 2380.3
1328640 2377.0
1328650 2373.4
1328660 2373.4
1328670 2370.4
1328680 2366.8
1328690 2364.2
1328700 2364.2
1328710 2361.5
1328720 2358.5
1328730 2358.5
1328740 2356.6
1328750 2356.5
1328760 2356.5
1328770 2357.4
1328780 2357.0
1328790 2357.0
1328800 2355.8
1328810 2354.4
1328820 2354.4
1328830 2351.8
1328840 2348.0
1328850 2348.0
1328860 2344.4
1328870 2341.5
1328880 2341.5
1328890 2338.1
1328900 2335.6
1328910 2333.7
1328920 2333.7
1328930 2331.5
1328940 2328.9
1328950 2328.9
1328960 2327.2
1328970 2325.1
1328980 2325.1
1328990 2323.0
1329000 2321.8
1329010 2321.8
1329020 2321.4
1329030 2321.5
1329040 2321.5
1329050 2322.3
1329060 2322.4
1329070 2322.4
1329080 2317.3
1329090 2312.3
1329100 2312.3
1329110 2307.5
1329120 2289.2
1329130 2279.3
1329140 2279.3
1329150 2270.9
1329160 2264.0
1329170 2264.0
1329180 2257.9
1329190 2251.4
1329200 2251.4
1329210 2245.0
1329220 2239.2
1329230 2239.2
1329240 2233.4
1329250 2228.2
1329260 2228.2
1329270 2223.5
1329280 2219.8
1329290 2219.8
1329300 2216.5
1329310 2214.2
1329320 2214.2
1329330 2213.4
1329340 2210.9
1329350 2208.0
1329360 2208.0
1329370 2205.0
1329380 2201.4
1329390 2201.4
1329400 2197.7
1329410 2195.0
1329420 2195.0
1329430 2192.2
1329440 2189.1
1329450 2189.1
1329460 2186.1
1329470 2184.0
1329480 2184.0
1329490 2180.9
1329500 2174.8
1329510 2174.8
1329520 2171.1
1329530 2168.7
1329540 2168.7
1329550 2166.6
1329560 2163.9
1329570 2157.1
1329580 2157.1
1329590 2150.7
1329600 2145.4
1329610 2145.4
1329620 2141.8
1329630 2138.7
1329640 2138.7
1329650 2135.6
1329660 2132.4
1329670 2132.4
1329680 2129.3
1329690 2126.3
1329700 2126.3
1329710 2123.4
1329720 2120.7
1329730 2120.7
1329740 2118.5
1329750 2115.8
1329760 2115.8
1329770 2113.2
1329780 2110.5
1329790 2110.5
1329800 2108.0
1329810 2105.8
1329820 2103.2
1329830 2103.2
1329840 2100.6
1329850 2098.3
1329860 2098.3
1329870 2095.9
1329880 2093.7
1329890 2093.7
1329900 2092.0
1329910 2090.7
1329920 2090.7
1329930 2089.3
1329940 2085.3
1329950 2085.3
1329960 2082.3
1329970 2080.1
1329980 2080.1
1329990 2078.4
1330000 2078.0
1330010 2078.0
1330020 2076.6
1330030 2072.7
1330040 2066.7
1330050 2066.7
1330060 2061.9
1330070 2058.8
1330080 2058.8
1330090 2056.6
1330100 2052.3
1330110 2052.3
1330120 2048.0
1330130 2045.2
1330140 2045.2
1330150 2042.4
1330160 2036.7
1330170 2036.7
1330180 2030.1
1330190 2024.1
1330200 2024.1
1330210 2018.4
1330220 2012.1
1330230 2012.1
1330240 2005.9
1330250 1999.7
1330260 1993.7
1330270 1993.7
1330280 1988.1
1330290 1982.1
1330300 1982.1
1330310 1974.2
1330320 1965.5
1330330 1965.5
1330340 1957.8
1330350 1951.2
1330360 1951.2
1330370 1943.7
1330380 1936.8
1330390 1936.8
1330400 1930.5
1330410 1924.9
1330420 1924.9
1330430 1917.7
1330440 1910.4
1330450 1910.4
1330460 1903.3
1330470 1896.9
1330480 1890.5
1330490 1890.5
1330500 1884.7
1330510 1878.4
1330520 1878.4
1330530 1872.0
1330540 1866.2
1330550 1866.2
1330560 1860.7
1330570 1855.5
1330580 1855.5
1330590 1850.8
1330600 1845.9
1330610 1845.9
1330620 1841.6
1330630 1837.8
1330640 1837.8
1330650 1834.5
1330660 1832.3
1330670 1832.3
1330680 1831.5
1330690 1831.0
1330700 1831.0
1330710 1830.7
1330720 1829.7
1330730 1829.3
1330740 1829.3
1330750 1828.9
1330760 1830.1
1330770 1830.1
1330780 1829.4
1330790 1829.1
1330800 1829.1
1330810 1828.8
1330820 1827.9
1330830 1827.9
1330840 1827.2
1330850 1826.2
1330860 1826.2
1330870 1825.5
1330880 1825.0
1330890 1825.0
1330900 1824.6
1330910 1823.9
1330920 1823.9
1330930 1823.7
1330940 1824.7
1330950 1827.0
1330960 1827.0
1330970 1829.9
1330980 1834.2
1330990 1834.2
1331000 1837.5
1331010 1840.0
1331020 1840.0
1331030 1843.0
1331040 1845.9
1331050 1845.9
1331060 1849.4
1331070 1854.3
1331080 1854.3
1331090 1860.4
1331100 1867.3
1331110 1867.3
1331120 1873.9
1331130 1880.1
1331140 1880.1
1331150 1885.5
1331160 1892.7
1331170 1901.2
1331180 1901.2
1331190 1909.8
1331200 1916.4
1331210 1916.4
1331220 1921.7
1331230 1927.9
1331240 1927.9
1331250 1937.0
1331260 1947.3
1331270 1947.3
1331280 1956.8
1331290 1966.4
1331300 1966.4
1331310 1974.7
1331320 1985.3
1331330 1985.3
1331340 1999.2
1331350 2009.5
1331360 2009.5
1331370 2018.4
1331380 2025.5
1331390 2031.9
1331400 2031.9
1331410 2037.8
1331420 2044.2
1331430 2044.2
1331440 2049.6
1331450 2055.5
1331460 2055.5
1331470 2065.3
1331480 2079.4
1331490 2079.4
1331500 2091.2
1331510 2102.6
1331520 2102.6
1331530 2115.9
1331540 2127.0
1331550 2127.0
1331560 2136.8
1331570 2146.4
1331580 2146.4
1331590 2165.8
1331600 2175.8
1331610 2184.9
1331620 2184.9
1331630 2195.4
1331640 2206.5
1331650 2206.5
1331660 2216.3
1331670 2225.3
1331680 2225.3
1331690 2235.8
1331700 2247.9
1331710 2247.9
1331720 2257.4
1331730 2266.2
1331740 2266.2
1331750 2276.0
1331760 2286.6
1331770 2286.6
1331780 2297.4
1331790 2307.8
1331800 2307.8
1331810 2317.7
1331820 2325.4
1331830 2325.4
1331840 2333.1
1331850 2340.9
1331860 2347.9
1331870 2347.9
1331880 2353.6
1331890 2357.6
1331900 2357.6
1331910 2359.0
1331920 2366.3
1331930 2366.3
1331940 2373.8
1331950 2379.6
1331960 2379.6
1331970 2384.8
1331980 2390.5
1331990 2390.5
1332000 2398.1
1332010 2407.3
1332020 2407.3
1332030 2416.3
1332040 2426.1
1332050 2426.1
1332060 2434.6
1332070 2439.0
1332080 2436.9
1332090 2436.9
1332100 2434.5
1332110 2441.2
1332120 2441.2
1332130 2447.7
1332140 2453.7
1332150 2453.7
1332160 2460.3
1332170 2468.0
1332180 2468.0
1332190 2475.5
1332200 2483.8
1332210 2483.8
1332220 2493.3
1332230 2501.7
1332240 2501.7
1332250 2508.3
1332260 2516.6
1332270 2516.6
1332280 2527.5
1332290 2537.6
1332300 2551.0
1332310 2551.0
1332320 2566.4
1332330 2577.8
1332340 2577.8
1332350 2579.5
1332360 2582.2
1332370 2582.2
1332380 2588.2
1332390 2596.0
1332400 2596.0
1332410 2604.7
1332420 2623.8
1332430 2623.8
1332440 2633.1
1332450 2642.0
1332460 2642.0
1332470 2648.5
1332480 2655.5
1332490 2655.5
1332500 2663.0
1332510 2672.0
1332520 2681.7
1332530 2681.7
1332540 2692.4
1332550 2704.1
1332560 2704.1
1332570 2715.8
1332580 2726.8
1332590 2726.8
1332600 2738.8
1332610 2742.6
1332620 2742.6
1332630 2737.6
1332640 2733.1
1332650 2733.1
1332660 2728.9
1332670 2726.4
1332680 2726.4
1332690 2721.7
1332700 2718.2
1332710 2718.2
1332720 2708.2
1332730 2689.9
1332740 2674.9
1332750 2674.9
1332760 2663.3
1332770 2661.8
1332780 2661.8
1332790 2661.4
1332800 2661.9
1332810 2661.9
1332820 2659.8
1332830 2655.6
1332840 2655.6
1332850 2650.0
1332860 2639.5
1332870 2639.5
1332880 2632.3
1332890 2628.5
1332900 2628.5
1332910 2627.7
1332920 2629.6
1332930 2629.6
1332940 2630.7
1332950 2630.1
1332960 2630.1
1332970 2628.6
1332980 2626.2
1332990 2627.7
1333000 2627.7
1333010 2624.4
1333020 2625.4
1333030 2625.4
1333040 2622.7
1333050 2614.1
1333060 2614.1
1333070 2601.8
1333080 2586.8
1333090 2586.8
1333100 2578.1
1333110 2577.6
1333120 2577.6
1333130 2581.3
1333140 2589.4
1333150 2589.4
1333160 2588.9
1333170 2582.1
1333180 2582.1
1333190 2577.4
1333200 2578.9
1333210 2584.8
1333220 2584.8
1333230 2586.4
1333240 2583.5
1333250 2583.5
1333260 2569.2
1333270 2566.0
1333280 2566.0
1333290 2559.8
1333300 2557.8
1333310 2557.8
1333320 2554.9
1333330 2552.7
1333340 2552.7
1333350 2551.8
1333360 2551.4
1333370 2551.4
1333380 2551.6
1333390 2552.6
1333400 2552.6
1333410 2554.5
1333420 2557.3
1333430 2560.3
1333440 2560.3
1333450 2562.1
1333460 2563.9
1333470 2563.9
1333480 2566.6
1333490 2568.7
1333500 2568.7
1333510 2567.4
1333520 2567.5
1333530 2567.5
1333540 2569.2
1333550 2572.7
1333560 2572.7
1333570 2577.1
1333580 2581.6
1333590 2581.6
1333600 2584.6
1333610 2586.5
1333620 2586.5
1333630 2588.9
1333640 2589.6
1333650 2588.4
1333660 2588.4
1333670 2586.8
1333680 2585.2
1333690 2585.2
1333700 2587.6
1333710 2590.7
1333720 2590.7
1333730 2591.4
1333740 2590.2
1333750 2590.2
1333760 2585.8
1333770 2580.9
1333780 2580.9
1333790 2576.0
1333800 2570.8
1333810 2570.8
1333820 2564.9
1333830 2559.1
1333840 2559.1
1333850 2553.1
1333860 2547.0
1333870 2547.0
1333880 2542.0
1333890 2540.2
1333900 2539.4
1333910 2539.4
1333920 2539.4
1333930 2534.7
1333940 2534.7
1333950 2522.7
1333960 2509.5
1333970 2509.5
1333980 2497.7
1333990 2491.5
1334000 2491.5
1334010 2488.2
1334020 2479.5
1334030 2479.5
1334040 2465.8
1334050 2452.1
1334060 2452.1
1334070 2440.9
1334080 2430.3
1334090 2430.3
1334100 2424.3
1334110 2416.8
1334120 2410.2
1334130 2410.2
1334140 2404.4
1334150 2398.5
1334160 2398.5
1334170 2390.9
1334180 2381.7
1334190 2381.7
1334200 2372.6
1334210 2364.9
1334220 2364.9
1334230 2357.2
1334240 2352.5
1334250 2352.5
1334260 2348.6
1334270 2345.6
1334280 2345.6
1334290 2347.5
1334300 2348.2
1334310 2348.2
1334320 2347.0
1334330 2346.3
1334340 2348.8
1334350 2348.8
1334360 2349.0
1334370 2346.3
1334380 2346.3
1334390 2339.9
1334400 2335.0
1334410 2335.0
1334420 2330.6
1334430 2325.4
1334440 2325.4
1334450 2319.8
1334460 2314.4
1334470 2314.4
1334480 2305.6
1334490 2296.5
1334500 2296.5
1334510 2290.2
1334520 2285.4
1334530 2285.4
1334540 2281.3
1334550 2276.2
1334560 2269.3
1334570 2269.3
1334580 2261.3
1334590 2251.3
1334600 2251.3
1334610 2242.7
1334620 2234.5
1334630 2234.5
1334640 2228.0
1334650 2220.7
1334660 2220.7
1334670 2211.3
1334680 2200.2
1334690 2200.2
1334700 2184.4
1334710 2173.8
1334720 2173.8
1334730 2170.5
1334740 2166.9
1334750 2166.9
1334760 2162.2
1334770 2158.7
1334780 2157.9
1334790 2157.9
1334800 2154.3
1334810 2149.4
1334820 2149.4
1334830 2147.5
1334840 2148.5
1334850 2148.5
1334860 2144.0
1334870 2138.2
1334880 2138.2
1334890 2135.2
1334900 2131.3
1334910 2131.3
1334920 2127.4
1334930 2123.1
1334940 2123.1
1334950 2135.3
1334960 2134.8
1334970 2134.8
1334980 2130.2
1334990 2128.7
1335000 2128.7
1335010 2127.0
1335020 2125.0
1335030 2122.8
1335040 2122.8
1335050 2120.7
1335060 2117.6
1335070 2117.6
1335080 2113.3
1335090 2107.9
1335100 2107.9
1335110 2102.3
1335120 2098.4
1335130 2098.4
1335140 2094.4
1335150 2090.9
1335160 2090.9
1335170 2088.6
1335180 2085.5
1335190 2085.5
1335200 2083.1
1335210 2080.8
1335220 2080.8
1335230 2078.8
1335240 2076.8
1335250 2075.1
1335260 2075.1
1335270 2072.3
1335280 2065.9
1335290 2065.9
1335300 2057.4
1335310 2051.3
1335320 2051.3
1335330 2045.0
1335340 2036.7
1335350 2036.7
1335360 2028.2
1335370 2023.1
1335380 2023.1
1335390 2017.6
1335400 2011.9
1335410 2011.9
1335420 2008.3
1335430 2002.9
1335440 2002.9
1335450 1994.0
1335460 1982.9
1335470 1973.0
1335480 1973.0
1335490 1965.3
1335500 1956.5
1335510 1956.5
1335520 1945.1
1335530 1920.6
1335540 1920.6
1335550 1886.0
1335560 1843.0
1335570 1843.0
1335580 1822.8
1335590 1810.5
1335600 1810.5
1335610 1804.7
1335620 1798.4
1335630 1798.4
1335640 1790.4
1335650 1783.2
1335660 1783.2
1335670 1779.3
1335680 1781.4
1335690 1792.0
1335700 1792.0
1335710 1799.2
1335720 1803.1
1335730 1803.1
1335740 1783.3
1335750 1727.8
1335760 1727.8
1335770 1703.6
1335780 1695.3
1335790 1695.3
1335800 1695.9
1335810 1696.1
1335820 1696.1
1335830 1699.3
1335840 1700.2
1335850 1700.2
1335860 1672.9
1335870 1655.6
1335880 1655.6
1335890 1651.2
1335900 1647.9
1335910 1647.9
1335920 1650.0
1335930 1653.9
1335940 1658.3
1335950 1658.3
1335960 1661.4
1335970 1663.4
1335980 1663.4
1335990 1665.6
1336000 1667.7
1336010 1667.7
1336020 1669.5
1336030 1671.3
1336040 1671.3
1336050 1671.3
1336060 1666.7
1336070 1666.7
1336080 1655.9
1336090 1647.3
1336100 1647.3
1336110 1640.7
1336120 1636.7
1336130 1636.7
1336140 1632.4
1336150 1624.8
1336160 1619.0
1336170 1619.0
1336180 1614.8
1336190 1608.6
1336200 1608.6
1336210 1602.7
1336220 1596.5
1336230 1596.5
1336240 1589.4
1336250 1581.0
1336260 1581.0
1336270 1572.9
1336280 1566.2
1336290 1566.2
1336300 1557.3
1336310 1544.8
1336320 1544.8
1336330 1534.6
1336340 1526.5
1336350 1526.5
1336360 1516.0
1336370 1505.2
1336380 1497.3
1336390 1497.3
1336400 1488.9
1336410 1478.2
1336420 1478.2
1336430 1467.7
1336440 1458.4
1336450 1458.4
1336460 1443.3
1336470 1413.9
1336480 1413.9
1336490 1380.3
1336500 1355.1
1336510 1355.1
1336520 1348.3
1336530 1343.2
1336540 1343.2
1336550 1337.8
1336560 1331.5
1336570 1331.5
1336580 1325.6
1336590 1320.0
1336600 1314.7
1336610 1314.7
1336620 1309.1
1336630 1302.9
1336640 1302.9
1336650 1300.2
1336660 1294.1
1336670 1294.1
1336680 1287.0
1336690 1280.7
1336700 1280.7
1336710 1277.9
1336720 1277.5
1336730 1277.5
1336740 1279.5
1336750 1279.0
1336760 1279.0
1336770 1279.2
1336780 1283.2
1336790 1283.2
1336800 1284.8
1336810 1285.0
1336820 1290.1
1336830 1290.1
1336840 1293.8
1336850 1295.0
1336860 1295.0
1336870 1297.6
1336880 1298.5
1336890 1298.5
1336900 1300.2
1336910 1303.7
1336920 1303.7
1336930 1307.1
1336940 1311.4
1336950 1311.4
1336960 1315.3
1336970 1318.3
1336980 1318.3
1336990 1321.2
1337000 1322.6
1337010 1322.6
1337020 1324.8
1337030 1330.2
1337040 1330.2
1337050 1335.0
1337060 1338.3
1337070 1343.0
1337080 1343.0
1337090 1347.7
1337100 1351.1
1337110 1351.1
1337120 1355.6
1337130 1359.9
1337140 1359.9
1337150 1362.5
1337160 1362.8
1337170 1362.8
1337180 1366.8
1337190 1371.7
1337200 1371.7
1337210 1376.2
1337220 1378.3
1337230 1378.3
1337240 1381.1
1337250 1384.6
1337260 1384.6
1337270 1386.7
1337280 1386.8
1337290 1384.8
1337300 1384.8
1337310 1383.3
1337320 1382.6
1337330 1382.6
1337340 1381.9
1337350 1380.5
1337360 1380.5
1337370 1379.9
1337380 1381.6
1337390 1381.6
1337400 1386.5
1337410 1392.2
1337420 1392.2
1337430 1396.2
1337440 1399.1
1337450 1399.1
1337460 1400.8
1337470 1405.3
1337480 1405.3
1337490 1409.7
1337500 1419.4
1337510 1436.1
1337520 1436.1
1337530 1440.8
1337540 1442.4
1337550 1442.4
1337560 1444.7
1337570 1447.1
1337580 1447.1
1337590 1448.8
1337600 1449.7
1337610 1449.7
1337620 1449.5
1337630 1449.8
1337640 1449.8
1337650 1447.9
1337660 1445.2
1337670 1445.2
1337680 1446.9
1337690 1443.7
1337700 1443.7
1337710 1434.8
1337720 1433.4
1337730 1436.8
1337740 1436.8
1337750 1441.1
1337760 1444.5
1337770 1444.5
1337780 1448.9
1337790 1451.5
1337800 1451.5
1337810 1452.2
1337820 1455.9
1337830 1455.9
1337840 1462.8
1337850 1466.8
1337860 1466.8
1337870 1461.3
1337880 1457.2
1337890 1457.2
1337900 1454.5
1337910 1453.5
1337920 1453.5
1337930 1452.3
1337940 1447.7
1337950 1438.3
1337960 1438.3
1337970 1433.9
1337980 1438.1
1337990 1438.1
1338000 1448.3
1338010 1458.9
1338020 1458.9
1338030 1466.9
1338040 1474.8
1338050 1474.8
1338060 1481.3
1338070 1486.6
1338080 1486.6
1338090 1490.5
1338100 1494.6
1338110 1494.6
1338120 1499.8
1338130 1505.6
1338140 1505.6
1338150 1510.8
1338160 1514.0
1338170 1514.0
1338180 1517.1
1338190 1517.8
1338200 1516.1
1338210 1516.1
1338220 1514.7
1338230 1513.0
1338240 1513.0
1338250 1513.7
1338260 1517.3
1338270 1517.3
1338280 1522.0
1338290 1525.7
1338300 1525.7
1338310 1527.9
1338320 1528.9
1338330 1528.9
1338340 1530.1
1338350 1531.9
1338360 1531.9
1338370 1527.3
1338380 1534.2
1338390 1534.2
1338400 1535.0
1338410 1536.4
1338420 1536.8
1338430 1536.8
1338440 1539.9
1338450 1544.2
1338460 1544.2
1338470 1543.5
1338480 1541.1
1338490 1541.1
1338500 1540.7
1338510 1538.3
1338520 1538.3
1338530 1531.0
1338540 1530.6
1338550 1530.6
1338560 1538.2
1338570 1544.0
1338580 1544.0
1338590 1547.2
1338600 1550.7
1338610 1550.7
1338620 1553.3
1338630 1556.0
1338640 1556.3
1338650 1556.3
1338660 1556.4
1338670 1557.2
1338680 1557.2
1338690 1556.9
1338700 1557.1
1338710 1557.1
1338720 1558.8
1338730 1560.5
1338740 1560.5
1338750 1561.1
1338760 1560.6
1338770 1560.6
1338780 1558.8
1338790 1556.3
1338800 1556.3
1338810 1555.4
1338820 1555.1
1338830 1555.1
1338840 1553.4
1338850 1551.7
1338860 1548.9
1338870 1548.9
1338880 1542.0
1338890 1538.2
1338900 1538.2
1338910 1536.7
1338920 1537.2
1338930 1537.2
1338940 1536.5
1338950 1534.8
1338960 1534.8
1338970 1533.2
1338980 1531.5
1338990 1531.5
1339000 1529.7
1339010 1527.0
1339020 1527.0
1339030 1523.7
1339040 1520.7
1339050 1520.7
1339060 1519.8
1339070 1518.1
1339080 1518.1
1339090 1519.8
1339100 1527.8
1339110 1531.1
1339120 1531.1
1339130 1529.3
1339140 1526.2
1339150 1526.2
1339160 1517.9
1339170 1509.0
1339180 1509.0
1339190 1508.7
1339200 1509.7
1339210 1509.7
1339220 1512.1
1339230 1514.6
1339240 1514.6
1339250 1523.2
1339260 1524.0
1339270 1524.0
1339280 1524.2
1339290 1523.7
1339300 1523.7
1339310 1522.9
1339320 1521.9
1339330 1521.1
1339340 1521.1
1339350 1523.6
1339360 1527.4
1339370 1527.4
1339380 1537.5
1339390 1540.9
1339400 1540.9
1339410 1541.7
1339420 1538.6
1339430 1538.6
1339440 1532.6
1339450 1533.5
1339460 1533.5
1339470 1535.0
1339480 1536.1
1339490 1536.1
1339500 1537.0
1339510 1536.9
1339520 1536.9
1339530 1537.2
1339540 1536.7
1339550 1535.5
1339560 1535.5
1339570 1533.8
1339580 1531.8
1339590 1531.8
1339600 1529.6
1339610 1527.1
1339620 1527.1
1339630 1525.8
1339640 1525.2
1339650 1525.2
1339660 1525.4
1339670 1527.1
1339680 1527.1
1339690 1528.9
1339700 1530.5
1339710 1530.5
1339720 1532.6
1339730 1533.9
1339740 1533.9
1339750 1534.6
1339760 1535.7
1339770 1536.5
1339780 1536.5
1339790 1536.4
1339800 1536.6
1339810 1536.6
1339820 1536.2
1339830 1535.0
1339840 1535.0
1339850 1533.7
1339860 1532.8
1339870 1532.8
1339880 1532.2
1339890 1530.5
1339900 1530.5
1339910 1528.7
1339920 1527.6
1339930 1527.6
1339940 1525.6
1339950 1523.0
1339960 1523.0
1339970 1520.1
1339980 1518.0
1339990 1515.3
