1320000 1288.3
1320010 1288.3
1320020 1291.7
1320030 1292.6
1320040 1292.6
1320050 1294.7
1320060 1295.3
1320070 1295.3
1320080 1293.7
1320090 1294.7
1320100 1298.9
1320110 1298.9
1320120 1306.2
1320130 1312.4
1320140 1312.4
1320150 1318.1
1320160 1323.3
1320170 1323.3
1320180 1325.0
1320190 1321.6
1320200 1321.6
1320210 1316.4
1320220 1309.3
1320230 1309.3
1320240 1298.8
1320250 1286.1
1320260 1286.1
1320270 1274.2
1320280 1264.6
1320290 1264.6
1320300 1250.0
1320310 1241.7
1320320 1240.1
1320330 1240.1
1320340 1233.0
1320350 1225.2
1320360 1225.2
1320370 1219.0
1320380 1221.0
1320390 1221.0
1320400 1213.5
1320410 1196.0
1320420 1196.0
1320430 1178.7
1320440 1171.4
1320450 1171.4
1320460 1166.4
1320470 1160.1
1320480 1160.1
1320490 1154.0
1320500 1148.2
1320510 1148.2
1320520 1143.1
1320530 1138.7
1320540 1138.7
1320550 1132.6
1320560 1125.7
1320570 1120.7
1320580 1120.7
1320590 1121.1
1320600 1119.0
1320610 1119.0
1320620 1115.8
1320630 1112.8
1320640 1112.8
1320650 1111.2
1320660 1110.8
1320670 1110.8
1320680 1111.7
1320690 1113.1
1320700 1113.1
1320710 1115.1
1320720 1117.4
1320730 1117.4
1320740 1119.8
1320750 1122.0
1320760 1122.0
1320770 1123.4
1320780 1123.1
1320790 1121.5
1320800 1121.5
1320810 1119.4
1320820 1117.2
1320830 1117.2
1320840 1115.3
1320850 1113.7
1320860 1113.7
1320870 1112.1
1320880 1110.7
1320890 1110.7
1320900 1109.8
1320910 1109.6
1320920 1109.6
1320930 1109.6
1320940 1109.6
1320950 1109.6
1320960 1109.6
1320970 1109.6
1320980 1109.6
1320990 1109.6
1321000 1109.6
1321010 1109.6
1321020 1109.6
1321030 1109.6
1321040 1109.6
1321050 1109.6
1321060 1109.6
1321070 1109.6
1321080 1109.6
1321090 1109.6
1321100 1109.6
1321110 1109.6
1321120 1109.6
1321130 1109.6
1321140 1109.6
1321150 1109.6
1321160 1109.6
1321170 1109.6
1321180 1109.6
1321190 1109.6
1321200 1109.6
1321210 1109.6
1321220 1109.6
1321230 1109.6
1321240 1109.6
1321250 1109.6
1321260 1109.6
1321270 1109.6
1321280 1109.6
1321290 1109.6
1321300 1109.6
1321310 1109.6
1321320 1109.8
1321330 1109.8
1321340 1112.2
1321350 1116.5
1321360 1116.5
1321370 1122.5
1321380 1124.6
1321390 1124.6
1321400 1126.1
1321410 1131.3
1321420 1131.3
1321430 1135.0
1321440 1138.9
1321450 1138.9
1321460 1143.3
1321470 1147.3
1321480 1151.2
1321490 1151.2
1321500 1155.3
1321510 1159.3
1321520 1159.3
1321530 1162.8
1321540 1166.4
1321550 1166.4
1321560 1169.8
1321570 1173.3
1321580 1173.3
1321590 1175.2
1321600 1174.4
1321610 1174.4
1321620 1177.6
1321630 1183.2
1321640 1183.2
1321650 1189.2
1321660 1191.7
1321670 1191.7
1321680 1194.2
1321690 1198.6
1321700 1202.9
1321710 1202.9
1321720 1207.5
1321730 1213.1
1321740 1213.1
1321750 1220.2
1321760 1227.6
1321770 1227.6
1321780 1233.8
1321790 1238.4
1321800 1238.4
1321810 1241.5
1321820 1245.9
1321830 1245.9
1321840 1251.2
1321850 1259.0
1321860 1259.0
1321870 1268.3
1321880 1277.4
1321890 1277.4
1321900 1286.8
1321910 1300.2
1321920 1313.6
1321930 1313.6
1321940 1325.8
1321950 1336.5
1321960 1336.5
1321970 1344.4
1321980 1352.3
1321990 1352.3
1322000 1359.0
1322010 1365.9
1322020 1365.9
1322030 1374.0
1322040 1383.2
1322050 1383.2
1322060 1392.0
1322070 1400.5
1322080 1400.5
1322090 1409.4
1322100 1419.3
1322110 1419.3
1322120 1428.4
1322130 1436.0
1322140 1438.4
1322150 1438.4
1322160 1446.5
1322170 1455.2
1322180 1455.2
1322190 1460.9
1322200 1465.4
1322210 1465.4
1322220 1465.1
1322230 1464.7
1322240 1464.7
1322250 1466.2
1322260 1470.1
1322270 1470.1
1322280 1475.7
1322290 1484.5
1322300 1484.5
1322310 1494.9
1322320 1503.5
1322330 1503.5
1322340 1509.8
1322350 1515.6
1322360 1522.3
1322370 1522.3
1322380 1529.2
1322390 1536.5
1322400 1536.5
1322410 1544.4
1322420 1550.8
1322430 1550.8
1322440 1558.3
1322450 1565.5
1322460 1565.5
1322470 1572.2
1322480 1578.4
1322490 1578.4
1322500 1585.0
1322510 1591.2
1322520 1591.2
1322530 1597.5
1322540 1604.0
1322550 1604.0
1322560 1610.6
1322570 1617.3
1322580 1617.3
1322590 1623.7
1322600 1630.3
1322610 1637.0
1322620 1637.0
1322630 1643.8
1322640 1650.8
1322650 1650.8
1322660 1656.7
1322670 1662.9
1322680 1662.9
1322690 1670.7
1322700 1679.2
1322710 1679.2
1322720 1688.6
1322730 1699.9
1322740 1699.9
1322750 1712.7
1322760 1722.9
1322770 1722.9
1322780 1731.6
1322790 1737.9
1322800 1737.9
1322810 1743.6
1322820 1750.0
1322830 1756.6
1322840 1756.6
1322850 1764.2
1322860 1772.1
1322870 1772.1
1322880 1779.6
1322890 1787.2
1322900 1787.2
1322910 1794.3
1322920 1801.0
1322930 1796.9
1322940 1803.1
1322950 1808.9
1322960 1808.9
1322970 1813.5
1322980 1815.6
1322990 1815.6
1323000 1819.4
1323010 1823.3
1323020 1823.3
1323030 1825.0
1323040 1828.7
1323050 1832.8
1323060 1832.8
1323070 1835.4
1323080 1839.3
1323090 1839.3
1323100 1842.1
1323110 1845.3
1323120 1845.3
1323130 1849.0
1323140 1854.6
1323150 1854.6
1323160 1860.6
1323170 1866.3
1323180 1866.3
1323190 1871.4
1323200 1876.5
1323210 1876.5
1323220 1881.4
1323230 1884.3
1323240 1884.3
1323250 1886.5
1323260 1891.8
1323270 1897.2
1323280 1897.2
1323290 1898.9
1323300 1899.9
1323310 1899.9
1323320 1904.7
1323330 1913.7
1323340 1913.7
1323350 1917.9
1323360 1924.5
1323370 1924.5
1323380 1931.1
1323390 1936.9
1323400 1936.9
1323410 1943.7
1323420 1947.4
1323430 1947.4
1323440 1950.0
1323450 1954.0
1323460 1954.0
1323470 1959.7
1323480 1964.4
1323490 1964.4
1323500 1967.4
1323510 1973.9
1323520 1979.5
1323530 1979.5
1323540 1987.0
1323550 1994.3
1323560 1994.3
1323570 2003.1
1323580 2012.5
1323590 2012.5
1323600 2022.6
1323610 2031.9
1323620 2031.9
1323630 2041.0
1323640 2049.1
1323650 2049.1
1323660 2056.2
1323670 2062.9
1323680 2062.9
1323690 2068.7
1323700 2075.4
1323710 2075.4
1323720 2078.7
1323730 2086.6
1323740 2093.6
1323750 2093.6
1323760 2099.7
1323770 2105.0
1323780 2105.0
1323790 2108.6
1323800 2111.9
1323810 2111.9
1323820 2115.2
1323830 2119.8
1323840 2119.8
1323850 2125.8
1323860 2131.7
1323870 2131.7
1323880 2137.2
1323890 2142.2
1323900 2142.2
1323910 2146.4
1323920 2150.4
1323930 2150.4
1323940 2153.5
1323950 2156.5
1323960 2159.3
1323970 2159.3
1323980 2161.8
1323990 2164.0
1324000 2164.0
1324010 2165.8
1324020 2166.9
1324030 2166.9
1324040 2168.0
1324050 2169.1
1324060 2169.1
1324070 2169.1
1324080 2168.5
1324090 2168.5
1324100 2168.7
1324110 2170.4
1324120 2170.4
1324130 2171.8
1324140 2172.6
1324150 2172.6
1324160 2174.1
1324170 2176.2
1324180 2177.9
1324190 2177.9
1324200 2179.7
1324210 2181.3
1324220 2181.3
1324230 2181.8
1324240 2180.8
1324250 2180.8
1324260 2178.3
1324270 2174.3
1324280 2174.3
1324290 2173.4
1324300 2173.9
1324310 2173.9
1324320 2173.5
1324330 2173.1
1324340 2173.1
1324350 2173.1
1324360 2172.7
1324370 2172.7
1324380 2171.9
1324390 2171.1
1324400 2171.1
1324410 2169.7
1324420 2168.6
1324430 2166.3
1324440 2166.3
1324450 2163.5
1324460 2161.3
1324470 2161.3
1324480 2160.5
1324490 2161.2
1324500 2161.2
1324510 2157.3
1324520 2159.6
1324530 2159.6
1324540 2160.7
1324550 2160.1
1324560 2160.1
1324570 2160.7
1324580 2162.2
1324590 2162.2
1324600 2163.9
1324610 2164.6
1324620 2164.6
1324630 2167.2
1324640 2169.6
1324650 2172.2
1324660 2172.2
1324670 2174.1
1324680 2175.1
1324690 2175.1
1324700 2176.3
1324710 2176.7
1324720 2176.7
1324730 2171.8
1324740 2167.8
1324750 2167.8
1324760 2166.6
1324770 2165.7
1324780 2165.7
1324790 2169.7
1324800 2170.2
1324810 2170.2
1324820 2167.2
1324830 2165.1
1324840 2165.1
1324850 2166.7
1324860 2166.8
1324870 2166.3
1324880 2166.3
1324890 2167.3
1324900 2163.3
1324910 2163.3
1324920 2160.1
1324930 2160.3
1324940 2160.3
1324950 2160.0
1324960 2162.0
1324970 2162.0
1324980 2161.0
1324990 2156.7
1325000 2156.7
1325010 2154.0
1325020 2155.6
1325030 2155.6
1325040 2158.6
1325050 2159.2
1325060 2159.2
1325070 2158.7
1325080 2157.7
1325090 2156.7
1325100 2156.7
1325110 2155.9
1325120 2153.9
1325130 2153.9
1325140 2156.5
1325150 2161.4
1325160 2161.4
1325170 2163.8
1325180 2164.5
1325190 2164.5
1325200 2165.4
1325210 2166.7
1325220 2166.7
1325230 2167.4
1325240 2168.6
1325250 2168.6
1325260 2170.9
1325270 2172.2
1325280 2172.2
1325290 2173.3
1325300 2168.8
1325310 2168.8
1325320 2169.9
1325330 2170.5
1325340 2172.3
1325350 2172.3
1325360 2174.5
1325370 2177.1
1325380 2177.1
1325390 2180.0
1325400 2182.5
1325410 2182.5
1325420 2184.5
1325430 2186.2
1325440 2186.2
1325450 2187.1
1325460 2187.2
1325470 2187.2
1325480 2187.1
1325490 2188.0
1325500 2188.0
1325510 2189.8
1325520 2191.7
1325530 2191.7
1325540 2193.9
1325550 2196.6
1325560 2199.5
1325570 2199.5
1325580 2202.1
1325590 2203.5
1325600 2203.5
1325610 2203.8
1325620 2204.2
1325630 2204.2
1325640 2205.2
1325650 2207.7
1325660 2207.7
1325670 2208.9
1325680 2210.1
1325690 2210.1
1325700 2211.7
1325710 2213.2
1325720 2213.2
1325730 2213.5
1325740 2213.1
1325750 2213.1
1325760 2212.2
1325770 2211.5
1325780 2210.7
1325790 2210.7
1325800 2209.8
1325810 2210.9
1325820 2210.9
1325830 2212.3
1325840 2213.3
1325850 2213.3
1325860 2213.9
1325870 2214.9
1325880 2214.9
1325890 2215.9
1325900 2217.3
1325910 2217.3
1325920 2219.3
1325930 2221.0
1325940 2221.0
1325950 2223.1
1325960 2225.6
1325970 2225.6
1325980 2229.5
1325990 2232.9
1326000 2235.9
1326010 2235.9
1326020 2238.3
1326030 2240.9
1326040 2240.9
1326050 2243.1
1326060 2245.1
1326070 2245.1
1326080 2246.6
1326090 2249.3
1326100 2248.2
1326110 2251.0
1326120 2253.5
1326130 2253.5
1326140 2255.9
1326150 2258.6
1326160 2258.6
1326170 2261.7
1326180 2263.9
1326190 2263.9
1326200 2265.4
1326210 2267.7
1326220 2269.8
1326230 2269.8
1326240 2271.7
1326250 2273.5
1326260 2273.5
1326270 2275.4
1326280 2277.0
1326290 2277.0
1326300 2278.7
1326310 2280.9
1326320 2280.9
1326330 2283.6
1326340 2286.7
1326350 2286.7
1326360 2290.2
1326370 2294.3
1326380 2294.3
1326390 2298.0
1326400 2301.4
1326410 2301.4
1326420 2304.7
1326430 2308.1
1326440 2308.1
1326450 2311.7
1326460 2315.4
1326470 2318.8
1326480 2318.8
1326490 2321.8
1326500 2325.1
1326510 2325.1
1326520 2328.7
1326530 2332.1
1326540 2332.1
1326550 2335.1
1326560 2337.7
1326570 2337.7
1326580 2340.3
1326590 2342.7
1326600 2342.7
1326610 2345.7
1326620 2350.2
1326630 2350.2
1326640 2355.6
1326650 2361.9
1326660 2361.9
1326670 2368.6
1326680 2375.2
1326690 2381.4
1326700 2381.4
1326710 2385.3
1326720 2386.5
1326730 2386.5
1326740 2387.8
1326750 2390.6
1326760 2390.6
1326770 2393.7
1326780 2397.5
1326790 2397.5
1326800 2401.4
1326810 2404.4
1326820 2404.4
1326830 2407.2
1326840 2411.3
1326850 2411.3
1326860 2416.1
1326870 2420.2
1326880 2420.2
1326890 2423.5
1326900 2427.2
1326910 2430.8
1326920 2430.8
1326930 2434.7
1326940 2439.0
1326950 2439.0
1326960 2443.0
1326970 2447.2
1326980 2447.2
1326990 2450.2
1327000 2453.4
1327010 2453.4
1327020 2457.1
1327030 2461.0
1327040 2461.0
1327050 2464.5
1327060 2468.0
1327070 2468.0
1327080 2471.3
1327090 2474.5
1327100 2474.5
1327110 2478.0
1327120 2481.8
1327130 2485.6
1327140 2485.6
1327150 2490.0
1327160 2494.1
1327170 2494.1
1327180 2498.6
1327190 2503.3
1327200 2503.3
1327210 2508.4
1327220 2513.9
1327230 2513.9
1327240 2519.6
1327250 2525.2
1327260 2525.2
1327270 2530.9
1327280 2536.8
1327290 2536.8
1327300 2542.8
1327310 2549.0
1327320 2549.0
1327330 2555.7
1327340 2562.6
1327350 2562.6
1327360 2569.0
1327370 2575.4
1327380 2582.0
1327390 2582.0
1327400 2588.4
1327410 2594.9
1327420 2594.9
1327430 2601.7
1327440 2608.8
1327450 2608.8
1327460 2615.4
1327470 2622.1
1327480 2622.1
1327490 2629.2
1327500 2637.4
1327510 2637.4
1327520 2646.1
1327530 2658.9
1327540 2658.9
1327550 2671.7
1327560 2683.8
1327570 2683.8
1327580 2694.1
1327590 2702.4
1327600 2709.9
1327610 2709.9
1327620 2718.6
1327630 2730.1
1327640 2730.1
1327650 2736.5
1327660 2723.8
1327670 2723.8
1327680 2705.8
1327690 2682.3
1327700 2682.3
1327710 2676.8
1327720 2663.7
1327730 2663.7
1327740 2652.8
1327750 2642.1
1327760 2642.1
1327770 2631.4
1327780 2622.3
1327790 2622.3
1327800 2613.5
1327810 2604.3
1327820 2597.8
1327830 2597.8
1327840 2592.6
1327850 2587.9
1327860 2587.9
1327870 2583.7
1327880 2581.0
1327890 2581.0
1327900 2579.5
1327910 2576.6
1327920 2576.6
1327930 2572.4
1327940 2567.2
1327950 2567.2
1327960 2562.6
1327970 2558.1
1327980 2558.1
1327990 2556.7
1328000 2559.7
1328010 2559.7
1328020 2563.0
1328030 2563.4
1328040 2561.7
1328050 2561.7
1328060 2559.5
1328070 2555.7
1328080 2555.7
1328090 2546.2
1328100 2531.5
1328110 2531.5
1328120 2518.0
1328130 2507.7
1328140 2507.7
1328150 2499.0
1328160 2489.7
1328170 2489.7
1328180 2481.7
1328190 2471.4
1328200 2471.4
1328210 2464.0
1328220 2458.1
1328230 2458.1
1328240 2452.6
1328250 2447.3
1328260 2447.3
1328270 2442.5
1328280 2438.5
1328290 2435.2
1328300 2435.2
1328310 2431.6
1328320 2428.1
1328330 2428.1
1328340 2424.7
1328350 2421.0
1328360 2421.0
1328370 2417.5
1328380 2412.9
1328390 2412.9
1328400 2408.9
1328410 2407.6
1328420 2407.6
1328430 2407.7
1328440 2407.1
1328450 2407.1
1328460 2404.4
1328470 2398.7
1328480 2398.7
1328490 2394.4
1328500 2389.7
1328510 2387.2
1328520 2387.9
1328530 2385.3
1328540 2380.9
1328550 2380.9
1328560 2376.3
1328570 2370.3
1328580 2370.3
1328590 2365.7
1328600 2361.3
1328610 2361.3
1328620 2357.2
1328630 2354.3
1328640 2354.3
1328650 2351.7
1328660 2350.1
1328670 2350.1
1328680 2348.6
1328690 2345.9
1328700 2345.9
1328710 2343.9
1328720 2341.2
1328730 2337.6
1328740 2337.6
1328750 2334.6
1328760 2332.0
1328770 2332.0
1328780 2329.4
1328790 2327.0
1328800 2327.0
1328810 2324.8
1328820 2322.8
1328830 2322.8
1328840 2320.8
1328850 2318.5
1328860 2318.5
1328870 2316.1
1328880 2313.2
1328890 2313.2
1328900 2309.7
1328910 2306.5
1328920 2306.5
1328930 2304.4
1328940 2302.4
1328950 2301.3
1328960 2301.3
1328970 2300.4
1328980 2299.0
1328990 2299.0
1329000 2297.8
1329010 2294.9
1329020 2294.9
1329030 2291.0
1329040 2288.0
1329050 2288.0
1329060 2285.2
1329070 2282.2
1329080 2282.2
1329090 2279.2
1329100 2276.1
1329110 2276.1
1329120 2273.6
1329130 2269.9
1329140 2269.9
1329150 2265.3
1329160 2260.4
1329170 2255.4
1329180 2255.4
1329190 2250.9
1329200 2246.9
1329210 2246.9
1329220 2242.9
1329230 2238.4
1329240 2238.4
1329250 2235.1
1329260 2232.6
1329270 2232.6
1329280 2230.8
1329290 2229.6
1329300 2229.6
1329310 2226.9
1329320 2223.6
1329330 2223.6
1329340 2217.3
1329350 2213.8
1329360 2213.8
1329370 2210.7
1329380 2206.9
1329390 2206.9
1329400 2202.2
1329410 2197.3
1329420 2193.4
1329430 2193.4
1329440 2189.4
1329450 2185.8
1329460 2185.8
1329470 2183.0
1329480 2181.1
1329490 2181.1
1329500 2179.4
1329510 2177.6
1329520 2177.6
1329530 2176.2
1329540 2174.9
1329550 2174.9
1329560 2172.9
1329570 2170.8
1329580 2170.8
1329590 2169.4
1329600 2168.6
1329610 2168.6
1329620 2166.0
1329630 2161.9
1329640 2158.0
1329650 2158.0
1329660 2154.3
1329670 2150.5
1329680 2150.5
1329690 2146.8
1329700 2143.9
1329710 2143.9
1329720 2141.2
1329730 2137.3
1329740 2137.3
1329750 2133.4
1329760 2130.0
1329770 2130.0
1329780 2127.1
1329790 2124.6
1329800 2124.6
1329810 2122.0
1329820 2119.3
1329830 2119.3
1329840 2116.7
1329850 2114.2
1329860 2111.7
1329870 2111.7
1329880 2109.3
1329890 2107.1
1329900 2107.1
1329910 2104.3
1329920 2101.6
1329930 2101.6
1329940 2099.6
1329950 2098.5
1329960 2098.5
1329970 2097.9
1329980 2097.1
1329990 2097.1
1330000 2095.8
1330010 2094.3
1330020 2094.3
1330030 2091.7
1330040 2087.9
1330050 2087.9
1330060 2084.9
1330070 2081.5
1330080 2077.8
1330090 2077.8
1330100 2073.4
1330110 2068.4
1330120 2068.4
1330130 2063.0
1330140 2057.2
1330150 2057.2
1330160 2049.6
1330170 2043.9
1330180 2043.9
1330190 2038.2
1330200 2032.2
1330210 2032.2
1330220 2024.8
1330230 2017.3
1330240 2017.3
1330250 2011.5
1330260 2006.8
1330270 2006.8
1330280 2000.8
1330290 1994.5
1330300 1994.5
1330310 1986.6
1330320 1978.8
1330330 1971.6
1330340 1971.6
1330350 1965.2
1330360 1959.4
1330370 1959.4
1330380 1953.6
1330390 1947.5
1330400 1947.5
1330410 1941.1
1330420 1936.4
1330430 1936.4
1330440 1931.5
1330450 1923.9
1330460 1923.9
1330470 1915.8
1330480 1907.7
1330490 1907.7
1330500 1899.3
1330510 1890.8
1330520 1890.8
1330530 1882.7
1330540 1875.3
1330550 1867.5
1330560 1867.5
1330570 1859.5
1330580 1852.2
1330590 1852.2
1330600 1846.3
1330610 1841.3
1330620 1841.3
1330630 1837.1
1330640 1833.8
1330650 1833.8
1330660 1831.1
1330670 1828.2
1330680 1828.2
1330690 1825.5
1330700 1822.7
1330710 1822.7
1330720 1819.5
1330730 1815.9
1330740 1815.9
1330750 1812.8
1330760 1810.2
1330770 1808.3
1330780 1808.3
1330790 1807.0
1330800 1805.8
1330810 1805.8
1330820 1805.2
1330830 1804.2
1330840 1804.2
1330850 1803.3
1330860 1802.5
1330870 1802.5
1330880 1802.2
1330890 1801.7
1330900 1801.7
1330910 1801.1
1330920 1801.2
1330930 1801.2
1330940 1801.0
1330950 1800.3
1330960 1800.3
1330970 1800.1
1330980 1802.0
1330990 1803.6
1331000 1803.6
1331010 1805.8
1331020 1809.1
1331030 1809.1
1331040 1812.9
1331050 1817.1
1331060 1817.1
1331070 1821.6
1331080 1826.1
1331090 1826.1
1331100 1830.8
1331110 1836.0
1331120 1836.0
1331130 1841.4
1331140 1846.9
1331150 1846.9
1331160 1852.8
1331170 1859.2
1331180 1859.2
1331190 1866.0
1331200 1873.5
1331210 1881.0
1331220 1881.0
1331230 1889.0
1331240 1896.7
1331250 1896.7
1331260 1904.9
1331270 1913.1
1331280 1913.1
1331290 1921.3
1331300 1928.8
1331310 1928.8
1331320 1937.0
1331330 1945.7
1331340 1945.7
1331350 1955.6
1331360 1969.7
1331370 1969.7
1331380 1988.4
1331390 2002.8
1331400 2002.8
1331410 2014.9
1331420 2022.7
1331430 2022.7
1331440 2026.6
1331450 2028.8
1331460 2030.5
1331470 2030.5
1331480 2033.2
1331490 2037.1
1331500 2037.1
1331510 2041.6
1331520 2046.9
1331530 2046.9
1331540 2052.5
1331550 2058.0
1331560 2058.0
1331570 2063.9
1331580 2070.6
1331590 2070.6
1331600 2076.9
1331610 2082.9
1331620 2082.9
1331630 2089.2
1331640 2095.2
1331650 2095.2
1331660 2100.1
1331670 2104.8
1331680 2110.2
1331690 2110.2
1331700 2112.3
1331710 2114.7
1331720 2114.7
1331730 2121.0
1331740 2129.3
1331750 2129.3
1331760 2143.0
1331770 2155.6
1331780 2155.6
1331790 2158.5
1331800 2163.5
1331810 2177.2
1331820 2184.8
1331830 2200.7
1331840 2200.7
1331850 2218.0
1331860 2234.0
1331870 2234.0
1331880 2244.9
1331890 2252.3
1331900 2258.6
1331910 2258.6
1331920 2267.7
1331930 2275.2
1331940 2275.2
1331950 2273.8
1331960 2273.2
1331970 2273.2
1331980 2279.9
1331990 2290.5
1332000 2290.5
1332010 2301.4
1332020 2311.3
1332030 2311.3
1332040 2320.8
1332050 2328.8
1332060 2328.8
1332070 2333.8
1332080 2334.7
1332090 2334.7
1332100 2339.4
1332110 2347.6
1332120 2356.8
1332130 2356.8
1332140 2365.8
1332150 2374.9
1332160 2374.9
1332170 2386.2
1332180 2397.8
1332190 2397.8
1332200 2407.1
1332210 2413.4
1332220 2413.4
1332230 2419.6
1332240 2427.5
1332250 2427.5
1332260 2435.3
1332270 2443.2
1332280 2443.2
1332290 2458.3
1332300 2472.9
1332310 2472.9
1332320 2486.5
1332330 2499.6
1332340 2499.6
1332350 2513.5
1332360 2527.7
1332370 2537.4
1332380 2537.4
1332390 2541.8
1332400 2545.4
1332410 2545.4
1332420 2549.6
1332430 2553.1
1332440 2553.1
1332450 2556.1
1332460 2560.8
1332470 2560.8
1332480 2567.3
1332490 2574.6
1332500 2574.6
1332510 2579.6
1332520 2585.5
1332530 2585.5
1332540 2593.8
1332550 2602.1
1332560 2602.1
1332570 2611.7
1332580 2623.3
1332590 2635.0
1332600 2635.0
1332610 2647.4
1332620 2643.9
1332630 2643.9
1332640 2641.3
1332650 2636.8
1332660 2636.8
1332670 2633.9
1332680 2631.3
1332690 2631.3
1332700 2628.5
1332710 2626.2
1332720 2626.2
1332730 2620.6
1332740 2602.3
1332750 2602.3
1332760 2578.1
1332770 2544.5
1332780 2544.5
1332790 2533.2
1332800 2531.2
1332810 2527.5
1332820 2527.5
1332830 2523.8
1332840 2523.0
1332850 2523.0
1332860 2521.9
1332870 2520.2
1332880 2520.2
1332890 2518.1
1332900 2516.1
1332910 2516.1
1332920 2515.7
1332930 2510.8
1332940 2510.8
1332950 2505.8
1332960 2504.3
1332970 2504.3
1332980 2502.5
1332990 2500.8
1333000 2500.8
1333010 2499.5
1333020 2498.9
1333030 2497.7
1333040 2497.7
1333050 2495.5
1333060 2494.7
1333070 2494.7
1333080 2494.2
1333090 2493.3
1333100 2493.3
1333110 2492.5
1333120 2491.4
1333130 2491.4
1333140 2489.7
1333150 2487.5
1333160 2487.5
1333170 2487.7
1333180 2488.9
1333190 2488.9
1333200 2489.9
1333210 2490.2
1333220 2490.2
1333230 2489.6
1333240 2489.5
1333250 2489.6
1333260 2489.6
1333270 2490.8
1333280 2492.6
1333290 2492.6
1333300 2494.3
1333310 2497.3
1333320 2497.3
1333330 2501.6
1333340 2509.3
1333350 2509.3
1333360 2518.4
1333370 2522.6
1333380 2522.6
1333390 2524.5
1333400 2526.1
1333410 2526.1
1333420 2527.4
1333430 2527.5
1333440 2527.5
1333450 2527.3
1333460 2524.4
1333470 2524.4
1333480 2532.8
1333490 2526.9
1333500 2527.1
1333510 2527.1
1333520 2527.5
1333530 2530.9
1333540 2530.9
1333550 2529.3
1333560 2522.6
1333570 2522.6
1333580 2516.9
1333590 2509.4
1333600 2509.4
1333610 2501.8
1333620 2494.3
1333630 2494.3
1333640 2490.8
1333650 2482.5
1333660 2482.5
1333670 2465.8
1333680 2453.1
1333690 2453.1
1333700 2450.9
1333710 2450.2
1333720 2448.4
1333730 2448.4
1333740 2444.4
1333750 2438.9
1333760 2438.9
1333770 2432.6
1333780 2426.7
1333790 2426.7
1333800 2421.7
1333810 2419.1
1333820 2419.1
1333830 2416.9
1333840 2415.0
1333850 2415.0
1333860 2412.8
1333870 2410.6
1333880 2410.6
1333890 2408.9
1333900 2406.7
1333910 2406.7
1333920 2404.0
1333930 2401.1
1333940 2397.9
1333950 2397.9
1333960 2395.0
1333970 2392.2
1333980 2392.2
1333990 2389.7
1334000 2389.8
1334010 2389.8
1334020 2392.0
1334030 2393.1
1334040 2393.1
1334050 2394.0
1334060 2395.1
1334070 2395.1
1334080 2396.0
1334090 2392.7
1334100 2392.7
1334110 2382.0
1334120 2370.1
1334130 2370.1
1334140 2359.2
1334150 2347.8
1334160 2332.6
1334170 2332.6
1334180 2320.2
1334190 2310.2
1334200 2310.2
1334210 2301.6
1334220 2294.9
1334230 2294.9
1334240 2290.8
1334250 2286.3
1334260 2286.3
1334270 2278.6
1334280 2266.8
1334290 2266.8
1334300 2256.8
1334310 2246.1
1334320 2251.4
1334330 2240.1
1334340 2228.9
1334350 2228.9
1334360 2218.9
1334370 2208.4
1334380 2208.4
1334390 2201.0
1334400 2195.0
1334410 2188.0
1334420 2188.0
1334430 2180.4
1334440 2172.7
1334450 2172.7
1334460 2164.9
1334470 2157.1
1334480 2157.1
1334490 2150.4
1334500 2145.6
1334510 2145.6
1334520 2141.9
1334530 2137.9
1334540 2137.9
1334550 2133.7
1334560 2129.0
1334570 2129.0
1334580 2123.7
1334590 2118.2
1334600 2118.2
1334610 2112.3
1334620 2106.8
1334630 2101.9
1334640 2101.9
1334650 2097.2
1334660 2093.0
1334670 2093.0
1334680 2088.4
1334690 2084.0
1334700 2084.0
1334710 2079.8
1334720 2075.5
1334730 2075.5
1334740 2072.5
1334750 2071.2
1334760 2071.2
1334770 2068.8
1334780 2065.5
1334790 2065.5
1334800 2062.1
1334810 2055.7
1334820 2055.7
1334830 2048.1
1334840 2043.0
1334850 2041.7
1334860 2041.7
1334870 2041.3
1334880 2039.7
1334890 2039.7
1334900 2036.2
1334910 2032.9
1334920 2032.9
1334930 2028.4
1334940 2024.5
1334950 2024.5
1334960 2021.8
1334970 2019.0
1334980 2019.0
1334990 2016.2
1335000 2013.1
1335010 2013.1
1335020 2011.6
1335030 2009.3
1335040 2009.3
1335050 2006.5
1335060 2002.6
1335070 1998.3
1335080 1998.3
1335090 1994.5
1335100 1990.2
1335110 1990.2
1335120 1986.4
1335130 1981.7
1335140 1981.7
1335150 1976.9
1335160 1974.9
1335170 1983.0
1335180 1982.2
1335190 1980.4
1335200 1980.4
1335210 1978.6
1335220 1976.9
1335230 1976.9
1335240 1977.1
1335250 1977.3
1335260 1977.3
1335270 1974.9
1335280 1971.5
1335290 1967.3
1335300 1967.3
1335310 1962.2
1335320 1959.3
1335330 1959.3
1335340 1956.5
1335350 1952.8
1335360 1952.8
1335370 1948.5
1335380 1944.3
1335390 1944.3
1335400 1938.9
1335410 1934.0
1335420 1934.0
1335430 1930.2
1335440 1926.6
1335450 1926.6
1335460 1922.5
1335470 1918.0
1335480 1918.0
1335490 1909.8
1335500 1901.6
1335510 1901.6
1335520 1895.0
1335530 1883.4
1335540 1867.6
1335550 1867.6
1335560 1853.7
1335570 1842.2
1335580 1842.2
1335590 1832.5
1335600 1822.1
1335610 1822.1
1335620 1812.3
1335630 1802.1
1335640 1802.1
1335650 1789.3
1335660 1748.3
1335670 1748.3
1335680 1727.2
1335690 1706.7
1335700 1706.7
1335710 1690.5
1335720 1683.9
1335730 1683.9
1335740 1677.4
1335750 1670.8
1335760 1664.8
1335770 1664.8
1335780 1658.4
1335790 1652.5
1335800 1652.5
1335810 1647.9
1335820 1643.7
1335830 1643.7
1335840 1640.1
1335850 1637.8
1335860 1637.8
1335870 1638.2
1335880 1648.1
1335890 1648.1
1335900 1655.3
1335910 1661.5
1335920 1661.5
1335930 1658.3
1335940 1642.3
1335950 1642.3
1335960 1634.4
1335970 1610.3
1335980 1590.9
1335990 1590.9
1336000 1578.7
1336010 1562.7
1336020 1568.0
1336030 1553.1
1336040 1536.8
1336050 1536.8
1336060 1523.5
1336070 1517.5
1336080 1517.5
1336090 1515.3
1336100 1511.3
1336110 1511.3
1336120 1506.7
1336130 1502.5
1336140 1502.5
1336150 1500.1
1336160 1502.2
1336170 1502.2
1336180 1506.9
1336190 1502.4
1336200 1489.3
1336210 1489.3
1336220 1460.9
1336230 1443.2
1336240 1443.2
1336250 1437.4
1336260 1429.6
1336270 1429.6
1336280 1418.1
1336290 1403.6
1336300 1403.6
1336310 1391.3
1336320 1385.7
1336330 1385.7
1336340 1379.1
1336350 1371.9
1336360 1371.9
1336370 1364.0
1336380 1357.4
1336390 1357.4
1336400 1350.5
1336410 1342.5
1336420 1342.5
1336430 1335.4
1336440 1328.7
1336450 1322.8
1336460 1322.8
1336470 1317.5
1336480 1311.7
1336490 1311.7
1336500 1305.6
1336510 1301.0
1336520 1301.0
1336530 1295.8
1336540 1290.5
1336550 1290.5
1336560 1286.1
1336570 1280.9
1336580 1280.9
1336590 1276.4
1336600 1272.8
1336610 1272.8
1336620 1269.5
1336630 1267.8
1336640 1267.8
1336650 1265.6
1336660 1265.3
1336670 1266.0
1336680 1266.0
1336690 1266.0
1336700 1265.6
1336710 1265.6
1336720 1265.8
1336730 1265.9
1336740 1265.9
1336750 1266.2
1336760 1266.4
1336770 1266.4
1336780 1266.4
1336790 1266.3
1336800 1266.3
1336810 1265.6
1336820 1265.8
1336830 1265.8
1336840 1266.3
1336850 1266.6
1336860 1266.6
1336870 1267.7
1336880 1269.6
1336890 1269.3
1336900 1269.3
1336910 1268.6
1336920 1267.9
1336930 1267.9
1336940 1267.1
1336950 1266.9
1336960 1266.9
1336970 1267.5
1336980 1268.2
1336990 1268.2
1337000 1269.7
1337010 1271.3
1337020 1271.3
1337030 1273.2
1337040 1274.9
1337050 1274.9
1337060 1276.5
1337070 1279.1
1337080 1279.1
1337090 1282.8
1337100 1286.0
1337110 1287.7
1337120 1287.7
1337130 1289.0
1337140 1288.5
1337150 1288.5
1337160 1288.6
1337170 1289.1
1337180 1289.1
1337190 1290.2
1337200 1291.9
1337210 1291.9
1337220 1293.7
1337230 1294.8
1337240 1294.8
1337250 1294.2
1337260 1292.1
1337270 1292.1
1337280 1291.8
1337290 1292.5
1337300 1292.5
1337310 1294.3
1337320 1296.0
1337330 1296.0
1337340 1295.2
1337350 1295.5
1337360 1296.3
1337370 1296.3
1337380 1296.2
1337390 1294.8
1337400 1294.8
1337410 1293.6
1337420 1294.5
1337430 1294.5
1337440 1296.7
1337450 1296.7
1337460 1296.7
1337470 1297.6
1337480 1299.2
1337490 1299.2
1337500 1299.3
1337510 1300.7
1337520 1300.7
1337530 1302.5
1337540 1304.0
1337550 1304.0
1337560 1305.3
1337570 1307.9
1337580 1311.5
1337590 1311.5
1337600 1314.6
1337610 1316.5
1337620 1316.5
1337630 1318.3
1337640 1319.8
1337650 1319.8
1337660 1322.8
1337670 1325.9
1337680 1325.9
1337690 1328.6
1337700 1331.9
1337710 1331.9
1337720 1335.2
1337730 1338.6
1337740 1341.5
1337750 1344.1
1337760 1344.7
1337770 1344.7
1337780 1346.4
1337790 1348.5
1337800 1351.6
1337810 1351.6
1337820 1355.4
1337830 1358.6
1337840 1358.6
1337850 1361.4
1337860 1364.7
1337870 1364.7
1337880 1368.0
1337890 1369.7
1337900 1369.7
1337910 1372.0
1337920 1373.8
1337930 1373.8
1337940 1376.1
1337950 1378.4
1337960 1378.4
1337970 1378.4
1337980 1377.4
1337990 1377.4
1338000 1377.5
1338010 1377.0
1338020 1375.0
1338030 1375.0
1338040 1372.4
1338050 1370.4
1338060 1370.4
1338070 1369.2
1338080 1369.4
1338090 1369.4
1338100 1369.7
1338110 1369.2
1338120 1369.2
1338130 1368.1
1338140 1368.0
1338150 1368.0
1338160 1367.3
1338170 1368.4
1338180 1368.4
1338190 1369.9
1338200 1370.8
1338210 1370.8
1338220 1372.2
1338230 1374.0
1338240 1376.2
1338250 1376.2
1338260 1379.6
1338270 1383.0
1338280 1383.0
1338290 1386.3
1338300 1389.4
1338310 1389.4
1338320 1391.0
1338330 1391.3
1338340 1391.3
1338350 1391.2
1338360 1391.6
1338370 1391.6
1338380 1391.4
1338390 1390.7
1338400 1390.7
1338410 1392.2
1338420 1396.2
1338430 1396.2
1338440 1401.1
1338450 1403.8
1338460 1403.8
1338470 1404.1
1338480 1404.9
1338490 1406.1
1338500 1406.1
1338510 1405.4
1338520 1404.1
1338530 1404.1
1338540 1400.5
1338550 1396.1
1338560 1396.1
1338570 1393.1
1338580 1389.0
1338590 1389.0
1338600 1388.8
1338610 1399.7
1338620 1399.7
1338630 1399.3
1338640 1400.5
1338650 1400.5
1338660 1402.3
1338670 1404.2
1338680 1404.2
1338690 1404.5
1338700 1403.7
1338710 1402.8
1338720 1402.8
1338730 1400.7
1338740 1398.3
1338750 1398.3
1338760 1397.3
1338770 1397.7
1338780 1397.7
1338790 1398.3
1338800 1397.8
1338810 1397.8
1338820 1396.8
1338830 1397.0
1338840 1397.0
1338850 1395.5
1338860 1394.3
1338870 1394.3
1338880 1392.4
1338890 1390.6
1338900 1390.6
1338910 1389.1
1338920 1388.3
1338930 1388.3
1338940 1388.3
1338950 1389.3
1338960 1390.8
1338970 1390.8
1338980 1391.6
1338990 1394.3
1339000 1394.3
1339010 1397.3
1339020 1399.1
1339030 1399.1
1339040 1400.9
1339050 1403.4
1339060 1403.4
1339070 1404.5
1339080 1405.3
1339090 1405.3
1339100 1406.2
1339110 1406.6
1339120 1406.6
1339130 1408.4
1339140 1411.0
1339150 1413.7
1339160 1413.7
1339170 1417.0
1339180 1420.5
1339190 1420.5
1339200 1423.4
1339210 1425.8
1339220 1425.8
1339230 1428.4
1339240 1430.8
1339250 1430.8
1339260 1432.3
1339270 1433.6
1339280 1433.6
1339290 1434.7
1339300 1435.8
1339310 1435.8
1339320 1437.0
1339330 1437.4
1339340 1437.4
1339350 1437.7
1339360 1437.8
1339370 1437.8
1339380 1437.3
1339390 1437.0
1339400 1437.4
1339410 1437.4
1339420 1438.1
1339430 1439.2
1339440 1439.2
1339450 1440.8
1339460 1441.8
1339470 1441.8
1339480 1448.7
1339490 1449.1
1339500 1449.1
1339510 1448.6
1339520 1448.3
1339530 1448.3
1339540 1448.2
1339550 1446.9
1339560 1446.9
1339570 1445.6
1339580 1443.6
1339590 1443.6
1339600 1442.3
1339610 1442.1
1339620 1442.3
1339630 1442.3
1339640 1442.7
1339650 1442.7
1339660 1442.7
1339670 1443.2
1339680 1444.3
1339690 1444.3
1339700 1445.5
1339710 1446.0
1339720 1446.0
1339730 1446.6
1339740 1447.6
1339750 1447.6
1339760 1447.7
1339770 1448.1
1339780 1448.1
1339790 1448.6
1339800 1448.0
1339810 1448.0
1339820 1447.4
1339830 1447.1
1339840 1447.0
1339850 1447.0
1339860 1447.2
1339870 1446.2
1339880 1446.2
1339890 1445.3
1339900 1444.4
1339910 1444.4
1339920 1443.5
1339930 1443.8
1339940 1443.8
1339950 1444.0
1339960 1444.2
1339970 1444.2
1339980 1445.4
1339990 1445.4
