1320000 1311.5
1320010 1311.5
1320020 1316.0
1320030 1323.2
1320040 1323.2
1320050 1320.4
1320060 1318.7
1320070 1318.7
1320080 1321.1
1320090 1320.9
1320100 1320.9
1320110 1323.3
1320120 1324.8
1320130 1324.8
1320140 1329.2
1320150 1335.3
1320160 1340.7
1320170 1340.7
1320180 1341.0
1320190 1335.9
1320200 1335.9
1320210 1327.3
1320220 1318.2
1320230 1318.2
1320240 1317.4
1320250 1312.4
1320260 1312.4
1320270 1302.4
1320280 1302.2
1320290 1302.2
1320300 1297.5
1320310 1291.9
1320320 1291.9
1320330 1282.5
1320340 1273.4
1320350 1273.4
1320360 1266.8
1320370 1259.9
1320380 1253.5
1320390 1253.5
1320400 1246.2
1320410 1241.6
1320420 1241.6
1320430 1230.8
1320440 1225.1
1320450 1225.1
1320460 1216.4
1320470 1204.4
1320480 1204.4
1320490 1190.2
1320500 1184.0
1320510 1184.0
1320520 1180.9
1320530 1181.3
1320540 1181.3
1320550 1179.8
1320560 1173.6
1320570 1173.6
1320580 1165.7
1320590 1157.5
1320600 1147.6
1320610 1147.6
1320620 1139.4
1320630 1126.2
1320640 1126.2
1320650 1123.6
1320660 1123.6
1320670 1123.6
1320680 1123.9
1320690 1123.7
1320700 1123.7
1320710 1123.1
1320720 1122.7
1320730 1122.7
1320740 1121.2
1320750 1120.1
1320760 1120.1
1320770 1120.1
1320780 1119.6
1320790 1119.6
1320800 1116.8
1320810 1115.4
1320820 1114.4
1320830 1114.4
1320840 1113.4
1320850 1111.7
1320860 1111.7
1320870 1110.3
1320880 1109.6
1320890 1109.6
1320900 1109.6
1320910 1109.6
1320920 1109.6
1320930 1109.6
1320940 1109.6
1320950 1109.6
1320960 1109.6
1320970 1109.6
1320980 1109.6
1320990 1109.6
1321000 1109.6
1321010 1109.6
1321020 1109.6
1321030 1109.6
1321040 1109.6
1321050 1109.6
1321060 1109.6
1321070 1109.6
1321080 1109.6
1321090 1109.6
1321100 1109.6
1321110 1109.6
1321120 1109.6
1321130 1109.6
1321140 1109.6
1321150 1109.6
1321160 1109.6
1321170 1109.6
1321180 1109.6
1321190 1109.6
1321200 1109.6
1321210 1109.6
1321220 1109.6
1321230 1109.6
1321240 1109.6
1321250 1109.6
1321260 1109.6
1321270 1109.6
1321280 1109.6
1321290 1109.6
1321300 1109.6
1321310 1109.6
1321320 1110.0
1321330 1110.0
1321340 1112.6
1321350 1114.8
1321360 1114.8
1321370 1120.2
1321380 1124.1
1321390 1124.1
1321400 1124.8
1321410 1128.7
1321420 1128.7
1321430 1133.1
1321440 1136.7
1321450 1136.7
1321460 1140.3
1321470 1143.5
1321480 1143.5
1321490 1146.7
1321500 1149.9
1321510 1152.8
1321520 1152.8
1321530 1156.0
1321540 1158.3
1321550 1158.3
1321560 1159.0
1321570 1162.6
1321580 1162.6
1321590 1167.7
1321600 1171.2
1321610 1171.2
1321620 1171.9
1321630 1172.8
1321640 1172.8
1321650 1174.7
1321660 1177.5
1321670 1177.5
1321680 1180.7
1321690 1185.2
1321700 1185.2
1321710 1191.5
1321720 1198.0
1321730 1204.5
1321740 1204.5
1321750 1210.7
1321760 1214.1
1321770 1214.1
1321780 1216.2
1321790 1223.8
1321800 1223.8
1321810 1232.9
1321820 1241.1
1321830 1241.1
1321840 1248.1
1321850 1257.5
1321860 1257.5
1321870 1266.3
1321880 1274.9
1321890 1274.9
1321900 1285.9
1321910 1296.0
1321920 1296.0
1321930 1304.1
1321940 1310.7
1321950 1317.3
1321960 1317.3
1321970 1324.0
1321980 1330.7
1321990 1330.7
1322000 1338.2
1322010 1346.3
1322020 1346.3
1322030 1354.5
1322040 1362.4
1322050 1362.4
1322060 1372.2
1322070 1383.7
1322080 1383.7
1322090 1394.5
1322100 1401.1
1322110 1401.1
1322120 1405.9
1322130 1411.5
1322140 1411.5
1322150 1418.1
1322160 1424.2
1322170 1424.2
1322180 1428.9
1322190 1434.2
1322200 1438.5
1322210 1438.5
1322220 1443.2
1322230 1450.2
1322240 1450.2
1322250 1457.8
1322260 1464.9
1322270 1464.9
1322280 1471.7
1322290 1479.9
1322300 1479.9
1322310 1489.4
1322320 1496.9
1322330 1496.9
1322340 1504.7
1322350 1513.2
1322360 1513.2
1322370 1524.0
1322380 1532.7
1322390 1532.7
1322400 1540.2
1322410 1547.4
1322420 1554.3
1322430 1554.3
1322440 1560.9
1322450 1567.4
1322460 1567.4
1322470 1573.8
1322480 1578.9
1322490 1578.9
1322500 1583.6
1322510 1588.5
1322520 1588.5
1322530 1593.3
1322540 1598.4
1322550 1598.4
1322560 1604.1
1322570 1611.1
1322580 1611.1
1322590 1617.2
1322600 1622.0
1322610 1622.0
1322620 1619.7
1322630 1624.5
1322640 1629.4
1322650 1629.4
1322660 1633.6
1322670 1641.2
1322680 1641.2
1322690 1651.0
1322700 1663.4
1322710 1663.4
1322720 1675.4
1322730 1684.2
1322740 1684.2
1322750 1692.5
1322760 1700.4
1322770 1700.4
1322780 1708.2
1322790 1716.5
1322800 1716.5
1322810 1723.9
1322820 1726.8
1322830 1726.8
1322840 1731.2
1322850 1738.8
1322860 1744.2
1322870 1744.2
1322880 1743.3
1322890 1748.5
1322900 1748.5
1322910 1759.2
1322920 1770.9
1322930 1770.9
1322940 1775.9
1322950 1780.5
1322960 1780.5
1322970 1786.1
1322980 1787.6
1322990 1787.6
1323000 1787.5
1323010 1791.3
1323020 1791.3
1323030 1796.8
1323040 1802.2
1323050 1802.2
1323060 1806.4
1323070 1809.9
1323080 1809.9
1323090 1812.5
1323100 1813.9
1323110 1815.4
1323120 1815.4
1323130 1814.5
1323140 1815.4
1323150 1815.4
1323160 1820.2
1323170 1830.9
1323180 1830.9
1323190 1839.8
1323200 1845.8
1323210 1845.8
1323220 1849.0
1323230 1850.5
1323240 1850.5
1323250 1857.1
1323260 1861.3
1323270 1861.3
1323280 1861.8
1323290 1863.4
1323300 1863.4
1323310 1869.1
1323320 1874.2
1323330 1881.3
1323340 1881.3
1323350 1888.2
1323360 1892.9
1323370 1892.9
1323380 1895.8
1323390 1898.4
1323400 1886.1
1323410 1889.0
1323420 1893.5
1323430 1893.5
1323440 1899.6
1323450 1905.8
1323460 1905.8
1323470 1913.5
1323480 1920.2
1323490 1920.2
1323500 1926.7
1323510 1934.8
1323520 1934.8
1323530 1946.2
1323540 1960.8
1323550 1972.6
1323560 1972.6
1323570 1982.2
1323580 1991.6
1323590 1991.6
1323600 2000.6
1323610 2009.6
1323620 2009.6
1323630 2016.0
1323640 2023.5
1323650 2023.5
1323660 2031.6
1323670 2037.4
1323680 2037.4
1323690 2042.5
1323700 2047.9
1323710 2047.9
1323720 2054.2
1323730 2060.9
1323740 2060.9
1323750 2067.2
1323760 2073.9
1323770 2081.1
1323780 2081.1
1323790 2088.2
1323800 2094.3
1323810 2094.3
1323820 2099.8
1323830 2105.2
1323840 2105.2
1323850 2109.9
1323860 2113.6
1323870 2113.6
1323880 2117.0
1323890 2120.9
1323900 2120.9
1323910 2124.8
1323920 2129.0
1323930 2129.0
1323940 2133.0
1323950 2137.3
1323960 2137.3
1323970 2141.2
1323980 2144.7
1323990 2144.7
1324000 2147.6
1324010 2148.9
1324020 2149.7
1324030 2149.7
1324040 2150.8
1324050 2151.1
1324060 2151.1
1324070 2151.4
1324080 2152.7
1324090 2152.7
1324100 2153.6
1324110 2154.3
1324120 2154.3
1324130 2154.6
1324140 2155.3
1324150 2155.3
1324160 2156.0
1324170 2156.4
1324180 2156.4
1324190 2153.2
1324200 2153.5
1324210 2153.5
1324220 2153.9
1324230 2153.6
1324240 2152.8
1324250 2152.8
1324260 2152.0
1324270 2150.1
1324280 2150.1
1324290 2147.0
1324300 2143.8
1324310 2143.8
1324320 2143.8
1324330 2145.3
1324340 2145.3
1324350 2145.8
1324360 2145.3
1324370 2145.3
1324380 2144.2
1324390 2143.5
1324400 2143.5
1324410 2142.9
1324420 2141.8
1324430 2141.8
1324440 2140.4
1324450 2138.4
1324460 2135.9
1324470 2135.9
1324480 2137.4
1324490 2139.2
1324500 2139.2
1324510 2139.5
1324520 2139.5
1324530 2139.5
1324540 2139.5
1324550 2139.7
1324560 2139.7
1324570 2140.5
1324580 2140.7
1324590 2140.7
1324600 2139.5
1324610 2143.4
1324620 2143.4
1324630 2146.1
1324640 2148.7
1324650 2148.7
1324660 2148.2
1324670 2145.5
1324680 2145.4
1324690 2145.4
1324700 2147.6
1324710 2144.7
1324720 2144.7
1324730 2139.3
1324740 2134.4
1324750 2134.4
1324760 2137.9
1324770 2142.4
1324780 2142.4
1324790 2141.3
1324800 2139.0
1324810 2139.0
1324820 2135.6
1324830 2130.8
1324840 2130.8
1324850 2129.3
1324860 2127.2
1324870 2127.2
1324880 2124.8
1324890 2124.9
1324900 2125.3
1324910 2125.3
1324920 2126.9
1324930 2126.1
1324940 2126.1
1324950 2128.0
1324960 2130.3
1324970 2130.3
1324980 2131.7
1324990 2124.1
1325000 2124.1
1325010 2123.2
1325020 2122.8
1325030 2122.8
1325040 2122.8
1325050 2124.7
1325060 2124.7
1325070 2127.1
1325080 2129.4
1325090 2129.4
1325100 2130.2
1325110 2126.2
1325120 2126.2
1325130 2127.6
1325140 2133.3
1325150 2137.3
1325160 2137.3
1325170 2139.2
1325180 2140.7
1325190 2140.7
1325200 2141.7
1325210 2143.2
1325220 2143.2
1325230 2144.4
1325240 2146.1
1325250 2146.1
1325260 2148.0
1325270 2149.2
1325280 2149.2
1325290 2150.3
1325300 2151.3
1325310 2151.3
1325320 2152.2
1325330 2154.8
1325340 2154.8
1325350 2156.9
1325360 2159.2
1325370 2161.2
1325380 2161.2
1325390 2164.0
1325400 2166.5
1325410 2166.5
1325420 2168.7
1325430 2169.9
1325440 2169.9
1325450 2171.0
1325460 2172.1
1325470 2172.1
1325480 2173.3
1325490 2174.4
1325500 2174.4
1325510 2175.7
1325520 2177.2
1325530 2177.2
1325540 2179.7
1325550 2182.4
1325560 2182.4
1325570 2184.2
1325580 2184.9
1325590 2185.1
1325600 2185.1
1325610 2184.8
1325620 2185.2
1325630 2185.2
1325640 2186.8
1325650 2188.9
1325660 2188.9
1325670 2190.5
1325680 2192.1
1325690 2192.1
1325700 2193.6
1325710 2194.7
1325720 2194.7
1325730 2195.4
1325740 2195.3
1325750 2195.3
1325760 2194.7
1325770 2193.2
1325780 2187.1
1325790 2187.1
1325800 2189.0
1325810 2191.0
1325820 2191.0
1325830 2193.2
1325840 2194.8
1325850 2194.8
1325860 2197.4
1325870 2202.2
1325880 2202.2
1325890 2205.8
1325900 2208.7
1325910 2208.7
1325920 2211.9
1325930 2215.0
1325940 2215.0
1325950 2218.0
1325960 2220.7
1325970 2220.7
1325980 2223.1
1325990 2224.7
1326000 2224.7
1326010 2225.8
1326020 2228.4
1326030 2228.4
1326040 2231.3
1326050 2234.1
1326060 2237.3
1326070 2237.3
1326080 2240.1
1326090 2242.7
1326100 2242.7
1326110 2245.3
1326120 2247.4
1326130 2247.4
1326140 2249.7
1326150 2251.8
1326160 2251.8
1326170 2254.7
1326180 2257.0
1326190 2257.0
1326200 2259.1
1326210 2261.1
1326220 2261.1
1326230 2263.3
1326240 2266.5
1326250 2266.5
1326260 2269.1
1326270 2271.8
1326280 2274.5
1326290 2274.5
1326300 2276.7
1326310 2279.4
1326320 2279.4
1326330 2283.0
1326340 2286.4
1326350 2286.4
1326360 2289.1
1326370 2292.2
1326380 2292.2
1326390 2296.0
1326400 2299.8
1326410 2299.8
1326420 2303.1
1326430 2305.6
1326440 2305.6
1326450 2308.5
1326460 2311.8
1326470 2311.8
1326480 2314.5
1326490 2317.6
1326500 2320.9
1326510 2320.9
1326520 2323.6
1326530 2325.8
1326540 2325.8
1326550 2328.8
1326560 2332.5
1326570 2332.5
1326580 2335.8
1326590 2339.4
1326600 2339.4
1326610 2343.7
1326620 2349.6
1326630 2349.6
1326640 2355.5
1326650 2361.8
1326660 2361.8
1326670 2367.4
1326680 2372.8
1326690 2372.8
1326700 2377.3
1326710 2379.8
1326720 2381.6
1326730 2381.6
1326740 2383.3
1326750 2385.5
1326760 2385.5
1326770 2388.8
1326780 2393.5
1326790 2393.5
1326800 2398.3
1326810 2403.7
1326820 2403.7
1326830 2409.6
1326840 2415.4
1326850 2415.4
1326860 2420.0
1326870 2422.9
1326880 2422.9
1326890 2424.2
1326900 2426.6
1326910 2426.6
1326920 2430.5
1326930 2434.9
1326940 2434.9
1326950 2438.5
1326960 2442.0
1326970 2446.1
1326980 2446.1
1326990 2449.8
1327000 2453.0
1327010 2453.0
1327020 2456.0
1327030 2458.3
1327040 2458.3
1327050 2460.8
1327060 2463.7
1327070 2463.7
1327080 2467.0
1327090 2470.3
1327100 2470.3
1327110 2473.7
1327120 2477.7
1327130 2477.7
1327140 2482.0
1327150 2485.7
1327160 2485.7
1327170 2489.7
1327180 2494.2
1327190 2498.8
1327200 2498.8
1327210 2503.4
1327220 2508.3
1327230 2508.3
1327240 2513.1
1327250 2518.3
1327260 2518.3
1327270 2524.6
1327280 2533.4
1327290 2533.4
1327300 2542.2
1327310 2551.4
1327320 2551.4
1327330 2560.6
1327340 2568.8
1327350 2568.8
1327360 2576.0
1327370 2582.4
1327380 2582.4
1327390 2590.4
1327400 2596.2
1327410 2602.1
1327420 2602.1
1327430 2608.4
1327440 2615.1
1327450 2615.1
1327460 2621.6
1327470 2628.7
1327480 2628.7
1327490 2637.9
1327500 2647.6
1327510 2647.6
1327520 2656.5
1327530 2668.2
1327540 2668.2
1327550 2684.0
1327560 2700.2
1327570 2700.2
1327580 2714.6
1327590 2726.1
1327600 2726.1
1327610 2737.7
1327620 2752.2
1327630 2760.7
1327640 2760.7
1327650 2763.0
1327660 2751.1
1327670 2751.1
1327680 2738.6
1327690 2727.3
1327700 2727.3
1327710 2714.8
1327720 2699.8
1327730 2699.8
1327740 2681.3
1327750 2662.9
1327760 2662.9
1327770 2649.3
1327780 2635.7
1327790 2635.7
1327800 2626.1
1327810 2618.8
1327820 2618.8
1327830 2611.8
1327840 2604.7
1327850 2598.2
1327860 2598.2
1327870 2593.1
1327880 2589.5
1327890 2589.5
1327900 2586.8
1327910 2586.4
1327920 2586.4
1327930 2584.1
1327940 2579.4
1327950 2579.4
1327960 2578.8
1327970 2579.8
1327980 2579.8
1327990 2579.1
1328000 2577.7
1328010 2577.7
1328020 2575.2
1328030 2570.3
1328040 2570.3
1328050 2553.8
1328060 2533.5
1328070 2533.5
1328080 2523.1
1328090 2515.0
1328100 2507.3
1328110 2507.3
1328120 2500.7
1328130 2494.4
1328140 2494.4
1328150 2488.5
1328160 2483.1
1328170 2483.1
1328180 2477.6
1328190 2471.6
1328200 2472.2
1328210 2467.5
1328220 2463.4
1328230 2463.4
1328240 2459.9
1328250 2455.9
1328260 2455.9
1328270 2452.1
1328280 2448.7
1328290 2448.7
1328300 2445.3
1328310 2441.4
1328320 2436.2
1328330 2436.2
1328340 2431.0
1328350 2429.1
1328360 2429.1
1328370 2428.2
1328380 2425.9
1328390 2425.9
1328400 2422.8
1328410 2419.7
1328420 2419.7
1328430 2417.4
1328440 2413.4
1328450 2413.4
1328460 2409.0
1328470 2405.0
1328480 2405.0
1328490 2400.6
1328500 2396.1
1328510 2396.1
1328520 2391.9
1328530 2387.4
1328540 2382.7
1328550 2382.7
1328560 2378.0
1328570 2373.2
1328580 2373.2
1328590 2368.9
1328600 2365.4
1328610 2365.4
1328620 2362.4
1328630 2359.1
1328640 2359.1
1328650 2355.7
1328660 2352.8
1328670 2352.8
1328680 2350.4
1328690 2347.9
1328700 2347.9
1328710 2345.2
1328720 2342.7
1328730 2342.7
1328740 2339.3
1328750 2336.5
1328760 2333.7
1328770 2333.7
1328780 2330.7
1328790 2328.4
1328800 2328.4
1328810 2326.3
1328820 2324.3
1328830 2324.3
1328840 2322.7
1328850 2321.0
1328860 2321.0
1328870 2318.9
1328880 2316.5
1328890 2316.5
1328900 2314.5
1328910 2312.6
1328920 2312.6
1328930 2310.6
1328940 2309.6
1328950 2309.6
1328960 2307.7
1328970 2306.2
1328980 2306.2
1328990 2305.7
1329000 2302.6
1329010 2301.1
1329020 2301.1
1329030 2298.5
1329040 2296.7
1329050 2296.7
1329060 2292.7
1329070 2288.5
1329080 2288.5
1329090 2284.8
1329100 2280.7
1329110 2280.7
1329120 2277.6
1329130 2272.0
1329140 2272.0
1329150 2265.9
1329160 2260.5
1329170 2260.5
1329180 2255.0
1329190 2249.6
1329200 2249.6
1329210 2244.6
1329220 2239.8
1329230 2234.8
1329240 2234.8
1329250 2229.7
1329260 2225.1
1329270 2225.1
1329280 2220.8
1329290 2216.8
1329300 2216.8
1329310 2213.5
1329320 2209.7
1329330 2209.7
1329340 2206.1
1329350 2201.5
1329360 2201.5
1329370 2197.7
1329380 2194.2
1329390 2194.2
1329400 2191.1
1329410 2188.4
1329420 2188.4
1329430 2185.5
1329440 2182.9
1329450 2180.0
1329460 2180.0
1329470 2177.1
1329480 2174.7
1329490 2174.7
1329500 2173.0
1329510 2172.1
1329520 2172.1
1329530 2171.5
1329540 2171.5
1329550 2171.5
1329560 2171.8
1329570 2170.3
1329580 2170.3
1329590 2166.1
1329600 2161.3
1329610 2161.3
1329620 2157.6
1329630 2156.3
1329640 2156.3
1329650 2154.8
1329660 2150.4
1329670 2144.2
1329680 2144.2
1329690 2139.3
1329700 2135.4
1329710 2135.4
1329720 2131.9
1329730 2128.9
1329740 2128.9
1329750 2125.7
1329760 2122.3
1329770 2122.3
1329780 2119.4
1329790 2117.2
1329800 2117.2
1329810 2115.1
1329820 2113.2
1329830 2112.8
1329840 2110.3
1329850 2107.1
1329860 2107.1
1329870 2103.9
1329880 2100.5
1329890 2096.7
1329900 2096.7
1329910 2093.1
1329920 2089.9
1329930 2089.9
1329940 2087.8
1329950 2085.1
1329960 2085.1
1329970 2081.7
1329980 2078.7
1329990 2078.7
1330000 2076.0
1330010 2073.5
1330020 2073.5
1330030 2070.8
1330040 2067.5
1330050 2067.5
1330060 2064.0
1330070 2060.0
1330080 2060.0
1330090 2055.5
1330100 2050.7
1330110 2050.7
1330120 2046.5
1330130 2043.0
1330140 2038.6
1330150 2038.6
1330160 2033.7
1330170 2028.7
1330180 2028.7
1330190 2023.4
1330200 2017.2
1330210 2017.2
1330220 2009.1
1330230 1999.5
1330240 1999.5
1330250 1991.5
1330260 1985.4
1330270 1985.4
1330280 1978.0
1330290 1972.4
1330300 1972.4
1330310 1970.1
1330320 1968.5
1330330 1968.5
1330340 1964.3
1330350 1957.5
1330360 1950.5
1330370 1950.5
1330380 1942.6
1330390 1934.8
1330400 1934.8
1330410 1926.5
1330420 1920.1
1330430 1920.1
1330440 1912.8
1330450 1906.3
1330460 1906.3
1330470 1903.8
1330480 1900.1
1330490 1900.1
1330500 1894.4
1330510 1887.4
1330520 1887.4
1330530 1879.5
1330540 1871.8
1330550 1871.8
1330560 1864.3
1330570 1857.2
1330580 1851.0
1330590 1851.0
1330600 1846.9
1330610 1844.1
1330620 1844.1
1330630 1841.3
1330640 1837.9
1330650 1839.8
1330660 1836.3
1330670 1832.8
1330680 1832.8
1330690 1829.5
1330700 1826.0
1330710 1826.0
1330720 1822.4
1330730 1819.4
1330740 1819.4
1330750 1817.6
1330760 1816.0
1330770 1816.0
1330780 1814.3
1330790 1812.9
1330800 1812.0
1330810 1812.0
1330820 1812.1
1330830 1812.1
1330840 1812.1
1330850 1811.6
1330860 1810.7
1330870 1810.7
1330880 1810.0
1330890 1809.8
1330900 1809.8
1330910 1809.5
1330920 1808.8
1330930 1808.8
1330940 1808.4
1330950 1808.5
1330960 1808.5
1330970 1808.9
1330980 1810.2
1330990 1810.2
1331000 1811.7
1331010 1814.1
1331020 1814.1
1331030 1816.4
1331040 1820.0
1331050 1824.6
1331060 1824.6
1331070 1829.8
1331080 1835.6
1331090 1835.6
1331100 1841.0
1331110 1846.1
1331120 1846.1
1331130 1850.7
1331140 1855.4
1331150 1855.4
1331160 1861.2
1331170 1866.4
1331180 1866.4
1331190 1872.7
1331200 1879.5
1331210 1879.5
1331220 1886.2
1331230 1893.3
1331240 1893.3
1331250 1901.2
1331260 1908.7
1331270 1916.7
1331280 1916.7
1331290 1925.4
1331300 1935.8
1331310 1935.8
1331320 1946.4
1331330 1957.2
1331340 1957.2
1331350 1966.0
1331360 1975.3
1331370 1975.3
1331380 1986.7
1331390 1997.6
1331400 1997.6
1331410 2011.1
1331420 2022.5
1331430 2022.5
1331440 2029.5
1331450 2034.6
1331460 2034.6
1331470 2038.6
1331480 2046.9
1331490 2051.1
1331500 2051.1
1331510 2057.2
1331520 2062.4
1331530 2062.4
1331540 2067.2
1331550 2071.5
1331560 2071.5
1331570 2075.1
1331580 2080.0
1331590 2080.0
1331600 2086.6
1331610 2094.4
1331620 2094.4
1331630 2102.5
1331640 2111.3
1331650 2111.3
1331660 2120.8
1331670 2131.1
1331680 2131.1
1331690 2143.0
1331700 2154.2
1331710 2158.4
1331720 2158.4
1331730 2161.4
1331740 2175.9
1331750 2175.9
1331760 2195.4
1331770 2208.8
1331780 2208.8
1331790 2221.3
1331800 2232.8
1331810 2232.8
1331820 2239.3
1331830 2247.6
1331840 2247.6
1331850 2259.8
1331860 2271.3
1331870 2271.3
1331880 2277.6
1331890 2282.8
1331900 2282.8
1331910 2288.9
1331920 2293.1
1331930 2297.4
1331940 2297.4
1331950 2303.3
1331960 2306.5
1331970 2306.5
1331980 2308.0
1331990 2308.5
1332000 2308.5
1332010 2313.2
1332020 2321.8
1332030 2321.8
1332040 2331.4
1332050 2340.9
1332060 2340.9
1332070 2350.7
1332080 2359.2
1332090 2359.2
1332100 2365.2
1332110 2370.8
1332120 2370.8
1332130 2376.3
1332140 2382.8
1332150 2382.8
1332160 2389.1
1332170 2395.7
1332180 2403.4
1332190 2403.4
1332200 2408.6
1332210 2415.4
1332220 2415.4
1332230 2426.1
1332240 2441.9
1332250 2441.9
1332260 2453.7
1332270 2463.6
1332280 2463.6
1332290 2471.6
1332300 2480.1
1332310 2484.8
1332320 2493.5
1332330 2502.4
1332340 2502.4
1332350 2513.3
1332360 2524.1
1332370 2524.1
1332380 2534.5
1332390 2546.0
1332400 2556.8
1332410 2556.8
1332420 2570.5
1332430 2583.9
1332440 2583.9
1332450 2593.4
1332460 2598.3
1332470 2598.3
1332480 2603.2
1332490 2607.5
1332500 2607.5
1332510 2613.5
1332520 2620.2
1332530 2620.2
1332540 2627.1
1332550 2633.2
1332560 2633.2
1332570 2639.2
1332580 2646.4
1332590 2646.4
1332600 2654.3
1332610 2663.4
1332620 2673.1
1332630 2673.1
1332640 2670.5
1332650 2658.6
1332660 2658.6
1332670 2651.7
1332680 2647.0
1332690 2647.0
1332700 2642.1
1332710 2635.1
1332720 2635.1
1332730 2626.1
1332740 2614.5
1332750 2614.5
1332760 2594.5
1332770 2568.2
1332780 2568.2
1332790 2558.4
1332800 2558.3
1332810 2558.3
1332820 2551.1
1332830 2548.6
1332840 2546.7
1332850 2546.7
1332860 2544.3
1332870 2542.1
1332880 2542.1
1332890 2540.9
1332900 2539.7
1332910 2539.7
1332920 2539.0
1332930 2534.9
1332940 2534.9
1332950 2529.8
1332960 2528.3
1332970 2528.3
1332980 2526.0
1332990 2523.2
1333000 2523.2
1333010 2520.5
1333020 2519.2
1333030 2519.2
1333040 2517.3
1333050 2515.7
1333060 2515.7
1333070 2515.2
1333080 2514.5
1333090 2513.7
1333100 2513.7
1333110 2513.3
1333120 2513.3
1333130 2513.3
1333140 2511.9
1333150 2527.1
1333160 2527.1
1333170 2523.0
1333180 2517.9
1333190 2517.9
1333200 2517.8
1333210 2519.2
1333220 2519.2
1333230 2521.8
1333240 2523.3
1333250 2523.3
1333260 2524.5
1333270 2525.7
1333280 2525.7
1333290 2526.1
1333300 2527.8
1333310 2530.4
1333320 2530.4
1333330 2533.3
1333340 2536.4
1333350 2536.4
1333360 2539.5
1333370 2542.3
1333380 2542.3
1333390 2545.0
1333400 2548.4
1333410 2548.4
1333420 2552.1
1333430 2556.1
1333440 2556.1
1333450 2561.2
1333460 2567.5
1333470 2567.5
1333480 2574.2
1333490 2575.6
1333500 2575.6
1333510 2572.4
1333520 2572.3
1333530 2568.1
1333540 2568.1
1333550 2558.1
1333560 2550.9
1333570 2550.9
1333580 2544.6
1333590 2538.8
1333600 2538.8
1333610 2535.7
1333620 2531.0
1333630 2531.0
1333640 2517.6
1333650 2511.4
1333660 2511.4
1333670 2503.0
1333680 2489.0
1333690 2489.0
1333700 2478.3
1333710 2474.0
1333720 2474.0
1333730 2474.7
1333740 2471.2
1333750 2457.9
1333760 2457.9
1333770 2442.8
1333780 2441.1
1333790 2441.1
1333800 2441.2
1333810 2439.7
1333820 2439.7
1333830 2438.1
1333840 2435.8
1333850 2435.8
1333860 2432.7
1333870 2429.6
1333880 2429.6
1333890 2427.1
1333900 2424.5
1333910 2424.5
1333920 2420.8
1333930 2416.8
1333940 2416.8
1333950 2413.0
1333960 2411.0
1333970 2412.0
1333980 2412.0
1333990 2439.7
1334000 2446.8
1334010 2446.8
1334020 2442.9
1334030 2432.9
1334040 2432.9
1334050 2421.7
1334060 2410.9
1334070 2410.9
1334080 2398.9
1334090 2386.6
1334100 2386.6
1334110 2374.0
1334120 2365.0
1334130 2365.0
1334140 2360.7
1334150 2359.8
1334160 2359.8
1334170 2356.6
1334180 2349.7
1334190 2349.7
1334200 2340.4
1334210 2328.4
1334220 2313.7
1334230 2313.7
1334240 2302.9
1334250 2294.5
1334260 2294.5
1334270 2286.7
1334280 2276.6
1334290 2276.6
1334300 2264.8
1334310 2252.6
1334320 2252.6
1334330 2242.7
1334340 2231.3
1334350 2231.3
1334360 2220.5
1334370 2213.2
1334380 2213.2
1334390 2207.9
1334400 2203.7
1334410 2203.7
1334420 2198.9
1334430 2191.9
1334440 2184.6
1334450 2184.6
1334460 2179.1
1334470 2174.6
1334480 2174.6
1334490 2170.6
1334500 2165.7
1334510 2165.7
1334520 2160.4
1334530 2155.5
1334540 2155.5
1334550 2150.4
1334560 2144.5
1334570 2144.5
1334580 2138.8
1334590 2133.7
1334600 2133.7
1334610 2129.8
1334620 2126.0
1334630 2126.0
1334640 2121.8
1334650 2117.8
1334660 2113.4
1334670 2113.4
1334680 2108.8
1334690 2104.4
1334700 2104.4
1334710 2099.8
1334720 2095.7
1334730 2095.7
1334740 2092.8
1334750 2090.1
1334760 2090.1
1334770 2087.7
1334780 2082.1
1334790 2082.1
1334800 2075.0
1334810 2070.9
1334820 2070.9
1334830 2075.5
1334840 2072.7
1334850 2072.7
1334860 2069.2
1334870 2065.3
1334880 2061.8
1334890 2061.8
1334900 2059.0
1334910 2054.9
1334920 2054.9
1334930 2051.4
1334940 2048.5
1334950 2048.5
1334960 2046.7
1334970 2045.1
1334980 2045.1
1334990 2042.2
1335000 2040.2
1335010 2040.2
1335020 2036.8
1335030 2033.3
1335040 2033.3
1335050 2030.7
1335060 2027.6
1335070 2027.6
1335080 2024.6
1335090 2021.8
1335100 2021.8
1335110 2017.7
1335120 2014.9
1335130 2011.5
1335140 2011.5
1335150 2010.2
1335160 2008.9
1335170 2008.9
1335180 2007.0
1335190 2004.0
1335200 2004.0
1335210 2002.7
1335220 2002.8
1335230 2002.8
1335240 2001.0
1335250 1999.3
1335260 1999.3
1335270 1997.5
1335280 1993.5
1335290 1993.5
1335300 1987.8
1335310 1983.7
1335320 1983.7
1335330 1979.5
1335340 1975.2
1335350 1969.7
1335360 1969.7
1335370 1963.1
1335380 1959.6
1335390 1959.6
1335400 1956.7
1335410 1951.7
1335420 1951.7
1335430 1947.0
1335440 1942.2
1335450 1942.2
1335460 1937.4
1335470 1930.8
1335480 1930.8
1335490 1921.5
1335500 1910.5
1335510 1910.5
1335520 1895.7
1335530 1880.5
1335540 1880.5
1335550 1869.7
1335560 1856.4
1335570 1842.9
1335580 1842.9
1335590 1834.1
1335600 1822.5
1335610 1822.5
1335620 1809.6
1335630 1799.1
1335640 1799.1
1335650 1788.7
1335660 1773.6
1335670 1773.6
1335680 1741.5
1335690 1715.7
1335700 1715.7
1335710 1709.5
1335720 1703.4
1335730 1703.4
1335740 1696.7
1335750 1690.1
1335760 1690.1
1335770 1683.9
1335780 1680.5
1335790 1676.2
1335800 1676.2
1335810 1672.4
1335820 1671.2
1335830 1671.2
1335840 1669.9
1335850 1670.8
1335860 1670.8
1335870 1675.1
1335880 1665.6
1335890 1665.6
1335900 1649.9
1335910 1637.2
1335920 1637.2
1335930 1627.6
1335940 1618.1
1335950 1618.1
1335960 1602.1
1335970 1580.0
1335980 1580.0
1335990 1567.2
1336000 1560.2
1336010 1553.2
1336020 1553.2
1336030 1546.1
1336040 1542.9
1336050 1542.9
1336060 1540.2
1336070 1538.2
1336080 1538.2
1336090 1536.0
1336100 1532.6
1336110 1532.6
1336120 1528.8
1336130 1525.7
1336140 1525.7
1336150 1524.7
1336160 1526.6
1336170 1526.6
1336180 1526.5
1336190 1520.3
1336200 1520.3
1336210 1514.8
1336220 1508.7
1336230 1508.7
1336240 1505.6
1336250 1500.1
1336260 1490.3
1336270 1490.3
1336280 1444.6
1336290 1421.8
1336300 1421.8
1336310 1402.2
1336320 1393.1
1336330 1393.1
1336340 1386.0
1336350 1378.5
1336360 1378.5
1336370 1371.1
1336380 1364.8
1336390 1364.8
1336400 1358.2
1336410 1351.5
1336420 1351.5
1336430 1344.9
1336440 1338.7
1336450 1338.7
1336460 1332.1
1336470 1325.2
1336480 1317.9
1336490 1317.9
1336500 1310.4
1336510 1303.3
1336520 1303.3
1336530 1296.9
1336540 1292.7
1336550 1292.7
1336560 1286.1
1336570 1280.5
1336580 1280.5
1336590 1275.9
1336600 1271.6
1336610 1271.6
1336620 1268.3
1336630 1267.9
1336640 1267.9
1336650 1268.1
1336660 1268.1
1336670 1268.1
1336680 1267.8
1336690 1267.7
1336700 1268.4
1336710 1268.4
1336720 1268.8
1336730 1268.9
1336740 1268.9
1336750 1269.0
1336760 1269.2
1336770 1269.2
1336780 1269.2
1336790 1267.4
1336800 1267.4
1336810 1267.7
1336820 1268.0
1336830 1268.0
1336840 1267.8
1336850 1268.7
1336860 1268.7
1336870 1270.8
1336880 1272.6
1336890 1272.6
1336900 1273.6
1336910 1275.2
1336920 1276.9
1336930 1276.9
1336940 1277.5
1336950 1277.8
1336960 1277.8
1336970 1279.2
1336980 1279.7
1336990 1279.7
1337000 1280.7
1337010 1282.1
1337020 1282.1
1337030 1283.8
1337040 1286.3
1337050 1286.3
1337060 1288.6
1337070 1289.4
1337080 1289.4
1337090 1291.0
1337100 1292.8
1337110 1292.8
1337120 1296.6
1337130 1299.0
1337140 1299.0
1337150 1300.2
1337160 1301.4
1337170 1302.8
1337180 1302.8
1337190 1305.6
1337200 1308.7
1337210 1308.7
1337220 1311.2
1337230 1311.7
1337240 1311.7
1337250 1311.0
1337260 1311.0
1337270 1311.0
1337280 1311.7
1337290 1311.9
1337300 1311.9
1337310 1311.9
1337320 1310.2
1337330 1310.2
1337340 1309.1
1337350 1309.2
1337360 1309.2
1337370 1310.4
1337380 1312.3
1337390 1314.6
1337400 1320.3
1337410 1322.8
1337420 1324.0
1337430 1324.0
1337440 1324.3
1337450 1324.7
1337460 1324.7
1337470 1325.3
1337480 1326.2
1337490 1326.2
1337500 1326.4
1337510 1325.0
1337520 1325.0
1337530 1322.0
1337540 1321.5
1337550 1321.5
1337560 1321.9
1337570 1324.7
1337580 1324.7
1337590 1327.4
1337600 1330.3
1337610 1331.9
1337620 1331.9
1337630 1333.3
1337640 1335.7
1337650 1335.7
1337660 1338.4
1337670 1341.6
1337680 1341.6
1337690 1343.7
1337700 1346.6
1337710 1346.6
1337720 1350.1
1337730 1352.1
1337740 1352.1
1337750 1352.3
1337760 1350.6
1337770 1350.6
1337780 1353.3
1337790 1357.5
1337800 1357.5
1337810 1359.5
1337820 1362.9
1337830 1366.4
1337840 1366.4
1337850 1370.5
1337860 1374.6
1337870 1374.6
1337880 1377.9
1337890 1380.3
1337900 1380.3
1337910 1380.7
1337920 1383.4
1337930 1383.4
1337940 1386.2
1337950 1388.8
1337960 1388.8
1337970 1390.9
1337980 1391.3
1337990 1391.3
1338000 1390.0
1338010 1388.6
1338020 1388.6
1338030 1385.3
1338040 1382.1
1338050 1380.9
1338060 1380.9
1338070 1381.6
1338080 1383.2
1338090 1383.2
1338100 1383.5
1338110 1385.3
1338120 1385.3
1338130 1384.4
1338140 1380.2
1338150 1380.2
1338160 1378.6
1338170 1382.4
1338180 1382.4
1338190 1385.6
1338200 1387.6
1338210 1387.6
1338220 1390.3
1338230 1394.3
1338240 1394.3
1338250 1397.3
1338260 1406.4
1338270 1406.4
1338280 1410.7
1338290 1415.3
1338300 1419.7
1338310 1419.7
1338320 1421.7
1338330 1422.0
1338340 1422.0
1338350 1422.1
1338360 1425.4
1338370 1425.4
1338380 1426.2
1338390 1428.2
1338400 1428.2
1338410 1432.4
1338420 1435.6
1338430 1435.6
1338440 1437.2
1338450 1434.2
1338460 1434.2
1338470 1432.0
1338480 1434.0
1338490 1434.0
1338500 1434.4
1338510 1434.1
1338520 1438.0
1338530 1438.0
1338540 1439.8
1338550 1438.4
1338560 1438.4
1338570 1439.4
1338580 1443.6
1338590 1443.6
1338600 1445.0
1338610 1440.3
1338620 1440.3
1338630 1437.1
1338640 1434.4
1338650 1434.4
1338660 1431.8
1338670 1430.0
1338680 1430.0
1338690 1428.8
1338700 1426.9
1338710 1426.9
1338720 1424.3
1338730 1421.4
1338740 1419.7
1338750 1419.7
1338760 1419.2
1338770 1418.7
1338780 1418.7
1338790 1418.3
1338800 1418.4
1338810 1418.4
1338820 1419.7
1338830 1419.7
1338840 1419.7
1338850 1418.4
1338860 1416.6
1338870 1416.6
1338880 1415.0
1338890 1412.9
1338900 1412.9
1338910 1411.0
1338920 1409.4
1338930 1409.4
1338940 1409.4
1338950 1410.2
1338960 1410.7
1338970 1410.7
1338980 1412.5
1338990 1415.4
1339000 1415.4
1339010 1417.9
1339020 1420.1
1339030 1420.1
1339040 1422.4
1339050 1424.3
1339060 1424.3
1339070 1425.6
1339080 1425.6
1339090 1425.6
1339100 1425.4
1339110 1424.7
1339120 1424.7
1339130 1430.6
1339140 1433.8
1339150 1433.8
1339160 1437.1
1339170 1439.2
1339180 1439.2
1339190 1441.8
1339200 1444.5
1339210 1447.1
1339220 1447.1
1339230 1449.2
1339240 1451.3
1339250 1451.3
1339260 1453.1
1339270 1455.1
1339280 1455.1
1339290 1456.3
1339300 1456.9
1339310 1456.9
1339320 1457.5
1339330 1457.4
1339340 1457.4
1339350 1457.2
1339360 1457.0
1339370 1457.0
1339380 1456.6
1339390 1457.6
1339400 1457.6
1339410 1460.2
1339420 1461.3
1339430 1462.3
1339440 1462.3
1339450 1463.5
1339460 1464.8
1339470 1464.8
1339480 1466.1
1339490 1466.2
1339500 1466.2
1339510 1465.8
1339520 1465.7
1339530 1465.7
1339540 1465.4
1339550 1464.3
1339560 1464.3
1339570 1463.3
1339580 1461.2
1339590 1461.2
1339600 1459.1
1339610 1457.7
1339620 1457.7
1339630 1457.5
1339640 1457.6
1339650 1458.4
1339660 1458.4
1339670 1459.0
1339680 1460.2
1339690 1460.2
1339700 1461.7
1339710 1463.1
1339720 1463.1
1339730 1464.0
1339740 1465.2
1339750 1465.2
1339760 1466.2
1339770 1466.4
1339780 1466.4
1339790 1466.7
1339800 1466.5
1339810 1466.5
1339820 1465.9
1339830 1465.4
1339840 1465.4
1339850 1464.8
1339860 1464.2
1339870 1463.5
1339880 1463.5
1339890 1462.3
1339900 1460.8
1339910 1460.8
1339920 1459.6
1339930 1459.1
1339940 1459.1
1339950 1458.8
1339960 1458.4
1339970 1458.4
1339980 1458.9
1339990 1457.5
