1320000 1290.7
1320010 1289.2
1320020 1289.2
1320030 1288.5
1320040 1288.0
1320050 1288.0
1320060 1288.0
1320070 1289.6
1320080 1290.2
1320090 1290.2
1320100 1289.7
1320110 1289.0
1320120 1289.0
1320130 1288.2
1320140 1287.1
1320150 1287.1
1320160 1285.8
1320170 1284.8
1320180 1284.8
1320190 1285.8
1320200 1289.3
1320210 1289.3
1320220 1298.7
1320230 1302.5
1320240 1302.5
1320250 1306.8
1320260 1311.9
1320270 1319.2
1320280 1319.2
1320290 1326.6
1320300 1333.0
1320310 1333.0
1320320 1337.0
1320330 1338.7
1320340 1338.7
1320350 1340.1
1320360 1341.0
1320370 1341.0
1320380 1342.7
1320390 1343.5
1320400 1343.5
1320410 1344.2
1320420 1344.6
1320430 1344.6
1320440 1344.8
1320450 1345.7
1320460 1345.7
1320470 1348.4
1320480 1350.8
1320490 1350.8
1320500 1352.0
1320510 1354.1
1320520 1357.3
1320530 1357.3
1320540 1361.2
1320550 1365.5
1320560 1365.5
1320570 1370.2
1320580 1375.8
1320590 1375.8
1320600 1381.8
1320610 1387.4
1320620 1387.4
1320630 1391.6
1320640 1398.2
1320650 1398.2
1320660 1405.0
1320670 1410.9
1320680 1410.9
1320690 1416.0
1320700 1421.0
1320710 1421.0
1320720 1426.5
1320730 1432.7
1320740 1438.7
1320750 1438.7
1320760 1444.0
1320770 1447.7
1320780 1447.7
1320790 1450.3
1320800 1450.5
1320810 1450.5
1320820 1446.6
1320830 1440.8
1320840 1440.8
1320850 1434.1
1320860 1427.3
1320870 1427.3
1320880 1422.9
1320890 1420.6
1320900 1420.6
1320910 1417.3
1320920 1411.5
1320930 1411.5
1320940 1401.0
1320950 1389.3
1320960 1389.3
1320970 1378.8
1320980 1368.8
1320990 1359.1
1321000 1361.1
1321010 1352.2
1321020 1343.8
1321030 1343.8
1321040 1335.0
1321050 1326.6
1321060 1326.6
1321070 1318.6
1321080 1312.2
1321090 1312.2
1321100 1306.0
1321110 1299.2
1321120 1299.2
1321130 1292.8
1321140 1288.6
1321150 1288.6
1321160 1285.8
1321170 1285.4
1321180 1285.4
1321190 1286.1
1321200 1283.1
1321210 1281.2
1321220 1281.2
1321230 1282.2
1321240 1282.2
1321250 1282.2
1321260 1277.7
1321270 1271.4
1321280 1271.4
1321290 1265.3
1321300 1260.5
1321310 1260.5
1321320 1254.7
1321330 1245.1
1321340 1245.1
1321350 1235.3
1321360 1225.4
1321370 1225.4
1321380 1216.6
1321390 1210.5
1321400 1210.5
1321410 1199.4
1321420 1186.6
1321430 1177.1
1321440 1177.1
1321450 1168.3
1321460 1159.0
1321470 1159.0
1321480 1149.9
1321490 1140.4
1321500 1140.4
1321510 1131.3
1321520 1122.8
1321530 1122.8
1321540 1115.1
1321550 1108.0
1321560 1108.0
1321570 1101.0
1321580 1094.8
1321590 1094.8
1321600 1090.8
1321610 1091.2
1321620 1091.2
1321630 1098.1
1321640 1091.2
1321650 1091.2
1321660 1085.5
1321670 1090.8
1321680 1099.3
1321690 1099.3
1321700 1108.7
1321710 1117.0
1321720 1117.0
1321730 1125.0
1321740 1132.2
1321750 1132.2
1321760 1137.8
1321770 1148.7
1321780 1148.7
1321790 1153.6
1321800 1159.5
1321810 1159.5
1321820 1165.8
1321830 1172.1
1321840 1172.1
1321850 1179.0
1321860 1185.9
1321870 1185.9
1321880 1193.2
1321890 1198.7
1321900 1201.8
1321910 1201.8
1321920 1206.1
1321930 1210.5
1321940 1210.5
1321950 1215.1
1321960 1223.4
1321970 1223.4
1321980 1232.8
1321990 1242.0
1322000 1242.0
1322010 1251.7
1322020 1261.9
1322030 1261.9
1322040 1272.1
1322050 1284.1
1322060 1284.1
1322070 1300.7
1322080 1307.8
1322090 1307.8
1322100 1308.9
1322110 1309.8
1322120 1309.8
1322130 1310.6
1322140 1311.6
1322150 1313.2
1322160 1313.2
1322170 1318.9
1322180 1328.1
1322190 1328.1
1322200 1338.3
1322210 1348.2
1322220 1348.2
1322230 1357.3
1322240 1364.8
1322250 1364.8
1322260 1372.8
1322270 1378.7
1322280 1378.7
1322290 1385.8
1322300 1393.3
1322310 1393.3
1322320 1400.7
1322330 1408.6
1322340 1408.6
1322350 1416.6
1322360 1424.1
1322370 1432.1
1322380 1432.1
1322390 1440.1
1322400 1448.6
1322410 1448.6
1322420 1457.7
1322430 1466.5
1322440 1466.5
1322450 1475.2
1322460 1481.6
1322470 1481.6
1322480 1481.9
1322490 1483.2
1322500 1483.2
1322510 1486.9
1322520 1491.4
1322530 1491.4
1322540 1494.3
1322550 1496.5
1322560 1505.2
1322570 1507.5
1322580 1510.2
1322590 1510.2
1322600 1515.5
1322610 1522.5
1322620 1529.8
1322630 1529.8
1322640 1534.8
1322650 1539.4
1322660 1539.4
1322670 1541.7
1322680 1537.0
1322690 1537.0
1322700 1530.4
1322710 1523.8
1322720 1523.8
1322730 1517.8
1322740 1512.2
1322750 1512.2
1322760 1505.9
1322770 1499.1
1322780 1499.1
1322790 1492.8
1322800 1486.5
1322810 1486.5
1322820 1480.2
1322830 1473.9
1322840 1468.2
1322850 1468.2
1322860 1461.8
1322870 1455.9
1322880 1455.9
1322890 1450.3
1322900 1444.6
1322910 1444.6
1322920 1438.2
1322930 1431.4
1322940 1431.4
1322950 1424.7
1322960 1418.2
1322970 1418.2
1322980 1413.3
1322990 1410.9
1323000 1410.9
1323010 1409.0
1323020 1408.2
1323030 1408.2
1323040 1408.2
1323050 1405.9
1323060 1404.1
1323070 1404.1
1323080 1402.2
1323090 1397.4
1323100 1397.4
1323110 1392.6
1323120 1388.0
1323130 1388.0
1323140 1383.9
1323150 1379.6
1323160 1379.6
1323170 1375.1
1323180 1374.2
1323190 1374.2
1323200 1378.2
1323210 1383.1
1323220 1383.1
1323230 1388.6
1323240 1394.3
1323250 1394.3
1323260 1400.7
1323270 1410.1
1323280 1410.1
1323290 1417.8
1323300 1423.5
1323310 1429.3
1323320 1429.3
1323330 1435.1
1323340 1443.6
1323350 1443.6
1323360 1450.0
1323370 1457.2
1323380 1457.2
1323390 1464.6
1323400 1472.1
1323410 1472.1
1323420 1479.9
1323430 1487.7
1323440 1487.7
1323450 1495.5
1323460 1504.5
1323470 1504.5
1323480 1514.5
1323490 1524.6
1323500 1524.6
1323510 1534.8
1323520 1543.0
1323530 1552.7
1323540 1552.7
1323550 1564.0
1323560 1575.3
1323570 1575.3
1323580 1582.4
1323590 1585.6
1323600 1585.6
1323610 1588.5
1323620 1593.4
1323630 1593.4
1323640 1602.0
1323650 1612.1
1323660 1612.1
1323670 1621.3
1323680 1631.4
1323690 1631.4
1323700 1640.2
1323710 1650.0
1323720 1650.0
1323730 1663.2
1323740 1674.9
1323750 1674.9
1323760 1682.6
1323770 1691.0
1323780 1700.0
1323790 1700.0
1323800 1709.6
1323810 1723.8
1323820 1723.8
1323830 1734.5
1323840 1741.3
1323850 1741.3
1323860 1743.3
1323870 1740.9
1323880 1740.9
1323890 1733.9
1323900 1720.8
1323910 1720.8
1323920 1707.5
1323930 1700.7
1323940 1700.7
1323950 1690.8
1323960 1677.8
1323970 1677.8
1323980 1668.4
1323990 1659.9
1324000 1651.6
1324010 1651.6
1324020 1644.0
1324030 1637.7
1324040 1637.7
1324050 1633.2
1324060 1629.3
1324070 1629.3
1324080 1625.1
1324090 1620.3
1324100 1620.3
1324110 1615.0
1324120 1609.1
1324130 1613.2
1324140 1606.5
1324150 1599.6
1324160 1599.6
1324170 1593.5
1324180 1588.3
1324190 1588.3
1324200 1585.8
1324210 1586.1
1324220 1586.7
1324230 1586.7
1324240 1585.2
1324250 1583.6
1324260 1583.6
1324270 1582.1
1324280 1581.8
1324290 1581.8
1324300 1582.7
1324310 1584.3
1324320 1584.3
1324330 1586.8
1324340 1589.5
1324350 1589.5
1324360 1592.6
1324370 1595.7
1324380 1595.7
1324390 1598.7
1324400 1599.2
1324410 1599.2
1324420 1596.3
1324430 1592.2
1324440 1592.2
1324450 1589.9
1324460 1596.1
1324470 1605.3
1324480 1605.3
1324490 1611.4
1324500 1613.3
1324510 1613.3
1324520 1614.1
1324530 1614.4
1324540 1614.4
1324550 1610.2
1324560 1609.4
1324570 1609.4
1324580 1614.9
1324590 1623.5
1324600 1623.5
1324610 1628.0
1324620 1628.8
1324630 1628.8
1324640 1628.6
1324650 1630.3
1324660 1630.3
1324670 1632.4
1324680 1633.0
1324690 1633.4
1324700 1633.4
1324710 1634.0
1324720 1635.4
1324730 1635.4
1324740 1637.4
1324750 1641.6
1324760 1641.6
1324770 1647.7
1324780 1654.0
1324790 1654.0
1324800 1660.2
1324810 1665.7
1324820 1665.7
1324830 1670.3
1324840 1674.9
1324850 1674.9
1324860 1681.7
1324870 1688.0
1324880 1688.0
1324890 1694.9
1324900 1701.9
1324910 1701.9
1324920 1709.2
1324930 1718.6
1324940 1725.8
1324950 1725.8
1324960 1733.8
1324970 1743.5
1324980 1743.5
1324990 1752.7
1325000 1762.4
1325010 1762.4
1325020 1772.3
1325030 1787.2
1325040 1787.2
1325050 1801.4
1325060 1808.9
1325070 1808.9
1325080 1817.6
1325090 1828.9
1325100 1828.9
1325110 1840.2
1325120 1849.9
1325130 1849.9
1325140 1857.5
1325150 1863.9
1325160 1871.7
1325170 1871.7
1325180 1880.6
1325190 1889.7
1325200 1889.7
1325210 1898.0
1325220 1903.8
1325230 1903.8
1325240 1909.6
1325250 1915.1
1325260 1915.1
1325270 1920.7
1325280 1926.0
1325290 1926.0
1325300 1931.3
1325310 1938.3
1325320 1938.3
1325330 1946.8
1325340 1954.9
1325350 1954.9
1325360 1963.4
1325370 1973.0
1325380 1982.3
1325390 1982.3
1325400 1992.3
1325410 2002.6
1325420 2002.6
1325430 2012.6
1325440 2021.5
1325450 2021.5
1325460 2029.7
1325470 2037.8
1325480 2037.8
1325490 2044.3
1325500 2045.0
1325510 2045.0
1325520 2040.5
1325530 2035.1
1325540 2035.1
1325550 2030.4
1325560 2025.8
1325570 2025.8
1325580 2025.9
1325590 2029.5
1325600 2029.5
1325610 2029.0
1325620 2023.8
1325630 2019.8
1325640 2019.8
1325650 2017.7
1325660 2013.9
1325670 2013.9
1325680 2013.5
1325690 2012.4
1325700 2012.4
1325710 2013.4
1325720 2023.3
1325730 2023.3
1325740 2026.5
1325750 2025.8
1325760 2025.8
1325770 2026.2
1325780 2028.3
1325790 2028.3
1325800 2028.5
1325810 2030.6
1325820 2030.6
1325830 2033.5
1325840 2036.0
1325850 2038.3
1325860 2038.3
1325870 2040.1
1325880 2041.4
1325890 2041.4
1325900 2042.1
1325910 2042.8
1325920 2042.8
1325930 2046.4
1325940 2052.8
1325950 2052.8
1325960 2054.1
1325970 2049.9
1325980 2049.9
1325990 2046.2
1326000 2044.1
1326010 2044.1
1326020 2042.0
1326030 2040.0
1326040 2040.0
1326050 2037.3
1326060 2032.2
1326070 2032.2
1326080 2027.0
1326090 2024.1
1326100 2021.9
1326110 2021.9
1326120 2020.8
1326130 2020.0
1326140 2020.0
1326150 2020.9
1326160 2022.1
1326170 2022.1
1326180 2020.5
1326190 2018.9
1326200 2018.9
1326210 2017.8
1326220 2018.2
1326230 2018.2
1326240 2017.5
1326250 2013.4
1326260 2013.4
1326270 2002.9
1326280 1987.3
1326290 1987.3
1326300 1977.9
1326310 1971.0
1326320 1963.4
1326330 1963.4
1326340 1954.3
1326350 1948.2
1326360 1948.2
1326370 1943.2
1326380 1938.0
1326390 1938.0
1326400 1933.7
1326410 1930.8
1326420 1930.8
1326430 1927.6
1326440 1924.4
1326450 1924.4
1326460 1921.0
1326470 1917.7
1326480 1917.7
1326490 1914.4
1326500 1910.9
1326510 1910.9
1326520 1907.9
1326530 1909.6
1326540 1906.3
1326550 1906.3
1326560 1902.3
1326570 1898.8
1326580 1898.8
1326590 1895.7
1326600 1893.0
1326610 1893.0
1326620 1890.8
1326630 1889.6
1326640 1889.6
1326650 1888.2
1326660 1887.5
1326670 1887.5
1326680 1887.2
1326690 1887.1
1326700 1887.1
1326710 1887.2
1326720 1887.2
1326730 1887.2
1326740 1888.4
1326750 1891.3
1326760 1891.3
1326770 1893.5
1326780 1895.6
1326790 1897.4
1326800 1897.4
1326810 1898.8
1326820 1899.9
1326830 1899.9
1326840 1901.4
1326850 1902.8
1326860 1902.8
1326870 1902.9
1326880 1902.0
1326890 1902.0
1326900 1901.4
1326910 1900.4
1326920 1900.4
1326930 1900.9
1326940 1900.8
1326950 1900.8
1326960 1900.8
1326970 1901.0
1326980 1901.0
1326990 1901.4
1327000 1901.7
1327010 1902.0
1327020 1902.0
1327030 1902.9
1327040 1904.0
1327050 1904.0
1327060 1903.7
1327070 1900.9
1327080 1900.9
1327090 1896.1
1327100 1889.7
1327110 1889.7
1327120 1882.1
1327130 1875.0
1327140 1875.0
1327150 1867.3
1327160 1863.9
1327170 1863.9
1327180 1855.8
1327190 1845.1
1327200 1845.1
1327210 1837.2
1327220 1830.3
1327230 1830.3
1327240 1825.3
1327250 1819.3
1327260 1815.0
1327270 1815.0
1327280 1812.4
1327290 1810.6
1327300 1810.6
1327310 1807.7
1327320 1803.6
1327330 1805.3
1327340 1805.0
1327350 1804.8
1327360 1804.8
1327370 1803.4
1327380 1807.1
1327390 1807.1
1327400 1812.6
1327410 1815.3
1327420 1815.3
1327430 1816.6
1327440 1816.8
1327450 1816.8
1327460 1817.5
1327470 1818.4
1327480 1819.2
1327490 1819.2
1327500 1820.7
1327510 1822.0
1327520 1822.0
1327530 1819.6
1327540 1818.6
1327550 1818.6
1327560 1823.8
1327570 1825.5
1327580 1825.5
1327590 1827.0
1327600 1828.5
1327610 1828.5
1327620 1829.7
1327630 1829.8
1327640 1829.8
1327650 1830.7
1327660 1833.0
1327670 1833.0
1327680 1836.2
1327690 1839.3
1327700 1842.9
1327710 1842.9
1327720 1846.9
1327730 1849.8
1327740 1849.8
1327750 1851.7
1327760 1851.1
1327770 1851.1
1327780 1848.2
1327790 1845.3
1327800 1845.3
1327810 1842.1
1327820 1839.6
1327830 1839.6
1327840 1837.9
1327850 1838.3
1327860 1838.3
1327870 1841.8
1327880 1846.0
1327890 1846.0
1327900 1847.8
1327910 1848.7
1327920 1848.7
1327930 1849.0
1327940 1848.0
1327950 1846.5
1327960 1846.5
1327970 1844.3
1327980 1844.4
1327990 1844.4
1328000 1842.2
1328010 1836.0
1328020 1836.0
1328030 1828.6
1328040 1822.4
1328050 1822.4
1328060 1819.0
1328070 1819.5
1328080 1819.5
1328090 1820.2
1328100 1820.8
1328110 1820.8
1328120 1825.4
1328130 1831.6
1328140 1834.4
1328150 1838.8
1328160 1843.2
1328170 1848.8
1328180 1848.8
1328190 1852.2
1328200 1854.2
1328210 1854.2
1328220 1855.6
1328230 1856.4
1328240 1856.4
1328250 1857.8
1328260 1860.2
1328270 1860.2
1328280 1863.4
1328290 1867.6
1328300 1867.6
1328310 1872.5
1328320 1877.5
1328330 1877.5
1328340 1883.0
1328350 1889.4
1328360 1889.4
1328370 1895.7
1328380 1902.2
1328390 1902.2
1328400 1908.3
1328410 1914.6
1328420 1921.3
1328430 1921.3
1328440 1928.7
1328450 1937.5
1328460 1937.5
1328470 1946.6
1328480 1953.9
1328490 1953.9
1328500 1962.0
1328510 1968.7
1328520 1968.7
1328530 1972.6
1328540 1974.1
1328550 1974.1
1328560 1973.8
1328570 1972.3
1328580 1972.3
1328590 1970.9
1328600 1970.7
1328610 1970.7
1328620 1969.0
1328630 1966.5
1328640 1964.6
1328650 1964.6
1328660 1961.4
1328670 1956.9
1328680 1956.9
1328690 1946.1
1328700 1938.3
1328710 1938.3
1328720 1933.8
1328730 1930.7
1328740 1930.7
1328750 1927.8
1328760 1926.5
1328770 1926.5
1328780 1926.4
1328790 1925.0
1328800 1925.0
1328810 1924.1
1328820 1923.3
1328830 1923.3
1328840 1922.3
1328850 1921.8
1328860 1921.3
1328870 1921.3
1328880 1920.0
1328890 1918.9
1328900 1918.9
1328910 1916.9
1328920 1915.1
1328930 1915.1
1328940 1914.1
1328950 1913.2
1328960 1915.5
1328970 1915.2
1328980 1917.2
1328990 1917.2
1329000 1918.3
1329010 1919.4
1329020 1919.4
1329030 1918.5
1329040 1916.1
1329050 1916.1
1329060 1913.5
1329070 1911.6
1329080 1911.6
1329090 1910.1
1329100 1908.4
1329110 1907.6
1329120 1907.6
1329130 1907.2
1329140 1906.0
1329150 1906.0
1329160 1904.3
1329170 1902.5
1329180 1902.5
1329190 1900.8
1329200 1899.4
1329210 1899.4
1329220 1896.4
1329230 1892.4
1329240 1892.4
1329250 1889.1
1329260 1884.2
1329270 1884.2
1329280 1877.6
1329290 1869.7
1329300 1869.7
1329310 1861.7
1329320 1852.4
1329330 1838.4
1329340 1838.4
1329350 1826.4
1329360 1817.0
1329370 1817.0
1329380 1809.8
1329390 1802.4
1329400 1802.4
1329410 1795.2
1329420 1788.8
1329430 1788.8
1329440 1783.0
1329450 1777.8
1329460 1777.8
1329470 1771.8
1329480 1766.8
1329490 1766.8
1329500 1762.8
1329510 1758.4
1329520 1758.4
1329530 1752.5
1329540 1744.8
1329550 1744.8
1329560 1737.8
1329570 1732.8
1329580 1727.1
1329590 1727.1
1329600 1722.5
1329610 1719.7
1329620 1719.7
1329630 1716.8
1329640 1712.0
1329650 1712.0
1329660 1707.1
1329670 1708.1
1329680 1708.1
1329690 1709.3
1329700 1707.7
1329710 1707.7
1329720 1709.5
1329730 1706.9
1329740 1706.9
1329750 1703.0
1329760 1702.4
1329770 1712.3
1329780 1713.0
1329790 1707.1
1329800 1703.3
1329810 1703.3
1329820 1700.9
1329830 1700.0
1329840 1700.0
1329850 1698.5
1329860 1696.7
1329870 1696.7
1329880 1693.9
1329890 1691.2
1329900 1691.2
1329910 1688.5
1329920 1683.7
1329930 1683.7
1329940 1677.7
1329950 1674.8
1329960 1674.8
1329970 1674.3
1329980 1675.1
1329990 1675.1
1330000 1673.5
1330010 1670.7
1330020 1667.0
1330030 1667.0
1330040 1662.1
1330050 1657.4
1330060 1657.4
1330070 1655.3
1330080 1653.3
1330090 1653.3
1330100 1651.1
1330110 1648.9
1330120 1648.9
1330130 1645.4
1330140 1642.5
1330150 1642.5
1330160 1642.4
1330170 1644.5
1330180 1644.5
1330190 1647.2
1330200 1649.5
1330210 1649.5
1330220 1650.7
1330230 1651.3
1330240 1651.3
1330250 1652.0
1330260 1651.0
1330270 1648.1
1330280 1648.1
1330290 1643.4
1330300 1620.6
1330310 1620.6
1330320 1606.5
1330330 1594.0
1330340 1594.0
1330350 1583.2
1330360 1580.2
1330370 1580.2
1330380 1572.4
1330390 1550.9
1330400 1550.9
1330410 1538.3
1330420 1536.7
1330430 1536.7
1330440 1538.3
1330450 1537.2
1330460 1537.2
1330470 1538.6
1330480 1541.0
1330490 1535.5
1330500 1535.5
1330510 1528.9
1330520 1522.1
1330530 1522.1
1330540 1515.9
1330550 1510.7
1330560 1510.7
1330570 1507.0
1330580 1506.3
1330590 1506.3
1330600 1512.2
1330610 1508.8
1330620 1508.8
1330630 1503.4
1330640 1500.6
1330650 1500.6
1330660 1503.4
1330670 1507.2
1330680 1507.2
1330690 1507.9
1330700 1507.4
1330710 1507.4
1330720 1506.2
1330730 1504.2
1330740 1502.0
1330750 1502.0
1330760 1500.1
1330770 1492.2
1330780 1492.2
1330790 1471.6
1330800 1458.0
1330810 1458.0
1330820 1452.7
1330830 1446.9
1330840 1446.9
1330850 1433.1
1330860 1406.4
1330870 1406.4
1330880 1376.6
1330890 1361.9
1330900 1361.9
1330910 1358.2
1330920 1355.7
1330930 1355.7
1330940 1351.9
1330950 1346.1
1330960 1338.2
1330970 1338.2
1330980 1331.7
1330990 1322.6
1331000 1322.6
1331010 1316.5
1331020 1313.1
1331030 1313.1
1331040 1308.0
1331050 1305.5
1331060 1305.5
1331070 1306.7
1331080 1311.6
1331090 1311.6
1331100 1311.0
1331110 1307.0
1331120 1307.0
1331130 1304.1
1331140 1293.8
1331150 1293.8
1331160 1275.4
1331170 1257.6
1331180 1245.8
1331190 1245.8
1331200 1236.0
1331210 1224.8
1331220 1224.8
1331230 1220.4
1331240 1217.1
1331250 1217.1
1331260 1213.3
1331270 1208.9
1331280 1208.9
1331290 1205.0
1331300 1202.6
1331310 1202.6
1331320 1199.9
1331330 1196.9
1331340 1196.9
1331350 1193.7
1331360 1189.8
1331370 1189.8
1331380 1184.1
1331390 1177.2
1331400 1177.2
1331410 1169.8
1331420 1163.2
1331430 1155.8
1331440 1155.8
1331450 1148.0
1331460 1140.6
1331470 1140.6
1331480 1133.3
1331490 1126.4
1331500 1126.4
1331510 1119.8
1331520 1113.5
1331530 1113.5
1331540 1107.3
1331550 1101.6
1331560 1101.6
1331570 1096.1
1331580 1091.3
1331590 1091.3
1331600 1086.6
1331610 1083.1
1331620 1083.1
1331630 1081.2
1331640 1080.6
1331650 1080.2
1331660 1080.2
1331670 1079.6
1331680 1079.1
1331690 1079.1
1331700 1077.9
1331710 1075.4
1331720 1075.4
1331730 1073.7
1331740 1073.2
1331750 1073.2
1331760 1071.9
1331770 1071.1
1331780 1071.1
1331790 1070.0
1331800 1068.8
1331810 1068.8
1331820 1067.2
1331830 1065.3
1331840 1065.3
1331850 1063.4
1331860 1061.7
1331870 1061.7
1331880 1060.3
1331890 1058.2
1331900 1055.0
1331910 1055.0
1331920 1053.1
1331930 1054.2
1331940 1054.2
1331950 1055.6
1331960 1055.4
1331970 1055.4
1331980 1055.2
1331990 1055.0
1332000 1055.0
1332010 1054.8
1332020 1054.7
1332030 1054.7
1332040 1054.7
1332050 1054.7
1332060 1054.7
1332070 1054.8
1332080 1055.1
1332090 1055.1
1332100 1055.5
1332110 1055.8
1332120 1056.2
1332130 1056.2
1332140 1056.4
1332150 1056.9
1332160 1056.9
1332170 1059.6
1332180 1063.6
1332190 1063.6
1332200 1067.5
1332210 1072.4
1332220 1072.4
1332230 1080.2
1332240 1095.9
1332250 1095.9
1332260 1099.6
1332270 1105.1
1332280 1105.1
1332290 1112.5
1332300 1117.9
1332310 1117.9
1332320 1121.8
1332330 1126.8
1332340 1131.4
1332350 1131.4
1332360 1134.8
1332370 1137.9
1332380 1137.9
1332390 1139.5
1332400 1141.0
1332410 1141.0
1332420 1141.7
1332430 1142.2
1332440 1142.2
1332450 1143.1
1332460 1143.7
1332470 1143.7
1332480 1143.2
1332490 1141.5
1332500 1141.5
1332510 1143.8
1332520 1148.1
1332530 1148.1
1332540 1150.2
1332550 1152.6
1332560 1152.6
1332570 1154.7
1332580 1154.5
1332590 1155.7
1332600 1155.7
1332610 1160.3
1332620 1164.0
1332630 1164.0
1332640 1167.5
1332650 1170.2
1332660 1170.2
1332670 1171.5
1332680 1172.3
1332690 1172.3
1332700 1177.3
1332710 1180.0
1332720 1180.0
1332730 1180.0
1332740 1178.9
1332750 1178.9
1332760 1178.4
1332770 1178.1
1332780 1178.1
1332790 1178.8
1332800 1182.1
1332810 1185.8
1332820 1185.8
1332830 1189.1
1332840 1192.9
1332850 1192.9
1332860 1198.9
1332870 1204.9
1332880 1204.9
1332890 1211.0
1332900 1216.7
1332910 1216.7
1332920 1220.4
1332930 1219.0
1332940 1219.0
1332950 1219.6
1332960 1223.7
1332970 1223.7
1332980 1228.6
1332990 1232.1
1333000 1232.1
1333010 1234.4
1333020 1236.3
1333030 1236.3
1333040 1239.4
1333050 1244.3
1333060 1249.0
1333070 1249.0
1333080 1253.0
1333090 1251.4
1333100 1251.4
1333110 1249.6
1333120 1248.0
1333130 1248.0
1333140 1250.5
1333150 1258.3
1333160 1258.3
1333170 1279.2
1333180 1292.1
1333190 1292.1
1333200 1298.9
1333210 1306.1
1333220 1306.1
1333230 1314.3
1333240 1326.2
1333250 1326.2
1333260 1335.8
1333270 1342.0
1333280 1348.1
1333290 1348.1
1333300 1353.7
1333310 1358.7
1333320 1358.7
1333330 1365.2
1333340 1378.9
1333350 1378.9
1333360 1391.6
1333370 1400.9
1333380 1400.9
1333390 1412.9
1333400 1427.7
1333410 1427.7
1333420 1449.1
1333430 1471.9
1333440 1471.9
1333450 1493.3
1333460 1515.3
1333470 1515.3
1333480 1532.7
1333490 1539.5
1333500 1544.0
1333510 1544.0
1333520 1547.5
1333530 1552.2
1333540 1552.2
1333550 1560.3
1333560 1568.0
1333570 1568.0
1333580 1576.0
1333590 1582.2
1333600 1582.2
1333610 1588.5
1333620 1593.7
1333630 1593.7
1333640 1596.8
1333650 1601.0
1333660 1601.0
1333670 1606.1
1333680 1610.9
1333690 1610.9
1333700 1615.4
1333710 1619.4
1333720 1619.4
1333730 1624.5
1333740 1628.7
1333750 1631.4
1333760 1631.4
1333770 1634.6
1333780 1637.6
1333790 1637.6
1333800 1640.8
1333810 1640.6
1333820 1640.6
1333830 1641.9
1333840 1643.9
1333850 1643.9
1333860 1647.1
1333870 1649.5
1333880 1649.5
1333890 1641.4
1333900 1630.3
1333910 1630.3
1333920 1617.4
1333930 1589.4
1333940 1589.4
1333950 1590.1
1333960 1588.2
1333970 1584.8
1333980 1584.8
1333990 1581.6
1334000 1578.4
1334010 1578.4
1334020 1569.9
1334030 1563.9
1334040 1563.9
1334050 1554.3
1334060 1541.8
1334070 1541.8
1334080 1536.2
1334090 1537.5
1334100 1537.5
1334110 1539.5
1334120 1542.3
1334130 1542.3
1334140 1544.0
1334150 1545.0
1334160 1545.0
1334170 1543.4
1334180 1539.4
1334190 1539.4
1334200 1540.8
1334210 1543.3
1334220 1546.8
1334230 1546.8
1334240 1550.5
1334250 1556.6
1334260 1556.6
1334270 1564.0
1334280 1569.9
1334290 1569.9
1334300 1576.6
1334310 1584.0
1334320 1584.0
1334330 1592.7
1334340 1600.6
1334350 1600.6
1334360 1610.4
1334370 1628.6
1334380 1628.6
1334390 1643.7
1334400 1653.5
1334410 1653.5
1334420 1661.7
1334430 1668.4
1334440 1675.8
1334450 1675.8
1334460 1683.1
1334470 1691.3
1334480 1691.3
1334490 1700.0
1334500 1708.8
1334510 1708.8
1334520 1717.1
1334530 1725.1
1334540 1725.1
1334550 1732.0
1334560 1738.2
1334570 1738.2
1334580 1744.4
1334590 1750.0
1334600 1750.0
1334610 1754.1
1334620 1759.2
1334630 1759.2
1334640 1764.5
1334650 1770.5
1334660 1776.2
1334670 1776.2
1334680 1784.6
1334690 1794.8
1334700 1794.8
1334710 1801.8
1334720 1806.8
1334730 1806.8
1334740 1810.8
1334750 1815.2
1334760 1815.2
1334770 1820.6
1334780 1822.1
1334790 1822.1
1334800 1827.1
1334810 1832.8
1334820 1832.8
1334830 1838.5
1334840 1843.0
1334850 1843.0
1334860 1846.1
1334870 1848.1
1334880 1848.1
1334890 1850.5
1334900 1853.0
1334910 1856.5
1334920 1856.5
1334930 1859.0
1334940 1859.7
1334950 1859.7
1334960 1861.2
1334970 1863.8
1334980 1863.8
1334990 1865.0
1335000 1866.4
1335010 1866.4
1335020 1867.6
1335030 1866.5
1335040 1866.5
1335050 1865.1
1335060 1866.3
1335070 1866.3
1335080 1868.3
1335090 1868.5
1335100 1868.5
1335110 1868.3
1335120 1871.2
1335130 1873.2
1335140 1873.2
1335150 1874.5
1335160 1876.0
1335170 1876.0
1335180 1877.3
1335190 1876.7
1335200 1876.7
1335210 1877.0
1335220 1874.8
1335230 1874.8
1335240 1872.4
1335250 1875.4
1335260 1875.4
1335270 1876.3
1335280 1876.5
1335290 1876.5
1335300 1877.4
1335310 1879.2
1335320 1879.2
1335330 1882.9
1335340 1886.6
1335350 1886.6
1335360 1889.8
1335370 1893.2
1335380 1896.1
1335390 1896.1
1335400 1899.2
1335410 1903.0
1335420 1903.0
1335430 1906.9
1335440 1911.5
1335450 1911.5
1335460 1916.6
1335470 1922.4
1335480 1922.4
1335490 1929.6
1335500 1937.2
1335510 1937.2
1335520 1946.3
1335530 1954.4
1335540 1954.4
1335550 1961.9
1335560 1969.7
1335570 1969.7
1335580 1978.4
1335590 1988.8
1335600 1999.1
1335610 1999.1
1335620 2008.0
1335630 2015.3
1335640 2015.3
1335650 2024.1
1335660 2032.4
1335670 2032.4
1335680 2042.4
1335690 2051.6
1335700 2051.6
1335710 2059.8
1335720 2068.4
1335730 2068.4
1335740 2077.3
1335750 2084.9
1335760 2084.9
1335770 2092.9
1335780 2101.4
1335790 2101.4
1335800 2108.8
1335810 2115.9
1335820 2122.0
1335830 2122.0
1335840 2126.9
1335850 2132.6
1335860 2132.6
1335870 2138.8
1335880 2144.1
1335890 2144.1
1335900 2148.1
1335910 2151.7
1335920 2151.7
1335930 2154.6
1335940 2156.9
1335950 2156.9
1335960 2159.6
1335970 2162.0
1335980 2162.0
1335990 2163.7
1336000 2166.7
1336010 2166.7
1336020 2168.6
1336030 2170.1
1336040 2170.1
1336050 2170.7
1336060 2170.4
1336070 2170.4
1336080 2170.4
1336090 2170.6
1336100 2171.6
1336110 2171.6
1336120 2171.9
1336130 2171.7
1336140 2171.7
1336150 2171.3
1336160 2171.3
1336170 2171.3
1336180 2170.5
1336190 2168.7
1336200 2168.7
1336210 2166.8
1336220 2164.0
1336230 2164.0
1336240 2161.1
1336250 2158.1
1336260 2158.1
1336270 2155.1
1336280 2152.2
1336290 2149.1
1336300 2149.1
1336310 2146.3
1336320 2143.9
1336330 2143.9
1336340 2143.7
1336350 2144.2
1336360 2144.2
1336370 2145.2
1336380 2147.6
1336390 2147.6
1336400 2150.4
1336410 2151.6
1336420 2151.6
1336430 2152.2
1336440 2153.2
1336450 2153.2
1336460 2153.7
1336470 2153.4
1336480 2148.3
1336490 2148.2
1336500 2147.4
1336510 2147.4
1336520 2146.5
1336530 2144.8
1336540 2143.3
1336550 2143.3
1336560 2143.6
1336570 2142.9
1336580 2142.9
1336590 2142.4
1336600 2142.5
1336610 2142.5
1336620 2142.6
1336630 2142.5
1336640 2142.5
1336650 2142.7
1336660 2142.1
1336670 2142.1
1336680 2142.2
1336690 2142.2
1336700 2142.2
1336710 2142.6
1336720 2143.0
1336730 2143.0
1336740 2143.3
1336750 2144.0
1336760 2145.1
1336770 2145.1
1336780 2146.4
1336790 2148.3
1336800 2148.3
1336810 2150.0
1336820 2151.6
1336830 2151.6
1336840 2153.2
1336850 2154.2
1336860 2154.2
1336870 2155.0
1336880 2156.0
1336890 2156.0
1336900 2157.9
1336910 2162.0
1336920 2162.0
1336930 2167.9
1336940 2172.7
1336950 2172.7
1336960 2175.7
1336970 2176.3
1336980 2176.8
1336990 2176.8
1337000 2178.7
1337010 2181.1
1337020 2181.1
1337030 2181.8
1337040 2183.0
1337050 2183.0
1337060 2184.7
1337070 2185.8
1337080 2185.8
1337090 2186.7
1337100 2188.1
1337110 2188.1
1337120 2189.7
1337130 2192.2
1337140 2192.2
1337150 2194.9
1337160 2197.1
1337170 2197.1
1337180 2199.6
1337190 2202.0
1337200 2202.0
1337210 2204.5
1337220 2206.4
1337230 2208.0
1337240 2208.0
1337250 2210.3
1337260 2212.7
1337270 2212.7
1337280 2214.9
1337290 2217.0
1337300 2217.0
1337310 2219.4
1337320 2222.2
1337330 2222.2
1337340 2223.1
1337350 2225.6
1337360 2225.6
1337370 2227.2
1337380 2232.3
1337390 2232.3
1337400 2239.1
1337410 2245.8
1337420 2245.8
1337430 2251.3
1337440 2255.0
1337450 2258.0
1337460 2258.0
1337470 2260.2
1337480 2262.2
1337490 2262.2
1337500 2264.3
1337510 2266.4
1337520 2266.4
1337530 2268.3
1337540 2270.3
1337550 2270.3
1337560 2272.3
1337570 2275.0
1337580 2275.0
1337590 2278.0
1337600 2281.0
1337610 2281.0
1337620 2284.6
1337630 2288.4
1337640 2288.4
1337650 2291.2
1337660 2294.1
1337670 2294.1
1337680 2297.2
1337690 2300.5
1337700 2304.2
1337710 2304.2
1337720 2308.2
1337730 2312.2
1337740 2312.2
1337750 2316.2
1337760 2320.3
1337770 2320.3
1337780 2324.7
1337790 2329.2
1337800 2329.2
1337810 2334.5
1337820 2340.3
1337830 2340.3
1337840 2346.5
1337850 2353.3
1337860 2353.3
1337870 2360.1
1337880 2365.7
1337890 2365.7
1337900 2370.3
1337910 2374.5
1337920 2379.1
1337930 2379.1
1337940 2383.7
1337950 2387.9
1337960 2387.9
1337970 2392.4
1337980 2397.0
1337990 2397.0
1338000 2401.6
1338010 2406.4
1338020 2406.4
1338030 2411.2
1338040 2415.9
1338050 2415.9
1338060 2421.0
1338070 2426.1
1338080 2426.1
1338090 2430.8
1338100 2435.5
1338110 2435.5
1338120 2440.3
1338130 2444.6
1338140 2449.5
1338150 2449.5
1338160 2454.9
1338170 2460.2
1338180 2460.2
1338190 2465.4
1338200 2470.4
1338210 2467.2
1338220 2471.7
1338230 2477.4
1338240 2477.4
1338250 2485.4
1338260 2498.8
1338270 2498.8
1338280 2509.0
1338290 2514.3
1338300 2514.3
1338310 2519.0
1338320 2525.6
1338330 2525.6
1338340 2531.7
1338350 2537.7
1338360 2537.7
1338370 2543.2
1338380 2547.9
1338390 2551.8
1338400 2551.8
1338410 2555.8
1338420 2561.2
1338430 2561.2
1338440 2567.4
1338450 2574.0
1338460 2574.0
1338470 2579.8
1338480 2585.7
1338490 2585.7
1338500 2592.2
1338510 2599.1
1338520 2599.1
1338530 2606.5
1338540 2613.3
1338550 2613.3
1338560 2620.9
1338570 2630.6
1338580 2630.6
1338590 2640.5
1338600 2652.2
1338610 2667.8
1338620 2667.8
1338630 2686.6
1338640 2699.0
1338650 2699.0
1338660 2698.3
1338670 2689.2
1338680 2689.2
1338690 2675.0
1338700 2651.6
1338710 2651.6
1338720 2623.6
1338730 2610.3
1338740 2610.3
1338750 2602.1
1338760 2595.3
1338770 2595.3
1338780 2587.6
1338790 2579.7
1338800 2579.7
1338810 2571.9
1338820 2563.9
1338830 2563.9
1338840 2557.3
1338850 2551.9
1338860 2547.3
1338870 2547.3
1338880 2543.4
1338890 2540.2
1338900 2540.2
1338910 2538.1
1338920 2537.1
1338930 2537.1
1338940 2536.4
1338950 2535.8
1338960 2535.8
1338970 2535.5
1338980 2535.3
1338990 2535.3
1339000 2535.0
1339010 2535.9
1339020 2535.9
1339030 2537.5
1339040 2541.2
1339050 2541.2
1339060 2547.2
1339070 2555.7
1339080 2567.0
1339090 2567.0
1339100 2571.1
1339110 2570.4
1339120 2570.4
1339130 2566.7
1339140 2557.1
1339150 2557.1
1339160 2542.3
1339170 2532.8
1339180 2532.8
1339190 2526.8
1339200 2523.2
1339210 2523.2
1339220 2520.3
1339230 2518.2
1339240 2518.2
1339250 2517.3
1339260 2517.7
1339270 2517.7
1339280 2518.4
1339290 2517.5
1339300 2514.8
1339310 2514.8
1339320 2513.3
1339330 2510.6
1339340 2510.6
1339350 2504.3
1339360 2499.2
1339370 2499.2
1339380 2497.2
1339390 2497.1
1339400 2497.1
1339410 2498.0
1339420 2497.9
1339430 2497.9
1339440 2495.9
1339450 2492.0
1339460 2492.0
1339470 2485.5
1339480 2475.7
1339490 2475.7
1339500 2467.1
1339510 2461.2
1339520 2461.2
1339530 2455.6
1339540 2452.4
1339550 2451.0
1339560 2451.0
1339570 2448.2
1339580 2443.9
1339590 2443.9
1339600 2440.4
1339610 2438.5
1339620 2438.5
1339630 2436.6
1339640 2434.5
1339650 2434.5
1339660 2432.4
1339670 2428.6
1339680 2428.6
1339690 2422.9
1339700 2418.9
1339710 2418.9
1339720 2417.1
1339730 2414.3
1339740 2414.3
1339750 2411.3
1339760 2409.2
1339770 2407.1
1339780 2407.1
1339790 2405.5
1339800 2403.9
1339810 2403.9
1339820 2401.8
1339830 2399.8
1339840 2399.8
1339850 2397.1
1339860 2394.9
1339870 2394.9
1339880 2392.4
1339890 2389.8
1339900 2389.8
1339910 2387.4
1339920 2384.8
1339930 2384.8
1339940 2381.7
1339950 2383.5
1339960 2383.5
1339970 2380.2
1339980 2374.6
1339990 2374.6
