1320000 1228.1
1320010 1230.9
1320020 1233.4
1320030 1233.4
1320040 1235.4
1320050 1238.2
1320060 1238.2
1320070 1239.7
1320080 1241.2
1320090 1245.2
1320100 1246.9
1320110 1249.2
1320120 1249.2
1320130 1251.3
1320140 1252.4
1320150 1252.4
1320160 1252.8
1320170 1252.9
1320180 1252.7
1320190 1252.7
1320200 1252.6
1320210 1253.1
1320220 1253.1
1320230 1255.4
1320240 1261.5
1320250 1261.5
1320260 1267.3
1320270 1273.1
1320280 1273.1
1320290 1279.3
1320300 1284.6
1320310 1284.6
1320320 1286.4
1320330 1288.0
1320340 1288.0
1320350 1290.9
1320360 1293.8
1320370 1293.8
1320380 1296.5
1320390 1300.5
1320400 1304.3
1320410 1304.3
1320420 1307.0
1320430 1309.9
1320440 1309.9
1320450 1311.2
1320460 1312.7
1320470 1312.7
1320480 1314.5
1320490 1315.9
1320500 1315.9
1320510 1321.5
1320520 1328.5
1320530 1328.5
1320540 1334.3
1320550 1339.1
1320560 1339.1
1320570 1342.2
1320580 1346.4
1320590 1346.4
1320600 1351.1
1320610 1353.9
1320620 1353.1
1320630 1353.1
1320640 1351.2
1320650 1350.3
1320660 1350.3
1320670 1351.9
1320680 1355.3
1320690 1355.3
1320700 1358.6
1320710 1362.1
1320720 1362.1
1320730 1363.9
1320740 1364.3
1320750 1364.3
1320760 1365.6
1320770 1369.3
1320780 1369.3
1320790 1375.4
1320800 1381.0
1320810 1381.0
1320820 1382.0
1320830 1382.0
1320840 1382.0
1320850 1381.2
1320860 1389.5
1320870 1387.5
1320880 1387.5
1320890 1381.3
1320900 1372.9
1320910 1372.9
1320920 1364.5
1320930 1356.7
1320940 1356.7
1320950 1349.3
1320960 1342.4
1320970 1342.4
1320980 1337.4
1320990 1334.6
1321000 1334.6
1321010 1331.7
1321020 1327.4
1321030 1327.4
1321040 1323.3
1321050 1319.4
1321060 1319.4
1321070 1314.4
1321080 1304.2
1321090 1289.2
1321100 1289.2
1321110 1277.5
1321120 1267.7
1321130 1267.7
1321140 1259.0
1321150 1250.9
1321160 1250.9
1321170 1243.0
1321180 1235.0
1321190 1235.0
1321200 1227.1
1321210 1219.3
1321220 1219.3
1321230 1211.9
1321240 1206.3
1321250 1206.3
1321260 1203.9
1321270 1204.4
1321280 1204.4
1321290 1205.0
1321300 1205.8
1321310 1205.8
1321320 1204.5
1321330 1198.5
1321340 1188.1
1321350 1188.1
1321360 1177.1
1321370 1167.5
1321380 1167.5
1321390 1159.2
1321400 1150.1
1321410 1150.1
1321420 1141.6
1321430 1133.8
1321440 1133.8
1321450 1129.2
1321460 1119.6
1321470 1119.6
1321480 1108.1
1321490 1101.0
1321500 1101.0
1321510 1092.5
1321520 1085.0
1321530 1085.0
1321540 1075.1
1321550 1068.1
1321560 1062.0
1321570 1062.0
1321580 1056.8
1321590 1051.6
1321600 1051.6
1321610 1047.4
1321620 1041.8
1321630 1041.8
1321640 1047.4
1321650 1059.3
1321660 1059.3
1321670 1070.0
1321680 1077.5
1321690 1077.5
1321700 1083.7
1321710 1091.2
1321720 1091.2
1321730 1099.7
1321740 1103.6
1321750 1103.6
1321760 1101.6
1321770 1103.7
1321780 1109.1
1321790 1109.1
1321800 1114.6
1321810 1120.5
1321820 1120.5
1321830 1126.7
1321840 1133.8
1321850 1133.8
1321860 1141.7
1321870 1150.1
1321880 1150.1
1321890 1158.7
1321900 1167.9
1321910 1167.9
1321920 1179.3
1321930 1190.8
1321940 1190.8
1321950 1196.3
1321960 1205.0
1321970 1205.0
1321980 1218.3
1321990 1229.7
1322000 1229.7
1322010 1240.5
1322020 1248.7
1322030 1257.0
1322040 1257.0
1322050 1268.0
1322060 1277.8
1322070 1277.8
1322080 1281.2
1322090 1284.5
1322100 1284.5
1322110 1287.9
1322120 1291.7
1322130 1291.7
1322140 1295.7
1322150 1301.6
1322160 1301.6
1322170 1306.3
1322180 1309.7
1322190 1309.7
1322200 1313.3
1322210 1317.3
1322220 1317.3
1322230 1321.9
1322240 1327.8
1322250 1337.2
1322260 1337.2
1322270 1348.2
1322280 1356.8
1322290 1356.8
1322300 1362.0
1322310 1364.8
1322320 1364.8
1322330 1367.2
1322340 1372.6
1322350 1372.6
1322360 1377.3
1322370 1381.1
1322380 1381.1
1322390 1385.1
1322400 1389.2
1322410 1389.2
1322420 1400.6
1322430 1404.9
1322440 1404.9
1322450 1409.2
1322460 1413.1
1322470 1413.1
1322480 1417.4
1322490 1422.0
1322500 1428.1
1322510 1428.1
1322520 1435.5
1322530 1443.4
1322540 1443.4
1322550 1451.7
1322560 1460.0
1322570 1460.0
1322580 1468.2
1322590 1476.8
1322600 1476.8
1322610 1484.9
1322620 1492.8
1322630 1492.8
1322640 1499.7
1322650 1502.4
1322660 1502.4
1322670 1498.0
1322680 1492.3
1322690 1492.3
1322700 1487.1
1322710 1481.8
1322720 1476.6
1322730 1476.6
1322740 1471.2
1322750 1465.7
1322760 1465.7
1322770 1460.5
1322780 1456.2
1322790 1456.2
1322800 1452.2
1322810 1448.2
1322820 1448.2
1322830 1443.3
1322840 1437.3
1322850 1437.3
1322860 1432.1
1322870 1427.0
1322880 1427.0
1322890 1421.5
1322900 1415.6
1322910 1415.6
1322920 1409.9
1322930 1405.7
1322940 1405.7
1322950 1401.0
1322960 1398.2
1322970 1395.6
1322980 1395.6
1322990 1393.0
1323000 1389.7
1323010 1389.7
1323020 1385.9
1323030 1384.0
1323040 1384.0
1323050 1379.9
1323060 1374.4
1323070 1374.4
1323080 1369.3
1323090 1364.1
1323100 1364.1
1323110 1359.4
1323120 1356.1
1323130 1356.1
1323140 1356.7
1323150 1358.7
1323160 1358.7
1323170 1364.2
1323180 1370.5
1323190 1377.1
1323200 1377.1
1323210 1382.8
1323220 1390.2
1323230 1390.2
1323240 1398.8
1323250 1405.8
1323260 1405.8
1323270 1411.9
1323280 1418.2
1323290 1418.2
1323300 1424.6
1323310 1431.2
1323320 1431.2
1323330 1438.6
1323340 1446.5
1323350 1446.5
1323360 1453.7
1323370 1461.2
1323380 1461.2
1323390 1468.4
1323400 1475.9
1323410 1484.1
1323420 1484.1
1323430 1492.3
1323440 1500.1
1323450 1500.1
1323460 1507.9
1323470 1516.7
1323480 1516.7
1323490 1527.8
1323500 1540.8
1323510 1540.8
1323520 1551.0
1323530 1564.9
1323540 1564.9
1323550 1579.7
1323560 1590.4
1323570 1590.4
1323580 1599.5
1323590 1609.4
1323600 1609.4
1323610 1618.5
1323620 1632.7
1323630 1632.7
1323640 1650.6
1323650 1658.7
1323660 1662.2
1323670 1662.2
1323680 1666.8
1323690 1677.2
1323700 1677.2
1323710 1688.4
1323720 1700.8
1323730 1700.8
1323740 1712.1
1323750 1714.9
1323760 1714.9
1323770 1715.3
1323780 1713.8
1323790 1713.8
1323800 1709.4
1323810 1702.3
1323820 1702.3
1323830 1695.5
1323840 1688.1
1323850 1688.1
1323860 1680.7
1323870 1672.8
1323880 1665.2
1323890 1665.2
1323900 1656.8
1323910 1647.8
1323920 1647.8
1323930 1638.5
1323940 1628.9
1323950 1628.9
1323960 1620.4
1323970 1613.0
1323980 1613.0
1323990 1611.3
1324000 1604.8
1324010 1604.8
1324020 1598.8
1324030 1593.4
1324040 1593.4
1324050 1587.5
1324060 1580.8
1324070 1580.8
1324080 1575.1
1324090 1570.8
1324100 1570.8
1324110 1567.4
1324120 1563.9
1324130 1561.1
1324140 1561.1
1324150 1559.2
1324160 1560.1
1324170 1560.1
1324180 1561.7
1324190 1559.8
1324200 1559.8
1324210 1556.1
1324220 1556.1
1324230 1556.1
1324240 1557.4
1324250 1558.8
1324260 1558.8
1324270 1560.3
1324280 1559.4
1324290 1559.4
1324300 1558.0
1324310 1555.3
1324320 1555.3
1324330 1552.4
1324340 1553.9
1324350 1559.2
1324360 1559.2
1324370 1568.6
1324380 1574.8
1324390 1574.8
1324400 1575.9
1324410 1577.4
1324420 1577.4
1324430 1580.0
1324440 1577.8
1324450 1577.8
1324460 1574.7
1324470 1579.5
1324480 1579.5
1324490 1586.9
1324500 1590.7
1324510 1590.7
1324520 1592.4
1324530 1594.4
1324540 1594.4
1324550 1596.6
1324560 1598.1
1324570 1599.1
1324580 1599.1
1324590 1600.1
1324600 1601.1
1324610 1601.1
1324620 1602.0
1324630 1603.8
1324640 1603.8
1324650 1605.9
1324660 1608.8
1324670 1608.8
1324680 1612.1
1324690 1615.9
1324700 1615.9
1324710 1620.1
1324720 1624.6
1324730 1624.6
1324740 1629.5
1324750 1634.6
1324760 1634.6
1324770 1639.9
1324780 1645.3
1324790 1646.3
1324800 1652.0
1324810 1657.7
1324820 1663.7
1324830 1663.7
1324840 1669.7
1324850 1675.8
1324860 1675.8
1324870 1682.1
1324880 1688.8
1324890 1688.8
1324900 1695.6
1324910 1703.0
1324920 1703.0
1324930 1710.8
1324940 1718.4
1324950 1718.4
1324960 1726.9
1324970 1734.8
1324980 1734.8
1324990 1741.4
1325000 1749.2
1325010 1749.2
1325020 1758.6
1325030 1766.3
1325040 1775.3
1325050 1775.3
1325060 1784.0
1325070 1792.9
1325080 1792.9
1325090 1804.5
1325100 1812.7
1325110 1812.7
1325120 1821.1
1325130 1828.3
1325140 1828.3
1325150 1835.5
1325160 1841.9
1325170 1841.9
1325180 1848.5
1325190 1856.4
1325200 1856.4
1325210 1867.3
1325220 1877.8
1325230 1877.8
1325240 1884.5
1325250 1892.1
1325260 1892.1
1325270 1899.4
1325280 1906.9
1325290 1914.2
1325300 1914.2
1325310 1921.5
1325320 1928.5
1325330 1928.5
1325340 1934.8
1325350 1940.6
1325360 1940.6
1325370 1947.4
1325380 1953.8
1325390 1953.8
1325400 1959.7
1325410 1965.2
1325420 1965.2
1325430 1970.6
1325440 1975.1
1325450 1975.1
1325460 1977.8
1325470 1978.9
1325480 1978.9
1325490 1978.0
1325500 1971.9
1325510 1961.6
1325520 1961.6
1325530 1954.9
1325540 1949.0
1325550 1949.0
1325560 1941.5
1325570 1935.9
1325580 1944.3
1325590 1942.6
1325600 1943.4
1325610 1943.4
1325620 1943.6
1325630 1941.7
1325640 1941.7
1325650 1939.9
1325660 1940.6
1325670 1940.6
1325680 1942.3
1325690 1943.8
1325700 1943.8
1325710 1945.5
1325720 1949.6
1325730 1955.5
1325740 1955.5
1325750 1960.7
1325760 1964.4
1325770 1964.4
1325780 1967.5
1325790 1969.6
1325800 1969.6
1325810 1972.4
1325820 1972.9
1325830 1972.9
1325840 1972.4
1325850 1975.2
1325860 1975.2
1325870 1977.9
1325880 1977.7
1325890 1977.7
1325900 1976.2
1325910 1975.0
1325920 1975.0
1325930 1975.8
1325940 1978.9
1325950 1978.9
1325960 1981.8
1325970 1984.5
1325980 1986.2
1325990 1986.2
1326000 1985.9
1326010 1985.1
1326020 1985.1
1326030 1984.8
1326040 1985.5
1326050 1985.5
1326060 1985.2
1326070 1985.5
1326080 1985.5
1326090 1985.1
1326100 1983.9
1326110 1983.9
1326120 1981.9
1326130 1980.1
1326140 1980.1
1326150 1978.9
1326160 1977.9
1326170 1977.9
1326180 1976.0
1326190 1973.3
1326200 1970.1
1326210 1970.1
1326220 1966.8
1326230 1962.1
1326240 1962.1
1326250 1956.4
1326260 1953.1
1326270 1953.1
1326280 1946.9
1326290 1939.5
1326300 1939.5
1326310 1933.1
1326320 1925.8
1326330 1925.8
1326340 1918.8
1326350 1912.3
1326360 1912.3
1326370 1904.9
1326380 1899.5
1326390 1903.3
1326400 1898.2
1326410 1894.0
1326420 1894.0
1326430 1890.1
1326440 1886.4
1326450 1882.7
1326460 1882.7
1326470 1879.0
1326480 1875.6
1326490 1875.6
1326500 1872.6
1326510 1870.3
1326520 1870.3
1326530 1868.9
1326540 1866.8
1326550 1866.8
1326560 1864.4
1326570 1861.8
1326580 1861.8
1326590 1859.4
1326600 1857.6
1326610 1857.6
1326620 1857.6
1326630 1858.4
1326640 1858.4
1326650 1859.9
1326660 1861.2
1326670 1861.3
1326680 1861.3
1326690 1861.5
1326700 1865.3
1326710 1865.3
1326720 1871.0
1326730 1874.7
1326740 1874.7
1326750 1876.5
1326760 1877.7
1326770 1877.7
1326780 1879.2
1326790 1880.0
1326800 1880.0
1326810 1880.0
1326820 1878.6
1326830 1878.6
1326840 1878.4
1326850 1879.1
1326860 1879.1
1326870 1880.0
1326880 1881.1
1326890 1880.8
1326900 1880.8
1326910 1879.4
1326920 1881.7
1326930 1881.7
1326940 1884.6
1326950 1886.6
1326960 1886.6
1326970 1888.1
1326980 1888.9
1326990 1888.9
1327000 1887.1
1327010 1883.6
1327020 1883.6
1327030 1880.1
1327040 1877.3
1327050 1877.3
1327060 1873.6
1327070 1868.2
1327080 1868.2
1327090 1863.2
1327100 1859.6
1327110 1859.6
1327120 1855.7
1327130 1852.5
1327140 1848.1
1327150 1848.1
1327160 1841.6
1327170 1832.3
1327180 1832.3
1327190 1824.9
1327200 1820.1
1327210 1820.1
1327220 1813.7
1327230 1807.9
1327240 1807.9
1327250 1803.1
1327260 1802.1
1327270 1802.1
1327280 1802.0
1327290 1802.4
1327300 1802.4
1327310 1803.6
1327320 1799.7
1327330 1799.7
1327340 1791.5
1327350 1787.2
1327360 1788.0
1327370 1788.0
1327380 1787.6
1327390 1785.4
1327400 1785.4
1327410 1786.5
1327420 1789.6
1327430 1789.6
1327440 1793.9
1327450 1797.4
1327460 1797.4
1327470 1800.6
1327480 1804.5
1327490 1804.5
1327500 1808.5
1327510 1810.1
1327520 1810.1
1327530 1810.8
1327540 1811.6
1327550 1811.6
1327560 1812.8
1327570 1814.7
1327580 1814.7
1327590 1817.1
1327600 1819.2
1327610 1820.2
1327620 1820.2
1327630 1820.5
1327640 1821.3
1327650 1821.3
1327660 1822.3
1327670 1823.8
1327680 1823.8
1327690 1824.6
1327700 1825.1
1327710 1825.1
1327720 1823.6
1327730 1821.0
1327740 1821.0
1327750 1818.3
1327760 1814.6
1327770 1814.6
1327780 1810.4
1327790 1806.5
1327800 1806.5
1327810 1805.0
1327820 1801.3
1327830 1796.5
1327840 1796.5
1327850 1793.2
1327860 1790.5
1327870 1790.5
1327880 1788.1
1327890 1787.2
1327900 1787.2
1327910 1787.7
1327920 1788.0
1327930 1788.0
1327940 1787.6
1327950 1786.6
1327960 1786.6
1327970 1785.1
1327980 1782.7
1327990 1782.7
1328000 1786.9
1328010 1789.1
1328020 1789.1
1328030 1792.4
1328040 1795.5
1328050 1796.8
1328060 1796.8
1328070 1797.7
1328080 1798.6
1328090 1798.6
1328100 1801.8
1328110 1804.3
1328120 1804.3
1328130 1803.3
1328140 1805.4
1328150 1805.4
1328160 1809.8
1328170 1814.0
1328180 1814.0
1328190 1817.9
1328200 1820.0
1328210 1820.0
1328220 1821.1
1328230 1822.3
1328240 1822.3
1328250 1824.3
1328260 1825.5
1328270 1825.5
1328280 1827.3
1328290 1830.7
1328300 1834.4
1328310 1834.4
1328320 1839.0
1328330 1844.7
1328340 1844.7
1328350 1851.2
1328360 1860.9
1328370 1860.9
1328380 1879.3
1328390 1895.3
1328400 1895.3
1328410 1906.8
1328420 1916.4
1328430 1916.4
1328440 1923.5
1328450 1929.4
1328460 1929.4
1328470 1935.1
1328480 1938.5
1328490 1938.5
1328500 1939.0
1328510 1940.1
1328520 1939.9
1328530 1939.9
1328540 1938.8
1328550 1937.8
1328560 1937.8
1328570 1936.3
1328580 1934.4
1328590 1934.4
1328600 1929.4
1328610 1919.4
1328620 1919.4
1328630 1907.7
1328640 1900.9
1328650 1900.9
1328660 1897.8
1328670 1895.5
1328680 1895.5
1328690 1894.4
1328700 1894.8
1328710 1894.8
1328720 1894.7
1328730 1893.6
1328740 1893.6
1328750 1892.0
1328760 1891.3
1328770 1891.6
1328780 1891.6
1328790 1891.7
1328800 1890.4
1328810 1894.7
1328820 1894.1
1328830 1892.7
1328840 1892.7
1328850 1891.4
1328860 1890.0
1328870 1890.0
1328880 1889.3
1328890 1888.5
1328900 1888.5
1328910 1887.5
1328920 1886.2
1328930 1886.2
1328940 1884.9
1328950 1884.5
1328960 1884.5
1328970 1883.5
1328980 1881.7
1328990 1880.1
1329000 1880.1
1329010 1878.2
1329020 1876.5
1329030 1876.5
1329040 1874.0
1329050 1872.7
1329060 1872.7
1329070 1872.5
1329080 1872.7
1329090 1872.7
1329100 1871.8
1329110 1868.9
1329120 1868.9
1329130 1864.5
1329140 1860.0
1329150 1860.0
1329160 1856.1
1329170 1853.1
1329180 1853.1
1329190 1851.6
1329200 1850.7
1329210 1850.7
1329220 1846.3
1329230 1841.4
1329240 1834.9
1329250 1834.9
1329260 1826.4
1329270 1818.1
1329280 1818.1
1329290 1810.2
1329300 1803.1
1329310 1803.1
1329320 1796.3
1329330 1789.6
1329340 1789.6
1329350 1781.6
1329360 1773.3
1329370 1773.3
1329380 1766.4
1329390 1759.8
1329400 1759.8
1329410 1752.4
1329420 1747.0
1329430 1747.0
1329440 1741.7
1329450 1735.7
1329460 1730.6
1329470 1730.6
1329480 1725.9
1329490 1721.2
1329500 1721.2
1329510 1716.2
1329520 1712.3
1329530 1712.3
1329540 1709.8
1329550 1707.8
1329560 1707.8
1329570 1703.9
1329580 1697.4
1329590 1697.4
1329600 1688.8
1329610 1681.8
1329620 1681.8
1329630 1676.9
1329640 1667.8
1329650 1667.8
1329660 1661.3
1329670 1656.5
1329680 1651.7
1329690 1651.7
1329700 1651.7
1329710 1650.9
1329720 1650.9
1329730 1650.0
1329740 1650.4
1329750 1650.4
1329760 1648.8
1329770 1647.0
1329780 1647.0
1329790 1647.8
1329800 1650.0
1329810 1650.0
1329820 1650.6
1329830 1647.7
1329840 1647.7
1329850 1642.7
1329860 1638.4
1329870 1638.4
1329880 1636.3
1329890 1633.8
1329900 1633.8
1329910 1630.0
1329920 1626.4
1329930 1623.2
1329940 1623.2
1329950 1620.6
1329960 1617.8
1329970 1617.8
1329980 1615.0
1329990 1613.0
1330000 1613.0
1330010 1611.5
1330020 1610.4
1330030 1610.4
1330040 1609.5
1330050 1608.5
1330060 1608.5
1330070 1606.6
1330080 1602.4
1330090 1602.4
1330100 1597.6
1330110 1597.0
1330120 1597.0
1330130 1586.8
1330140 1556.1
1330150 1539.0
1330160 1539.0
1330170 1529.8
1330180 1523.0
1330190 1523.0
1330200 1523.3
1330210 1523.6
1330220 1523.6
1330230 1522.1
1330240 1528.6
1330250 1528.6
1330260 1527.6
1330270 1507.9
1330280 1507.9
1330290 1485.4
1330300 1472.6
1330310 1472.6
1330320 1463.4
1330330 1452.7
1330340 1452.7
1330350 1443.1
1330360 1438.0
1330370 1438.0
1330380 1435.9
1330390 1434.7
1330400 1433.5
1330410 1433.5
1330420 1431.5
1330430 1429.7
1330440 1429.7
1330450 1438.1
1330460 1435.5
1330470 1435.5
1330480 1437.8
1330490 1438.7
1330500 1438.7
1330510 1437.6
1330520 1440.2
1330530 1440.2
1330540 1444.9
1330550 1443.7
1330560 1443.7
1330570 1448.5
1330580 1457.2
1330590 1457.2
1330600 1460.1
1330610 1453.8
1330620 1445.1
1330630 1445.1
1330640 1440.5
1330650 1441.1
1330660 1441.1
1330670 1436.4
1330680 1409.3
1330690 1409.3
1330700 1381.2
1330710 1371.9
1330720 1371.9
1330730 1366.8
1330740 1366.4
1330750 1366.4
1330760 1365.9
1330770 1363.1
1330780 1363.1
1330790 1357.8
1330800 1348.8
1330810 1348.8
1330820 1345.0
1330830 1339.3
1330840 1322.2
1330850 1322.2
1330860 1310.7
1330870 1299.5
1330880 1299.5
1330890 1298.1
1330900 1295.9
1330910 1295.9
1330920 1284.4
1330930 1275.3
1330940 1275.3
1330950 1271.5
1330960 1267.9
1330970 1267.9
1330980 1263.5
1330990 1258.2
1331000 1258.2
1331010 1250.7
1331020 1241.9
1331030 1241.9
1331040 1237.2
1331050 1235.1
1331060 1235.1
1331070 1233.2
1331080 1230.2
1331090 1226.2
1331100 1226.2
1331110 1221.4
1331120 1217.0
1331130 1217.0
1331140 1211.8
1331150 1206.0
1331160 1206.0
1331170 1199.3
1331180 1192.9
1331190 1192.9
1331200 1186.7
1331210 1179.9
1331220 1179.9
1331230 1172.9
1331240 1166.5
1331250 1166.5
1331260 1159.8
1331270 1153.8
1331280 1158.0
1331290 1152.5
1331300 1148.0
1331310 1144.3
1331320 1144.3
1331330 1140.8
1331340 1138.0
1331350 1138.0
1331360 1136.5
1331370 1134.7
1331380 1134.7
1331390 1131.9
1331400 1128.5
1331410 1128.5
1331420 1124.8
1331430 1120.7
1331440 1120.7
1331450 1115.7
1331460 1110.5
1331470 1110.5
1331480 1104.7
1331490 1098.9
1331500 1098.9
1331510 1093.6
1331520 1087.7
1331530 1087.7
1331540 1081.9
1331550 1077.4
1331560 1073.6
1331570 1073.6
1331580 1070.1
1331590 1067.4
1331600 1067.4
1331610 1065.0
1331620 1062.9
1331630 1062.9
1331640 1061.1
1331650 1059.7
1331660 1059.7
1331670 1058.8
1331680 1058.2
1331690 1058.2
1331700 1057.7
1331710 1056.8
1331720 1056.8
1331730 1056.3
1331740 1055.7
1331750 1055.7
1331760 1055.4
1331770 1055.3
1331780 1054.5
1331790 1054.5
1331800 1053.8
1331810 1053.8
1331820 1053.8
1331830 1053.0
1331840 1051.4
1331850 1051.4
1331860 1051.9
1331870 1052.8
1331880 1052.8
1331890 1052.2
1331900 1052.1
1331910 1052.1
1331920 1052.1
1331930 1052.2
1331940 1052.2
1331950 1052.4
1331960 1052.7
1331970 1052.7
1331980 1052.8
1331990 1054.1
1332000 1056.8
1332010 1056.8
1332020 1060.2
1332030 1065.4
1332040 1065.4
1332050 1071.1
1332060 1076.7
1332070 1076.7
1332080 1083.5
1332090 1090.7
1332100 1090.7
1332110 1086.8
1332120 1090.8
1332130 1090.8
1332140 1095.2
1332150 1101.1
1332160 1101.1
1332170 1105.0
1332180 1107.9
1332190 1107.9
1332200 1111.6
1332210 1114.5
1332220 1114.5
1332230 1114.9
1332240 1119.5
1332250 1126.7
1332260 1126.7
1332270 1133.8
1332280 1139.6
1332290 1139.6
1332300 1145.0
1332310 1151.7
1332320 1151.7
1332330 1162.0
1332340 1171.3
1332350 1171.3
1332360 1176.4
1332370 1181.5
1332380 1181.5
1332390 1188.2
1332400 1194.7
1332410 1194.7
1332420 1199.7
1332430 1204.3
1332440 1204.3
1332450 1208.6
1332460 1210.6
1332470 1212.9
1332480 1212.9
1332490 1217.4
1332500 1222.0
1332510 1222.0
1332520 1224.9
1332530 1228.9
1332540 1228.9
1332550 1232.5
1332560 1239.0
1332570 1239.0
1332580 1246.6
1332590 1251.1
1332600 1251.1
1332610 1253.6
1332620 1256.2
1332630 1256.2
1332640 1258.9
1332650 1263.1
1332660 1263.1
1332670 1266.9
1332680 1269.2
1332690 1269.2
1332700 1270.9
1332710 1272.5
1332720 1274.2
1332730 1274.2
1332740 1275.5
1332750 1276.4
1332760 1276.4
1332770 1277.1
1332780 1277.2
1332790 1277.2
1332800 1276.6
1332810 1276.2
1332820 1276.2
1332830 1274.2
1332840 1268.3
1332850 1268.3
1332860 1261.5
1332870 1257.4
1332880 1257.4
1332890 1258.8
1332900 1263.0
1332910 1263.0
1332920 1267.8
1332930 1272.7
1332940 1277.3
1332950 1271.4
1332960 1271.4
1332970 1271.5
1332980 1271.5
1332990 1271.4
1333000 1273.0
1333010 1273.0
1333020 1278.1
1333030 1284.4
1333040 1284.4
1333050 1288.6
1333060 1294.0
1333070 1294.0
1333080 1300.3
1333090 1305.0
1333100 1305.0
1333110 1306.7
1333120 1311.1
1333130 1311.1
1333140 1318.8
1333150 1328.8
1333160 1337.2
1333170 1337.2
1333180 1356.7
1333190 1384.6
1333200 1384.6
1333210 1402.0
1333220 1407.5
1333230 1407.5
1333240 1406.2
1333250 1422.5
1333260 1422.5
1333270 1440.0
1333280 1451.2
1333290 1451.2
1333300 1465.0
1333310 1475.8
1333320 1475.8
1333330 1483.6
1333340 1488.1
1333350 1488.1
1333360 1493.5
1333370 1502.8
1333380 1502.8
1333390 1512.3
1333400 1520.0
1333410 1525.8
1333420 1525.8
1333430 1530.9
1333440 1536.9
1333450 1536.9
1333460 1543.9
1333470 1553.8
1333480 1553.8
1333490 1561.3
1333500 1567.3
1333510 1567.3
1333520 1573.1
1333530 1579.6
1333540 1579.6
1333550 1587.7
1333560 1594.7
1333570 1594.7
1333580 1601.5
1333590 1607.3
1333600 1607.3
1333610 1613.3
1333620 1618.7
1333630 1623.7
1333640 1623.7
1333650 1628.4
1333660 1633.2
1333670 1633.2
1333680 1638.4
1333690 1643.9
1333700 1643.9
1333710 1648.9
1333720 1653.6
1333730 1653.6
1333740 1658.1
1333750 1662.8
1333760 1662.8
1333770 1667.6
1333780 1670.2
1333790 1670.2
1333800 1676.0
1333810 1681.7
1333820 1681.7
1333830 1686.5
1333840 1691.3
1333850 1691.3
1333860 1696.1
1333870 1701.0
1333880 1705.9
1333890 1705.9
1333900 1710.6
1333910 1715.5
1333920 1715.5
1333930 1720.7
1333940 1724.7
1333950 1724.7
1333960 1727.3
1333970 1728.6
1333980 1728.6
1333990 1728.7
1334000 1727.1
1334010 1727.1
1334020 1724.8
1334030 1721.5
1334040 1721.5
1334050 1720.6
1334060 1716.8
1334070 1716.8
1334080 1709.1
1334090 1700.1
1334100 1688.3
1334110 1688.3
1334120 1680.6
1334130 1661.2
1334140 1661.2
1334150 1651.9
1334160 1653.8
1334170 1653.8
1334180 1651.3
1334190 1647.1
1334200 1647.1
1334210 1644.6
1334220 1638.2
1334230 1638.2
1334240 1633.1
1334250 1629.4
1334260 1629.4
1334270 1625.5
1334280 1624.3
1334290 1624.3
1334300 1623.4
1334310 1623.9
1334320 1626.2
1334330 1626.2
1334340 1629.2
1334350 1632.8
1334360 1632.8
1334370 1637.8
1334380 1645.9
1334390 1645.9
1334400 1656.0
1334410 1664.8
1334420 1664.8
1334430 1672.0
1334440 1678.9
1334450 1678.9
1334460 1685.1
1334470 1690.3
1334480 1690.3
1334490 1695.8
1334500 1702.1
1334510 1702.1
1334520 1707.5
1334530 1712.9
1334540 1712.9
1334550 1718.6
1334560 1724.3
1334570 1730.0
1334580 1730.0
1334590 1735.3
1334600 1741.9
1334610 1741.9
1334620 1748.1
1334630 1752.7
1334640 1752.7
1334650 1760.3
1334660 1768.2
1334670 1768.2
1334680 1774.9
1334690 1781.4
1334700 1781.4
1334710 1787.8
1334720 1793.6
1334730 1793.6
1334740 1799.7
1334750 1806.6
1334760 1806.6
1334770 1813.8
1334780 1821.0
1334790 1828.7
1334800 1828.7
1334810 1835.7
1334820 1843.6
1334830 1843.6
1334840 1851.7
1334850 1859.6
1334860 1859.6
1334870 1867.8
1334880 1874.9
1334890 1874.9
1334900 1882.0
1334910 1889.2
1334920 1889.2
1334930 1896.0
1334940 1903.0
1334950 1903.0
1334960 1909.1
1334970 1914.6
1334980 1914.6
1334990 1919.8
1335000 1925.0
1335010 1925.0
1335020 1928.9
1335030 1931.5
1335040 1934.5
1335050 1934.5
1335060 1937.6
1335070 1940.4
1335080 1940.4
1335090 1942.5
1335100 1945.5
1335110 1945.5
1335120 1948.8
1335130 1952.5
1335140 1952.5
1335150 1955.8
1335160 1959.0
1335170 1959.0
1335180 1961.5
1335190 1962.9
1335200 1962.9
1335210 1963.6
1335220 1963.9
1335230 1963.9
1335240 1959.7
1335250 1956.8
1335260 1959.2
1335270 1959.2
1335280 1964.4
1335290 1971.0
1335300 1971.0
1335310 1975.3
1335320 1977.7
1335330 1977.7
1335340 1980.2
1335350 1983.4
1335360 1983.4
1335370 1986.1
1335380 1985.6
1335390 1985.6
1335400 1985.9
1335410 1990.3
1335420 1990.3
1335430 1992.3
1335440 1991.2
1335450 1991.2
1335460 1990.3
1335470 1992.1
1335480 1981.2
1335490 1981.2
1335500 1981.2
1335510 1982.1
1335520 1982.1
1335530 1983.8
1335540 1987.7
1335550 1987.7
1335560 1992.9
1335570 1997.5
1335580 1997.5
1335590 2003.3
1335600 2010.0
1335610 2010.0
1335620 2017.3
1335630 2025.1
1335640 2025.1
1335650 2033.8
1335660 2043.4
1335670 2043.4
1335680 2052.3
1335690 2060.8
1335700 2060.8
1335710 2068.9
1335720 2076.7
1335730 2083.9
1335740 2083.9
1335750 2090.3
1335760 2096.4
1335770 2096.4
1335780 2103.1
1335790 2109.4
1335800 2109.4
1335810 2116.5
1335820 2123.3
1335830 2123.3
1335840 2130.5
1335850 2137.7
1335860 2137.7
1335870 2145.0
1335880 2151.9
1335890 2151.9
1335900 2158.4
1335910 2165.2
1335920 2165.2
1335930 2171.7
1335940 2178.7
1335950 2186.9
1335960 2186.9
1335970 2192.9
1335980 2196.2
1335990 2196.2
1336000 2199.2
1336010 2201.3
1336020 2201.3
1336030 2204.7
1336040 2208.2
1336050 2208.2
1336060 2211.9
1336070 2215.7
1336080 2215.7
1336090 2218.9
1336100 2221.5
1336110 2221.5
1336120 2222.9
1336130 2224.8
1336140 2224.8
1336150 2226.4
1336160 2227.9
1336170 2227.9
1336180 2228.9
1336190 2229.1
1336200 2229.4
1336210 2229.4
1336220 2228.2
1336230 2225.7
1336240 2225.7
1336250 2222.8
1336260 2219.3
1336270 2219.3
1336280 2216.3
1336290 2214.0
1336300 2214.0
1336310 2211.0
1336320 2208.0
1336330 2200.1
1336340 2197.9
1336350 2196.1
1336360 2196.1
1336370 2193.2
1336380 2191.4
1336390 2191.4
1336400 2190.4
1336410 2191.1
1336420 2191.0
1336430 2191.0
1336440 2189.8
1336450 2188.9
1336460 2188.9
1336470 2189.0
1336480 2189.3
1336490 2189.3
1336500 2189.8
1336510 2189.8
1336520 2189.8
1336530 2189.4
1336540 2189.0
1336550 2189.0
1336560 2189.0
1336570 2188.8
1336580 2188.8
1336590 2188.2
1336600 2188.0
1336610 2188.0
1336620 2187.0
1336630 2185.7
1336640 2185.7
1336650 2184.6
1336660 2183.8
1336670 2183.2
1336680 2183.2
1336690 2182.5
1336700 2181.8
1336710 2181.8
1336720 2181.2
1336730 2180.6
1336740 2180.6
1336750 2179.9
1336760 2179.3
1336770 2179.3
1336780 2179.2
1336790 2178.9
1336800 2178.9
1336810 2178.8
1336820 2179.8
1336830 2179.8
1336840 2180.8
1336850 2181.8
1336860 2181.8
1336870 2183.0
1336880 2184.6
1336890 2186.1
1336900 2186.1
1336910 2187.9
1336920 2189.8
1336930 2189.8
1336940 2192.4
1336950 2195.0
1336960 2195.0
1336970 2197.1
1336980 2199.7
1336990 2199.7
1337000 2201.5
1337010 2203.9
1337020 2203.9
1337030 2204.2
1337040 2203.8
1337050 2203.8
1337060 2203.8
1337070 2204.4
1337080 2204.4
1337090 2205.4
1337100 2206.4
1337110 2207.8
1337120 2207.8
1337130 2209.4
1337140 2211.5
1337150 2211.5
1337160 2214.2
1337170 2216.6
1337180 2216.6
1337190 2216.2
1337200 2218.6
1337210 2218.6
1337220 2220.2
1337230 2222.2
1337240 2222.2
1337250 2224.3
1337260 2226.4
1337270 2226.4
1337280 2229.0
1337290 2231.5
1337300 2231.5
1337310 2234.5
1337320 2237.6
1337330 2237.6
1337340 2240.7
1337350 2244.1
1337360 2247.8
1337370 2247.8
1337380 2251.2
1337390 2254.4
1337400 2254.4
1337410 2257.8
1337420 2261.3
1337430 2261.3
1337440 2264.4
1337450 2267.0
1337460 2267.0
1337470 2270.3
1337480 2273.5
1337490 2273.5
1337500 2276.8
1337510 2280.5
1337520 2280.5
1337530 2284.3
1337540 2287.9
1337550 2287.9
1337560 2291.7
1337570 2295.4
1337580 2299.2
1337590 2299.2
1337600 2302.8
1337610 2306.6
1337620 2306.6
1337630 2310.1
1337640 2313.3
1337650 2313.3
1337660 2316.5
1337670 2319.5
1337680 2319.5
1337690 2322.2
1337700 2325.1
1337710 2325.1
1337720 2328.4
1337730 2331.9
1337740 2331.9
1337750 2335.9
1337760 2340.9
1337770 2340.9
1337780 2346.2
1337790 2351.9
1337800 2351.9
1337810 2357.6
1337820 2363.6
1337830 2369.1
1337840 2369.1
1337850 2374.4
1337860 2378.9
1337870 2378.9
1337880 2383.7
1337890 2390.2
1337900 2390.2
1337910 2396.7
1337920 2402.7
1337930 2402.7
1337940 2408.4
1337950 2414.1
1337960 2414.1
1337970 2419.8
1337980 2425.3
1337990 2425.3
1338000 2430.7
1338010 2435.6
1338020 2435.6
1338030 2440.1
1338040 2444.3
1338050 2448.6
1338060 2444.7
1338070 2450.4
1338080 2456.1
1338090 2456.1
1338100 2461.5
1338110 2467.2
1338120 2467.2
1338130 2472.7
1338140 2478.5
1338150 2478.5
1338160 2484.0
1338170 2488.9
1338180 2488.9
1338190 2492.8
1338200 2496.4
1338210 2496.4
1338220 2501.7
1338230 2508.2
1338240 2508.2
1338250 2516.3
1338260 2525.7
1338270 2534.6
1338280 2534.6
1338290 2549.0
1338300 2562.3
1338310 2562.3
1338320 2575.1
1338330 2585.6
1338340 2585.6
1338350 2594.5
1338360 2602.7
1338370 2602.7
1338380 2611.7
1338390 2620.4
1338400 2620.4
1338410 2629.7
1338420 2636.0
1338430 2636.0
1338440 2639.9
1338450 2644.4
1338460 2644.4
1338470 2647.9
1338480 2650.4
1338490 2650.4
1338500 2650.6
1338510 2652.4
1338520 2665.3
1338530 2665.3
1338540 2680.6
1338550 2701.0
1338560 2701.0
1338570 2715.5
1338580 2709.6
1338590 2709.6
1338600 2700.6
1338610 2691.4
1338620 2691.4
1338630 2682.0
1338640 2671.2
1338650 2671.2
1338660 2659.9
1338670 2650.3
1338680 2650.3
1338690 2641.1
1338700 2632.7
1338710 2632.7
1338720 2625.4
1338730 2618.2
1338740 2611.0
1338750 2611.0
1338760 2603.4
1338770 2595.6
1338780 2595.6
1338790 2588.4
1338800 2581.3
1338810 2581.3
1338820 2574.4
1338830 2567.4
1338840 2567.4
1338850 2559.7
1338860 2551.9
1338870 2551.9
1338880 2545.0
1338890 2538.7
1338900 2538.7
1338910 2531.6
1338920 2525.1
1338930 2523.4
1338940 2517.6
1338950 2513.2
1338960 2513.2
1338970 2509.5
1338980 2506.6
1338990 2504.4
1339000 2504.4
1339010 2502.5
1339020 2500.9
1339030 2500.9
1339040 2500.3
1339050 2501.4
1339060 2501.4
1339070 2504.8
1339080 2507.7
1339090 2507.7
1339100 2510.1
1339110 2512.3
1339120 2512.3
1339130 2514.3
1339140 2515.4
1339150 2515.4
1339160 2515.2
1339170 2512.1
1339180 2512.1
1339190 2504.5
1339200 2496.8
1339210 2489.3
1339220 2489.3
1339230 2481.8
1339240 2473.7
1339250 2473.7
1339260 2467.0
1339270 2464.1
1339280 2464.1
1339290 2462.1
1339300 2459.8
1339310 2459.8
1339320 2458.6
1339330 2458.4
1339340 2458.4
1339350 2458.5
1339360 2458.7
1339370 2458.7
1339380 2459.8
1339390 2461.0
1339400 2461.0
1339410 2459.5
1339420 2454.9
1339430 2450.4
1339440 2450.4
1339450 2445.0
1339460 2438.4
1339470 2438.4
1339480 2431.9
1339490 2425.8
1339500 2425.8
1339510 2420.7
1339520 2415.9
1339530 2415.9
1339540 2411.5
1339550 2406.4
1339560 2406.4
1339570 2401.8
1339580 2398.0
1339590 2398.0
1339600 2395.5
1339610 2392.7
1339620 2392.7
1339630 2389.9
1339640 2387.0
1339650 2387.0
1339660 2383.8
1339670 2381.2
1339680 2378.0
1339690 2378.0
1339700 2374.5
1339710 2371.2
1339720 2371.2
1339730 2367.9
1339740 2365.0
1339750 2365.0
1339760 2363.4
1339770 2362.9
1339780 2362.9
1339790 2362.0
1339800 2364.1
1339810 2364.1
1339820 2362.1
1339830 2360.1
1339840 2360.1
1339850 2357.5
1339860 2355.6
1339870 2355.6
1339880 2353.9
1339890 2352.2
1339900 2350.6
1339910 2350.6
1339920 2348.8
1339930 2346.2
1339940 2346.2
1339950 2343.9
1339960 2341.7
1339970 2341.7
1339980 2339.0
1339990 2336.4
