1320000 1041.4
1320010 1043.1
1320020 1044.4
1320030 1044.4
1320040 1045.6
1320050 1047.0
1320060 1047.0
1320070 1048.3
1320080 1049.9
1320090 1049.9
1320100 1050.9
1320110 1051.0
1320120 1051.0
1320130 1050.0
1320140 1048.3
1320150 1048.3
1320160 1047.3
1320170 1046.8
1320180 1046.8
1320190 1045.0
1320200 1043.2
1320210 1048.3
1320220 1047.2
1320230 1045.2
1320240 1042.1
1320250 1042.1
1320260 1038.8
1320270 1035.3
1320280 1035.3
1320290 1031.9
1320300 1029.0
1320310 1029.0
1320320 1025.6
1320330 1022.6
1320340 1022.6
1320350 1020.8
1320360 1020.5
1320370 1020.5
1320380 1022.1
1320390 1025.7
1320400 1025.7
1320410 1030.8
1320420 1035.7
1320430 1035.7
1320440 1039.1
1320450 1040.1
1320460 1040.1
1320470 1035.9
1320480 1030.5
1320490 1024.0
1320500 1024.0
1320510 1016.8
1320520 1009.6
1320530 1009.6
1320540 1002.0
1320550 996.9
1320560 996.9
1320570 996.0
1320580 999.3
1320590 999.3
1320600 1001.7
1320610 1000.0
1320620 1000.0
1320630 998.1
1320640 999.1
1320650 999.1
1320660 1000.8
1320670 1001.3
1320680 1001.3
1320690 1001.4
1320700 1004.8
1320710 1007.0
1320720 1007.0
1320730 1007.1
1320740 1006.1
1320750 1006.1
1320760 1006.8
1320770 1009.4
1320780 1009.4
1320790 1012.9
1320800 1016.2
1320810 1016.2
1320820 1018.8
1320830 1020.9
1320840 1020.9
1320850 1022.7
1320860 1024.5
1320870 1024.5
1320880 1023.9
1320890 1022.5
1320900 1022.5
1320910 1025.4
1320920 1032.0
1320930 1032.0
1320940 1039.0
1320950 1046.1
1320960 1049.3
1320970 1049.3
1320980 1051.0
1320990 1060.5
1321000 1060.5
1321010 1064.6
1321020 1065.2
1321030 1065.2
1321040 1063.8
1321050 1064.1
1321060 1064.1
1321070 1066.4
1321080 1070.2
1321090 1070.2
1321100 1074.1
1321110 1077.4
1321120 1077.4
1321130 1081.0
1321140 1083.8
1321150 1083.8
1321160 1084.4
1321170 1081.4
1321180 1071.8
1321190 1071.8
1321200 1060.4
1321210 1049.2
1321220 1049.2
1321230 1039.7
1321240 1031.9
1321250 1031.9
1321260 1024.8
1321270 1018.1
1321280 1018.1
1321290 1010.9
1321300 1003.3
1321310 1003.3
1321320 996.2
1321330 990.0
1321340 990.0
1321350 984.2
1321360 977.8
1321370 977.8
1321380 971.7
1321390 966.3
1321400 966.3
1321410 961.3
1321420 957.0
1321430 951.6
1321440 951.6
1321450 942.1
1321460 931.1
1321470 931.1
1321480 920.8
1321490 905.4
1321500 905.4
1321510 895.1
1321520 895.0
1321530 895.0
1321540 885.0
1321550 886.7
1321560 886.7
1321570 901.9
1321580 908.2
1321590 908.2
1321600 914.8
1321610 925.4
1321620 925.4
1321630 934.8
1321640 941.6
1321650 949.0
1321660 949.0
1321670 956.9
1321680 965.2
1321690 965.2
1321700 973.6
1321710 983.2
1321720 983.2
1321730 992.5
1321740 1001.4
1321750 1001.4
1321760 1011.3
1321770 1021.9
1321780 1021.9
1321790 1030.7
1321800 1038.8
1321810 1038.8
1321820 1045.9
1321830 1050.6
1321840 1050.6
1321850 1052.0
1321860 1050.9
1321870 1050.9
1321880 1050.3
1321890 1048.8
1321900 1049.4
1321910 1049.4
1321920 1054.2
1321930 1061.4
1321940 1061.4
1321950 1069.6
1321960 1076.6
1321970 1076.6
1321980 1083.2
1321990 1089.2
1322000 1089.2
1322010 1095.5
1322020 1102.0
1322030 1102.0
1322040 1108.8
1322050 1115.5
1322060 1115.5
1322070 1123.0
1322080 1130.5
1322090 1130.5
1322100 1138.4
1322110 1146.8
1322120 1154.7
1322130 1154.7
1322140 1162.8
1322150 1170.2
1322160 1170.2
1322170 1175.7
1322180 1178.3
1322190 1178.3
1322200 1179.5
1322210 1179.3
1322220 1179.3
1322230 1177.0
1322240 1175.1
1322250 1175.1
1322260 1173.8
1322270 1170.9
1322280 1170.9
1322290 1169.1
1322300 1170.4
1322310 1170.4
1322320 1172.4
1322330 1178.1
1322340 1185.0
1322350 1185.0
1322360 1191.4
1322370 1196.9
1322380 1196.9
1322390 1201.2
1322400 1205.4
1322410 1205.4
1322420 1209.9
1322430 1214.4
1322440 1214.4
1322450 1218.8
1322460 1221.3
1322470 1221.3
1322480 1220.3
1322490 1217.1
1322500 1217.1
1322510 1214.1
1322520 1216.7
1322530 1216.7
1322540 1221.0
1322550 1234.6
1322560 1234.6
1322570 1241.4
1322580 1245.8
1322590 1246.0
1322600 1246.0
1322610 1246.1
1322620 1246.7
1322630 1246.7
1322640 1248.5
1322650 1250.6
1322660 1250.6
1322670 1249.9
1322680 1247.3
1322690 1247.3
1322700 1244.1
1322710 1241.0
1322720 1241.0
1322730 1236.0
1322740 1229.1
1322750 1229.1
1322760 1220.4
1322770 1210.3
1322780 1210.3
1322790 1198.2
1322800 1184.0
1322810 1171.6
1322820 1171.6
1322830 1166.3
1322840 1169.1
1322850 1169.1
1322860 1176.0
1322870 1184.8
1322880 1184.8
1322890 1193.7
1322900 1202.2
1322910 1202.2
1322920 1209.9
1322930 1216.9
1322940 1216.9
1322950 1224.1
1322960 1230.6
1322970 1230.6
1322980 1236.6
1322990 1243.1
1323000 1243.1
1323010 1250.3
1323020 1258.4
1323030 1258.4
1323040 1267.7
1323050 1275.2
1323060 1284.7
1323070 1284.7
1323080 1293.1
1323090 1302.7
1323100 1302.7
1323110 1313.6
1323120 1322.4
1323130 1322.4
1323140 1331.0
1323150 1341.0
1323160 1341.0
1323170 1351.0
1323180 1361.4
1323190 1361.4
1323200 1372.8
1323210 1381.2
1323220 1381.2
1323230 1387.8
1323240 1393.1
1323250 1393.1
1323260 1397.4
1323270 1401.7
1323280 1406.3
1323290 1406.3
1323300 1410.6
1323310 1414.9
1323320 1414.9
1323330 1423.5
1323340 1427.9
1323350 1427.9
1323360 1431.6
1323370 1434.8
1323380 1434.8
1323390 1438.1
1323400 1441.9
1323410 1441.9
1323420 1445.5
1323430 1449.0
1323440 1449.0
1323450 1451.5
1323460 1453.8
1323470 1453.8
1323480 1456.3
1323490 1458.7
1323500 1458.7
1323510 1461.0
1323520 1463.2
1323530 1465.3
1323540 1465.3
1323550 1467.0
1323560 1467.6
1323570 1467.6
1323580 1468.8
1323590 1470.4
1323600 1470.4
1323610 1472.1
1323620 1473.6
1323630 1473.6
1323640 1473.3
1323650 1469.2
1323660 1469.2
1323670 1461.2
1323680 1452.8
1323690 1452.8
1323700 1444.8
1323710 1436.3
1323720 1436.3
1323730 1427.7
1323740 1419.9
1323750 1415.8
1323760 1415.8
1323770 1413.8
1323780 1414.2
1323790 1414.2
1323800 1415.1
1323810 1413.8
1323820 1413.8
1323830 1409.1
1323840 1404.6
1323850 1404.6
1323860 1401.6
1323870 1399.5
1323880 1399.5
1323890 1397.2
1323900 1395.4
1323910 1395.4
1323920 1394.8
1323930 1395.5
1323940 1395.5
1323950 1396.4
1323960 1397.0
1323970 1393.4
1323980 1393.4
1323990 1381.9
1324000 1374.1
1324010 1374.1
1324020 1376.0
1324030 1380.3
1324040 1380.3
1324050 1386.4
1324060 1391.1
1324070 1391.1
1324080 1395.7
1324090 1396.1
1324100 1396.1
1324110 1394.3
1324120 1405.0
1324130 1405.0
1324140 1408.5
1324150 1413.1
1324160 1413.1
1324170 1418.8
1324180 1424.9
1324190 1424.9
1324200 1429.2
1324210 1434.5
1324220 1440.5
1324230 1440.5
1324240 1445.7
1324250 1448.1
1324260 1448.1
1324270 1449.3
1324280 1450.5
1324290 1450.5
1324300 1451.9
1324310 1453.7
1324320 1453.7
1324330 1457.8
1324340 1462.0
1324350 1462.0
1324360 1463.1
1324370 1460.5
1324380 1460.5
1324390 1458.2
1324400 1460.2
1324410 1460.2
1324420 1465.2
1324430 1471.1
1324440 1473.4
1324450 1473.4
1324460 1469.8
1324470 1467.9
1324480 1467.9
1324490 1468.2
1324500 1471.7
1324510 1471.7
1324520 1477.7
1324530 1483.1
1324540 1483.1
1324550 1489.3
1324560 1495.6
1324570 1495.6
1324580 1500.6
1324590 1505.9
1324600 1505.9
1324610 1511.2
1324620 1517.6
1324630 1517.6
1324640 1523.0
1324650 1527.4
1324660 1527.4
1324670 1529.5
1324680 1531.0
1324690 1534.1
1324700 1534.1
1324710 1538.8
1324720 1543.5
1324730 1543.5
1324740 1548.2
1324750 1551.5
1324760 1551.5
1324770 1554.5
1324780 1558.6
1324790 1558.6
1324800 1562.8
1324810 1566.4
1324820 1566.4
1324830 1570.0
1324840 1573.8
1324850 1573.8
1324860 1578.5
1324870 1582.4
1324880 1582.4
1324890 1585.5
1324900 1588.9
1324910 1593.2
1324920 1599.8
1324930 1604.5
1324940 1608.9
1324950 1608.9
1324960 1613.4
1324970 1617.5
1324980 1617.5
1324990 1620.5
1325000 1622.7
1325010 1622.7
1325020 1625.8
1325030 1629.2
1325040 1629.2
1325050 1632.7
1325060 1636.3
1325070 1636.3
1325080 1640.5
1325090 1645.3
1325100 1645.3
1325110 1648.7
1325120 1652.1
1325130 1652.1
1325140 1654.4
1325150 1655.0
1325160 1655.2
1325170 1655.2
1325180 1655.8
1325190 1656.4
1325200 1656.4
1325210 1656.7
1325220 1657.6
1325230 1657.6
1325240 1658.9
1325250 1659.0
1325260 1659.0
1325270 1658.7
1325280 1658.7
1325290 1658.7
1325300 1658.5
1325310 1658.0
1325320 1658.0
1325330 1657.0
1325340 1657.2
1325350 1657.2
1325360 1659.3
1325370 1662.2
1325380 1665.6
1325390 1665.6
1325400 1669.7
1325410 1673.6
1325420 1673.6
1325430 1677.6
1325440 1680.2
1325450 1680.2
1325460 1682.0
1325470 1683.5
1325480 1683.5
1325490 1685.8
1325500 1684.2
1325510 1684.2
1325520 1683.5
1325530 1688.6
1325540 1688.6
1325550 1695.9
1325560 1703.3
1325570 1703.3
1325580 1708.1
1325590 1713.7
1325600 1713.7
1325610 1716.6
1325620 1709.1
1325630 1707.0
1325640 1707.0
1325650 1706.0
1325660 1710.3
1325670 1710.3
1325680 1720.6
1325690 1728.4
1325700 1728.4
1325710 1730.4
1325720 1733.6
1325730 1733.6
1325740 1731.1
1325750 1732.1
1325760 1732.1
1325770 1735.0
1325780 1737.0
1325790 1737.0
1325800 1736.1
1325810 1733.3
1325820 1733.3
1325830 1732.1
1325840 1732.4
1325850 1734.0
1325860 1734.0
1325870 1736.8
1325880 1736.4
1325890 1736.4
1325900 1735.1
1325910 1734.8
1325920 1734.8
1325930 1735.2
1325940 1736.3
1325950 1736.3
1325960 1736.3
1325970 1735.6
1325980 1735.6
1325990 1736.4
1326000 1737.9
1326010 1737.9
1326020 1738.6
1326030 1738.9
1326040 1738.9
1326050 1739.5
1326060 1740.0
1326070 1740.6
1326080 1740.6
1326090 1741.3
1326100 1742.2
1326110 1742.2
1326120 1743.4
1326130 1745.5
1326140 1745.5
1326150 1746.9
1326160 1747.4
1326170 1747.4
1326180 1747.3
1326190 1746.8
1326200 1746.8
1326210 1747.0
1326220 1747.4
1326230 1747.4
1326240 1747.7
1326250 1747.6
1326260 1747.6
1326270 1748.2
1326280 1748.0
1326290 1748.0
1326300 1746.9
1326310 1746.1
1326320 1744.9
1326330 1744.9
1326340 1743.3
1326350 1742.9
1326360 1742.9
1326370 1744.2
1326380 1743.9
1326390 1743.9
1326400 1742.7
1326410 1740.3
1326420 1740.3
1326430 1735.6
1326440 1733.2
1326450 1733.2
1326460 1731.1
1326470 1727.2
1326480 1727.2
1326490 1725.3
1326500 1724.8
1326510 1724.8
1326520 1727.3
1326530 1726.8
1326540 1725.5
1326550 1725.5
1326560 1724.7
1326570 1724.8
1326580 1724.8
1326590 1723.6
1326600 1721.0
1326610 1721.0
1326620 1718.6
1326630 1716.9
1326640 1716.9
1326650 1716.0
1326660 1716.2
1326670 1716.2
1326680 1716.7
1326690 1717.4
1326700 1717.4
1326710 1718.1
1326720 1718.6
1326730 1718.6
1326740 1719.9
1326750 1720.4
1326760 1720.4
1326770 1720.6
1326780 1721.0
1326790 1721.3
1326800 1721.3
1326810 1721.1
1326820 1720.5
1326830 1720.5
1326840 1717.9
1326850 1713.6
1326860 1713.6
1326870 1709.2
1326880 1706.9
1326890 1706.9
1326900 1705.2
1326910 1705.1
1326920 1705.1
1326930 1703.6
1326940 1699.8
1326950 1699.8
1326960 1697.6
1326970 1694.3
1326980 1694.3
1326990 1690.3
1327000 1685.6
1327010 1681.0
1327020 1681.0
1327030 1675.8
1327040 1669.2
1327050 1669.2
1327060 1664.4
1327070 1660.5
1327080 1660.5
1327090 1656.8
1327100 1653.8
1327110 1653.8
1327120 1651.5
1327130 1650.5
1327140 1650.5
1327150 1650.8
1327160 1650.5
1327170 1650.5
1327180 1650.6
1327190 1650.4
1327200 1650.4
1327210 1649.9
1327220 1649.8
1327230 1649.8
1327240 1647.3
1327250 1644.8
1327260 1643.7
1327270 1643.7
1327280 1643.3
1327290 1642.1
1327300 1642.1
1327310 1640.1
1327320 1649.1
1327330 1649.1
1327340 1647.8
1327350 1646.1
1327360 1646.1
1327370 1643.6
1327380 1641.4
1327390 1641.4
1327400 1639.7
1327410 1642.5
1327420 1642.5
1327430 1646.9
1327440 1650.8
1327450 1650.8
1327460 1655.0
1327470 1657.1
1327480 1659.3
1327490 1659.3
1327500 1662.5
1327510 1665.5
1327520 1665.5
1327530 1668.2
1327540 1669.5
1327550 1669.5
1327560 1671.6
1327570 1674.5
1327580 1674.5
1327590 1677.4
1327600 1678.7
1327610 1678.7
1327620 1678.5
1327630 1677.4
1327640 1677.4
1327650 1675.7
1327660 1673.4
1327670 1673.4
1327680 1672.0
1327690 1670.8
1327700 1669.1
1327710 1669.1
1327720 1667.0
1327730 1664.1
1327740 1664.1
1327750 1661.5
1327760 1660.5
1327770 1660.5
1327780 1660.2
1327790 1660.6
1327800 1660.6
1327810 1660.7
1327820 1661.0
1327830 1661.0
1327840 1661.3
1327850 1661.7
1327860 1661.7
1327870 1663.9
1327880 1666.8
1327890 1666.8
1327900 1670.3
1327910 1672.9
1327920 1672.9
1327930 1676.3
1327940 1679.8
1327950 1684.7
1327960 1684.7
1327970 1690.3
1327980 1695.3
1327990 1695.3
1328000 1698.0
1328010 1697.1
1328020 1697.1
1328030 1695.4
1328040 1693.1
1328050 1693.1
1328060 1691.1
1328070 1687.4
1328080 1687.4
1328090 1683.8
1328100 1680.7
1328110 1680.7
1328120 1678.9
1328130 1679.0
1328140 1679.0
1328150 1676.9
1328160 1675.5
1328170 1674.1
1328180 1674.1
1328190 1672.5
1328200 1671.4
1328210 1671.4
1328220 1670.6
1328230 1668.7
1328240 1668.7
1328250 1666.7
1328260 1663.9
1328270 1663.9
1328280 1663.4
1328290 1664.7
1328300 1664.7
1328310 1667.9
1328320 1671.9
1328330 1671.9
1328340 1673.6
1328350 1676.1
1328360 1676.1
1328370 1679.1
1328380 1682.3
1328390 1682.3
1328400 1685.5
1328410 1688.8
1328420 1691.2
1328430 1691.2
1328440 1690.8
1328450 1687.7
1328460 1687.7
1328470 1685.7
1328480 1686.3
1328490 1686.3
1328500 1689.3
1328510 1694.1
1328520 1694.1
1328530 1698.9
1328540 1702.8
1328550 1702.8
1328560 1705.7
1328570 1706.7
1328580 1706.7
1328590 1705.6
1328600 1703.6
1328610 1703.6
1328620 1701.5
1328630 1700.2
1328640 1699.0
1328650 1699.0
1328660 1698.6
1328670 1698.3
1328680 1698.3
1328690 1697.4
1328700 1695.8
1328710 1695.8
1328720 1693.5
1328730 1690.4
1328740 1690.4
1328750 1687.2
1328760 1684.1
1328770 1684.1
1328780 1680.9
1328790 1678.4
1328800 1678.4
1328810 1675.7
1328820 1672.6
1328830 1672.6
1328840 1669.1
1328850 1665.6
1328860 1665.6
1328870 1662.1
1328880 1660.4
1328890 1659.7
1328900 1659.7
1328910 1658.1
1328920 1654.6
1328930 1654.6
1328940 1650.1
1328950 1652.9
1328960 1652.9
1328970 1649.4
1328980 1645.2
1328990 1645.2
1329000 1640.9
1329010 1637.8
1329020 1637.8
1329030 1633.6
1329040 1627.1
1329050 1627.1
1329060 1619.8
1329070 1612.7
1329080 1612.7
1329090 1606.7
1329100 1601.1
1329110 1593.3
1329120 1593.3
1329130 1583.9
1329140 1575.5
1329150 1575.5
1329160 1567.4
1329170 1559.5
1329180 1559.5
1329190 1550.6
1329200 1544.1
1329210 1544.1
1329220 1538.4
1329230 1538.3
1329240 1538.3
1329250 1537.4
1329260 1533.4
1329270 1533.4
1329280 1527.5
1329290 1516.6
1329300 1516.6
1329310 1500.8
1329320 1494.5
1329330 1494.5
1329340 1487.9
1329350 1481.1
1329360 1474.0
1329370 1474.0
1329380 1466.6
1329390 1460.2
1329400 1460.2
1329410 1456.6
1329420 1453.5
1329430 1453.5
1329440 1449.1
1329450 1442.2
1329460 1442.2
1329470 1432.8
1329480 1420.7
1329490 1420.7
1329500 1412.0
1329510 1402.9
1329520 1402.9
1329530 1397.2
1329540 1391.9
1329550 1391.9
1329560 1384.6
1329570 1371.1
1329580 1361.7
1329590 1361.7
1329600 1355.4
1329610 1350.8
1329620 1350.8
1329630 1348.6
1329640 1329.2
1329650 1329.2
1329660 1295.8
1329670 1266.2
1329680 1266.2
1329690 1249.8
1329700 1243.7
1329710 1243.7
1329720 1227.6
1329730 1202.0
1329740 1202.0
1329750 1191.7
1329760 1190.2
1329770 1196.6
1329780 1195.9
1329790 1197.3
1329800 1198.7
1329810 1198.7
1329820 1199.5
1329830 1197.8
1329840 1197.8
1329850 1191.2
1329860 1183.7
1329870 1183.7
1329880 1177.7
1329890 1169.9
1329900 1169.9
1329910 1164.2
1329920 1159.7
1329930 1159.7
1329940 1154.1
1329950 1147.9
1329960 1147.9
1329970 1141.7
1329980 1136.0
1329990 1136.0
1330000 1130.0
1330010 1126.4
1330020 1126.4
1330030 1129.1
1330040 1132.3
1330050 1130.1
1330060 1130.1
1330070 1129.2
1330080 1129.4
1330090 1129.4
1330100 1132.4
1330110 1123.4
1330120 1123.4
1330130 1119.2
1330140 1117.8
1330150 1117.8
1330160 1115.4
1330170 1112.3
1330180 1112.3
1330190 1108.3
1330200 1103.2
1330210 1103.2
1330220 1098.7
1330230 1095.2
1330240 1095.2
1330250 1092.8
1330260 1091.6
1330270 1091.6
1330280 1091.6
1330290 1091.1
1330300 1090.8
1330310 1090.8
1330320 1090.3
1330330 1090.6
1330340 1090.6
1330350 1090.8
1330360 1090.9
1330370 1090.9
1330380 1090.4
1330390 1089.8
1330400 1089.8
1330410 1088.6
1330420 1087.8
1330430 1087.8
1330440 1086.2
1330450 1085.0
1330460 1085.0
1330470 1086.6
1330480 1085.2
1330490 1085.2
1330500 1084.7
1330510 1083.9
1330520 1082.1
1330530 1082.1
1330540 1079.0
1330550 1076.8
1330560 1076.8
1330570 1074.2
1330580 1072.6
1330590 1077.8
1330600 1076.7
1330610 1074.4
1330620 1074.4
1330630 1071.3
1330640 1067.0
1330650 1067.0
1330660 1063.6
1330670 1060.5
1330680 1060.5
1330690 1057.9
1330700 1056.3
1330710 1056.3
1330720 1055.7
1330730 1055.5
1330740 1054.1
1330750 1054.1
1330760 1049.5
1330770 1045.2
1330780 1045.2
1330790 1042.1
1330800 1040.2
1330810 1040.2
1330820 1039.2
1330830 1038.9
1330840 1038.9
1330850 1039.0
1330860 1039.2
1330870 1039.2
1330880 1039.4
1330890 1039.4
1330900 1039.4
1330910 1039.6
1330920 1039.8
1330930 1039.8
1330940 1039.9
1330950 1039.9
1330960 1039.9
1330970 1039.8
1330980 1039.6
1330990 1039.1
1331000 1039.1
1331010 1039.0
1331020 1039.9
1331030 1039.9
1331040 1041.0
1331050 1040.9
1331060 1040.9
1331070 1040.4
1331080 1040.5
1331090 1040.5
1331100 1040.7
1331110 1040.9
1331120 1040.9
1331130 1041.0
1331140 1041.0
1331150 1041.0
1331160 1041.2
1331170 1043.1
1331180 1043.1
1331190 1046.0
1331200 1049.3
1331210 1052.0
1331220 1052.0
1331230 1054.7
1331240 1058.1
1331250 1058.1
1331260 1061.3
1331270 1063.1
1331280 1063.1
1331290 1063.7
1331300 1065.0
1331310 1065.0
1331320 1068.0
1331330 1073.7
1331340 1073.7
1331350 1080.0
1331360 1085.3
1331370 1085.3
1331380 1090.3
1331390 1094.8
1331400 1094.8
1331410 1099.3
1331420 1098.5
1331430 1101.9
1331440 1101.9
1331450 1104.0
1331460 1108.1
1331470 1108.1
1331480 1114.2
1331490 1121.0
1331500 1121.0
1331510 1127.0
1331520 1132.3
1331530 1132.3
1331540 1137.4
1331550 1142.0
1331560 1142.0
1331570 1146.0
1331580 1149.4
1331590 1149.4
1331600 1152.7
1331610 1155.2
1331620 1155.2
1331630 1159.7
1331640 1166.9
1331650 1166.9
1331660 1182.0
1331670 1190.3
1331680 1198.1
1331690 1198.1
1331700 1210.6
1331710 1216.4
1331720 1216.4
1331730 1224.1
1331740 1228.8
1331750 1228.8
1331760 1238.0
1331770 1253.8
1331780 1253.8
1331790 1265.0
1331800 1273.1
1331810 1273.1
1331820 1281.0
1331830 1289.6
1331840 1289.6
1331850 1299.7
1331860 1308.3
1331870 1308.3
1331880 1312.3
1331890 1316.6
1331900 1322.5
1331910 1322.5
1331920 1327.6
1331930 1330.6
1331940 1330.6
1331950 1334.2
1331960 1339.4
1331970 1339.4
1331980 1347.0
1331990 1354.0
1332000 1354.0
1332010 1361.3
1332020 1368.0
1332030 1368.0
1332040 1375.3
1332050 1382.9
1332060 1382.9
1332070 1390.0
1332080 1396.1
1332090 1396.1
1332100 1400.0
1332110 1398.5
1332120 1398.5
1332130 1389.8
1332140 1378.1
1332150 1376.1
1332160 1376.1
1332170 1382.1
1332180 1389.7
1332190 1389.7
1332200 1398.1
1332210 1407.2
1332220 1407.2
1332230 1414.4
1332240 1419.7
1332250 1413.7
1332260 1422.3
1332270 1432.6
1332280 1432.6
1332290 1440.9
1332300 1449.6
1332310 1449.6
1332320 1457.9
1332330 1466.1
1332340 1466.1
1332350 1473.5
1332360 1481.6
1332370 1490.1
1332380 1490.1
1332390 1497.3
1332400 1502.8
1332410 1502.8
1332420 1505.9
1332430 1508.5
1332440 1508.5
1332450 1512.4
1332460 1516.9
1332470 1516.9
1332480 1519.2
1332490 1521.7
1332500 1521.7
1332510 1524.1
1332520 1525.5
1332530 1525.5
1332540 1526.5
1332550 1527.5
1332560 1527.5
1332570 1527.6
1332580 1530.9
1332590 1530.9
1332600 1536.9
1332610 1542.7
1332620 1547.9
1332630 1547.9
1332640 1552.6
1332650 1556.5
1332660 1556.5
1332670 1557.9
1332680 1558.7
1332690 1558.7
1332700 1560.1
1332710 1562.0
1332720 1562.0
1332730 1564.6
1332740 1566.7
1332750 1566.7
1332760 1567.7
1332770 1568.5
1332780 1568.5
1332790 1570.2
1332800 1571.6
1332810 1571.6
1332820 1573.5
1332830 1574.9
1332840 1575.1
1332850 1575.1
1332860 1574.2
1332870 1572.0
1332880 1572.0
1332890 1569.9
1332900 1569.7
1332910 1569.7
1332920 1572.3
1332930 1576.6
1332940 1576.6
1332950 1579.9
1332960 1583.6
1332970 1583.6
1332980 1585.7
1332990 1584.1
1333000 1584.1
1333010 1578.5
1333020 1574.9
1333030 1574.9
1333040 1574.0
1333050 1576.3
1333060 1578.3
1333070 1578.3
1333080 1572.7
1333090 1573.4
1333100 1573.4
1333110 1575.5
1333120 1576.1
1333130 1576.1
1333140 1576.3
1333150 1578.1
1333160 1578.1
1333170 1580.1
1333180 1580.7
1333190 1580.7
1333200 1582.8
1333210 1585.0
1333220 1585.0
1333230 1585.7
1333240 1586.4
1333250 1586.4
1333260 1588.9
1333270 1592.2
1333280 1592.2
1333290 1596.7
1333300 1603.7
1333310 1613.5
1333320 1613.5
1333330 1623.6
1333340 1633.1
1333350 1633.1
1333360 1642.9
1333370 1652.9
1333380 1652.9
1333390 1662.1
1333400 1671.4
1333410 1671.4
1333420 1680.4
1333430 1689.3
1333440 1689.3
1333450 1698.3
1333460 1706.3
1333470 1706.3
1333480 1713.1
1333490 1719.7
1333500 1719.7
1333510 1726.8
1333520 1733.8
1333530 1740.6
1333540 1740.6
1333550 1747.4
1333560 1754.7
1333570 1754.7
1333580 1761.6
1333590 1767.7
1333600 1767.7
1333610 1773.1
1333620 1778.2
1333630 1778.2
1333640 1783.7
1333650 1789.1
1333660 1789.1
1333670 1793.4
1333680 1796.9
1333690 1796.9
1333700 1800.6
1333710 1805.5
1333720 1805.5
1333730 1811.2
1333740 1818.0
1333750 1818.0
1333760 1826.7
1333770 1834.5
1333780 1840.4
1333790 1840.4
1333800 1846.4
1333810 1852.5
1333820 1852.5
1333830 1858.3
1333840 1863.4
1333850 1863.4
1333860 1868.3
1333870 1873.2
1333880 1873.2
1333890 1877.8
1333900 1882.5
1333910 1882.5
1333920 1883.0
1333930 1887.9
1333940 1887.9
1333950 1892.8
1333960 1898.0
1333970 1898.0
1333980 1903.1
1333990 1909.1
1334000 1915.5
1334010 1915.5
1334020 1922.1
1334030 1928.5
1334040 1928.5
1334050 1934.3
1334060 1939.5
1334070 1939.5
1334080 1945.1
1334090 1951.0
1334100 1951.0
1334110 1957.2
1334120 1962.2
1334130 1962.2
1334140 1967.5
1334150 1970.7
1334160 1970.7
1334170 1972.7
1334180 1975.4
1334190 1975.4
1334200 1979.4
1334210 1982.1
1334220 1982.1
1334230 1984.2
1334240 1986.4
1334250 1988.8
1334260 1988.8
1334270 1991.0
1334280 1992.9
1334290 1992.9
1334300 1994.7
1334310 1996.5
1334320 1996.5
1334330 1996.9
1334340 1995.3
1334350 1995.3
1334360 1993.1
1334370 1990.7
1334380 1990.7
1334390 1989.0
1334400 1987.6
1334410 1987.6
1334420 1986.4
1334430 1985.5
1334440 1985.5
1334450 1984.6
1334460 1982.4
1334470 1979.7
1334480 1979.7
1334490 1977.3
1334500 1980.9
1334510 1980.9
1334520 1985.2
1334530 1988.6
1334540 1988.6
1334550 1990.9
1334560 1992.7
1334570 1992.7
1334580 1993.7
1334590 1994.6
1334600 1994.6
1334610 1996.2
1334620 1997.8
1334630 1997.8
1334640 1997.2
1334650 1995.0
1334660 1995.0
1334670 1992.8
1334680 1994.6
1334690 1994.6
1334700 1999.3
1334710 2000.7
1334720 2002.0
1334730 2002.0
1334740 2005.0
1334750 2007.3
1334760 2007.3
1334770 2005.1
1334780 2009.6
1334790 2009.6
1334800 2015.1
1334810 2021.1
1334820 2021.1
1334830 2026.4
1334840 2029.9
1334850 2029.9
1334860 2033.7
1334870 2037.7
1334880 2037.7
1334890 2042.5
1334900 2048.3
1334910 2048.3
1334920 2054.8
1334930 2061.0
1334940 2066.5
1334950 2066.5
1334960 2072.7
1334970 2080.4
1334980 2080.4
1334990 2089.2
1335000 2097.5
1335010 2097.5
1335020 2106.7
1335030 2114.6
1335040 2114.6
1335050 2120.8
1335060 2125.9
1335070 2125.9
1335080 2131.7
1335090 2136.9
1335100 2136.9
1335110 2141.2
1335120 2146.4
1335130 2146.4
1335140 2153.6
1335150 2162.5
1335160 2173.0
1335170 2173.0
1335180 2183.9
1335190 2192.9
1335200 2192.9
1335210 2200.6
1335220 2208.8
1335230 2208.8
1335240 2216.7
1335250 2224.5
1335260 2224.5
1335270 2231.8
1335280 2239.2
1335290 2239.2
1335300 2245.8
1335310 2252.4
1335320 2252.4
1335330 2258.7
1335340 2263.9
1335350 2263.9
1335360 2268.8
1335370 2273.8
1335380 2273.8
1335390 2279.0
1335400 2284.5
1335410 2290.4
1335420 2290.4
1335430 2296.7
1335440 2303.0
1335450 2303.0
1335460 2310.0
1335470 2317.2
1335480 2317.2
1335490 2324.3
1335500 2331.6
1335510 2331.6
1335520 2338.9
1335530 2347.1
1335540 2347.1
1335550 2355.3
1335560 2363.6
1335570 2363.6
1335580 2371.6
1335590 2376.5
1335600 2376.5
1335610 2379.6
1335620 2384.2
1335630 2389.8
1335640 2389.8
1335650 2394.0
1335660 2397.1
1335670 2397.1
1335680 2401.1
1335690 2403.8
1335700 2403.8
1335710 2404.3
1335720 2401.8
1335730 2401.8
1335740 2401.9
1335750 2406.9
1335760 2406.9
1335770 2411.1
1335780 2415.6
1335790 2415.6
1335800 2412.3
1335810 2405.8
1335820 2405.8
1335830 2407.8
1335840 2413.4
1335850 2413.4
1335860 2422.4
1335870 2432.2
1335880 2439.8
1335890 2439.8
1335900 2447.0
1335910 2454.0
1335920 2454.0
1335930 2461.8
1335940 2470.6
1335950 2470.6
1335960 2481.4
1335970 2490.5
1335980 2490.5
1335990 2494.9
1336000 2501.0
1336010 2501.0
1336020 2504.8
1336030 2506.5
1336040 2506.5
1336050 2508.0
1336060 2508.8
1336070 2508.8
1336080 2508.9
1336090 2510.9
1336100 2513.6
1336110 2513.6
1336120 2515.1
1336130 2515.7
1336140 2515.7
1336150 2515.3
1336160 2515.2
1336170 2515.2
1336180 2513.0
1336190 2512.9
1336200 2512.9
1336210 2518.9
1336220 2524.6
1336230 2524.6
1336240 2528.8
1336250 2532.2
1336260 2532.2
1336270 2535.6
1336280 2538.9
1336290 2538.9
1336300 2542.6
1336310 2546.5
1336320 2546.5
1336330 2549.2
1336340 2549.4
1336350 2546.8
1336360 2546.8
1336370 2541.3
1336380 2535.4
1336390 2535.4
1336400 2530.9
1336410 2527.2
1336420 2527.2
1336430 2523.5
1336440 2520.4
1336450 2520.4
1336460 2519.9
1336470 2513.2
1336480 2513.2
1336490 2514.1
1336500 2513.9
1336510 2513.9
1336520 2512.0
1336530 2508.5
1336540 2508.5
1336550 2504.5
1336560 2501.2
1336570 2499.5
1336580 2499.5
1336590 2498.9
1336600 2499.2
1336610 2499.2
1336620 2499.1
1336630 2497.5
1336640 2497.5
1336650 2495.5
1336660 2492.9
1336670 2492.9
1336680 2491.7
1336690 2492.1
1336700 2492.1
1336710 2493.2
1336720 2494.0
1336730 2494.0
1336740 2492.2
1336750 2489.5
1336760 2489.5
1336770 2487.3
1336780 2486.0
1336790 2485.0
1336800 2485.0
1336810 2485.0
1336820 2486.0
1336830 2486.0
1336840 2487.7
1336850 2489.8
1336860 2489.8
1336870 2491.7
1336880 2493.3
1336890 2493.3
1336900 2495.5
1336910 2496.5
1336920 2496.5
1336930 2497.7
1336940 2499.4
1336950 2499.4
1336960 2500.6
1336970 2500.4
1336980 2500.4
1336990 2499.8
1337000 2497.5
1337010 2497.5
1337020 2493.7
1337030 2490.8
1337040 2486.6
1337050 2486.6
1337060 2482.1
1337070 2475.8
1337080 2475.8
1337090 2466.0
1337100 2460.2
1337110 2460.2
1337120 2453.7
1337130 2446.2
1337140 2446.2
1337150 2438.9
1337160 2432.5
1337170 2432.5
1337180 2428.2
1337190 2424.0
1337200 2424.0
1337210 2420.2
1337220 2416.7
1337230 2416.7
1337240 2414.5
1337250 2412.1
1337260 2409.7
1337270 2409.7
1337280 2409.6
1337290 2410.2
1337300 2410.2
1337310 2411.1
1337320 2411.8
1337330 2411.8
1337340 2416.3
1337350 2417.7
1337360 2417.7
1337370 2419.0
1337380 2418.6
1337390 2418.6
1337400 2417.7
1337410 2419.5
1337420 2419.5
1337430 2422.5
1337440 2426.9
1337450 2426.9
1337460 2431.9
1337470 2437.1
1337480 2437.1
1337490 2442.2
1337500 2447.9
1337510 2453.0
1337520 2453.0
1337530 2457.8
1337540 2463.1
1337550 2463.1
1337560 2468.7
1337570 2474.3
1337580 2474.3
1337590 2480.2
1337600 2486.7
1337610 2486.7
1337620 2494.0
1337630 2501.4
1337640 2501.4
1337650 2509.0
1337660 2516.9
1337670 2516.9
1337680 2524.7
1337690 2532.1
1337700 2532.1
1337710 2539.3
1337720 2546.6
1337730 2554.0
1337740 2554.0
1337750 2561.2
1337760 2568.2
1337770 2568.2
1337780 2575.4
1337790 2582.8
1337800 2582.8
1337810 2590.5
1337820 2599.9
1337830 2599.9
1337840 2611.7
1337850 2624.5
1337860 2624.5
1337870 2635.9
1337880 2647.4
1337890 2647.4
1337900 2660.7
1337910 2671.5
1337920 2671.5
1337930 2684.1
1337940 2695.8
1337950 2695.8
1337960 2705.3
1337970 2714.2
1337980 2723.9
1337990 2723.9
1338000 2732.9
1338010 2742.1
1338020 2742.1
1338030 2753.1
1338040 2763.9
1338050 2763.9
1338060 2772.8
1338070 2780.9
1338080 2780.9
1338090 2784.7
1338100 2780.9
1338110 2780.9
1338120 2770.2
1338130 2757.4
1338140 2757.4
1338150 2744.3
1338160 2730.0
1338170 2730.0
1338180 2717.6
1338190 2700.8
1338200 2677.4
1338210 2677.4
1338220 2661.8
1338230 2647.2
1338240 2647.2
1338250 2634.6
1338260 2625.4
1338270 2625.4
1338280 2618.2
1338290 2611.1
1338300 2611.1
1338310 2603.9
1338320 2596.4
1338330 2596.4
1338340 2589.2
1338350 2582.0
1338360 2582.0
1338370 2574.8
1338380 2568.0
1338390 2568.0
1338400 2561.3
1338410 2554.4
1338420 2547.6
1338430 2547.6
1338440 2541.1
1338450 2534.9
1338460 2534.9
1338470 2529.9
1338480 2524.4
1338490 2524.4
1338500 2518.9
1338510 2513.4
1338520 2513.4
1338530 2508.4
1338540 2503.3
1338550 2503.3
1338560 2498.0
1338570 2493.6
1338580 2493.6
1338590 2489.6
1338600 2486.4
1338610 2486.4
1338620 2483.3
1338630 2479.9
1338640 2479.9
1338650 2477.3
1338660 2475.5
1338670 2472.8
1338680 2472.8
1338690 2469.5
1338700 2465.8
1338710 2465.8
1338720 2462.0
1338730 2459.2
1338740 2459.2
1338750 2456.0
1338760 2452.8
1338770 2452.8
1338780 2449.7
1338790 2446.3
1338800 2446.3
1338810 2442.4
1338820 2437.6
1338830 2437.6
1338840 2432.1
1338850 2426.9
1338860 2426.9
1338870 2422.6
1338880 2420.1
1338890 2417.5
1338900 2417.5
1338910 2416.5
1338920 2419.6
1338930 2419.6
1338940 2419.4
1338950 2415.0
1338960 2415.0
1338970 2407.2
1338980 2401.1
1338990 2401.1
1339000 2397.9
1339010 2396.4
1339020 2396.4
1339030 2391.0
1339040 2385.1
1339050 2385.1
1339060 2379.8
1339070 2383.6
1339080 2383.6
1339090 2375.1
1339100 2366.3
1339110 2366.3
1339120 2356.4
1339130 2346.9
1339140 2340.0
1339150 2340.0
1339160 2334.0
1339170 2326.5
1339180 2326.5
1339190 2320.4
1339200 2316.6
1339210 2316.6
1339220 2312.8
1339230 2308.9
1339240 2308.9
1339250 2304.9
1339260 2301.7
1339270 2301.7
1339280 2298.5
1339290 2295.7
1339300 2295.7
1339310 2293.2
1339320 2290.5
1339330 2290.5
1339340 2288.4
1339350 2286.0
1339360 2283.8
1339370 2283.8
1339380 2282.3
1339390 2280.9
1339400 2280.9
1339410 2279.4
1339420 2277.4
1339430 2277.4
1339440 2274.8
1339450 2271.9
1339460 2271.9
1339470 2269.3
1339480 2267.7
1339490 2267.7
1339500 2266.0
1339510 2264.7
1339520 2264.7
1339530 2263.0
1339540 2261.4
1339550 2261.4
1339560 2260.3
1339570 2259.3
1339580 2259.3
1339590 2257.7
1339600 2256.2
1339610 2255.5
1339620 2255.5
1339630 2253.8
1339640 2249.4
1339650 2249.4
1339660 2245.8
1339670 2242.4
1339680 2242.4
1339690 2238.0
1339700 2234.4
1339710 2234.4
1339720 2231.1
1339730 2225.2
1339740 2225.2
1339750 2219.3
1339760 2213.9
1339770 2213.9
1339780 2209.6
1339790 2205.5
1339800 2205.5
1339810 2201.1
1339820 2197.0
1339830 2194.1
1339840 2194.1
1339850 2190.6
1339860 2185.9
1339870 2185.9
1339880 2181.9
1339890 2176.4
1339900 2176.4
1339910 2172.4
1339920 2165.4
1339930 2165.4
1339940 2154.6
1339950 2131.4
1339960 2131.4
1339970 2123.7
1339980 2119.4
1339990 2119.4
