1320000 1219.2
1320010 1222.2
1320020 1224.4
1320030 1224.4
1320040 1226.9
1320050 1229.7
1320060 1229.7
1320070 1232.1
1320080 1233.9
1320090 1233.9
1320100 1236.3
1320110 1241.9
1320120 1241.9
1320130 1244.3
1320140 1245.9
1320150 1245.3
1320160 1245.3
1320170 1244.9
1320180 1244.6
1320190 1244.6
1320200 1244.4
1320210 1244.7
1320220 1244.7
1320230 1246.9
1320240 1253.1
1320250 1253.1
1320260 1258.6
1320270 1262.9
1320280 1262.9
1320290 1266.7
1320300 1270.7
1320310 1270.7
1320320 1274.8
1320330 1278.3
1320340 1278.3
1320350 1280.6
1320360 1283.2
1320370 1285.9
1320380 1285.9
1320390 1289.1
1320400 1293.3
1320410 1293.3
1320420 1296.4
1320430 1298.0
1320440 1298.0
1320450 1298.9
1320460 1300.5
1320470 1300.5
1320480 1302.8
1320490 1307.9
1320500 1307.9
1320510 1314.7
1320520 1320.2
1320530 1320.2
1320540 1324.8
1320550 1328.9
1320560 1328.9
1320570 1332.3
1320580 1337.2
1320590 1341.1
1320600 1341.1
1320610 1341.3
1320620 1339.3
1320630 1339.3
1320640 1337.7
1320650 1337.3
1320660 1337.3
1320670 1338.4
1320680 1339.8
1320690 1339.8
1320700 1342.9
1320710 1344.7
1320720 1344.7
1320730 1345.7
1320740 1347.3
1320750 1347.3
1320760 1351.6
1320770 1358.8
1320780 1358.8
1320790 1366.4
1320800 1370.4
1320810 1370.4
1320820 1368.2
1320830 1365.2
1320840 1364.1
1320850 1364.1
1320860 1366.2
1320870 1369.4
1320880 1369.4
1320890 1378.2
1320900 1373.9
1320910 1373.9
1320920 1366.8
1320930 1358.4
1320940 1358.4
1320950 1349.7
1320960 1341.4
1320970 1341.4
1320980 1333.0
1320990 1325.0
1321000 1325.0
1321010 1317.5
1321020 1311.1
1321030 1311.1
1321040 1306.0
1321050 1301.0
1321060 1297.1
1321070 1297.1
1321080 1292.7
1321090 1286.6
1321100 1286.6
1321110 1279.8
1321120 1273.8
1321130 1273.8
1321140 1263.9
1321150 1251.7
1321160 1251.7
1321170 1241.5
1321180 1232.5
1321190 1232.5
1321200 1223.4
1321210 1214.9
1321220 1214.9
1321230 1206.9
1321240 1199.1
1321250 1199.1
1321260 1192.0
1321270 1187.6
1321280 1187.6
1321290 1187.0
1321300 1186.6
1321310 1185.4
1321320 1185.4
1321330 1185.5
1321340 1185.4
1321350 1185.4
1321360 1178.6
1321370 1170.8
1321380 1170.8
1321390 1160.9
1321400 1151.1
1321410 1151.1
1321420 1139.9
1321430 1127.5
1321440 1127.5
1321450 1114.1
1321460 1104.1
1321470 1104.1
1321480 1096.0
1321490 1089.3
1321500 1089.3
1321510 1083.0
1321520 1073.5
1321530 1063.9
1321540 1063.9
1321550 1056.3
1321560 1052.0
1321570 1052.0
1321580 1047.8
1321590 1042.1
1321600 1042.1
1321610 1037.2
1321620 1033.3
1321630 1033.3
1321640 1037.2
1321650 1046.4
1321660 1046.4
1321670 1058.8
1321680 1067.6
1321690 1067.6
1321700 1077.2
1321710 1083.3
1321720 1083.3
1321730 1084.0
1321740 1084.9
1321750 1084.9
1321760 1089.3
1321770 1095.6
1321780 1104.9
1321790 1104.9
1321800 1114.2
1321810 1123.0
1321820 1123.0
1321830 1131.7
1321840 1140.2
1321850 1140.2
1321860 1150.3
1321870 1161.5
1321880 1161.5
1321890 1172.5
1321900 1182.4
1321910 1182.4
1321920 1191.0
1321930 1200.7
1321940 1200.7
1321950 1210.6
1321960 1214.5
1321970 1214.5
1321980 1219.2
1321990 1224.5
1322000 1229.1
1322010 1229.1
1322020 1232.7
1322030 1238.5
1322040 1238.5
1322050 1246.3
1322060 1252.8
1322070 1252.8
1322080 1254.7
1322090 1257.5
1322100 1257.5
1322110 1265.1
1322120 1269.9
1322130 1269.9
1322140 1274.2
1322150 1281.0
1322160 1281.0
1322170 1287.8
1322180 1292.6
1322190 1292.6
1322200 1297.8
1322210 1305.1
1322220 1313.7
1322230 1313.7
1322240 1323.1
1322250 1334.5
1322260 1334.5
1322270 1337.2
1322280 1338.8
1322290 1338.8
1322300 1342.8
1322310 1347.2
1322320 1347.2
1322330 1351.9
1322340 1357.2
1322350 1357.2
1322360 1362.8
1322370 1368.6
1322380 1368.6
1322390 1375.0
1322400 1382.3
1322410 1382.3
1322420 1390.2
1322430 1395.8
1322440 1395.8
1322450 1401.6
1322460 1408.6
1322470 1416.0
1322480 1416.0
1322490 1423.8
1322500 1431.4
1322510 1431.4
1322520 1438.6
1322530 1445.7
1322540 1445.7
1322550 1452.2
1322560 1458.8
1322570 1458.8
1322580 1465.8
1322590 1473.0
1322600 1473.0
1322610 1480.7
1322620 1488.2
1322630 1488.2
1322640 1493.7
1322650 1492.6
1322660 1492.6
1322670 1487.8
1322680 1482.8
1322690 1477.7
1322700 1477.7
1322710 1472.8
1322720 1467.2
1322730 1467.2
1322740 1461.7
1322750 1456.0
1322760 1456.0
1322770 1450.8
1322780 1445.6
1322790 1445.6
1322800 1441.7
1322810 1438.4
1322820 1438.4
1322830 1434.4
1322840 1428.7
1322850 1428.7
1322860 1423.0
1322870 1417.7
1322880 1417.7
1322890 1412.8
1322900 1407.9
1322910 1407.9
1322920 1404.0
1322930 1399.2
1322940 1394.7
1322950 1394.7
1322960 1391.7
1322970 1389.6
1322980 1389.6
1322990 1387.4
1323000 1383.2
1323010 1383.2
1323020 1376.8
1323030 1371.2
1323040 1371.2
1323050 1368.6
1323060 1366.0
1323070 1366.0
1323080 1360.2
1323090 1354.6
1323100 1354.6
1323110 1350.8
1323120 1349.0
1323130 1349.0
1323140 1352.3
1323150 1358.7
1323160 1364.9
1323170 1364.9
1323180 1371.7
1323190 1379.2
1323200 1379.2
1323210 1388.0
1323220 1394.7
1323230 1395.4
1323240 1401.0
1323250 1406.4
1323260 1406.4
1323270 1412.4
1323280 1418.6
1323290 1418.6
1323300 1425.2
1323310 1432.0
1323320 1432.0
1323330 1439.1
1323340 1446.3
1323350 1446.3
1323360 1454.1
1323370 1462.0
1323380 1470.3
1323390 1470.3
1323400 1478.5
1323410 1486.7
1323420 1486.7
1323430 1494.7
1323440 1502.9
1323450 1502.9
1323460 1511.0
1323470 1519.6
1323480 1519.6
1323490 1528.8
1323500 1538.2
1323510 1538.2
1323520 1550.7
1323530 1566.9
1323540 1566.9
1323550 1580.1
1323560 1592.7
1323570 1592.7
1323580 1607.2
1323590 1619.2
1323600 1619.2
1323610 1628.9
1323620 1641.8
1323630 1659.8
1323640 1659.8
1323650 1672.5
1323660 1682.0
1323670 1682.0
1323680 1685.5
1323690 1687.8
1323700 1687.8
1323710 1693.3
1323720 1700.3
1323730 1700.3
1323740 1706.5
1323750 1708.0
1323760 1708.0
1323770 1707.0
1323780 1704.3
1323790 1704.3
1323800 1700.0
1323810 1694.2
1323820 1694.2
1323830 1686.5
1323840 1678.3
1323850 1670.6
1323860 1670.6
1323870 1664.4
1323880 1660.1
1323890 1660.1
1323900 1653.0
1323910 1643.5
1323920 1643.5
1323930 1633.3
1323940 1621.7
1323950 1621.7
1323960 1612.0
1323970 1602.0
1323980 1602.0
1323990 1596.8
1324000 1593.0
1324010 1593.0
1324020 1592.4
1324030 1586.3
1324040 1586.3
1324050 1579.6
1324060 1572.5
1324070 1572.5
1324080 1566.7
1324090 1562.1
1324100 1558.6
1324110 1558.6
1324120 1554.8
1324130 1553.9
1324140 1553.9
1324150 1556.0
1324160 1554.6
1324170 1554.6
1324180 1554.4
1324190 1552.5
1324200 1552.5
1324210 1551.0
1324220 1551.5
1324230 1551.5
1324240 1551.9
1324250 1551.8
1324260 1551.8
1324270 1548.5
1324280 1544.8
1324290 1544.8
1324300 1543.4
1324310 1546.7
1324320 1554.6
1324330 1554.6
1324340 1562.8
1324350 1568.1
1324360 1568.1
1324370 1569.6
1324380 1568.2
1324390 1568.2
1324400 1564.8
1324410 1565.9
1324420 1565.9
1324430 1566.8
1324440 1570.1
1324450 1570.1
1324460 1577.5
1324470 1581.8
1324480 1581.8
1324490 1583.9
1324500 1586.1
1324510 1586.1
1324520 1588.0
1324530 1590.2
1324540 1592.0
1324550 1592.0
1324560 1593.1
1324570 1592.8
1324580 1592.8
1324590 1593.3
1324600 1594.8
1324610 1594.8
1324620 1596.9
1324630 1599.1
1324640 1599.1
1324650 1601.8
1324660 1605.2
1324670 1605.2
1324680 1609.0
1324690 1612.9
1324700 1612.9
1324710 1617.0
1324720 1621.6
1324730 1621.6
1324740 1626.6
1324750 1631.9
1324760 1631.9
1324770 1637.5
1324780 1643.3
1324790 1649.6
1324800 1649.6
1324810 1656.3
1324820 1661.8
1324830 1661.8
1324840 1668.2
1324850 1674.5
1324860 1674.5
1324870 1680.8
1324880 1688.7
1324890 1688.7
1324900 1697.1
1324910 1705.6
1324920 1705.6
1324930 1714.7
1324940 1724.2
1324950 1724.2
1324960 1732.8
1324970 1737.9
1324980 1737.9
1324990 1743.3
1325000 1751.8
1325010 1761.8
1325020 1761.8
1325030 1771.1
1325040 1781.4
1325050 1781.4
1325060 1791.0
1325070 1799.2
1325080 1799.2
1325090 1807.0
1325100 1813.6
1325110 1813.6
1325120 1819.8
1325130 1825.9
1325140 1825.9
1325150 1833.2
1325160 1841.5
1325170 1841.5
1325180 1849.0
1325190 1856.4
1325200 1856.4
1325210 1867.4
1325220 1878.2
1325230 1878.2
1325240 1887.2
1325250 1895.1
1325260 1904.3
1325270 1904.3
1325280 1912.7
1325290 1919.6
1325300 1919.6
1325310 1926.2
1325320 1934.0
1325330 1934.0
1325340 1940.2
1325350 1944.7
1325360 1944.7
1325370 1949.2
1325380 1953.7
1325390 1953.7
1325400 1959.5
1325410 1964.1
1325420 1964.1
1325430 1968.2
1325440 1971.0
1325450 1971.0
1325460 1972.5
1325470 1971.7
1325480 1968.1
1325490 1968.1
1325500 1963.2
1325510 1956.0
1325520 1956.0
1325530 1947.5
1325540 1938.3
1325550 1938.3
1325560 1928.4
1325570 1919.7
1325580 1919.7
1325590 1917.5
1325600 1921.8
1325610 1931.3
1325620 1932.4
1325630 1928.5
1325640 1928.5
1325650 1926.4
1325660 1926.5
1325670 1926.5
1325680 1928.1
1325690 1930.4
1325700 1930.4
1325710 1934.2
1325720 1938.4
1325730 1942.4
1325740 1942.4
1325750 1946.9
1325760 1950.3
1325770 1950.3
1325780 1952.2
1325790 1953.8
1325800 1953.8
1325810 1955.8
1325820 1956.9
1325830 1956.9
1325840 1957.7
1325850 1959.9
1325860 1959.9
1325870 1961.6
1325880 1961.7
1325890 1961.7
1325900 1961.1
1325910 1959.9
1325920 1959.9
1325930 1960.3
1325940 1962.0
1325950 1965.3
1325960 1965.3
1325970 1967.8
1325980 1971.8
1325990 1971.8
1326000 1971.5
1326010 1970.7
1326020 1970.7
1326030 1970.3
1326040 1971.6
1326050 1971.6
1326060 1972.2
1326070 1973.4
1326080 1973.4
1326090 1975.6
1326100 1977.5
1326110 1977.5
1326120 1976.7
1326130 1975.6
1326140 1975.6
1326150 1975.0
1326160 1974.1
1326170 1971.8
1326180 1971.8
1326190 1968.4
1326200 1964.6
1326210 1964.6
1326220 1961.4
1326230 1958.0
1326240 1958.0
1326250 1952.4
1326260 1945.2
1326270 1945.2
1326280 1938.0
1326290 1931.9
1326300 1931.9
1326310 1925.9
1326320 1919.6
1326330 1919.6
1326340 1914.0
1326350 1908.6
1326360 1908.6
1326370 1902.1
1326380 1893.2
1326390 1893.2
1326400 1888.7
1326410 1885.1
1326420 1883.6
1326430 1883.6
1326440 1879.4
1326450 1875.5
1326460 1875.5
1326470 1871.9
1326480 1868.7
1326490 1868.7
1326500 1865.9
1326510 1863.5
1326520 1863.5
1326530 1861.1
1326540 1858.9
1326550 1858.9
1326560 1857.2
1326570 1855.5
1326580 1855.5
1326590 1854.0
1326600 1853.8
1326610 1853.8
1326620 1854.8
1326630 1855.9
1326640 1856.4
1326650 1856.4
1326660 1856.9
1326670 1857.0
1326680 1857.0
1326690 1859.1
1326700 1863.1
1326710 1863.1
1326720 1866.4
1326730 1869.7
1326740 1869.7
1326750 1872.1
1326760 1873.8
1326770 1873.8
1326780 1874.6
1326790 1875.0
1326800 1875.0
1326810 1874.2
1326820 1873.5
1326830 1873.5
1326840 1874.0
1326850 1875.2
1326860 1875.2
1326870 1876.0
1326880 1876.4
1326890 1873.9
1326900 1873.9
1326910 1873.6
1326920 1876.6
1326930 1876.6
1326940 1880.0
1326950 1882.6
1326960 1882.6
1326970 1883.7
1326980 1883.0
1326990 1883.0
1327000 1879.9
1327010 1876.5
1327020 1876.5
1327030 1873.5
1327040 1870.8
1327050 1870.8
1327060 1866.7
1327070 1861.8
1327080 1861.8
1327090 1857.2
1327100 1852.1
1327110 1846.8
1327120 1846.8
1327130 1842.8
1327140 1838.3
1327150 1838.3
1327160 1833.5
1327170 1827.3
1327180 1827.3
1327190 1822.7
1327200 1819.3
1327210 1819.3
1327220 1814.9
1327230 1808.9
1327240 1808.9
1327250 1803.1
1327260 1800.6
1327270 1800.6
1327280 1800.1
1327290 1800.0
1327300 1800.0
1327310 1799.9
1327320 1798.8
1327330 1791.5
1327340 1791.5
1327350 1784.7
1327360 1782.9
1327370 1782.9
1327380 1782.9
1327390 1781.2
1327400 1781.2
1327410 1785.8
1327420 1793.2
1327430 1793.2
1327440 1800.5
1327450 1805.5
1327460 1805.5
1327470 1807.3
1327480 1808.3
1327490 1808.3
1327500 1809.5
1327510 1810.8
1327520 1810.8
1327530 1811.8
1327540 1813.0
1327550 1813.0
1327560 1814.5
1327570 1816.0
1327580 1817.2
1327590 1817.2
1327600 1817.5
1327610 1817.1
1327620 1817.1
1327630 1817.2
1327640 1818.8
1327650 1818.8
1327660 1820.2
1327670 1820.9
1327680 1820.9
1327690 1820.4
1327700 1818.3
1327710 1818.3
1327720 1816.0
1327730 1813.7
1327740 1813.7
1327750 1810.2
1327760 1805.5
1327770 1805.5
1327780 1801.0
1327790 1797.8
1327800 1794.2
1327810 1794.2
1327820 1790.3
1327830 1785.8
1327840 1785.8
1327850 1782.1
1327860 1778.9
1327870 1778.9
1327880 1776.3
1327890 1775.3
1327900 1775.3
1327910 1775.4
1327920 1775.6
1327930 1775.6
1327940 1775.3
1327950 1774.9
1327960 1774.9
1327970 1774.0
1327980 1770.5
1327990 1770.5
1328000 1770.2
1328010 1776.1
1328020 1776.1
1328030 1786.8
1328040 1790.2
1328050 1791.5
1328060 1791.5
1328070 1791.1
1328080 1792.9
1328090 1792.9
1328100 1794.7
1328110 1797.3
1328120 1797.3
1328130 1798.7
1328140 1798.6
1328150 1798.6
1328160 1801.6
1328170 1804.8
1328180 1804.8
1328190 1807.9
1328200 1810.7
1328210 1810.7
1328220 1813.4
1328230 1815.6
1328240 1815.6
1328250 1817.1
1328260 1818.0
1328270 1819.7
1328280 1819.7
1328290 1821.7
1328300 1824.6
1328310 1824.6
1328320 1829.9
1328330 1836.2
1328340 1836.2
1328350 1842.0
1328360 1850.7
1328370 1850.7
1328380 1870.7
1328390 1884.3
1328400 1884.3
1328410 1894.5
1328420 1902.8
1328430 1902.8
1328440 1910.4
1328450 1916.2
1328460 1916.2
1328470 1919.5
1328480 1922.7
1328490 1925.7
1328500 1925.7
1328510 1926.9
1328520 1927.6
1328530 1927.6
1328540 1927.7
1328550 1926.2
1328560 1926.2
1328570 1923.8
1328580 1919.0
1328590 1919.0
1328600 1911.1
1328610 1901.4
1328620 1901.4
1328630 1892.0
1328640 1887.2
1328650 1887.2
1328660 1885.3
1328670 1884.2
1328680 1884.2
1328690 1883.5
1328700 1885.0
1328710 1885.0
1328720 1885.4
1328730 1885.2
1328740 1885.0
1328750 1885.0
1328760 1884.2
1328770 1883.2
1328780 1883.2
1328790 1882.7
1328800 1882.1
1328810 1882.1
1328820 1882.0
1328830 1881.4
1328840 1884.7
1328850 1884.0
1328860 1883.2
1328870 1883.2
1328880 1882.0
1328890 1880.7
1328900 1880.7
1328910 1880.0
1328920 1879.0
1328930 1879.0
1328940 1878.9
1328950 1878.2
1328960 1877.0
1328970 1877.0
1328980 1874.8
1328990 1872.2
1329000 1872.2
1329010 1869.7
1329020 1866.6
1329030 1866.6
1329040 1864.7
1329050 1861.3
1329060 1861.3
1329070 1860.0
1329080 1858.3
1329090 1858.3
1329100 1857.2
1329110 1854.3
1329120 1854.3
1329130 1850.0
1329140 1844.5
1329150 1844.5
1329160 1841.3
1329170 1839.3
1329180 1839.3
1329190 1837.8
1329200 1835.9
1329210 1833.0
1329220 1833.0
1329230 1829.2
1329240 1824.3
1329250 1824.3
1329260 1814.2
1329270 1804.1
1329280 1804.1
1329290 1796.4
1329300 1790.6
1329310 1790.6
1329320 1784.7
1329330 1778.9
1329340 1778.9
1329350 1773.0
1329360 1765.7
1329370 1765.7
1329380 1757.7
1329390 1751.3
1329400 1751.3
1329410 1745.8
1329420 1739.4
1329430 1732.6
1329440 1732.6
1329450 1727.1
1329460 1722.6
1329470 1722.6
1329480 1717.9
1329490 1712.7
1329500 1712.7
1329510 1708.2
1329520 1702.9
1329530 1702.9
1329540 1696.0
1329550 1691.4
1329560 1691.4
1329570 1687.9
1329580 1683.2
1329590 1683.2
1329600 1675.8
1329610 1669.8
1329620 1669.8
1329630 1664.2
1329640 1659.3
1329650 1653.2
1329660 1655.2
1329670 1651.6
1329680 1647.5
1329690 1647.5
1329700 1641.4
1329710 1637.8
1329720 1637.8
1329730 1638.6
1329740 1637.6
1329750 1637.6
1329760 1636.4
1329770 1634.8
1329780 1634.8
1329790 1634.0
1329800 1633.7
1329810 1633.7
1329820 1633.3
1329830 1631.9
1329840 1631.9
1329850 1627.4
1329860 1626.2
1329870 1626.2
1329880 1625.9
1329890 1625.2
1329900 1623.6
1329910 1623.6
1329920 1620.8
1329930 1618.0
1329940 1618.0
1329950 1615.8
1329960 1613.7
1329970 1613.7
1329980 1611.4
1329990 1609.2
1330000 1609.2
1330010 1607.7
1330020 1606.6
1330030 1606.6
1330040 1605.5
1330050 1603.9
1330060 1603.9
1330070 1596.8
1330080 1584.6
1330090 1584.6
1330100 1578.4
1330110 1580.1
1330120 1571.8
1330130 1571.8
1330140 1556.8
1330150 1536.9
1330160 1536.9
1330170 1526.5
1330180 1518.3
1330190 1518.3
1330200 1508.7
1330210 1497.6
1330220 1497.6
1330230 1489.3
1330240 1485.1
1330250 1485.1
1330260 1478.1
1330270 1467.3
1330280 1467.3
1330290 1459.3
1330300 1452.6
1330310 1452.6
1330320 1447.7
1330330 1441.7
1330340 1441.7
1330350 1430.0
1330360 1425.7
1330370 1422.1
1330380 1422.1
1330390 1418.5
1330400 1416.0
1330410 1416.0
1330420 1414.2
1330430 1411.9
1330440 1411.9
1330450 1407.8
1330460 1407.4
1330470 1407.4
1330480 1415.4
1330490 1417.6
1330500 1417.6
1330510 1420.1
1330520 1424.2
1330530 1424.2
1330540 1427.5
1330550 1424.7
1330560 1424.7
1330570 1421.8
1330580 1424.1
1330590 1427.2
1330600 1427.2
1330610 1429.4
1330620 1430.0
1330630 1430.0
1330640 1411.7
1330650 1377.1
1330660 1377.1
1330670 1370.4
1330680 1367.1
1330690 1367.1
1330700 1356.9
1330710 1349.7
1330720 1349.7
1330730 1346.9
1330740 1344.3
1330750 1344.3
1330760 1343.6
1330770 1342.4
1330780 1342.4
1330790 1331.7
1330800 1317.6
1330810 1317.6
1330820 1313.2
1330830 1308.5
1330840 1294.3
1330850 1294.3
1330860 1281.9
1330870 1270.1
1330880 1270.1
1330890 1264.5
1330900 1264.4
1330910 1264.4
1330920 1259.8
1330930 1256.4
1330940 1256.4
1330950 1254.0
1330960 1251.9
1330970 1251.9
1330980 1249.2
1330990 1243.7
1331000 1243.7
1331010 1237.4
1331020 1231.9
1331030 1231.9
1331040 1226.4
1331050 1222.6
1331060 1220.2
1331070 1220.2
1331080 1218.0
1331090 1213.9
1331100 1213.9
1331110 1208.8
1331120 1204.4
1331130 1204.4
1331140 1200.2
1331150 1195.9
1331160 1195.9
1331170 1190.8
1331180 1185.1
1331190 1185.1
1331200 1178.8
1331210 1172.2
1331220 1172.2
1331230 1165.3
1331240 1158.6
1331250 1158.6
1331260 1151.9
1331270 1145.4
1331280 1139.5
1331290 1139.5
1331300 1134.0
1331310 1133.4
1331320 1133.4
1331330 1129.0
1331340 1125.5
1331350 1125.5
1331360 1123.8
1331370 1121.9
1331380 1121.9
1331390 1119.4
1331400 1116.3
1331410 1116.3
1331420 1113.3
1331430 1109.7
1331440 1109.7
1331450 1105.0
1331460 1101.2
1331470 1101.2
1331480 1095.7
1331490 1089.8
1331500 1089.8
1331510 1084.8
1331520 1079.9
1331530 1075.5
1331540 1075.5
1331550 1071.0
1331560 1067.0
1331570 1067.0
1331580 1064.1
1331590 1062.4
1331600 1062.4
1331610 1060.8
1331620 1059.2
1331630 1059.2
1331640 1057.7
1331650 1056.4
1331660 1056.4
1331670 1055.2
1331680 1054.4
1331690 1054.4
1331700 1054.4
1331710 1054.5
1331720 1054.5
1331730 1054.1
1331740 1053.6
1331750 1053.5
1331760 1053.5
1331770 1053.8
1331780 1053.5
1331790 1053.5
1331800 1053.0
1331810 1053.2
1331820 1053.2
1331830 1051.5
1331840 1051.6
1331850 1051.6
1331860 1052.5
1331870 1052.0
1331880 1052.0
1331890 1051.8
1331900 1051.7
1331910 1051.7
1331920 1051.9
1331930 1052.2
1331940 1052.2
1331950 1052.5
1331960 1052.9
1331970 1052.9
1331980 1056.4
1331990 1063.0
1332000 1068.2
1332010 1068.2
1332020 1072.8
1332030 1077.3
1332040 1077.3
1332050 1085.7
1332060 1094.0
1332070 1094.0
1332080 1103.1
1332090 1113.0
1332100 1113.0
1332110 1118.7
1332120 1120.3
1332130 1120.3
1332140 1113.4
1332150 1118.8
1332160 1118.8
1332170 1120.6
1332180 1123.4
1332190 1123.4
1332200 1127.4
1332210 1131.5
1332220 1134.9
1332230 1134.9
1332240 1136.0
1332250 1139.0
1332260 1139.0
1332270 1145.8
1332280 1154.8
1332290 1154.8
1332300 1162.2
1332310 1167.9
1332320 1167.9
1332330 1175.6
1332340 1182.4
1332350 1182.4
1332360 1188.1
1332370 1192.6
1332380 1192.6
1332390 1197.1
1332400 1201.9
1332410 1201.9
1332420 1206.2
1332430 1210.8
1332440 1216.2
1332450 1216.2
1332460 1220.3
1332470 1224.7
1332480 1224.7
1332490 1227.8
1332500 1231.8
1332510 1231.8
1332520 1238.7
1332530 1245.3
1332540 1245.3
1332550 1250.2
1332560 1255.2
1332570 1255.2
1332580 1259.4
1332590 1261.9
1332600 1261.9
1332610 1265.5
1332620 1269.2
1332630 1269.2
1332640 1271.7
1332650 1273.7
1332660 1273.7
1332670 1275.6
1332680 1277.0
1332690 1277.5
1332700 1277.5
1332710 1278.2
1332720 1279.1
1332730 1279.1
1332740 1279.9
1332750 1280.5
1332760 1280.5
1332770 1280.7
1332780 1281.3
1332790 1281.3
1332800 1282.7
1332810 1284.4
1332820 1284.4
1332830 1284.1
1332840 1278.9
1332850 1278.9
1332860 1273.7
1332870 1270.1
1332880 1270.1
1332890 1268.0
1332900 1270.5
1332910 1277.0
1332920 1277.0
1332930 1281.7
1332940 1286.7
1332950 1286.7
1332960 1292.9
1332970 1296.6
1332980 1288.9
1332990 1288.3
1333000 1289.8
1333010 1289.8
1333020 1292.0
1333030 1295.2
1333040 1295.2
1333050 1300.4
1333060 1304.7
1333070 1304.7
1333080 1309.6
1333090 1314.6
1333100 1314.6
1333110 1319.9
1333120 1324.9
1333130 1324.9
1333140 1334.3
1333150 1354.5
1333160 1372.3
1333170 1372.3
1333180 1380.4
1333190 1395.5
1333200 1395.5
1333210 1420.9
1333220 1432.8
1333230 1432.8
1333240 1437.3
1333250 1441.5
1333260 1441.5
1333270 1448.8
1333280 1456.1
1333290 1456.1
1333300 1463.1
1333310 1471.8
1333320 1471.8
1333330 1482.1
1333340 1487.7
1333350 1487.7
1333360 1495.8
1333370 1504.1
1333380 1512.3
1333390 1512.3
1333400 1520.1
1333410 1524.5
1333420 1524.5
1333430 1531.0
1333440 1539.7
1333450 1539.7
1333460 1548.7
1333470 1556.5
1333480 1556.5
1333490 1564.9
1333500 1573.2
1333510 1573.2
1333520 1580.1
1333530 1587.4
1333540 1587.4
1333550 1594.7
1333560 1602.1
1333570 1602.1
1333580 1609.4
1333590 1615.5
1333600 1620.6
1333610 1620.6
1333620 1625.8
1333630 1630.7
1333640 1630.7
1333650 1635.9
1333660 1641.2
1333670 1641.2
1333680 1646.9
1333690 1652.6
1333700 1652.6
1333710 1657.6
1333720 1662.0
1333730 1662.0
1333740 1666.0
1333750 1670.2
1333760 1670.2
1333770 1675.3
1333780 1679.9
1333790 1679.9
1333800 1684.4
1333810 1688.8
1333820 1686.0
1333830 1690.5
1333840 1695.6
1333850 1701.2
1333860 1701.2
1333870 1706.7
1333880 1712.6
1333890 1712.6
1333900 1718.1
1333910 1723.1
1333920 1723.1
1333930 1727.8
1333940 1732.9
1333950 1732.9
1333960 1738.3
1333970 1742.2
1333980 1742.2
1333990 1744.8
1334000 1745.2
1334010 1745.2
1334020 1745.7
1334030 1747.1
1334040 1747.1
1334050 1747.6
1334060 1744.5
1334070 1739.7
1334080 1739.7
1334090 1735.4
1334100 1725.9
1334110 1725.9
1334120 1709.3
1334130 1687.6
1334140 1687.6
1334150 1674.4
1334160 1672.8
1334170 1672.8
1334180 1670.8
1334190 1667.3
1334200 1667.3
1334210 1665.3
1334220 1660.8
1334230 1660.8
1334240 1652.9
1334250 1647.4
1334260 1647.4
1334270 1641.2
1334280 1636.2
1334290 1636.2
1334300 1632.5
1334310 1633.2
1334320 1635.8
1334330 1635.8
1334340 1639.0
1334350 1642.7
1334360 1642.7
1334370 1646.8
1334380 1652.0
1334390 1652.0
1334400 1659.4
1334410 1667.7
1334420 1667.7
1334430 1677.1
1334440 1687.6
1334450 1687.6
1334460 1696.5
1334470 1703.9
1334480 1703.9
1334490 1710.9
1334500 1717.2
1334510 1717.2
1334520 1724.8
1334530 1731.7
1334540 1735.6
1334550 1735.6
1334560 1738.9
1334570 1744.9
1334580 1744.9
1334590 1750.1
1334600 1756.6
1334610 1756.6
1334620 1761.6
1334630 1767.1
1334640 1767.1
1334650 1772.8
1334660 1772.3
1334670 1772.3
1334680 1779.3
1334690 1786.7
1334700 1786.7
1334710 1793.4
1334720 1800.0
1334730 1800.0
1334740 1805.5
1334750 1811.7
1334760 1818.8
1334770 1818.8
1334780 1825.7
1334790 1832.7
1334800 1832.7
1334810 1838.7
1334820 1845.3
1334830 1845.3
1334840 1853.1
1334850 1861.1
1334860 1861.1
1334870 1868.8
1334880 1877.2
1334890 1877.2
1334900 1884.9
1334910 1892.7
1334920 1892.7
1334930 1899.9
1334940 1907.6
1334950 1907.6
1334960 1915.3
1334970 1921.9
1334980 1921.9
1334990 1928.8
1335000 1934.7
1335010 1939.5
1335020 1939.5
1335030 1944.7
1335040 1949.1
1335050 1949.1
1335060 1952.1
1335070 1954.7
1335080 1954.7
1335090 1957.4
1335100 1960.2
1335110 1960.2
1335120 1963.6
1335130 1967.2
1335140 1967.2
1335150 1970.9
1335160 1974.4
1335170 1974.4
1335180 1977.5
1335190 1979.7
1335200 1979.7
1335210 1981.7
1335220 1982.3
1335230 1983.6
1335240 1983.6
1335250 1984.8
1335260 1986.6
1335270 1986.6
1335280 1989.0
1335290 1991.5
1335300 1991.5
1335310 1993.5
1335320 1996.9
1335330 1996.9
1335340 2000.5
1335350 2004.4
1335360 2004.4
1335370 2007.5
1335380 2008.9
1335390 2008.9
1335400 2008.8
1335410 2010.8
1335420 2010.8
1335430 2013.2
1335440 2015.4
1335450 2015.4
1335460 2016.7
1335470 2015.5
1335480 2010.2
1335490 2010.2
1335500 2010.4
1335510 2002.5
1335520 2002.5
1335530 2004.7
1335540 2005.6
1335550 2005.6
1335560 2006.0
1335570 2008.9
1335580 2008.9
1335590 2014.2
1335600 2019.8
1335610 2019.8
1335620 2025.6
1335630 2031.8
1335640 2031.8
1335650 2038.5
1335660 2044.9
1335670 2044.9
1335680 2051.6
1335690 2059.0
1335700 2068.4
1335710 2068.4
1335720 2076.9
1335730 2085.6
1335740 2085.6
1335750 2094.0
1335760 2102.0
1335770 2102.0
1335780 2109.6
1335790 2116.6
1335800 2116.6
1335810 2123.2
1335820 2130.3
1335830 2130.3
1335840 2136.9
1335850 2143.6
1335860 2143.6
1335870 2149.2
1335880 2155.4
1335890 2155.4
1335900 2162.4
1335910 2168.8
1335920 2175.2
1335930 2175.2
1335940 2182.2
1335950 2189.6
1335960 2189.6
1335970 2197.4
1335980 2204.7
1335990 2204.7
1336000 2210.8
1336010 2214.9
1336020 2214.9
1336030 2219.0
1336040 2224.0
1336050 2224.0
1336060 2227.4
1336070 2231.1
1336080 2231.1
1336090 2234.0
1336100 2236.4
1336110 2236.4
1336120 2238.3
1336130 2239.9
1336140 2239.9
1336150 2240.7
1336160 2240.9
1336170 2240.7
1336180 2240.7
1336190 2240.3
1336200 2239.1
1336210 2239.1
1336220 2237.4
1336230 2235.5
1336240 2235.5
1336250 2233.7
1336260 2230.7
1336270 2230.7
1336280 2227.8
1336290 2225.7
1336300 2225.7
1336310 2223.8
1336320 2222.2
1336330 2222.2
1336340 2220.2
1336350 2218.1
1336360 2211.4
1336370 2209.4
1336380 2207.2
1336390 2204.7
1336400 2204.7
1336410 2202.5
1336420 2202.3
1336430 2202.3
1336440 2201.8
1336450 2200.9
1336460 2200.9
1336470 2200.4
1336480 2200.2
1336490 2200.2
1336500 2200.3
1336510 2200.1
1336520 2200.1
1336530 2199.8
1336540 2199.6
1336550 2199.6
1336560 2199.6
1336570 2199.3
1336580 2199.3
1336590 2198.9
1336600 2198.4
1336610 2198.4
1336620 2197.3
1336630 2195.7
1336640 2194.3
1336650 2194.3
1336660 2193.6
1336670 2193.0
1336680 2193.0
1336690 2192.1
1336700 2191.4
1336710 2191.4
1336720 2190.3
1336730 2189.3
1336740 2189.3
1336750 2188.5
1336760 2187.7
1336770 2187.7
1336780 2187.1
1336790 2186.1
1336800 2186.1
1336810 2186.1
1336820 2186.8
1336830 2186.8
1336840 2188.0
1336850 2189.0
1336860 2189.4
1336870 2189.4
1336880 2190.4
1336890 2191.8
1336900 2191.8
1336910 2193.3
1336920 2194.8
1336930 2194.8
1336940 2196.5
1336950 2198.8
1336960 2198.8
1336970 2201.2
1336980 2203.6
1336990 2203.6
1337000 2205.9
1337010 2207.7
1337020 2207.7
1337030 2210.2
1337040 2211.8
1337050 2211.8
1337060 2211.0
1337070 2210.3
1337080 2210.3
1337090 2211.3
1337100 2213.0
1337110 2214.5
1337120 2214.5
1337130 2214.9
1337140 2216.3
1337150 2216.3
1337160 2217.8
1337170 2219.7
1337180 2219.7
1337190 2222.0
1337200 2224.1
1337210 2224.1
1337220 2224.7
1337230 2226.6
1337240 2226.6
1337250 2228.4
1337260 2230.2
1337270 2230.2
1337280 2233.2
1337290 2235.7
1337300 2235.7
1337310 2238.6
1337320 2242.1
1337330 2244.9
1337340 2244.9
1337350 2248.2
1337360 2251.9
1337370 2251.9
1337380 2255.6
1337390 2259.3
1337400 2259.3
1337410 2262.9
1337420 2266.5
1337430 2266.5
1337440 2270.1
1337450 2273.4
1337460 2273.4
1337470 2276.9
1337480 2280.2
1337490 2280.2
1337500 2283.5
1337510 2286.5
1337520 2286.5
1337530 2289.9
1337540 2293.8
1337550 2297.8
1337560 2297.8
1337570 2301.9
1337580 2305.7
1337590 2305.7
1337600 2309.6
1337610 2313.6
1337620 2313.6
1337630 2317.2
1337640 2320.6
1337650 2320.6
1337660 2323.7
1337670 2327.1
1337680 2327.1
1337690 2330.8
1337700 2334.7
1337710 2334.7
1337720 2337.4
1337730 2338.8
1337740 2338.8
1337750 2341.1
1337760 2345.6
1337770 2345.6
1337780 2351.0
1337790 2357.3
1337800 2363.5
1337810 2363.5
1337820 2370.0
1337830 2376.4
1337840 2376.4
1337850 2382.2
1337860 2387.6
1337870 2387.6
1337880 2392.7
1337890 2397.5
1337900 2397.5
1337910 2401.1
1337920 2405.3
1337930 2405.3
1337940 2411.9
1337950 2418.9
1337960 2418.9
1337970 2425.5
1337980 2431.6
1337990 2431.6
1338000 2437.6
1338010 2443.7
1338020 2449.7
1338030 2449.7
1338040 2455.2
1338050 2460.3
1338060 2460.3
1338070 2464.6
1338080 2468.2
1338090 2463.3
1338100 2469.4
1338110 2475.1
1338120 2475.1
1338130 2481.0
1338140 2487.2
1338150 2487.2
1338160 2493.0
1338170 2498.4
1338180 2498.4
1338190 2503.9
1338200 2508.2
1338210 2508.2
1338220 2513.1
1338230 2520.9
1338240 2520.9
1338250 2537.3
1338260 2555.5
1338270 2566.6
1338280 2566.6
1338290 2580.2
1338300 2594.1
1338310 2594.1
1338320 2603.9
1338330 2609.6
1338340 2609.6
1338350 2614.9
1338360 2620.8
1338370 2620.8
1338380 2627.4
1338390 2634.2
1338400 2634.2
1338410 2642.0
1338420 2649.9
1338430 2649.9
1338440 2659.8
1338450 2669.0
1338460 2669.0
1338470 2672.5
1338480 2676.2
1338490 2682.2
1338500 2682.2
1338510 2684.6
1338520 2681.3
1338530 2681.3
1338540 2687.9
1338550 2702.3
1338560 2702.3
1338570 2715.1
1338580 2709.6
1338590 2709.6
1338600 2698.4
1338610 2688.6
1338620 2688.6
1338630 2679.5
1338640 2670.4
1338650 2670.4
1338660 2662.3
1338670 2655.2
1338680 2655.2
1338690 2650.8
1338700 2646.7
1338710 2640.1
1338720 2640.1
1338730 2633.0
1338740 2625.1
1338750 2625.1
1338760 2615.7
1338770 2606.5
1338780 2606.5
1338790 2595.1
1338800 2583.5
1338810 2583.5
1338820 2575.8
1338830 2569.0
1338840 2569.0
1338850 2562.2
1338860 2555.8
1338870 2555.8
1338880 2549.4
1338890 2542.5
1338900 2542.5
1338910 2536.0
1338920 2529.9
1338930 2529.9
1338940 2523.7
1338950 2517.7
1338960 2510.3
1338970 2510.3
1338980 2506.3
1338990 2503.0
1339000 2503.0
1339010 2500.1
1339020 2497.9
1339030 2497.9
1339040 2496.3
1339050 2495.5
1339060 2495.5
1339070 2495.8
1339080 2498.2
1339090 2498.2
1339100 2501.2
1339110 2504.1
1339120 2504.1
1339130 2507.1
1339140 2508.7
1339150 2508.7
1339160 2509.1
1339170 2509.1
1339180 2504.9
1339190 2504.9
1339200 2497.3
1339210 2489.3
1339220 2489.3
1339230 2481.8
1339240 2474.3
1339250 2474.3
1339260 2466.7
1339270 2459.2
1339280 2459.2
1339290 2453.5
1339300 2450.7
1339310 2450.7
1339320 2448.8
1339330 2448.3
1339340 2448.3
1339350 2448.2
1339360 2448.1
1339370 2448.1
1339380 2447.1
1339390 2447.4
1339400 2447.4
1339410 2447.1
1339420 2445.0
1339430 2441.8
1339440 2441.8
1339450 2437.0
1339460 2430.9
1339470 2430.9
1339480 2425.1
1339490 2419.5
1339500 2419.5
1339510 2413.7
1339520 2408.0
1339530 2408.0
1339540 2403.2
1339550 2399.1
1339560 2399.1
1339570 2395.7
1339580 2391.7
1339590 2391.7
1339600 2387.6
1339610 2383.5
1339620 2383.5
1339630 2379.9
1339640 2376.7
1339650 2374.0
1339660 2374.0
1339670 2371.5
1339680 2369.1
1339690 2369.1
1339700 2366.9
1339710 2364.8
1339720 2364.8
1339730 2361.5
1339740 2358.1
1339750 2358.1
1339760 2355.2
1339770 2353.0
1339780 2353.0
1339790 2352.7
1339800 2351.6
1339810 2351.6
1339820 2349.7
1339830 2351.3
1339840 2351.3
1339850 2348.8
1339860 2346.6
1339870 2344.9
1339880 2344.9
1339890 2343.0
1339900 2341.5
1339910 2341.5
1339920 2339.9
1339930 2338.2
1339940 2338.2
1339950 2336.1
1339960 2334.1
1339970 2334.1
1339980 2331.4
1339990 2328.5
