1320000 834.5
1320010 832.1
1320020 832.1
1320030 829.9
1320040 828.9
1320050 828.9
1320060 829.8
1320070 830.7
1320080 830.7
1320090 832.0
1320100 832.4
1320110 832.4
1320120 832.2
1320130 832.1
1320140 831.0
1320150 831.0
1320160 828.5
1320170 825.4
1320180 825.4
1320190 821.7
1320200 816.6
1320210 816.6
1320220 810.7
1320230 803.8
1320240 803.8
1320250 795.9
1320260 791.1
1320270 791.1
1320280 790.0
1320290 790.5
1320300 790.5
1320310 796.7
1320320 802.5
1320330 802.5
1320340 809.1
1320350 812.3
1320360 812.3
1320370 811.0
1320380 810.4
1320390 811.1
1320400 811.1
1320410 810.9
1320420 810.4
1320430 810.4
1320440 811.7
1320450 812.6
1320460 812.6
1320470 813.4
1320480 813.0
1320490 813.0
1320500 811.8
1320510 810.4
1320520 810.4
1320530 809.2
1320540 808.1
1320550 808.1
1320560 809.4
1320570 805.9
1320580 805.9
1320590 799.9
1320600 792.8
1320610 784.6
1320620 784.6
1320630 774.9
1320640 766.9
1320650 766.9
1320660 764.4
1320670 768.4
1320680 768.4
1320690 774.5
1320700 778.2
1320710 778.2
1320720 778.1
1320730 777.6
1320740 777.6
1320750 777.9
1320760 778.6
1320770 778.6
1320780 782.6
1320790 789.7
1320800 789.7
1320810 797.1
1320820 803.6
1320830 807.3
1320840 807.3
1320850 809.3
1320860 813.6
1320870 813.6
1320880 816.4
1320890 817.7
1320900 817.7
1320910 819.8
1320920 823.1
1320930 823.1
1320940 826.7
1320950 829.6
1320960 829.6
1320970 829.6
1320980 827.2
1320990 827.2
1321000 824.2
1321010 821.7
1321020 821.7
1321030 820.8
1321040 821.4
1321050 821.4
1321060 821.1
1321070 819.2
1321080 815.9
1321090 815.9
1321100 810.1
1321110 806.2
1321120 806.2
1321130 804.2
1321140 802.1
1321150 802.1
1321160 798.7
1321170 793.8
1321180 793.8
1321190 787.9
1321200 783.1
1321210 783.1
1321220 779.2
1321230 776.4
1321240 776.4
1321250 775.0
1321260 774.9
1321270 774.9
1321280 775.1
1321290 774.6
1321300 774.1
1321310 774.1
1321320 773.8
1321330 776.2
1321340 776.2
1321350 776.5
1321360 778.0
1321370 778.0
1321380 781.3
1321390 781.2
1321400 781.2
1321410 774.6
1321420 763.4
1321430 763.4
1321440 756.3
1321450 760.2
1321460 760.2
1321470 766.0
1321480 772.4
1321490 772.4
1321500 779.1
1321510 785.7
1321520 785.7
1321530 794.4
1321540 803.1
1321550 806.6
1321560 806.6
1321570 808.3
1321580 809.9
1321590 809.9
1321600 812.0
1321610 812.9
1321620 812.9
1321630 812.6
1321640 810.9
1321650 810.9
1321660 810.3
1321670 813.2
1321680 813.2
1321690 815.4
1321700 816.3
1321710 816.3
1321720 815.5
1321730 814.3
1321740 814.3
1321750 812.5
1321760 812.8
1321770 811.9
1321780 811.9
1321790 817.0
1321800 825.1
1321810 825.1
1321820 830.0
1321830 828.8
1321840 828.8
1321850 826.1
1321860 825.6
1321870 825.6
1321880 821.0
1321890 816.2
1321900 816.2
1321910 814.9
1321920 813.5
1321930 813.5
1321940 812.9
1321950 815.6
1321960 815.6
1321970 823.7
1321980 830.4
1321990 830.4
1322000 829.0
1322010 823.6
1322020 819.7
1322030 819.7
1322040 817.9
1322050 819.5
1322060 819.5
1322070 825.6
1322080 830.9
1322090 830.9
1322100 835.3
1322110 844.7
1322120 844.7
1322130 852.1
1322140 855.1
1322150 855.1
1322160 854.8
1322170 854.8
1322180 854.8
1322190 856.4
1322200 859.0
1322210 859.0
1322220 862.1
1322230 865.3
1322240 869.1
1322250 869.1
1322260 873.0
1322270 877.2
1322280 877.2
1322290 882.1
1322300 887.5
1322310 887.5
1322320 893.5
1322330 899.9
1322340 899.9
1322350 903.7
1322360 903.7
1322370 903.7
1322380 902.4
1322390 901.8
1322400 901.8
1322410 901.0
1322420 900.9
1322430 900.9
1322440 901.1
1322450 901.2
1322460 901.2
1322470 901.1
1322480 901.6
1322490 902.2
1322500 902.2
1322510 900.9
1322520 899.3
1322530 899.3
1322540 899.2
1322550 903.5
1322560 903.5
1322570 908.9
1322580 913.8
1322590 913.8
1322600 918.7
1322610 925.3
1322620 925.3
1322630 932.3
1322640 941.6
1322650 941.6
1322660 950.3
1322670 957.9
1322680 957.9
1322690 966.2
1322700 973.0
1322710 979.6
1322720 979.6
1322730 985.6
1322740 991.3
1322750 991.3
1322760 997.8
1322770 1005.4
1322780 1005.4
1322790 1012.9
1322800 1020.4
1322810 1020.4
1322820 1028.6
1322830 1036.7
1322840 1036.7
1322850 1044.6
1322860 1052.6
1322870 1052.6
1322880 1061.5
1322890 1069.2
1322900 1069.3
1322910 1074.9
1322920 1078.4
1322930 1078.4
1322940 1081.4
1322950 1085.3
1322960 1089.8
1322970 1089.8
1322980 1094.7
1322990 1098.0
1323000 1098.0
1323010 1097.0
1323020 1096.7
1323030 1096.7
1323040 1097.3
1323050 1094.6
1323060 1094.6
1323070 1090.5
1323080 1086.2
1323090 1086.2
1323100 1083.7
1323110 1084.7
1323120 1084.7
1323130 1089.4
1323140 1095.5
1323150 1095.5
1323160 1101.1
1323170 1105.1
1323180 1108.6
1323190 1108.6
1323200 1112.7
1323210 1117.6
1323220 1117.6
1323230 1122.9
1323240 1124.6
1323250 1124.6
1323260 1123.3
1323270 1121.1
1323280 1121.1
1323290 1120.8
1323300 1121.8
1323310 1121.8
1323320 1123.0
1323330 1125.1
1323340 1125.1
1323350 1126.7
1323360 1128.1
1323370 1128.1
1323380 1130.4
1323390 1133.3
1323400 1133.3
1323410 1136.6
1323420 1140.7
1323430 1145.7
1323440 1145.7
1323450 1152.8
1323460 1161.6
1323470 1161.6
1323480 1168.4
1323490 1172.2
1323500 1172.2
1323510 1174.8
1323520 1171.4
1323530 1171.4
1323540 1164.6
1323550 1158.0
1323560 1158.0
1323570 1152.5
1323580 1147.7
1323590 1147.7
1323600 1142.8
1323610 1139.0
1323620 1139.0
1323630 1136.9
1323640 1135.6
1323650 1135.8
1323660 1135.8
1323670 1136.6
1323680 1137.1
1323690 1145.4
1323700 1146.2
1323710 1147.4
1323720 1147.4
1323730 1149.8
1323740 1151.2
1323750 1151.2
1323760 1147.5
1323770 1138.8
1323780 1138.8
1323790 1131.6
1323800 1124.5
1323810 1124.5
1323820 1115.4
1323830 1106.3
1323840 1106.3
1323850 1091.9
1323860 1083.8
1323870 1083.8
1323880 1084.6
1323890 1094.2
1323900 1104.5
1323910 1104.5
1323920 1113.2
1323930 1120.3
1323940 1120.3
1323950 1124.1
1323960 1129.3
1323970 1129.3
1323980 1135.4
1323990 1141.5
1324000 1141.5
1324010 1147.7
1324020 1153.1
1324030 1153.1
1324040 1158.8
1324050 1165.4
1324060 1165.4
1324070 1172.2
1324080 1180.6
1324090 1180.6
1324100 1188.3
1324110 1196.2
1324120 1204.7
1324130 1204.7
1324140 1212.6
1324150 1218.9
1324160 1218.9
1324170 1224.5
1324180 1228.2
1324190 1228.2
1324200 1231.1
1324210 1236.5
1324220 1236.5
1324230 1238.5
1324240 1238.6
1324250 1238.6
1324260 1245.1
1324270 1253.7
1324280 1253.7
1324290 1261.3
1324300 1260.4
1324310 1260.4
1324320 1256.9
1324330 1253.8
1324340 1253.0
1324350 1253.0
1324360 1255.8
1324370 1261.0
1324380 1261.0
1324390 1268.3
1324400 1275.0
1324410 1275.0
1324420 1281.4
1324430 1288.2
1324440 1288.2
1324450 1291.6
1324460 1292.7
1324470 1292.7
1324480 1301.4
1324490 1302.6
1324500 1302.6
1324510 1304.0
1324520 1304.2
1324530 1304.2
1324540 1304.8
1324550 1305.1
1324560 1305.1
1324570 1304.0
1324580 1301.9
1324590 1298.6
1324600 1298.6
1324610 1298.2
1324620 1302.9
1324630 1302.9
1324640 1306.9
1324650 1306.8
1324660 1306.8
1324670 1307.3
1324680 1310.9
1324690 1310.9
1324700 1316.4
1324710 1322.3
1324720 1322.3
1324730 1326.9
1324740 1325.2
1324750 1325.2
1324760 1322.2
1324770 1319.3
1324780 1319.3
1324790 1318.1
1324800 1321.6
1324810 1326.6
1324820 1326.6
1324830 1331.0
1324840 1335.1
1324850 1335.1
1324860 1338.5
1324870 1337.1
1324880 1337.1
1324890 1333.6
1324900 1330.8
1324910 1330.8
1324920 1331.7
1324930 1336.5
1324940 1336.5
1324950 1341.9
1324960 1347.5
1324970 1347.5
1324980 1350.2
1324990 1350.8
1325000 1350.8
1325010 1352.2
1325020 1352.5
1325030 1352.5
1325040 1353.3
1325050 1353.9
1325060 1354.2
1325070 1354.2
1325080 1353.9
1325090 1353.6
1325100 1353.6
1325110 1357.0
1325120 1359.6
1325130 1359.6
1325140 1359.4
1325150 1360.3
1325160 1360.3
1325170 1364.0
1325180 1367.2
1325190 1367.2
1325200 1369.7
1325210 1372.4
1325220 1372.4
1325230 1374.2
1325240 1375.8
1325250 1375.8
1325260 1375.2
1325270 1373.1
1325280 1370.2
1325290 1370.2
1325300 1370.1
1325310 1372.0
1325320 1372.0
1325330 1376.1
1325340 1381.2
1325350 1381.2
1325360 1386.2
1325370 1390.3
1325380 1390.3
1325390 1393.3
1325400 1394.7
1325410 1394.7
1325420 1396.0
1325430 1396.8
1325440 1396.8
1325450 1398.2
1325460 1399.6
1325470 1399.6
1325480 1402.1
1325490 1403.8
1325500 1403.8
1325510 1405.3
1325520 1406.5
1325530 1407.9
1325540 1407.9
1325550 1409.0
1325560 1409.6
1325570 1409.6
1325580 1410.3
1325590 1411.1
1325600 1411.1
1325610 1411.9
1325620 1412.1
1325630 1412.1
1325640 1412.2
1325650 1413.4
1325660 1413.4
1325670 1415.9
1325680 1419.3
1325690 1419.3
1325700 1423.8
1325710 1429.3
1325720 1429.3
1325730 1433.8
1325740 1438.1
1325750 1444.0
1325760 1444.0
1325770 1449.7
1325780 1454.5
1325790 1454.5
1325800 1458.5
1325810 1460.8
1325820 1460.8
1325830 1461.2
1325840 1463.2
1325850 1463.2
1325860 1469.1
1325870 1473.8
1325880 1473.8
1325890 1475.1
1325900 1473.5
1325910 1473.5
1325920 1474.2
1325930 1479.6
1325940 1479.6
1325950 1486.5
1325960 1490.9
1325970 1490.9
1325980 1490.1
1325990 1487.3
1326000 1489.3
1326010 1489.3
1326020 1493.4
1326030 1495.0
1326040 1495.0
1326050 1495.1
1326060 1495.9
1326070 1504.9
1326080 1505.9
1326090 1506.3
1326100 1506.3
1326110 1506.8
1326120 1507.6
1326130 1507.6
1326140 1507.9
1326150 1508.6
1326160 1508.6
1326170 1509.5
1326180 1511.0
1326190 1511.0
1326200 1513.8
1326210 1516.9
1326220 1519.8
1326230 1519.8
1326240 1522.5
1326250 1525.8
1326260 1525.8
1326270 1529.9
1326280 1534.3
1326290 1534.3
1326300 1538.8
1326310 1542.3
1326320 1542.3
1326330 1546.6
1326340 1552.0
1326350 1552.0
1326360 1556.5
1326370 1559.5
1326380 1559.5
1326390 1560.7
1326400 1560.3
1326410 1560.3
1326420 1558.4
1326430 1556.4
1326440 1556.4
1326450 1556.3
1326460 1556.3
1326470 1556.8
1326480 1556.8
1326490 1557.3
1326500 1557.9
1326510 1557.9
1326520 1560.9
1326530 1564.8
1326540 1564.8
1326550 1565.6
1326560 1562.7
1326570 1562.7
1326580 1560.3
1326590 1562.5
1326600 1562.5
1326610 1565.1
1326620 1564.4
1326630 1564.4
1326640 1560.3
1326650 1556.3
1326660 1556.3
1326670 1554.7
1326680 1554.4
1326690 1552.5
1326700 1552.5
1326710 1548.3
1326720 1542.8
1326730 1542.8
1326740 1536.9
1326750 1531.6
1326760 1531.6
1326770 1528.4
1326780 1526.4
1326790 1526.4
1326800 1523.8
1326810 1520.1
1326820 1520.1
1326830 1514.6
1326840 1508.1
1326850 1508.1
1326860 1501.3
1326870 1498.1
1326880 1505.2
1326890 1503.5
1326900 1500.8
1326910 1500.8
1326920 1496.5
1326930 1493.3
1326940 1490.0
1326950 1490.0
1326960 1486.7
1326970 1483.9
1326980 1483.9
1326990 1482.1
1327000 1481.3
1327010 1481.3
1327020 1480.9
1327030 1479.9
1327040 1479.9
1327050 1476.9
1327060 1474.7
1327070 1474.7
1327080 1479.4
1327090 1482.7
1327100 1482.7
1327110 1485.4
1327120 1488.4
1327130 1488.4
1327140 1491.5
1327150 1493.5
1327160 1495.6
1327170 1495.6
1327180 1497.5
1327190 1499.5
1327200 1499.5
1327210 1502.8
1327220 1507.0
1327230 1507.0
1327240 1511.2
1327250 1517.0
1327260 1517.0
1327270 1523.4
1327280 1531.0
1327290 1531.0
1327300 1538.4
1327310 1545.7
1327320 1545.7
1327330 1552.3
1327340 1556.8
1327350 1556.8
1327360 1559.8
1327370 1563.1
1327380 1567.3
1327390 1567.3
1327400 1570.8
1327410 1574.3
1327420 1574.3
1327430 1577.8
1327440 1581.8
1327450 1581.8
1327460 1585.1
1327470 1587.9
1327480 1587.9
1327490 1590.3
1327500 1592.9
1327510 1592.9
1327520 1594.5
1327530 1595.2
1327540 1595.2
1327550 1595.9
1327560 1596.7
1327570 1596.7
1327580 1597.3
1327590 1597.1
1327600 1597.1
1327610 1596.5
1327620 1596.0
1327630 1595.3
1327640 1595.3
1327650 1594.4
1327660 1593.7
1327670 1593.7
1327680 1596.5
1327690 1596.3
1327700 1596.3
1327710 1595.6
1327720 1594.3
1327730 1594.3
1327740 1592.8
1327750 1591.3
1327760 1591.3
1327770 1589.9
1327780 1588.6
1327790 1588.6
1327800 1587.4
1327810 1586.4
1327820 1586.4
1327830 1586.2
1327840 1584.5
1327850 1581.3
1327860 1581.3
1327870 1576.5
1327880 1571.1
1327890 1571.1
1327900 1568.3
1327910 1565.9
1327920 1565.9
1327930 1565.5
1327940 1565.2
1327950 1565.2
1327960 1563.7
1327970 1561.3
1327980 1561.3
1327990 1559.9
1328000 1558.5
1328010 1558.5
1328020 1558.3
1328030 1557.5
1328040 1557.5
1328050 1556.5
1328060 1558.0
1328070 1558.0
1328080 1557.5
1328090 1554.3
1328100 1546.8
1328110 1546.8
1328120 1533.0
1328130 1512.3
1328140 1512.3
1328150 1495.9
1328160 1481.3
1328170 1481.3
1328180 1471.4
1328190 1470.8
1328200 1470.8
1328210 1472.8
1328220 1479.0
1328230 1479.0
1328240 1487.5
1328250 1495.7
1328260 1495.7
1328270 1502.9
1328280 1507.7
1328290 1507.7
1328300 1508.6
1328310 1512.7
1328320 1516.8
1328330 1516.8
1328340 1518.5
1328350 1519.3
1328360 1519.3
1328370 1519.1
1328380 1518.3
1328390 1518.3
1328400 1516.8
1328410 1514.7
1328420 1514.7
1328430 1512.6
1328440 1510.2
1328450 1510.2
1328460 1508.0
1328470 1505.8
1328480 1505.8
1328490 1502.6
1328500 1504.9
1328510 1504.9
1328520 1501.8
1328530 1498.7
1328540 1498.7
1328550 1496.3
1328560 1493.3
1328570 1490.0
1328580 1490.0
1328590 1483.1
1328600 1474.0
1328610 1474.0
1328620 1464.4
1328630 1460.1
1328640 1460.1
1328650 1457.0
1328660 1452.0
1328670 1452.0
1328680 1446.5
1328690 1444.1
1328700 1444.1
1328710 1443.0
1328720 1439.5
1328730 1439.5
1328740 1436.2
1328750 1433.5
1328760 1433.5
1328770 1430.9
1328780 1427.5
1328790 1424.5
1328800 1424.5
1328810 1421.1
1328820 1416.7
1328830 1416.7
1328840 1410.8
1328850 1401.2
1328860 1401.2
1328870 1393.8
1328880 1386.7
1328890 1386.7
1328900 1376.5
1328910 1363.8
1328920 1363.8
1328930 1347.3
1328940 1331.4
1328950 1331.4
1328960 1321.2
1328970 1312.8
1328980 1312.8
1328990 1303.7
1329000 1289.5
1329010 1289.5
1329020 1275.7
1329030 1246.7
1329040 1200.6
1329050 1200.6
1329060 1176.6
1329070 1173.5
1329080 1173.5
1329090 1184.2
1329100 1204.8
1329110 1204.8
1329120 1211.1
1329130 1194.7
1329140 1194.7
1329150 1150.0
1329160 1125.8
1329170 1125.8
1329180 1118.1
1329190 1112.2
1329200 1112.2
1329210 1108.0
1329220 1106.5
1329230 1106.5
1329240 1105.6
1329250 1104.3
1329260 1101.8
1329270 1101.8
1329280 1098.9
1329290 1096.5
1329300 1096.5
1329310 1100.0
1329320 1096.7
1329330 1096.7
1329340 1093.7
1329350 1092.7
1329360 1092.7
1329370 1089.7
1329380 1087.1
1329390 1087.1
1329400 1084.5
1329410 1080.7
1329420 1080.7
1329430 1076.6
1329440 1072.0
1329450 1072.0
1329460 1067.0
1329470 1062.2
1329480 1062.2
1329490 1057.9
1329500 1053.6
1329510 1050.5
1329520 1050.5
1329530 1047.3
1329540 1044.3
1329550 1044.3
1329560 1041.8
1329570 1038.6
1329580 1038.6
1329590 1035.2
1329600 1032.2
1329610 1032.2
1329620 1029.2
1329630 1027.2
1329640 1027.2
1329650 1026.3
1329660 1025.5
1329670 1025.5
1329680 1024.8
1329690 1023.5
1329700 1023.5
1329710 1022.6
1329720 1022.3
1329730 1022.2
1329740 1022.2
1329750 1022.1
1329760 1021.9
1329770 1021.9
1329780 1021.7
1329790 1020.2
1329800 1020.2
1329810 1020.1
1329820 1021.6
1329830 1021.6
1329840 1022.9
1329850 1024.5
1329860 1024.5
1329870 1026.0
1329880 1026.8
1329890 1026.8
1329900 1028.3
1329910 1030.1
1329920 1030.1
1329930 1031.1
1329940 1031.6
1329950 1031.6
1329960 1031.9
1329970 1033.1
1329980 1034.6
1329990 1034.6
1330000 1035.8
1330010 1037.4
1330020 1037.4
1330030 1039.0
1330040 1040.8
1330050 1040.8
1330060 1043.3
1330070 1046.4
1330080 1046.4
1330090 1049.7
1330100 1052.8
1330110 1052.8
1330120 1056.3
1330130 1059.3
1330140 1059.3
1330150 1063.9
1330160 1067.3
1330170 1067.3
1330180 1070.4
1330190 1073.3
1330200 1076.1
1330210 1076.1
1330220 1078.8
1330230 1080.4
1330240 1080.4
1330250 1081.5
1330260 1082.2
1330270 1082.2
1330280 1082.4
1330290 1083.3
1330300 1083.3
1330310 1084.5
1330320 1085.2
1330330 1085.2
1330340 1086.5
1330350 1089.1
1330360 1089.1
1330370 1091.5
1330380 1093.8
1330390 1093.8
1330400 1096.3
1330410 1098.3
1330420 1099.4
1330430 1099.4
1330440 1100.5
1330450 1101.6
1330460 1101.6
1330470 1102.4
1330480 1102.7
1330490 1102.7
1330500 1104.3
1330510 1105.7
1330520 1105.7
1330530 1105.7
1330540 1106.3
1330550 1106.3
1330560 1106.9
1330570 1108.3
1330580 1108.3
1330590 1111.3
1330600 1113.7
1330610 1113.7
1330620 1116.7
1330630 1119.5
1330640 1119.5
1330650 1122.1
1330660 1125.8
1330670 1130.2
1330680 1130.2
1330690 1134.7
1330700 1140.6
1330710 1140.6
1330720 1146.6
1330730 1151.3
1330740 1151.3
1330750 1154.9
1330760 1157.6
1330770 1157.6
1330780 1161.9
1330790 1167.6
1330800 1167.6
1330810 1172.6
1330820 1178.0
1330830 1178.0
1330840 1184.9
1330850 1190.5
1330860 1190.5
1330870 1196.5
1330880 1202.3
1330890 1207.4
1330900 1207.4
1330910 1211.5
1330920 1215.7
1330930 1215.7
1330940 1219.1
1330950 1222.6
1330960 1216.7
1330970 1221.4
1330980 1225.1
1330990 1225.1
1331000 1229.2
1331010 1233.3
1331020 1233.3
1331030 1238.5
1331040 1246.4
1331050 1246.4
1331060 1257.0
1331070 1282.4
1331080 1282.4
1331090 1303.5
1331100 1312.5
1331110 1312.5
1331120 1320.9
1331130 1330.1
1331140 1337.6
1331150 1337.6
1331160 1337.2
1331170 1335.5
1331180 1335.5
1331190 1336.4
1331200 1336.5
1331210 1336.5
1331220 1340.3
1331230 1347.2
1331240 1347.2
1331250 1353.3
1331260 1355.8
1331270 1355.8
1331280 1356.1
1331290 1356.7
1331300 1356.7
1331310 1360.4
1331320 1364.9
1331330 1364.9
1331340 1370.9
1331350 1381.4
1331360 1390.8
1331370 1390.8
1331380 1399.8
1331390 1408.3
1331400 1408.3
1331410 1419.0
1331420 1429.3
1331430 1429.3
1331440 1438.7
1331450 1449.8
1331460 1449.8
1331470 1459.6
1331480 1463.4
1331490 1463.4
1331500 1463.3
1331510 1466.2
1331520 1466.2
1331530 1468.1
1331540 1470.0
1331550 1470.0
1331560 1473.9
1331570 1477.7
1331580 1477.7
1331590 1479.2
1331600 1479.7
1331610 1484.3
1331620 1484.3
1331630 1490.2
1331640 1495.5
1331650 1495.5
1331660 1502.3
1331670 1509.4
1331680 1509.4
1331690 1516.8
1331700 1524.2
1331710 1524.2
1331720 1531.9
1331730 1539.7
1331740 1539.7
1331750 1546.1
1331760 1551.9
1331770 1551.9
1331780 1556.7
1331790 1554.6
1331800 1554.6
1331810 1559.8
1331820 1563.4
1331830 1565.9
1331840 1565.9
1331850 1567.2
1331860 1570.1
1331870 1570.1
1331880 1574.1
1331890 1577.0
1331900 1577.0
1331910 1580.9
1331920 1588.1
1331930 1588.1
1331940 1595.5
1331950 1603.1
1331960 1603.1
1331970 1611.5
1331980 1619.3
1331990 1619.3
1332000 1626.7
1332010 1634.8
1332020 1634.8
1332030 1643.5
1332040 1650.1
1332050 1650.1
1332060 1656.6
1332070 1662.8
1332080 1668.7
1332090 1668.7
1332100 1674.6
1332110 1679.1
1332120 1679.1
1332130 1683.9
1332140 1688.0
1332150 1688.0
1332160 1692.1
1332170 1696.7
1332180 1696.7
1332190 1701.3
1332200 1705.6
1332210 1705.6
1332220 1710.6
1332230 1715.3
1332240 1715.3
1332250 1719.7
1332260 1723.1
1332270 1723.1
1332280 1724.8
1332290 1725.9
1332300 1726.0
1332310 1726.0
1332320 1726.2
1332330 1725.6
1332340 1725.6
1332350 1724.6
1332360 1724.5
1332370 1724.5
1332380 1725.9
1332390 1727.5
1332400 1727.5
1332410 1727.1
1332420 1722.1
1332430 1722.1
1332440 1711.9
1332450 1712.0
1332460 1712.0
1332470 1715.8
1332480 1710.4
1332490 1710.4
1332500 1703.2
1332510 1703.6
1332520 1703.6
1332530 1715.2
1332540 1724.3
1332550 1728.6
1332560 1728.6
1332570 1730.9
1332580 1736.7
1332590 1736.7
1332600 1741.1
1332610 1741.4
1332620 1731.4
1332630 1734.8
1332640 1740.6
1332650 1740.6
1332660 1747.2
1332670 1751.6
1332680 1751.6
1332690 1754.3
1332700 1758.2
1332710 1758.2
1332720 1764.6
1332730 1769.8
1332740 1769.8
1332750 1775.0
1332760 1782.6
1332770 1790.8
1332780 1790.8
1332790 1797.6
1332800 1804.3
1332810 1804.3
1332820 1810.2
1332830 1815.8
1332840 1815.8
1332850 1821.9
1332860 1828.1
1332870 1828.1
1332880 1834.1
1332890 1839.3
1332900 1839.3
1332910 1843.6
1332920 1846.9
1332930 1846.9
1332940 1850.0
1332950 1853.3
1332960 1853.3
1332970 1856.3
1332980 1860.5
1332990 1860.5
1333000 1865.7
1333010 1870.2
1333020 1874.9
1333030 1874.9
1333040 1880.8
1333050 1886.0
1333060 1886.0
1333070 1890.5
1333080 1894.8
1333090 1894.8
1333100 1898.7
1333110 1902.0
1333120 1902.0
1333130 1905.2
1333140 1907.1
1333150 1907.1
1333160 1908.8
1333170 1912.1
1333180 1912.1
1333190 1916.5
1333200 1918.9
1333210 1918.9
1333220 1917.7
1333230 1916.9
1333240 1918.1
1333250 1918.1
1333260 1921.0
1333270 1923.5
1333280 1923.5
1333290 1926.2
1333300 1930.1
1333310 1930.1
1333320 1934.7
1333330 1938.9
1333340 1938.9
1333350 1941.2
1333360 1942.6
1333370 1942.6
1333380 1944.2
1333390 1945.4
1333400 1945.4
1333410 1945.6
1333420 1945.0
1333430 1945.0
1333440 1945.9
1333450 1948.1
1333460 1943.5
1333470 1944.1
1333480 1943.8
1333490 1945.2
1333500 1945.2
1333510 1949.5
1333520 1952.1
1333530 1952.1
1333540 1952.8
1333550 1953.7
1333560 1953.7
1333570 1956.0
1333580 1955.8
1333590 1955.8
1333600 1957.2
1333610 1961.3
1333620 1961.3
1333630 1965.0
1333640 1967.3
1333650 1967.3
1333660 1969.5
1333670 1972.6
1333680 1972.6
1333690 1975.8
1333700 1979.2
1333710 1981.8
1333720 1981.8
1333730 1983.4
1333740 1983.6
1333750 1983.6
1333760 1983.5
1333770 1982.4
1333780 1982.4
1333790 1983.8
1333800 1987.9
1333810 1987.9
1333820 1989.5
1333830 1987.3
1333840 1987.3
1333850 1989.8
1333860 1996.8
1333870 1996.8
1333880 2003.2
1333890 2006.3
1333900 2006.3
1333910 2006.4
1333920 2007.4
1333930 2009.7
1333940 2009.7
1333950 2014.3
1333960 2019.4
1333970 2019.4
1333980 2024.7
1333990 2030.0
1334000 2030.0
1334010 2035.3
1334020 2039.5
1334030 2039.5
1334040 2042.4
1334050 2045.8
1334060 2045.8
1334070 2050.4
1334080 2056.4
1334090 2056.4
1334100 2063.6
1334110 2072.1
1334120 2072.1
1334130 2080.9
1334140 2089.3
1334150 2089.3
1334160 2097.1
1334170 2105.4
1334180 2114.9
1334190 2114.9
1334200 2126.5
1334210 2137.0
1334220 2137.0
1334230 2147.4
1334240 2155.6
1334250 2155.6
1334260 2163.2
1334270 2171.4
1334280 2171.4
1334290 2179.8
1334300 2190.5
1334310 2190.5
1334320 2197.7
1334330 2204.6
1334340 2204.6
1334350 2211.6
1334360 2218.4
1334370 2218.4
1334380 2224.8
1334390 2231.1
1334400 2237.1
1334410 2237.1
1334420 2242.0
1334430 2245.7
1334440 2245.7
1334450 2248.0
1334460 2249.6
1334470 2249.6
1334480 2251.2
1334490 2253.2
1334500 2253.2
1334510 2255.5
1334520 2257.5
1334530 2257.5
1334540 2259.4
1334550 2260.9
1334560 2260.9
1334570 2262.8
1334580 2264.7
1334590 2264.7
1334600 2266.1
1334610 2267.1
1334620 2267.1
1334630 2268.0
1334640 2269.4
1334650 2270.9
1334660 2270.9
1334670 2272.2
1334680 2273.0
1334690 2273.0
1334700 2273.1
1334710 2273.0
1334720 2273.0
1334730 2272.4
1334740 2272.8
1334750 2272.8
1334760 2273.9
1334770 2274.5
1334780 2274.5
1334790 2275.3
1334800 2280.1
1334810 2280.1
1334820 2285.5
1334830 2290.2
1334840 2290.2
1334850 2294.3
1334860 2297.9
1334870 2300.8
1334880 2300.8
1334890 2303.5
1334900 2305.9
1334910 2305.9
1334920 2308.6
1334930 2311.3
1334940 2311.3
1334950 2314.1
1334960 2314.9
1334970 2314.9
1334980 2315.3
1334990 2318.6
1335000 2318.6
1335010 2322.8
1335020 2327.8
1335030 2327.8
1335040 2333.9
1335050 2339.8
1335060 2339.8
1335070 2346.4
1335080 2351.4
1335090 2351.4
1335100 2355.3
1335110 2360.6
1335120 2366.1
1335130 2366.1
1335140 2370.4
1335150 2366.2
1335160 2366.2
1335170 2369.6
1335180 2373.5
1335190 2373.5
1335200 2377.7
1335210 2382.4
1335220 2382.4
1335230 2387.6
1335240 2391.7
1335250 2391.7
1335260 2397.4
1335270 2403.8
1335280 2403.8
1335290 2409.1
1335300 2414.3
1335310 2414.3
1335320 2419.1
1335330 2423.7
1335340 2428.3
1335350 2428.3
1335360 2433.7
1335370 2438.8
1335380 2438.8
1335390 2443.6
1335400 2448.4
1335410 2448.4
1335420 2452.1
1335430 2454.6
1335440 2454.6
1335450 2458.9
1335460 2464.9
1335470 2464.9
1335480 2469.1
1335490 2473.0
1335500 2473.0
1335510 2477.4
1335520 2482.7
1335530 2482.7
1335540 2491.1
1335550 2498.6
1335560 2498.6
1335570 2507.4
1335580 2515.9
1335590 2522.3
1335600 2522.3
1335610 2526.5
1335620 2528.9
1335630 2528.9
1335640 2532.0
1335650 2537.4
1335660 2537.4
1335670 2543.7
1335680 2550.3
1335690 2550.3
1335700 2558.1
1335710 2566.7
1335720 2566.7
1335730 2574.7
1335740 2582.6
1335750 2582.6
1335760 2590.4
1335770 2599.6
1335780 2599.6
1335790 2609.7
1335800 2616.7
1335810 2623.3
1335820 2623.3
1335830 2630.7
1335840 2638.8
1335850 2638.8
1335860 2646.3
1335870 2653.9
1335880 2653.9
1335890 2665.7
1335900 2677.4
1335910 2677.4
1335920 2686.3
1335930 2693.4
1335940 2693.4
1335950 2698.1
1335960 2697.2
1335970 2697.2
1335980 2694.6
1335990 2691.0
1336000 2695.7
1336010 2692.5
1336020 2688.9
1336030 2688.9
1336040 2683.0
1336050 2675.9
1336060 2668.8
1336070 2668.8
1336080 2663.3
1336090 2657.9
1336100 2657.9
1336110 2652.4
1336120 2648.7
1336130 2648.7
1336140 2646.2
1336150 2645.5
1336160 2645.5
1336170 2644.6
1336180 2643.2
1336190 2643.2
1336200 2640.4
1336210 2636.4
1336220 2636.4
1336230 2633.6
1336240 2630.9
1336250 2630.9
1336260 2629.2
1336270 2627.4
1336280 2625.4
1336290 2625.4
1336300 2624.5
1336310 2624.9
1336320 2624.9
1336330 2625.3
1336340 2624.7
1336350 2624.7
1336360 2623.9
1336370 2623.1
1336380 2623.1
1336390 2623.7
1336400 2625.2
1336410 2625.2
1336420 2625.7
1336430 2624.9
1336440 2624.9
1336450 2620.8
1336460 2612.7
1336470 2612.7
1336480 2601.6
1336490 2584.3
1336500 2584.3
1336510 2568.8
1336520 2562.2
1336530 2556.7
1336540 2556.7
1336550 2549.6
1336560 2543.5
1336570 2543.5
1336580 2534.5
1336590 2526.6
1336600 2526.6
1336610 2513.8
1336620 2490.7
1336630 2490.7
1336640 2465.3
1336650 2448.3
1336660 2448.3
1336670 2440.2
1336680 2432.9
1336690 2432.9
1336700 2425.9
1336710 2419.4
1336720 2419.4
1336730 2413.3
1336740 2407.8
1336750 2402.1
1336760 2402.1
1336770 2396.7
1336780 2391.6
1336790 2391.6
1336800 2386.6
1336810 2382.2
1336820 2382.2
1336830 2378.6
1336840 2375.7
1336850 2375.7
1336860 2378.0
1336870 2375.9
1336880 2375.9
1336890 2373.7
1336900 2369.5
1336910 2369.5
1336920 2360.4
1336930 2346.2
1336940 2346.2
1336950 2334.0
1336960 2324.0
1336970 2314.4
1336980 2314.4
1336990 2305.0
1337000 2297.3
1337010 2297.3
1337020 2291.3
1337030 2286.1
1337040 2286.1
1337050 2282.7
1337060 2281.9
1337070 2281.9
1337080 2281.9
1337090 2282.1
1337100 2282.1
1337110 2283.9
1337120 2285.7
1337130 2285.7
1337140 2286.7
1337150 2287.6
1337160 2287.6
1337170 2288.5
1337180 2289.4
1337190 2289.4
1337200 2291.8
1337210 2296.8
1337220 2302.1
1337230 2302.1
1337240 2306.0
1337250 2309.5
1337260 2309.5
1337270 2312.4
1337280 2315.4
1337290 2315.4
1337300 2319.4
1337310 2324.5
1337320 2324.5
1337330 2330.2
1337340 2336.0
1337350 2336.0
1337360 2341.7
1337370 2347.5
1337380 2347.5
1337390 2353.5
1337400 2359.6
1337410 2359.6
1337420 2367.6
1337430 2375.8
1337440 2383.3
1337450 2383.3
1337460 2389.2
1337470 2395.2
1337480 2395.2
1337490 2401.4
1337500 2407.8
1337510 2407.8
1337520 2414.5
1337530 2420.4
1337540 2420.4
1337550 2426.1
1337560 2431.7
1337570 2431.7
1337580 2435.7
1337590 2440.1
1337600 2440.1
1337610 2452.4
1337620 2471.6
1337630 2471.6
1337640 2482.4
1337650 2491.1
1337660 2491.1
1337670 2497.5
1337680 2502.1
1337690 2508.0
1337700 2508.0
1337710 2514.2
1337720 2524.4
1337730 2524.4
1337740 2534.9
1337750 2544.2
1337760 2544.2
1337770 2553.5
1337780 2562.3
1337790 2562.3
1337800 2572.1
1337810 2581.6
1337820 2581.6
1337830 2590.3
1337840 2597.8
1337850 2597.8
1337860 2603.6
1337870 2609.6
1337880 2609.6
1337890 2623.2
1337900 2632.8
1337910 2642.8
1337920 2642.8
1337930 2653.4
1337940 2663.6
1337950 2663.6
1337960 2674.1
1337970 2682.6
1337980 2682.6
1337990 2691.0
1338000 2696.5
1338010 2696.5
1338020 2694.1
1338030 2688.7
1338040 2688.7
1338050 2683.8
1338060 2678.6
1338070 2678.6
1338080 2671.6
1338090 2662.0
1338100 2662.0
1338110 2651.5
1338120 2641.1
1338130 2641.1
1338140 2631.6
1338150 2621.5
1338160 2611.5
1338170 2611.5
1338180 2601.2
1338190 2592.0
1338200 2592.0
1338210 2581.9
1338220 2568.5
1338230 2568.5
1338240 2558.9
1338250 2555.0
1338260 2555.0
1338270 2548.0
1338280 2540.5
1338290 2540.5
1338300 2532.0
1338310 2523.4
1338320 2523.4
1338330 2514.9
1338340 2505.9
1338350 2505.9
1338360 2496.7
1338370 2485.4
1338380 2475.1
1338390 2475.1
1338400 2461.8
1338410 2445.9
1338420 2445.9
1338430 2427.2
1338440 2412.3
1338450 2412.3
1338460 2399.6
1338470 2393.3
1338480 2393.3
1338490 2388.6
1338500 2384.4
1338510 2384.4
1338520 2379.9
1338530 2375.1
1338540 2375.1
1338550 2371.1
1338560 2366.9
1338570 2366.9
1338580 2361.9
1338590 2360.0
1338600 2360.0
1338610 2354.6
1338620 2349.1
1338630 2343.5
1338640 2343.5
1338650 2338.2
1338660 2332.6
1338670 2332.6
1338680 2327.4
1338690 2322.3
1338700 2322.3
1338710 2317.4
1338720 2312.5
1338730 2312.5
1338740 2308.1
1338750 2303.5
1338760 2303.5
1338770 2299.1
1338780 2294.8
1338790 2294.8
1338800 2290.6
1338810 2286.6
1338820 2286.6
1338830 2282.3
1338840 2278.5
1338850 2274.5
1338860 2274.5
1338870 2271.4
1338880 2268.7
1338890 2268.7
1338900 2266.3
1338910 2263.3
1338920 2263.3
1338930 2260.2
1338940 2256.8
1338950 2256.8
1338960 2254.2
1338970 2251.4
1338980 2251.4
1338990 2247.9
1339000 2244.3
1339010 2244.3
1339020 2241.0
1339030 2237.6
1339040 2237.6
1339050 2234.5
1339060 2231.6
1339070 2231.6
1339080 2228.2
1339090 2224.0
1339100 2220.1
1339110 2220.1
1339120 2216.5
1339130 2212.3
1339140 2212.3
1339150 2207.9
1339160 2203.5
1339170 2203.5
1339180 2198.7
1339190 2194.0
1339200 2194.0
1339210 2189.4
1339220 2184.6
1339230 2184.6
1339240 2178.9
1339250 2175.7
1339260 2175.7
1339270 2173.5
1339280 2171.2
1339290 2171.2
1339300 2170.0
1339310 2170.4
1339320 2171.4
1339330 2171.4
1339340 2171.5
1339350 2169.6
1339360 2169.6
1339370 2164.7
1339380 2158.6
1339390 2158.6
1339400 2152.3
1339410 2146.6
1339420 2146.6
1339430 2142.0
1339440 2138.8
1339450 2138.8
1339460 2139.3
1339470 2134.3
1339480 2134.3
1339490 2130.2
1339500 2127.5
1339510 2127.5
1339520 2125.3
1339530 2122.9
1339540 2118.6
1339550 2118.6
1339560 2113.3
1339570 2107.7
1339580 2107.7
1339590 2101.1
1339600 2094.1
1339610 2094.1
1339620 2083.6
1339630 2074.3
1339640 2074.3
1339650 2065.5
1339660 2058.1
1339670 2058.1
1339680 2052.3
1339690 2047.6
1339700 2047.6
1339710 2041.2
1339720 2034.2
1339730 2034.2
1339740 2025.8
1339750 2015.4
1339760 2015.4
1339770 2005.1
1339780 1994.2
1339790 1982.7
1339800 1982.7
1339810 1975.8
1339820 1977.3
1339830 1977.3
1339840 1972.5
1339850 1963.8
1339860 1963.8
1339870 1951.8
1339880 1944.5
1339890 1944.5
1339900 1939.5
1339910 1935.9
1339920 1935.9
1339930 1932.4
1339940 1927.5
1339950 1927.5
1339960 1922.4
1339970 1919.7
1339980 1919.7
1339990 1919.1
