1320000 812.1
1320010 811.1
1320020 811.1
1320030 809.7
1320040 809.9
1320050 809.9
1320060 810.9
1320070 811.9
1320080 811.2
1320090 811.2
1320100 809.2
1320110 806.0
1320120 806.0
1320130 802.5
1320140 800.1
1320150 800.1
1320160 797.6
1320170 794.3
1320180 794.3
1320190 790.3
1320200 785.1
1320210 785.1
1320220 778.7
1320230 773.5
1320240 773.5
1320250 769.0
1320260 769.1
1320270 769.1
1320280 775.5
1320290 783.3
1320300 791.0
1320310 791.0
1320320 796.6
1320330 794.7
1320340 794.7
1320350 791.3
1320360 792.0
1320370 792.0
1320380 791.2
1320390 792.5
1320400 792.5
1320410 792.8
1320420 793.7
1320430 793.7
1320440 794.3
1320450 794.8
1320460 794.8
1320470 795.7
1320480 796.6
1320490 796.6
1320500 793.0
1320510 789.5
1320520 789.5
1320530 788.8
1320540 788.4
1320550 787.3
1320560 787.3
1320570 784.4
1320580 781.4
1320590 781.4
1320600 776.2
1320610 766.4
1320620 766.4
1320630 755.8
1320640 749.3
1320650 749.3
1320660 746.7
1320670 746.0
1320680 746.0
1320690 747.7
1320700 750.4
1320710 750.4
1320720 752.8
1320730 754.6
1320740 754.6
1320750 756.4
1320760 759.3
1320770 763.9
1320780 763.9
1320790 766.8
1320800 767.7
1320810 767.7
1320820 770.3
1320830 773.8
1320840 773.8
1320850 776.5
1320860 778.7
1320870 778.7
1320880 781.0
1320890 783.8
1320900 783.8
1320910 786.3
1320920 789.0
1320930 789.0
1320940 792.7
1320950 796.0
1320960 796.0
1320970 795.3
1320980 792.1
1320990 792.1
1321000 788.9
1321010 786.7
1321020 785.0
1321030 785.0
1321040 784.6
1321050 785.5
1321060 785.5
1321070 786.0
1321080 784.8
1321090 784.8
1321100 782.8
1321110 778.8
1321120 778.8
1321130 774.2
1321140 776.4
1321150 776.4
1321160 771.0
1321170 765.2
1321180 765.2
1321190 760.3
1321200 759.6
1321210 759.6
1321220 760.5
1321230 761.4
1321240 762.5
1321250 762.5
1321260 763.6
1321270 764.1
1321280 764.1
1321290 764.4
1321300 765.4
1321310 765.4
1321320 766.6
1321330 767.5
1321340 767.5
1321350 768.3
1321360 769.4
1321370 769.4
1321380 770.4
1321390 766.7
1321400 766.7
1321410 758.8
1321420 756.1
1321430 756.1
1321440 752.9
1321450 744.6
1321460 744.6
1321470 740.5
1321480 744.2
1321490 747.9
1321500 747.9
1321510 751.1
1321520 754.4
1321530 754.4
1321540 758.4
1321550 761.6
1321560 761.6
1321570 764.9
1321580 767.5
1321590 767.5
1321600 772.3
1321610 776.3
1321620 776.3
1321630 777.5
1321640 775.5
1321650 775.5
1321660 777.7
1321670 779.5
1321680 779.5
1321690 779.4
1321700 779.3
1321710 779.4
1321720 779.4
1321730 779.0
1321740 777.2
1321750 777.2
1321760 781.4
1321770 788.8
1321780 788.8
1321790 791.8
1321800 791.0
1321810 791.0
1321820 791.1
1321830 791.8
1321840 791.8
1321850 790.6
1321860 785.8
1321870 785.8
1321880 782.9
1321890 781.0
1321900 781.0
1321910 782.6
1321920 791.2
1321930 791.2
1321940 797.5
1321950 800.9
1321960 799.8
1321970 799.8
1321980 799.2
1321990 796.8
1322000 796.8
1322010 794.6
1322020 797.4
1322030 797.4
1322040 803.6
1322050 807.9
1322060 807.9
1322070 813.0
1322080 818.1
1322090 818.1
1322100 818.3
1322110 817.7
1322120 817.7
1322130 818.5
1322140 820.6
1322150 820.6
1322160 823.9
1322170 827.6
1322180 831.0
1322190 831.0
1322200 834.1
1322210 837.2
1322220 837.2
1322230 840.4
1322240 844.3
1322250 844.3
1322260 849.8
1322270 856.9
1322280 856.9
1322290 863.6
1322300 863.9
1322310 863.9
1322320 861.2
1322330 858.5
1322340 858.5
1322350 858.7
1322360 860.0
1322370 860.0
1322380 859.5
1322390 859.8
1322400 859.8
1322410 863.0
1322420 869.0
1322430 870.4
1322440 870.4
1322450 867.2
1322460 865.4
1322470 865.4
1322480 867.6
1322490 871.3
1322500 871.3
1322510 878.3
1322520 886.1
1322530 886.1
1322540 893.3
1322550 900.9
1322560 900.9
1322570 908.9
1322580 916.7
1322590 916.7
1322600 924.1
1322610 931.2
1322620 931.2
1322630 938.1
1322640 944.9
1322650 952.0
1322660 952.0
1322670 958.9
1322680 966.3
1322690 966.3
1322700 976.2
1322710 986.8
1322720 986.8
1322730 998.1
1322740 1007.5
1322750 1007.5
1322760 1015.2
1322770 1022.5
1322780 1022.5
1322790 1029.8
1322800 1033.9
1322810 1033.9
1322820 1037.4
1322830 1041.5
1322840 1041.5
1322850 1045.6
1322860 1048.9
1322870 1048.9
1322880 1051.3
1322890 1053.2
1322900 1055.0
1322910 1055.0
1322920 1056.6
1322930 1058.9
1322940 1058.9
1322950 1060.9
1322960 1062.7
1322970 1062.7
1322980 1062.4
1322990 1058.0
1323000 1058.0
1323010 1054.6
1323020 1054.1
1323030 1054.1
1323040 1056.4
1323050 1056.3
1323060 1056.3
1323070 1054.1
1323080 1051.3
1323090 1051.3
1323100 1053.6
1323110 1059.4
1323120 1065.1
1323130 1065.1
1323140 1070.8
1323150 1075.9
1323160 1075.9
1323170 1081.3
1323180 1088.2
1323190 1088.2
1323200 1095.2
1323210 1096.7
1323220 1096.7
1323230 1092.7
1323240 1089.6
1323250 1089.6
1323260 1086.4
1323270 1084.8
1323280 1084.8
1323290 1084.7
1323300 1085.5
1323310 1085.5
1323320 1087.1
1323330 1089.2
1323340 1089.2
1323350 1091.9
1323360 1094.9
1323370 1097.5
1323380 1097.5
1323390 1102.1
1323400 1108.3
1323410 1108.3
1323420 1114.4
1323430 1121.7
1323440 1121.7
1323450 1129.5
1323460 1136.9
1323470 1136.9
1323480 1140.1
1323490 1149.4
1323500 1149.4
1323510 1151.9
1323520 1150.0
1323530 1150.0
1323540 1143.5
1323550 1136.4
1323560 1136.4
1323570 1129.9
1323580 1124.4
1323590 1119.9
1323600 1119.9
1323610 1115.7
1323620 1112.1
1323630 1112.1
1323640 1108.8
1323650 1105.7
1323660 1105.7
1323670 1104.6
1323680 1104.3
1323690 1104.3
1323700 1104.0
1323710 1103.0
1323720 1103.0
1323730 1102.3
1323740 1102.7
1323750 1102.7
1323760 1103.2
1323770 1100.2
1323780 1100.2
1323790 1092.4
1323800 1083.4
1323810 1075.7
1323820 1075.7
1323830 1066.8
1323840 1059.6
1323850 1059.6
1323860 1065.2
1323870 1073.9
1323880 1073.9
1323890 1082.7
1323900 1091.7
1323910 1091.7
1323920 1100.5
1323930 1109.6
1323940 1109.6
1323950 1117.6
1323960 1123.9
1323970 1123.9
1323980 1130.3
1323990 1136.5
1324000 1136.5
1324010 1142.5
1324020 1148.9
1324030 1148.9
1324040 1155.0
1324050 1161.7
1324060 1168.2
1324070 1168.2
1324080 1174.2
1324090 1178.8
1324100 1178.8
1324110 1185.0
1324120 1192.6
1324130 1192.6
1324140 1199.7
1324150 1203.7
1324160 1203.7
1324170 1205.2
1324180 1205.6
1324190 1205.6
1324200 1207.8
1324210 1209.1
1324220 1209.1
1324230 1214.0
1324240 1222.3
1324250 1222.3
1324260 1230.2
1324270 1234.3
1324280 1239.2
1324290 1239.2
1324300 1237.7
1324310 1234.7
1324320 1234.7
1324330 1233.1
1324340 1236.6
1324350 1236.6
1324360 1242.8
1324370 1250.5
1324380 1250.5
1324390 1258.5
1324400 1265.4
1324410 1265.4
1324420 1269.2
1324430 1269.9
1324440 1269.9
1324450 1272.3
1324460 1275.5
1324470 1275.5
1324480 1277.7
1324490 1278.7
1324500 1278.7
1324510 1278.4
1324520 1279.5
1324530 1281.6
1324540 1281.6
1324550 1281.1
1324560 1278.0
1324570 1278.0
1324580 1274.7
1324590 1273.1
1324600 1273.1
1324610 1276.9
1324620 1284.4
1324630 1284.4
1324640 1293.3
1324650 1299.5
1324660 1299.5
1324670 1302.5
1324680 1306.7
1324690 1306.7
1324700 1310.6
1324710 1310.8
1324720 1310.8
1324730 1308.2
1324740 1305.1
1324750 1299.7
1324760 1299.7
1324770 1296.3
1324780 1298.5
1324790 1298.5
1324800 1303.1
1324810 1307.9
1324820 1307.9
1324830 1310.5
1324840 1311.2
1324850 1311.2
1324860 1311.1
1324870 1310.0
1324880 1310.0
1324890 1307.5
1324900 1307.7
1324910 1307.7
1324920 1313.7
1324930 1320.8
1324940 1320.8
1324950 1325.5
1324960 1326.9
1324970 1326.9
1324980 1327.4
1324990 1328.4
1325000 1329.5
1325010 1329.5
1325020 1330.3
1325030 1331.0
1325040 1331.0
1325050 1332.1
1325060 1332.5
1325070 1336.7
1325080 1336.5
1325090 1337.8
1325100 1337.8
1325110 1339.7
1325120 1340.5
1325130 1340.5
1325140 1340.2
1325150 1342.6
1325160 1342.6
1325170 1345.9
1325180 1348.0
1325190 1348.0
1325200 1350.3
1325210 1353.2
1325220 1355.4
1325230 1355.4
1325240 1357.1
1325250 1356.3
1325260 1356.3
1325270 1350.0
1325280 1345.5
1325290 1345.5
1325300 1343.3
1325310 1343.9
1325320 1343.9
1325330 1346.5
1325340 1350.4
1325350 1350.4
1325360 1354.6
1325370 1359.1
1325380 1359.1
1325390 1363.9
1325400 1367.3
1325410 1367.3
1325420 1368.2
1325430 1368.8
1325440 1368.8
1325450 1370.3
1325460 1374.0
1325470 1376.6
1325480 1376.6
1325490 1377.1
1325500 1378.7
1325510 1378.7
1325520 1380.3
1325530 1381.5
1325540 1381.5
1325550 1383.2
1325560 1384.7
1325570 1384.7
1325580 1385.6
1325590 1386.5
1325600 1386.5
1325610 1387.3
1325620 1388.4
1325630 1388.4
1325640 1389.5
1325650 1390.3
1325660 1390.3
1325670 1391.2
1325680 1392.6
1325690 1393.8
1325700 1393.8
1325710 1394.8
1325720 1397.3
1325730 1397.3
1325740 1401.3
1325750 1405.9
1325760 1405.9
1325770 1412.9
1325780 1422.9
1325790 1422.9
1325800 1431.2
1325810 1437.4
1325820 1437.4
1325830 1437.2
1325840 1436.1
1325850 1436.1
1325860 1439.5
1325870 1450.9
1325880 1450.9
1325890 1452.6
1325900 1445.9
1325910 1445.9
1325920 1443.6
1325930 1448.2
1325940 1453.5
1325950 1453.5
1325960 1456.5
1325970 1456.0
1325980 1456.0
1325990 1455.5
1326000 1458.5
1326010 1458.5
1326020 1460.9
1326030 1462.7
1326040 1462.7
1326050 1464.0
1326060 1464.3
1326070 1464.3
1326080 1466.8
1326090 1468.5
1326100 1468.5
1326110 1469.1
1326120 1470.2
1326130 1470.2
1326140 1471.9
1326150 1473.8
1326160 1475.8
1326170 1475.8
1326180 1478.9
1326190 1481.7
1326200 1481.7
1326210 1484.7
1326220 1488.1
1326230 1488.1
1326240 1493.7
1326250 1499.2
1326260 1499.2
1326270 1503.9
1326280 1508.4
1326290 1508.4
1326300 1512.3
1326310 1517.1
1326320 1517.1
1326330 1522.1
1326340 1526.3
1326350 1526.3
1326360 1529.7
1326370 1532.4
1326380 1532.4
1326390 1534.5
1326400 1535.7
1326410 1535.9
1326420 1535.9
1326430 1535.7
1326440 1535.6
1326450 1535.6
1326460 1536.7
1326470 1538.1
1326480 1538.1
1326490 1537.8
1326500 1538.0
1326510 1538.0
1326520 1541.4
1326530 1545.7
1326540 1545.7
1326550 1547.1
1326560 1546.5
1326570 1546.5
1326580 1544.9
1326590 1544.8
1326600 1544.8
1326610 1546.0
1326620 1544.4
1326630 1540.4
1326640 1540.4
1326650 1534.7
1326660 1529.5
1326670 1529.5
1326680 1532.8
1326690 1530.4
1326700 1530.4
1326710 1526.4
1326720 1522.4
1326730 1522.4
1326740 1518.0
1326750 1513.2
1326760 1513.2
1326770 1509.6
1326780 1505.9
1326790 1505.9
1326800 1500.4
1326810 1495.5
1326820 1495.5
1326830 1490.3
1326840 1486.4
1326850 1486.4
1326860 1482.2
1326870 1477.4
1326880 1473.2
1326890 1473.2
1326900 1469.3
1326910 1467.7
1326920 1467.7
1326930 1466.4
1326940 1464.1
1326950 1464.1
1326960 1462.3
1326970 1460.4
1326980 1460.4
1326990 1459.2
1327000 1458.4
1327010 1458.4
1327020 1456.5
1327030 1452.1
1327040 1452.1
1327050 1454.6
1327060 1464.8
1327070 1464.8
1327080 1469.9
1327090 1475.1
1327100 1481.6
1327110 1481.6
1327120 1488.6
1327130 1494.2
1327140 1494.2
1327150 1498.0
1327160 1499.7
1327170 1499.7
1327180 1500.6
1327190 1502.5
1327200 1502.5
1327210 1505.4
1327220 1510.4
1327230 1510.4
1327240 1516.4
1327250 1523.6
1327260 1523.6
1327270 1529.6
1327280 1532.7
1327290 1532.7
1327300 1534.0
1327310 1534.1
1327320 1533.9
1327330 1533.9
1327340 1534.9
1327350 1537.0
1327360 1537.0
1327370 1539.7
1327380 1542.5
1327390 1542.5
1327400 1545.2
1327410 1547.6
1327420 1547.6
1327430 1550.0
1327440 1553.0
1327450 1553.0
1327460 1555.9
1327470 1558.0
1327480 1562.6
1327490 1564.7
1327500 1566.5
1327510 1566.5
1327520 1567.8
1327530 1568.9
1327540 1568.9
1327550 1570.6
1327560 1573.2
1327570 1576.3
1327580 1576.3
1327590 1577.8
1327600 1578.8
1327610 1578.8
1327620 1580.0
1327630 1581.4
1327640 1581.4
1327650 1582.2
1327660 1581.4
1327670 1581.4
1327680 1580.6
1327690 1579.8
1327700 1579.8
1327710 1578.7
1327720 1577.5
1327730 1577.5
1327740 1577.1
1327750 1577.0
1327760 1577.0
1327770 1576.1
1327780 1575.2
1327790 1573.3
1327800 1573.3
1327810 1572.0
1327820 1568.0
1327830 1568.0
1327840 1560.9
1327850 1552.9
1327860 1552.9
1327870 1541.5
1327880 1536.3
1327890 1536.3
1327900 1535.2
1327910 1534.3
1327920 1534.3
1327930 1533.1
1327940 1533.2
1327950 1533.2
1327960 1534.4
1327970 1535.0
1327980 1535.0
1327990 1535.3
1328000 1535.6
1328010 1535.6
1328020 1536.1
1328030 1536.5
1328040 1529.6
1328050 1529.6
1328060 1521.1
1328070 1517.7
1328080 1517.7
1328090 1512.6
1328100 1511.0
1328110 1511.0
1328120 1512.0
1328130 1512.6
1328140 1512.6
1328150 1505.6
1328160 1496.0
1328170 1496.0
1328180 1484.0
1328190 1463.0
1328200 1463.0
1328210 1445.3
1328220 1428.7
1328230 1428.7
1328240 1412.1
1328250 1407.6
1328260 1410.2
1328270 1410.2
1328280 1409.7
1328290 1418.8
1328300 1418.8
1328310 1423.8
1328320 1431.3
1328330 1431.3
1328340 1436.0
1328350 1444.4
1328360 1444.4
1328370 1459.5
1328380 1473.7
1328390 1473.7
1328400 1477.8
1328410 1479.5
1328420 1479.5
1328430 1480.9
1328440 1482.2
1328450 1482.2
1328460 1481.4
1328470 1479.5
1328480 1479.5
1328490 1476.2
1328500 1470.9
1328510 1465.1
1328520 1465.1
1328530 1458.6
1328540 1450.8
1328550 1450.8
1328560 1447.8
1328570 1444.9
1328580 1444.9
1328590 1440.8
1328600 1434.5
1328610 1434.5
1328620 1426.1
1328630 1419.6
1328640 1419.6
1328650 1415.3
1328660 1411.3
1328670 1411.3
1328680 1408.5
1328690 1403.7
1328700 1403.7
1328710 1400.3
1328720 1396.9
1328730 1395.4
1328740 1395.4
1328750 1395.8
1328760 1395.3
1328770 1395.3
1328780 1388.7
1328790 1380.1
1328800 1380.1
1328810 1376.3
1328820 1372.4
1328830 1372.4
1328840 1366.7
1328850 1362.7
1328860 1362.7
1328870 1355.7
1328880 1335.4
1328890 1335.4
1328900 1309.1
1328910 1297.5
1328920 1297.5
1328930 1289.3
1328940 1277.6
1328950 1277.6
1328960 1242.0
1328970 1203.5
1328980 1202.1
1328990 1202.1
1329000 1207.1
1329010 1208.1
1329020 1208.1
1329030 1200.6
1329040 1173.7
1329050 1173.7
1329060 1144.5
1329070 1138.3
1329080 1138.3
1329090 1136.7
1329100 1133.2
1329110 1139.1
1329120 1133.6
1329130 1128.2
1329140 1128.2
1329150 1121.8
1329160 1114.0
1329170 1114.0
1329180 1106.9
1329190 1099.7
1329200 1092.9
1329210 1092.9
1329220 1086.5
1329230 1081.0
1329240 1081.0
1329250 1077.4
1329260 1074.6
1329270 1074.6
1329280 1071.9
1329290 1069.5
1329300 1069.5
1329310 1066.5
1329320 1063.4
1329330 1063.4
1329340 1060.8
1329350 1058.3
1329360 1058.3
1329370 1055.3
1329380 1052.3
1329390 1052.3
1329400 1049.8
1329410 1047.1
1329420 1047.1
1329430 1043.7
1329440 1041.4
1329450 1038.8
1329460 1038.8
1329470 1035.9
1329480 1032.9
1329490 1032.9
1329500 1031.3
1329510 1029.6
1329520 1029.6
1329530 1027.1
1329540 1025.8
1329550 1025.8
1329560 1025.2
1329570 1024.4
1329580 1024.4
1329590 1023.1
1329600 1021.3
1329610 1021.3
1329620 1021.2
1329630 1020.9
1329640 1020.9
1329650 1020.9
1329660 1020.6
1329670 1020.3
1329680 1020.3
1329690 1020.1
1329700 1020.1
1329710 1020.1
1329720 1019.8
1329730 1018.6
1329740 1018.6
1329750 1018.9
1329760 1022.5
1329770 1022.5
1329780 1025.9
1329790 1027.1
1329800 1027.1
1329810 1028.1
1329820 1028.8
1329830 1028.8
1329840 1029.9
1329850 1030.9
1329860 1030.9
1329870 1031.6
1329880 1032.8
1329890 1032.8
1329900 1034.2
1329910 1035.2
1329920 1035.9
1329930 1033.2
1329940 1034.1
1329950 1034.9
1329960 1034.9
1329970 1035.8
1329980 1036.4
1329990 1036.4
1330000 1035.9
1330010 1034.7
1330020 1034.7
1330030 1035.3
1330040 1037.7
1330050 1037.7
1330060 1040.5
1330070 1047.1
1330080 1047.1
1330090 1055.9
1330100 1063.5
1330110 1063.5
1330120 1066.2
1330130 1069.9
1330140 1073.7
1330150 1073.7
1330160 1078.0
1330170 1082.6
1330180 1082.6
1330190 1086.6
1330200 1090.0
1330210 1090.0
1330220 1093.5
1330230 1097.3
1330240 1097.3
1330250 1100.9
1330260 1104.0
1330270 1104.0
1330280 1107.0
1330290 1109.3
1330300 1109.3
1330310 1110.3
1330320 1111.2
1330330 1111.2
1330340 1113.1
1330350 1115.4
1330360 1115.4
1330370 1117.4
1330380 1119.7
1330390 1123.0
1330400 1123.0
1330410 1125.6
1330420 1127.9
1330430 1127.9
1330440 1130.2
1330450 1132.1
1330460 1132.1
1330470 1133.4
1330480 1134.0
1330490 1134.0
1330500 1134.6
1330510 1135.9
1330520 1135.9
1330530 1136.6
1330540 1137.3
1330550 1137.3
1330560 1139.9
1330570 1142.8
1330580 1142.8
1330590 1144.7
1330600 1147.2
1330610 1151.2
1330620 1151.2
1330630 1155.4
1330640 1158.5
1330650 1158.5
1330660 1162.0
1330670 1166.1
1330680 1166.1
1330690 1168.9
1330700 1172.1
1330710 1172.1
1330720 1176.5
1330730 1182.7
1330740 1182.7
1330750 1183.6
1330760 1188.8
1330770 1188.8
1330780 1193.4
1330790 1197.3
1330800 1197.3
1330810 1202.6
1330820 1209.7
1330830 1216.7
1330840 1216.7
1330850 1223.3
1330860 1224.7
1330870 1224.7
1330880 1225.8
1330890 1230.3
1330900 1230.3
1330910 1235.9
1330920 1241.1
1330930 1241.1
1330940 1245.9
1330950 1250.5
1330960 1250.5
1330970 1256.6
1330980 1265.2
1330990 1265.2
1331000 1279.1
1331010 1286.7
1331020 1286.7
1331030 1294.6
1331040 1300.6
1331050 1300.6
1331060 1315.4
1331070 1337.7
1331080 1358.3
1331090 1358.3
1331100 1372.0
1331110 1380.3
1331120 1380.3
1331130 1384.6
1331140 1393.4
1331150 1393.4
1331160 1401.5
1331170 1408.3
1331180 1408.3
1331190 1414.2
1331200 1416.7
1331210 1416.7
1331220 1409.9
1331230 1401.7
1331240 1401.7
1331250 1398.7
1331260 1400.8
1331270 1400.8
1331280 1406.3
1331290 1408.6
1331300 1412.6
1331310 1412.6
1331320 1425.4
1331330 1429.1
1331340 1429.1
1331350 1430.5
1331360 1433.5
1331370 1433.5
1331380 1446.5
1331390 1457.4
1331400 1457.4
1331410 1463.3
1331420 1465.7
1331430 1465.7
1331440 1470.8
1331450 1483.3
1331460 1483.3
1331470 1490.9
1331480 1503.8
1331490 1503.8
1331500 1510.7
1331510 1511.5
1331520 1511.5
1331530 1509.0
1331540 1508.4
1331550 1511.6
1331560 1511.6
1331570 1514.4
1331580 1506.5
1331590 1506.5
1331600 1506.6
1331610 1510.1
1331620 1510.1
1331630 1514.3
1331640 1518.9
1331650 1518.9
1331660 1524.6
1331670 1529.3
1331680 1529.3
1331690 1534.5
1331700 1541.6
1331710 1541.6
1331720 1551.4
1331730 1565.5
1331740 1565.5
1331750 1577.0
1331760 1586.7
1331770 1592.9
1331780 1592.9
1331790 1599.7
1331800 1608.0
1331810 1608.0
1331820 1617.0
1331830 1621.6
1331840 1621.6
1331850 1625.5
1331860 1627.6
1331870 1627.6
1331880 1628.1
1331890 1629.2
1331900 1629.2
1331910 1631.3
1331920 1631.0
1331930 1631.0
1331940 1631.5
1331950 1633.4
1331960 1633.4
1331970 1636.5
1331980 1640.2
1331990 1640.2
1332000 1645.9
1332010 1655.8
1332020 1668.8
1332030 1668.8
1332040 1681.8
1332050 1691.5
1332060 1691.5
1332070 1698.4
1332080 1704.2
1332090 1704.2
1332100 1709.3
1332110 1714.2
1332120 1714.2
1332130 1720.1
1332140 1726.0
1332150 1726.0
1332160 1731.3
1332170 1734.9
1332180 1734.9
1332190 1738.2
1332200 1742.2
1332210 1742.2
1332220 1746.4
1332230 1750.4
1332240 1754.4
1332250 1754.4
1332260 1757.9
1332270 1761.0
1332280 1761.0
1332290 1763.3
1332300 1765.0
1332310 1765.0
1332320 1767.1
1332330 1766.9
1332340 1766.9
1332350 1764.8
1332360 1762.6
1332370 1762.6
1332380 1761.9
1332390 1761.4
1332400 1761.4
1332410 1754.8
1332420 1746.4
1332430 1746.4
1332440 1744.9
1332450 1750.1
1332460 1750.1
1332470 1752.2
1332480 1753.5
1332490 1751.3
1332500 1751.3
1332510 1748.1
1332520 1750.9
1332530 1750.9
1332540 1750.1
1332550 1754.0
1332560 1754.0
1332570 1758.4
1332580 1764.6
1332590 1764.6
1332600 1771.4
1332610 1776.3
1332620 1776.3
1332630 1781.9
1332640 1788.2
1332650 1788.2
1332660 1795.4
1332670 1802.9
1332680 1802.9
1332690 1809.0
1332700 1813.2
1332710 1814.7
1332720 1814.7
1332730 1814.7
1332740 1814.0
1332750 1814.0
1332760 1813.5
1332770 1813.5
1332780 1813.5
1332790 1816.4
1332800 1823.2
1332810 1823.2
1332820 1831.0
1332830 1837.3
1332840 1837.3
1332850 1842.8
1332860 1847.8
1332870 1847.8
1332880 1852.4
1332890 1856.2
1332900 1856.2
1332910 1859.4
1332920 1861.9
1332930 1861.9
1332940 1864.5
1332950 1867.8
1332960 1873.5
1332970 1873.5
1332980 1881.7
1332990 1888.6
1333000 1888.6
1333010 1894.0
1333020 1897.5
1333030 1897.5
1333040 1900.0
1333050 1902.9
1333060 1902.9
1333070 1906.2
1333080 1910.0
1333090 1910.0
1333100 1914.0
1333110 1918.4
1333120 1918.4
1333130 1922.6
1333140 1926.0
1333150 1926.0
1333160 1928.4
1333170 1931.4
1333180 1934.0
1333190 1934.0
1333200 1936.5
1333210 1938.7
1333220 1938.7
1333230 1941.4
1333240 1944.6
1333250 1936.9
1333260 1939.9
1333270 1942.7
1333280 1942.7
1333290 1945.4
1333300 1948.2
1333310 1948.2
1333320 1949.4
1333330 1951.2
1333340 1951.2
1333350 1953.8
1333360 1955.6
1333370 1955.6
1333380 1957.9
1333390 1959.9
1333400 1959.9
1333410 1961.6
1333420 1962.3
1333430 1963.3
1333440 1963.3
1333450 1965.0
1333460 1968.0
1333470 1968.0
1333480 1973.6
1333490 1981.2
1333500 1981.2
1333510 1985.8
1333520 1986.1
1333530 1986.1
1333540 1985.8
1333550 1985.5
1333560 1985.5
1333570 1985.0
1333580 1985.6
1333590 1985.6
1333600 1987.1
1333610 1989.0
1333620 1989.0
1333630 1991.7
1333640 1995.4
1333650 2000.2
1333660 2000.2
1333670 2003.3
1333680 2005.1
1333690 2005.1
1333700 2007.5
1333710 2010.5
1333720 2010.5
1333730 2014.4
1333740 2018.7
1333750 2018.7
1333760 2021.3
1333770 2020.7
1333780 2020.7
1333790 2018.8
1333800 2022.0
1333810 2022.0
1333820 2025.5
1333830 2025.5
1333840 2025.5
1333850 2021.1
1333860 2018.4
1333870 2018.4
1333880 2020.3
1333890 2026.5
1333900 2034.5
1333910 2034.5
1333920 2040.1
1333930 2041.7
1333940 2041.7
1333950 2043.4
1333960 2046.8
1333970 2046.8
1333980 2053.2
1333990 2059.8
1334000 2059.8
1334010 2065.3
1334020 2068.1
1334030 2068.1
1334040 2070.2
1334050 2073.8
1334060 2073.8
1334070 2078.1
1334080 2081.4
1334090 2075.5
1334100 2077.2
1334110 2079.3
1334120 2083.2
1334130 2083.2
1334140 2088.5
1334150 2094.7
1334160 2094.7
1334170 2102.0
1334180 2110.8
1334190 2110.8
1334200 2119.1
1334210 2127.4
1334220 2127.4
1334230 2136.5
1334240 2146.9
1334250 2146.9
1334260 2156.6
1334270 2165.3
1334280 2165.3
1334290 2174.1
1334300 2181.7
1334310 2181.7
1334320 2188.9
1334330 2196.5
1334340 2204.4
1334350 2204.4
1334360 2212.9
1334370 2221.3
1334380 2221.3
1334390 2229.7
1334400 2236.6
1334410 2236.6
1334420 2242.4
1334430 2248.1
1334440 2248.1
1334450 2254.2
1334460 2260.5
1334470 2260.5
1334480 2265.9
1334490 2271.4
1334500 2271.4
1334510 2275.8
1334520 2280.2
1334530 2280.2
1334540 2284.8
1334550 2289.2
1334560 2289.2
1334570 2293.0
1334580 2296.6
1334590 2300.0
1334600 2300.0
1334610 2302.8
1334620 2305.2
1334630 2305.2
1334640 2307.5
1334650 2309.3
1334660 2309.3
1334670 2310.5
1334680 2310.9
1334690 2310.9
1334700 2310.5
1334710 2310.0
1334720 2310.0
1334730 2309.4
1334740 2309.0
1334750 2309.0
1334760 2308.9
1334770 2308.7
1334780 2308.7
1334790 2308.3
1334800 2308.5
1334810 2308.8
1334820 2308.8
1334830 2311.0
1334840 2314.3
1334850 2314.3
1334860 2318.0
1334870 2322.7
1334880 2322.7
1334890 2326.8
1334900 2330.5
1334910 2330.5
1334920 2334.1
1334930 2338.0
1334940 2332.1
1334950 2335.1
1334960 2337.3
1334970 2337.3
1334980 2339.6
1334990 2342.5
1335000 2342.5
1335010 2345.5
1335020 2348.9
1335030 2348.9
1335040 2354.4
1335050 2360.8
1335060 2367.0
1335070 2367.0
1335080 2373.1
1335090 2377.7
1335100 2377.7
1335110 2382.3
1335120 2387.9
1335130 2387.9
1335140 2393.7
1335150 2398.8
1335160 2398.8
1335170 2404.1
1335180 2410.6
1335190 2410.6
1335200 2417.7
1335210 2424.6
1335220 2424.6
1335230 2430.6
1335240 2435.7
1335250 2435.7
1335260 2440.6
1335270 2445.3
1335280 2450.9
1335290 2450.9
1335300 2457.2
1335310 2464.6
1335320 2464.6
1335330 2471.4
1335340 2478.1
1335350 2478.1
1335360 2482.5
1335370 2486.3
1335380 2486.3
1335390 2488.9
1335400 2491.8
1335410 2491.8
1335420 2495.1
1335430 2498.8
1335440 2498.8
1335450 2502.4
1335460 2504.7
1335470 2504.7
1335480 2508.7
1335490 2513.7
1335500 2513.7
1335510 2518.2
1335520 2524.2
1335530 2530.1
1335540 2530.1
1335550 2537.5
1335560 2544.4
1335570 2544.4
1335580 2545.8
1335590 2548.7
1335600 2548.7
1335610 2555.7
1335620 2559.2
1335630 2559.2
1335640 2560.7
1335650 2566.4
1335660 2566.4
1335670 2573.9
1335680 2581.6
1335690 2581.6
1335700 2588.9
1335710 2597.2
1335720 2597.2
1335730 2604.8
1335740 2610.2
1335750 2613.7
1335760 2613.7
1335770 2616.9
1335780 2621.1
1335790 2616.9
1335800 2623.6
1335810 2630.4
1335820 2630.4
1335830 2637.3
1335840 2645.1
1335850 2645.1
1335860 2653.3
1335870 2660.2
1335880 2660.2
1335890 2666.2
1335900 2673.4
1335910 2673.4
1335920 2682.0
1335930 2691.0
1335940 2691.0
1335950 2691.3
1335960 2684.6
1335970 2684.6
1335980 2682.9
1335990 2681.7
1336000 2679.3
1336010 2679.3
1336020 2678.1
1336030 2677.4
1336040 2677.4
1336050 2676.0
1336060 2673.2
1336070 2673.2
1336080 2669.1
1336090 2665.0
1336100 2665.0
1336110 2661.3
1336120 2659.0
1336130 2659.0
1336140 2656.7
1336150 2653.6
1336160 2653.6
1336170 2651.2
1336180 2647.2
1336190 2647.2
1336200 2640.0
1336210 2633.8
1336220 2628.9
1336230 2628.9
1336240 2625.0
1336250 2619.8
1336260 2619.8
1336270 2616.6
1336280 2615.3
1336290 2615.3
1336300 2613.9
1336310 2611.8
1336320 2611.8
1336330 2611.9
1336340 2611.2
1336350 2611.2
1336360 2609.1
1336370 2605.8
1336380 2605.8
1336390 2601.3
1336400 2594.8
1336410 2594.8
1336420 2585.9
1336430 2577.0
1336440 2577.0
1336450 2571.8
1336460 2565.2
1336470 2556.3
1336480 2556.3
1336490 2543.8
1336500 2532.5
1336510 2532.5
1336520 2521.8
1336530 2513.1
1336540 2513.1
1336550 2507.5
1336560 2503.2
1336570 2503.2
1336580 2500.5
1336590 2493.3
1336600 2493.3
1336610 2487.4
1336620 2481.3
1336630 2481.3
1336640 2463.7
1336650 2451.3
1336660 2451.3
1336670 2435.8
1336680 2419.9
1336690 2409.5
1336700 2409.5
1336710 2402.9
1336720 2397.9
1336730 2397.9
1336740 2393.2
1336750 2387.5
1336760 2387.5
1336770 2381.9
1336780 2376.7
1336790 2376.7
1336800 2372.5
1336810 2369.3
1336820 2369.3
1336830 2365.7
1336840 2361.7
1336850 2361.7
1336860 2358.6
1336870 2355.3
1336880 2355.3
1336890 2352.8
1336900 2348.4
1336910 2348.4
1336920 2339.1
1336930 2331.8
1336940 2328.0
1336950 2328.0
1336960 2320.6
1336970 2311.0
1336980 2311.0
1336990 2302.2
1337000 2293.8
1337010 2293.8
1337020 2288.2
1337030 2284.4
1337040 2284.4
1337050 2281.4
1337060 2279.2
1337070 2279.2
1337080 2279.0
1337090 2280.7
1337100 2280.7
1337110 2281.0
1337120 2282.1
1337130 2282.1
1337140 2283.0
1337150 2284.5
1337160 2286.4
1337170 2286.4
1337180 2288.8
1337190 2292.4
1337200 2292.4
1337210 2297.2
1337220 2300.8
1337230 2300.8
1337240 2303.6
1337250 2306.6
1337260 2306.6
1337270 2309.6
1337280 2312.8
1337290 2312.8
1337300 2316.3
1337310 2320.3
1337320 2320.3
1337330 2324.8
1337340 2329.9
1337350 2329.9
1337360 2335.2
1337370 2339.2
1337380 2344.0
1337390 2344.0
1337400 2352.4
1337410 2362.1
1337420 2362.1
1337430 2372.6
1337440 2381.9
1337450 2381.9
1337460 2390.4
1337470 2396.1
1337480 2396.1
1337490 2400.7
1337500 2405.0
1337510 2404.3
1337520 2409.1
1337530 2414.6
1337540 2414.6
1337550 2421.2
1337560 2428.4
1337570 2428.4
1337580 2435.6
1337590 2444.2
1337600 2444.2
1337610 2460.7
1337620 2478.7
1337630 2492.1
1337640 2492.1
1337650 2502.7
1337660 2514.6
1337670 2514.6
1337680 2525.8
1337690 2535.6
1337700 2535.6
1337710 2545.8
1337720 2551.2
1337730 2551.2
1337740 2550.4
1337750 2554.9
1337760 2554.9
1337770 2563.6
1337780 2574.9
1337790 2574.9
1337800 2583.1
1337810 2589.0
1337820 2589.0
1337830 2595.6
1337840 2602.6
1337850 2610.3
1337860 2610.3
1337870 2617.1
1337880 2621.3
1337890 2621.3
1337900 2625.0
1337910 2629.1
1337920 2629.1
1337930 2633.7
1337940 2639.6
1337950 2639.6
1337960 2645.8
1337970 2652.7
1337980 2652.7
1337990 2660.9
1338000 2669.0
1338010 2669.0
1338020 2676.5
1338030 2678.7
1338040 2678.7
1338050 2671.4
1338060 2661.5
1338070 2661.5
1338080 2651.0
1338090 2642.3
1338100 2632.7
1338110 2632.7
1338120 2622.6
1338130 2612.4
1338140 2612.4
1338150 2602.2
1338160 2591.7
1338170 2591.7
1338180 2578.4
1338190 2563.4
1338200 2563.4
1338210 2547.1
1338220 2535.2
1338230 2535.2
1338240 2525.4
1338250 2515.1
1338260 2515.1
1338270 2507.2
1338280 2497.7
1338290 2497.7
1338300 2486.5
1338310 2476.9
1338320 2467.2
1338330 2467.2
1338340 2459.2
1338350 2451.7
1338360 2451.7
1338370 2443.1
1338380 2435.4
1338390 2435.4
1338400 2427.7
1338410 2420.1
1338420 2420.1
1338430 2412.2
1338440 2404.8
1338450 2404.8
1338460 2397.8
1338470 2391.0
1338480 2391.0
1338490 2384.4
1338500 2378.5
1338510 2378.5
1338520 2372.6
1338530 2366.9
1338540 2366.9
1338550 2360.9
1338560 2354.9
1338570 2348.9
1338580 2348.9
1338590 2343.2
1338600 2338.6
1338610 2338.6
1338620 2333.8
1338630 2328.9
1338640 2328.9
1338650 2324.5
1338660 2320.0
1338670 2320.0
1338680 2315.1
1338690 2309.6
1338700 2309.6
1338710 2304.1
1338720 2298.6
1338730 2298.6
1338740 2293.6
1338750 2289.1
1338760 2289.1
1338770 2284.8
1338780 2280.8
1338790 2276.5
1338800 2276.5
1338810 2272.3
1338820 2268.7
1338830 2268.7
1338840 2264.9
1338850 2261.9
1338860 2261.9
1338870 2259.4
1338880 2257.3
1338890 2257.3
1338900 2255.0
1338910 2252.4
1338920 2252.4
1338930 2249.2
1338940 2246.6
1338950 2246.6
1338960 2243.4
1338970 2238.5
1338980 2238.5
1338990 2233.7
1339000 2228.4
1339010 2228.4
1339020 2223.8
1339030 2220.7
1339040 2218.1
1339050 2218.1
1339060 2215.3
1339070 2212.2
1339080 2212.2
1339090 2206.7
1339100 2200.8
1339110 2200.8
1339120 2195.7
1339130 2190.7
1339140 2190.7
1339150 2185.3
1339160 2181.7
1339170 2181.7
1339180 2177.2
1339190 2173.1
1339200 2173.1
1339210 2169.4
1339220 2165.9
1339230 2165.9
1339240 2164.2
1339250 2162.2
1339260 2161.6
1339270 2161.6
1339280 2160.8
1339290 2158.9
1339300 2158.9
1339310 2156.1
1339320 2153.3
1339330 2153.3
1339340 2150.4
1339350 2146.4
1339360 2146.4
1339370 2141.4
1339380 2136.7
1339390 2136.7
1339400 2132.7
1339410 2129.0
1339420 2129.0
1339430 2127.7
1339440 2123.7
1339450 2123.7
1339460 2118.3
1339470 2113.1
1339480 2113.1
1339490 2108.5
1339500 2104.1
1339510 2097.6
1339520 2097.6
1339530 2090.4
1339540 2085.5
1339550 2085.5
1339560 2081.9
1339570 2076.8
1339580 2076.8
1339590 2073.3
1339600 2065.4
1339610 2065.4
1339620 2054.0
1339630 2046.1
1339640 2046.1
1339650 2034.6
1339660 2021.5
1339670 2021.5
1339680 2010.6
1339690 2003.5
1339700 2003.5
1339710 2000.7
1339720 1997.3
1339730 1995.8
1339740 1995.8
1339750 1986.5
1339760 1972.4
1339770 1972.4
1339780 1964.0
1339790 1958.1
1339800 1958.1
1339810 1953.1
1339820 1947.8
1339830 1947.8
1339840 1939.5
1339850 1932.3
1339860 1932.3
1339870 1927.3
1339880 1922.9
1339890 1922.9
1339900 1917.7
1339910 1912.9
1339920 1912.9
1339930 1909.0
1339940 1906.3
1339950 1906.3
1339960 1905.1
1339970 1905.3
1339980 1907.9
1339990 1907.9
