1320000 662.0
1320010 662.0
1320020 658.8
1320030 653.5
1320040 653.5
1320050 644.2
1320060 636.2
1320070 634.8
1320080 634.8
1320090 633.4
1320100 631.2
1320110 631.2
1320120 629.3
1320130 627.6
1320140 627.6
1320150 624.3
1320160 623.5
1320170 623.5
1320180 623.7
1320190 625.5
1320200 625.5
1320210 629.8
1320220 629.2
1320230 629.2
1320240 629.2
1320250 629.6
1320260 629.6
1320270 630.6
1320280 631.0
1320290 630.9
1320300 630.9
1320310 630.9
1320320 630.8
1320330 630.8
1320340 630.8
1320350 631.1
1320360 631.1
1320370 631.2
1320380 631.3
1320390 631.3
1320400 631.2
1320410 631.4
1320420 631.4
1320430 631.6
1320440 631.3
1320450 631.3
1320460 631.0
1320470 631.0
1320480 631.0
1320490 632.7
1320500 632.9
1320510 632.9
1320520 632.8
1320530 632.7
1320540 632.6
1320550 632.6
1320560 632.4
1320570 632.1
1320580 632.1
1320590 631.8
1320600 631.4
1320610 631.4
1320620 631.1
1320630 631.0
1320640 631.0
1320650 631.0
1320660 630.8
1320670 630.8
1320680 630.7
1320690 630.9
1320700 630.9
1320710 631.0
1320720 630.8
1320730 630.8
1320740 630.1
1320750 631.0
1320760 631.0
1320770 631.6
1320780 631.6
1320790 631.0
1320800 631.0
1320810 629.7
1320820 629.4
1320830 629.4
1320840 629.8
1320850 630.5
1320860 630.5
1320870 631.2
1320880 631.6
1320890 631.6
1320900 631.9
1320910 632.6
1320920 632.6
1320930 632.6
1320940 631.9
1320950 631.9
1320960 631.7
1320970 632.0
1320980 632.0
1320990 632.7
1321000 632.7
1321010 631.4
1321020 631.4
1321030 631.0
1321040 631.2
1321050 631.2
1321060 631.3
1321070 631.3
1321080 631.3
1321090 631.3
1321100 632.1
1321110 632.1
1321120 632.1
1321130 631.9
1321140 631.9
1321150 631.1
1321160 631.3
1321170 631.3
1321180 631.9
1321190 632.7
1321200 632.7
1321210 632.6
1321220 632.4
1321230 632.4
1321240 632.5
1321250 632.7
1321260 632.6
1321270 632.5
1321280 632.0
1321290 631.8
1321300 631.8
1321310 631.7
1321320 631.6
1321330 631.6
1321340 631.6
1321350 631.4
1321360 631.4
1321370 631.1
1321380 630.9
1321390 630.9
1321400 630.6
1321410 630.8
1321420 630.8
1321430 631.0
1321440 631.0
1321450 631.0
1321460 631.1
1321470 631.2
1321480 631.4
1321490 631.4
1321500 631.6
1321510 632.2
1321520 632.2
1321530 632.5
1321540 635.3
1321550 635.3
1321560 642.1
1321570 650.4
1321580 650.4
1321590 658.9
1321600 667.2
1321610 667.2
1321620 675.1
1321630 681.8
1321640 681.8
1321650 688.5
1321660 695.0
1321670 695.0
1321680 701.6
1321690 708.3
1321700 708.3
1321710 715.0
1321720 721.8
1321730 728.2
1321740 728.2
1321750 734.8
1321760 741.2
1321770 741.2
1321780 747.6
1321790 754.2
1321800 754.2
1321810 761.1
1321820 767.8
1321830 767.8
1321840 774.6
1321850 781.5
1321860 781.5
1321870 788.6
1321880 796.3
1321890 796.3
1321900 804.8
1321910 813.7
1321920 813.7
1321930 823.9
1321940 835.6
1321950 845.8
1321960 845.8
1321970 853.3
1321980 860.1
1321990 860.1
1322000 867.2
1322010 874.2
1322020 874.2
1322030 880.6
1322040 887.1
1322050 892.3
1322060 900.4
1322070 912.5
1322080 912.5
1322090 920.5
1322100 926.1
1322110 926.1
1322120 932.3
1322130 939.4
1322140 939.4
1322150 947.2
1322160 955.3
1322170 955.3
1322180 963.8
1322190 971.3
1322200 979.0
1322210 979.0
1322220 986.7
1322230 994.2
1322240 994.2
1322250 1002.3
1322260 1010.9
1322270 1010.9
1322280 1020.1
1322290 1029.1
1322300 1029.1
1322310 1037.3
1322320 1045.5
1322330 1045.5
1322340 1053.6
1322350 1061.6
1322360 1061.6
1322370 1070.1
1322380 1078.4
1322390 1078.4
1322400 1087.1
1322410 1096.0
1322420 1105.0
1322430 1105.0
1322440 1113.7
1322450 1122.8
1322460 1122.8
1322470 1133.0
1322480 1142.3
1322490 1142.3
1322500 1152.3
1322510 1163.8
1322520 1163.8
1322530 1173.9
1322540 1181.8
1322550 1181.8
1322560 1189.2
1322570 1197.0
1322580 1197.0
1322590 1203.7
1322600 1210.9
1322610 1210.9
1322620 1220.2
1322630 1225.6
1322640 1225.6
1322650 1229.1
1322660 1235.0
1322670 1239.3
1322680 1239.3
1322690 1243.6
1322700 1248.1
1322710 1248.1
1322720 1251.4
1322730 1254.2
1322740 1254.2
1322750 1259.4
1322760 1263.6
1322770 1263.6
1322780 1266.4
1322790 1268.7
1322800 1268.7
1322810 1270.4
1322820 1272.1
1322830 1272.1
1322840 1274.5
1322850 1275.9
1322860 1275.9
1322870 1277.4
1322880 1278.7
1322890 1278.7
1322900 1280.2
1322910 1281.3
1322920 1282.2
1322930 1282.2
1322940 1283.2
1322950 1283.9
1322960 1283.9
1322970 1283.7
1322980 1283.7
1322990 1283.7
1323000 1283.6
1323010 1283.7
1323020 1283.7
1323030 1283.5
1323040 1283.0
1323050 1283.0
1323060 1282.5
1323070 1282.0
1323080 1282.0
1323090 1281.2
1323100 1280.5
1323110 1280.5
1323120 1280.2
1323130 1279.5
1323140 1278.5
1323150 1278.5
1323160 1277.1
1323170 1275.0
1323180 1275.0
1323190 1273.2
1323200 1271.5
1323210 1271.5
1323220 1270.3
1323230 1269.7
1323240 1269.7
1323250 1269.0
1323260 1268.4
1323270 1268.4
1323280 1268.0
1323290 1267.7
1323300 1267.7
1323310 1267.7
1323320 1268.1
1323330 1268.1
1323340 1268.7
1323350 1269.1
1323360 1269.1
1323370 1269.3
1323380 1269.1
1323390 1269.5
1323400 1269.5
1323410 1270.1
1323420 1271.2
1323430 1271.2
1323440 1271.5
1323450 1272.0
1323460 1272.0
1323470 1272.0
1323480 1271.1
1323490 1271.1
1323500 1269.4
1323510 1267.7
1323520 1267.7
1323530 1266.4
1323540 1265.1
1323550 1265.1
1323560 1263.7
1323570 1262.5
1323580 1262.5
1323590 1261.2
1323600 1259.8
1323610 1258.6
1323620 1258.6
1323630 1250.5
1323640 1249.5
1323650 1249.5
1323660 1247.9
1323670 1247.0
1323680 1247.0
1323690 1246.0
1323700 1245.5
1323710 1245.5
1323720 1244.9
1323730 1243.7
1323740 1243.7
1323750 1242.5
1323760 1240.7
1323770 1240.7
1323780 1239.0
1323790 1237.9
1323800 1237.9
1323810 1237.2
1323820 1236.5
1323830 1236.5
1323840 1235.8
1323850 1234.6
1323860 1234.2
1323870 1234.2
1323880 1232.5
1323890 1230.0
1323900 1230.0
1323910 1228.8
1323920 1228.2
1323930 1228.2
1323940 1228.2
1323950 1227.6
1323960 1227.6
1323970 1225.2
1323980 1222.5
1323990 1222.5
1324000 1219.4
1324010 1216.0
1324020 1216.0
1324030 1214.4
1324040 1213.2
1324050 1213.2
1324060 1212.1
1324070 1211.2
1324080 1210.4
1324090 1210.4
1324100 1209.8
1324110 1209.1
1324120 1209.1
1324130 1207.9
1324140 1206.5
1324150 1206.5
1324160 1205.4
1324170 1204.1
1324180 1204.1
1324190 1202.0
1324200 1199.8
1324210 1199.8
1324220 1197.2
1324230 1194.1
1324240 1194.1
1324250 1191.6
1324260 1188.9
1324270 1188.9
1324280 1186.8
1324290 1184.4
1324300 1184.4
1324310 1182.0
1324320 1180.9
1324330 1179.4
1324340 1179.4
1324350 1176.6
1324360 1173.7
1324370 1173.7
1324380 1171.3
1324390 1168.8
1324400 1168.8
1324410 1166.0
1324420 1156.6
1324430 1156.6
1324440 1154.5
1324450 1153.1
1324460 1153.1
1324470 1152.1
1324480 1150.3
1324490 1150.3
1324500 1147.9
1324510 1145.0
1324520 1145.0
1324530 1143.0
1324540 1141.7
1324550 1141.7
1324560 1141.0
1324570 1139.8
1324580 1138.1
1324590 1138.1
1324600 1136.5
1324610 1135.2
1324620 1135.2
1324630 1133.8
1324640 1132.3
1324650 1132.3
1324660 1131.0
1324670 1129.3
1324680 1129.3
1324690 1127.1
1324700 1125.3
1324710 1125.3
1324720 1123.6
1324730 1121.7
1324740 1121.7
1324750 1119.6
1324760 1117.0
1324770 1117.0
1324780 1114.6
1324790 1112.2
1324800 1109.9
1324810 1109.9
1324820 1107.7
1324830 1105.6
1324840 1105.6
1324850 1103.8
1324860 1102.3
1324870 1102.3
1324880 1101.0
1324890 1099.8
1324900 1099.8
1324910 1099.0
1324920 1098.6
1324930 1098.6
1324940 1098.3
1324950 1097.9
1324960 1097.9
1324970 1097.7
1324980 1097.0
1324990 1097.0
1325000 1095.0
1325010 1093.2
1325020 1093.2
1325030 1091.4
1325040 1090.2
1325050 1089.4
1325060 1089.4
1325070 1087.0
1325080 1083.5
1325090 1083.5
1325100 1080.1
1325110 1077.7
1325120 1077.7
1325130 1076.8
1325140 1076.2
1325150 1076.2
1325160 1074.4
1325170 1071.6
1325180 1071.6
1325190 1067.4
1325200 1064.2
1325210 1060.7
1325220 1058.7
1325230 1056.9
1325240 1056.9
1325250 1054.8
1325260 1052.8
1325270 1051.7
1325280 1051.7
1325290 1050.9
1325300 1050.8
1325310 1050.8
1325320 1050.6
1325330 1050.3
1325340 1050.3
1325350 1050.3
1325360 1049.9
1325370 1049.9
1325380 1049.2
1325390 1047.8
1325400 1047.8
1325410 1047.4
1325420 1047.0
1325430 1047.0
1325440 1046.4
1325450 1045.2
1325460 1045.2
1325470 1043.6
1325480 1042.0
1325490 1042.0
1325500 1040.7
1325510 1040.2
1325520 1040.3
1325530 1040.3
1325540 1041.5
1325550 1042.9
1325560 1042.9
1325570 1044.5
1325580 1046.3
1325590 1046.3
1325600 1048.5
1325610 1050.8
1325620 1050.8
1325630 1052.6
1325640 1053.8
1325650 1053.8
1325660 1054.1
1325670 1054.3
1325680 1054.3
1325690 1054.7
1325700 1055.8
1325710 1055.8
1325720 1055.5
1325730 1055.0
1325740 1055.8
1325750 1055.8
1325760 1057.5
1325770 1058.1
1325780 1058.1
1325790 1057.4
1325800 1055.2
1325810 1055.2
1325820 1052.3
1325830 1046.8
1325840 1046.8
1325850 1040.5
1325860 1040.9
1325870 1040.9
1325880 1050.0
1325890 1060.7
1325900 1060.7
1325910 1063.7
1325920 1063.8
1325930 1063.8
1325940 1068.2
1325950 1075.4
1325960 1075.4
1325970 1075.1
1325980 1075.3
1325990 1073.1
1326000 1073.1
1326010 1064.6
1326020 1069.4
1326030 1069.4
1326040 1081.4
1326050 1089.0
1326060 1089.0
1326070 1093.5
1326080 1095.7
1326090 1095.7
1326100 1100.4
1326110 1113.2
1326120 1113.2
1326130 1123.5
1326140 1125.2
1326150 1125.2
1326160 1123.8
1326170 1123.1
1326180 1123.1
1326190 1123.6
1326200 1123.5
1326210 1122.9
1326220 1122.9
1326230 1122.8
1326240 1123.5
1326250 1123.5
1326260 1123.4
1326270 1121.9
1326280 1121.9
1326290 1120.6
1326300 1120.9
1326310 1120.9
1326320 1121.1
1326330 1121.8
1326340 1121.8
1326350 1123.5
1326360 1125.1
1326370 1125.1
1326380 1124.4
1326390 1122.7
1326400 1122.7
1326410 1126.3
1326420 1130.2
1326430 1130.2
1326440 1132.6
1326450 1134.7
1326460 1137.5
1326470 1137.5
1326480 1140.3
1326490 1140.5
1326500 1140.5
1326510 1143.1
1326520 1146.5
1326530 1146.5
1326540 1149.4
1326550 1151.9
1326560 1151.9
1326570 1156.0
1326580 1161.0
1326590 1161.0
1326600 1164.7
1326610 1168.5
1326620 1168.5
1326630 1173.7
1326640 1179.8
1326650 1179.8
1326660 1183.5
1326670 1185.6
1326680 1185.6
1326690 1187.6
1326700 1190.8
1326710 1194.9
1326720 1194.9
1326730 1198.1
1326740 1200.4
1326750 1200.4
1326760 1202.5
1326770 1204.1
1326780 1204.1
1326790 1205.2
1326800 1205.6
1326810 1205.6
1326820 1201.9
1326830 1202.2
1326840 1202.2
1326850 1203.3
1326860 1204.4
1326870 1204.4
1326880 1206.3
1326890 1207.6
1326900 1207.6
1326910 1208.9
1326920 1210.9
1326930 1212.7
1326940 1212.7
1326950 1214.4
1326960 1215.9
1326970 1215.9
1326980 1217.6
1326990 1219.5
1327000 1219.5
1327010 1219.4
1327020 1221.2
1327030 1221.2
1327040 1222.4
1327050 1224.3
1327060 1224.3
1327070 1226.0
1327080 1227.2
1327090 1227.2
1327100 1228.1
1327110 1230.0
1327120 1230.0
1327130 1231.7
1327140 1234.1
1327150 1234.1
1327160 1236.5
1327170 1238.9
1327180 1241.5
1327190 1241.5
1327200 1244.3
1327210 1247.2
1327220 1247.2
1327230 1250.2
1327240 1253.4
1327250 1253.4
1327260 1256.0
1327270 1256.5
1327280 1256.5
1327290 1256.4
1327300 1258.5
1327310 1258.5
1327320 1262.8
1327330 1268.8
1327340 1268.8
1327350 1275.7
1327360 1281.6
1327370 1281.6
1327380 1286.1
1327390 1289.9
1327400 1292.0
1327410 1292.0
1327420 1293.7
1327430 1296.4
1327440 1296.4
1327450 1299.9
1327460 1303.4
1327470 1303.4
1327480 1307.6
1327490 1312.7
1327500 1312.7
1327510 1317.4
1327520 1320.7
1327530 1320.7
1327540 1323.5
1327550 1325.1
1327560 1325.1
1327570 1325.3
1327580 1323.6
1327590 1323.6
1327600 1321.7
1327610 1322.0
1327620 1311.9
1327630 1317.4
1327640 1323.3
1327650 1328.6
1327660 1328.6
1327670 1334.8
1327680 1343.7
1327690 1343.7
1327700 1350.9
1327710 1355.6
1327720 1355.6
1327730 1359.4
1327740 1363.3
1327750 1363.3
1327760 1367.7
1327770 1371.9
1327780 1371.9
1327790 1375.0
1327800 1378.0
1327810 1378.0
1327820 1383.3
1327830 1388.1
1327840 1388.1
1327850 1392.9
1327860 1397.7
1327870 1403.5
1327880 1403.5
1327890 1410.5
1327900 1417.0
1327910 1417.0
1327920 1422.6
1327930 1427.9
1327940 1427.9
1327950 1433.1
1327960 1437.6
1327970 1437.6
1327980 1441.7
1327990 1445.8
1328000 1445.8
1328010 1450.0
1328020 1452.9
1328030 1452.9
1328040 1454.4
1328050 1453.2
1328060 1453.2
1328070 1455.9
1328080 1458.9
1328090 1458.9
1328100 1461.2
1328110 1464.1
1328120 1466.9
1328130 1466.9
1328140 1469.1
1328150 1470.6
1328160 1470.6
1328170 1472.7
1328180 1475.8
1328190 1475.8
1328200 1478.1
1328210 1479.0
1328220 1479.0
1328230 1478.8
1328240 1480.4
1328250 1480.4
1328260 1483.5
1328270 1488.3
1328280 1488.3
1328290 1491.9
1328300 1495.0
1328310 1495.0
1328320 1498.0
1328330 1499.2
1328340 1499.7
1328350 1499.7
1328360 1502.2
1328370 1504.4
1328380 1504.4
1328390 1506.5
1328400 1508.7
1328410 1508.7
1328420 1511.1
1328430 1512.6
1328440 1508.7
1328450 1513.3
1328460 1518.0
1328470 1518.0
1328480 1521.5
1328490 1525.3
1328500 1525.3
1328510 1529.5
1328520 1533.2
1328530 1533.2
1328540 1536.6
1328550 1539.3
1328560 1539.3
1328570 1540.9
1328580 1541.8
1328590 1541.8
1328600 1541.8
1328610 1542.1
1328620 1543.1
1328630 1543.1
1328640 1544.2
1328650 1544.9
1328660 1544.9
1328670 1544.5
1328680 1544.8
1328690 1544.8
1328700 1546.0
1328710 1548.1
1328720 1548.1
1328730 1550.9
1328740 1555.3
1328750 1555.3
1328760 1558.9
1328770 1561.4
1328780 1561.4
1328790 1562.7
1328800 1562.8
1328810 1562.8
1328820 1562.6
1328830 1562.7
1328840 1562.6
1328850 1562.6
1328860 1563.6
1328870 1564.0
1328880 1564.0
1328890 1559.5
1328900 1563.7
1328910 1563.7
1328920 1572.3
1328930 1578.4
1328940 1578.4
1328950 1582.4
1328960 1586.3
1328970 1586.3
1328980 1590.5
1328990 1594.8
1329000 1594.8
1329010 1598.8
1329020 1602.4
1329030 1602.4
1329040 1605.0
1329050 1606.1
1329060 1608.5
1329070 1608.5
1329080 1613.4
1329090 1620.6
1329100 1620.6
1329110 1628.6
1329120 1634.8
1329130 1634.8
1329140 1635.7
1329150 1637.0
1329160 1637.0
1329170 1640.7
1329180 1645.9
1329190 1645.9
1329200 1652.5
1329210 1658.7
1329220 1658.7
1329230 1664.1
1329240 1669.0
1329250 1658.8
1329260 1662.9
1329270 1659.8
1329280 1659.8
1329290 1653.5
1329300 1649.3
1329310 1644.4
1329320 1644.4
1329330 1642.3
1329340 1647.1
1329350 1647.1
1329360 1648.5
1329370 1646.5
1329380 1646.5
1329390 1646.6
1329400 1647.2
1329410 1647.2
1329420 1647.1
1329430 1650.7
1329440 1650.7
1329450 1660.4
1329460 1669.6
1329470 1669.6
1329480 1678.1
1329490 1687.5
1329500 1687.5
1329510 1696.6
1329520 1705.6
1329530 1714.5
1329540 1714.5
1329550 1724.2
1329560 1736.3
1329570 1736.3
1329580 1744.4
1329590 1753.5
1329600 1753.5
1329610 1762.6
1329620 1773.4
1329630 1773.4
1329640 1783.1
1329650 1787.3
1329660 1787.3
1329670 1788.4
1329680 1793.1
1329690 1793.1
1329700 1799.8
1329710 1804.8
1329720 1804.8
1329730 1804.7
1329740 1805.8
1329750 1805.8
1329760 1810.1
1329770 1814.1
1329780 1818.0
1329790 1818.0
1329800 1823.9
1329810 1827.9
1329820 1827.9
1329830 1829.8
1329840 1830.8
1329850 1830.8
1329860 1829.3
1329870 1829.5
1329880 1829.5
1329890 1834.5
1329900 1842.6
1329910 1842.6
1329920 1855.2
1329930 1863.2
1329940 1863.2
1329950 1859.1
1329960 1860.9
1329970 1860.9
1329980 1866.4
1329990 1874.4
1330000 1883.6
1330010 1883.6
1330020 1889.7
1330030 1894.5
1330040 1894.5
1330050 1899.4
1330060 1905.2
1330070 1905.2
1330080 1918.4
1330090 1931.5
1330100 1931.5
1330110 1943.3
1330120 1953.5
1330130 1953.5
1330140 1964.8
1330150 1974.7
1330160 1974.7
1330170 1984.8
1330180 1995.9
1330190 1995.9
1330200 2006.4
1330210 2016.1
1330220 2016.1
1330230 2025.8
1330240 2036.0
1330250 2045.6
1330260 2045.6
1330270 2055.2
1330280 2063.6
1330290 2063.6
1330300 2072.9
1330310 2080.6
1330320 2080.6
1330330 2085.9
1330340 2089.8
1330350 2089.8
1330360 2090.0
1330370 2094.8
1330380 2094.8
1330390 2102.5
1330400 2109.6
1330410 2109.6
1330420 2114.0
1330430 2116.3
1330440 2116.3
1330450 2116.4
1330460 2114.0
1330470 2112.8
1330480 2112.8
1330490 2115.7
1330500 2117.1
1330510 2117.1
1330520 2124.8
1330530 2135.6
1330540 2135.6
1330550 2146.2
1330560 2156.6
1330570 2156.6
1330580 2162.4
1330590 2164.0
1330600 2164.0
1330610 2166.9
1330620 2171.0
1330630 2171.0
1330640 2173.5
1330650 2175.5
1330660 2175.5
1330670 2176.2
1330680 2178.0
1330690 2178.0
1330700 2180.8
1330710 2184.8
1330720 2188.5
1330730 2188.5
1330740 2190.4
1330750 2191.5
1330760 2191.5
1330770 2195.4
1330780 2201.3
1330790 2201.3
1330800 2208.0
1330810 2213.8
1330820 2213.8
1330830 2218.7
1330840 2222.2
1330850 2222.2
1330860 2224.8
1330870 2227.1
1330880 2227.1
1330890 2228.8
1330900 2222.7
1330910 2222.7
1330920 2224.0
1330930 2224.3
1330940 2224.3
1330950 2223.4
1330960 2222.7
1330970 2222.5
1330980 2222.5
1330990 2222.4
1331000 2222.8
1331010 2222.8
1331020 2222.4
1331030 2223.0
1331040 2223.0
1331050 2225.0
1331060 2227.8
1331070 2227.8
1331080 2231.5
1331090 2236.3
1331100 2236.3
1331110 2241.1
1331120 2243.8
1331130 2243.8
1331140 2245.5
1331150 2247.0
1331160 2247.0
1331170 2248.3
1331180 2250.2
1331190 2252.6
1331200 2252.6
1331210 2255.5
1331220 2257.7
1331230 2257.7
1331240 2259.3
1331250 2262.5
1331260 2262.5
1331270 2267.6
1331280 2274.0
1331290 2274.0
1331300 2280.9
1331310 2288.1
1331320 2288.1
1331330 2295.3
1331340 2301.8
1331350 2301.8
1331360 2308.2
1331370 2315.7
1331380 2315.7
1331390 2323.9
1331400 2332.9
1331410 2332.9
1331420 2342.5
1331430 2350.9
1331440 2359.0
1331450 2359.0
1331460 2366.3
1331470 2373.6
1331480 2373.6
1331490 2381.0
1331500 2388.6
1331510 2388.6
1331520 2396.1
1331530 2403.3
1331540 2403.3
1331550 2408.7
1331560 2413.3
1331570 2413.3
1331580 2415.7
1331590 2409.7
1331600 2409.7
1331610 2398.6
1331620 2388.9
1331630 2388.9
1331640 2381.8
1331650 2374.7
1331660 2366.4
1331670 2366.4
1331680 2359.5
1331690 2353.6
1331700 2353.6
1331710 2346.5
1331720 2335.4
1331730 2335.4
1331740 2330.9
1331750 2327.0
1331760 2327.0
1331770 2320.8
1331780 2318.6
1331790 2318.6
1331800 2318.3
1331810 2319.2
1331820 2319.2
1331830 2320.4
1331840 2322.3
1331850 2322.3
1331860 2324.4
1331870 2326.3
1331880 2326.3
1331890 2327.9
1331900 2329.0
1331910 2330.1
1331920 2330.1
1331930 2331.4
1331940 2333.7
1331950 2333.7
1331960 2336.5
1331970 2339.3
1331980 2339.3
1331990 2341.8
1332000 2343.9
1332010 2343.9
1332020 2345.4
1332030 2346.2
1332040 2346.2
1332050 2347.2
1332060 2348.1
1332070 2348.1
1332080 2348.8
1332090 2349.4
1332100 2349.4
1332110 2349.7
1332120 2350.5
1332130 2351.1
1332140 2351.1
1332150 2350.9
1332160 2351.1
1332170 2351.1
1332180 2352.2
1332190 2353.6
1332200 2353.6
1332210 2355.1
1332220 2357.7
1332230 2357.7
1332240 2360.8
1332250 2364.2
1332260 2364.2
1332270 2367.6
1332280 2371.0
1332290 2371.0
1332300 2374.9
1332310 2379.6
1332320 2379.6
1332330 2385.4
1332340 2394.2
1332350 2394.2
1332360 2403.2
1332370 2416.4
1332380 2428.4
1332390 2428.4
1332400 2441.9
1332410 2450.9
1332420 2450.9
1332430 2454.2
1332440 2454.8
1332450 2454.8
1332460 2459.4
1332470 2464.0
1332480 2464.0
1332490 2466.4
1332500 2467.0
1332510 2467.0
1332520 2473.3
1332530 2481.3
1332540 2481.3
1332550 2485.8
1332560 2475.9
1332570 2475.9
1332580 2480.0
1332590 2486.3
1332600 2493.7
1332610 2493.7
1332620 2500.9
1332630 2507.6
1332640 2507.6
1332650 2513.8
1332660 2519.2
1332670 2519.2
1332680 2529.3
1332690 2538.8
1332700 2538.8
1332710 2546.9
1332720 2554.4
1332730 2554.4
1332740 2559.8
1332750 2569.6
1332760 2569.6
1332770 2581.2
1332780 2590.6
1332790 2590.6
1332800 2596.6
1332810 2600.7
1332820 2600.7
1332830 2605.0
1332840 2608.2
1332850 2608.9
1332860 2608.9
1332870 2605.2
1332880 2594.2
1332890 2594.2
1332900 2582.6
1332910 2571.6
1332920 2571.6
1332930 2562.9
1332940 2551.5
1332950 2551.5
1332960 2540.3
1332970 2533.0
1332980 2533.0
1332990 2527.9
1333000 2525.7
1333010 2525.7
1333020 2525.1
1333030 2523.1
1333040 2523.1
1333050 2520.6
1333060 2518.3
1333070 2518.3
1333080 2516.4
1333090 2513.9
1333100 2512.3
1333110 2512.3
1333120 2510.6
1333130 2509.4
1333140 2509.4
1333150 2509.3
1333160 2509.9
1333170 2509.9
1333180 2508.2
1333190 2506.7
1333200 2506.7
1333210 2505.3
1333220 2503.7
1333230 2503.7
1333240 2502.6
1333250 2502.1
1333260 2502.1
1333270 2502.3
1333280 2502.3
1333290 2502.3
1333300 2502.7
1333310 2505.5
1333320 2510.9
1333330 2510.9
1333340 2515.1
1333350 2516.6
1333360 2516.6
1333370 2516.3
1333380 2516.1
1333390 2516.1
1333400 2520.6
1333410 2518.5
1333420 2518.5
1333430 2514.7
1333440 2508.1
1333450 2508.1
1333460 2502.7
1333470 2501.2
1333480 2501.2
1333490 2502.5
1333500 2500.9
1333510 2500.9
1333520 2500.6
1333530 2500.6
1333540 2500.6
1333550 2500.0
1333560 2499.2
1333570 2500.0
1333580 2500.0
1333590 2498.8
1333600 2496.0
1333610 2496.0
1333620 2494.6
1333630 2493.6
1333640 2493.6
1333650 2493.4
1333660 2492.9
1333670 2492.9
1333680 2492.1
1333690 2491.3
1333700 2491.3
1333710 2489.6
1333720 2487.0
1333730 2487.0
1333740 2485.2
1333750 2484.1
1333760 2484.1
1333770 2481.9
1333780 2479.6
1333790 2478.6
1333800 2478.6
1333810 2477.0
1333820 2476.4
1333830 2476.4
1333840 2476.3
1333850 2477.1
1333860 2477.1
1333870 2479.2
1333880 2482.6
1333890 2482.6
1333900 2486.5
1333910 2487.5
1333920 2487.5
1333930 2489.3
1333940 2491.6
1333950 2491.6
1333960 2493.1
1333970 2495.3
1333980 2495.3
1333990 2496.4
1334000 2495.3
1334010 2495.3
1334020 2497.4
1334030 2497.7
1334040 2497.8
1334050 2497.8
1334060 2500.1
1334070 2503.6
1334080 2503.6
1334090 2508.9
1334100 2516.9
1334110 2516.9
1334120 2530.3
1334130 2542.0
1334140 2542.0
1334150 2555.2
1334160 2553.0
1334170 2553.0
1334180 2544.3
1334190 2537.8
1334200 2537.8
1334210 2532.1
1334220 2527.1
1334230 2527.1
1334240 2529.8
1334250 2525.0
1334260 2519.7
1334270 2519.7
1334280 2514.5
1334290 2496.8
1334300 2496.8
1334310 2476.8
1334320 2461.1
1334330 2461.1
1334340 2453.2
1334350 2446.5
1334360 2446.5
1334370 2438.3
1334380 2431.1
1334390 2431.1
1334400 2422.4
1334410 2412.4
1334420 2412.4
1334430 2404.7
1334440 2398.5
1334450 2398.5
1334460 2393.9
1334470 2390.6
1334480 2390.6
1334490 2388.1
1334500 2385.7
1334510 2382.8
1334520 2382.8
1334530 2380.9
1334540 2380.5
1334550 2380.5
1334560 2380.3
1334570 2380.8
1334580 2380.8
1334590 2381.5
1334600 2381.6
1334610 2381.6
1334620 2381.6
1334630 2383.1
1334640 2383.1
1334650 2383.6
1334660 2383.0
1334670 2383.0
1334680 2382.7
1334690 2384.3
1334700 2384.3
1334710 2385.7
1334720 2386.9
1334730 2388.1
1334740 2388.1
1334750 2388.2
1334760 2385.3
1334770 2385.3
1334780 2381.4
1334790 2377.9
1334800 2377.9
1334810 2374.2
1334820 2370.2
1334830 2370.2
1334840 2365.0
1334850 2359.6
1334860 2359.6
1334870 2354.4
1334880 2350.7
1334890 2350.7
1334900 2345.8
1334910 2340.2
1334920 2340.2
1334930 2333.5
1334940 2328.9
1334950 2328.9
1334960 2326.6
1334970 2323.8
1334980 2320.0
1334990 2320.0
1335000 2315.4
1335010 2312.5
1335020 2312.5
1335030 2311.1
1335040 2310.3
1335050 2310.3
1335060 2309.1
1335070 2307.0
1335080 2307.0
1335090 2312.0
1335100 2312.2
1335110 2312.2
1335120 2312.8
1335130 2312.7
1335140 2312.7
1335150 2311.4
1335160 2308.8
1335170 2308.8
1335180 2303.5
1335190 2293.6
1335200 2293.6
1335210 2282.9
1335220 2274.8
1335230 2268.2
1335240 2268.2
1335250 2263.6
1335260 2260.0
1335270 2260.0
1335280 2257.5
1335290 2257.2
1335300 2257.2
1335310 2258.0
1335320 2257.4
1335330 2257.4
1335340 2256.7
1335350 2257.6
1335360 2257.6
1335370 2257.3
1335380 2256.9
1335390 2256.9
1335400 2257.5
1335410 2257.9
1335420 2257.9
1335430 2258.8
1335440 2259.2
1335450 2258.7
1335460 2258.7
1335470 2258.4
1335480 2259.6
1335490 2259.6
1335500 2261.7
1335510 2265.5
1335520 2265.5
1335530 2271.7
1335540 2285.5
1335550 2285.5
1335560 2297.8
1335570 2304.0
1335580 2304.0
1335590 2307.7
1335600 2303.4
1335610 2303.4
1335620 2292.9
1335630 2282.2
1335640 2282.2
1335650 2272.0
1335660 2260.5
1335670 2260.5
1335680 2247.2
1335690 2234.7
1335700 2224.2
1335710 2224.2
1335720 2209.3
1335730 2198.9
1335740 2198.9
1335750 2190.9
1335760 2183.3
1335770 2183.3
1335780 2175.4
1335790 2168.2
1335800 2168.2
1335810 2161.7
1335820 2155.8
1335830 2155.8
1335840 2149.5
1335850 2143.7
1335860 2143.7
1335870 2138.5
1335880 2131.6
1335890 2131.6
1335900 2124.1
1335910 2117.0
1335920 2109.7
1335930 2109.7
1335940 2105.9
1335950 2098.7
1335960 2098.7
1335970 2091.7
1335980 2085.1
1335990 2085.1
1336000 2079.6
1336010 2074.0
1336020 2074.0
1336030 2068.6
1336040 2063.3
1336050 2063.3
1336060 2057.6
1336070 2051.9
1336080 2051.9
1336090 2046.7
1336100 2041.3
1336110 2041.3
1336120 2035.6
1336130 2030.0
1336140 2030.0
1336150 2025.5
1336160 2021.0
1336170 2016.0
1336180 2016.0
1336190 2011.6
1336200 2007.9
1336210 2007.9
1336220 2004.3
1336230 2000.6
1336240 2000.6
1336250 1996.8
1336260 1992.6
1336270 1992.6
1336280 1987.9
1336290 1982.7
1336300 1982.7
1336310 1977.1
1336320 1971.6
1336330 1971.6
1336340 1965.9
1336350 1956.6
1336360 1956.6
1336370 1946.9
1336380 1938.1
1336390 1933.0
1336400 1933.0
1336410 1929.3
1336420 1925.8
1336430 1925.8
1336440 1921.7
1336450 1916.1
1336460 1916.1
1336470 1911.9
1336480 1909.0
1336490 1909.0
1336500 1903.7
1336510 1898.1
1336520 1898.1
1336530 1894.1
1336540 1892.8
1336550 1892.8
1336560 1892.2
1336570 1889.5
1336580 1889.5
1336590 1887.7
1336600 1887.7
1336610 1887.7
1336620 1887.9
1336630 1887.9
1336640 1887.3
1336650 1887.3
1336660 1888.3
1336670 1890.0
1336680 1890.0
1336690 1889.1
1336700 1889.4
1336710 1889.4
1336720 1892.4
1336730 1896.4
1336740 1896.4
1336750 1900.5
1336760 1905.1
1336770 1905.1
1336780 1910.0
1336790 1915.4
1336800 1915.5
1336810 1921.1
1336820 1926.8
1336830 1926.8
1336840 1933.1
1336850 1940.1
1336860 1948.2
1336870 1948.2
1336880 1962.9
1336890 1979.9
1336900 1979.9
1336910 1987.4
1336920 1993.1
1336930 1993.1
1336940 1999.2
1336950 2008.4
1336960 2008.4
1336970 2018.1
1336980 2026.4
1336990 2026.4
1337000 2033.9
1337010 2041.3
1337020 2041.3
1337030 2050.1
1337040 2063.0
1337050 2063.0
1337060 2074.5
1337070 2081.8
1337080 2081.8
1337090 2091.0
1337100 2100.4
1337110 2109.2
1337120 2109.2
1337130 2118.1
1337140 2128.5
1337150 2128.5
1337160 2139.5
1337170 2149.2
1337180 2149.2
1337190 2158.2
1337200 2166.9
1337210 2166.9
1337220 2175.9
1337230 2184.8
1337240 2184.8
1337250 2193.9
1337260 2202.5
1337270 2202.5
1337280 2211.4
1337290 2220.9
1337300 2220.9
1337310 2230.5
1337320 2240.0
1337330 2240.0
1337340 2248.5
1337350 2257.2
1337360 2266.5
1337370 2266.5
1337380 2275.8
1337390 2285.3
1337400 2285.3
1337410 2295.0
1337420 2303.9
1337430 2303.9
1337440 2311.6
1337450 2317.5
1337460 2317.5
1337470 2322.4
1337480 2327.5
1337490 2327.5
1337500 2332.9
1337510 2339.6
1337520 2339.6
1337530 2347.7
1337540 2356.3
1337550 2356.3
1337560 2365.2
1337570 2374.1
1337580 2383.0
1337590 2383.0
1337600 2392.0
1337610 2401.5
1337620 2401.5
1337630 2411.7
1337640 2425.0
1337650 2425.0
1337660 2436.0
1337670 2431.0
1337680 2431.0
1337690 2418.9
1337700 2407.2
1337710 2407.2
1337720 2397.7
1337730 2388.2
1337740 2388.2
1337750 2379.2
1337760 2370.3
1337770 2370.3
1337780 2361.4
1337790 2352.6
1337800 2352.6
1337810 2343.4
1337820 2334.3
1337830 2325.4
1337840 2325.4
1337850 2316.7
1337860 2308.4
1337870 2308.4
1337880 2300.3
1337890 2292.6
1337900 2292.6
1337910 2284.7
1337920 2276.5
1337930 2276.5
1337940 2266.8
1337950 2254.6
1337960 2254.6
1337970 2235.8
1337980 2214.7
1337990 2214.7
1338000 2192.5
1338010 2178.3
1338020 2178.3
1338030 2160.5
1338040 2147.7
1338050 2137.8
1338060 2137.8
1338070 2129.6
1338080 2121.9
1338090 2121.9
1338100 2113.3
1338110 2101.2
1338120 2101.2
1338130 2092.8
1338140 2084.3
1338150 2084.3
1338160 2077.8
1338170 2072.6
1338180 2072.6
1338190 2071.0
1338200 2068.2
1338210 2068.2
1338220 2058.5
1338230 2053.0
1338240 2053.0
1338250 2049.4
1338260 2045.4
1338270 2045.4
1338280 2041.3
1338290 2032.6
1338300 2015.6
1338310 2015.6
1338320 2006.0
1338330 1998.2
1338340 1998.2
1338350 1991.1
1338360 1983.8
1338370 1983.8
1338380 1977.0
1338390 1970.1
1338400 1970.1
1338410 1963.8
1338420 1957.5
1338430 1957.5
1338440 1951.3
1338450 1944.9
1338460 1944.9
1338470 1938.2
1338480 1930.1
1338490 1930.1
1338500 1928.1
1338510 1925.3
1338520 1919.6
1338530 1925.3
1338540 1921.4
1338550 1918.2
1338560 1918.2
1338570 1916.1
1338580 1913.6
1338590 1913.6
1338600 1909.7
1338610 1902.5
1338620 1902.5
1338630 1893.1
1338640 1889.9
1338650 1889.9
1338660 1885.1
1338670 1876.9
1338680 1876.9
1338690 1864.9
1338700 1847.9
1338710 1847.9
1338720 1830.3
1338730 1821.1
1338740 1821.1
1338750 1809.4
1338760 1799.0
1338770 1790.2
1338780 1790.2
1338790 1782.2
1338800 1773.9
1338810 1773.9
1338820 1765.2
1338830 1755.8
1338840 1755.8
1338850 1745.7
1338860 1736.0
1338870 1736.0
1338880 1727.7
1338890 1721.6
1338900 1721.6
1338910 1716.4
1338920 1712.9
1338930 1712.9
1338940 1709.7
1338950 1707.5
1338960 1707.5
1338970 1705.6
1338980 1705.1
1338990 1704.4
1339000 1704.4
1339010 1703.0
1339020 1700.1
1339030 1700.1
1339040 1698.2
1339050 1695.5
1339060 1695.5
1339070 1693.1
1339080 1690.4
1339090 1690.4
1339100 1688.9
1339110 1688.1
1339120 1688.1
1339130 1686.6
1339140 1686.1
1339150 1686.1
1339160 1686.0
1339170 1686.3
1339180 1686.3
1339190 1686.1
1339200 1686.5
1339210 1686.5
1339220 1686.8
1339230 1686.9
1339240 1687.4
1339250 1687.4
1339260 1689.7
1339270 1692.7
1339280 1692.7
1339290 1697.5
1339300 1702.6
1339310 1702.6
1339320 1707.5
1339330 1712.9
1339340 1712.9
1339350 1718.4
1339360 1724.1
1339370 1724.1
1339380 1729.9
1339390 1735.8
1339400 1734.2
1339410 1740.0
1339420 1745.5
1339430 1745.5
1339440 1749.5
1339450 1755.6
1339460 1765.2
1339470 1765.2
1339480 1771.2
1339490 1776.8
1339500 1776.8
1339510 1783.5
1339520 1789.9
1339530 1789.9
1339540 1796.4
1339550 1802.9
1339560 1802.9
1339570 1809.6
1339580 1818.6
1339590 1818.6
1339600 1828.4
1339610 1835.7
1339620 1835.7
1339630 1842.9
1339640 1853.6
1339650 1853.6
1339660 1864.7
1339670 1872.8
1339680 1872.8
1339690 1880.5
1339700 1890.7
1339710 1912.1
1339720 1912.1
1339730 1931.9
1339740 1949.2
1339750 1949.2
1339760 1956.2
1339770 1961.3
1339780 1961.3
1339790 1968.7
1339800 1977.1
1339810 1977.1
1339820 1983.1
1339830 1988.0
1339840 1988.0
1339850 1998.6
1339860 2004.9
1339870 2004.9
1339880 2009.6
1339890 2024.4
1339900 2024.4
1339910 2040.2
1339920 2048.6
1339930 2048.6
1339940 2053.3
1339950 2057.7
1339960 2061.5
1339970 2061.5
1339980 2064.6
1339990 2066.9
