1320000 940.4
1320010 934.1
1320020 927.7
1320030 927.7
1320040 920.7
1320050 912.4
1320060 912.4
1320070 903.1
1320080 892.3
1320090 892.3
1320100 881.3
1320110 872.3
1320120 872.3
1320130 860.2
1320140 842.4
1320150 842.4
1320160 824.4
1320170 806.9
1320180 806.9
1320190 788.0
1320200 771.4
1320210 771.4
1320220 739.2
1320230 722.7
1320240 716.0
1320250 716.0
1320260 709.5
1320270 701.5
1320280 701.5
1320290 693.6
1320300 686.0
1320310 686.0
1320320 678.5
1320330 670.3
1320340 670.3
1320350 662.4
1320360 654.9
1320370 654.9
1320380 647.6
1320390 639.7
1320400 639.7
1320410 631.1
1320420 622.4
1320430 622.4
1320440 619.3
1320450 618.7
1320460 618.7
1320470 618.7
1320480 617.8
1320490 617.2
1320500 617.2
1320510 617.4
1320520 617.6
1320530 617.6
1320540 615.8
1320550 614.6
1320560 614.6
1320570 614.6
1320580 614.8
1320590 614.8
1320600 617.0
1320610 617.7
1320620 617.7
1320630 617.8
1320640 618.0
1320650 618.0
1320660 617.9
1320670 617.7
1320680 617.7
1320690 617.6
1320700 617.6
1320710 617.5
1320720 617.5
1320730 617.2
1320740 616.7
1320750 616.7
1320760 616.2
1320770 616.4
1320780 616.4
1320790 616.7
1320800 616.7
1320810 616.7
1320820 616.6
1320830 616.8
1320840 616.8
1320850 617.8
1320860 618.1
1320870 618.1
1320880 616.9
1320890 616.3
1320900 616.3
1320910 616.3
1320920 616.3
1320930 616.3
1320940 616.6
1320950 616.9
1320960 616.9
1320970 616.9
1320980 616.9
1320990 616.9
1321000 616.9
1321010 617.0
1321020 617.1
1321030 617.1
1321040 617.0
1321050 616.8
1321060 616.8
1321070 616.9
1321080 616.9
1321090 616.9
1321100 616.9
1321110 616.5
1321120 616.5
1321130 616.0
1321140 615.9
1321150 615.9
1321160 615.7
1321170 615.7
1321180 615.7
1321190 615.7
1321200 615.7
1321210 615.5
1321220 615.5
1321230 615.4
1321240 615.4
1321250 615.4
1321260 615.5
1321270 615.5
1321280 615.5
1321290 615.7
1321300 616.0
1321310 616.0
1321320 616.1
1321330 616.0
1321340 616.0
1321350 615.9
1321360 615.9
1321370 615.9
1321380 615.9
1321390 616.2
1321400 616.2
1321410 616.7
1321420 617.8
1321430 618.4
1321440 618.4
1321450 618.8
1321460 621.4
1321470 621.4
1321480 624.0
1321490 626.0
1321500 626.0
1321510 628.4
1321520 630.7
1321530 630.7
1321540 633.2
1321550 637.7
1321560 637.7
1321570 643.1
1321580 644.1
1321590 644.1
1321600 641.9
1321610 642.1
1321620 642.1
1321630 646.6
1321640 653.3
1321650 653.3
1321660 658.0
1321670 662.5
1321680 667.3
1321690 667.3
1321700 672.0
1321710 676.2
1321720 676.2
1321730 680.6
1321740 686.4
1321750 686.4
1321760 692.9
1321770 700.5
1321780 700.5
1321790 706.6
1321800 712.7
1321810 712.7
1321820 719.8
1321830 727.1
1321840 727.1
1321850 734.3
1321860 741.4
1321870 741.4
1321880 749.0
1321890 756.9
1321900 764.8
1321910 764.8
1321920 772.5
1321930 779.9
1321940 779.9
1321950 787.2
1321960 797.3
1321970 797.3
1321980 806.6
1321990 813.4
1322000 813.4
1322010 821.0
1322020 828.5
1322030 828.5
1322040 835.3
1322050 843.3
1322060 843.3
1322070 858.5
1322080 873.5
1322090 873.5
1322100 889.0
1322110 904.9
1322120 904.9
1322130 919.1
1322140 937.5
1322150 950.8
1322160 950.8
1322170 957.8
1322180 964.5
1322190 964.5
1322200 972.8
1322210 981.2
1322220 981.2
1322230 989.8
1322240 1000.8
1322250 1000.8
1322260 1014.4
1322270 1028.3
1322280 1028.3
1322290 1041.7
1322300 1051.1
1322310 1051.1
1322320 1058.9
1322330 1067.4
1322340 1067.4
1322350 1082.6
1322360 1110.8
1322370 1110.8
1322380 1121.9
1322390 1134.4
1322400 1145.8
1322410 1145.8
1322420 1150.6
1322430 1155.1
1322440 1155.1
1322450 1155.1
1322460 1168.0
1322470 1168.0
1322480 1177.5
1322490 1183.7
1322500 1183.7
1322510 1189.4
1322520 1195.9
1322530 1195.9
1322540 1203.3
1322550 1210.1
1322560 1210.8
1322570 1217.2
1322580 1224.3
1322590 1224.3
1322600 1232.1
1322610 1237.8
1322620 1242.1
1322630 1242.1
1322640 1248.3
1322650 1251.6
1322660 1251.6
1322670 1254.9
1322680 1258.5
1322690 1258.5
1322700 1263.3
1322710 1270.4
1322720 1270.4
1322730 1275.9
1322740 1282.1
1322750 1282.1
1322760 1290.1
1322770 1296.6
1322780 1296.6
1322790 1300.8
1322800 1304.1
1322810 1304.1
1322820 1308.6
1322830 1315.5
1322840 1315.5
1322850 1320.3
1322860 1322.4
1322870 1322.9
1322880 1322.9
1322890 1323.2
1322900 1324.4
1322910 1324.4
1322920 1326.5
1322930 1329.2
1322940 1329.2
1322950 1333.4
1322960 1338.0
1322970 1338.0
1322980 1343.3
1322990 1346.8
1323000 1346.8
1323010 1350.1
1323020 1353.6
1323030 1353.6
1323040 1357.3
1323050 1361.4
1323060 1361.4
1323070 1366.3
1323080 1372.5
1323090 1380.0
1323100 1380.0
1323110 1391.5
1323120 1399.6
1323130 1399.6
1323140 1405.2
1323150 1409.5
1323160 1409.5
1323170 1414.0
1323180 1418.7
1323190 1418.7
1323200 1425.0
1323210 1432.0
1323220 1432.0
1323230 1440.5
1323240 1459.9
1323250 1459.9
1323260 1469.3
1323270 1472.0
1323280 1472.0
1323290 1474.6
1323300 1478.8
1323310 1478.8
1323320 1483.9
1323330 1490.5
1323340 1497.5
1323350 1497.5
1323360 1504.8
1323370 1510.7
1323380 1510.7
1323390 1515.1
1323400 1518.2
1323410 1518.2
1323420 1520.9
1323430 1523.6
1323440 1523.6
1323450 1526.3
1323460 1528.9
1323470 1528.9
1323480 1531.6
1323490 1535.4
1323500 1535.4
1323510 1539.2
1323520 1542.6
1323530 1542.6
1323540 1545.5
1323550 1549.1
1323560 1549.1
1323570 1553.4
1323580 1558.6
1323590 1564.1
1323600 1564.1
1323610 1569.6
1323620 1574.9
1323630 1574.9
1323640 1579.1
1323650 1582.2
1323660 1582.2
1323670 1584.1
1323680 1585.4
1323690 1585.4
1323700 1585.9
1323710 1585.1
1323720 1585.1
1323730 1583.9
1323740 1583.7
1323750 1583.7
1323760 1583.5
1323770 1583.8
1323780 1583.8
1323790 1584.7
1323800 1586.0
1323810 1587.1
1323820 1587.1
1323830 1587.6
1323840 1587.7
1323850 1587.7
1323860 1587.9
1323870 1587.8
1323880 1587.8
1323890 1587.3
1323900 1586.3
1323910 1586.3
1323920 1585.3
1323930 1584.6
1323940 1584.6
1323950 1583.7
1323960 1582.6
1323970 1582.6
1323980 1581.8
1323990 1580.6
1324000 1580.6
1324010 1578.8
1324020 1577.6
1324030 1577.6
1324040 1577.2
1324050 1577.1
1324060 1576.6
1324070 1576.6
1324080 1575.0
1324090 1572.2
1324100 1572.2
1324110 1569.2
1324120 1566.1
1324130 1564.0
1324140 1561.9
1324150 1560.3
1324160 1560.3
1324170 1559.0
1324180 1558.7
1324190 1558.7
1324200 1559.0
1324210 1559.2
1324220 1559.2
1324230 1559.0
1324240 1558.6
1324250 1558.6
1324260 1558.0
1324270 1557.3
1324280 1556.4
1324290 1556.4
1324300 1555.2
1324310 1553.9
1324320 1553.9
1324330 1552.4
1324340 1550.7
1324350 1550.7
1324360 1548.9
1324370 1547.2
1324380 1547.2
1324390 1545.8
1324400 1544.9
1324410 1544.9
1324420 1544.3
1324430 1544.1
1324440 1544.1
1324450 1543.7
1324460 1542.9
1324470 1542.9
1324480 1541.8
1324490 1540.6
1324500 1540.6
1324510 1539.8
1324520 1539.7
1324530 1540.0
1324540 1540.0
1324550 1539.8
1324560 1539.0
1324570 1539.0
1324580 1538.5
1324590 1537.8
1324600 1537.8
1324610 1537.5
1324620 1537.4
1324630 1537.4
1324640 1538.0
1324650 1539.0
1324660 1539.0
1324670 1539.9
1324680 1540.6
1324690 1540.6
1324700 1541.5
1324710 1542.7
1324720 1542.7
1324730 1543.3
1324740 1543.9
1324750 1543.9
1324760 1545.0
1324770 1545.6
1324780 1545.2
1324790 1545.2
1324800 1544.2
1324810 1543.0
1324820 1543.0
1324830 1541.7
1324840 1540.0
1324850 1540.0
1324860 1537.4
1324870 1534.1
1324880 1534.1
1324890 1531.7
1324900 1528.8
1324910 1528.8
1324920 1526.5
1324930 1519.6
1324940 1519.6
1324950 1518.9
1324960 1518.4
1324970 1518.4
1324980 1518.6
1324990 1519.4
1325000 1520.3
1325010 1520.3
1325020 1520.9
1325030 1521.5
1325040 1521.5
1325050 1522.3
1325060 1522.5
1325070 1522.5
1325080 1522.9
1325090 1523.1
1325100 1523.1
1325110 1523.1
1325120 1522.8
1325130 1522.8
1325140 1522.4
1325150 1522.0
1325160 1522.0
1325170 1521.7
1325180 1521.2
1325190 1521.2
1325200 1520.6
1325210 1520.1
1325220 1520.1
1325230 1519.6
1325240 1518.7
1325250 1518.0
1325260 1518.0
1325270 1518.3
1325280 1517.9
1325290 1517.9
1325300 1517.5
1325310 1517.8
1325320 1517.8
1325330 1518.2
1325340 1518.3
1325350 1518.3
1325360 1518.8
1325370 1519.0
1325380 1519.0
1325390 1518.5
1325400 1517.7
1325410 1517.7
1325420 1516.9
1325430 1515.8
1325440 1515.8
1325450 1515.3
1325460 1516.9
1325470 1516.9
1325480 1517.1
1325490 1517.7
1325500 1519.6
1325510 1519.6
1325520 1522.2
1325530 1525.5
1325540 1525.5
1325550 1527.3
1325560 1527.7
1325570 1527.7
1325580 1527.8
1325590 1529.7
1325600 1529.7
1325610 1532.0
1325620 1532.6
1325630 1532.6
1325640 1532.8
1325650 1532.5
1325660 1532.5
1325670 1533.4
1325680 1535.7
1325690 1535.7
1325700 1537.2
1325710 1538.4
1325720 1539.3
1325730 1532.6
1325740 1533.1
1325750 1533.4
1325760 1533.4
1325770 1533.6
1325780 1534.9
1325790 1534.9
1325800 1538.2
1325810 1540.9
1325820 1540.9
1325830 1542.2
1325840 1542.3
1325850 1542.3
1325860 1541.7
1325870 1543.0
1325880 1543.0
1325890 1547.1
1325900 1553.5
1325910 1553.5
1325920 1558.1
1325930 1557.7
1325940 1557.7
1325950 1554.2
1325960 1551.2
1325970 1551.3
1325980 1551.3
1325990 1554.4
1326000 1558.2
1326010 1558.2
1326020 1562.9
1326030 1565.2
1326040 1565.2
1326050 1566.2
1326060 1567.6
1326070 1567.6
1326080 1567.8
1326090 1566.9
1326100 1566.9
1326110 1565.4
1326120 1567.0
1326130 1567.0
1326140 1572.6
1326150 1578.2
1326160 1578.2
1326170 1582.7
1326180 1584.3
1326190 1582.5
1326200 1582.5
1326210 1582.2
1326220 1586.0
1326230 1586.0
1326240 1590.6
1326250 1589.9
1326260 1589.9
1326270 1583.4
1326280 1575.7
1326290 1575.7
1326300 1569.3
1326310 1570.4
1326320 1570.4
1326330 1580.6
1326340 1595.3
1326350 1595.3
1326360 1606.5
1326370 1617.1
1326380 1617.1
1326390 1627.2
1326400 1635.4
1326410 1635.4
1326420 1640.4
1326430 1643.5
1326440 1645.6
1326450 1645.6
1326460 1647.1
1326470 1648.1
1326480 1648.1
1326490 1648.5
1326500 1650.0
1326510 1650.0
1326520 1652.5
1326530 1648.9
1326540 1648.9
1326550 1648.8
1326560 1649.2
1326570 1649.2
1326580 1651.0
1326590 1651.5
1326600 1651.5
1326610 1650.8
1326620 1648.8
1326630 1648.8
1326640 1646.1
1326650 1643.6
1326660 1643.6
1326670 1641.0
1326680 1639.2
1326690 1634.2
1326700 1634.2
1326710 1624.7
1326720 1615.0
1326730 1615.0
1326740 1614.9
1326750 1625.9
1326760 1625.9
1326770 1637.2
1326780 1644.9
1326790 1644.9
1326800 1652.2
1326810 1654.9
1326820 1654.9
1326830 1656.0
1326840 1661.5
1326850 1661.5
1326860 1667.8
1326870 1673.8
1326880 1673.8
1326890 1678.7
1326900 1682.0
1326910 1685.7
1326920 1685.7
1326930 1690.7
1326940 1696.4
1326950 1696.4
1326960 1701.5
1326970 1705.8
1326980 1705.8
1326990 1710.0
1327000 1714.7
1327010 1714.7
1327020 1718.5
1327030 1722.0
1327040 1722.0
1327050 1725.1
1327060 1727.9
1327070 1727.9
1327080 1731.1
1327090 1734.2
1327100 1734.2
1327110 1735.9
1327120 1737.1
1327130 1737.1
1327140 1738.7
1327150 1739.9
1327160 1740.6
1327170 1740.6
1327180 1740.5
1327190 1737.9
1327200 1737.9
1327210 1733.0
1327220 1727.9
1327230 1727.9
1327240 1722.0
1327250 1715.8
1327260 1715.8
1327270 1709.7
1327280 1713.7
1327290 1713.7
1327300 1719.1
1327310 1723.8
1327320 1723.8
1327330 1725.7
1327340 1708.4
1327350 1708.4
1327360 1707.3
1327370 1706.8
1327380 1711.1
1327390 1711.1
1327400 1718.5
1327410 1727.9
1327420 1727.9
1327430 1738.1
1327440 1744.8
1327450 1744.8
1327460 1749.8
1327470 1755.2
1327480 1755.2
1327490 1758.2
1327500 1760.3
1327510 1760.3
1327520 1761.5
1327530 1762.4
1327540 1762.4
1327550 1764.9
1327560 1765.9
1327570 1765.9
1327580 1767.6
1327590 1769.5
1327600 1769.5
1327610 1771.9
1327620 1773.1
1327630 1774.2
1327640 1774.2
1327650 1776.6
1327660 1780.4
1327670 1780.4
1327680 1783.8
1327690 1786.2
1327700 1786.2
1327710 1788.4
1327720 1790.2
1327730 1790.2
1327740 1790.9
1327750 1792.8
1327760 1792.8
1327770 1795.1
1327780 1797.9
1327790 1797.9
1327800 1801.0
1327810 1804.1
1327820 1804.1
1327830 1807.0
1327840 1809.6
1327850 1809.6
1327860 1811.3
1327870 1812.3
1327880 1813.4
1327890 1813.4
1327900 1814.7
1327910 1816.3
1327920 1816.3
1327930 1817.5
1327940 1818.4
1327950 1818.4
1327960 1819.6
1327970 1822.1
1327980 1822.1
1327990 1823.0
1328000 1824.6
1328010 1824.6
1328020 1825.9
1328030 1826.7
1328040 1826.7
1328050 1826.8
1328060 1827.7
1328070 1827.7
1328080 1829.1
1328090 1830.6
1328100 1833.0
1328110 1833.0
1328120 1835.5
1328130 1837.5
1328140 1837.5
1328150 1833.5
1328160 1835.5
1328170 1835.5
1328180 1837.7
1328190 1840.3
1328200 1840.3
1328210 1843.7
1328220 1847.3
1328230 1847.3
1328240 1849.9
1328250 1851.6
1328260 1851.6
1328270 1853.7
1328280 1856.0
1328290 1856.0
1328300 1857.9
1328310 1859.7
1328320 1859.7
1328330 1862.5
1328340 1864.9
1328350 1866.8
1328360 1866.8
1328370 1868.2
1328380 1869.1
1328390 1869.1
1328400 1869.8
1328410 1870.2
1328420 1870.2
1328430 1870.7
1328440 1870.8
1328450 1870.8
1328460 1870.1
1328470 1870.8
1328480 1870.8
1328490 1872.2
1328500 1875.6
1328510 1875.6
1328520 1877.6
1328530 1877.1
1328540 1877.1
1328550 1876.0
1328560 1875.5
1328570 1875.5
1328580 1875.5
1328590 1875.7
1328600 1875.9
1328610 1875.9
1328620 1875.3
1328630 1874.6
1328640 1874.6
1328650 1873.4
1328660 1870.3
1328670 1870.3
1328680 1866.1
1328690 1865.7
1328700 1865.7
1328710 1865.4
1328720 1864.2
1328730 1864.2
1328740 1862.8
1328750 1861.6
1328760 1861.6
1328770 1860.5
1328780 1859.6
1328790 1859.6
1328800 1859.1
1328810 1858.5
1328820 1858.4
1328830 1858.4
1328840 1858.7
1328850 1858.9
1328860 1858.9
1328870 1859.6
1328880 1859.9
1328890 1859.9
1328900 1860.0
1328910 1860.5
1328920 1860.5
1328930 1860.9
1328940 1861.2
1328950 1861.2
1328960 1859.2
1328970 1859.8
1328980 1859.8
1328990 1861.4
1329000 1862.8
1329010 1862.8
1329020 1863.5
1329030 1864.4
1329040 1864.4
1329050 1865.4
1329060 1865.9
1329070 1866.2
1329080 1866.2
1329090 1866.3
1329100 1866.9
1329110 1866.9
1329120 1867.4
1329130 1868.0
1329140 1868.0
1329150 1867.8
1329160 1867.4
1329170 1867.4
1329180 1867.8
1329190 1868.7
1329200 1868.7
1329210 1869.5
1329220 1870.4
1329230 1870.4
1329240 1871.4
1329250 1872.4
1329260 1872.4
1329270 1872.5
1329280 1873.1
1329290 1874.4
1329300 1874.4
1329310 1875.5
1329320 1876.6
1329330 1876.6
1329340 1876.6
1329350 1877.4
1329360 1877.4
1329370 1878.9
1329380 1880.4
1329390 1880.4
1329400 1882.1
1329410 1884.8
1329420 1884.8
1329430 1888.2
1329440 1891.2
1329450 1891.2
1329460 1894.9
1329470 1898.6
1329480 1898.6
1329490 1902.2
1329500 1904.5
1329510 1904.5
1329520 1906.2
1329530 1908.7
1329540 1911.9
1329550 1911.9
1329560 1914.0
1329570 1916.4
1329580 1916.4
1329590 1919.0
1329600 1922.1
1329610 1922.1
1329620 1924.8
1329630 1928.7
1329640 1928.7
1329650 1933.0
1329660 1936.3
1329670 1936.3
1329680 1938.9
1329690 1942.8
1329700 1942.8
1329710 1947.2
1329720 1952.0
1329730 1952.0
1329740 1956.7
1329750 1961.3
1329760 1966.8
1329770 1966.8
1329780 1968.7
1329790 1969.0
1329800 1969.0
1329810 1971.7
1329820 1975.7
1329830 1975.7
1329840 1979.5
1329850 1982.5
1329860 1982.5
1329870 1985.1
1329880 1988.2
1329890 1988.2
1329900 1990.9
1329910 1993.5
1329920 1993.5
1329930 1995.3
1329940 1998.0
1329950 1998.0
1329960 2000.9
1329970 2004.0
1329980 2004.0
1329990 2007.5
1330000 2011.7
1330010 2015.8
1330020 2015.8
1330030 2020.7
1330040 2025.5
1330050 2025.5
1330060 2028.5
1330070 2031.6
1330080 2031.6
1330090 2036.3
1330100 2041.3
1330110 2041.3
1330120 2045.4
1330130 2049.2
1330140 2049.2
1330150 2051.9
1330160 2054.4
1330170 2054.4
1330180 2057.5
1330190 2060.8
1330200 2060.8
1330210 2065.0
1330220 2069.6
1330230 2069.6
1330240 2073.1
1330250 2076.3
1330260 2079.5
1330270 2079.5
1330280 2082.9
1330290 2085.8
1330300 2085.8
1330310 2089.1
1330320 2092.5
1330330 2092.5
1330340 2095.0
1330350 2096.6
1330360 2096.6
1330370 2098.7
1330380 2102.3
1330390 2102.3
1330400 2107.3
1330410 2111.4
1330420 2111.4
1330430 2114.3
1330440 2117.3
1330450 2117.3
1330460 2121.2
1330470 2126.0
1330480 2130.2
1330490 2130.2
1330500 2133.6
1330510 2137.8
1330520 2137.8
1330530 2141.8
1330540 2145.9
1330550 2145.9
1330560 2150.1
1330570 2153.4
1330580 2153.4
1330590 2154.9
1330600 2154.9
1330610 2154.9
1330620 2156.9
1330630 2158.0
1330640 2158.0
1330650 2159.8
1330660 2161.5
1330670 2161.5
1330680 2163.9
1330690 2166.0
1330700 2166.0
1330710 2168.0
1330720 2170.0
1330730 2171.2
1330740 2171.2
1330750 2172.3
1330760 2174.1
1330770 2174.1
1330780 2176.5
1330790 2179.7
1330800 2179.7
1330810 2181.8
1330820 2182.5
1330830 2182.5
1330840 2184.3
1330850 2187.5
1330860 2187.5
1330870 2191.7
1330880 2195.0
1330890 2195.0
1330900 2197.5
1330910 2200.1
1330920 2200.1
1330930 2201.8
1330940 2204.1
1330950 2208.5
1330960 2208.5
1330970 2213.7
1330980 2218.0
1330990 2218.0
1331000 2222.8
1331010 2227.8
1331020 2227.8
1331030 2232.2
1331040 2236.5
1331050 2236.5
1331060 2244.9
1331070 2250.3
1331080 2250.3
1331090 2253.4
1331100 2256.4
1331110 2256.4
1331120 2260.4
1331130 2265.3
1331140 2265.3
1331150 2270.8
1331160 2276.8
1331170 2276.8
1331180 2282.5
1331190 2288.0
1331200 2293.5
1331210 2293.5
1331220 2299.4
1331230 2305.5
1331240 2305.5
1331250 2311.9
1331260 2318.4
1331270 2318.4
1331280 2324.3
1331290 2328.6
1331300 2328.6
1331310 2330.7
1331320 2332.5
1331330 2332.5
1331340 2334.7
1331350 2337.6
1331360 2337.6
1331370 2340.4
1331380 2343.6
1331390 2343.6
1331400 2347.8
1331410 2352.8
1331420 2352.8
1331430 2365.1
1331440 2375.9
1331450 2385.4
1331460 2385.4
1331470 2390.0
1331480 2391.4
1331490 2391.4
1331500 2392.0
1331510 2391.2
1331520 2391.2
1331530 2390.4
1331540 2386.4
1331550 2386.4
1331560 2383.3
1331570 2382.5
1331580 2382.5
1331590 2380.3
1331600 2377.2
1331610 2377.2
1331620 2371.1
1331630 2369.8
1331640 2369.8
1331650 2365.8
1331660 2360.4
1331670 2358.8
1331680 2358.8
1331690 2359.1
1331700 2359.0
1331710 2359.0
1331720 2359.0
1331730 2359.1
1331740 2359.1
1331750 2360.0
1331760 2359.8
1331770 2359.8
1331780 2357.3
1331790 2354.0
1331800 2354.0
1331810 2348.9
1331820 2347.6
1331830 2347.6
1331840 2345.3
1331850 2342.4
1331860 2342.4
1331870 2342.5
1331880 2342.1
1331890 2342.1
1331900 2340.4
1331910 2337.3
1331920 2333.7
1331930 2333.7
1331940 2329.5
1331950 2324.9
1331960 2324.9
1331970 2319.9
1331980 2314.8
1331990 2314.8
1332000 2309.7
1332010 2304.6
1332020 2304.6
1332030 2299.9
1332040 2296.6
1332050 2296.6
1332060 2295.6
1332070 2295.8
1332080 2295.8
1332090 2295.7
1332100 2294.9
1332110 2294.9
1332120 2293.6
1332130 2292.3
1332140 2291.2
1332150 2291.2
1332160 2291.5
1332170 2292.2
1332180 2292.2
1332190 2293.3
1332200 2294.1
1332210 2294.1
1332220 2294.9
1332230 2295.4
1332240 2295.4
1332250 2296.3
1332260 2302.6
1332270 2302.6
1332280 2305.4
1332290 2316.6
1332300 2316.6
1332310 2326.8
1332320 2334.9
1332330 2334.9
1332340 2341.3
1332350 2347.9
1332360 2347.9
1332370 2355.3
1332380 2369.8
1332390 2392.6
1332400 2392.6
1332410 2402.4
1332420 2408.4
1332430 2408.4
1332440 2413.6
1332450 2418.1
1332460 2418.1
1332470 2423.1
1332480 2427.8
1332490 2427.8
1332500 2431.5
1332510 2434.0
1332520 2434.0
1332530 2432.3
1332540 2420.2
1332550 2420.2
1332560 2405.3
1332570 2382.8
1332580 2382.8
1332590 2353.8
1332600 2329.7
1332610 2329.7
1332620 2314.4
1332630 2295.2
1332640 2288.4
1332650 2288.4
1332660 2286.0
1332670 2283.9
1332680 2283.9
1332690 2288.4
1332700 2295.9
1332710 2295.9
1332720 2305.3
1332730 2314.4
1332740 2314.4
1332750 2324.7
1332760 2356.1
1332770 2356.1
1332780 2385.4
1332790 2395.8
1332800 2395.8
1332810 2405.1
1332820 2406.5
1332830 2406.5
1332840 2392.6
1332850 2375.5
1332860 2360.0
1332870 2360.0
1332880 2348.8
1332890 2343.7
1332900 2343.7
1332910 2339.4
1332920 2336.7
1332930 2336.7
1332940 2334.5
1332950 2331.5
1332960 2331.5
1332970 2329.4
1332980 2326.1
1332990 2326.1
1333000 2321.6
1333010 2316.6
1333020 2316.6
1333030 2311.4
1333040 2306.9
1333050 2306.9
1333060 2303.0
1333070 2299.4
1333080 2299.4
1333090 2295.7
1333100 2296.4
1333110 2290.6
1333120 2290.6
1333130 2285.2
1333140 2279.7
1333150 2279.7
1333160 2273.2
1333170 2267.4
1333180 2267.4
1333190 2261.9
1333200 2257.5
1333210 2257.5
1333220 2255.3
1333230 2254.6
1333240 2254.6
1333250 2252.5
1333260 2251.5
1333270 2251.5
1333280 2252.1
1333290 2251.9
1333300 2251.9
1333310 2251.3
1333320 2252.5
1333330 2248.3
1333340 2248.3
1333350 2239.2
1333360 2232.6
1333370 2232.6
1333380 2226.9
1333390 2219.0
1333400 2219.0
1333410 2207.9
1333420 2198.8
1333430 2198.8
1333440 2192.3
1333450 2188.0
1333460 2188.0
1333470 2186.3
1333480 2185.2
1333490 2185.2
1333500 2182.9
1333510 2180.7
1333520 2180.7
1333530 2179.0
1333540 2177.2
1333550 2177.2
1333560 2175.4
1333570 2173.9
1333580 2173.2
1333590 2173.2
1333600 2173.0
1333610 2174.8
1333620 2174.8
1333630 2178.3
1333640 2181.4
1333650 2181.4
1333660 2183.3
1333670 2185.1
1333680 2185.1
1333690 2187.1
1333700 2188.2
1333710 2188.2
1333720 2191.2
1333730 2194.3
1333740 2194.3
1333750 2195.3
1333760 2196.1
1333770 2196.1
1333780 2195.2
1333790 2191.8
1333800 2191.8
1333810 2189.0
1333820 2185.8
1333830 2178.5
1333840 2178.5
1333850 2172.7
1333860 2165.4
1333870 2165.4
1333880 2150.9
1333890 2137.7
1333900 2137.7
1333910 2128.0
1333920 2121.5
1333930 2121.5
1333940 2117.7
1333950 2112.3
1333960 2112.3
1333970 2106.8
1333980 2102.7
1333990 2102.7
1334000 2099.9
1334010 2099.4
1334020 2099.4
1334030 2099.2
1334040 2101.8
1334050 2109.4
1334060 2109.4
1334070 2115.5
1334080 2118.8
1334090 2118.8
1334100 2121.7
1334110 2123.9
1334120 2123.9
1334130 2127.2
1334140 2131.0
1334150 2131.0
1334160 2136.3
1334170 2142.3
1334180 2142.3
1334190 2148.3
1334200 2154.7
1334210 2154.7
1334220 2161.3
1334230 2168.1
1334240 2168.1
1334250 2176.5
1334260 2186.9
1334270 2186.9
1334280 2197.1
1334290 2205.0
1334300 2210.9
1334310 2210.9
1334320 2216.0
1334330 2219.8
1334340 2219.8
1334350 2223.8
1334360 2227.3
1334370 2227.3
1334380 2233.0
1334390 2234.2
1334400 2234.2
1334410 2228.9
1334420 2221.3
1334430 2221.3
1334440 2212.4
1334450 2203.2
1334460 2203.2
1334470 2196.0
1334480 2190.8
1334490 2190.8
1334500 2185.2
1334510 2179.3
1334520 2179.3
1334530 2174.2
1334540 2169.6
1334550 2165.0
1334560 2165.0
1334570 2158.8
1334580 2151.6
1334590 2151.6
1334600 2145.5
1334610 2141.0
1334620 2141.0
1334630 2136.6
1334640 2131.5
1334650 2131.5
1334660 2126.0
1334670 2120.1
1334680 2120.1
1334690 2113.5
1334700 2105.8
1334710 2105.8
1334720 2093.3
1334730 2071.4
1334740 2071.4
1334750 2060.2
1334760 2054.6
1334770 2051.1
1334780 2051.1
1334790 2047.6
1334800 2040.8
1334810 2040.8
1334820 2034.4
1334830 2028.6
1334840 2028.6
1334850 2026.1
1334860 2026.5
1334870 2026.5
1334880 2028.4
1334890 2029.8
1334900 2029.8
1334910 2029.1
1334920 2028.5
1334930 2028.5
1334940 2026.7
1334950 2025.9
1334960 2025.9
1334970 2024.4
1334980 2021.1
1334990 2021.1
1335000 2018.3
1335010 2016.6
1335020 2015.2
1335030 2015.2
1335040 2012.3
1335050 2009.5
1335060 2009.5
1335070 2007.2
1335080 2005.2
1335090 2005.2
1335100 2002.9
1335110 2001.1
1335120 2001.1
1335130 1998.9
1335140 1996.0
1335150 1996.0
1335160 1991.8
1335170 1987.8
1335180 1987.8
1335190 1983.5
1335200 1978.3
1335210 1978.3
1335220 1976.5
1335230 1975.0
1335240 1971.6
1335250 1971.6
1335260 1966.7
1335270 1964.4
1335280 1964.4
1335290 1962.6
1335300 1960.0
1335310 1960.0
1335320 1957.3
1335330 1954.5
1335340 1954.5
1335350 1952.3
1335360 1948.7
1335370 1948.7
1335380 1944.3
1335390 1941.3
1335400 1941.3
1335410 1939.1
1335420 1936.3
1335430 1936.3
1335440 1933.6
1335450 1932.7
1335460 1932.7
1335470 1931.3
1335480 1929.0
1335490 1925.5
1335500 1925.5
1335510 1921.1
1335520 1917.0
1335530 1917.0
1335540 1913.7
1335550 1910.7
1335560 1910.7
1335570 1908.6
1335580 1906.6
1335590 1906.6
1335600 1902.3
1335610 1896.9
1335620 1896.9
1335630 1891.7
1335640 1882.7
1335650 1882.7
1335660 1875.4
1335670 1869.1
1335680 1869.1
1335690 1865.2
1335700 1861.4
1335710 1861.4
1335720 1856.1
1335730 1851.4
1335740 1845.9
1335750 1845.9
1335760 1839.8
1335770 1831.2
1335780 1831.2
1335790 1823.5
1335800 1816.1
1335810 1816.1
1335820 1809.6
1335830 1803.5
1335840 1803.5
1335850 1795.4
1335860 1786.7
1335870 1786.7
1335880 1776.5
1335890 1763.8
1335900 1763.8
1335910 1751.4
1335920 1730.6
1335930 1730.6
1335940 1715.4
1335950 1706.7
1335960 1696.5
1335970 1696.5
1335980 1689.0
1335990 1685.5
1336000 1685.5
1336010 1683.4
1336020 1681.1
1336030 1681.1
1336040 1678.1
1336050 1674.4
1336060 1674.4
1336070 1672.2
1336080 1668.9
1336090 1668.9
1336100 1665.2
1336110 1662.4
1336120 1662.4
1336130 1659.7
1336140 1657.0
1336150 1657.0
1336160 1654.5
1336170 1651.3
1336180 1651.3
1336190 1648.4
1336200 1646.0
1336210 1644.3
1336220 1644.3
1336230 1642.3
1336240 1640.0
1336250 1640.0
1336260 1638.1
1336270 1636.7
1336280 1636.7
1336290 1637.2
1336300 1637.6
1336310 1637.6
1336320 1641.5
1336330 1644.7
1336340 1644.7
1336350 1647.7
1336360 1651.7
1336370 1651.7
1336380 1656.7
1336390 1661.9
1336400 1661.9
1336410 1667.4
1336420 1673.3
1336430 1679.5
1336440 1679.5
1336450 1686.0
1336460 1692.0
1336470 1692.0
1336480 1699.1
1336490 1706.6
1336500 1706.6
1336510 1713.3
1336520 1720.2
1336530 1720.2
1336540 1727.4
1336550 1734.4
1336560 1734.4
1336570 1741.6
1336580 1749.5
1336590 1749.5
1336600 1762.4
1336610 1779.5
1336620 1779.5
1336630 1792.3
1336640 1808.9
1336650 1808.9
1336660 1830.8
1336670 1848.9
1336680 1862.9
1336690 1862.9
1336700 1877.2
1336710 1887.6
1336720 1887.6
1336730 1897.0
1336740 1904.2
1336750 1904.2
1336760 1910.2
1336770 1914.6
1336780 1914.6
1336790 1917.5
1336800 1927.5
1336810 1927.5
1336820 1941.0
1336830 1947.0
1336840 1947.0
1336850 1950.7
1336860 1951.5
1336870 1951.5
1336880 1953.5
1336890 1957.0
1336900 1957.0
1336910 1960.9
1336920 1959.0
1336930 1961.7
1336940 1961.7
1336950 1966.4
1336960 1972.0
1336970 1972.0
1336980 1978.7
1336990 1986.9
1337000 1986.9
1337010 1996.4
1337020 2004.5
1337030 2004.5
1337040 2013.4
1337050 2025.1
1337060 2025.1
1337070 2035.8
1337080 2042.4
1337090 2042.4
1337100 2052.2
1337110 2064.3
1337120 2064.3
1337130 2076.2
1337140 2094.6
1337150 2111.6
1337160 2111.6
1337170 2123.9
1337180 2134.3
1337190 2134.3
1337200 2143.7
1337210 2152.8
1337220 2152.8
1337230 2161.9
1337240 2170.6
1337250 2170.6
1337260 2178.2
1337270 2186.2
1337280 2186.2
1337290 2195.9
1337300 2207.6
1337310 2207.6
1337320 2216.2
1337330 2223.9
1337340 2223.9
1337350 2233.7
1337360 2237.9
1337370 2237.9
1337380 2236.5
1337390 2231.0
1337400 2223.1
1337410 2223.1
1337420 2215.1
1337430 2204.9
1337440 2204.9
1337450 2194.2
1337460 2181.0
1337470 2181.0
1337480 2168.6
1337490 2158.0
1337500 2158.0
1337510 2148.7
1337520 2138.5
1337530 2138.5
1337540 2127.7
1337550 2118.0
1337560 2118.0
1337570 2109.2
1337580 2100.8
1337590 2100.8
1337600 2092.0
1337610 2082.7
1337620 2074.7
1337630 2074.7
1337640 2066.7
1337650 2063.2
1337660 2063.2
1337670 2059.7
1337680 2054.3
1337690 2054.3
1337700 2048.5
1337710 2043.2
1337720 2043.2
1337730 2036.5
1337740 2031.2
1337750 2031.2
1337760 2020.9
1337770 2002.1
1337780 2002.1
1337790 1984.0
1337800 1975.8
1337810 1975.8
1337820 1969.6
1337830 1968.0
1337840 1968.0
1337850 1970.5
1337860 1969.5
1337870 1970.6
1337880 1970.6
1337890 1966.6
1337900 1961.9
1337910 1961.9
1337920 1957.2
1337930 1952.1
1337940 1952.1
1337950 1948.2
1337960 1942.6
1337970 1942.6
1337980 1933.6
1337990 1922.7
1338000 1922.7
1338010 1921.2
1338020 1917.1
1338030 1917.1
1338040 1909.6
1338050 1899.1
1338060 1899.1
1338070 1880.5
1338080 1856.3
1338090 1856.3
1338100 1843.3
1338110 1833.6
1338120 1824.8
1338130 1824.8
1338140 1816.1
1338150 1807.4
1338160 1807.4
1338170 1797.3
1338180 1783.9
1338190 1783.9
1338200 1768.1
1338210 1751.8
1338220 1751.2
1338230 1736.5
1338240 1724.0
1338250 1724.0
1338260 1715.9
1338270 1708.5
1338280 1708.5
1338290 1699.4
1338300 1689.8
1338310 1689.8
1338320 1683.1
1338330 1677.3
1338340 1670.9
1338350 1670.9
1338360 1664.4
1338370 1657.7
1338380 1657.7
1338390 1651.7
1338400 1645.3
1338410 1645.3
1338420 1639.3
1338430 1633.4
1338440 1633.4
1338450 1627.3
1338460 1621.5
1338470 1621.5
1338480 1616.1
1338490 1610.8
1338500 1610.8
1338510 1605.9
1338520 1601.4
1338530 1601.4
1338540 1597.7
1338550 1595.2
1338560 1595.2
1338570 1592.3
1338580 1588.9
1338590 1586.1
1338600 1586.1
1338610 1585.0
1338620 1584.6
1338630 1584.6
1338640 1585.9
1338650 1588.1
1338660 1588.1
1338670 1590.8
1338680 1593.8
1338690 1593.8
1338700 1597.6
1338710 1601.7
1338720 1601.7
1338730 1608.3
1338740 1615.5
1338750 1615.5
1338760 1622.3
1338770 1629.1
1338780 1629.1
1338790 1636.2
1338800 1642.8
1338810 1649.8
1338820 1649.8
1338830 1657.3
1338840 1665.0
1338850 1665.0
1338860 1672.6
1338870 1680.1
1338880 1680.1
1338890 1687.9
1338900 1695.7
1338910 1695.7
1338920 1702.9
1338930 1709.6
1338940 1709.6
1338950 1716.0
1338960 1722.5
1338970 1722.5
1338980 1729.4
1338990 1736.5
1339000 1736.5
1339010 1743.9
1339020 1751.6
1339030 1751.6
1339040 1759.5
1339050 1767.1
1339060 1774.0
1339070 1774.0
1339080 1780.1
1339090 1784.1
1339100 1784.1
1339110 1790.9
1339120 1799.2
1339130 1799.2
1339140 1808.8
1339150 1816.9
1339160 1816.9
1339170 1825.9
1339180 1834.9
1339190 1834.9
1339200 1841.0
1339210 1847.5
1339220 1847.5
1339230 1853.9
1339240 1861.2
1339250 1861.2
1339260 1869.6
1339270 1879.7
1339280 1879.7
1339290 1894.3
1339300 1910.1
1339310 1925.3
1339320 1925.3
1339330 1945.2
1339340 1961.3
1339350 1961.3
1339360 1970.8
1339370 1979.6
1339380 1979.6
1339390 1988.1
1339400 1997.4
1339410 1997.4
1339420 2007.1
1339430 2015.9
1339440 2015.9
1339450 2023.4
1339460 2030.9
1339470 2030.9
1339480 2038.2
1339490 2044.3
1339500 2044.3
1339510 2051.7
1339520 2061.9
1339530 2067.5
1339540 2067.5
1339550 2071.6
1339560 2075.6
1339570 2075.6
1339580 2079.3
1339590 2082.7
1339600 2082.7
1339610 2084.5
1339620 2088.6
1339630 2088.6
1339640 2094.2
1339650 2100.0
1339660 2100.0
1339670 2108.2
1339680 2119.1
1339690 2119.1
1339700 2128.2
1339710 2137.7
1339720 2137.7
1339730 2147.1
1339740 2155.2
1339750 2155.2
1339760 2162.5
1339770 2168.4
1339780 2173.4
1339790 2173.4
1339800 2177.3
1339810 2181.2
1339820 2181.2
1339830 2186.0
1339840 2191.1
1339850 2191.1
1339860 2197.2
1339870 2203.7
1339880 2203.7
1339890 2209.3
1339900 2215.1
1339910 2215.1
1339920 2221.4
1339930 2227.6
1339940 2227.6
1339950 2234.5
1339960 2242.8
1339970 2245.8
1339980 2256.4
1339990 2267.0
