1320000 942.9
1320010 936.3
1320020 930.7
1320030 930.7
1320040 923.9
1320050 914.7
1320060 914.7
1320070 906.7
1320080 880.6
1320090 880.6
1320100 852.5
1320110 840.8
1320120 840.8
1320130 822.0
1320140 816.5
1320150 809.6
1320160 809.6
1320170 801.2
1320180 790.7
1320190 790.7
1320200 783.4
1320210 771.1
1320220 771.1
1320230 743.3
1320240 719.2
1320250 719.2
1320260 696.8
1320270 668.0
1320280 668.0
1320290 656.8
1320300 651.7
1320310 651.7
1320320 648.4
1320330 644.0
1320340 644.0
1320350 638.6
1320360 632.7
1320370 632.7
1320380 625.7
1320390 619.6
1320400 617.9
1320410 617.9
1320420 617.4
1320430 617.6
1320440 617.6
1320450 617.5
1320460 617.2
1320470 617.2
1320480 616.8
1320490 616.6
1320500 616.6
1320510 616.5
1320520 616.6
1320530 616.6
1320540 616.7
1320550 615.9
1320560 615.9
1320570 613.7
1320580 613.4
1320590 613.4
1320600 613.5
1320610 615.4
1320620 616.7
1320630 616.7
1320640 616.7
1320650 617.0
1320660 617.0
1320670 616.8
1320680 616.5
1320690 616.5
1320700 616.2
1320710 616.2
1320720 616.2
1320730 616.1
1320740 615.8
1320750 615.8
1320760 615.4
1320770 615.1
1320780 615.1
1320790 615.3
1320800 615.4
1320810 615.4
1320820 615.5
1320830 615.8
1320840 615.8
1320850 616.2
1320860 617.2
1320870 617.2
1320880 617.2
1320890 616.2
1320900 615.9
1320910 615.9
1320920 615.8
1320930 615.6
1320940 615.6
1320950 615.5
1320960 615.4
1320970 615.4
1320980 615.9
1320990 616.1
1321000 616.1
1321010 616.1
1321020 615.8
1321030 615.8
1321040 615.7
1321050 615.6
1321060 615.6
1321070 615.5
1321080 615.3
1321090 615.1
1321100 615.1
1321110 615.0
1321120 615.1
1321130 615.1
1321140 614.8
1321150 614.7
1321160 614.7
1321170 614.8
1321180 615.0
1321190 615.0
1321200 615.0
1321210 615.0
1321220 615.0
1321230 615.1
1321240 614.8
1321250 614.8
1321260 614.6
1321270 614.4
1321280 614.4
1321290 614.6
1321300 614.4
1321310 614.4
1321320 614.2
1321330 614.3
1321340 614.4
1321350 614.4
1321360 614.5
1321370 614.6
1321380 614.6
1321390 614.6
1321400 614.5
1321410 614.5
1321420 614.5
1321430 614.6
1321440 614.6
1321450 615.0
1321460 616.2
1321470 616.2
1321480 616.8
1321490 616.7
1321500 616.7
1321510 617.3
1321520 618.9
1321530 618.9
1321540 620.6
1321550 622.3
1321560 622.3
1321570 624.6
1321580 627.6
1321590 631.0
1321600 631.0
1321610 637.0
1321620 641.2
1321630 641.2
1321640 645.9
1321650 647.1
1321660 647.1
1321670 649.8
1321680 654.6
1321690 654.6
1321700 660.3
1321710 666.3
1321720 666.3
1321730 672.3
1321740 678.3
1321750 678.3
1321760 684.9
1321770 691.5
1321780 691.5
1321790 697.9
1321800 705.1
1321810 712.4
1321820 712.4
1321830 719.6
1321840 726.7
1321850 726.7
1321860 734.1
1321870 741.3
1321880 741.3
1321890 748.8
1321900 756.5
1321910 756.5
1321920 764.1
1321930 771.8
1321940 771.8
1321950 778.7
1321960 785.0
1321970 785.0
1321980 792.4
1321990 817.6
1322000 817.6
1322010 841.0
1322020 853.8
1322030 853.8
1322040 864.8
1322050 872.8
1322060 879.2
1322070 879.2
1322080 885.2
1322090 890.3
1322100 890.3
1322110 897.4
1322120 904.8
1322130 904.8
1322140 913.8
1322150 927.4
1322160 927.4
1322170 937.2
1322180 946.7
1322190 946.7
1322200 959.4
1322210 967.4
1322220 967.4
1322230 978.3
1322240 987.7
1322250 987.7
1322260 1005.3
1322270 1023.9
1322280 1023.9
1322290 1029.5
1322300 1037.9
1322310 1061.8
1322320 1061.8
1322330 1077.6
1322340 1091.8
1322350 1091.8
1322360 1108.7
1322370 1113.9
1322380 1113.9
1322390 1125.1
1322400 1130.6
1322410 1130.6
1322420 1138.8
1322430 1147.2
1322440 1147.2
1322450 1152.9
1322460 1158.6
1322470 1158.6
1322480 1164.1
1322490 1169.1
1322500 1169.1
1322510 1173.9
1322520 1178.6
1322530 1182.0
1322540 1182.0
1322550 1185.6
1322560 1189.4
1322570 1189.4
1322580 1193.2
1322590 1197.1
1322600 1197.1
1322610 1200.7
1322620 1203.9
1322630 1203.9
1322640 1207.8
1322650 1212.6
1322660 1212.6
1322670 1218.2
1322680 1224.9
1322690 1224.9
1322700 1230.8
1322710 1237.4
1322720 1237.4
1322730 1247.1
1322740 1256.3
1322750 1256.3
1322760 1261.5
1322770 1264.3
1322780 1267.5
1322790 1267.5
1322800 1272.5
1322810 1278.4
1322820 1278.4
1322830 1284.8
1322840 1292.3
1322850 1292.3
1322860 1301.6
1322870 1307.0
1322880 1307.0
1322890 1310.8
1322900 1314.2
1322910 1314.2
1322920 1319.1
1322930 1324.9
1322940 1324.9
1322950 1330.1
1322960 1334.3
1322970 1334.3
1322980 1338.1
1322990 1341.6
1323000 1344.4
1323010 1344.4
1323020 1347.5
1323030 1351.7
1323040 1351.7
1323050 1356.2
1323060 1360.7
1323070 1360.7
1323080 1365.1
1323090 1369.5
1323100 1369.5
1323110 1374.4
1323120 1380.1
1323130 1380.1
1323140 1386.2
1323150 1392.3
1323160 1392.3
1323170 1400.3
1323180 1407.4
1323190 1407.4
1323200 1414.6
1323210 1422.0
1323220 1422.0
1323230 1429.9
1323240 1438.1
1323250 1445.8
1323260 1445.8
1323270 1453.4
1323280 1462.8
1323290 1462.8
1323300 1473.1
1323310 1484.4
1323320 1484.4
1323330 1502.2
1323340 1515.1
1323350 1515.1
1323360 1522.5
1323370 1525.3
1323380 1525.3
1323390 1525.5
1323400 1525.2
1323410 1525.2
1323420 1525.7
1323430 1529.1
1323440 1529.1
1323450 1534.5
1323460 1539.4
1323470 1539.4
1323480 1546.9
1323490 1551.4
1323500 1554.7
1323510 1554.7
1323520 1559.0
1323530 1563.5
1323540 1563.5
1323550 1567.2
1323560 1571.4
1323570 1571.4
1323580 1576.1
1323590 1581.7
1323600 1581.7
1323610 1589.1
1323620 1593.8
1323630 1593.8
1323640 1595.9
1323650 1597.4
1323660 1597.4
1323670 1599.1
1323680 1600.7
1323690 1600.7
1323700 1601.9
1323710 1602.1
1323720 1602.2
1323730 1602.2
1323740 1601.8
1323750 1601.0
1323760 1601.0
1323770 1600.1
1323780 1599.8
1323790 1599.8
1323800 1600.2
1323810 1600.8
1323820 1600.8
1323830 1601.1
1323840 1599.6
1323850 1599.6
1323860 1597.8
1323870 1596.2
1323880 1596.2
1323890 1594.6
1323900 1593.6
1323910 1593.6
1323920 1593.2
1323930 1593.6
1323940 1593.6
1323950 1594.3
1323960 1591.5
1323970 1590.8
1323980 1590.8
1323990 1588.9
1324000 1585.8
1324010 1585.8
1324020 1582.7
1324030 1580.5
1324040 1580.5
1324050 1578.2
1324060 1575.8
1324070 1575.8
1324080 1573.5
1324090 1571.5
1324100 1571.5
1324110 1570.1
1324120 1569.1
1324130 1569.1
1324140 1569.2
1324150 1569.1
1324160 1569.1
1324170 1569.7
1324180 1570.1
1324190 1570.2
1324200 1570.2
1324210 1570.0
1324220 1570.1
1324230 1570.1
1324240 1570.2
1324250 1569.6
1324260 1569.6
1324270 1568.5
1324280 1567.5
1324290 1567.5
1324300 1566.7
1324310 1565.6
1324320 1565.6
1324330 1564.5
1324340 1563.5
1324350 1563.5
1324360 1562.3
1324370 1560.7
1324380 1560.7
1324390 1559.2
1324400 1557.8
1324410 1557.8
1324420 1557.0
1324430 1556.7
1324440 1556.5
1324450 1556.5
1324460 1557.1
1324470 1558.1
1324480 1558.1
1324490 1558.8
1324500 1559.1
1324510 1559.1
1324520 1559.1
1324530 1559.1
1324540 1559.1
1324550 1559.9
1324560 1561.0
1324570 1561.0
1324580 1562.2
1324590 1563.2
1324600 1563.2
1324610 1564.2
1324620 1564.3
1324630 1564.3
1324640 1564.1
1324650 1565.0
1324660 1565.0
1324670 1566.3
1324680 1567.5
1324690 1569.2
1324700 1569.2
1324710 1571.4
1324720 1573.7
1324730 1573.7
1324740 1575.9
1324750 1578.3
1324760 1572.5
1324770 1574.4
1324780 1575.7
1324790 1575.7
1324800 1576.6
1324810 1577.2
1324820 1577.2
1324830 1577.3
1324840 1576.6
1324850 1576.6
1324860 1575.5
1324870 1574.2
1324880 1574.2
1324890 1572.5
1324900 1570.8
1324910 1569.1
1324920 1569.1
1324930 1567.6
1324940 1566.3
1324950 1566.3
1324960 1565.4
1324970 1565.4
1324980 1565.4
1324990 1565.5
1325000 1565.6
1325010 1565.6
1325020 1565.9
1325030 1566.1
1325040 1566.1
1325050 1566.3
1325060 1566.6
1325070 1566.6
1325080 1567.2
1325090 1567.6
1325100 1567.6
1325110 1567.8
1325120 1568.4
1325130 1568.4
1325140 1569.1
1325150 1569.3
1325160 1569.0
1325170 1569.0
1325180 1568.6
1325190 1568.2
1325200 1568.2
1325210 1568.5
1325220 1568.8
1325230 1568.8
1325240 1569.5
1325250 1569.8
1325260 1569.8
1325270 1569.9
1325280 1569.8
1325290 1569.8
1325300 1568.9
1325310 1567.8
1325320 1567.8
1325330 1566.3
1325340 1564.6
1325350 1564.6
1325360 1563.6
1325370 1562.3
1325380 1562.3
1325390 1561.7
1325400 1561.7
1325410 1560.7
1325420 1560.7
1325430 1561.5
1325440 1562.1
1325450 1562.1
1325460 1562.7
1325470 1562.9
1325480 1562.9
1325490 1562.9
1325500 1564.2
1325510 1564.2
1325520 1565.6
1325530 1566.6
1325540 1566.6
1325550 1567.5
1325560 1563.4
1325570 1563.4
1325580 1564.0
1325590 1564.5
1325600 1564.5
1325610 1565.5
1325620 1566.5
1325630 1567.6
1325640 1567.6
1325650 1568.7
1325660 1570.5
1325670 1570.5
1325680 1572.0
1325690 1573.6
1325700 1573.6
1325710 1574.9
1325720 1576.4
1325730 1576.4
1325740 1577.9
1325750 1579.6
1325760 1579.6
1325770 1582.1
1325780 1584.9
1325790 1584.9
1325800 1586.4
1325810 1586.7
1325820 1586.7
1325830 1586.0
1325840 1587.0
1325850 1587.0
1325860 1588.0
1325870 1589.7
1325880 1591.9
1325890 1591.9
1325900 1594.8
1325910 1597.5
1325920 1597.5
1325930 1600.1
1325940 1603.1
1325950 1603.1
1325960 1604.5
1325970 1605.4
1325980 1605.4
1325990 1606.9
1326000 1608.6
1326010 1608.6
1326020 1612.4
1326030 1614.4
1326040 1614.4
1326050 1615.1
1326060 1617.3
1326070 1617.3
1326080 1619.6
1326090 1622.5
1326100 1625.3
1326110 1625.3
1326120 1627.7
1326130 1629.4
1326140 1629.4
1326150 1631.6
1326160 1634.4
1326170 1634.4
1326180 1637.7
1326190 1639.1
1326200 1639.1
1326210 1636.0
1326220 1629.2
1326230 1629.2
1326240 1622.3
1326250 1625.2
1326260 1625.2
1326270 1634.2
1326280 1640.1
1326290 1640.1
1326300 1639.4
1326310 1636.4
1326320 1636.4
1326330 1634.1
1326340 1633.6
1326350 1635.0
1326360 1624.7
1326370 1623.7
1326380 1630.0
1326390 1630.0
1326400 1643.1
1326410 1656.4
1326420 1656.4
1326430 1667.7
1326440 1676.8
1326450 1676.8
1326460 1681.0
1326470 1683.3
1326480 1683.3
1326490 1685.8
1326500 1687.8
1326510 1687.8
1326520 1690.0
1326530 1691.5
1326540 1691.5
1326550 1693.4
1326560 1695.7
1326570 1695.7
1326580 1698.2
1326590 1700.9
1326600 1703.3
1326610 1703.3
1326620 1704.9
1326630 1706.8
1326640 1706.8
1326650 1707.8
1326660 1706.0
1326670 1706.0
1326680 1698.1
1326690 1689.6
1326700 1689.6
1326710 1679.3
1326720 1665.2
1326730 1665.2
1326740 1660.2
1326750 1667.8
1326760 1667.8
1326770 1672.0
1326780 1666.4
1326790 1666.4
1326800 1666.8
1326810 1679.8
1326820 1689.8
1326830 1689.8
1326840 1699.2
1326850 1708.7
1326860 1708.7
1326870 1715.7
1326880 1720.3
1326890 1720.3
1326900 1725.1
1326910 1730.2
1326920 1730.2
1326930 1735.1
1326940 1739.9
1326950 1739.9
1326960 1745.1
1326970 1750.1
1326980 1750.1
1326990 1754.0
1327000 1757.6
1327010 1757.6
1327020 1761.8
1327030 1766.2
1327040 1766.2
1327050 1770.2
1327060 1773.1
1327070 1775.2
1327080 1775.2
1327090 1776.5
1327100 1777.3
1327110 1777.3
1327120 1778.0
1327130 1778.9
1327140 1778.9
1327150 1779.9
1327160 1775.5
1327170 1775.5
1327180 1774.5
1327190 1773.0
1327200 1773.0
1327210 1772.3
1327220 1772.0
1327230 1772.0
1327240 1772.2
1327250 1772.3
1327260 1772.3
1327270 1772.9
1327280 1769.3
1327290 1759.5
1327300 1759.5
1327310 1763.2
1327320 1768.7
1327330 1768.7
1327340 1774.2
1327350 1774.7
1327360 1774.7
1327370 1774.2
1327380 1773.9
1327390 1773.9
1327400 1780.9
1327410 1789.8
1327420 1789.8
1327430 1794.9
1327440 1798.7
1327450 1798.7
1327460 1792.4
1327470 1797.1
1327480 1797.1
1327490 1798.2
1327500 1795.4
1327510 1795.4
1327520 1799.5
1327530 1803.7
1327540 1805.9
1327550 1805.9
1327560 1808.7
1327570 1810.9
1327580 1810.9
1327590 1812.5
1327600 1814.0
1327610 1814.0
1327620 1815.6
1327630 1816.7
1327640 1816.7
1327650 1819.2
1327660 1821.5
1327670 1821.5
1327680 1824.0
1327690 1826.6
1327700 1826.6
1327710 1830.3
1327720 1832.8
1327730 1832.8
1327740 1837.9
1327750 1842.3
1327760 1842.3
1327770 1846.3
1327780 1852.0
1327790 1856.3
1327800 1856.3
1327810 1857.6
1327820 1856.8
1327830 1856.8
1327840 1857.7
1327850 1860.2
1327860 1860.2
1327870 1862.9
1327880 1866.5
1327890 1866.5
1327900 1871.3
1327910 1872.5
1327920 1872.5
1327930 1872.3
1327940 1872.7
1327950 1872.7
1327960 1871.8
1327970 1865.4
1327980 1865.4
1327990 1867.3
1328000 1868.3
1328010 1869.2
1328020 1869.2
1328030 1869.8
1328040 1871.4
1328050 1871.4
1328060 1873.4
1328070 1876.2
1328080 1876.2
1328090 1880.3
1328100 1884.7
1328110 1884.7
1328120 1886.9
1328130 1885.2
1328140 1885.2
1328150 1883.8
1328160 1883.5
1328170 1883.5
1328180 1884.0
1328190 1885.5
1328200 1885.5
1328210 1886.6
1328220 1887.8
1328230 1887.8
1328240 1890.7
1328250 1893.4
1328260 1894.6
1328270 1894.6
1328280 1895.9
1328290 1897.4
1328300 1897.4
1328310 1899.2
1328320 1901.0
1328330 1901.0
1328340 1902.8
1328350 1904.6
1328360 1904.6
1328370 1906.7
1328380 1908.8
1328390 1908.8
1328400 1909.3
1328410 1910.0
1328420 1910.0
1328430 1911.9
1328440 1913.5
1328450 1913.5
1328460 1916.4
1328470 1920.0
1328480 1921.2
1328490 1921.2
1328500 1921.3
1328510 1921.5
1328520 1921.5
1328530 1921.3
1328540 1921.9
1328550 1921.9
1328560 1922.4
1328570 1922.8
1328580 1922.8
1328590 1922.0
1328600 1920.0
1328610 1920.0
1328620 1917.0
1328630 1913.5
1328640 1913.5
1328650 1911.0
1328660 1909.6
1328670 1909.6
1328680 1906.1
1328690 1903.7
1328700 1903.7
1328710 1901.9
1328720 1899.7
1328730 1897.5
1328740 1897.5
1328750 1895.2
1328760 1892.8
1328770 1892.8
1328780 1890.6
1328790 1884.3
1328800 1884.3
1328810 1882.9
1328820 1882.3
1328830 1882.3
1328840 1881.8
1328850 1881.9
1328860 1881.9
1328870 1882.5
1328880 1883.1
1328890 1883.1
1328900 1884.0
1328910 1884.8
1328920 1884.8
1328930 1884.9
1328940 1885.4
1328950 1885.4
1328960 1885.6
1328970 1886.5
1328980 1887.5
1328990 1887.5
1329000 1887.9
1329010 1888.0
1329020 1888.0
1329030 1889.2
1329040 1889.9
1329050 1889.9
1329060 1890.6
1329070 1892.0
1329080 1892.0
1329090 1892.7
1329100 1892.9
1329110 1892.9
1329120 1893.2
1329130 1892.7
1329140 1892.7
1329150 1892.9
1329160 1894.2
1329170 1894.2
1329180 1894.6
1329190 1894.0
1329200 1893.0
1329210 1893.0
1329220 1892.3
1329230 1891.9
1329240 1891.9
1329250 1892.4
1329260 1893.6
1329270 1893.6
1329280 1894.7
1329290 1895.5
1329300 1895.5
1329310 1895.6
1329320 1896.2
1329330 1896.2
1329340 1896.5
1329350 1897.4
1329360 1897.4
1329370 1898.6
1329380 1899.3
1329390 1899.3
1329400 1900.5
1329410 1901.1
1329420 1901.1
1329430 1901.8
1329440 1903.5
1329450 1904.3
1329460 1904.3
1329470 1905.4
1329480 1907.0
1329490 1907.0
1329500 1908.6
1329510 1910.2
1329520 1910.2
1329530 1911.4
1329540 1912.6
1329550 1912.6
1329560 1914.7
1329570 1916.5
1329580 1916.5
1329590 1918.7
1329600 1918.5
1329610 1918.5
1329620 1921.2
1329630 1923.9
1329640 1923.9
1329650 1926.2
1329660 1928.2
1329670 1928.2
1329680 1930.0
1329690 1931.3
1329700 1932.8
1329710 1932.8
1329720 1934.1
1329730 1934.3
1329740 1934.3
1329750 1935.4
1329760 1937.4
1329770 1937.4
1329780 1940.5
1329790 1943.5
1329800 1943.5
1329810 1945.1
1329820 1947.2
1329830 1947.2
1329840 1949.0
1329850 1951.7
1329860 1951.7
1329870 1954.3
1329880 1956.7
1329890 1956.7
1329900 1959.3
1329910 1961.6
1329920 1963.6
1329930 1963.6
1329940 1966.0
1329950 1968.8
1329960 1968.8
1329970 1972.3
1329980 1975.5
1329990 1975.5
1330000 1976.9
1330010 1978.4
1330020 1978.4
1330030 1981.0
1330040 1983.5
1330050 1983.5
1330060 1986.4
1330070 1989.5
1330080 1989.5
1330090 1992.4
1330100 1996.1
1330110 1996.1
1330120 2000.7
1330130 2005.2
1330140 2005.2
1330150 2009.8
1330160 2014.4
1330170 2019.0
1330180 2019.0
1330190 2024.0
1330200 2030.3
1330210 2030.3
1330220 2036.2
1330230 2041.3
1330240 2041.3
1330250 2046.8
1330260 2053.2
1330270 2053.2
1330280 2059.8
1330290 2066.4
1330300 2066.4
1330310 2073.3
1330320 2080.3
1330330 2080.3
1330340 2087.9
1330350 2096.2
1330360 2096.2
1330370 2104.4
1330380 2112.0
1330390 2119.2
1330400 2119.2
1330410 2125.3
1330420 2132.0
1330430 2126.8
1330440 2133.0
1330450 2139.3
1330460 2139.3
1330470 2144.7
1330480 2150.4
1330490 2150.4
1330500 2155.7
1330510 2160.5
1330520 2160.5
1330530 2165.9
1330540 2170.9
1330550 2170.9
1330560 2174.4
1330570 2177.1
1330580 2177.1
1330590 2179.0
1330600 2181.0
1330610 2181.0
1330620 2184.2
1330630 2187.5
1330640 2190.8
1330650 2190.8
1330660 2193.7
1330670 2196.1
1330680 2196.1
1330690 2198.3
1330700 2199.9
1330710 2199.9
1330720 2201.2
1330730 2202.3
1330740 2202.3
1330750 2203.3
1330760 2203.9
1330770 2203.9
1330780 2205.1
1330790 2206.1
1330800 2206.1
1330810 2206.1
1330820 2206.4
1330830 2206.4
1330840 2207.6
1330850 2208.4
1330860 2208.4
1330870 2209.9
1330880 2212.7
1330890 2216.0
1330900 2216.0
1330910 2218.3
1330920 2218.7
1330930 2218.7
1330940 2219.4
1330950 2220.9
1330960 2220.9
1330970 2221.7
1330980 2221.6
1330990 2221.6
1331000 2222.2
1331010 2224.1
1331020 2224.1
1331030 2226.9
1331040 2230.4
1331050 2230.4
1331060 2234.9
1331070 2239.6
1331080 2239.6
1331090 2243.6
1331100 2247.8
1331110 2252.0
1331120 2252.0
1331130 2255.7
1331140 2260.0
1331150 2260.0
1331160 2264.4
1331170 2269.4
1331180 2269.4
1331190 2275.0
1331200 2279.9
1331210 2279.9
1331220 2283.4
1331230 2286.9
1331240 2286.9
1331250 2294.1
1331260 2295.7
1331270 2295.7
1331280 2296.8
1331290 2298.7
1331300 2298.7
1331310 2302.1
1331320 2305.5
1331330 2305.5
1331340 2309.4
1331350 2311.8
1331360 2314.5
1331370 2314.5
1331380 2317.2
1331390 2319.9
1331400 2319.9
1331410 2322.6
1331420 2324.7
1331430 2324.7
1331440 2327.7
1331450 2332.4
1331460 2332.4
1331470 2336.6
1331480 2338.7
1331490 2338.7
1331500 2338.3
1331510 2335.5
1331520 2335.5
1331530 2331.1
1331540 2326.8
1331550 2326.8
1331560 2323.2
1331570 2319.1
1331580 2314.3
1331590 2314.3
1331600 2309.9
1331610 2306.5
1331620 2306.5
1331630 2305.5
1331640 2306.8
1331650 2306.8
1331660 2309.4
1331670 2310.5
1331680 2310.5
1331690 2311.0
1331700 2310.8
1331710 2310.8
1331720 2310.0
1331730 2308.9
1331740 2308.9
1331750 2307.5
1331760 2306.1
1331770 2306.1
1331780 2303.9
1331790 2301.1
1331800 2301.1
1331810 2298.3
1331820 2297.3
1331830 2297.2
1331840 2297.2
1331850 2296.8
1331860 2296.9
1331870 2296.9
1331880 2296.7
1331890 2296.2
1331900 2296.2
1331910 2295.3
1331920 2294.4
1331930 2294.4
1331940 2292.7
1331950 2290.8
1331960 2290.8
1331970 2288.8
1331980 2285.9
1331990 2285.9
1332000 2282.2
1332010 2278.0
1332020 2278.0
1332030 2273.7
1332040 2270.8
1332050 2270.8
1332060 2267.7
1332070 2265.9
1332080 2266.6
1332090 2266.6
1332100 2266.2
1332110 2266.8
1332120 2266.8
1332130 2268.6
1332140 2268.6
1332150 2268.6
1332160 2267.8
1332170 2267.5
1332180 2267.5
1332190 2266.0
1332200 2265.9
1332210 2265.9
1332220 2266.3
1332230 2266.4
1332240 2266.4
1332250 2266.7
1332260 2267.4
1332270 2267.4
1332280 2276.4
1332290 2288.3
1332300 2303.9
1332310 2303.9
1332320 2318.2
1332330 2326.6
1332340 2326.6
1332350 2328.0
1332360 2329.8
1332370 2329.8
1332380 2331.8
1332390 2332.9
1332400 2332.9
1332410 2332.4
1332420 2330.4
1332430 2330.4
1332440 2330.2
1332450 2331.7
1332460 2331.7
1332470 2334.8
1332480 2349.3
1332490 2349.3
1332500 2361.5
1332510 2366.0
1332520 2366.0
1332530 2367.8
1332540 2357.4
1332550 2334.1
1332560 2334.1
1332570 2305.4
1332580 2264.3
1332590 2264.3
1332600 2244.8
1332610 2239.0
1332620 2239.0
1332630 2235.7
1332640 2233.9
1332650 2233.9
1332660 2232.5
1332670 2232.4
1332680 2232.4
1332690 2235.2
1332700 2238.6
1332710 2238.6
1332720 2244.7
1332730 2264.8
1332740 2264.8
1332750 2284.4
1332760 2308.2
1332770 2324.3
1332780 2324.3
1332790 2342.3
1332800 2353.9
1332810 2353.9
1332820 2356.5
1332830 2341.5
1332840 2341.5
1332850 2323.0
1332860 2317.0
1332870 2317.0
1332880 2311.6
1332890 2306.5
1332900 2306.5
1332910 2302.4
1332920 2300.6
1332930 2300.6
1332940 2297.4
1332950 2294.3
1332960 2294.3
1332970 2291.7
1332980 2290.2
1332990 2290.2
1333000 2288.8
1333010 2286.4
1333020 2283.6
1333030 2283.6
1333040 2281.2
1333050 2279.8
1333060 2279.8
1333070 2277.2
1333080 2271.3
1333090 2271.3
1333100 2266.0
1333110 2261.7
1333120 2261.7
1333130 2257.6
1333140 2253.2
1333150 2253.2
1333160 2248.7
1333170 2243.7
1333180 2243.7
1333190 2237.5
1333200 2231.6
1333210 2231.6
1333220 2227.5
1333230 2226.6
1333240 2226.6
1333250 2226.4
1333260 2221.8
1333270 2215.9
1333280 2215.9
1333290 2212.1
1333300 2207.9
1333310 2207.9
1333320 2203.5
1333330 2198.3
1333340 2198.3
1333350 2193.1
1333360 2189.4
1333370 2189.4
1333380 2185.9
1333390 2182.2
1333400 2182.2
1333410 2177.1
1333420 2171.9
1333430 2171.9
1333440 2169.6
1333450 2169.5
1333460 2169.5
1333470 2167.0
1333480 2165.2
1333490 2165.5
1333500 2165.5
1333510 2166.2
1333520 2166.8
1333530 2166.8
1333540 2164.8
1333550 2161.7
1333560 2161.7
1333570 2159.0
1333580 2153.3
1333590 2153.3
1333600 2150.0
1333610 2155.7
1333620 2155.7
1333630 2164.5
1333640 2175.2
1333650 2175.2
1333660 2185.0
1333670 2199.0
1333680 2199.0
1333690 2207.6
1333700 2211.4
1333710 2211.4
1333720 2212.5
1333730 2213.6
1333740 2214.0
1333750 2214.0
1333760 2208.8
1333770 2207.2
1333780 2207.2
1333790 2204.8
1333800 2199.7
1333810 2199.7
1333820 2186.5
1333830 2173.1
1333840 2173.1
1333850 2165.3
1333860 2152.5
1333870 2152.5
1333880 2138.5
1333890 2130.3
1333900 2130.3
1333910 2123.3
1333920 2116.7
1333930 2116.7
1333940 2109.7
1333950 2103.3
1333960 2098.4
1333970 2098.4
1333980 2095.1
1333990 2092.3
1334000 2092.3
1334010 2089.9
1334020 2089.2
1334030 2089.2
1334040 2089.7
1334050 2090.9
1334060 2090.9
1334070 2094.4
1334080 2099.4
1334090 2099.4
1334100 2104.8
1334110 2109.2
1334120 2109.2
1334130 2109.5
1334140 2108.9
1334150 2108.9
1334160 2108.9
1334170 2111.3
1334180 2111.3
1334190 2116.4
1334200 2122.2
1334210 2130.4
1334220 2130.4
1334230 2139.4
1334240 2147.1
1334250 2147.1
1334260 2153.3
1334270 2158.1
1334280 2158.1
1334290 2163.1
1334300 2167.2
1334310 2167.2
1334320 2170.2
1334330 2171.7
1334340 2171.7
1334350 2173.3
1334360 2177.6
1334370 2177.6
1334380 2181.9
1334390 2185.0
1334400 2185.0
1334410 2189.0
1334420 2191.1
1334430 2191.1
1334440 2190.3
1334450 2182.6
1334460 2174.3
1334470 2174.3
1334480 2167.1
1334490 2160.0
1334500 2160.0
1334510 2153.1
1334520 2148.1
1334530 2148.1
1334540 2144.9
1334550 2142.7
1334560 2142.7
1334570 2140.2
1334580 2136.3
1334590 2136.3
1334600 2135.5
1334610 2130.2
1334620 2130.2
1334630 2124.1
1334640 2117.5
1334650 2117.5
1334660 2110.0
1334670 2101.3
1334680 2088.2
1334690 2088.2
1334700 2073.3
1334710 2057.3
1334720 2057.3
1334730 2044.6
1334740 2035.0
1334750 2035.0
1334760 2027.1
1334770 2020.2
1334780 2020.2
1334790 2014.2
1334800 2008.5
1334810 2008.5
1334820 2003.1
1334830 1998.6
1334840 1998.6
1334850 1994.9
1334860 1991.2
1334870 1991.2
1334880 1989.8
1334890 1989.6
1334900 1989.6
1334910 1989.3
1334920 1988.9
1334930 1988.3
1334940 1988.3
1334950 1987.9
1334960 1987.2
1334970 1987.2
1334980 1986.2
1334990 1983.8
1335000 1983.8
1335010 1981.9
1335020 1981.2
1335030 1981.2
1335040 1980.6
1335050 1979.0
1335060 1979.0
1335070 1976.4
1335080 1974.3
1335090 1974.3
1335100 1972.5
1335110 1970.5
1335120 1970.5
1335130 1968.6
1335140 1966.8
1335150 1966.8
1335160 1964.5
1335170 1961.9
1335180 1958.1
1335190 1958.1
1335200 1954.1
1335210 1950.0
1335220 1950.0
1335230 1946.8
1335240 1944.4
1335250 1944.4
1335260 1941.6
1335270 1937.6
1335280 1937.6
1335290 1931.9
1335300 1925.6
1335310 1925.6
1335320 1920.8
1335330 1917.0
1335340 1917.0
1335350 1913.5
1335360 1909.1
1335370 1909.1
1335380 1906.1
1335390 1903.8
1335400 1900.7
1335410 1900.7
1335420 1897.5
1335430 1895.8
1335440 1895.8
1335450 1896.0
1335460 1894.1
1335470 1894.1
1335480 1892.0
1335490 1892.4
1335500 1892.4
1335510 1891.4
1335520 1889.0
1335530 1889.0
1335540 1886.8
1335550 1883.6
1335560 1883.6
1335570 1878.7
1335580 1876.0
1335590 1876.0
1335600 1874.4
1335610 1872.4
1335620 1872.4
1335630 1870.1
1335640 1867.3
1335650 1861.8
1335660 1861.8
1335670 1854.6
1335680 1832.9
1335690 1832.9
1335700 1814.9
1335710 1805.4
1335720 1805.4
1335730 1802.5
1335740 1797.1
1335750 1797.1
1335760 1779.9
1335770 1755.1
1335780 1755.1
1335790 1740.0
1335800 1739.0
1335810 1739.0
1335820 1743.6
1335830 1743.9
1335840 1743.9
1335850 1745.6
1335860 1737.7
1335870 1725.6
1335880 1725.6
1335890 1712.4
1335900 1693.4
1335910 1693.4
1335920 1673.6
1335930 1668.8
1335940 1668.8
1335950 1665.0
1335960 1661.0
1335970 1661.0
1335980 1656.6
1335990 1652.3
1336000 1652.3
1336010 1648.3
1336020 1644.7
1336030 1644.7
1336040 1641.2
1336050 1637.8
1336060 1637.8
1336070 1634.8
1336080 1631.7
1336090 1631.7
1336100 1629.5
1336110 1628.4
1336120 1625.5
1336130 1625.5
1336140 1622.1
1336150 1619.2
1336160 1619.2
1336170 1616.7
1336180 1614.4
1336190 1614.4
1336200 1612.5
1336210 1611.3
1336220 1611.3
1336230 1610.3
1336240 1610.0
1336250 1610.0
1336260 1612.6
1336270 1616.6
1336280 1616.6
1336290 1620.3
1336300 1623.2
1336310 1625.7
1336320 1629.6
1336330 1634.1
1336340 1634.1
1336350 1639.2
1336360 1644.7
1336370 1650.4
1336380 1650.4
1336390 1656.3
1336400 1662.7
1336410 1662.7
1336420 1669.5
1336430 1676.4
1336440 1676.4
1336450 1683.8
1336460 1691.3
1336470 1691.3
1336480 1699.2
1336490 1706.6
1336500 1706.6
1336510 1713.8
1336520 1721.0
1336530 1721.0
1336540 1727.7
1336550 1734.3
1336560 1734.3
1336570 1741.4
1336580 1748.5
1336590 1759.0
1336600 1759.0
1336610 1774.8
1336620 1785.5
1336630 1785.5
1336640 1794.6
1336650 1803.1
1336660 1803.1
1336670 1809.7
1336680 1818.5
1336690 1818.5
1336700 1827.3
1336710 1837.9
1336720 1837.9
1336730 1853.6
1336740 1879.7
1336750 1879.7
1336760 1902.0
1336770 1920.7
1336780 1920.7
1336790 1930.5
1336800 1940.1
1336810 1940.1
1336820 1949.1
1336830 1957.6
1336840 1966.6
1336850 1966.6
1336860 1975.2
1336870 1984.1
1336880 1984.1
1336890 1992.8
1336900 2002.0
1336910 2002.0
1336920 2011.2
1336930 2020.8
1336940 2020.8
1336950 2030.3
1336960 2040.0
1336970 2040.0
1336980 2049.7
1336990 2059.1
1337000 2059.1
1337010 2068.9
1337020 2079.8
1337030 2079.8
1337040 2090.2
1337050 2099.7
1337060 2109.2
1337070 2109.2
1337080 2117.5
1337090 2125.8
1337100 2125.8
1337110 2135.0
1337120 2140.9
1337130 2140.9
1337140 2144.7
1337150 2147.8
1337160 2147.8
1337170 2132.4
1337180 2139.7
1337190 2139.7
1337200 2142.7
1337210 2141.6
1337220 2141.6
1337230 2143.7
1337240 2147.5
1337250 2147.5
1337260 2152.5
1337270 2164.2
1337280 2164.2
1337290 2175.4
1337300 2186.9
1337310 2199.4
1337320 2199.4
1337330 2207.9
1337340 2209.9
1337350 2209.9
1337360 2211.7
1337370 2206.8
1337380 2206.8
1337390 2197.3
1337400 2184.7
1337410 2184.7
1337420 2174.5
1337430 2165.4
1337440 2165.4
1337450 2156.4
1337460 2147.4
1337470 2147.4
1337480 2138.6
1337490 2129.1
1337500 2129.1
1337510 2119.4
1337520 2110.2
1337530 2110.2
1337540 2101.2
1337550 2092.5
1337560 2084.1
1337570 2084.1
1337580 2075.6
1337590 2067.3
1337600 2067.3
1337610 2060.0
1337620 2052.3
1337630 2052.3
1337640 2045.2
1337650 2038.3
1337660 2038.3
1337670 2031.6
1337680 2024.8
1337690 2024.8
1337700 2016.6
1337710 2006.7
1337720 2006.7
1337730 1991.8
1337740 1966.3
1337750 1966.3
1337760 1948.9
1337770 1940.2
1337780 1931.7
1337790 1931.7
1337800 1923.9
1337810 1915.6
1337820 1915.6
1337830 1904.7
1337840 1892.7
1337850 1892.7
1337860 1883.0
1337870 1876.2
1337880 1876.2
1337890 1869.7
1337900 1865.0
1337910 1865.0
1337920 1865.4
1337930 1858.8
1337940 1858.8
1337950 1855.8
1337960 1858.4
1337970 1858.4
1337980 1855.9
1337990 1848.5
1338000 1848.5
1338010 1840.2
1338020 1837.6
1338030 1853.2
1338040 1853.2
1338050 1847.4
1338060 1838.7
1338070 1838.7
1338080 1825.8
1338090 1811.1
1338100 1811.1
1338110 1800.5
1338120 1795.4
1338130 1795.4
1338140 1790.2
1338150 1784.4
1338160 1784.4
1338170 1777.9
1338180 1770.9
1338190 1770.9
1338200 1765.1
1338210 1757.9
1338220 1757.9
1338230 1749.0
1338240 1738.8
1338250 1727.8
1338260 1727.8
1338270 1719.0
1338280 1710.2
1338290 1710.2
1338300 1700.5
1338310 1693.7
1338320 1693.7
1338330 1679.3
1338340 1657.4
1338350 1657.4
1338360 1642.0
1338370 1633.9
1338380 1633.9
1338390 1626.5
1338400 1620.0
1338410 1620.0
1338420 1615.0
1338430 1611.6
1338440 1611.6
1338450 1607.5
1338460 1603.4
1338470 1603.4
1338480 1599.1
1338490 1594.4
1338500 1590.3
1338510 1590.3
1338520 1586.2
1338530 1582.3
1338540 1582.3
1338550 1578.5
1338560 1576.9
1338570 1576.9
1338580 1577.2
1338590 1577.5
1338600 1577.5
1338610 1577.1
1338620 1577.1
1338630 1577.1
1338640 1577.5
1338650 1577.5
1338660 1577.5
1338670 1577.9
1338680 1580.7
1338690 1580.7
1338700 1585.9
1338710 1592.0
1338720 1592.0
1338730 1598.4
1338740 1604.9
1338750 1611.6
1338760 1611.6
1338770 1617.8
1338780 1623.9
1338790 1623.9
1338800 1629.8
1338810 1636.9
1338820 1636.9
1338830 1657.2
1338840 1688.2
1338850 1688.2
1338860 1706.0
1338870 1721.1
1338880 1721.1
1338890 1732.9
1338900 1736.9
1338910 1736.9
1338920 1738.5
1338930 1738.3
1338940 1738.3
1338950 1736.6
1338960 1741.5
1338970 1750.0
1338980 1750.0
1338990 1761.1
1339000 1768.5
1339010 1768.5
1339020 1773.9
1339030 1780.7
1339040 1780.7
1339050 1788.0
1339060 1795.5
1339070 1795.5
1339080 1803.2
1339090 1812.3
1339100 1812.3
1339110 1830.8
1339120 1842.5
1339130 1842.5
1339140 1849.6
1339150 1862.4
1339160 1862.4
1339170 1872.8
1339180 1875.9
1339190 1875.9
1339200 1876.5
1339210 1876.3
1339220 1877.3
1339230 1877.3
1339240 1882.1
1339250 1890.0
1339260 1890.0
1339270 1895.9
1339280 1902.0
1339290 1902.0
1339300 1908.6
1339310 1915.7
1339320 1915.7
1339330 1923.9
1339340 1932.5
1339350 1932.5
1339360 1941.5
1339370 1949.9
1339380 1949.9
1339390 1958.4
1339400 1968.8
1339410 1968.8
1339420 1976.7
1339430 1985.5
1339440 1994.4
1339450 1994.4
1339460 2005.0
1339470 2020.2
1339480 2020.2
1339490 2040.5
1339500 2066.0
1339510 2066.0
1339520 2076.2
1339530 2082.7
1339540 2082.7
1339550 2089.8
1339560 2097.1
1339570 2097.1
1339580 2104.4
1339590 2112.4
1339600 2112.4
1339610 2123.5
1339620 2136.9
1339630 2136.9
1339640 2149.2
1339650 2159.4
1339660 2159.4
1339670 2166.4
1339680 2170.4
1339690 2174.2
1339700 2174.2
1339710 2178.8
1339720 2183.1
1339730 2183.1
1339740 2187.7
1339750 2191.9
1339760 2191.9
1339770 2195.1
1339780 2188.2
1339790 2188.2
1339800 2192.1
1339810 2197.8
1339820 2197.8
1339830 2205.7
1339840 2214.2
1339850 2214.2
1339860 2222.9
1339870 2228.9
1339880 2228.9
1339890 2234.8
1339900 2242.9
1339910 2242.9
1339920 2252.5
1339930 2263.2
1339940 2273.5
1339950 2273.5
1339960 2283.1
1339970 2292.4
1339980 2292.4
1339990 2298.6
