1320000 737.7
1320010 730.2
1320020 730.2
1320030 723.1
1320040 715.2
1320050 715.2
1320060 707.1
1320070 699.3
1320080 699.3
1320090 691.7
1320100 683.2
1320110 683.2
1320120 675.3
1320130 669.1
1320140 663.7
1320150 663.7
1320160 658.9
1320170 653.8
1320180 653.8
1320190 648.7
1320200 644.6
1320210 644.6
1320220 640.5
1320230 637.0
1320240 637.0
1320250 633.8
1320260 631.8
1320270 631.8
1320280 628.4
1320290 625.3
1320300 625.3
1320310 622.9
1320320 621.1
1320330 621.1
1320340 619.8
1320350 619.6
1320360 619.5
1320370 619.5
1320380 618.9
1320390 619.0
1320400 619.0
1320410 619.5
1320420 618.9
1320430 618.9
1320440 618.3
1320450 617.9
1320460 617.9
1320470 616.2
1320480 614.1
1320490 614.1
1320500 613.6
1320510 613.2
1320520 613.2
1320530 613.0
1320540 612.6
1320550 612.7
1320560 612.4
1320570 612.2
1320580 612.2
1320590 611.9
1320600 611.5
1320610 611.3
1320620 611.3
1320630 611.1
1320640 611.2
1320650 611.2
1320660 611.4
1320670 611.7
1320680 611.7
1320690 611.8
1320700 611.9
1320710 611.9
1320720 611.2
1320730 609.6
1320740 609.6
1320750 609.5
1320760 609.5
1320770 609.5
1320780 609.6
1320790 610.7
1320800 610.7
1320810 611.8
1320820 611.7
1320830 611.7
1320840 611.7
1320850 612.0
1320860 612.4
1320870 612.4
1320880 611.9
1320890 611.3
1320900 611.3
1320910 611.2
1320920 611.2
1320930 611.2
1320940 611.4
1320950 611.4
1320960 611.4
1320970 611.4
1320980 611.5
1320990 611.5
1321000 611.5
1321010 611.4
1321020 611.4
1321030 611.3
1321040 611.2
1321050 611.2
1321060 611.2
1321070 611.1
1321080 611.0
1321090 611.0
1321100 610.8
1321110 610.4
1321120 610.4
1321130 610.2
1321140 610.3
1321150 610.3
1321160 610.6
1321170 610.7
1321180 610.7
1321190 610.7
1321200 610.6
1321210 610.6
1321220 610.6
1321230 610.6
1321240 610.6
1321250 610.4
1321260 610.3
1321270 610.3
1321280 610.3
1321290 610.1
1321300 610.1
1321310 609.8
1321320 609.6
1321330 609.5
1321340 609.5
1321350 609.5
1321360 609.9
1321370 609.9
1321380 610.2
1321390 610.6
1321400 610.6
1321410 610.9
1321420 610.3
1321430 610.3
1321440 610.3
1321450 610.4
1321460 610.4
1321470 610.1
1321480 609.5
1321490 609.5
1321500 609.0
1321510 608.7
1321520 608.7
1321530 608.5
1321540 608.4
1321550 608.4
1321560 608.4
1321570 608.4
1321580 608.4
1321590 608.4
1321600 608.5
1321610 608.4
1321620 608.4
1321630 608.2
1321640 608.1
1321650 608.1
1321660 608.1
1321670 608.0
1321680 608.0
1321690 608.1
1321700 608.4
1321710 608.4
1321720 608.9
1321730 610.6
1321740 610.6
1321750 613.4
1321760 611.7
1321770 611.7
1321780 612.0
1321790 614.2
1321800 616.0
1321810 616.0
1321820 621.1
1321830 630.0
1321840 630.0
1321850 639.0
1321860 647.1
1321870 647.1
1321880 654.3
1321890 660.8
1321900 660.8
1321910 668.4
1321920 676.3
1321930 676.3
1321940 684.4
1321950 692.0
1321960 692.0
1321970 700.9
1321980 712.2
1321990 712.2
1322000 727.1
1322010 746.2
1322020 746.2
1322030 767.2
1322040 781.4
1322050 798.0
1322060 798.0
1322070 809.9
1322080 817.6
1322090 817.6
1322100 824.0
1322110 839.1
1322120 839.1
1322130 845.6
1322140 851.8
1322150 851.8
1322160 858.4
1322170 863.1
1322180 863.1
1322190 865.7
1322200 865.9
1322210 865.9
1322220 866.3
1322230 866.7
1322240 866.7
1322250 868.9
1322260 882.0
1322270 907.5
1322280 907.5
1322290 913.2
1322300 914.9
1322310 914.9
1322320 915.6
1322330 917.8
1322340 917.8
1322350 923.2
1322360 934.6
1322370 934.6
1322380 946.5
1322390 953.9
1322400 953.9
1322410 957.6
1322420 964.4
1322430 964.4
1322440 974.9
1322450 985.0
1322460 985.0
1322470 992.6
1322480 999.4
1322490 999.4
1322500 1006.1
1322510 1013.2
1322520 1021.1
1322530 1021.1
1322540 1029.1
1322550 1038.0
1322560 1038.0
1322570 1045.9
1322580 1053.6
1322590 1053.6
1322600 1061.2
1322610 1070.3
1322620 1070.3
1322630 1079.9
1322640 1086.9
1322650 1086.9
1322660 1094.4
1322670 1102.5
1322680 1102.5
1322690 1111.0
1322700 1118.6
1322710 1118.6
1322720 1126.3
1322730 1134.7
1322740 1134.7
1322750 1142.7
1322760 1149.8
1322770 1157.5
1322780 1157.5
1322790 1166.7
1322800 1179.4
1322810 1179.4
1322820 1189.0
1322830 1195.8
1322840 1195.8
1322850 1205.1
1322860 1219.5
1322870 1219.5
1322880 1231.3
1322890 1241.0
1322900 1241.0
1322910 1248.9
1322920 1256.1
1322930 1256.1
1322940 1263.4
1322950 1270.9
1322960 1270.9
1322970 1277.9
1322980 1286.8
1322990 1295.4
1323000 1295.4
1323010 1302.4
1323020 1309.3
1323030 1309.3
1323040 1319.6
1323050 1330.9
1323060 1330.9
1323070 1339.0
1323080 1345.0
1323090 1345.0
1323100 1355.3
1323110 1366.6
1323120 1366.6
1323130 1375.2
1323140 1385.5
1323150 1385.5
1323160 1397.9
1323170 1407.8
1323180 1407.8
1323190 1411.7
1323200 1416.8
1323210 1416.8
1323220 1423.7
1323230 1431.9
1323240 1443.0
1323250 1443.0
1323260 1454.0
1323270 1461.3
1323280 1461.3
1323290 1468.1
1323300 1474.3
1323310 1474.3
1323320 1477.6
1323330 1486.0
1323340 1486.0
1323350 1493.4
1323360 1496.7
1323370 1496.7
1323380 1498.5
1323390 1504.8
1323400 1504.8
1323410 1513.1
1323420 1520.0
1323430 1520.0
1323440 1526.2
1323450 1532.0
1323460 1532.0
1323470 1536.6
1323480 1539.4
1323490 1541.5
1323500 1541.5
1323510 1539.7
1323520 1538.5
1323530 1538.5
1323540 1537.9
1323550 1540.4
1323560 1540.4
1323570 1541.4
1323580 1541.3
1323590 1541.3
1323600 1542.0
1323610 1541.4
1323620 1541.4
1323630 1539.3
1323640 1538.1
1323650 1538.1
1323660 1536.8
1323670 1536.4
1323680 1543.4
1323690 1541.7
1323700 1539.1
1323710 1536.5
1323720 1536.5
1323730 1534.9
1323740 1535.0
1323750 1535.0
1323760 1537.2
1323770 1540.8
1323780 1540.8
1323790 1544.5
1323800 1546.7
1323810 1546.7
1323820 1547.5
1323830 1548.8
1323840 1548.8
1323850 1550.9
1323860 1551.7
1323870 1551.7
1323880 1550.6
1323890 1549.7
1323900 1549.7
1323910 1550.3
1323920 1550.9
1323930 1550.9
1323940 1551.3
1323950 1550.8
1323960 1549.9
1323970 1549.9
1323980 1549.7
1323990 1548.7
1324000 1548.7
1324010 1547.0
1324020 1544.8
1324030 1544.8
1324040 1543.1
1324050 1541.9
1324060 1541.9
1324070 1541.4
1324080 1541.2
1324090 1541.2
1324100 1540.2
1324110 1539.0
1324120 1539.0
1324130 1538.1
1324140 1537.5
1324150 1537.5
1324160 1536.5
1324170 1535.1
1324180 1535.1
1324190 1534.3
1324200 1533.6
1324210 1533.2
1324220 1533.2
1324230 1533.3
1324240 1533.4
1324250 1533.4
1324260 1534.2
1324270 1535.1
1324280 1535.1
1324290 1536.0
1324300 1537.6
1324310 1537.6
1324320 1540.3
1324330 1543.8
1324340 1543.8
1324350 1547.6
1324360 1550.8
1324370 1550.8
1324380 1552.2
1324390 1552.1
1324400 1552.1
1324410 1547.6
1324420 1545.4
1324430 1544.6
1324440 1544.6
1324450 1544.9
1324460 1544.5
1324470 1551.3
1324480 1549.8
1324490 1550.9
1324500 1550.9
1324510 1551.7
1324520 1551.4
1324530 1551.4
1324540 1553.7
1324550 1562.2
1324560 1562.2
1324570 1572.2
1324580 1582.4
1324590 1582.4
1324600 1594.2
1324610 1603.9
1324620 1603.9
1324630 1612.3
1324640 1620.6
1324650 1620.6
1324660 1628.3
1324670 1633.8
1324680 1637.8
1324690 1637.8
1324700 1642.8
1324710 1647.1
1324720 1647.1
1324730 1652.0
1324740 1657.7
1324750 1657.7
1324760 1663.0
1324770 1667.2
1324780 1667.2
1324790 1671.4
1324800 1675.7
1324810 1675.7
1324820 1679.7
1324830 1684.3
1324840 1684.3
1324850 1689.8
1324860 1695.4
1324870 1695.4
1324880 1700.1
1324890 1705.1
1324900 1711.1
1324910 1711.1
1324920 1716.5
1324930 1719.6
1324940 1719.6
1324950 1721.1
1324960 1723.1
1324970 1723.1
1324980 1726.5
1324990 1730.5
1325000 1730.5
1325010 1734.8
1325020 1739.5
1325030 1739.5
1325040 1743.5
1325050 1747.1
1325060 1747.1
1325070 1749.0
1325080 1750.6
1325090 1750.6
1325100 1753.4
1325110 1756.2
1325120 1756.2
1325130 1758.3
1325140 1759.8
1325150 1760.9
1325160 1760.9
1325170 1761.5
1325180 1761.8
1325190 1761.8
1325200 1762.3
1325210 1763.4
1325220 1763.4
1325230 1765.6
1325240 1768.1
1325250 1768.1
1325260 1771.6
1325270 1769.3
1325280 1769.3
1325290 1771.2
1325300 1773.2
1325310 1773.2
1325320 1775.6
1325330 1777.0
1325340 1777.0
1325350 1778.0
1325360 1779.5
1325370 1779.5
1325380 1781.1
1325390 1783.3
1325400 1785.4
1325410 1785.4
1325420 1786.6
1325430 1787.9
1325440 1787.9
1325450 1788.1
1325460 1788.2
1325470 1788.2
1325480 1788.8
1325490 1789.7
1325500 1789.7
1325510 1790.4
1325520 1790.7
1325530 1790.7
1325540 1791.3
1325550 1792.5
1325560 1792.5
1325570 1794.0
1325580 1795.0
1325590 1795.0
1325600 1795.6
1325610 1796.5
1325620 1797.6
1325630 1797.6
1325640 1797.9
1325650 1798.2
1325660 1798.2
1325670 1798.9
1325680 1799.8
1325690 1799.8
1325700 1801.4
1325710 1803.3
1325720 1803.3
1325730 1804.7
1325740 1805.4
1325750 1805.4
1325760 1806.3
1325770 1807.5
1325780 1807.5
1325790 1807.9
1325800 1806.9
1325810 1806.9
1325820 1807.5
1325830 1807.6
1325840 1807.6
1325850 1807.1
1325860 1807.7
1325870 1808.8
1325880 1808.8
1325890 1809.9
1325900 1811.1
1325910 1811.1
1325920 1811.6
1325930 1811.6
1325940 1811.6
1325950 1811.4
1325960 1811.6
1325970 1811.6
1325980 1812.0
1325990 1812.5
1326000 1812.5
1326010 1814.9
1326020 1816.9
1326030 1816.9
1326040 1817.2
1326050 1817.1
1326060 1817.1
1326070 1813.7
1326080 1816.8
1326090 1816.8
1326100 1821.0
1326110 1825.6
1326120 1828.2
1326130 1828.2
1326140 1827.9
1326150 1827.9
1326160 1827.9
1326170 1825.4
1326180 1822.3
1326190 1822.3
1326200 1821.1
1326210 1821.5
1326220 1821.5
1326230 1822.4
1326240 1823.6
1326250 1823.6
1326260 1825.5
1326270 1827.1
1326280 1827.1
1326290 1827.5
1326300 1827.9
1326310 1827.9
1326320 1828.8
1326330 1830.4
1326340 1831.8
1326350 1831.8
1326360 1833.5
1326370 1835.1
1326380 1835.1
1326390 1836.4
1326400 1837.8
1326410 1837.8
1326420 1840.3
1326430 1842.9
1326440 1842.9
1326450 1845.7
1326460 1848.3
1326470 1848.3
1326480 1851.1
1326490 1854.5
1326500 1854.5
1326510 1858.5
1326520 1862.6
1326530 1862.6
1326540 1867.0
1326550 1869.6
1326560 1869.6
1326570 1870.6
1326580 1872.0
1326590 1873.3
1326600 1873.3
1326610 1873.2
1326620 1872.4
1326630 1872.4
1326640 1872.2
1326650 1873.1
1326660 1873.1
1326670 1873.5
1326680 1871.3
1326690 1871.3
1326700 1864.5
1326710 1860.1
1326720 1860.1
1326730 1871.2
1326740 1879.7
1326750 1879.7
1326760 1883.6
1326770 1888.7
1326780 1888.7
1326790 1893.4
1326800 1898.9
1326810 1898.9
1326820 1904.8
1326830 1908.8
1326840 1912.4
1326850 1912.4
1326860 1917.3
1326870 1914.9
1326880 1914.9
1326890 1917.4
1326900 1924.6
1326910 1924.6
1326920 1933.7
1326930 1939.1
1326940 1939.1
1326950 1942.9
1326960 1947.0
1326970 1947.0
1326980 1952.0
1326990 1958.2
1327000 1958.2
1327010 1965.2
1327020 1970.8
1327030 1970.8
1327040 1976.8
1327050 1984.0
1327060 1993.1
1327070 1993.1
1327080 2000.4
1327090 2002.2
1327100 2002.2
1327110 2002.0
1327120 2001.1
1327130 2001.1
1327140 1999.2
1327150 1996.0
1327160 1996.0
1327170 1995.5
1327180 1997.9
1327190 1997.9
1327200 2001.3
1327210 2008.0
1327220 2008.0
1327230 2010.8
1327240 2012.6
1327250 2012.6
1327260 2017.2
1327270 2022.9
1327280 2022.9
1327290 2028.7
1327300 2033.8
1327310 2035.8
1327320 2035.8
1327330 2036.7
1327340 2037.4
1327350 2037.4
1327360 2037.1
1327370 2035.5
1327380 2035.5
1327390 2035.6
1327400 2041.9
1327410 2041.9
1327420 2043.7
1327430 2046.9
1327440 2046.9
1327450 2051.5
1327460 2055.4
1327470 2055.4
1327480 2057.2
1327490 2059.8
1327500 2059.8
1327510 2063.4
1327520 2067.2
1327530 2069.1
1327540 2069.1
1327550 2070.9
1327560 2071.9
1327570 2071.9
1327580 2072.9
1327590 2072.7
1327600 2072.7
1327610 2071.5
1327620 2073.1
1327630 2073.1
1327640 2078.0
1327650 2087.0
1327660 2087.0
1327670 2096.2
1327680 2097.0
1327690 2097.0
1327700 2100.3
1327710 2102.7
1327720 2102.7
1327730 2104.6
1327740 2105.3
1327750 2105.3
1327760 2103.3
1327770 2101.1
1327780 2098.6
1327790 2098.6
1327800 2099.9
1327810 2103.6
1327820 2103.6
1327830 2110.0
1327840 2120.1
1327850 2120.1
1327860 2126.9
1327870 2132.2
1327880 2132.2
1327890 2136.0
1327900 2137.7
1327910 2137.7
1327920 2137.5
1327930 2135.8
1327940 2135.8
1327950 2135.9
1327960 2142.4
1327970 2142.4
1327980 2147.0
1327990 2150.1
1328000 2150.1
1328010 2151.3
1328020 2152.6
1328030 2156.5
1328040 2156.5
1328050 2162.2
1328060 2168.8
1328070 2168.8
1328080 2175.1
1328090 2180.7
1328100 2180.7
1328110 2185.2
1328120 2190.0
1328130 2190.0
1328140 2193.3
1328150 2194.2
1328160 2194.2
1328170 2190.2
1328180 2186.0
1328190 2186.0
1328200 2182.5
1328210 2179.3
1328220 2179.3
1328230 2176.1
1328240 2173.6
1328250 2171.2
1328260 2171.2
1328270 2168.8
1328280 2168.0
1328290 2168.0
1328300 2167.6
1328310 2167.1
1328320 2167.1
1328330 2164.8
1328340 2162.1
1328350 2162.1
1328360 2159.6
1328370 2156.9
1328380 2156.9
1328390 2155.6
1328400 2154.2
1328410 2154.2
1328420 2152.8
1328430 2152.5
1328440 2152.5
1328450 2152.4
1328460 2152.8
1328470 2152.8
1328480 2154.0
1328490 2146.7
1328500 2147.6
1328510 2147.6
1328520 2149.5
1328530 2151.6
1328540 2151.6
1328550 2152.7
1328560 2154.1
1328570 2154.1
1328580 2156.0
1328590 2158.2
1328600 2158.2
1328610 2159.0
1328620 2158.6
1328630 2158.6
1328640 2161.2
1328650 2165.3
1328660 2165.3
1328670 2168.9
1328680 2173.4
1328690 2173.4
1328700 2177.6
1328710 2183.6
1328720 2183.6
1328730 2190.5
1328740 2195.0
1328750 2195.3
1328760 2195.3
1328770 2200.6
1328780 2204.2
1328790 2204.2
1328800 2205.6
1328810 2209.3
1328820 2209.3
1328830 2219.2
1328840 2223.0
1328850 2223.0
1328860 2220.0
1328870 2217.5
1328880 2217.5
1328890 2219.7
1328900 2216.9
1328910 2216.9
1328920 2212.5
1328930 2208.5
1328940 2208.5
1328950 2205.3
1328960 2203.2
1328970 2200.9
1328980 2200.9
1328990 2199.1
1329000 2195.8
1329010 2195.8
1329020 2194.8
1329030 2194.8
1329040 2194.8
1329050 2193.5
1329060 2194.7
1329070 2194.7
1329080 2194.4
1329090 2193.0
1329100 2193.0
1329110 2192.5
1329120 2191.8
1329130 2191.8
1329140 2192.6
1329150 2193.3
1329160 2193.3
1329170 2193.5
1329180 2194.3
1329190 2194.3
1329200 2196.0
1329210 2199.2
1329220 2205.0
1329230 2205.0
1329240 2211.7
1329250 2215.3
1329260 2215.3
1329270 2215.3
1329280 2213.9
1329290 2213.9
1329300 2212.1
1329310 2207.6
1329320 2207.6
1329330 2204.5
1329340 2200.7
1329350 2200.7
1329360 2196.6
1329370 2193.1
1329380 2193.1
1329390 2190.3
1329400 2188.9
1329410 2188.9
1329420 2188.3
1329430 2187.2
1329440 2186.1
1329450 2186.1
1329460 2185.9
1329470 2186.2
1329480 2186.2
1329490 2186.3
1329500 2186.2
1329510 2186.2
1329520 2184.8
1329530 2181.6
1329540 2181.6
1329550 2179.9
1329560 2179.7
1329570 2179.7
1329580 2180.3
1329590 2181.8
1329600 2181.8
1329610 2183.3
1329620 2183.5
1329630 2183.5
1329640 2182.2
1329650 2181.4
1329660 2181.4
1329670 2180.8
1329680 2182.7
1329690 2183.9
1329700 2183.9
1329710 2183.5
1329720 2183.0
1329730 2183.0
1329740 2185.8
1329750 2188.7
1329760 2188.7
1329770 2191.1
1329780 2192.0
1329790 2192.0
1329800 2190.8
1329810 2191.0
1329820 2191.0
1329830 2189.7
1329840 2190.4
1329850 2190.4
1329860 2192.1
1329870 2193.5
1329880 2193.5
1329890 2194.3
1329900 2189.0
1329910 2189.0
1329920 2184.5
1329930 2183.8
1329940 2185.6
1329950 2185.6
1329960 2191.5
1329970 2198.7
1329980 2198.7
1329990 2205.2
1330000 2211.1
1330010 2211.1
1330020 2218.3
1330030 2228.5
1330040 2228.5
1330050 2234.3
1330060 2231.2
1330070 2231.2
1330080 2228.3
1330090 2230.1
1330100 2230.1
1330110 2232.9
1330120 2234.2
1330130 2226.9
1330140 2233.0
1330150 2237.3
1330160 2238.6
1330170 2238.6
1330180 2235.3
1330190 2234.4
1330200 2234.4
1330210 2236.2
1330220 2235.4
1330230 2235.4
1330240 2234.4
1330250 2237.6
1330260 2237.6
1330270 2234.5
1330280 2231.7
1330290 2231.7
1330300 2225.2
1330310 2221.3
1330320 2221.3
1330330 2222.9
1330340 2227.9
1330350 2227.9
1330360 2227.8
1330370 2227.9
1330380 2227.9
1330390 2229.4
1330400 2230.7
1330410 2231.9
1330420 2231.9
1330430 2233.4
1330440 2235.6
1330450 2235.6
1330460 2235.7
1330470 2236.5
1330480 2236.5
1330490 2237.8
1330500 2239.0
1330510 2239.0
1330520 2239.9
1330530 2240.6
1330540 2240.6
1330550 2240.9
1330560 2241.8
1330570 2241.8
1330580 2243.5
1330590 2245.6
1330600 2245.6
1330610 2248.5
1330620 2252.2
1330630 2252.2
1330640 2255.5
1330650 2258.9
1330660 2262.5
1330670 2262.5
1330680 2265.8
1330690 2268.4
1330700 2268.4
1330710 2270.3
1330720 2273.5
1330730 2273.5
1330740 2278.2
1330750 2281.8
1330760 2281.8
1330770 2284.4
1330780 2288.1
1330790 2288.1
1330800 2293.4
1330810 2296.5
1330820 2296.5
1330830 2299.7
1330840 2302.3
1330850 2302.3
1330860 2304.2
1330870 2306.3
1330880 2308.5
1330890 2308.5
1330900 2310.6
1330910 2311.7
1330920 2311.7
1330930 2313.6
1330940 2317.5
1330950 2317.5
1330960 2314.5
1330970 2318.2
1330980 2318.2
1330990 2322.7
1331000 2326.4
1331010 2326.4
1331020 2332.0
1331030 2340.5
1331040 2340.5
1331050 2341.3
1331060 2333.4
1331070 2333.4
1331080 2326.8
1331090 2321.4
1331100 2321.4
1331110 2316.0
1331120 2310.5
1331130 2306.2
1331140 2306.2
1331150 2302.9
1331160 2300.5
1331170 2300.5
1331180 2298.7
1331190 2297.7
1331200 2297.7
1331210 2297.2
1331220 2296.4
1331230 2296.4
1331240 2296.8
1331250 2298.1
1331260 2298.1
1331270 2298.9
1331280 2300.1
1331290 2300.1
1331300 2300.7
1331310 2300.7
1331320 2300.7
1331330 2301.3
1331340 2300.7
1331350 2300.7
1331360 2298.8
1331370 2298.3
1331380 2297.3
1331390 2297.3
1331400 2297.2
1331410 2298.2
1331420 2298.2
1331430 2298.7
1331440 2299.6
1331450 2299.6
1331460 2300.3
1331470 2301.5
1331480 2301.5
1331490 2300.0
1331500 2296.6
1331510 2296.6
1331520 2293.3
1331530 2290.5
1331540 2290.5
1331550 2286.1
1331560 2283.7
1331570 2283.7
1331580 2283.8
1331590 2283.8
1331600 2283.4
1331610 2283.4
1331620 2281.0
1331630 2277.3
1331640 2277.3
1331650 2275.6
1331660 2273.8
1331670 2273.8
1331680 2271.3
1331690 2270.1
1331700 2270.1
1331710 2269.1
1331720 2268.1
1331730 2268.1
1331740 2268.2
1331750 2269.5
1331760 2269.5
1331770 2271.4
1331780 2272.7
1331790 2274.4
1331800 2272.6
1331810 2269.9
1331820 2269.9
1331830 2267.2
1331840 2265.0
1331850 2264.2
1331860 2264.2
1331870 2262.3
1331880 2259.3
1331890 2259.3
1331900 2255.8
1331910 2252.8
1331920 2252.8
1331930 2250.8
1331940 2248.0
1331950 2248.0
1331960 2243.8
1331970 2238.8
1331980 2238.8
1331990 2234.7
1332000 2230.5
1332010 2230.5
1332020 2226.4
1332030 2222.6
1332040 2222.6
1332050 2219.5
1332060 2216.3
1332070 2212.1
1332080 2212.1
1332090 2209.9
1332100 2209.5
1332110 2209.5
1332120 2207.4
1332130 2204.1
1332140 2204.1
1332150 2200.6
1332160 2194.6
1332170 2194.6
1332180 2188.0
1332190 2181.7
1332200 2181.7
1332210 2175.4
1332220 2171.5
1332230 2171.5
1332240 2167.3
1332250 2159.8
1332260 2159.8
1332270 2152.0
1332280 2145.0
1332290 2145.0
1332300 2138.5
1332310 2132.0
1332320 2125.6
1332330 2125.6
1332340 2119.2
1332350 2112.6
1332360 2112.6
1332370 2104.4
1332380 2094.9
1332390 2094.9
1332400 2086.8
1332410 2078.2
1332420 2078.2
1332430 2070.8
1332440 2064.2
1332450 2064.2
1332460 2057.7
1332470 2051.5
1332480 2051.5
1332490 2045.9
1332500 2040.6
1332510 2040.6
1332520 2035.4
1332530 2030.1
1332540 2030.1
1332550 2025.7
1332560 2022.4
1332570 2019.0
1332580 2019.0
1332590 2016.0
1332600 2013.1
1332610 2013.1
1332620 2011.1
1332630 2006.4
1332640 2006.4
1332650 2002.0
1332660 1998.4
1332670 1998.4
1332680 1996.5
1332690 1995.9
1332700 1995.9
1332710 1995.8
1332720 1994.5
1332730 1994.5
1332740 1992.2
1332750 1988.7
1332760 1988.7
1332770 1984.8
1332780 1981.1
1332790 1978.0
1332800 1978.0
1332810 1974.2
1332820 1970.2
1332830 1970.2
1332840 1967.9
1332850 1967.5
1332860 1967.5
1332870 1964.6
1332880 1961.5
1332890 1961.5
1332900 1959.9
1332910 1959.8
1332920 1959.8
1332930 1960.5
1332940 1962.4
1332950 1962.4
1332960 1964.2
1332970 1965.8
1332980 1965.8
1332990 1967.0
1333000 1967.4
1333010 1967.4
1333020 1968.6
1333030 1969.6
1333040 1972.9
1333050 1972.9
1333060 1975.8
1333070 1979.0
1333080 1979.0
1333090 1979.2
1333100 1980.8
1333110 1980.8
1333120 1983.8
1333130 1986.4
1333140 1986.4
1333150 1988.0
1333160 1988.5
1333170 1988.5
1333180 1988.6
1333190 1988.9
1333200 1988.9
1333210 1990.0
1333220 1990.7
1333230 1990.7
1333240 1990.7
1333250 1989.4
1333260 1989.4
1333270 1987.7
1333280 1987.0
1333290 1986.7
1333300 1986.7
1333310 1987.0
1333320 1987.9
1333330 1987.9
1333340 1988.0
1333350 1987.3
1333360 1987.3
1333370 1987.0
1333380 1987.7
1333390 1987.7
1333400 1988.7
1333410 1991.4
1333420 1991.4
1333430 1995.8
1333440 2000.3
1333450 2000.3
1333460 2026.0
1333470 2028.8
1333480 2028.8
1333490 2032.8
1333500 2029.5
1333510 2026.6
1333520 2026.6
1333530 2020.1
1333540 2008.5
1333550 2008.5
1333560 1997.6
1333570 1988.9
1333580 1988.9
1333590 1980.0
1333600 1968.3
1333610 1968.3
1333620 1957.0
1333630 1949.9
1333640 1949.9
1333650 1944.7
1333660 1940.2
1333670 1940.2
1333680 1935.9
1333690 1930.4
1333700 1930.4
1333710 1924.4
1333720 1919.8
1333730 1919.8
1333740 1918.4
1333750 1917.2
1333760 1916.9
1333770 1916.9
1333780 1917.4
1333790 1920.5
1333800 1920.5
1333810 1926.0
1333820 1931.9
1333830 1931.9
1333840 1949.2
1333850 1960.3
1333860 1960.3
1333870 1977.2
1333880 1995.5
1333890 1995.5
1333900 2001.5
1333910 2004.9
1333920 2004.9
1333930 2007.4
1333940 2006.1
1333950 2006.1
1333960 1992.0
1333970 1960.4
1333980 1943.5
1333990 1943.5
1334000 1928.2
1334010 1920.5
1334020 1920.5
1334030 1914.3
1334040 1908.2
1334050 1908.2
1334060 1902.0
1334070 1897.5
1334080 1897.5
1334090 1895.3
1334100 1894.9
1334110 1894.9
1334120 1895.4
1334130 1897.5
1334140 1897.5
1334150 1900.1
1334160 1900.0
1334170 1900.0
1334180 1900.7
1334190 1903.3
1334200 1903.3
1334210 1904.2
1334220 1902.1
1334230 1900.9
1334240 1900.9
1334250 1901.7
1334260 1904.9
1334270 1904.9
1334280 1907.5
1334290 1909.4
1334300 1916.0
1334310 1916.0
1334320 1913.6
1334330 1913.6
1334340 1910.5
1334350 1910.0
1334360 1910.0
1334370 1909.9
1334380 1912.0
1334390 1912.0
1334400 1914.1
1334410 1916.5
1334420 1916.5
1334430 1918.1
1334440 1919.7
1334450 1919.7
1334460 1921.3
1334470 1920.8
1334480 1921.6
1334490 1921.6
1334500 1922.5
1334510 1923.2
1334520 1923.2
1334530 1924.6
1334540 1926.9
1334550 1926.9
1334560 1930.8
1334570 1935.4
1334580 1935.4
1334590 1941.1
1334600 1951.2
1334610 1951.2
1334620 1959.1
1334630 1960.7
1334640 1960.7
1334650 1957.1
1334660 1945.3
1334670 1945.3
1334680 1929.4
1334690 1918.1
1334700 1908.7
1334710 1908.7
1334720 1900.2
1334730 1892.1
1334740 1892.1
1334750 1884.8
1334760 1877.2
1334770 1877.2
1334780 1869.9
1334790 1863.1
1334800 1863.1
1334810 1856.1
1334820 1848.7
1334830 1848.7
1334840 1843.4
1334850 1838.9
1334860 1838.9
1334870 1833.3
1334880 1827.8
1334890 1827.8
1334900 1822.5
1334910 1817.4
1334920 1817.4
1334930 1814.5
1334940 1811.1
1334950 1807.7
1334960 1807.7
1334970 1803.9
1334980 1801.0
1334990 1801.0
1335000 1798.5
1335010 1797.1
1335020 1797.1
1335030 1796.1
1335040 1796.8
1335050 1796.8
1335060 1798.0
1335070 1799.6
1335080 1799.6
1335090 1801.4
1335100 1802.6
1335110 1802.6
1335120 1802.8
1335130 1802.8
1335140 1802.8
1335150 1804.7
1335160 1804.1
1335170 1804.1
1335180 1802.5
1335190 1800.3
1335200 1798.9
1335210 1798.9
1335220 1797.5
1335230 1794.6
1335240 1794.6
1335250 1790.9
1335260 1787.4
1335270 1787.4
1335280 1783.4
1335290 1780.0
1335300 1780.0
1335310 1774.3
1335320 1761.3
1335330 1761.3
1335340 1753.0
1335350 1733.6
1335360 1733.6
1335370 1721.1
1335380 1715.7
1335390 1715.7
1335400 1708.4
1335410 1696.4
1335420 1683.9
1335430 1683.9
1335440 1675.8
1335450 1678.8
1335460 1678.8
1335470 1677.6
1335480 1665.3
1335490 1665.3
1335500 1646.9
1335510 1639.1
1335520 1639.1
1335530 1635.4
1335540 1620.2
1335550 1620.2
1335560 1608.5
1335570 1602.7
1335580 1602.7
1335590 1596.6
1335600 1590.4
1335610 1590.4
1335620 1583.1
1335630 1575.8
1335640 1575.8
1335650 1568.8
1335660 1561.9
1335670 1555.7
1335680 1555.7
1335690 1549.9
1335700 1544.9
1335710 1544.9
1335720 1541.5
1335730 1539.0
1335740 1539.0
1335750 1535.8
1335760 1532.8
1335770 1532.8
1335780 1529.9
1335790 1527.0
1335800 1527.0
1335810 1524.0
1335820 1520.4
1335830 1520.4
1335840 1517.2
1335850 1514.0
1335860 1514.0
1335870 1511.2
1335880 1509.1
1335890 1509.1
1335900 1507.2
1335910 1505.7
1335920 1504.0
1335930 1504.0
1335940 1501.1
1335950 1496.3
1335960 1496.3
1335970 1492.8
1335980 1496.0
1335990 1496.0
1336000 1500.4
1336010 1501.8
1336020 1501.8
1336030 1503.7
1336040 1506.4
1336050 1506.4
1336060 1510.9
1336070 1515.8
1336080 1515.8
1336090 1520.1
1336100 1523.9
1336110 1523.9
1336120 1529.2
1336130 1534.4
1336140 1540.0
1336150 1540.0
1336160 1546.2
1336170 1552.5
1336180 1552.5
1336190 1559.0
1336200 1565.5
1336210 1565.5
1336220 1572.2
1336230 1578.7
1336240 1578.7
1336250 1585.3
1336260 1592.0
1336270 1592.0
1336280 1598.6
1336290 1605.2
1336300 1605.2
1336310 1612.1
1336320 1619.3
1336330 1619.3
1336340 1626.8
1336350 1634.7
1336360 1634.7
1336370 1642.6
1336380 1650.3
1336390 1658.2
1336400 1658.2
1336410 1666.0
1336420 1674.1
1336430 1674.1
1336440 1682.1
1336450 1691.3
1336460 1691.3
1336470 1702.7
1336480 1711.3
1336490 1711.3
1336500 1719.7
1336510 1728.6
1336520 1728.6
1336530 1738.6
1336540 1749.2
1336550 1749.2
1336560 1761.2
1336570 1774.8
1336580 1774.8
1336590 1788.6
1336600 1806.7
1336610 1817.0
1336620 1817.0
1336630 1821.1
1336640 1826.2
1336650 1826.2
1336660 1832.1
1336670 1840.0
1336680 1840.0
1336690 1843.7
1336700 1849.8
1336710 1849.8
1336720 1861.2
1336730 1879.8
1336740 1879.8
1336750 1901.9
1336760 1913.8
1336770 1913.8
1336780 1924.8
1336790 1933.5
1336800 1933.5
1336810 1941.6
1336820 1949.6
1336830 1949.6
1336840 1957.5
1336850 1964.6
1336860 1963.5
1336870 1963.5
1336880 1971.4
1336890 1979.2
1336900 1979.2
1336910 1986.1
1336920 1993.9
1336930 1993.9
1336940 2001.6
1336950 2010.8
1336960 2010.8
1336970 2021.3
1336980 2031.9
1336990 2031.9
1337000 2041.7
1337010 2051.4
1337020 2051.4
1337030 2061.3
1337040 2070.6
1337050 2070.6
1337060 2080.4
1337070 2090.9
1337080 2090.9
1337090 2102.0
1337100 2114.3
1337110 2126.5
1337120 2126.5
1337130 2138.2
1337140 2146.7
1337150 2146.7
1337160 2153.4
1337170 2154.8
1337180 2154.8
1337190 2153.3
1337200 2150.6
1337210 2150.6
1337220 2146.8
1337230 2141.9
1337240 2141.9
1337250 2136.9
1337260 2131.1
1337270 2131.1
1337280 2125.0
1337290 2119.3
1337300 2119.3
1337310 2114.6
1337320 2108.2
1337330 2100.9
1337340 2100.9
1337350 2093.7
1337360 2084.4
1337370 2084.4
1337380 2074.9
1337390 2065.6
1337400 2065.6
1337410 2055.8
1337420 2046.4
1337430 2046.4
1337440 2037.3
1337450 2028.2
1337460 2028.2
1337470 2018.9
1337480 2009.9
1337490 2009.9
1337500 2000.9
1337510 1991.0
1337520 1991.0
1337530 1981.4
1337540 1971.9
1337550 1971.9
1337560 1961.6
1337570 1951.4
1337580 1938.7
1337590 1938.7
1337600 1926.9
1337610 1916.8
1337620 1916.8
1337630 1902.7
1337640 1879.8
1337650 1879.8
1337660 1856.0
1337670 1837.4
1337680 1837.4
1337690 1822.2
1337700 1810.9
1337710 1810.9
1337720 1806.5
1337730 1799.7
1337740 1799.7
1337750 1790.4
1337760 1780.2
1337770 1780.2
1337780 1773.6
1337790 1769.2
1337800 1769.2
1337810 1765.8
1337820 1764.1
1337830 1762.1
1337840 1762.1
1337850 1758.1
1337860 1756.3
1337870 1756.3
1337880 1756.8
1337890 1758.5
1337900 1758.5
1337910 1756.2
1337920 1750.7
1337930 1750.7
1337940 1745.8
1337950 1740.7
1337960 1740.7
1337970 1735.6
1337980 1729.5
1337990 1729.5
1338000 1719.8
1338010 1711.4
1338020 1711.4
1338030 1704.1
1338040 1697.4
1338050 1691.2
1338060 1691.2
1338070 1684.5
1338080 1680.5
1338090 1680.5
1338100 1674.0
1338110 1649.5
1338120 1649.5
1338130 1610.3
1338140 1592.9
1338150 1592.9
1338160 1587.6
1338170 1582.1
1338180 1582.1
1338190 1577.9
1338200 1575.5
1338210 1575.5
1338220 1572.6
1338230 1569.7
1338240 1569.7
1338250 1565.7
1338260 1560.8
1338270 1560.8
1338280 1555.7
1338290 1550.8
1338300 1546.1
1338310 1546.1
1338320 1541.2
1338330 1536.5
1338340 1536.5
1338350 1532.5
1338360 1529.2
1338370 1529.2
1338380 1527.3
1338390 1527.2
1338400 1527.2
1338410 1527.2
1338420 1528.0
1338430 1528.0
1338440 1530.0
1338450 1533.5
1338460 1533.5
1338470 1537.0
1338480 1541.5
1338490 1541.5
1338500 1545.9
1338510 1550.7
1338520 1555.5
1338530 1555.5
1338540 1560.3
1338550 1564.9
1338560 1564.9
1338570 1569.9
1338580 1574.7
1338590 1570.7
1338600 1574.1
1338610 1577.7
1338620 1577.7
1338630 1581.5
1338640 1585.8
1338650 1585.8
1338660 1589.5
1338670 1593.4
1338680 1593.4
1338690 1608.4
1338700 1640.5
1338710 1640.5
1338720 1658.3
1338730 1658.6
1338740 1658.6
1338750 1673.0
1338760 1711.2
1338770 1733.8
1338780 1733.8
1338790 1746.3
1338800 1756.7
1338810 1756.7
1338820 1767.8
1338830 1776.7
1338840 1776.7
1338850 1783.7
1338860 1790.5
1338870 1790.5
1338880 1798.0
1338890 1811.2
1338900 1811.2
1338910 1825.1
1338920 1834.3
1338930 1834.3
1338940 1846.0
1338950 1857.4
1338960 1857.4
1338970 1864.6
1338980 1869.8
1338990 1869.8
1339000 1876.8
1339010 1887.6
1339020 1898.2
1339030 1898.2
1339040 1907.0
1339050 1917.9
1339060 1917.9
1339070 1926.7
1339080 1931.7
1339090 1931.7
1339100 1937.1
1339110 1942.2
1339120 1942.2
1339130 1944.7
1339140 1944.1
1339150 1944.1
1339160 1950.1
1339170 1958.1
1339180 1958.1
1339190 1962.4
1339200 1966.6
1339210 1966.6
1339220 1968.6
1339230 1967.5
1339240 1964.8
1339250 1964.8
1339260 1964.7
1339270 1998.4
1339280 1998.4
1339290 2023.3
1339300 2035.5
1339310 2035.5
1339320 2047.1
1339330 2054.1
1339340 2054.1
1339350 2058.9
1339360 2064.0
1339370 2064.0
1339380 2069.5
1339390 2075.7
1339400 2075.7
1339410 2082.6
1339420 2089.8
1339430 2089.8
1339440 2097.2
1339450 2104.8
1339460 2104.5
1339470 2112.6
1339480 2120.7
1339490 2128.3
1339500 2128.3
1339510 2137.2
1339520 2148.3
1339530 2148.3
1339540 2157.2
1339550 2166.4
1339560 2166.4
1339570 2176.9
1339580 2186.7
1339590 2186.7
1339600 2195.9
1339610 2207.6
1339620 2207.6
1339630 2218.7
1339640 2231.3
1339650 2231.3
1339660 2250.7
1339670 2254.0
1339680 2254.0
1339690 2256.7
1339700 2262.5
1339710 2262.5
1339720 2270.5
1339730 2278.8
1339740 2285.5
1339750 2285.5
1339760 2295.1
1339770 2309.4
1339780 2309.4
1339790 2327.1
1339800 2340.0
1339810 2340.0
1339820 2346.1
1339830 2354.3
1339840 2354.3
1339850 2376.0
1339860 2389.1
1339870 2389.1
1339880 2387.7
1339890 2381.9
1339900 2381.9
1339910 2382.3
1339920 2387.8
1339930 2387.8
1339940 2393.3
1339950 2398.3
1339960 2404.0
1339970 2404.0
1339980 2410.5
1339990 2417.6
