1320000 717.9
1320010 709.4
1320020 709.4
1320030 702.4
1320040 697.3
1320050 692.3
1320060 692.3
1320070 686.8
1320080 681.2
1320090 681.2
1320100 675.1
1320110 668.4
1320120 668.4
1320130 661.8
1320140 654.1
1320150 654.1
1320160 646.8
1320170 639.1
1320180 639.1
1320190 631.3
1320200 624.9
1320210 624.9
1320220 620.7
1320230 616.6
1320240 616.6
1320250 613.2
1320260 610.8
1320270 610.1
1320280 610.1
1320290 610.1
1320300 610.2
1320310 610.2
1320320 610.2
1320330 610.2
1320340 610.2
1320350 610.2
1320360 610.2
1320370 610.2
1320380 610.5
1320390 610.6
1320400 610.6
1320410 610.7
1320420 610.7
1320430 610.7
1320440 610.8
1320450 610.9
1320460 610.9
1320470 611.6
1320480 612.2
1320490 612.2
1320500 612.4
1320510 612.2
1320520 612.1
1320530 612.1
1320540 612.7
1320550 617.0
1320560 617.0
1320570 625.7
1320580 630.0
1320590 630.0
1320600 632.4
1320610 633.2
1320620 633.2
1320630 633.6
1320640 629.5
1320650 629.5
1320660 623.6
1320670 619.7
1320680 619.7
1320690 614.8
1320700 611.2
1320710 611.2
1320720 610.6
1320730 610.8
1320740 610.4
1320750 610.4
1320760 608.7
1320770 608.4
1320780 608.4
1320790 608.2
1320800 608.8
1320810 608.8
1320820 610.8
1320830 610.4
1320840 610.4
1320850 610.3
1320860 610.3
1320870 610.3
1320880 610.9
1320890 611.5
1320900 611.5
1320910 611.2
1320920 611.0
1320930 611.0
1320940 610.9
1320950 610.8
1320960 610.8
1320970 611.0
1320980 610.9
1320990 610.8
1321000 610.8
1321010 610.6
1321020 610.5
1321030 610.5
1321040 610.2
1321050 610.0
1321060 610.0
1321070 610.1
1321080 610.2
1321090 610.2
1321100 610.2
1321110 610.0
1321120 610.0
1321130 609.7
1321140 609.6
1321150 609.6
1321160 609.9
1321170 610.2
1321180 610.2
1321190 610.3
1321200 610.2
1321210 610.2
1321220 610.1
1321230 610.0
1321240 610.1
1321250 610.1
1321260 609.9
1321270 609.6
1321280 609.6
1321290 609.5
1321300 609.6
1321310 609.6
1321320 609.5
1321330 609.3
1321340 609.3
1321350 609.2
1321360 609.0
1321370 609.0
1321380 609.0
1321390 609.0
1321400 609.0
1321410 609.3
1321420 609.4
1321430 609.4
1321440 608.7
1321450 608.7
1321460 609.1
1321470 609.1
1321480 609.3
1321490 609.3
1321500 609.3
1321510 609.2
1321520 609.2
1321530 609.2
1321540 609.1
1321550 609.0
1321560 609.0
1321570 608.9
1321580 608.7
1321590 608.7
1321600 608.5
1321610 608.2
1321620 608.2
1321630 607.9
1321640 607.7
1321650 607.7
1321660 607.5
1321670 607.4
1321680 607.4
1321690 607.5
1321700 607.8
1321710 608.3
1321720 608.3
1321730 609.1
1321740 610.3
1321750 610.3
1321760 612.5
1321770 616.5
1321780 616.5
1321790 621.6
1321800 626.6
1321810 626.6
1321820 631.3
1321830 636.7
1321840 636.7
1321850 642.5
1321860 647.9
1321870 647.9
1321880 652.7
1321890 658.5
1321900 658.5
1321910 664.6
1321920 670.8
1321930 670.8
1321940 679.2
1321950 685.6
1321960 692.8
1321970 692.8
1321980 699.3
1321990 705.6
1322000 705.6
1322010 712.8
1322020 720.8
1322030 720.8
1322040 729.6
1322050 740.0
1322060 740.0
1322070 750.6
1322080 759.5
1322090 759.5
1322100 765.2
1322110 771.6
1322120 771.6
1322130 778.1
1322140 784.1
1322150 784.1
1322160 791.4
1322170 800.2
1322180 824.0
1322190 824.0
1322200 856.4
1322210 878.0
1322220 878.0
1322230 895.2
1322240 907.6
1322250 907.6
1322260 915.3
1322270 922.3
1322280 922.3
1322290 928.7
1322300 935.1
1322310 935.1
1322320 939.6
1322330 943.8
1322340 943.8
1322350 948.3
1322360 953.1
1322370 953.1
1322380 958.1
1322390 963.7
1322400 963.7
1322410 969.9
1322420 976.2
1322430 982.2
1322440 982.2
1322450 988.5
1322460 994.5
1322470 994.5
1322480 1000.7
1322490 1007.1
1322500 1007.1
1322510 1014.1
1322520 1021.3
1322530 1021.3
1322540 1028.6
1322550 1036.1
1322560 1036.1
1322570 1043.0
1322580 1049.7
1322590 1049.7
1322600 1056.3
1322610 1063.3
1322620 1063.3
1322630 1070.4
1322640 1077.4
1322650 1077.4
1322660 1085.1
1322670 1092.8
1322680 1101.2
1322690 1101.2
1322700 1109.5
1322710 1118.8
1322720 1118.1
1322730 1127.4
1322740 1137.0
1322750 1137.0
1322760 1145.9
1322770 1161.7
1322780 1161.7
1322790 1178.1
1322800 1191.6
1322810 1191.6
1322820 1198.4
1322830 1202.7
1322840 1202.7
1322850 1206.9
1322860 1211.7
1322870 1211.7
1322880 1217.9
1322890 1224.1
1322900 1230.9
1322910 1230.9
1322920 1237.8
1322930 1242.8
1322940 1242.8
1322950 1248.4
1322960 1257.6
1322970 1257.6
1322980 1267.7
1322990 1275.1
1323000 1275.1
1323010 1281.5
1323020 1289.6
1323030 1289.6
1323040 1297.7
1323050 1306.4
1323060 1306.4
1323070 1317.2
1323080 1327.8
1323090 1327.8
1323100 1336.9
1323110 1346.8
1323120 1346.8
1323130 1365.6
1323140 1387.7
1323150 1401.3
1323160 1401.3
1323170 1407.7
1323180 1413.2
1323190 1413.2
1323200 1417.2
1323210 1422.8
1323220 1422.8
1323230 1428.2
1323240 1433.7
1323250 1433.7
1323260 1439.1
1323270 1444.1
1323280 1444.1
1323290 1448.6
1323300 1452.4
1323310 1452.4
1323320 1457.0
1323330 1461.7
1323340 1461.7
1323350 1467.0
1323360 1474.9
1323370 1474.9
1323380 1482.8
1323390 1482.7
1323400 1478.9
1323410 1478.9
1323420 1481.1
1323430 1485.4
1323440 1485.4
1323450 1486.9
1323460 1483.7
1323470 1483.7
1323480 1480.2
1323490 1477.7
1323500 1477.7
1323510 1487.7
1323520 1485.3
1323530 1485.3
1323540 1484.0
1323550 1484.0
1323560 1484.0
1323570 1484.6
1323580 1485.7
1323590 1485.7
1323600 1484.9
1323610 1483.9
1323620 1483.4
1323630 1483.4
1323640 1484.0
1323650 1484.7
1323660 1484.7
1323670 1484.6
1323680 1483.9
1323690 1483.9
1323700 1482.9
1323710 1483.2
1323720 1483.2
1323730 1484.4
1323740 1486.5
1323750 1486.5
1323760 1488.4
1323770 1491.4
1323780 1491.4
1323790 1493.9
1323800 1493.8
1323810 1493.8
1323820 1492.7
1323830 1492.0
1323840 1492.0
1323850 1492.3
1323860 1493.2
1323870 1493.8
1323880 1493.8
1323890 1494.9
1323900 1497.3
1323910 1497.3
1323920 1500.3
1323930 1502.9
1323940 1502.9
1323950 1506.7
1323960 1510.2
1323970 1510.2
1323980 1510.0
1323990 1508.9
1324000 1508.9
1324010 1507.4
1324020 1506.5
1324030 1506.5
1324040 1506.9
1324050 1507.0
1324060 1507.0
1324070 1505.9
1324080 1502.8
1324090 1502.8
1324100 1499.3
1324110 1498.8
1324120 1499.6
1324130 1499.6
1324140 1500.8
1324150 1502.2
1324160 1502.2
1324170 1503.5
1324180 1503.8
1324190 1503.8
1324200 1504.5
1324210 1503.6
1324220 1503.6
1324230 1501.2
1324240 1499.4
1324250 1499.4
1324260 1498.2
1324270 1497.7
1324280 1497.7
1324290 1497.1
1324300 1508.6
1324310 1508.6
1324320 1506.7
1324330 1504.0
1324340 1503.5
1324350 1503.5
1324360 1503.2
1324370 1505.1
1324380 1505.1
1324390 1505.7
1324400 1506.9
1324410 1506.9
1324420 1510.2
1324430 1513.1
1324440 1513.1
1324450 1515.1
1324460 1516.5
1324470 1516.5
1324480 1518.6
1324490 1521.7
1324500 1521.7
1324510 1524.3
1324520 1525.5
1324530 1525.5
1324540 1525.2
1324550 1526.2
1324560 1526.2
1324570 1527.8
1324580 1530.5
1324590 1535.1
1324600 1535.1
1324610 1539.9
1324620 1546.2
1324630 1546.2
1324640 1553.1
1324650 1560.3
1324660 1560.3
1324670 1567.1
1324680 1575.3
1324690 1575.3
1324700 1583.1
1324710 1589.6
1324720 1589.6
1324730 1595.3
1324740 1601.0
1324750 1601.0
1324760 1607.0
1324770 1613.1
1324780 1613.1
1324790 1618.0
1324800 1623.2
1324810 1637.5
1324820 1637.5
1324830 1660.1
1324840 1680.2
1324850 1680.2
1324860 1692.8
1324870 1710.1
1324880 1710.1
1324890 1721.6
1324900 1725.3
1324910 1725.3
1324920 1728.9
1324930 1731.5
1324940 1731.5
1324950 1733.6
1324960 1733.9
1324970 1733.9
1324980 1733.7
1324990 1735.0
1325000 1735.0
1325010 1739.0
1325020 1744.1
1325030 1744.1
1325040 1748.8
1325050 1751.6
1325060 1755.3
1325070 1755.3
1325080 1758.6
1325090 1761.0
1325100 1762.1
1325110 1765.2
1325120 1767.4
1325130 1767.4
1325140 1768.9
1325150 1770.3
1325160 1770.3
1325170 1770.8
1325180 1770.4
1325190 1770.4
1325200 1770.3
1325210 1770.7
1325220 1770.7
1325230 1771.8
1325240 1774.8
1325250 1774.8
1325260 1777.3
1325270 1780.5
1325280 1780.5
1325290 1785.3
1325300 1789.7
1325310 1793.8
1325320 1793.8
1325330 1798.4
1325340 1803.3
1325350 1803.3
1325360 1807.8
1325370 1811.6
1325380 1811.6
1325390 1816.1
1325400 1819.7
1325410 1819.7
1325420 1821.5
1325430 1820.0
1325440 1820.0
1325450 1818.7
1325460 1818.0
1325470 1818.0
1325480 1818.0
1325490 1818.9
1325500 1818.9
1325510 1820.3
1325520 1821.0
1325530 1820.4
1325540 1820.4
1325550 1819.3
1325560 1817.6
1325570 1817.6
1325580 1816.1
1325590 1816.1
1325600 1816.1
1325610 1817.3
1325620 1820.1
1325630 1820.1
1325640 1822.1
1325650 1823.7
1325660 1823.7
1325670 1825.2
1325680 1826.9
1325690 1826.9
1325700 1828.7
1325710 1830.1
1325720 1830.1
1325730 1831.5
1325740 1833.1
1325750 1833.1
1325760 1834.0
1325770 1834.8
1325780 1835.3
1325790 1835.3
1325800 1836.1
1325810 1837.6
1325820 1837.6
1325830 1838.5
1325840 1839.2
1325850 1839.2
1325860 1839.4
1325870 1839.2
1325880 1839.2
1325890 1839.0
1325900 1834.5
1325910 1834.5
1325920 1834.6
1325930 1834.5
1325940 1834.5
1325950 1834.5
1325960 1835.5
1325970 1835.5
1325980 1836.9
1325990 1838.3
1326000 1838.3
1326010 1839.9
1326020 1841.5
1326030 1842.4
1326040 1842.4
1326050 1843.1
1326060 1843.6
1326070 1843.6
1326080 1845.1
1326090 1847.4
1326100 1847.4
1326110 1850.3
1326120 1851.6
1326130 1851.6
1326140 1851.8
1326150 1853.6
1326160 1853.6
1326170 1857.1
1326180 1859.1
1326190 1859.1
1326200 1858.7
1326210 1858.0
1326220 1858.0
1326230 1858.2
1326240 1859.2
1326250 1860.9
1326260 1860.9
1326270 1862.0
1326280 1862.8
1326290 1862.8
1326300 1864.9
1326310 1867.1
1326320 1867.1
1326330 1869.2
1326340 1870.6
1326350 1870.6
1326360 1871.7
1326370 1872.9
1326380 1872.9
1326390 1873.6
1326400 1875.9
1326410 1875.9
1326420 1879.8
1326430 1883.2
1326440 1883.2
1326450 1886.7
1326460 1890.3
1326470 1890.3
1326480 1894.7
1326490 1897.4
1326500 1899.3
1326510 1899.3
1326520 1900.8
1326530 1902.2
1326540 1902.2
1326550 1903.7
1326560 1905.3
1326570 1905.3
1326580 1906.5
1326590 1907.1
1326600 1907.1
1326610 1907.4
1326620 1907.7
1326630 1907.7
1326640 1908.9
1326650 1910.7
1326660 1910.7
1326670 1912.4
1326680 1911.9
1326690 1911.9
1326700 1904.6
1326710 1901.8
1326720 1901.8
1326730 1898.6
1326740 1895.1
1326750 1893.3
1326760 1893.3
1326770 1897.1
1326780 1901.1
1326790 1901.1
1326800 1906.8
1326810 1913.2
1326820 1913.2
1326830 1918.7
1326840 1926.5
1326850 1926.5
1326860 1936.3
1326870 1944.2
1326880 1944.2
1326890 1950.3
1326900 1955.7
1326910 1955.7
1326920 1961.2
1326930 1966.8
1326940 1966.8
1326950 1972.4
1326960 1978.2
1326970 1983.3
1326980 1983.3
1326990 1986.9
1327000 1989.6
1327010 1989.6
1327020 1993.8
1327030 1998.7
1327040 1998.7
1327050 2002.7
1327060 2007.0
1327070 2007.0
1327080 2011.4
1327090 2016.2
1327100 2016.2
1327110 2020.9
1327120 2026.3
1327130 2026.3
1327140 2031.0
1327150 2034.2
1327160 2034.2
1327170 2036.1
1327180 2038.1
1327190 2038.1
1327200 2041.1
1327210 2045.3
1327220 2049.3
1327230 2049.3
1327240 2052.7
1327250 2056.2
1327260 2056.2
1327270 2059.2
1327280 2062.0
1327290 2062.0
1327300 2065.0
1327310 2068.5
1327320 2068.5
1327330 2071.0
1327340 2073.0
1327350 2073.0
1327360 2075.0
1327370 2077.5
1327380 2077.5
1327390 2079.8
1327400 2082.2
1327410 2082.2
1327420 2084.2
1327430 2085.8
1327440 2087.8
1327450 2087.8
1327460 2090.0
1327470 2094.5
1327480 2094.5
1327490 2099.8
1327500 2104.0
1327510 2098.7
1327520 2101.8
1327530 2104.9
1327540 2104.9
1327550 2107.1
1327560 2108.7
1327570 2108.7
1327580 2110.2
1327590 2112.0
1327600 2112.0
1327610 2115.0
1327620 2117.2
1327630 2117.2
1327640 2118.5
1327650 2118.8
1327660 2118.8
1327670 2119.6
1327680 2121.9
1327690 2124.3
1327700 2124.3
1327710 2128.0
1327720 2133.3
1327730 2133.3
1327740 2138.2
1327750 2142.8
1327760 2142.8
1327770 2147.7
1327780 2152.7
1327790 2152.7
1327800 2156.8
1327810 2160.9
1327820 2160.9
1327830 2165.7
1327840 2171.0
1327850 2171.0
1327860 2175.9
1327870 2181.0
1327880 2181.0
1327890 2184.8
1327900 2187.5
1327910 2187.5
1327920 2189.8
1327930 2190.5
1327940 2190.8
1327950 2190.8
1327960 2190.1
1327970 2189.9
1327980 2189.9
1327990 2192.5
1328000 2196.0
1328010 2196.0
1328020 2199.3
1328030 2202.2
1328040 2202.2
1328050 2205.2
1328060 2208.1
1328070 2208.1
1328080 2212.0
1328090 2216.3
1328100 2216.3
1328110 2221.1
1328120 2225.7
1328130 2225.7
1328140 2229.8
1328150 2234.5
1328160 2239.5
1328170 2239.5
1328180 2243.0
1328190 2240.8
1328200 2240.8
1328210 2237.1
1328220 2233.9
1328230 2233.9
1328240 2232.2
1328250 2229.7
1328260 2229.7
1328270 2227.1
1328280 2224.6
1328290 2224.6
1328300 2221.9
1328310 2219.4
1328320 2211.9
1328330 2210.9
1328340 2210.5
1328350 2210.5
1328360 2209.1
1328370 2208.7
1328380 2208.7
1328390 2204.6
1328400 2202.5
1328410 2202.8
1328420 2202.8
1328430 2203.0
1328440 2201.4
1328450 2201.4
1328460 2201.7
1328470 2202.8
1328480 2202.8
1328490 2205.2
1328500 2208.4
1328510 2208.4
1328520 2211.8
1328530 2218.8
1328540 2218.8
1328550 2224.2
1328560 2225.3
1328570 2225.3
1328580 2229.5
1328590 2234.7
1328600 2234.7
1328610 2237.0
1328620 2239.5
1328630 2239.5
1328640 2247.7
1328650 2253.9
1328660 2258.8
1328670 2258.8
1328680 2260.3
1328690 2258.3
1328700 2258.3
1328710 2259.6
1328720 2262.3
1328730 2262.3
1328740 2263.8
1328750 2264.9
1328760 2264.9
1328770 2266.8
1328780 2268.4
1328790 2268.4
1328800 2270.2
1328810 2272.2
1328820 2272.2
1328830 2274.1
1328840 2271.1
1328850 2271.1
1328860 2266.9
1328870 2262.9
1328880 2258.6
1328890 2258.6
1328900 2252.2
1328910 2247.4
1328920 2247.4
1328930 2242.6
1328940 2237.2
1328950 2237.2
1328960 2232.6
1328970 2228.3
1328980 2228.3
1328990 2225.9
1329000 2225.1
1329010 2225.1
1329020 2225.3
1329030 2227.1
1329040 2227.1
1329050 2227.0
1329060 2225.3
1329070 2225.3
1329080 2225.0
1329090 2223.5
1329100 2223.5
1329110 2222.1
1329120 2220.5
1329130 2222.5
1329140 2222.5
1329150 2220.6
1329160 2217.0
1329170 2217.0
1329180 2216.2
1329190 2216.4
1329200 2216.4
1329210 2215.3
1329220 2212.2
1329230 2212.2
1329240 2207.6
1329250 2206.0
1329260 2206.0
1329270 2201.1
1329280 2191.5
1329290 2191.5
1329300 2187.2
1329310 2182.5
1329320 2182.5
1329330 2177.4
1329340 2173.1
1329350 2173.1
1329360 2171.0
1329370 2169.8
1329380 2168.7
1329390 2168.7
1329400 2168.5
1329410 2169.0
1329420 2169.0
1329430 2169.9
1329440 2170.5
1329450 2170.5
1329460 2171.3
1329470 2172.2
1329480 2172.2
1329490 2174.1
1329500 2175.7
1329510 2175.7
1329520 2177.1
1329530 2178.8
1329540 2178.8
1329550 2179.3
1329560 2179.8
1329570 2179.8
1329580 2180.9
1329590 2181.2
1329600 2180.5
1329610 2180.5
1329620 2179.4
1329630 2177.4
1329640 2177.4
1329650 2173.3
1329660 2169.5
1329670 2169.5
1329680 2164.8
1329690 2160.4
1329700 2160.4
1329710 2158.0
1329720 2161.4
1329730 2161.4
1329740 2165.0
1329750 2167.4
1329760 2167.4
1329770 2167.1
1329780 2165.0
1329790 2165.0
1329800 2163.9
1329810 2166.5
1329820 2166.5
1329830 2170.7
1329840 2172.3
1329850 2173.2
1329860 2173.2
1329870 2173.8
1329880 2174.8
1329890 2174.8
1329900 2176.6
1329910 2179.3
1329920 2179.3
1329930 2182.2
1329940 2185.7
1329950 2191.3
1329960 2193.7
1329970 2195.1
1329980 2195.1
1329990 2196.9
1330000 2199.5
1330010 2199.5
1330020 2203.2
1330030 2206.3
1330040 2206.3
1330050 2210.1
1330060 2214.8
1330070 2219.2
1330080 2219.2
1330090 2222.2
1330100 2221.7
1330110 2221.7
1330120 2220.8
1330130 2221.2
1330140 2221.2
1330150 2220.0
1330160 2219.2
1330170 2219.2
1330180 2219.3
1330190 2219.7
1330200 2219.7
1330210 2220.8
1330220 2221.9
1330230 2221.9
1330240 2220.3
1330250 2219.1
1330260 2219.1
1330270 2219.2
1330280 2220.6
1330290 2220.6
1330300 2222.9
1330310 2226.5
1330320 2232.1
1330330 2232.1
1330340 2236.8
1330350 2241.9
1330360 2241.9
1330370 2245.3
1330380 2247.0
1330390 2247.0
1330400 2247.6
1330410 2248.4
1330420 2248.4
1330430 2248.9
1330440 2249.7
1330450 2249.7
1330460 2250.7
1330470 2252.4
1330480 2252.4
1330490 2254.8
1330500 2257.2
1330510 2257.2
1330520 2259.9
1330530 2262.9
1330540 2262.9
1330550 2266.0
1330560 2269.7
1330570 2274.2
1330580 2274.2
1330590 2279.3
1330600 2286.6
1330610 2286.6
1330620 2293.5
1330630 2300.1
1330640 2300.1
1330650 2305.7
1330660 2311.1
1330670 2311.1
1330680 2316.7
1330690 2321.7
1330700 2321.7
1330710 2324.2
1330720 2328.3
1330730 2328.3
1330740 2331.8
1330750 2337.2
1330760 2337.2
1330770 2342.6
1330780 2336.5
1330790 2339.7
1330800 2339.7
1330810 2343.6
1330820 2349.0
1330830 2349.0
1330840 2350.4
1330850 2349.9
1330860 2349.9
1330870 2350.7
1330880 2354.0
1330890 2354.0
1330900 2353.6
1330910 2354.8
1330920 2354.8
1330930 2356.8
1330940 2362.3
1330950 2362.3
1330960 2370.2
1330970 2375.1
1330980 2375.1
1330990 2382.3
1331000 2389.4
1331010 2389.4
1331020 2389.2
1331030 2382.1
1331040 2373.6
1331050 2373.6
1331060 2363.9
1331070 2353.4
1331080 2353.4
1331090 2342.9
1331100 2333.5
1331110 2333.5
1331120 2326.4
1331130 2320.1
1331140 2320.1
1331150 2315.2
1331160 2310.4
1331170 2310.4
1331180 2305.6
1331190 2301.1
1331200 2301.1
1331210 2296.7
1331220 2292.5
1331230 2292.5
1331240 2288.4
1331250 2284.5
1331260 2284.5
1331270 2281.3
1331280 2279.2
1331290 2277.1
1331300 2277.1
1331310 2274.6
1331320 2272.4
1331330 2272.4
1331340 2270.7
1331350 2269.8
1331360 2269.8
1331370 2268.9
1331380 2267.1
1331390 2267.1
1331400 2264.3
1331410 2261.3
1331420 2261.3
1331430 2259.4
1331440 2260.0
1331450 2260.0
1331460 2262.1
1331470 2262.1
1331480 2262.1
1331490 2263.7
1331500 2264.7
1331510 2262.6
1331520 2262.6
1331530 2258.9
1331540 2258.2
1331550 2258.2
1331560 2259.0
1331570 2258.5
1331580 2258.5
1331590 2256.2
1331600 2256.7
1331610 2261.8
1331620 2266.4
1331630 2264.8
1331640 2264.8
1331650 2261.1
1331660 2260.3
1331670 2260.3
1331680 2257.3
1331690 2258.8
1331700 2258.8
1331710 2261.9
1331720 2264.6
1331730 2264.6
1331740 2266.1
1331750 2266.5
1331760 2267.0
1331770 2267.0
1331780 2267.3
1331790 2268.3
1331800 2268.3
1331810 2272.1
1331820 2276.9
1331830 2276.9
1331840 2279.1
1331850 2276.0
1331860 2276.0
1331870 2271.5
1331880 2265.3
1331890 2265.3
1331900 2259.7
1331910 2256.6
1331920 2256.6
1331930 2253.3
1331940 2249.7
1331950 2249.7
1331960 2246.4
1331970 2241.4
1331980 2241.4
1331990 2235.4
1332000 2229.6
1332010 2224.5
1332020 2224.5
1332030 2220.7
1332040 2218.3
1332050 2218.3
1332060 2215.5
1332070 2211.7
1332080 2211.7
1332090 2206.4
1332100 2201.6
1332110 2201.6
1332120 2196.7
1332130 2192.4
1332140 2192.4
1332150 2188.1
1332160 2183.4
1332170 2183.4
1332180 2179.9
1332190 2177.0
1332200 2177.0
1332210 2174.0
1332220 2170.6
1332230 2167.7
1332240 2167.7
1332250 2164.4
1332260 2161.0
1332270 2161.0
1332280 2157.9
1332290 2154.0
1332300 2154.0
1332310 2150.5
1332320 2147.3
1332330 2147.3
1332340 2142.7
1332350 2139.1
1332360 2139.1
1332370 2134.9
1332380 2130.1
1332390 2130.1
1332400 2126.1
1332410 2121.0
1332420 2121.0
1332430 2115.1
1332440 2105.1
1332450 2105.1
1332460 2098.8
1332470 2088.0
1332480 2079.1
1332490 2079.1
1332500 2071.5
1332510 2063.6
1332520 2063.6
1332530 2056.2
1332540 2049.9
1332550 2049.9
1332560 2043.0
1332570 2035.9
1332580 2035.9
1332590 2028.6
1332600 2021.1
1332610 2021.1
1332620 2013.7
1332630 2006.8
1332640 2006.8
1332650 2000.0
1332660 1993.4
1332670 1993.4
1332680 1986.8
1332690 1980.5
1332700 1975.5
1332710 1975.5
1332720 1972.9
1332730 1970.4
1332740 1970.4
1332750 1967.5
1332760 1964.4
1332770 1964.4
1332780 1961.4
1332790 1958.1
1332800 1958.1
1332810 1954.7
1332820 1951.4
1332830 1951.4
1332840 1948.1
1332850 1945.0
1332860 1945.0
1332870 1941.5
1332880 1937.7
1332890 1937.7
1332900 1933.1
1332910 1928.1
1332920 1928.1
1332930 1923.2
1332940 1918.5
1332950 1913.9
1332960 1913.9
1332970 1910.3
1332980 1906.8
1332990 1906.8
1333000 1903.0
1333010 1899.6
1333020 1899.6
1333030 1896.7
1333040 1894.0
1333050 1894.0
1333060 1892.2
1333070 1891.9
1333080 1891.9
1333090 1892.6
1333100 1894.0
1333110 1894.0
1333120 1897.1
1333130 1900.2
1333140 1900.2
1333150 1902.7
1333160 1904.0
1333170 1904.0
1333180 1907.1
1333190 1908.1
1333200 1906.2
1333210 1906.2
1333220 1908.1
1333230 1910.7
1333240 1910.7
1333250 1913.0
1333260 1915.0
1333270 1915.0
1333280 1929.7
1333290 1933.6
1333300 1933.6
1333310 1937.2
1333320 1939.6
1333330 1939.6
1333340 1940.4
1333350 1940.4
1333360 1940.4
1333370 1940.5
1333380 1939.8
1333390 1939.8
1333400 1937.6
1333410 1936.2
1333420 1936.7
1333430 1936.7
1333440 1937.2
1333450 1938.1
1333460 1938.1
1333470 1939.0
1333480 1939.6
1333490 1939.6
1333500 1936.9
1333510 1921.6
1333520 1921.6
1333530 1916.8
1333540 1918.4
1333550 1918.4
1333560 1919.6
1333570 1921.0
1333580 1921.0
1333590 1922.1
1333600 1923.2
1333610 1923.2
1333620 1923.3
1333630 1922.5
1333640 1922.5
1333650 1917.0
1333660 1909.6
1333670 1899.0
1333680 1899.0
1333690 1895.3
1333700 1894.7
1333710 1894.7
1333720 1891.1
1333730 1887.0
1333740 1887.0
1333750 1881.4
1333760 1877.9
1333770 1877.9
1333780 1877.9
1333790 1881.2
1333800 1881.2
1333810 1885.7
1333820 1887.2
1333830 1887.2
1333840 1890.5
1333850 1895.1
1333860 1895.1
1333870 1900.3
1333880 1905.1
1333890 1905.1
1333900 1909.2
1333910 1914.6
1333920 1925.5
1333930 1925.5
1333940 1937.8
1333950 1943.8
1333960 1943.8
1333970 1947.0
1333980 1941.3
1333990 1941.3
1334000 1923.1
1334010 1894.5
1334020 1894.5
1334030 1878.5
1334040 1871.3
1334050 1871.3
1334060 1864.5
1334070 1857.8
1334080 1857.8
1334090 1851.4
1334100 1847.6
1334110 1847.6
1334120 1854.1
1334130 1858.2
1334140 1861.2
1334150 1861.2
1334160 1864.8
1334170 1868.9
1334180 1868.9
1334190 1869.5
1334200 1868.5
1334210 1868.5
1334220 1869.2
1334230 1871.5
1334240 1871.5
1334250 1872.7
1334260 1872.8
1334270 1872.8
1334280 1871.1
1334290 1870.4
1334300 1870.4
1334310 1869.9
1334320 1867.4
1334330 1867.4
1334340 1864.5
1334350 1861.1
1334360 1861.1
1334370 1859.5
1334380 1860.5
1334390 1862.2
1334400 1862.2
1334410 1863.5
1334420 1863.7
1334430 1863.7
1334440 1863.9
1334450 1864.6
1334460 1864.6
1334470 1864.7
1334480 1865.1
1334490 1865.1
1334500 1865.9
1334510 1867.9
1334520 1867.9
1334530 1870.2
1334540 1871.7
1334550 1871.7
1334560 1873.6
1334570 1876.3
1334580 1876.3
1334590 1879.1
1334600 1881.2
1334610 1881.2
1334620 1884.1
1334630 1886.8
1334640 1888.8
1334650 1888.8
1334660 1892.4
1334670 1893.9
1334680 1893.9
1334690 1887.8
1334700 1881.6
1334710 1881.6
1334720 1875.7
1334730 1869.1
1334740 1869.1
1334750 1860.1
1334760 1850.9
1334770 1850.9
1334780 1842.6
1334790 1834.8
1334800 1834.8
1334810 1828.1
1334820 1821.7
1334830 1821.7
1334840 1815.5
1334850 1809.9
1334860 1804.7
1334870 1804.7
1334880 1799.1
1334890 1794.7
1334900 1794.7
1334910 1790.7
1334920 1787.2
1334930 1787.2
1334940 1784.9
1334950 1782.8
1334960 1782.8
1334970 1785.7
1334980 1783.6
1334990 1783.6
1335000 1781.8
1335010 1780.9
1335020 1780.9
1335030 1779.6
1335040 1779.2
1335050 1779.2
1335060 1779.8
1335070 1780.2
1335080 1780.2
1335090 1780.5
1335100 1780.1
1335110 1780.4
1335120 1780.4
1335130 1781.5
1335140 1782.7
1335150 1782.7
1335160 1781.9
1335170 1780.4
1335180 1780.4
1335190 1777.9
1335200 1775.3
1335210 1775.3
1335220 1770.5
1335230 1766.7
1335240 1766.7
1335250 1763.3
1335260 1754.1
1335270 1754.1
1335280 1728.5
1335290 1692.9
1335300 1692.9
1335310 1684.8
1335320 1675.3
1335330 1675.3
1335340 1660.2
1335350 1653.0
1335360 1646.8
1335370 1646.8
1335380 1639.4
1335390 1632.2
1335400 1632.2
1335410 1626.3
1335420 1620.6
1335430 1620.6
1335440 1616.2
1335450 1612.5
1335460 1612.5
1335470 1608.5
1335480 1602.9
1335490 1602.9
1335500 1595.8
1335510 1588.3
1335520 1588.3
1335530 1580.0
1335540 1572.0
1335550 1572.0
1335560 1564.3
1335570 1558.3
1335580 1552.6
1335590 1552.6
1335600 1547.3
1335610 1542.3
1335620 1542.3
1335630 1537.3
1335640 1533.0
1335650 1533.0
1335660 1529.6
1335670 1525.1
1335680 1525.1
1335690 1520.0
1335700 1515.9
1335710 1515.9
1335720 1511.2
1335730 1506.1
1335740 1506.1
1335750 1502.0
1335760 1498.5
1335770 1498.5
1335780 1494.5
1335790 1492.6
1335800 1492.6
1335810 1490.6
1335820 1492.0
1335830 1490.0
1335840 1490.0
1335850 1487.8
1335860 1486.2
1335870 1486.2
1335880 1485.1
1335890 1483.4
1335900 1483.4
1335910 1482.4
1335920 1481.0
1335930 1481.0
1335940 1480.1
1335950 1479.1
1335960 1479.1
1335970 1481.8
1335980 1485.0
1335990 1485.0
1336000 1490.1
1336010 1496.7
1336020 1496.7
1336030 1503.8
1336040 1510.3
1336050 1516.5
1336060 1516.5
1336070 1522.6
1336080 1529.1
1336090 1529.1
1336100 1535.4
1336110 1541.2
1336120 1541.2
1336130 1546.4
1336140 1551.7
1336150 1551.7
1336160 1557.2
1336170 1563.2
1336180 1563.2
1336190 1569.6
1336200 1575.5
1336210 1575.5
1336220 1581.6
1336230 1588.1
1336240 1588.1
1336250 1594.5
1336260 1601.0
1336270 1601.0
1336280 1608.0
1336290 1614.9
1336300 1622.1
1336310 1622.1
1336320 1629.4
1336330 1636.8
1336340 1636.8
1336350 1644.0
1336360 1651.1
1336370 1651.1
1336380 1658.2
1336390 1665.5
1336400 1665.5
1336410 1672.4
1336420 1681.3
1336430 1681.3
1336440 1692.4
1336450 1701.4
1336460 1701.4
1336470 1708.8
1336480 1715.7
1336490 1715.7
1336500 1722.8
1336510 1729.9
1336520 1729.9
1336530 1737.5
1336540 1747.2
1336550 1759.0
1336560 1759.0
1336570 1770.6
1336580 1783.4
1336590 1783.4
1336600 1797.1
1336610 1809.4
1336620 1809.4
1336630 1822.7
1336640 1837.2
1336650 1837.2
1336660 1850.3
1336670 1867.1
1336680 1874.3
1336690 1887.1
1336700 1898.7
1336710 1898.7
1336720 1910.5
1336730 1922.8
1336740 1922.8
1336750 1934.4
1336760 1944.5
1336770 1953.8
1336780 1953.8
1336790 1962.1
1336800 1969.4
1336810 1969.4
1336820 1975.3
1336830 1981.6
1336840 1981.6
1336850 1988.2
1336860 1993.7
1336870 1993.7
1336880 1999.7
1336890 2005.1
1336900 2005.1
1336910 2010.7
1336920 2017.3
1336930 2017.3
1336940 2022.8
1336950 2028.7
1336960 2028.7
1336970 2034.7
1336980 2041.3
1336990 2041.3
1337000 2048.7
1337010 2056.6
1337020 2065.2
1337030 2065.2
1337040 2074.2
1337050 2083.6
1337060 2083.6
1337070 2093.5
1337080 2104.1
1337090 2104.1
1337100 2112.9
1337110 2116.5
1337120 2116.5
1337130 2117.0
1337140 2112.7
1337150 2112.7
1337160 2109.2
1337170 2105.6
1337180 2105.6
1337190 2102.6
1337200 2096.7
1337210 2096.7
1337220 2092.1
1337230 2086.5
1337240 2086.5
1337250 2080.7
1337260 2075.6
1337270 2069.5
1337280 2069.5
1337290 2062.5
1337300 2055.9
1337310 2055.9
1337320 2052.5
1337330 2048.8
1337340 2048.8
1337350 2045.4
1337360 2040.7
1337370 2040.7
1337380 2034.9
1337390 2028.4
1337400 2028.4
1337410 2022.2
1337420 2015.1
1337430 2015.1
1337440 2006.9
1337450 1995.4
1337460 1995.4
1337470 1982.1
1337480 1969.9
1337490 1961.0
1337500 1961.0
1337510 1957.4
1337520 1952.3
1337530 1952.3
1337540 1957.0
1337550 1949.9
1337560 1949.9
1337570 1943.0
1337580 1937.2
1337590 1937.2
1337600 1930.3
1337610 1923.1
1337620 1923.1
1337630 1916.5
1337640 1908.0
1337650 1908.0
1337660 1898.8
1337670 1890.0
1337680 1890.0
1337690 1872.2
1337700 1840.2
1337710 1840.2
1337720 1819.2
1337730 1793.8
1337740 1776.2
1337750 1776.2
1337760 1767.0
1337770 1757.9
1337780 1757.9
1337790 1749.2
1337800 1739.7
1337810 1739.7
1337820 1730.2
1337830 1722.1
1337840 1722.1
1337850 1714.7
1337860 1708.0
1337870 1708.0
1337880 1700.4
1337890 1691.9
1337900 1691.9
1337910 1683.2
1337920 1676.7
1337930 1676.7
1337940 1673.8
1337950 1672.6
1337960 1667.0
1337970 1667.0
1337980 1660.0
1337990 1653.8
1338000 1653.8
1338010 1641.6
1338020 1628.0
1338030 1628.0
1338040 1619.1
1338050 1613.0
1338060 1613.0
1338070 1606.4
1338080 1600.1
1338090 1600.1
1338100 1592.3
1338110 1583.0
1338120 1583.0
1338130 1574.5
1338140 1561.0
1338150 1561.0
1338160 1554.6
1338170 1550.4
1338180 1550.4
1338190 1546.3
1338200 1542.2
1338210 1538.3
1338220 1538.3
1338230 1534.9
1338240 1531.1
1338250 1531.1
1338260 1528.2
1338270 1525.5
1338280 1525.5
1338290 1523.1
1338300 1521.1
1338310 1521.1
1338320 1519.6
1338330 1519.0
1338340 1519.0
1338350 1521.0
1338360 1524.3
1338370 1524.3
1338380 1527.3
1338390 1530.5
1338400 1529.3
1338410 1533.3
1338420 1536.1
1338430 1536.1
1338440 1539.6
1338450 1543.5
1338460 1547.3
1338470 1547.3
1338480 1552.0
1338490 1557.4
1338500 1557.4
1338510 1563.0
1338520 1567.8
1338530 1567.8
1338540 1572.8
1338550 1578.1
1338560 1578.1
1338570 1583.7
1338580 1589.5
1338590 1589.5
1338600 1595.2
1338610 1601.0
1338620 1601.0
1338630 1607.2
1338640 1613.5
1338650 1613.5
1338660 1619.0
1338670 1625.0
1338680 1631.0
1338690 1631.0
1338700 1637.2
1338710 1644.0
1338720 1644.0
1338730 1652.6
1338740 1662.7
1338750 1662.7
1338760 1675.8
1338770 1683.5
1338780 1683.5
1338790 1686.6
1338800 1690.1
1338810 1690.1
1338820 1696.3
1338830 1703.4
1338840 1703.4
1338850 1711.4
1338860 1719.8
1338870 1719.8
1338880 1727.5
1338890 1737.0
1338900 1737.0
1338910 1746.7
1338920 1755.5
1338930 1763.8
1338940 1763.8
1338950 1770.3
1338960 1776.4
1338970 1776.4
1338980 1785.9
1338990 1795.8
1339000 1795.8
1339010 1802.1
1339020 1809.6
1339030 1809.6
1339040 1813.2
1339050 1815.1
1339060 1815.1
1339070 1818.5
1339080 1825.2
1339090 1825.2
1339100 1834.6
1339110 1846.8
1339120 1846.8
1339130 1857.0
1339140 1871.2
1339150 1871.2
1339160 1886.9
1339170 1900.2
1339180 1914.8
1339190 1914.8
1339200 1940.9
1339210 1965.9
1339220 1965.9
1339230 1974.0
1339240 1990.5
1339250 1990.5
1339260 2001.1
1339270 2010.6
1339280 2015.6
1339290 2026.5
1339300 2036.2
1339310 2036.2
1339320 2046.5
1339330 2054.5
1339340 2054.5
1339350 2061.6
1339360 2065.8
1339370 2065.8
1339380 2071.3
1339390 2077.8
1339400 2082.8
1339410 2082.8
1339420 2086.7
1339430 2093.0
1339440 2093.0
1339450 2100.0
1339460 2107.5
1339470 2107.5
1339480 2115.4
1339490 2123.7
1339500 2123.7
1339510 2133.0
1339520 2141.8
1339530 2141.8
1339540 2150.8
1339550 2160.8
1339560 2160.8
1339570 2171.8
1339580 2184.2
1339590 2184.2
1339600 2196.0
1339610 2206.9
1339620 2206.9
1339630 2219.4
1339640 2227.7
1339650 2234.2
1339660 2234.2
1339670 2239.3
1339680 2245.9
1339690 2245.9
1339700 2257.2
1339710 2264.9
1339720 2264.9
1339730 2278.5
1339740 2298.2
1339750 2298.2
1339760 2318.2
1339770 2342.0
1339780 2342.0
1339790 2356.2
1339800 2366.5
1339810 2366.5
1339820 2373.8
1339830 2380.3
1339840 2380.3
1339850 2387.1
1339860 2394.6
1339870 2394.6
1339880 2404.9
1339890 2423.1
1339900 2433.9
1339910 2433.9
1339920 2443.6
1339930 2449.5
1339940 2449.5
1339950 2451.8
1339960 2454.2
1339970 2454.2
1339980 2457.7
1339990 2460.5
