1320000 668.7
1320010 664.4
1320020 660.2
1320030 660.2
1320040 656.3
1320050 653.2
1320060 653.2
1320070 650.2
1320080 646.5
1320090 646.5
1320100 641.2
1320110 635.1
1320120 635.1
1320130 629.4
1320140 626.3
1320150 627.9
1320160 624.9
1320170 622.2
1320180 618.6
1320190 618.6
1320200 615.5
1320210 612.6
1320220 612.6
1320230 609.4
1320240 606.9
1320250 606.9
1320260 605.5
1320270 605.2
1320280 605.2
1320290 605.1
1320300 605.0
1320310 605.0
1320320 605.1
1320330 605.0
1320340 605.0
1320350 605.1
1320360 605.0
1320370 605.0
1320380 604.4
1320390 604.0
1320400 604.0
1320410 604.2
1320420 604.3
1320430 604.3
1320440 604.3
1320450 604.3
1320460 604.2
1320470 604.2
1320480 604.1
1320490 604.1
1320500 604.1
1320510 604.1
1320520 604.1
1320530 604.1
1320540 604.2
1320550 604.4
1320560 604.4
1320570 604.6
1320580 604.7
1320590 604.7
1320600 604.7
1320610 604.8
1320620 604.8
1320630 604.7
1320640 604.5
1320650 604.3
1320660 604.3
1320670 604.5
1320680 604.6
1320690 604.6
1320700 604.5
1320710 604.4
1320720 604.4
1320730 603.6
1320740 603.4
1320750 603.4
1320760 604.2
1320770 604.5
1320780 604.5
1320790 604.4
1320800 604.2
1320810 604.2
1320820 604.4
1320830 602.9
1320840 602.9
1320850 602.2
1320860 602.2
1320870 602.2
1320880 602.5
1320890 604.2
1320900 604.3
1320910 604.3
1320920 604.3
1320930 605.0
1320940 605.0
1320950 604.8
1320960 603.8
1320970 603.8
1320980 603.8
1320990 604.1
1321000 604.1
1321010 604.1
1321020 604.1
1321030 604.1
1321040 604.0
1321050 604.1
1321060 604.1
1321070 604.4
1321080 604.4
1321090 604.4
1321100 604.3
1321110 604.1
1321120 604.1
1321130 603.9
1321140 604.0
1321150 604.1
1321160 604.1
1321170 604.0
1321180 603.5
1321190 603.5
1321200 603.2
1321210 603.4
1321220 603.4
1321230 603.5
1321240 603.5
1321250 603.5
1321260 603.4
1321270 603.7
1321280 603.7
1321290 603.9
1321300 603.9
1321310 603.9
1321320 603.7
1321330 603.4
1321340 603.4
1321350 603.3
1321360 603.3
1321370 603.4
1321380 603.4
1321390 603.4
1321400 603.5
1321410 603.5
1321420 603.6
1321430 603.5
1321440 603.5
1321450 603.4
1321460 603.4
1321470 603.4
1321480 603.4
1321490 603.4
1321500 603.4
1321510 603.4
1321520 603.3
1321530 603.3
1321540 603.3
1321550 603.2
1321560 603.2
1321570 603.2
1321580 603.2
1321590 603.2
1321600 603.2
1321610 603.2
1321620 603.3
1321630 603.3
1321640 603.2
1321650 603.1
1321660 603.1
1321670 602.9
1321680 603.1
1321690 603.1
1321700 602.8
1321710 602.7
1321720 602.7
1321730 603.0
1321740 603.0
1321750 603.0
1321760 602.7
1321770 602.4
1321780 602.4
1321790 602.6
1321800 602.9
1321810 602.9
1321820 602.9
1321830 603.0
1321840 603.0
1321850 603.1
1321860 603.1
1321870 603.0
1321880 603.0
1321890 602.9
1321900 603.0
1321910 603.0
1321920 603.7
1321930 606.2
1321940 606.2
1321950 607.7
1321960 611.8
1321970 611.8
1321980 617.6
1321990 624.9
1322000 624.9
1322010 632.5
1322020 641.1
1322030 641.1
1322040 650.6
1322050 658.7
1322060 658.7
1322070 666.5
1322080 673.6
1322090 680.8
1322100 680.8
1322110 688.1
1322120 695.6
1322130 695.6
1322140 702.5
1322150 709.9
1322160 709.9
1322170 717.3
1322180 724.8
1322190 724.8
1322200 731.2
1322210 737.1
1322220 737.1
1322230 742.7
1322240 747.8
1322250 747.8
1322260 752.0
1322270 758.0
1322280 758.0
1322290 776.9
1322300 792.3
1322310 792.3
1322320 803.5
1322330 823.3
1322340 840.1
1322350 840.1
1322360 847.4
1322370 852.5
1322380 852.5
1322390 857.7
1322400 863.1
1322410 863.1
1322420 872.9
1322430 882.8
1322440 882.8
1322450 887.2
1322460 892.1
1322470 892.1
1322480 900.1
1322490 917.9
1322500 917.9
1322510 920.2
1322520 923.9
1322530 923.9
1322540 929.9
1322550 934.9
1322560 934.9
1322570 939.8
1322580 946.1
1322590 951.0
1322600 951.0
1322610 956.2
1322620 961.4
1322630 961.4
1322640 967.2
1322650 973.8
1322660 973.8
1322670 980.5
1322680 987.8
1322690 987.8
1322700 995.0
1322710 1001.6
1322720 1001.6
1322730 1007.6
1322740 1013.1
1322750 1013.1
1322760 1017.4
1322770 1022.0
1322780 1022.0
1322790 1028.1
1322800 1033.0
1322810 1033.0
1322820 1038.4
1322830 1043.6
1322840 1048.6
1322850 1048.6
1322860 1052.5
1322870 1056.4
1322880 1056.4
1322890 1060.5
1322900 1066.1
1322910 1066.1
1322920 1071.9
1322930 1076.9
1322940 1076.9
1322950 1080.6
1322960 1083.7
1322970 1083.7
1322980 1086.8
1322990 1090.0
1323000 1090.0
1323010 1092.9
1323020 1094.3
1323030 1094.3
1323040 1096.2
1323050 1098.6
1323060 1100.4
1323070 1100.4
1323080 1102.8
1323090 1104.8
1323100 1104.8
1323110 1106.6
1323120 1106.8
1323130 1106.8
1323140 1102.6
1323150 1101.3
1323160 1101.3
1323170 1102.1
1323180 1102.6
1323190 1102.6
1323200 1106.1
1323210 1105.3
1323220 1105.3
1323230 1104.4
1323240 1109.1
1323250 1109.1
1323260 1109.8
1323270 1109.1
1323280 1117.4
1323290 1115.7
1323300 1114.6
1323310 1114.3
1323320 1114.3
1323330 1115.1
1323340 1118.5
1323350 1118.5
1323360 1119.1
1323370 1119.9
1323380 1119.9
1323390 1117.3
1323400 1113.2
1323410 1113.2
1323420 1109.5
1323430 1106.8
1323440 1106.8
1323450 1103.2
1323460 1097.1
1323470 1097.1
1323480 1094.7
1323490 1101.1
1323500 1101.1
1323510 1106.6
1323520 1109.4
1323530 1109.4
1323540 1110.7
1323550 1112.1
1323560 1113.2
1323570 1113.2
1323580 1114.3
1323590 1115.5
1323600 1115.5
1323610 1116.1
1323620 1115.8
1323630 1115.8
1323640 1120.5
1323650 1125.3
1323660 1125.3
1323670 1128.9
1323680 1132.1
1323690 1132.1
1323700 1135.1
1323710 1138.0
1323720 1138.0
1323730 1141.0
1323740 1144.8
1323750 1144.8
1323760 1149.3
1323770 1153.8
1323780 1157.6
1323790 1157.6
1323800 1161.6
1323810 1166.0
1323820 1166.0
1323830 1170.4
1323840 1174.7
1323850 1174.7
1323860 1178.6
1323870 1182.1
1323880 1182.1
1323890 1184.8
1323900 1187.4
1323910 1187.4
1323920 1190.6
1323930 1194.5
1323940 1194.5
1323950 1197.9
1323960 1201.7
1323970 1201.7
1323980 1208.5
1323990 1214.4
1324000 1214.4
1324010 1217.9
1324020 1221.6
1324030 1227.3
1324040 1227.3
1324050 1232.7
1324060 1237.0
1324070 1237.1
1324080 1242.5
1324090 1249.5
1324100 1249.5
1324110 1256.0
1324120 1265.5
1324130 1265.5
1324140 1273.7
1324150 1281.1
1324160 1281.1
1324170 1287.7
1324180 1293.9
1324190 1293.9
1324200 1301.7
1324210 1308.6
1324220 1308.6
1324230 1315.2
1324240 1324.3
1324250 1324.3
1324260 1335.5
1324270 1347.5
1324280 1360.9
1324290 1360.9
1324300 1372.6
1324310 1379.9
1324320 1379.9
1324330 1383.2
1324340 1385.8
1324350 1385.8
1324360 1391.6
1324370 1399.6
1324380 1399.6
1324390 1408.6
1324400 1415.9
1324410 1415.9
1324420 1422.1
1324430 1427.8
1324440 1427.8
1324450 1433.4
1324460 1440.3
1324470 1440.3
1324480 1450.1
1324490 1459.4
1324500 1467.6
1324510 1467.6
1324520 1476.5
1324530 1487.6
1324540 1487.6
1324550 1502.2
1324560 1515.4
1324570 1515.4
1324580 1524.3
1324590 1534.5
1324600 1534.5
1324610 1543.9
1324620 1552.4
1324630 1552.4
1324640 1560.8
1324650 1568.9
1324660 1568.9
1324670 1576.8
1324680 1583.8
1324690 1583.8
1324700 1589.7
1324710 1594.6
1324720 1594.6
1324730 1598.8
1324740 1602.7
1324750 1606.0
1324760 1606.0
1324770 1609.1
1324780 1612.4
1324790 1612.4
1324800 1615.5
1324810 1618.2
1324820 1618.2
1324830 1621.8
1324840 1627.0
1324850 1627.0
1324860 1634.2
1324870 1641.0
1324880 1641.0
1324890 1647.6
1324900 1654.1
1324910 1654.1
1324920 1660.2
1324930 1666.4
1324940 1666.4
1324950 1672.3
1324960 1676.8
1324970 1676.8
1324980 1679.3
1324990 1681.6
1325000 1682.6
1325010 1682.6
1325020 1681.7
1325030 1680.0
1325040 1680.0
1325050 1680.2
1325060 1681.4
1325070 1681.4
1325080 1684.1
1325090 1687.8
1325100 1687.8
1325110 1690.1
1325120 1694.1
1325130 1694.1
1325140 1698.7
1325150 1702.7
1325160 1702.7
1325170 1706.7
1325180 1709.1
1325190 1709.1
1325200 1712.1
1325210 1716.9
1325220 1722.2
1325230 1722.2
1325240 1728.3
1325250 1731.7
1325260 1731.7
1325270 1735.2
1325280 1738.8
1325290 1738.8
1325300 1743.5
1325310 1748.4
1325320 1748.4
1325330 1751.3
1325340 1753.7
1325350 1753.7
1325360 1757.6
1325370 1762.1
1325380 1762.1
1325390 1766.5
1325400 1770.2
1325410 1770.2
1325420 1773.8
1325430 1777.6
1325440 1777.6
1325450 1782.5
1325460 1787.6
1325470 1791.8
1325480 1791.8
1325490 1796.6
1325500 1801.7
1325510 1801.7
1325520 1807.1
1325530 1812.6
1325540 1812.6
1325550 1817.5
1325560 1821.5
1325570 1821.5
1325580 1825.0
1325590 1829.2
1325600 1829.2
1325610 1833.2
1325620 1836.7
1325630 1836.7
1325640 1839.5
1325650 1843.2
1325660 1838.9
1325670 1843.6
1325680 1848.6
1325690 1848.6
1325700 1854.1
1325710 1859.2
1325720 1865.5
1325730 1865.5
1325740 1870.8
1325750 1877.1
1325760 1877.1
1325770 1883.8
1325780 1890.3
1325790 1890.3
1325800 1896.4
1325810 1903.7
1325820 1903.7
1325830 1911.9
1325840 1920.9
1325850 1920.9
1325860 1932.2
1325870 1941.1
1325880 1941.1
1325890 1949.6
1325900 1957.7
1325910 1957.7
1325920 1965.4
1325930 1973.6
1325940 1981.8
1325950 1981.8
1325960 1989.5
1325970 1997.7
1325980 1997.7
1325990 2006.8
1326000 2020.9
1326010 2020.9
1326020 2040.3
1326030 2062.2
1326040 2062.2
1326050 2078.7
1326060 2088.6
1326070 2088.6
1326080 2095.6
1326090 2102.2
1326100 2102.2
1326110 2107.8
1326120 2113.3
1326130 2113.3
1326140 2123.3
1326150 2124.3
1326160 2124.3
1326170 2126.3
1326180 2127.8
1326190 2130.6
1326200 2130.6
1326210 2131.4
1326220 2133.4
1326230 2133.4
1326240 2136.7
1326250 2143.4
1326260 2143.4
1326270 2148.0
1326280 2150.1
1326290 2150.1
1326300 2152.1
1326310 2153.6
1326320 2153.6
1326330 2154.8
1326340 2156.7
1326350 2156.7
1326360 2158.7
1326370 2160.5
1326380 2160.5
1326390 2161.9
1326400 2165.0
1326410 2165.0
1326420 2170.0
1326430 2175.1
1326440 2180.2
1326450 2180.2
1326460 2186.6
1326470 2192.3
1326480 2192.3
1326490 2196.5
1326500 2200.1
1326510 2200.1
1326520 2202.1
1326530 2204.5
1326540 2204.5
1326550 2207.6
1326560 2211.3
1326570 2211.3
1326580 2215.5
1326590 2219.1
1326600 2219.1
1326610 2221.9
1326620 2224.7
1326630 2224.7
1326640 2228.4
1326650 2233.0
1326660 2237.9
1326670 2237.9
1326680 2242.8
1326690 2247.6
1326700 2247.6
1326710 2252.3
1326720 2256.4
1326730 2256.4
1326740 2260.4
1326750 2263.7
1326760 2263.7
1326770 2265.6
1326780 2266.7
1326790 2266.7
1326800 2267.9
1326810 2268.9
1326820 2268.9
1326830 2270.6
1326840 2273.0
1326850 2273.0
1326860 2275.7
1326870 2278.0
1326880 2278.0
1326890 2278.3
1326900 2276.4
1326910 2274.6
1326920 2274.6
1326930 2273.4
1326940 2272.3
1326950 2272.3
1326960 2271.2
1326970 2267.0
1326980 2267.0
1326990 2260.7
1327000 2253.6
1327010 2253.6
1327020 2240.1
1327030 2229.0
1327040 2229.0
1327050 2222.1
1327060 2215.9
1327070 2215.9
1327080 2209.2
1327090 2206.6
1327100 2206.6
1327110 2204.5
1327120 2202.7
1327130 2202.7
1327140 2201.1
1327150 2199.4
1327160 2197.7
1327170 2197.7
1327180 2197.3
1327190 2196.6
1327200 2196.6
1327210 2196.7
1327220 2197.3
1327230 2197.3
1327240 2197.9
1327250 2198.5
1327260 2198.5
1327270 2205.4
1327280 2205.2
1327290 2205.2
1327300 2205.1
1327310 2204.4
1327320 2204.4
1327330 2203.8
1327340 2203.7
1327350 2203.7
1327360 2204.3
1327370 2205.3
1327380 2206.7
1327390 2206.7
1327400 2208.0
1327410 2209.2
1327420 2209.2
1327430 2210.8
1327440 2212.7
1327450 2212.7
1327460 2215.1
1327470 2218.9
1327480 2218.9
1327490 2223.2
1327500 2227.8
1327510 2227.8
1327520 2234.3
1327530 2240.9
1327540 2240.9
1327550 2251.5
1327560 2270.5
1327570 2270.5
1327580 2287.3
1327590 2292.3
1327600 2292.3
1327610 2293.7
1327620 2289.4
1327630 2284.7
1327640 2284.7
1327650 2281.5
1327660 2279.3
1327670 2279.3
1327680 2273.3
1327690 2264.8
1327700 2264.8
1327710 2255.2
1327720 2246.4
1327730 2246.4
1327740 2238.8
1327750 2231.8
1327760 2231.8
1327770 2224.2
1327780 2216.1
1327790 2216.1
1327800 2208.1
1327810 2201.3
1327820 2201.3
1327830 2194.8
1327840 2188.7
1327850 2188.7
1327860 2182.1
1327870 2176.3
1327880 2171.2
1327890 2171.2
1327900 2166.1
1327910 2160.1
1327920 2160.1
1327930 2154.7
1327940 2148.6
1327950 2148.6
1327960 2142.8
1327970 2137.1
1327980 2137.1
1327990 2132.3
1328000 2127.5
1328010 2127.5
1328020 2123.1
1328030 2118.8
1328040 2118.8
1328050 2114.3
1328060 2109.3
1328070 2109.3
1328080 2107.1
1328090 2104.2
1328100 2100.4
1328110 2100.4
1328120 2099.2
1328130 2100.8
1328140 2100.8
1328150 2100.0
1328160 2100.2
1328170 2100.2
1328180 2100.9
1328190 2101.4
1328200 2101.4
1328210 2102.8
1328220 2103.8
1328230 2103.8
1328240 2105.2
1328250 2107.1
1328260 2107.1
1328270 2108.8
1328280 2108.4
1328290 2108.4
1328300 2106.2
1328310 2102.9
1328320 2102.9
1328330 2099.6
1328340 2096.9
1328350 2096.0
1328360 2096.0
1328370 2096.8
1328380 2097.9
1328390 2097.9
1328400 2098.1
1328410 2099.5
1328420 2099.5
1328430 2098.2
1328440 2090.2
1328450 2090.2
1328460 2082.3
1328470 2075.4
1328480 2075.4
1328490 2069.0
1328500 2062.9
1328510 2062.9
1328520 2057.6
1328530 2054.4
1328540 2054.4
1328550 2053.6
1328560 2053.6
1328570 2053.6
1328580 2053.5
1328590 2053.4
1328600 2053.3
1328610 2053.3
1328620 2052.5
1328630 2051.5
1328640 2051.5
1328650 2050.5
1328660 2049.5
1328670 2049.5
1328680 2048.5
1328690 2048.4
1328700 2048.4
1328710 2048.8
1328720 2050.6
1328730 2050.6
1328740 2052.9
1328750 2054.0
1328760 2054.0
1328770 2055.5
1328780 2057.6
1328790 2057.6
1328800 2060.1
1328810 2062.0
1328820 2062.0
1328830 2064.8
1328840 2067.6
1328850 2070.0
1328860 2070.0
1328870 2072.3
1328880 2075.8
1328890 2081.7
1328900 2084.4
1328910 2085.8
1328920 2085.8
1328930 2087.2
1328940 2088.1
1328950 2088.1
1328960 2088.6
1328970 2089.8
1328980 2089.8
1328990 2090.9
1329000 2090.3
1329010 2090.3
1329020 2090.8
1329030 2091.9
1329040 2091.9
1329050 2093.5
1329060 2094.0
1329070 2094.6
1329080 2094.6
1329090 2094.5
1329100 2093.1
1329110 2093.1
1329120 2091.5
1329130 2090.0
1329140 2090.0
1329150 2087.8
1329160 2085.4
1329170 2085.4
1329180 2081.6
1329190 2076.8
1329200 2076.8
1329210 2073.6
1329220 2073.1
1329230 2073.1
1329240 2071.4
1329250 2068.4
1329260 2068.4
1329270 2064.3
1329280 2058.9
1329290 2058.9
1329300 2053.2
1329310 2048.6
1329320 2044.8
1329330 2044.8
1329340 2042.3
1329350 2043.0
1329360 2043.0
1329370 2043.3
1329380 2042.9
1329390 2042.9
1329400 2039.0
1329410 2033.6
1329420 2033.6
1329430 2028.9
1329440 2023.2
1329450 2023.2
1329460 2018.3
1329470 2011.8
1329480 2011.8
1329490 2002.7
1329500 1994.7
1329510 1994.7
1329520 1987.3
1329530 1980.1
1329540 1980.1
1329550 1973.9
1329560 1967.4
1329570 1960.6
1329580 1960.6
1329590 1954.6
1329600 1949.4
1329610 1949.4
1329620 1945.0
1329630 1941.6
1329640 1941.6
1329650 1939.1
1329660 1937.4
1329670 1937.4
1329680 1935.3
1329690 1933.1
1329700 1933.1
1329710 1934.1
1329720 1930.8
1329730 1930.8
1329740 1926.9
1329750 1923.7
1329760 1923.7
1329770 1928.8
1329780 1934.5
1329790 1933.9
1329800 1933.9
1329810 1932.6
1329820 1932.2
1329830 1932.2
1329840 1933.4
1329850 1936.9
1329860 1936.9
1329870 1940.2
1329880 1944.1
1329890 1944.1
1329900 1947.2
1329910 1950.2
1329920 1950.2
1329930 1954.8
1329940 1960.6
1329950 1960.6
1329960 1967.1
1329970 1973.5
1329980 1973.5
1329990 1979.9
1330000 1984.9
1330010 1984.9
1330020 1988.7
1330030 1992.5
1330040 1995.9
1330050 1995.9
1330060 1998.2
1330070 1999.7
1330080 1999.7
1330090 2000.6
1330100 2002.4
1330110 2002.4
1330120 2005.1
1330130 2006.7
1330140 2006.7
1330150 2007.0
1330160 2007.6
1330170 2007.6
1330180 2009.4
1330190 2011.0
1330200 2011.0
1330210 2012.3
1330220 2014.1
1330230 2014.1
1330240 2016.3
1330250 2018.8
1330260 2018.8
1330270 2021.3
1330280 2024.0
1330290 2026.6
1330300 2026.6
1330310 2029.4
1330320 2032.7
1330330 2032.7
1330340 2036.0
1330350 2039.1
1330360 2039.1
1330370 2042.3
1330380 2045.6
1330390 2045.6
1330400 2048.9
1330410 2051.8
1330420 2051.8
1330430 2054.5
1330440 2057.2
1330450 2057.2
1330460 2059.8
1330470 2062.8
1330480 2062.8
1330490 2066.3
1330500 2070.0
1330510 2074.1
1330520 2074.1
1330530 2076.9
1330540 2081.2
1330550 2081.2
1330560 2085.8
1330570 2091.0
1330580 2091.0
1330590 2097.1
1330600 2103.2
1330610 2103.2
1330620 2109.6
1330630 2115.6
1330640 2115.6
1330650 2121.7
1330660 2127.3
1330670 2127.3
1330680 2132.8
1330690 2138.3
1330700 2138.3
1330710 2143.6
1330720 2149.6
1330730 2149.6
1330740 2156.5
1330750 2163.3
1330760 2170.0
1330770 2170.0
1330780 2175.9
1330790 2180.1
1330800 2180.1
1330810 2183.5
1330820 2186.4
1330830 2186.4
1330840 2189.6
1330850 2192.1
1330860 2192.1
1330870 2193.5
1330880 2193.5
1330890 2193.5
1330900 2190.7
1330910 2186.5
1330920 2186.5
1330930 2182.3
1330940 2178.1
1330950 2178.1
1330960 2174.5
1330970 2173.7
1330980 2173.7
1330990 2175.5
1331000 2176.8
1331010 2177.1
1331020 2177.1
1331030 2176.8
1331040 2174.8
1331050 2174.8
1331060 2171.6
1331070 2168.5
1331080 2168.5
1331090 2166.6
1331100 2165.2
1331110 2165.2
1331120 2160.0
1331130 2156.9
1331140 2156.9
1331150 2156.2
1331160 2156.9
1331170 2156.9
1331180 2158.5
1331190 2160.8
1331200 2160.8
1331210 2162.4
1331220 2164.3
1331230 2165.8
1331240 2165.8
1331250 2166.7
1331260 2170.3
1331270 2170.3
1331280 2174.0
1331290 2176.2
1331300 2176.2
1331310 2178.9
1331320 2180.0
1331330 2180.0
1331340 2181.3
1331350 2182.7
1331360 2191.4
1331370 2190.1
1331380 2188.5
1331390 2188.5
1331400 2188.5
1331410 2189.7
1331420 2189.7
1331430 2191.5
1331440 2192.9
1331450 2192.9
1331460 2193.0
1331470 2193.4
1331480 2193.1
1331490 2193.1
1331500 2191.7
1331510 2191.4
1331520 2191.4
1331530 2191.9
1331540 2193.0
1331550 2193.0
1331560 2194.5
1331570 2195.0
1331580 2195.0
1331590 2195.2
1331600 2196.8
1331610 2196.8
1331620 2200.2
1331630 2201.1
1331640 2201.1
1331650 2202.2
1331660 2203.3
1331670 2203.3
1331680 2206.3
1331690 2209.0
1331700 2209.0
1331710 2208.2
1331720 2207.2
1331730 2207.6
1331740 2207.6
1331750 2209.6
1331760 2211.6
1331770 2211.6
1331780 2213.8
1331790 2217.3
1331800 2217.3
1331810 2221.0
1331820 2225.0
1331830 2225.0
1331840 2228.2
1331850 2231.8
1331860 2231.8
1331870 2232.9
1331880 2231.6
1331890 2231.6
1331900 2231.5
1331910 2231.8
1331920 2231.8
1331930 2231.8
1331940 2232.9
1331950 2234.4
1331960 2234.4
1331970 2236.6
1331980 2236.9
1331990 2236.9
1332000 2236.3
1332010 2234.7
1332020 2234.7
1332030 2232.7
1332040 2231.9
1332050 2231.9
1332060 2231.1
1332070 2229.6
1332080 2229.6
1332090 2227.3
1332100 2226.3
1332110 2226.3
1332120 2225.3
1332130 2223.2
1332140 2223.2
1332150 2221.1
1332160 2217.8
1332170 2217.8
1332180 2212.3
1332190 2208.4
1332200 2200.4
1332210 2200.4
1332220 2191.1
1332230 2188.5
1332240 2188.5
1332250 2184.4
1332260 2178.4
1332270 2178.4
1332280 2171.2
1332290 2166.1
1332300 2166.1
1332310 2161.4
1332320 2155.0
1332330 2155.0
1332340 2148.6
1332350 2144.7
1332360 2144.7
1332370 2142.2
1332380 2140.1
1332390 2140.1
1332400 2139.1
1332410 2136.6
1332420 2136.6
1332430 2133.8
1332440 2132.0
1332450 2130.5
1332460 2130.5
1332470 2129.2
1332480 2127.0
1332490 2127.0
1332500 2123.9
1332510 2120.5
1332520 2120.5
1332530 2114.0
1332540 2108.6
1332550 2108.6
1332560 2105.5
1332570 2102.2
1332580 2102.2
1332590 2099.2
1332600 2095.0
1332610 2095.0
1332620 2091.7
1332630 2088.2
1332640 2088.2
1332650 2082.3
1332660 2075.2
1332670 2068.5
1332680 2068.5
1332690 2062.2
1332700 2056.9
1332710 2056.9
1332720 2053.3
1332730 2051.4
1332740 2051.4
1332750 2049.2
1332760 2045.9
1332770 2045.9
1332780 2041.1
1332790 2035.0
1332800 2035.0
1332810 2030.8
1332820 2030.2
1332830 2030.2
1332840 2029.6
1332850 2030.8
1332860 2030.8
1332870 2031.5
1332880 2031.0
1332890 2031.0
1332900 2030.1
1332910 2026.9
1332920 2022.7
1332930 2022.7
1332940 2018.7
1332950 2016.6
1332960 2016.6
1332970 2011.9
1332980 2007.0
1332990 2007.0
1333000 2003.3
1333010 2000.5
1333020 2000.5
1333030 2001.7
1333040 1997.7
1333050 1997.7
1333060 1992.0
1333070 1986.2
1333080 1986.2
1333090 1981.3
1333100 1978.4
1333110 1978.4
1333120 1975.4
1333130 1971.3
1333140 1971.3
1333150 1966.5
1333160 1960.9
1333170 1954.4
1333180 1954.4
1333190 1947.9
1333200 1942.0
1333210 1942.0
1333220 1942.0
1333230 1941.1
1333240 1941.1
1333250 1940.4
1333260 1939.5
1333270 1939.5
1333280 1938.4
1333290 1935.1
1333300 1935.1
1333310 1932.1
1333320 1930.6
1333330 1930.6
1333340 1930.3
1333350 1929.7
1333360 1929.7
1333370 1928.3
1333380 1927.6
1333390 1927.2
1333400 1927.2
1333410 1926.7
1333420 1926.3
1333430 1926.3
1333440 1926.0
1333450 1926.5
1333460 1926.5
1333470 1927.6
1333480 1928.7
1333490 1928.7
1333500 1929.5
1333510 1929.9
1333520 1929.9
1333530 1929.1
1333540 1927.8
1333550 1927.8
1333560 1927.0
1333570 1925.5
1333580 1925.5
1333590 1921.4
1333600 1915.6
1333610 1915.6
1333620 1909.3
1333630 1902.9
1333640 1894.9
1333650 1894.9
1333660 1887.2
1333670 1881.0
1333680 1881.0
1333690 1875.9
1333700 1871.3
1333710 1871.3
1333720 1869.8
1333730 1865.9
1333740 1865.9
1333750 1857.4
1333760 1848.5
1333770 1848.5
1333780 1839.7
1333790 1831.6
1333800 1831.6
1333810 1821.7
1333820 1808.8
1333830 1808.8
1333840 1794.8
1333850 1790.0
1333860 1790.0
1333870 1769.8
1333880 1758.2
1333890 1746.7
1333900 1746.7
1333910 1736.8
1333920 1726.3
1333930 1726.3
1333940 1719.1
1333950 1716.5
1333960 1716.5
1333970 1713.4
1333980 1709.9
1333990 1709.9
1334000 1707.8
1334010 1704.5
1334020 1704.5
1334030 1700.4
1334040 1696.5
1334050 1696.5
1334060 1693.6
1334070 1690.9
1334080 1690.9
1334090 1687.9
1334100 1685.0
1334110 1681.1
1334120 1681.1
1334130 1676.6
1334140 1671.1
1334150 1671.1
1334160 1664.8
1334170 1659.4
1334180 1659.4
1334190 1654.4
1334200 1650.2
1334210 1650.2
1334220 1646.7
1334230 1644.5
1334240 1644.5
1334250 1642.4
1334260 1640.9
1334270 1640.9
1334280 1638.7
1334290 1635.4
1334300 1635.4
1334310 1631.7
1334320 1627.1
1334330 1627.1
1334340 1621.6
1334350 1616.4
1334360 1611.8
1334370 1611.8
1334380 1607.3
1334390 1603.3
1334400 1603.3
1334410 1600.7
1334420 1599.0
1334430 1599.0
1334440 1596.5
1334450 1594.4
1334460 1594.4
1334470 1593.7
1334480 1591.8
1334490 1591.8
1334500 1590.1
1334510 1588.5
1334520 1588.5
1334530 1586.0
1334540 1583.3
1334550 1583.3
1334560 1580.5
1334570 1576.8
1334580 1576.8
1334590 1572.8
1334600 1568.6
1334610 1564.3
1334620 1564.3
1334630 1560.1
1334640 1556.6
1334650 1556.6
1334660 1553.1
1334670 1550.4
1334680 1550.4
1334690 1549.0
1334700 1546.5
1334710 1546.5
1334720 1543.8
1334730 1540.5
1334740 1540.5
1334750 1537.1
1334760 1533.7
1334770 1533.7
1334780 1530.8
1334790 1526.6
1334800 1526.6
1334810 1523.2
1334820 1520.5
1334830 1516.1
1334840 1516.1
1334850 1508.6
1334860 1505.3
1334870 1505.3
1334880 1500.5
1334890 1494.3
1334900 1494.3
1334910 1489.1
1334920 1484.5
1334930 1484.5
1334940 1479.7
1334950 1473.4
1334960 1473.4
1334970 1467.4
1334980 1461.3
1334990 1461.3
1335000 1455.5
1335010 1449.8
1335020 1449.8
1335030 1445.0
1335040 1440.0
1335050 1440.0
1335060 1433.7
1335070 1429.4
1335080 1426.3
1335090 1426.3
1335100 1423.1
1335110 1419.1
1335120 1419.1
1335130 1414.3
1335140 1409.9
1335150 1409.9
1335160 1405.4
1335170 1401.0
1335180 1401.0
1335190 1396.3
1335200 1391.5
1335210 1391.5
1335220 1387.3
1335230 1382.1
1335240 1382.1
1335250 1376.8
1335260 1373.5
1335270 1373.5
1335280 1371.1
1335290 1369.6
1335300 1369.6
1335310 1368.6
1335320 1367.9
1335330 1367.4
1335340 1367.4
1335350 1367.0
1335360 1366.9
1335370 1366.9
1335380 1367.0
1335390 1367.4
1335400 1367.4
1335410 1368.1
1335420 1368.4
1335430 1368.4
1335440 1368.9
1335450 1369.7
1335460 1369.7
1335470 1370.7
1335480 1371.7
1335490 1371.7
1335500 1372.2
1335510 1373.0
1335520 1373.0
1335530 1373.8
1335540 1374.1
1335550 1374.9
1335560 1374.9
1335570 1375.5
1335580 1376.3
1335590 1376.3
1335600 1376.7
1335610 1377.5
1335620 1377.5
1335630 1378.2
1335640 1380.0
1335650 1380.0
1335660 1383.6
1335670 1387.9
1335680 1387.9
1335690 1392.5
1335700 1397.1
1335710 1397.1
1335720 1402.0
1335730 1407.0
1335740 1407.0
1335750 1412.2
1335760 1417.6
1335770 1417.6
1335780 1423.1
1335790 1428.9
1335800 1434.9
1335810 1434.9
1335820 1440.9
1335830 1447.0
1335840 1447.0
1335850 1453.3
1335860 1459.8
1335870 1459.8
1335880 1466.8
1335890 1474.3
1335900 1474.3
1335910 1482.6
1335920 1491.7
1335930 1491.7
1335940 1501.8
1335950 1510.6
1335960 1510.6
1335970 1518.2
1335980 1526.5
1335990 1526.5
1336000 1536.1
1336010 1543.8
1336020 1543.8
1336030 1550.8
1336040 1558.6
1336050 1567.4
1336060 1567.4
1336070 1577.6
1336080 1587.1
1336090 1587.1
1336100 1599.4
1336110 1621.3
1336120 1621.3
1336130 1640.3
1336140 1652.1
1336150 1652.1
1336160 1660.4
1336170 1669.7
1336180 1669.7
1336190 1680.3
1336200 1690.5
1336210 1690.5
1336220 1700.3
1336230 1708.6
1336240 1708.6
1336250 1717.3
1336260 1726.1
1336270 1734.8
1336280 1734.8
1336290 1743.5
1336300 1753.3
1336310 1753.3
1336320 1763.9
1336330 1774.6
1336340 1774.6
1336350 1786.8
1336360 1799.7
1336370 1799.7
1336380 1816.8
1336390 1834.0
1336400 1834.0
1336410 1841.5
1336420 1826.4
1336430 1826.4
1336440 1834.4
1336450 1843.8
1336460 1843.8
1336470 1853.1
1336480 1861.0
1336490 1861.0
1336500 1867.9
1336510 1877.2
1336520 1900.2
1336530 1900.2
1336540 1910.3
1336550 1913.9
1336560 1913.9
1336570 1922.6
1336580 1936.3
1336590 1936.3
1336600 1943.1
1336610 1947.8
1336620 1947.8
1336630 1954.2
1336640 1965.9
1336650 1965.9
1336660 1976.6
1336670 1984.6
1336680 1984.6
1336690 1992.3
1336700 1999.7
1336710 1999.7
1336720 2004.8
1336730 2010.1
1336740 2010.1
1336750 2016.4
1336760 2021.2
1336770 2025.5
1336780 2025.5
1336790 2031.1
1336800 2038.2
1336810 2038.2
1336820 2046.4
1336830 2054.1
1336840 2054.1
1336850 2061.3
1336860 2067.4
1336870 2067.4
1336880 2072.4
1336890 2076.2
1336900 2076.2
1336910 2079.8
1336920 2083.3
1336930 2083.3
1336940 2086.2
1336950 2087.3
1336960 2087.3
1336970 2087.2
1336980 2084.3
1336990 2084.3
1337000 2074.8
1337010 2061.2
1337020 2047.3
1337030 2047.3
1337040 2032.4
1337050 2019.2
1337060 2019.2
1337070 2006.5
1337080 1995.9
1337090 1995.9
1337100 1985.9
1337110 1975.8
1337120 1975.8
1337130 1973.1
1337140 1973.9
1337150 1973.9
1337160 1974.1
1337170 1968.1
1337180 1968.1
1337190 1954.6
1337200 1948.6
1337210 1948.6
1337220 1944.3
1337230 1941.1
1337240 1936.7
1337250 1936.7
1337260 1930.8
1337270 1919.3
1337280 1906.0
1337290 1894.8
1337300 1886.6
1337310 1886.6
1337320 1875.3
1337330 1860.5
1337340 1860.5
1337350 1849.2
1337360 1840.8
1337370 1840.8
1337380 1833.1
1337390 1827.0
1337400 1827.0
1337410 1818.8
1337420 1807.8
1337430 1807.8
1337440 1798.6
1337450 1788.1
1337460 1788.1
1337470 1778.2
1337480 1770.7
1337490 1764.0
1337500 1764.0
1337510 1757.8
1337520 1751.7
1337530 1751.7
1337540 1745.2
1337550 1736.9
1337560 1736.9
1337570 1728.5
1337580 1721.6
1337590 1721.6
1337600 1710.7
1337610 1699.4
1337620 1699.4
1337630 1687.3
1337640 1678.5
1337650 1678.5
1337660 1666.9
1337670 1655.5
1337680 1655.5
1337690 1645.6
1337700 1637.2
1337710 1637.2
1337720 1626.0
1337730 1612.6
1337740 1591.3
1337750 1591.3
1337760 1550.1
1337770 1524.2
1337780 1524.2
1337790 1509.2
1337800 1500.3
1337810 1500.3
1337820 1493.6
1337830 1483.6
1337840 1483.6
1337850 1475.8
1337860 1468.9
1337870 1468.9
1337880 1462.4
1337890 1456.3
1337900 1456.3
1337910 1449.5
1337920 1442.4
1337930 1442.4
1337940 1435.3
1337950 1428.4
1337960 1422.4
1337970 1422.4
1337980 1418.0
1337990 1414.2
1338000 1414.2
1338010 1411.8
1338020 1410.0
1338030 1410.0
1338040 1408.5
1338050 1408.4
1338060 1408.4
1338070 1406.7
1338080 1404.3
1338090 1404.3
1338100 1402.1
1338110 1399.8
1338120 1399.8
1338130 1399.6
1338140 1399.7
1338150 1401.1
1338160 1400.9
1338170 1400.1
1338180 1400.1
1338190 1402.2
1338200 1404.2
1338210 1404.9
1338220 1404.9
1338230 1405.6
1338240 1406.3
1338250 1406.3
1338260 1407.3
1338270 1409.3
1338280 1409.3
1338290 1412.3
1338300 1414.6
1338310 1414.6
1338320 1417.8
1338330 1424.0
1338340 1424.0
1338350 1430.4
1338360 1436.8
1338370 1436.8
1338380 1443.0
1338390 1449.3
1338400 1449.3
1338410 1455.5
1338420 1463.5
1338430 1463.5
1338440 1477.2
1338450 1492.6
1338460 1502.8
1338470 1502.8
1338480 1518.4
1338490 1533.8
1338500 1533.8
1338510 1546.2
1338520 1558.5
1338530 1558.5
1338540 1570.1
1338550 1584.1
1338560 1584.1
1338570 1596.4
1338580 1605.1
1338590 1605.1
1338600 1617.9
1338610 1632.1
1338620 1632.1
1338630 1644.9
1338640 1657.9
1338650 1657.9
1338660 1671.3
1338670 1687.3
1338680 1702.8
1338690 1702.8
1338700 1717.3
1338710 1728.9
1338720 1728.9
1338730 1739.9
1338740 1751.6
1338750 1751.6
1338760 1763.2
1338770 1773.2
1338780 1773.2
1338790 1785.6
1338800 1799.4
1338810 1799.4
1338820 1824.3
1338830 1860.6
1338840 1860.6
1338850 1879.5
1338860 1904.0
1338870 1904.0
1338880 1919.3
1338890 1930.8
1338900 1930.8
1338910 1938.7
1338920 1944.6
1338930 1951.7
1338940 1951.7
1338950 1959.0
1338960 1963.1
1338970 1963.1
1338980 1965.4
1338990 1965.2
1339000 1965.2
1339010 1965.2
1339020 1971.6
1339030 1971.6
1339040 1969.6
1339050 1966.6
1339060 1966.6
1339070 1965.6
1339080 1965.7
1339090 1965.7
1339100 1966.9
1339110 1969.1
1339120 1969.1
1339130 1971.8
1339140 1972.5
1339150 1972.5
1339160 1973.7
1339170 1979.7
1339180 1987.8
1339190 1987.8
1339200 1992.2
1339210 1995.6
1339220 1995.6
1339230 1999.5
1339240 2003.8
1339250 2003.8
1339260 2006.6
1339270 2010.2
1339280 2010.2
1339290 2015.5
1339300 2021.1
1339310 2021.1
1339320 2026.3
1339330 2030.5
1339340 2030.5
1339350 2033.1
1339360 2035.6
1339370 2035.6
1339380 2038.0
1339390 2039.7
1339400 2041.7
1339410 2041.7
1339420 2044.3
1339430 2047.3
1339440 2047.3
1339450 2051.0
1339460 2054.7
1339470 2054.7
1339480 2058.1
1339490 2061.5
1339500 2061.5
1339510 2065.9
1339520 2072.5
1339530 2072.5
1339540 2077.2
1339550 2077.8
1339560 2077.8
1339570 2078.5
1339580 2080.8
1339590 2080.8
1339600 2085.8
1339610 2091.4
1339620 2091.4
1339630 2096.6
1339640 2101.3
1339650 2103.9
1339660 2103.9
1339670 2104.2
1339680 2102.3
1339690 2102.3
1339700 2101.6
1339710 2102.2
1339720 2102.2
1339730 2103.2
1339740 2103.8
1339750 2103.8
1339760 2104.5
1339770 2105.6
1339780 2105.6
1339790 2105.9
1339800 2106.5
1339810 2106.5
1339820 2108.1
1339830 2112.4
1339840 2112.4
1339850 2118.4
1339860 2125.0
1339870 2125.0
1339880 2131.0
1339890 2144.4
1339900 2150.7
1339910 2150.7
1339920 2151.9
1339930 2151.0
1339940 2151.0
1339950 2150.7
1339960 2150.8
1339970 2150.8
1339980 2151.1
1339990 2153.4
