1320000 621.0
1320010 620.2
1320020 620.2
1320030 619.4
1320040 618.6
1320050 617.9
1320060 617.9
1320070 617.2
1320080 616.4
1320090 616.4
1320100 615.7
1320110 615.1
1320120 615.1
1320130 614.6
1320140 614.5
1320150 614.5
1320160 614.2
1320170 613.7
1320180 613.7
1320190 613.3
1320200 612.9
1320210 612.9
1320220 612.6
1320230 612.0
1320240 612.0
1320250 611.6
1320260 611.4
1320270 611.4
1320280 611.2
1320290 610.7
1320300 610.8
1320310 610.8
1320320 610.8
1320330 610.3
1320340 610.3
1320350 609.4
1320360 609.1
1320370 609.1
1320380 608.7
1320390 608.3
1320400 608.3
1320410 608.3
1320420 607.9
1320430 607.9
1320440 607.1
1320450 606.6
1320460 606.6
1320470 606.1
1320480 605.8
1320490 605.8
1320500 605.5
1320510 605.2
1320520 605.2
1320530 604.9
1320540 604.7
1320550 604.3
1320560 604.3
1320570 604.1
1320580 603.8
1320590 603.8
1320600 603.5
1320610 603.3
1320620 603.3
1320630 603.0
1320640 602.8
1320650 602.8
1320660 602.6
1320670 602.4
1320680 602.4
1320690 602.2
1320700 601.9
1320710 601.9
1320720 601.8
1320730 601.6
1320740 601.6
1320750 601.4
1320760 601.3
1320770 601.2
1320780 601.2
1320790 601.0
1320800 600.9
1320810 600.9
1320820 600.8
1320830 600.6
1320840 600.6
1320850 600.5
1320860 600.4
1320870 600.4
1320880 600.3
1320890 600.5
1320900 600.5
1320910 599.8
1320920 598.4
1320930 598.4
1320940 598.3
1320950 598.3
1320960 598.3
1320970 599.6
1320980 600.6
1320990 600.6
1321000 600.9
1321010 600.9
1321020 601.0
1321030 601.0
1321040 600.7
1321050 600.5
1321060 600.5
1321070 600.4
1321080 600.3
1321090 600.3
1321100 600.3
1321110 600.3
1321120 600.3
1321130 600.0
1321140 599.4
1321150 599.4
1321160 598.9
1321170 599.0
1321180 599.0
1321190 599.3
1321200 599.4
1321210 599.4
1321220 599.4
1321230 599.4
1321240 599.4
1321250 599.4
1321260 599.3
1321270 599.4
1321280 599.4
1321290 599.3
1321300 599.2
1321310 599.2
1321320 599.6
1321330 600.2
1321340 600.2
1321350 600.3
1321360 600.4
1321370 600.4
1321380 600.5
1321390 600.6
1321400 600.6
1321410 600.8
1321420 600.9
1321430 600.9
1321440 601.1
1321450 601.4
1321460 601.4
1321470 601.7
1321480 602.2
1321490 602.8
1321500 602.8
1321510 603.4
1321520 604.1
1321530 604.1
1321540 604.7
1321550 605.5
1321560 605.5
1321570 606.3
1321580 607.3
1321590 607.3
1321600 608.2
1321610 609.2
1321620 609.2
1321630 610.7
1321640 612.4
1321650 612.4
1321660 613.0
1321670 613.8
1321680 613.8
1321690 614.8
1321700 615.8
1321710 615.8
1321720 616.8
1321730 617.9
1321740 619.0
1321750 619.0
1321760 620.2
1321770 621.8
1321780 621.1
1321790 622.7
1321800 623.9
1321810 623.9
1321820 625.2
1321830 626.5
1321840 626.5
1321850 627.7
1321860 628.7
1321870 628.7
1321880 629.7
1321890 630.9
1321900 630.9
1321910 632.3
1321920 633.7
1321930 633.7
1321940 635.1
1321950 636.6
1321960 636.6
1321970 638.8
1321980 640.4
1321990 642.2
1322000 642.2
1322010 643.1
1322020 644.9
1322030 644.9
1322040 646.2
1322050 648.0
1322060 648.0
1322070 651.3
1322080 655.5
1322090 655.5
1322100 659.7
1322110 663.8
1322120 663.8
1322130 668.0
1322140 673.1
1322150 673.1
1322160 676.5
1322170 678.8
1322180 678.8
1322190 681.5
1322200 685.1
1322210 685.1
1322220 689.3
1322230 694.9
1322240 701.1
1322250 701.1
1322260 706.5
1322270 710.6
1322280 710.6
1322290 714.9
1322300 719.5
1322310 719.5
1322320 724.3
1322330 728.9
1322340 728.9
1322350 734.3
1322360 739.9
1322370 739.9
1322380 744.2
1322390 747.1
1322400 747.1
1322410 749.6
1322420 752.4
1322430 752.4
1322440 754.6
1322450 756.0
1322460 758.2
1322470 758.2
1322480 760.4
1322490 763.2
1322500 763.2
1322510 766.4
1322520 769.0
1322530 769.0
1322540 772.2
1322550 775.3
1322560 781.1
1322570 783.6
1322580 785.1
1322590 785.1
1322600 787.4
1322610 790.9
1322620 790.9
1322630 793.8
1322640 796.7
1322650 796.7
1322660 800.2
1322670 805.0
1322680 805.0
1322690 810.8
1322700 816.8
1322710 823.0
1322720 823.0
1322730 832.5
1322740 837.7
1322750 837.7
1322760 841.6
1322770 845.4
1322780 845.4
1322790 850.4
1322800 857.1
1322810 857.1
1322820 863.5
1322830 870.7
1322840 870.7
1322850 877.0
1322860 882.1
1322870 882.1
1322880 887.2
1322890 892.3
1322900 892.3
1322910 895.9
1322920 899.1
1322930 899.1
1322940 902.8
1322950 908.2
1322960 915.1
1322970 915.1
1322980 921.8
1322990 928.2
1323000 928.2
1323010 935.9
1323020 944.0
1323030 944.0
1323040 950.9
1323050 955.3
1323060 955.3
1323070 957.5
1323080 959.8
1323090 959.8
1323100 962.2
1323110 964.1
1323120 964.1
1323130 966.3
1323140 971.8
1323150 971.8
1323160 976.8
1323170 980.9
1323180 984.3
1323190 984.3
1323200 987.7
1323210 989.9
1323220 989.9
1323230 990.2
1323240 990.6
1323250 990.6
1323260 991.7
1323270 993.0
1323280 993.0
1323290 998.2
1323300 1006.8
1323310 1006.8
1323320 1019.1
1323330 1034.0
1323340 1034.0
1323350 1050.9
1323360 1059.4
1323370 1059.4
1323380 1063.9
1323390 1068.2
1323400 1068.2
1323410 1073.9
1323420 1080.7
1323430 1089.0
1323440 1089.0
1323450 1097.8
1323460 1106.6
1323470 1106.6
1323480 1112.5
1323490 1116.6
1323500 1116.6
1323510 1121.1
1323520 1125.8
1323530 1125.8
1323540 1129.4
1323550 1131.9
1323560 1131.9
1323570 1133.7
1323580 1135.7
1323590 1135.7
1323600 1138.2
1323610 1141.8
1323620 1141.8
1323630 1145.1
1323640 1148.1
1323650 1148.1
1323660 1151.4
1323670 1154.3
1323680 1156.8
1323690 1156.8
1323700 1159.3
1323710 1161.4
1323720 1161.4
1323730 1164.7
1323740 1170.3
1323750 1170.3
1323760 1176.8
1323770 1183.2
1323780 1183.2
1323790 1188.5
1323800 1193.6
1323810 1193.6
1323820 1198.9
1323830 1203.5
1323840 1203.5
1323850 1208.2
1323860 1213.7
1323870 1213.7
1323880 1219.6
1323890 1225.0
1323900 1225.0
1323910 1228.9
1323920 1230.7
1323930 1232.8
1323940 1232.8
1323950 1237.6
1323960 1243.9
1323970 1243.9
1323980 1250.0
1323990 1255.5
1324000 1255.5
1324010 1260.7
1324020 1264.1
1324030 1264.1
1324040 1265.8
1324050 1267.0
1324060 1267.0
1324070 1269.2
1324080 1272.4
1324090 1272.4
1324100 1275.9
1324110 1279.7
1324120 1279.7
1324130 1283.4
1324140 1288.9
1324150 1293.5
1324160 1293.5
1324170 1297.8
1324180 1301.7
1324190 1301.7
1324200 1306.4
1324210 1310.1
1324220 1310.1
1324230 1313.1
1324240 1314.8
1324250 1314.8
1324260 1316.9
1324270 1320.5
1324280 1320.5
1324290 1324.4
1324300 1326.7
1324310 1326.7
1324320 1328.7
1324330 1330.8
1324340 1330.8
1324350 1333.4
1324360 1336.2
1324370 1336.2
1324380 1340.6
1324390 1344.8
1324400 1348.2
1324410 1348.2
1324420 1351.3
1324430 1354.6
1324440 1354.6
1324450 1359.3
1324460 1364.8
1324470 1364.8
1324480 1371.7
1324490 1379.6
1324500 1379.6
1324510 1387.6
1324520 1394.9
1324530 1394.9
1324540 1402.6
1324550 1410.5
1324560 1410.5
1324570 1416.4
1324580 1418.8
1324590 1418.8
1324600 1420.1
1324610 1423.7
1324620 1423.7
1324630 1428.6
1324640 1434.0
1324650 1439.3
1324660 1439.3
1324670 1444.7
1324680 1450.3
1324690 1450.3
1324700 1455.7
1324710 1461.2
1324720 1461.2
1324730 1467.4
1324740 1474.4
1324750 1474.4
1324760 1482.1
1324770 1490.2
1324780 1490.2
1324790 1499.9
1324800 1508.7
1324810 1508.7
1324820 1516.9
1324830 1525.2
1324840 1525.2
1324850 1533.5
1324860 1541.5
1324870 1549.6
1324880 1549.6
1324890 1557.8
1324900 1566.2
1324910 1566.2
1324920 1575.0
1324930 1584.1
1324940 1582.8
1324950 1590.8
1324960 1598.8
1324970 1598.8
1324980 1605.9
1324990 1612.2
1325000 1612.2
1325010 1617.5
1325020 1623.2
1325030 1623.2
1325040 1629.5
1325050 1635.6
1325060 1635.6
1325070 1640.8
1325080 1646.3
1325090 1646.3
1325100 1652.5
1325110 1659.0
1325120 1664.6
1325130 1664.6
1325140 1670.4
1325150 1679.4
1325160 1679.4
1325170 1689.2
1325180 1698.5
1325190 1698.5
1325200 1707.1
1325210 1714.9
1325220 1714.9
1325230 1722.6
1325240 1730.2
1325250 1730.2
1325260 1737.8
1325270 1745.9
1325280 1745.9
1325290 1754.5
1325300 1763.1
1325310 1763.1
1325320 1770.7
1325330 1774.9
1325340 1774.9
1325350 1776.9
1325360 1777.7
1325370 1778.5
1325380 1778.5
1325390 1779.2
1325400 1779.8
1325410 1779.8
1325420 1780.9
1325430 1782.5
1325440 1782.5
1325450 1784.8
1325460 1786.9
1325470 1786.9
1325480 1788.2
1325490 1788.6
1325500 1788.6
1325510 1788.4
1325520 1788.0
1325530 1788.0
1325540 1786.7
1325550 1784.7
1325560 1784.7
1325570 1783.4
1325580 1782.4
1325590 1782.4
1325600 1781.5
1325610 1781.6
1325620 1782.6
1325630 1782.6
1325640 1783.3
1325650 1785.0
1325660 1785.0
1325670 1787.4
1325680 1791.8
1325690 1791.8
1325700 1795.6
1325710 1799.1
1325720 1799.1
1325730 1802.6
1325740 1812.0
1325750 1812.0
1325760 1815.1
1325770 1821.5
1325780 1821.5
1325790 1827.3
1325800 1833.0
1325810 1833.0
1325820 1837.3
1325830 1843.6
1325840 1852.4
1325850 1852.4
1325860 1859.9
1325870 1871.8
1325880 1871.8
1325890 1881.1
1325900 1884.8
1325910 1884.8
1325920 1886.9
1325930 1892.6
1325940 1892.6
1325950 1899.4
1325960 1905.9
1325970 1905.9
1325980 1912.6
1325990 1920.8
1326000 1920.8
1326010 1929.9
1326020 1940.5
1326030 1940.5
1326040 1953.3
1326050 1967.1
1326060 1967.1
1326070 1978.3
1326080 1991.4
1326090 1997.6
1326100 1997.6
1326110 2001.2
1326120 2002.6
1326130 2002.6
1326140 2006.8
1326150 2007.6
1326160 2007.6
1326170 2007.8
1326180 2009.2
1326190 2009.2
1326200 2012.8
1326210 2015.2
1326220 2015.2
1326230 2017.5
1326240 2021.6
1326250 2021.6
1326260 2028.8
1326270 2036.9
1326280 2036.9
1326290 2040.7
1326300 2045.0
1326310 2045.0
1326320 2048.0
1326330 2049.8
1326340 2049.8
1326350 2049.8
1326360 2050.4
1326370 2050.6
1326380 2050.6
1326390 2052.3
1326400 2056.0
1326410 2056.0
1326420 2059.2
1326430 2063.6
1326440 2063.6
1326450 2067.5
1326460 2071.8
1326470 2071.8
1326480 2075.8
1326490 2077.6
1326500 2077.6
1326510 2078.6
1326520 2079.6
1326530 2079.6
1326540 2079.5
1326550 2083.0
1326560 2083.1
1326570 2083.1
1326580 2084.1
1326590 2088.4
1326600 2088.4
1326610 2091.6
1326620 2091.1
1326630 2091.1
1326640 2088.8
1326650 2087.7
1326660 2087.7
1326670 2086.5
1326680 2085.8
1326690 2085.8
1326700 2085.6
1326710 2085.0
1326720 2085.0
1326730 2084.6
1326740 2084.6
1326750 2084.6
1326760 2083.7
1326770 2082.4
1326780 2082.4
1326790 2081.0
1326800 2079.5
1326810 2079.9
1326820 2079.9
1326830 2079.7
1326840 2078.7
1326850 2078.7
1326860 2078.8
1326870 2078.8
1326880 2078.8
1326890 2080.1
1326900 2082.7
1326910 2082.7
1326920 2084.1
1326930 2083.7
1326940 2083.7
1326950 2082.3
1326960 2080.5
1326970 2080.5
1326980 2078.7
1326990 2077.9
1327000 2077.9
1327010 2078.6
1327020 2078.9
1327030 2078.9
1327040 2078.7
1327050 2077.4
1327060 2075.4
1327070 2075.4
1327080 2074.3
1327090 2073.6
1327100 2073.6
1327110 2073.3
1327120 2073.5
1327130 2073.5
1327140 2074.2
1327150 2076.2
1327160 2076.2
1327170 2078.2
1327180 2080.6
1327190 2080.6
1327200 2085.8
1327210 2092.0
1327220 2092.0
1327230 2098.1
1327240 2103.0
1327250 2103.0
1327260 2106.9
1327270 2110.8
1327280 2110.8
1327290 2114.8
1327300 2119.1
1327310 2123.3
1327320 2123.3
1327330 2127.0
1327340 2130.9
1327350 2130.9
1327360 2135.5
1327370 2141.6
1327380 2141.6
1327390 2148.5
1327400 2156.7
1327410 2156.7
1327420 2166.4
1327430 2172.8
1327440 2172.8
1327450 2178.5
1327460 2185.3
1327470 2185.3
1327480 2192.5
1327490 2190.4
1327500 2190.4
1327510 2184.3
1327520 2178.7
1327530 2165.7
1327540 2165.7
1327550 2153.0
1327560 2144.0
1327570 2144.0
1327580 2137.3
1327590 2130.8
1327600 2130.8
1327610 2124.9
1327620 2119.7
1327630 2119.7
1327640 2115.3
1327650 2112.1
1327660 2112.1
1327670 2109.4
1327680 2105.4
1327690 2105.4
1327700 2100.9
1327710 2096.8
1327720 2096.8
1327730 2096.9
1327740 2100.0
1327750 2100.0
1327760 2104.4
1327770 2109.4
1327780 2114.3
1327790 2114.3
1327800 2119.0
1327810 2123.3
1327820 2123.3
1327830 2127.3
1327840 2131.8
1327850 2131.8
1327860 2136.5
1327870 2140.8
1327880 2140.8
1327890 2145.8
1327900 2153.0
1327910 2153.0
1327920 2159.7
1327930 2162.3
1327940 2162.3
1327950 2161.4
1327960 2153.1
1327970 2153.1
1327980 2139.9
1327990 2112.3
1328000 2112.3
1328010 2098.1
1328020 2089.5
1328030 2081.8
1328040 2081.8
1328050 2074.7
1328060 2068.2
1328070 2068.2
1328080 2062.1
1328090 2056.4
1328100 2056.4
1328110 2050.0
1328120 2043.3
1328130 2043.3
1328140 2035.6
1328150 2030.3
1328160 2030.6
1328170 2028.0
1328180 2027.0
1328190 2027.0
1328200 2027.4
1328210 2027.4
1328220 2027.4
1328230 2027.6
1328240 2026.2
1328250 2025.9
1328260 2025.9
1328270 2023.0
1328280 2020.6
1328290 2020.6
1328300 2017.1
1328310 2012.6
1328320 2012.6
1328330 2006.7
1328340 2002.7
1328350 2002.7
1328360 1999.8
1328370 1996.9
1328380 1996.9
1328390 1995.5
1328400 1997.2
1328410 1997.2
1328420 1998.8
1328430 1997.7
1328440 1997.7
1328450 1992.9
1328460 1985.4
1328470 1985.4
1328480 1977.2
1328490 1970.0
1328500 1963.7
1328510 1963.7
1328520 1957.6
1328530 1952.2
1328540 1952.2
1328550 1947.5
1328560 1943.9
1328570 1943.9
1328580 1941.1
1328590 1939.7
1328600 1939.7
1328610 1938.8
1328620 1937.6
1328630 1937.6
1328640 1936.6
1328650 1935.8
1328660 1935.8
1328670 1935.2
1328680 1934.7
1328690 1934.7
1328700 1933.9
1328710 1932.7
1328720 1932.7
1328730 1929.9
1328740 1925.1
1328750 1919.8
1328760 1919.8
1328770 1915.3
1328780 1910.7
1328790 1910.7
1328800 1906.2
1328810 1901.3
1328820 1901.3
1328830 1895.7
1328840 1890.4
1328850 1890.4
1328860 1886.4
1328870 1882.1
1328880 1882.1
1328890 1876.3
1328900 1874.4
1328910 1874.4
1328920 1875.5
1328930 1873.5
1328940 1873.5
1328950 1871.8
1328960 1870.7
1328970 1872.7
1328980 1872.7
1328990 1868.9
1329000 1865.3
1329010 1865.3
1329020 1862.2
1329030 1860.6
1329040 1860.6
1329050 1860.5
1329060 1858.9
1329070 1858.9
1329080 1857.9
1329090 1857.2
1329100 1857.2
1329110 1855.1
1329120 1852.1
1329130 1852.1
1329140 1848.2
1329150 1846.6
1329160 1846.6
1329170 1845.9
1329180 1845.3
1329190 1845.3
1329200 1844.2
1329210 1843.2
1329220 1841.9
1329230 1841.9
1329240 1840.0
1329250 1837.8
1329260 1837.8
1329270 1836.0
1329280 1835.1
1329290 1835.1
1329300 1832.9
1329310 1830.2
1329320 1830.2
1329330 1827.1
1329340 1824.3
1329350 1824.3
1329360 1820.3
1329370 1815.9
1329380 1815.9
1329390 1813.7
1329400 1811.1
1329410 1811.1
1329420 1808.1
1329430 1805.5
1329440 1805.5
1329450 1802.2
1329460 1799.1
1329470 1795.7
1329480 1795.7
1329490 1792.7
1329500 1790.8
1329510 1790.8
1329520 1788.6
1329530 1786.1
1329540 1786.1
1329550 1783.8
1329560 1781.8
1329570 1781.8
1329580 1779.8
1329590 1777.0
1329600 1777.0
1329610 1774.6
1329620 1772.8
1329630 1772.8
1329640 1771.4
1329650 1770.4
1329660 1770.4
1329670 1768.4
1329680 1766.4
1329690 1766.4
1329700 1769.6
1329710 1772.1
1329720 1774.8
1329730 1774.8
1329740 1777.3
1329750 1779.6
1329760 1779.6
1329770 1781.5
1329780 1783.8
1329790 1785.9
1329800 1788.5
1329810 1792.8
1329820 1792.8
1329830 1798.3
1329840 1803.1
1329850 1803.1
1329860 1807.7
1329870 1811.9
1329880 1811.9
1329890 1816.1
1329900 1819.9
1329910 1819.9
1329920 1824.4
1329930 1828.7
1329940 1833.1
1329950 1833.1
1329960 1838.5
1329970 1844.8
1329980 1844.8
1329990 1850.6
1330000 1856.2
1330010 1856.2
1330020 1861.6
1330030 1867.0
1330040 1867.0
1330050 1873.4
1330060 1879.4
1330070 1879.4
1330080 1884.6
1330090 1890.1
1330100 1890.1
1330110 1897.0
1330120 1906.9
1330130 1906.9
1330140 1918.2
1330150 1928.0
1330160 1928.0
1330170 1937.9
1330180 1947.4
1330190 1956.0
1330200 1956.0
1330210 1964.1
1330220 1971.4
1330230 1971.4
1330240 1979.7
1330250 1989.2
1330260 1989.2
1330270 1998.8
1330280 2007.6
1330290 2007.6
1330300 2016.7
1330310 2026.9
1330320 2026.9
1330330 2038.4
1330340 2050.0
1330350 2050.0
1330360 2060.0
1330370 2068.0
1330380 2068.0
1330390 2074.9
1330400 2082.1
1330410 2082.1
1330420 2088.3
1330430 2094.1
1330440 2099.8
1330450 2099.8
1330460 2105.2
1330470 2110.3
1330480 2110.3
1330490 2115.2
1330500 2120.2
1330510 2120.2
1330520 2125.3
1330530 2130.8
1330540 2130.8
1330550 2135.6
1330560 2139.2
1330570 2139.2
1330580 2139.6
1330590 2137.2
1330600 2137.2
1330610 2141.1
1330620 2140.1
1330630 2140.1
1330640 2139.4
1330650 2139.4
1330660 2139.5
1330670 2139.5
1330680 2138.9
1330690 2138.9
1330700 2138.9
1330710 2140.1
1330720 2141.5
1330730 2141.5
1330740 2144.0
1330750 2146.3
1330760 2146.3
1330770 2142.8
1330780 2134.3
1330790 2134.3
1330800 2124.3
1330810 2112.8
1330820 2112.8
1330830 2103.8
1330840 2097.4
1330850 2097.4
1330860 2089.7
1330870 2082.7
1330880 2082.7
1330890 2074.2
1330900 2068.8
1330910 2061.4
1330920 2061.4
1330930 2049.6
1330940 2036.0
1330950 2036.0
1330960 2026.4
1330970 2021.7
1330980 2021.7
1330990 2019.1
1331000 2018.2
1331010 2018.2
1331020 2018.1
1331030 2018.8
1331040 2018.8
1331050 2018.5
1331060 2016.5
1331070 2016.5
1331080 2014.0
1331090 2012.1
1331100 2012.1
1331110 2009.4
1331120 2009.0
1331130 2009.0
1331140 2010.1
1331150 2011.9
1331160 2011.7
1331170 2011.7
1331180 2010.9
1331190 2010.6
1331200 2010.6
1331210 2010.1
1331220 2009.7
1331230 2009.7
1331240 2010.5
1331250 2011.8
1331260 2011.8
1331270 2013.8
1331280 2016.7
1331290 2016.7
1331300 2021.1
1331310 2023.7
1331320 2023.7
1331330 2027.6
1331340 2032.3
1331350 2032.3
1331360 2034.6
1331370 2035.3
1331380 2035.3
1331390 2035.7
1331400 2035.6
1331410 2034.1
1331420 2034.1
1331430 2030.5
1331440 2022.9
1331450 2022.9
1331460 2015.1
1331470 2009.2
1331480 2009.2
1331490 2004.6
1331500 2000.0
1331510 2000.0
1331520 1995.4
1331530 1990.8
1331540 1990.8
1331550 1987.9
1331560 1987.2
1331570 1987.2
1331580 1989.6
1331590 1994.8
1331600 1994.8
1331610 1999.9
1331620 2004.0
1331630 2008.5
1331640 2008.5
1331650 2012.1
1331660 2014.9
1331670 2014.9
1331680 2016.2
1331690 2016.7
1331700 2016.7
1331710 2018.7
1331720 2021.5
1331730 2021.5
1331740 2023.8
1331750 2026.5
1331760 2026.5
1331770 2030.1
1331780 2031.9
1331790 2031.9
1331800 2032.8
1331810 2034.8
1331820 2034.8
1331830 2036.3
1331840 2037.8
1331850 2037.8
1331860 2040.0
1331870 2042.5
1331880 2044.3
1331890 2044.3
1331900 2044.6
1331910 2043.3
1331920 2043.3
1331930 2041.6
1331940 2041.5
1331950 2041.5
1331960 2040.9
1331970 2041.0
1331980 2041.0
1331990 2040.0
1332000 2040.4
1332010 2040.4
1332020 2041.9
1332030 2043.8
1332040 2043.8
1332050 2047.7
1332060 2050.6
1332070 2050.6
1332080 2051.5
1332090 2049.4
1332100 2049.4
1332110 2045.5
1332120 2045.2
1332130 2047.2
1332140 2047.2
1332150 2049.7
1332160 2052.8
1332170 2052.8
1332180 2055.4
1332190 2058.7
1332200 2058.7
1332210 2062.7
1332220 2064.8
1332230 2064.8
1332240 2064.5
1332250 2063.0
1332260 2063.0
1332270 2064.4
1332280 2062.0
1332290 2062.0
1332300 2059.2
1332310 2056.0
1332320 2056.0
1332330 2050.2
1332340 2039.9
1332350 2030.9
1332360 2030.9
1332370 2022.5
1332380 2018.6
1332390 2018.6
1332400 2016.1
1332410 2015.2
1332420 2015.2
1332430 2013.3
1332440 2007.6
1332450 2007.6
1332460 2004.8
1332470 1996.8
1332480 1996.8
1332490 1985.0
1332500 1976.8
1332510 1976.8
1332520 1964.8
1332530 1958.2
1332540 1958.2
1332550 1954.7
1332560 1953.6
1332570 1953.6
1332580 1952.4
1332590 1951.2
1332600 1949.4
1332610 1949.4
1332620 1947.2
1332630 1944.5
1332640 1944.5
1332650 1940.5
1332660 1937.0
1332670 1937.0
1332680 1934.3
1332690 1928.8
1332700 1928.8
1332710 1921.1
1332720 1916.4
1332730 1916.4
1332740 1912.7
1332750 1910.3
1332760 1910.3
1332770 1908.4
1332780 1904.6
1332790 1904.6
1332800 1899.5
1332810 1892.7
1332820 1892.7
1332830 1886.8
1332840 1881.5
1332850 1875.2
1332860 1875.2
1332870 1870.2
1332880 1866.9
1332890 1866.9
1332900 1863.2
1332910 1860.9
1332920 1860.9
1332930 1859.1
1332940 1856.1
1332950 1856.1
1332960 1853.2
1332970 1849.5
1332980 1849.5
1332990 1845.1
1333000 1840.8
1333010 1840.8
1333020 1837.5
1333030 1832.0
1333040 1832.0
1333050 1826.1
1333060 1823.0
1333070 1823.0
1333080 1821.3
1333090 1818.4
1333100 1813.3
1333110 1810.1
1333120 1800.8
1333130 1793.5
1333140 1793.5
1333150 1787.2
1333160 1780.0
1333170 1780.0
1333180 1772.8
1333190 1767.4
1333200 1767.4
1333210 1764.2
1333220 1760.9
1333230 1760.9
1333240 1756.3
1333250 1751.3
1333260 1751.3
1333270 1747.1
1333280 1746.3
1333290 1746.3
1333300 1747.3
1333310 1746.8
1333320 1744.9
1333330 1744.9
1333340 1742.8
1333350 1744.4
1333360 1744.4
1333370 1746.2
1333380 1747.3
1333390 1747.3
1333400 1751.3
1333410 1755.1
1333420 1755.1
1333430 1757.3
1333440 1759.8
1333450 1759.8
1333460 1763.3
1333470 1767.4
1333480 1767.4
1333490 1771.3
1333500 1774.9
1333510 1774.9
1333520 1777.9
1333530 1780.4
1333540 1780.4
1333550 1782.7
1333560 1784.7
1333570 1786.8
1333580 1786.8
1333590 1790.1
1333600 1794.6
1333610 1794.6
1333620 1802.7
1333630 1812.3
1333640 1812.3
1333650 1821.0
1333660 1830.6
1333670 1830.6
1333680 1840.0
1333690 1846.5
1333700 1846.5
1333710 1852.6
1333720 1858.4
1333730 1858.4
1333740 1863.4
1333750 1869.1
1333760 1869.1
1333770 1876.8
1333780 1884.4
1333790 1884.4
1333800 1891.1
1333810 1897.2
1333820 1900.6
1333830 1900.6
1333840 1903.3
1333850 1905.8
1333860 1905.8
1333870 1907.5
1333880 1909.7
1333890 1909.7
1333900 1912.3
1333910 1914.0
1333920 1914.0
1333930 1914.4
1333940 1912.3
1333950 1906.9
1333960 1902.1
1333970 1899.5
1333980 1899.5
1333990 1896.9
1334000 1895.7
1334010 1895.7
1334020 1895.6
1334030 1895.0
1334040 1893.7
1334050 1893.7
1334060 1890.5
1334070 1885.4
1334080 1885.4
1334090 1880.2
1334100 1875.4
1334110 1875.4
1334120 1870.4
1334130 1865.6
1334140 1865.6
1334150 1860.8
1334160 1856.1
1334170 1856.1
1334180 1852.2
1334190 1847.8
1334200 1847.8
1334210 1842.8
1334220 1837.8
1334230 1837.8
1334240 1833.1
1334250 1828.2
1334260 1828.2
1334270 1823.8
1334280 1819.0
1334290 1812.5
1334300 1812.5
1334310 1807.1
1334320 1801.7
1334330 1801.7
1334340 1797.0
1334350 1792.2
1334360 1792.2
1334370 1786.3
1334380 1780.1
1334390 1780.1
1334400 1774.7
1334410 1769.1
1334420 1769.1
1334430 1763.5
1334440 1758.1
1334450 1758.1
1334460 1752.8
1334470 1747.2
1334480 1747.2
1334490 1741.8
1334500 1736.6
1334510 1736.6
1334520 1732.2
1334530 1729.2
1334540 1725.8
1334550 1725.8
1334560 1722.1
1334570 1716.5
1334580 1716.5
1334590 1709.8
1334600 1703.1
1334610 1703.1
1334620 1696.5
1334630 1689.5
1334640 1689.5
1334650 1680.3
1334660 1671.1
1334670 1671.1
1334680 1663.5
1334690 1655.4
1334700 1655.4
1334710 1646.4
1334720 1637.6
1334730 1637.6
1334740 1631.0
1334750 1627.2
1334760 1623.3
1334770 1623.3
1334780 1624.5
1334790 1626.3
1334800 1634.1
1334810 1635.0
1334820 1633.9
1334830 1633.9
1334840 1635.5
1334850 1637.3
1334860 1637.3
1334870 1639.7
1334880 1640.6
1334890 1640.6
1334900 1638.5
1334910 1634.3
1334920 1634.3
1334930 1617.0
1334940 1596.6
1334950 1596.6
1334960 1566.7
1334970 1552.4
1334980 1552.4
1334990 1542.6
1335000 1532.1
1335010 1516.7
1335020 1516.7
1335030 1498.2
1335040 1476.7
1335050 1476.7
1335060 1457.8
1335070 1442.3
1335080 1442.3
1335090 1432.8
1335100 1423.9
1335110 1423.9
1335120 1415.1
1335130 1406.7
1335140 1406.7
1335150 1397.9
1335160 1390.2
1335170 1390.2
1335180 1382.7
1335190 1376.2
1335200 1376.2
1335210 1373.4
1335220 1371.3
1335230 1371.3
1335240 1369.8
1335250 1368.6
1335260 1367.0
1335270 1367.0
1335280 1365.0
1335290 1362.6
1335300 1362.6
1335310 1360.3
1335320 1358.0
1335330 1358.0
1335340 1355.5
1335350 1352.8
1335360 1352.8
1335370 1350.5
1335380 1348.2
1335390 1348.2
1335400 1345.1
1335410 1341.1
1335420 1341.1
1335430 1341.0
1335440 1347.5
1335450 1347.5
1335460 1354.0
1335470 1357.7
1335480 1357.7
1335490 1360.6
1335500 1363.6
1335510 1366.5
1335520 1366.5
1335530 1369.3
1335540 1372.7
1335550 1372.7
1335560 1376.4
1335570 1380.8
1335580 1380.8
1335590 1385.3
1335600 1389.5
1335610 1389.5
1335620 1393.9
1335630 1398.5
1335640 1398.5
1335650 1405.2
1335660 1410.3
1335670 1410.3
1335680 1415.4
1335690 1420.6
1335700 1420.6
1335710 1425.5
1335720 1430.6
1335730 1435.7
1335740 1435.7
1335750 1441.2
1335760 1447.5
1335770 1447.5
1335780 1454.1
1335790 1460.0
1335800 1460.0
1335810 1465.9
1335820 1472.4
1335830 1472.4
1335840 1478.8
1335850 1485.5
1335860 1485.5
1335870 1491.9
1335880 1498.9
1335890 1498.9
1335900 1505.6
1335910 1512.0
1335920 1512.0
1335930 1518.5
1335940 1525.0
1335950 1525.0
1335960 1532.0
1335970 1538.6
1335980 1545.3
1335990 1545.3
1336000 1551.6
1336010 1558.2
1336020 1558.2
1336030 1565.3
1336040 1572.1
1336050 1572.1
1336060 1579.1
1336070 1586.2
1336080 1586.2
1336090 1593.2
1336100 1600.2
1336110 1600.2
1336120 1606.9
1336130 1613.9
1336140 1613.9
1336150 1620.8
1336160 1627.6
1336170 1627.6
1336180 1634.7
1336190 1641.9
1336200 1641.9
1336210 1649.0
1336220 1655.9
1336230 1663.1
1336240 1663.1
1336250 1670.1
1336260 1677.0
1336270 1677.0
1336280 1684.1
1336290 1691.0
1336300 1691.0
1336310 1698.2
1336320 1705.8
1336330 1705.8
1336340 1713.0
1336350 1720.5
1336360 1720.5
1336370 1728.6
1336380 1737.9
1336390 1737.9
1336400 1745.8
1336410 1753.2
1336420 1753.2
1336430 1761.3
1336440 1769.1
1336450 1776.5
1336460 1776.5
1336470 1783.7
1336480 1791.2
1336490 1791.2
1336500 1797.9
1336510 1806.7
1336520 1806.7
1336530 1813.5
1336540 1820.9
1336550 1820.9
1336560 1828.3
1336570 1835.6
1336580 1835.6
1336590 1842.9
1336600 1850.1
1336610 1850.1
1336620 1856.9
1336630 1863.3
1336640 1863.3
1336650 1869.9
1336660 1876.8
1336670 1876.8
1336680 1883.9
1336690 1891.0
1336700 1898.0
1336710 1898.0
1336720 1904.4
1336730 1910.8
1336740 1910.8
1336750 1917.0
1336760 1921.4
1336770 1921.4
1336780 1923.8
1336790 1926.4
1336800 1926.4
1336810 1927.2
1336820 1925.6
1336830 1925.6
1336840 1924.1
1336850 1920.9
1336860 1920.9
1336870 1916.6
1336880 1912.3
1336890 1912.3
1336900 1908.7
1336910 1904.4
1336920 1904.4
1336930 1899.5
1336940 1893.8
1336950 1886.4
1336960 1886.4
1336970 1879.3
1336980 1872.4
1336990 1872.4
1337000 1863.8
1337010 1853.9
1337020 1853.9
1337030 1843.4
1337040 1832.5
1337050 1832.5
1337060 1822.3
1337070 1813.3
1337080 1813.3
1337090 1803.4
1337100 1793.9
1337110 1793.9
1337120 1784.3
1337130 1774.8
1337140 1774.8
1337150 1765.6
1337160 1756.9
1337170 1748.3
1337180 1748.3
1337190 1738.7
1337200 1729.2
1337210 1729.2
1337220 1719.5
1337230 1710.3
1337240 1710.3
1337250 1702.0
1337260 1694.4
1337270 1694.4
1337280 1688.3
1337290 1681.4
1337300 1681.4
1337310 1671.4
1337320 1660.9
1337330 1660.9
1337340 1649.8
1337350 1639.5
1337360 1639.5
1337370 1636.5
1337380 1632.7
1337390 1632.7
1337400 1628.8
1337410 1626.0
1337420 1625.3
1337430 1625.3
1337440 1626.4
1337450 1627.8
1337460 1627.8
1337470 1631.4
1337480 1626.8
1337490 1626.8
1337500 1614.0
1337510 1599.1
1337520 1599.1
1337530 1584.9
1337540 1570.8
1337550 1570.8
1337560 1556.5
1337570 1542.1
1337580 1542.1
1337590 1528.2
1337600 1516.8
1337610 1516.8
1337620 1509.6
1337630 1502.5
1337640 1502.5
1337650 1495.5
1337660 1488.9
1337670 1483.7
1337680 1483.7
1337690 1479.2
1337700 1474.7
1337710 1474.7
1337720 1470.1
1337730 1465.5
1337740 1465.5
1337750 1460.9
1337760 1455.8
1337770 1455.8
1337780 1450.2
1337790 1445.1
1337800 1445.1
1337810 1439.3
1337820 1433.3
1337830 1433.3
1337840 1427.2
1337850 1421.2
1337860 1421.2
1337870 1415.3
1337880 1409.8
1337890 1409.8
1337900 1404.6
1337910 1399.4
1337920 1395.1
1337930 1395.1
1337940 1391.1
1337950 1387.9
1337960 1387.9
1337970 1385.5
1337980 1383.3
1337990 1383.3
1338000 1381.4
1338010 1379.5
1338020 1379.5
1338030 1377.8
1338040 1376.0
1338050 1376.0
1338060 1375.0
1338070 1375.4
1338080 1375.4
1338090 1375.4
1338100 1375.1
1338110 1375.1
1338120 1375.0
1338130 1375.3
1338140 1375.4
1338150 1375.4
1338160 1376.5
1338170 1378.0
1338180 1378.0
1338190 1379.6
1338200 1381.2
1338210 1381.2
1338220 1382.6
1338230 1383.3
1338240 1383.3
1338250 1385.1
1338260 1386.7
1338270 1386.7
1338280 1388.2
1338290 1389.9
1338300 1389.9
1338310 1392.1
1338320 1394.6
1338330 1394.6
1338340 1397.5
1338350 1400.6
1338360 1400.6
1338370 1403.9
1338380 1407.1
1338390 1410.2
1338400 1410.2
1338410 1412.6
1338420 1414.5
1338430 1414.5
1338440 1417.8
1338450 1430.0
1338460 1430.0
1338470 1451.9
1338480 1470.5
1338490 1470.5
1338500 1484.8
1338510 1497.4
1338520 1497.4
1338530 1509.3
1338540 1523.8
1338550 1523.8
1338560 1537.9
1338570 1553.1
1338580 1553.1
1338590 1573.5
1338600 1590.2
1338610 1590.2
1338620 1603.1
1338630 1615.9
1338640 1634.9
1338650 1634.9
1338660 1652.3
1338670 1661.5
1338680 1661.5
1338690 1671.0
1338700 1680.7
1338710 1680.7
1338720 1689.6
1338730 1699.1
1338740 1699.1
1338750 1706.8
1338760 1713.2
1338770 1713.2
1338780 1719.8
1338790 1726.2
1338800 1726.2
1338810 1732.8
1338820 1739.9
1338830 1739.9
1338840 1747.3
1338850 1753.5
1338860 1757.6
1338870 1757.6
1338880 1761.7
1338890 1766.8
1338900 1766.8
1338910 1773.0
1338920 1778.7
1338930 1778.7
1338940 1783.5
1338950 1789.2
1338960 1789.2
1338970 1794.9
1338980 1799.2
1338990 1799.2
1339000 1802.4
1339010 1804.2
1339020 1804.2
1339030 1805.4
1339040 1806.3
1339050 1806.3
1339060 1807.6
1339070 1809.3
1339080 1809.3
1339090 1810.3
1339100 1814.7
1339110 1817.7
1339120 1817.7
1339130 1817.9
1339140 1819.3
1339150 1819.3
1339160 1821.1
1339170 1823.7
1339180 1823.7
1339190 1825.9
1339200 1829.6
1339210 1829.6
1339220 1833.7
1339230 1837.7
1339240 1837.7
1339250 1842.3
1339260 1847.4
1339270 1847.4
1339280 1852.2
1339290 1856.9
1339300 1856.9
1339310 1861.6
1339320 1866.5
1339330 1866.5
1339340 1871.5
1339350 1876.2
1339360 1880.6
1339370 1880.6
1339380 1885.8
1339390 1890.8
1339400 1890.8
1339410 1896.1
1339420 1900.3
1339430 1900.3
1339440 1903.1
1339450 1904.5
1339460 1904.5
1339470 1905.8
1339480 1907.5
1339490 1907.5
1339500 1908.9
1339510 1910.8
1339520 1910.8
1339530 1915.5
1339540 1919.8
1339550 1919.8
1339560 1926.1
1339570 1929.2
1339580 1932.2
1339590 1932.2
1339600 1938.2
1339610 1945.2
1339620 1945.2
1339630 1951.5
1339640 1951.2
1339650 1951.2
1339660 1949.5
1339670 1948.7
1339680 1948.7
1339690 1947.6
1339700 1947.5
1339710 1947.5
1339720 1946.4
1339730 1945.6
1339740 1945.6
1339750 1946.2
1339760 1947.7
1339770 1947.7
1339780 1949.5
1339790 1950.9
1339800 1950.9
1339810 1951.1
1339820 1952.3
1339830 1955.3
1339840 1955.3
1339850 1958.7
1339860 1962.5
1339870 1962.5
1339880 1965.3
1339890 1969.1
1339900 1969.1
1339910 1972.7
1339920 1976.4
1339930 1976.4
1339940 1980.6
1339950 1985.3
1339960 1985.3
1339970 1990.5
1339980 1995.5
1339990 1995.5
