1320000 637.4
1320010 636.7
1320020 635.7
1320030 635.7
1320040 634.7
1320050 633.9
1320060 633.0
1320070 633.0
1320080 632.2
1320090 631.4
1320100 631.4
1320110 630.7
1320120 629.9
1320130 629.9
1320140 629.3
1320150 628.6
1320160 628.6
1320170 628.0
1320180 627.4
1320190 627.4
1320200 626.8
1320210 626.1
1320220 626.1
1320230 625.4
1320240 624.6
1320250 624.6
1320260 624.0
1320270 623.4
1320280 623.4
1320290 622.8
1320300 622.1
1320310 621.6
1320320 621.6
1320330 620.8
1320340 620.4
1320350 620.4
1320360 619.7
1320370 617.9
1320380 617.9
1320390 617.0
1320400 616.3
1320410 616.3
1320420 615.6
1320430 615.1
1320440 615.1
1320450 614.8
1320460 614.8
1320470 614.8
1320480 614.8
1320490 614.5
1320500 614.5
1320510 614.2
1320520 613.8
1320530 613.8
1320540 613.6
1320550 613.1
1320560 612.4
1320570 612.4
1320580 611.8
1320590 611.1
1320600 611.1
1320610 610.6
1320620 610.0
1320630 610.0
1320640 609.5
1320650 609.1
1320660 609.1
1320670 608.6
1320680 608.2
1320690 608.2
1320700 607.6
1320710 607.0
1320720 607.0
1320730 606.4
1320740 605.8
1320750 605.8
1320760 605.1
1320770 604.4
1320780 604.4
1320790 603.8
1320800 603.1
1320810 602.7
1320820 602.7
1320830 602.3
1320840 601.7
1320850 601.7
1320860 600.5
1320870 598.9
1320880 598.9
1320890 597.3
1320900 595.7
1320910 595.7
1320920 594.6
1320930 594.4
1320940 594.4
1320950 594.4
1320960 594.5
1320970 594.5
1320980 594.5
1320990 594.5
1321000 594.5
1321010 594.4
1321020 594.5
1321030 594.7
1321040 594.7
1321050 594.6
1321060 594.7
1321070 594.7
1321080 594.7
1321090 594.7
1321100 594.7
1321110 594.7
1321120 594.7
1321130 594.7
1321140 594.9
1321150 595.2
1321160 595.2
1321170 595.1
1321180 595.1
1321190 595.1
1321200 595.2
1321210 595.2
1321220 595.2
1321230 595.1
1321240 595.1
1321250 595.1
1321260 595.0
1321270 594.9
1321280 595.2
1321290 595.2
1321300 595.1
1321310 594.7
1321320 594.7
1321330 594.9
1321340 594.7
1321350 594.7
1321360 593.0
1321370 592.1
1321380 592.1
1321390 592.1
1321400 592.9
1321410 592.9
1321420 594.9
1321430 595.2
1321440 595.2
1321450 595.5
1321460 595.1
1321470 595.1
1321480 594.8
1321490 594.9
1321500 594.9
1321510 595.1
1321520 595.3
1321530 595.1
1321540 595.1
1321550 594.9
1321560 595.0
1321570 595.0
1321580 595.0
1321590 594.9
1321600 594.9
1321610 595.0
1321620 595.3
1321630 595.3
1321640 595.5
1321650 594.9
1321660 594.9
1321670 594.8
1321680 594.9
1321690 594.9
1321700 595.4
1321710 595.5
1321720 595.5
1321730 596.2
1321740 599.9
1321750 599.9
1321760 603.2
1321770 606.0
1321780 608.1
1321790 608.1
1321800 608.9
1321810 610.5
1321820 610.5
1321830 611.5
1321840 613.0
1321850 613.0
1321860 614.2
1321870 615.0
1321880 615.0
1321890 615.9
1321900 617.1
1321910 617.1
1321920 618.6
1321930 620.3
1321940 620.3
1321950 621.7
1321960 623.5
1321970 623.5
1321980 625.4
1321990 627.1
1322000 628.5
1322010 628.5
1322020 629.9
1322030 631.6
1322040 631.6
1322050 633.2
1322060 634.2
1322070 634.2
1322080 635.6
1322090 637.0
1322100 637.0
1322110 638.1
1322120 638.9
1322130 638.9
1322140 639.9
1322150 641.3
1322160 641.3
1322170 642.9
1322180 644.7
1322190 644.7
1322200 646.3
1322210 647.9
1322220 647.9
1322230 650.4
1322240 651.5
1322250 652.3
1322260 652.3
1322270 653.2
1322280 654.0
1322290 654.0
1322300 654.9
1322310 656.2
1322320 656.2
1322330 657.0
1322340 656.7
1322350 656.7
1322360 658.7
1322370 661.7
1322380 661.7
1322390 663.5
1322400 665.4
1322410 665.4
1322420 666.6
1322430 668.5
1322440 668.5
1322450 669.8
1322460 670.7
1322470 670.7
1322480 671.8
1322490 673.5
1322500 674.5
1322510 674.5
1322520 675.4
1322530 677.3
1322540 677.3
1322550 679.9
1322560 683.2
1322570 683.2
1322580 687.5
1322590 692.2
1322600 692.2
1322610 699.2
1322620 704.9
1322630 704.9
1322640 710.2
1322650 716.3
1322660 716.3
1322670 721.6
1322680 726.7
1322690 726.7
1322700 732.0
1322710 737.2
1322720 737.2
1322730 742.5
1322740 749.7
1322750 756.9
1322760 756.9
1322770 764.0
1322780 770.5
1322790 770.5
1322800 776.3
1322810 781.5
1322820 781.5
1322830 786.8
1322840 792.2
1322850 792.2
1322860 798.1
1322870 804.2
1322880 804.2
1322890 810.6
1322900 816.6
1322910 816.6
1322920 824.0
1322930 831.8
1322940 831.8
1322950 839.5
1322960 845.8
1322970 851.6
1322980 851.6
1322990 858.0
1323000 864.6
1323010 864.6
1323020 872.6
1323030 883.5
1323040 883.5
1323050 892.4
1323060 899.3
1323070 899.3
1323080 906.2
1323090 912.4
1323100 912.4
1323110 918.5
1323120 924.4
1323130 924.4
1323140 930.2
1323150 936.2
1323160 936.2
1323170 942.0
1323180 948.9
1323190 948.9
1323200 957.0
1323210 963.6
1323220 968.0
1323230 968.0
1323240 971.5
1323250 976.0
1323260 976.0
1323270 980.7
1323280 984.2
1323290 984.2
1323300 987.6
1323310 991.4
1323320 991.4
1323330 995.7
1323340 1000.7
1323350 1000.7
1323360 1005.4
1323370 1009.6
1323380 1009.6
1323390 1014.0
1323400 1019.0
1323410 1019.0
1323420 1024.1
1323430 1029.5
1323440 1029.5
1323450 1035.3
1323460 1040.5
1323470 1044.1
1323480 1044.1
1323490 1047.7
1323500 1050.7
1323510 1050.7
1323520 1054.5
1323530 1058.9
1323540 1058.9
1323550 1064.0
1323560 1068.0
1323570 1068.0
1323580 1072.4
1323590 1077.6
1323600 1077.6
1323610 1083.0
1323620 1086.5
1323630 1086.5
1323640 1088.0
1323650 1089.9
1323660 1089.9
1323670 1092.6
1323680 1096.9
1323690 1096.9
1323700 1101.6
1323710 1104.2
1323720 1106.5
1323730 1106.5
1323740 1109.2
1323750 1114.5
1323760 1114.5
1323770 1121.1
1323780 1125.8
1323790 1125.8
1323800 1126.2
1323810 1127.9
1323820 1127.9
1323830 1129.7
1323840 1131.4
1323850 1131.4
1323860 1135.4
1323870 1139.7
1323880 1139.7
1323890 1146.1
1323900 1153.8
1323910 1153.8
1323920 1161.2
1323930 1168.0
1323940 1173.9
1323950 1173.9
1323960 1178.7
1323970 1181.3
1323980 1181.3
1323990 1182.4
1324000 1183.7
1324010 1183.7
1324020 1185.1
1324030 1183.7
1324040 1183.7
1324050 1182.9
1324060 1184.6
1324070 1184.6
1324080 1188.1
1324090 1189.4
1324100 1189.4
1324110 1190.7
1324120 1192.5
1324130 1192.5
1324140 1195.7
1324150 1197.1
1324160 1197.1
1324170 1197.4
1324180 1199.0
1324190 1200.4
1324200 1200.4
1324210 1202.1
1324220 1206.4
1324230 1206.4
1324240 1211.2
1324250 1216.0
1324260 1216.0
1324270 1220.0
1324280 1222.9
1324290 1217.1
1324300 1222.5
1324310 1228.6
1324320 1228.6
1324330 1235.8
1324340 1243.6
1324350 1243.6
1324360 1251.4
1324370 1259.7
1324380 1259.7
1324390 1267.9
1324400 1275.6
1324410 1275.6
1324420 1283.4
1324430 1291.4
1324440 1299.3
1324450 1299.3
1324460 1307.0
1324470 1313.9
1324480 1313.9
1324490 1321.1
1324500 1327.8
1324510 1327.8
1324520 1334.8
1324530 1341.5
1324540 1341.5
1324550 1347.9
1324560 1352.9
1324570 1352.9
1324580 1357.2
1324590 1361.2
1324600 1361.2
1324610 1365.3
1324620 1369.2
1324630 1369.2
1324640 1372.9
1324650 1376.3
1324660 1376.3
1324670 1379.7
1324680 1382.9
1324690 1387.0
1324700 1387.0
1324710 1392.2
1324720 1397.9
1324730 1397.9
1324740 1403.9
1324750 1409.0
1324760 1409.0
1324770 1413.9
1324780 1418.6
1324790 1418.6
1324800 1424.5
1324810 1429.1
1324820 1429.1
1324830 1433.0
1324840 1436.3
1324850 1436.3
1324860 1439.9
1324870 1443.9
1324880 1443.9
1324890 1448.7
1324900 1453.4
1324910 1458.2
1324920 1458.2
1324930 1463.9
1324940 1466.4
1324950 1466.4
1324960 1469.7
1324970 1473.3
1324980 1473.3
1324990 1477.6
1325000 1480.4
1325010 1480.4
1325020 1483.8
1325030 1487.1
1325040 1487.1
1325050 1490.6
1325060 1493.0
1325070 1493.0
1325080 1495.5
1325090 1493.7
1325100 1493.7
1325110 1496.5
1325120 1499.7
1325130 1499.7
1325140 1504.8
1325150 1510.5
1325160 1515.1
1325170 1515.1
1325180 1518.6
1325190 1523.6
1325200 1523.6
1325210 1528.0
1325220 1532.1
1325230 1532.1
1325240 1536.1
1325250 1539.9
1325260 1539.9
1325270 1544.0
1325280 1548.9
1325290 1548.9
1325300 1553.6
1325310 1557.3
1325320 1557.3
1325330 1561.4
1325340 1565.8
1325350 1565.8
1325360 1570.3
1325370 1575.8
1325380 1575.8
1325390 1580.3
1325400 1584.6
1325410 1588.7
1325420 1588.7
1325430 1591.8
1325440 1594.2
1325450 1594.2
1325460 1596.0
1325470 1597.8
1325480 1597.8
1325490 1599.1
1325500 1600.7
1325510 1600.7
1325520 1603.5
1325530 1606.4
1325540 1606.4
1325550 1608.7
1325560 1610.2
1325570 1610.2
1325580 1612.4
1325590 1615.4
1325600 1615.4
1325610 1619.4
1325620 1624.8
1325630 1624.8
1325640 1628.8
1325650 1633.1
1325660 1639.8
1325670 1639.8
1325680 1645.0
1325690 1650.2
1325700 1650.2
1325710 1655.4
1325720 1659.3
1325730 1659.3
1325740 1664.8
1325750 1671.2
1325760 1671.2
1325770 1677.0
1325780 1682.4
1325790 1682.4
1325800 1687.0
1325810 1690.2
1325820 1690.2
1325830 1694.7
1325840 1699.5
1325850 1699.5
1325860 1704.6
1325870 1710.3
1325880 1710.3
1325890 1717.7
1325900 1723.6
1325910 1730.3
1325920 1730.3
1325930 1736.4
1325940 1742.6
1325950 1742.6
1325960 1748.8
1325970 1754.2
1325980 1754.2
1325990 1759.4
1326000 1767.8
1326010 1767.8
1326020 1774.9
1326030 1781.3
1326040 1781.3
1326050 1786.6
1326060 1791.4
1326070 1791.4
1326080 1797.1
1326090 1800.3
1326100 1800.3
1326110 1805.3
1326120 1811.9
1326130 1818.1
1326140 1818.1
1326150 1821.7
1326160 1825.4
1326170 1825.4
1326180 1832.3
1326190 1840.1
1326200 1840.1
1326210 1845.5
1326220 1849.3
1326230 1849.3
1326240 1852.7
1326250 1855.5
1326260 1855.5
1326270 1857.6
1326280 1860.3
1326290 1860.3
1326300 1867.3
1326310 1875.8
1326320 1875.8
1326330 1881.7
1326340 1879.4
1326350 1879.4
1326360 1875.9
1326370 1873.3
1326380 1871.6
1326390 1871.6
1326400 1870.1
1326410 1870.0
1326420 1870.0
1326430 1869.4
1326440 1868.3
1326450 1868.3
1326460 1868.6
1326470 1866.9
1326480 1866.9
1326490 1864.9
1326500 1864.9
1326510 1864.9
1326520 1865.1
1326530 1864.6
1326540 1864.6
1326550 1863.9
1326560 1862.7
1326570 1862.7
1326580 1862.2
1326590 1861.8
1326600 1861.8
1326610 1861.7
1326620 1861.7
1326630 1861.7
1326640 1861.7
1326650 1861.8
1326660 1862.5
1326670 1862.5
1326680 1863.4
1326690 1872.9
1326700 1872.9
1326710 1874.7
1326720 1878.4
1326730 1878.4
1326740 1880.5
1326750 1885.2
1326760 1885.2
1326770 1888.3
1326780 1888.9
1326790 1888.9
1326800 1888.8
1326810 1887.6
1326820 1887.6
1326830 1884.7
1326840 1883.0
1326850 1883.0
1326860 1881.8
1326870 1881.6
1326880 1884.8
1326890 1884.8
1326900 1886.1
1326910 1884.1
1326920 1884.1
1326930 1881.0
1326940 1879.6
1326950 1879.6
1326960 1880.7
1326970 1877.6
1326980 1877.6
1326990 1879.4
1327000 1884.7
1327010 1884.7
1327020 1888.4
1327030 1887.5
1327040 1887.5
1327050 1886.6
1327060 1886.1
1327070 1886.1
1327080 1889.6
1327090 1892.5
1327100 1895.3
1327110 1895.3
1327120 1898.4
1327130 1902.1
1327140 1902.1
1327150 1906.4
1327160 1912.4
1327170 1912.4
1327180 1920.8
1327190 1930.1
1327200 1930.1
1327210 1935.2
1327220 1939.8
1327230 1939.8
1327240 1954.6
1327250 1960.4
1327260 1960.4
1327270 1965.7
1327280 1970.2
1327290 1970.2
1327300 1960.8
1327310 1946.3
1327320 1946.3
1327330 1935.9
1327340 1926.9
1327350 1916.6
1327360 1916.6
1327370 1911.2
1327380 1906.0
1327390 1906.0
1327400 1902.8
1327410 1900.5
1327420 1900.5
1327430 1900.5
1327440 1901.8
1327450 1901.8
1327460 1902.5
1327470 1902.8
1327480 1902.8
1327490 1901.7
1327500 1907.1
1327510 1907.1
1327520 1904.9
1327530 1902.4
1327540 1902.4
1327550 1899.2
1327560 1896.7
1327570 1896.7
1327580 1895.2
1327590 1893.8
1327600 1891.7
1327610 1891.7
1327620 1889.8
1327630 1887.7
1327640 1887.7
1327650 1885.7
1327660 1884.2
1327670 1884.2
1327680 1882.1
1327690 1880.9
1327700 1880.9
1327710 1879.2
1327720 1877.3
1327730 1877.3
1327740 1875.7
1327750 1875.0
1327760 1875.0
1327770 1876.1
1327780 1877.7
1327790 1877.7
1327800 1881.0
1327810 1884.8
1327820 1884.8
1327830 1889.5
1327840 1893.4
1327850 1895.9
1327860 1895.9
1327870 1900.0
1327880 1904.0
1327890 1904.0
1327900 1907.3
1327910 1910.8
1327920 1910.8
1327930 1913.7
1327940 1915.7
1327950 1915.7
1327960 1916.3
1327970 1916.3
1327980 1916.3
1327990 1916.5
1328000 1916.7
1328010 1916.7
1328020 1916.7
1328030 1916.8
1328040 1916.8
1328050 1917.3
1328060 1917.8
1328070 1918.4
1328080 1918.4
1328090 1919.3
1328100 1920.3
1328110 1920.3
1328120 1921.5
1328130 1923.1
1328140 1923.1
1328150 1926.9
1328160 1932.7
1328170 1932.7
1328180 1939.8
1328190 1947.5
1328200 1947.5
1328210 1955.9
1328220 1966.0
1328230 1966.0
1328240 1973.4
1328250 1977.1
1328260 1977.1
1328270 1979.0
1328280 1980.1
1328290 1980.1
1328300 1980.8
1328310 1982.3
1328320 1983.1
1328330 1983.1
1328340 1983.9
1328350 1984.6
1328360 1984.6
1328370 1985.9
1328380 1988.2
1328390 1988.2
1328400 1989.4
1328410 1990.0
1328420 1990.0
1328430 1990.3
1328440 1989.6
1328450 1989.6
1328460 1988.6
1328470 1987.9
1328480 1987.9
1328490 1986.3
1328500 1983.7
1328510 1983.7
1328520 1979.1
1328530 1973.5
1328540 1973.5
1328550 1967.8
1328560 1962.8
1328570 1959.4
1328580 1959.4
1328590 1955.4
1328600 1947.5
1328610 1947.5
1328620 1940.0
1328630 1933.7
1328640 1933.7
1328650 1924.6
1328660 1916.0
1328670 1916.0
1328680 1908.0
1328690 1901.3
1328700 1901.3
1328710 1894.8
1328720 1889.1
1328730 1889.1
1328740 1884.0
1328750 1877.6
1328760 1877.6
1328770 1868.9
1328780 1860.3
1328790 1860.3
1328800 1851.1
1328810 1841.8
1328820 1835.8
1328830 1835.8
1328840 1828.6
1328850 1821.6
1328860 1821.6
1328870 1815.5
1328880 1809.8
1328890 1809.8
1328900 1804.3
1328910 1799.2
1328920 1799.2
1328930 1790.3
1328940 1781.1
1328950 1781.1
1328960 1774.6
1328970 1762.3
1328980 1762.3
1328990 1747.1
1329000 1731.5
1329010 1731.5
1329020 1716.2
1329030 1707.4
1329040 1700.3
1329050 1700.3
1329060 1694.3
1329070 1688.3
1329080 1688.3
1329090 1681.5
1329100 1674.6
1329110 1674.6
1329120 1669.9
1329130 1673.3
1329140 1673.3
1329150 1669.8
1329160 1666.4
1329170 1666.4
1329180 1664.9
1329190 1664.0
1329200 1664.0
1329210 1662.3
1329220 1659.1
1329230 1659.1
1329240 1655.9
1329250 1652.6
1329260 1652.6
1329270 1647.6
1329280 1641.9
1329290 1637.8
1329300 1637.8
1329310 1634.6
1329320 1629.6
1329330 1629.6
1329340 1624.4
1329350 1618.7
1329360 1618.7
1329370 1612.3
1329380 1605.7
1329390 1605.7
1329400 1600.1
1329410 1595.3
1329420 1595.3
1329430 1590.9
1329440 1586.9
1329450 1586.9
1329460 1583.1
1329470 1583.6
1329480 1583.6
1329490 1589.3
1329500 1594.2
1329510 1594.2
1329520 1598.6
1329530 1603.1
1329540 1607.7
1329550 1607.7
1329560 1612.5
1329570 1617.3
1329580 1617.3
1329590 1622.0
1329600 1627.3
1329610 1627.3
1329620 1633.1
1329630 1638.3
1329640 1638.3
1329650 1644.8
1329660 1650.4
1329670 1650.4
1329680 1657.3
1329690 1663.7
1329700 1663.7
1329710 1671.1
1329720 1678.2
1329730 1678.2
1329740 1685.1
1329750 1691.4
1329760 1691.4
1329770 1697.9
1329780 1705.0
1329790 1712.1
1329800 1712.1
1329810 1719.5
1329820 1727.2
1329830 1727.2
1329840 1734.2
1329850 1741.2
1329860 1741.2
1329870 1747.8
1329880 1755.0
1329890 1755.0
1329900 1761.9
1329910 1768.2
1329920 1768.2
1329930 1774.1
1329940 1783.7
1329950 1783.7
1329960 1791.1
1329970 1807.5
1329980 1807.5
1329990 1819.8
1330000 1836.0
1330010 1845.2
1330020 1845.2
1330030 1853.8
1330040 1863.7
1330050 1863.7
1330060 1872.8
1330070 1879.5
1330080 1879.5
1330090 1884.5
1330100 1888.2
1330110 1888.2
1330120 1890.1
1330130 1891.0
1330140 1891.0
1330150 1891.6
1330160 1890.5
1330170 1890.5
1330180 1890.1
1330190 1889.9
1330200 1889.9
1330210 1889.0
1330220 1889.8
1330230 1889.8
1330240 1889.7
1330250 1887.9
1330260 1885.5
1330270 1885.5
1330280 1885.6
1330290 1887.3
1330300 1887.3
1330310 1889.1
1330320 1890.9
1330330 1890.9
1330340 1892.6
1330350 1894.0
1330360 1894.0
1330370 1895.1
1330380 1896.2
1330390 1896.2
1330400 1897.2
1330410 1897.7
1330420 1897.7
1330430 1897.9
1330440 1898.3
1330450 1898.3
1330460 1899.9
1330470 1902.8
1330480 1902.8
1330490 1906.2
1330500 1908.9
1330510 1913.9
1330520 1913.9
1330530 1919.8
1330540 1924.2
1330550 1924.2
1330560 1926.7
1330570 1928.5
1330580 1928.5
1330590 1929.2
1330600 1929.7
1330610 1929.7
1330620 1929.7
1330630 1928.5
1330640 1928.5
1330650 1926.9
1330660 1924.7
1330670 1924.7
1330680 1921.9
1330690 1919.0
1330700 1919.0
1330710 1916.1
1330720 1910.6
1330730 1910.6
1330740 1898.5
1330750 1883.5
1330760 1867.6
1330770 1858.0
1330780 1842.9
1330790 1829.2
1330800 1829.2
1330810 1819.3
1330820 1811.2
1330830 1811.2
1330840 1803.1
1330850 1795.2
1330860 1795.2
1330870 1788.0
1330880 1783.1
1330890 1783.1
1330900 1779.3
1330910 1776.3
1330920 1776.3
1330930 1773.2
1330940 1771.5
1330950 1771.5
1330960 1770.8
1330970 1771.2
1330980 1772.9
1330990 1772.9
1331000 1774.0
1331010 1774.9
1331020 1774.9
1331030 1776.0
1331040 1776.4
1331050 1776.4
1331060 1775.9
1331070 1774.8
1331080 1774.8
1331090 1772.3
1331100 1768.1
1331110 1768.1
1331120 1764.3
1331130 1764.9
1331140 1764.9
1331150 1768.4
1331160 1770.3
1331170 1770.3
1331180 1773.1
1331190 1778.4
1331200 1778.4
1331210 1782.0
1331220 1783.4
1331230 1786.4
1331240 1786.4
1331250 1790.9
1331260 1794.5
1331270 1794.5
1331280 1797.7
1331290 1801.1
1331300 1801.1
1331310 1804.1
1331320 1805.5
1331330 1805.5
1331340 1806.6
1331350 1808.3
1331360 1808.3
1331370 1811.3
1331380 1814.8
1331390 1814.8
1331400 1818.2
1331410 1822.1
1331420 1822.1
1331430 1825.8
1331440 1828.5
1331450 1828.5
1331460 1830.7
1331470 1833.7
1331480 1836.2
1331490 1836.2
1331500 1841.4
1331510 1848.0
1331520 1848.0
1331530 1853.7
1331540 1857.6
1331550 1857.6
1331560 1861.5
1331570 1864.8
1331580 1864.8
1331590 1867.9
1331600 1872.1
1331610 1872.1
1331620 1872.4
1331630 1872.7
1331640 1872.7
1331650 1873.6
1331660 1875.1
1331670 1875.1
1331680 1875.5
1331690 1875.5
1331700 1875.5
1331710 1875.3
1331720 1875.1
1331730 1874.8
1331740 1874.8
1331750 1874.7
1331760 1875.5
1331770 1875.5
1331780 1876.6
1331790 1877.1
1331800 1877.1
1331810 1876.6
1331820 1875.9
1331830 1875.9
1331840 1876.2
1331850 1875.6
1331860 1875.6
1331870 1873.7
1331880 1871.7
1331890 1871.7
1331900 1870.4
1331910 1870.3
1331920 1870.3
1331930 1871.3
1331940 1871.8
1331950 1873.3
1331960 1873.3
1331970 1875.7
1331980 1878.7
1331990 1878.7
1332000 1880.6
1332010 1881.7
1332020 1881.7
1332030 1881.9
1332040 1882.8
1332050 1882.8
1332060 1882.8
1332070 1881.7
1332080 1881.7
1332090 1880.5
1332100 1880.3
1332110 1880.3
1332120 1879.3
1332130 1876.0
1332140 1876.0
1332150 1873.3
1332160 1871.2
1332170 1871.2
1332180 1868.9
1332190 1866.2
1332200 1862.7
1332210 1862.7
1332220 1858.6
1332230 1853.2
1332240 1853.2
1332250 1848.2
1332260 1843.5
1332270 1843.5
1332280 1839.1
1332290 1833.7
1332300 1833.7
1332310 1827.2
1332320 1819.4
1332330 1819.4
1332340 1811.9
1332350 1805.4
1332360 1805.4
1332370 1799.4
1332380 1793.3
1332390 1793.3
1332400 1788.3
1332410 1782.9
1332420 1782.9
1332430 1773.4
1332440 1767.3
1332450 1761.6
1332460 1761.6
1332470 1756.5
1332480 1752.3
1332490 1752.3
1332500 1747.5
1332510 1742.5
1332520 1742.5
1332530 1738.0
1332540 1733.6
1332550 1733.6
1332560 1729.3
1332570 1726.3
1332580 1726.3
1332590 1725.6
1332600 1725.4
1332610 1725.4
1332620 1725.4
1332630 1724.5
1332640 1724.5
1332650 1721.4
1332660 1716.4
1332670 1716.4
1332680 1710.0
1332690 1704.0
1332700 1698.4
1332710 1698.4
1332720 1692.7
1332730 1687.0
1332740 1687.0
1332750 1681.2
1332760 1675.7
1332770 1675.7
1332780 1670.0
1332790 1664.5
1332800 1664.5
1332810 1659.6
1332820 1654.7
1332830 1654.7
1332840 1649.8
1332850 1645.0
1332860 1645.0
1332870 1640.3
1332880 1635.4
1332890 1635.4
1332900 1630.9
1332910 1626.4
1332920 1622.0
1332930 1622.0
1332940 1617.1
1332950 1610.3
1332960 1610.3
1332970 1602.4
1332980 1595.7
1332990 1595.7
1333000 1591.6
1333010 1589.0
1333020 1589.0
1333030 1587.6
1333040 1586.1
1333050 1586.1
1333060 1583.8
1333070 1582.4
1333080 1582.4
1333090 1580.9
1333100 1580.5
1333110 1580.5
1333120 1581.0
1333130 1579.9
1333140 1579.9
1333150 1578.1
1333160 1576.0
1333170 1573.6
1333180 1573.6
1333190 1570.1
1333200 1565.3
1333210 1565.3
1333220 1559.7
1333230 1553.3
1333240 1553.3
1333250 1547.2
1333260 1542.2
1333270 1546.7
1333280 1545.9
1333290 1539.9
1333300 1539.9
1333310 1532.9
1333320 1527.2
1333330 1527.2
1333340 1521.7
1333350 1516.8
1333360 1516.8
1333370 1510.6
1333380 1502.7
1333390 1502.7
1333400 1496.7
1333410 1500.0
1333420 1506.5
1333430 1506.5
1333440 1514.4
1333450 1522.1
1333460 1522.1
1333470 1529.6
1333480 1536.1
1333490 1536.1
1333500 1540.9
1333510 1543.4
1333520 1543.4
1333530 1545.9
1333540 1549.0
1333550 1549.0
1333560 1553.5
1333570 1558.2
1333580 1558.2
1333590 1562.4
1333600 1566.5
1333610 1566.5
1333620 1571.1
1333630 1575.7
1333640 1575.7
1333650 1579.9
1333660 1583.7
1333670 1587.4
1333680 1587.4
1333690 1592.2
1333700 1596.8
1333710 1596.8
1333720 1601.8
1333730 1606.7
1333740 1606.7
1333750 1612.3
1333760 1618.4
1333770 1618.4
1333780 1624.6
1333790 1631.1
1333800 1631.1
1333810 1636.2
1333820 1639.8
1333830 1639.8
1333840 1643.2
1333850 1647.0
1333860 1647.0
1333870 1650.6
1333880 1654.3
1333890 1658.6
1333900 1658.6
1333910 1663.2
1333920 1669.5
1333930 1669.5
1333940 1676.6
1333950 1681.2
1333960 1681.2
1333970 1684.4
1333980 1686.4
1333990 1686.4
1334000 1688.6
1334010 1691.2
1334020 1691.2
1334030 1694.7
1334040 1699.8
1334050 1699.8
1334060 1707.7
1334070 1714.5
1334080 1714.5
1334090 1720.8
1334100 1725.6
1334110 1724.9
1334120 1727.9
1334130 1729.5
1334140 1730.0
1334150 1730.0
1334160 1730.1
1334170 1729.8
1334180 1729.8
1334190 1728.8
1334200 1721.8
1334210 1721.8
1334220 1714.2
1334230 1711.2
1334240 1711.2
1334250 1710.5
1334260 1711.3
1334270 1711.3
1334280 1712.1
1334290 1712.3
1334300 1712.3
1334310 1710.9
1334320 1708.9
1334330 1708.9
1334340 1707.3
1334350 1704.5
1334360 1704.5
1334370 1701.2
1334380 1699.5
1334390 1699.3
1334400 1699.3
1334410 1698.6
1334420 1698.0
1334430 1698.0
1334440 1697.3
1334450 1696.2
1334460 1696.2
1334470 1694.5
1334480 1693.7
1334490 1693.7
1334500 1693.3
1334510 1692.3
1334520 1692.3
1334530 1690.3
1334540 1687.7
1334550 1687.7
1334560 1685.0
1334570 1682.1
1334580 1682.1
1334590 1676.4
1334600 1661.3
1334610 1661.3
1334620 1635.6
1334630 1622.5
1334640 1612.1
1334650 1612.1
1334660 1609.5
1334670 1603.1
1334680 1603.1
1334690 1592.1
1334700 1578.5
1334710 1578.5
1334720 1569.3
1334730 1567.6
1334740 1567.6
1334750 1565.0
1334760 1556.4
1334770 1556.4
1334780 1552.3
1334790 1553.5
1334800 1553.5
1334810 1547.4
1334820 1544.1
1334830 1544.1
1334840 1537.0
1334850 1516.5
1334860 1492.8
1334870 1492.8
1334880 1486.4
1334890 1480.9
1334900 1480.9
1334910 1476.7
1334920 1472.4
1334930 1472.4
1334940 1469.7
1334950 1466.5
1334960 1470.6
1334970 1458.2
1334980 1444.9
1334990 1444.9
1335000 1436.6
1335010 1432.0
1335020 1432.0
1335030 1425.5
1335040 1409.3
1335050 1409.3
1335060 1373.6
1335070 1345.9
1335080 1345.9
1335090 1334.6
1335100 1326.2
1335110 1318.2
1335120 1318.2
1335130 1311.8
1335140 1306.6
1335150 1306.6
1335160 1301.3
1335170 1296.3
1335180 1296.3
1335190 1291.8
1335200 1287.6
1335210 1287.6
1335220 1283.6
1335230 1280.4
1335240 1280.4
1335250 1277.4
1335260 1275.2
1335270 1275.2
1335280 1275.1
1335290 1275.0
1335300 1275.0
1335310 1276.6
1335320 1277.6
1335330 1277.6
1335340 1278.0
1335350 1278.4
1335360 1279.0
1335370 1279.0
1335380 1280.4
1335390 1283.0
1335400 1283.0
1335410 1287.5
1335420 1293.0
1335430 1293.0
1335440 1298.5
1335450 1303.1
1335460 1303.1
1335470 1308.2
1335480 1314.3
1335490 1314.3
1335500 1320.9
1335510 1328.0
1335520 1328.0
1335530 1335.1
1335540 1342.4
1335550 1342.4
1335560 1349.8
1335570 1357.4
1335580 1357.4
1335590 1365.0
1335600 1372.6
1335610 1380.6
1335620 1380.6
1335630 1387.8
1335640 1395.8
1335650 1395.8
1335660 1404.3
1335670 1413.0
1335680 1413.0
1335690 1421.6
1335700 1430.4
1335710 1430.4
1335720 1440.2
1335730 1453.1
1335740 1453.1
1335750 1469.2
1335760 1478.5
1335770 1478.5
1335780 1483.7
1335790 1490.6
1335800 1490.6
1335810 1489.0
1335820 1497.5
1335830 1505.6
1335840 1505.6
1335850 1515.6
1335860 1523.5
1335870 1523.5
1335880 1532.4
1335890 1540.6
1335900 1540.6
1335910 1549.2
1335920 1557.2
1335930 1557.2
1335940 1565.8
1335950 1574.1
1335960 1574.1
1335970 1582.1
1335980 1591.4
1335990 1591.4
1336000 1601.2
1336010 1610.3
1336020 1610.3
1336030 1619.5
1336040 1629.0
1336050 1629.0
1336060 1639.0
1336070 1649.3
1336080 1659.0
1336090 1659.0
1336100 1670.9
1336110 1681.4
1336120 1681.4
1336130 1698.3
1336140 1711.2
1336150 1711.2
1336160 1722.1
1336170 1731.0
1336180 1731.0
1336190 1743.9
1336200 1761.1
1336210 1761.1
1336220 1770.8
1336230 1776.6
1336240 1776.6
1336250 1782.6
1336260 1788.5
1336270 1788.5
1336280 1791.9
1336290 1790.3
1336300 1790.3
1336310 1786.4
1336320 1782.6
1336330 1778.8
1336340 1778.8
1336350 1777.2
1336360 1775.8
1336370 1775.8
1336380 1773.6
1336390 1770.3
1336400 1770.3
1336410 1766.7
1336420 1764.1
1336430 1764.1
1336440 1762.0
1336450 1760.0
1336460 1760.0
1336470 1758.4
1336480 1756.8
1336490 1756.8
1336500 1754.4
1336510 1751.4
1336520 1751.4
1336530 1749.6
1336540 1748.7
1336550 1748.7
1336560 1746.9
1336570 1744.3
1336580 1741.7
1336590 1741.7
1336600 1739.2
1336610 1736.7
1336620 1736.7
1336630 1734.1
1336640 1731.4
1336650 1731.4
1336660 1728.6
1336670 1729.9
1336680 1729.9
1336690 1727.3
1336700 1724.2
1336710 1724.2
1336720 1720.7
1336730 1717.0
1336740 1717.0
1336750 1712.6
1336760 1706.9
1336770 1706.9
1336780 1701.7
1336790 1697.9
1336800 1694.9
1336810 1694.9
1336820 1692.3
1336830 1689.7
1336840 1689.7
1336850 1687.2
1336860 1684.2
1336870 1684.2
1336880 1681.4
1336890 1679.4
1336900 1679.4
1336910 1677.0
1336920 1674.6
1336930 1674.6
1336940 1671.8
1336950 1668.7
1336960 1668.7
1336970 1665.6
1336980 1661.3
1336990 1661.3
1337000 1656.5
1337010 1652.4
1337020 1652.4
1337030 1649.5
1337040 1646.0
1337050 1641.7
1337060 1641.7
1337070 1637.1
1337080 1633.0
1337090 1633.0
1337100 1630.1
1337110 1626.6
1337120 1626.6
1337130 1621.4
1337140 1615.2
1337150 1615.2
1337160 1610.0
1337170 1605.2
1337180 1605.2
1337190 1601.3
1337200 1597.9
1337210 1597.9
1337220 1594.6
1337230 1589.9
1337240 1589.9
1337250 1585.7
1337260 1582.6
1337270 1582.6
1337280 1577.6
1337290 1569.6
1337300 1561.0
1337310 1561.0
1337320 1552.4
1337330 1545.5
1337340 1545.5
1337350 1539.1
1337360 1532.2
1337370 1532.2
1337380 1526.2
1337390 1520.0
1337400 1520.0
1337410 1514.1
1337420 1509.1
1337430 1509.1
1337440 1504.5
1337450 1499.1
1337460 1499.1
1337470 1492.5
1337480 1485.4
1337490 1485.4
1337500 1478.2
1337510 1470.5
1337520 1470.5
1337530 1465.3
1337540 1459.3
1337550 1452.6
1337560 1452.6
1337570 1445.7
1337580 1438.6
1337590 1438.6
1337600 1432.5
1337610 1426.3
1337620 1426.3
1337630 1420.5
1337640 1414.4
1337650 1414.4
1337660 1409.2
1337670 1405.3
1337680 1405.3
1337690 1401.7
1337700 1398.2
1337710 1398.2
1337720 1394.8
1337730 1390.9
1337740 1390.9
1337750 1387.2
1337760 1383.9
1337770 1381.3
1337780 1381.3
1337790 1379.1
1337800 1377.0
1337810 1377.0
1337820 1374.9
1337830 1372.8
1337840 1372.8
1337850 1370.6
1337860 1368.5
1337870 1368.5
1337880 1367.2
1337890 1365.4
1337900 1365.4
1337910 1363.7
1337920 1363.9
1337930 1363.9
1337940 1364.9
1337950 1365.9
1337960 1365.9
1337970 1366.8
1337980 1367.7
1337990 1367.7
1338000 1368.0
1338010 1368.1
1338020 1368.4
1338030 1368.4
1338040 1369.0
1338050 1372.0
1338060 1372.0
1338070 1376.4
1338080 1381.5
1338090 1381.5
1338100 1387.3
1338110 1393.0
1338120 1393.0
1338130 1398.8
1338140 1404.4
1338150 1404.4
1338160 1409.1
1338170 1414.1
1338180 1414.1
1338190 1420.5
1338200 1428.5
1338210 1428.5
1338220 1436.7
1338230 1444.7
1338240 1444.7
1338250 1453.8
1338260 1467.6
1338270 1483.3
1338280 1483.3
1338290 1495.3
1338300 1504.5
1338310 1504.5
1338320 1514.1
1338330 1523.7
1338340 1523.7
1338350 1534.9
1338360 1547.9
1338370 1547.9
1338380 1559.1
1338390 1568.9
1338400 1581.0
1338410 1587.5
1338420 1595.3
1338430 1595.3
1338440 1608.6
1338450 1621.3
1338460 1621.3
1338470 1631.4
1338480 1641.6
1338490 1641.6
1338500 1654.3
1338510 1663.5
1338520 1671.0
1338530 1671.0
1338540 1676.6
1338550 1680.2
1338560 1680.2
1338570 1681.4
1338580 1683.4
1338590 1683.4
1338600 1686.8
1338610 1691.3
1338620 1691.3
1338630 1696.5
1338640 1700.4
1338650 1700.4
1338660 1704.0
1338670 1707.7
1338680 1707.7
1338690 1712.2
1338700 1716.6
1338710 1716.6
1338720 1719.7
1338730 1722.4
1338740 1725.3
1338750 1725.3
1338760 1728.8
1338770 1732.4
1338780 1732.4
1338790 1735.8
1338800 1739.5
1338810 1739.5
1338820 1744.2
1338830 1749.1
1338840 1749.1
1338850 1754.6
1338860 1760.8
1338870 1760.8
1338880 1766.7
1338890 1772.8
1338900 1772.8
1338910 1778.8
1338920 1783.8
1338930 1783.8
1338940 1787.9
1338950 1791.4
1338960 1791.4
1338970 1795.2
1338980 1798.8
1338990 1802.8
1339000 1802.8
1339010 1807.7
1339020 1812.8
1339030 1812.8
1339040 1817.5
1339050 1821.7
1339060 1821.7
1339070 1825.8
1339080 1830.0
1339090 1830.0
1339100 1834.1
1339110 1838.4
1339120 1838.4
1339130 1843.3
1339140 1847.9
1339150 1847.9
1339160 1852.2
1339170 1856.6
1339180 1856.6
1339190 1860.2
1339200 1864.9
1339210 1864.9
1339220 1868.8
1339230 1872.5
1339240 1876.9
1339250 1876.9
1339260 1882.3
1339270 1892.7
1339280 1892.7
1339290 1897.5
1339300 1902.5
1339310 1902.5
1339320 1907.3
1339330 1912.1
1339340 1912.1
1339350 1917.6
1339360 1923.4
1339370 1923.4
1339380 1929.2
1339390 1934.7
1339400 1934.7
1339410 1939.8
1339420 1946.1
1339430 1946.1
1339440 1952.1
1339450 1956.3
1339460 1956.3
1339470 1960.7
1339480 1967.1
1339490 1973.3
1339500 1973.3
1339510 1979.1
1339520 1985.2
1339530 1985.2
1339540 1992.2
1339550 1999.4
1339560 1999.4
1339570 2006.5
1339580 2013.3
1339590 2013.3
1339600 2019.9
1339610 2028.0
1339620 2028.0
1339630 2035.3
1339640 2034.3
1339650 2034.3
1339660 2029.6
1339670 2031.4
1339680 2031.4
1339690 2037.0
1339700 2041.0
1339710 2046.1
1339720 2046.1
1339730 2051.9
1339740 2057.7
1339750 2057.7
1339760 2061.2
1339770 2064.3
1339780 2064.3
1339790 2069.2
1339800 2074.3
1339810 2074.3
1339820 2078.2
1339830 2079.7
1339840 2079.7
1339850 2080.7
1339860 2085.9
1339870 2085.9
1339880 2086.9
1339890 2085.3
1339900 2085.3
1339910 2084.1
1339920 2084.8
1339930 2084.8
1339940 2084.0
1339950 2083.1
1339960 2082.9
1339970 2082.9
1339980 2082.0
1339990 2083.7
