1320000 728.4
1320010 728.4
1320020 724.2
1320030 719.0
1320040 719.0
1320050 713.2
1320060 708.0
1320070 708.0
1320080 703.0
1320090 697.9
1320100 694.3
1320110 688.9
1320120 683.5
1320130 683.5
1320140 678.6
1320150 673.7
1320160 673.7
1320170 668.8
1320180 664.5
1320190 664.5
1320200 659.2
1320210 654.1
1320220 654.1
1320230 650.3
1320240 646.7
1320250 643.2
1320260 643.2
1320270 640.3
1320280 636.4
1320290 636.4
1320300 632.3
1320310 628.0
1320320 628.0
1320330 623.6
1320340 620.5
1320350 620.5
1320360 619.7
1320370 618.9
1320380 618.9
1320390 618.9
1320400 619.0
1320410 619.0
1320420 619.0
1320430 618.8
1320440 618.8
1320450 618.6
1320460 618.9
1320470 618.9
1320480 619.0
1320490 618.7
1320500 618.4
1320510 618.4
1320520 618.0
1320530 617.5
1320540 617.5
1320550 617.0
1320560 616.4
1320570 616.4
1320580 615.8
1320590 615.2
1320600 615.2
1320610 614.5
1320620 613.5
1320630 613.5
1320640 612.6
1320650 612.0
1320660 612.0
1320670 611.4
1320680 610.8
1320690 610.8
1320700 610.2
1320710 609.6
1320720 608.9
1320730 608.9
1320740 608.2
1320750 607.4
1320760 607.4
1320770 606.6
1320780 605.8
1320790 605.8
1320800 604.1
1320810 600.3
1320820 600.3
1320830 595.8
1320840 592.7
1320850 592.7
1320860 591.5
1320870 591.1
1320880 591.1
1320890 590.8
1320900 590.7
1320910 590.7
1320920 590.5
1320930 590.3
1320940 590.3
1320950 590.3
1320960 590.4
1320970 590.9
1320980 590.9
1320990 590.9
1321000 590.7
1321010 590.7
1321020 590.5
1321030 590.3
1321040 590.3
1321050 591.0
1321060 591.6
1321070 591.6
1321080 591.6
1321090 591.6
1321100 591.6
1321110 591.6
1321120 591.3
1321130 591.3
1321140 590.2
1321150 590.7
1321160 590.7
1321170 590.7
1321180 590.8
1321190 590.8
1321200 590.8
1321210 590.8
1321220 590.8
1321230 590.8
1321240 590.8
1321250 591.1
1321260 591.1
1321270 591.2
1321280 591.4
1321290 591.4
1321300 591.5
1321310 591.0
1321320 591.0
1321330 589.6
1321340 588.8
1321350 588.8
1321360 588.8
1321370 588.9
1321380 588.9
1321390 589.0
1321400 590.2
1321410 590.2
1321420 592.0
1321430 592.1
1321440 592.1
1321450 591.9
1321460 591.4
1321470 591.5
1321480 591.5
1321490 591.4
1321500 590.9
1321510 590.9
1321520 590.8
1321530 590.8
1321540 590.8
1321550 590.9
1321560 590.9
1321570 590.9
1321580 590.7
1321590 590.4
1321600 590.4
1321610 590.2
1321620 590.4
1321630 590.4
1321640 590.8
1321650 591.2
1321660 591.1
1321670 591.2
1321680 591.2
1321690 591.2
1321700 591.3
1321710 591.4
1321720 591.4
1321730 591.4
1321740 591.3
1321750 591.1
1321760 591.1
1321770 591.0
1321780 590.9
1321790 590.9
1321800 590.7
1321810 590.6
1321820 590.6
1321830 590.6
1321840 590.6
1321850 590.6
1321860 590.7
1321870 590.8
1321880 590.8
1321890 590.7
1321900 590.6
1321910 590.6
1321920 590.6
1321930 590.7
1321940 590.6
1321950 590.6
1321960 590.5
1321970 590.3
1321980 590.3
1321990 590.3
1322000 590.3
1322010 590.3
1322020 590.3
1322030 590.3
1322040 590.3
1322050 590.3
1322060 590.3
1322070 590.3
1322080 590.4
1322090 590.4
1322100 590.4
1322110 590.5
1322120 590.9
1322130 590.9
1322140 591.7
1322150 593.6
1322160 593.6
1322170 597.0
1322180 601.0
1322190 604.2
1322200 604.2
1322210 607.6
1322220 612.1
1322230 612.1
1322240 615.8
1322250 619.3
1322260 619.3
1322270 624.2
1322280 630.7
1322290 630.7
1322300 639.9
1322310 648.2
1322320 648.2
1322330 655.5
1322340 663.0
1322350 663.0
1322360 670.9
1322370 678.8
1322380 678.8
1322390 686.7
1322400 694.6
1322410 694.6
1322420 702.0
1322430 709.2
1322440 720.6
1322450 720.6
1322460 729.3
1322470 743.5
1322480 743.5
1322490 764.6
1322500 773.2
1322510 773.2
1322520 779.0
1322530 784.6
1322540 784.6
1322550 790.5
1322560 795.5
1322570 795.5
1322580 799.6
1322590 805.3
1322600 805.3
1322610 810.0
1322620 811.3
1322630 811.3
1322640 811.5
1322650 812.3
1322660 812.3
1322670 813.8
1322680 816.0
1322690 819.2
1322700 819.2
1322710 823.0
1322720 826.6
1322730 826.6
1322740 829.9
1322750 831.7
1322760 831.7
1322770 833.1
1322780 836.0
1322790 836.0
1322800 840.2
1322810 845.3
1322820 845.3
1322830 849.4
1322840 852.1
1322850 852.1
1322860 855.4
1322870 859.2
1322880 859.2
1322890 863.3
1322900 866.8
1322910 866.8
1322920 870.5
1322930 874.7
1322940 879.2
1322950 879.2
1322960 882.6
1322970 885.6
1322980 885.6
1322990 888.5
1323000 891.2
1323010 891.2
1323020 893.9
1323030 897.4
1323040 897.4
1323050 901.3
1323060 904.9
1323070 904.9
1323080 908.0
1323090 911.3
1323100 911.3
1323110 916.0
1323120 921.2
1323130 921.2
1323140 926.1
1323150 931.6
1323160 936.8
1323170 936.8
1323180 941.5
1323190 946.7
1323200 946.7
1323210 951.9
1323220 956.2
1323230 959.8
1323240 964.8
1323250 970.1
1323260 970.1
1323270 975.0
1323280 981.3
1323290 981.3
1323300 988.6
1323310 995.5
1323320 995.5
1323330 1001.5
1323340 1007.9
1323350 1007.9
1323360 1013.7
1323370 1019.2
1323380 1019.2
1323390 1025.3
1323400 1030.8
1323410 1036.3
1323420 1036.3
1323430 1042.7
1323440 1050.3
1323450 1050.3
1323460 1054.5
1323470 1060.0
1323480 1060.0
1323490 1067.2
1323500 1074.4
1323510 1074.4
1323520 1080.5
1323530 1085.0
1323540 1085.0
1323550 1089.4
1323560 1093.0
1323570 1093.0
1323580 1095.9
1323590 1099.3
1323600 1099.3
1323610 1103.3
1323620 1107.4
1323630 1107.4
1323640 1110.6
1323650 1113.7
1323660 1117.8
1323670 1117.8
1323680 1123.3
1323690 1128.8
1323700 1128.8
1323710 1134.1
1323720 1139.4
1323730 1139.4
1323740 1144.3
1323750 1149.8
1323760 1149.8
1323770 1154.2
1323780 1160.4
1323790 1160.4
1323800 1167.7
1323810 1174.9
1323820 1174.9
1323830 1181.9
1323840 1188.6
1323850 1188.6
1323860 1194.5
1323870 1201.2
1323880 1201.2
1323890 1209.1
1323900 1215.0
1323910 1219.7
1323920 1219.7
1323930 1223.8
1323940 1227.8
1323950 1227.8
1323960 1232.4
1323970 1237.2
1323980 1237.2
1323990 1242.9
1324000 1249.2
1324010 1249.2
1324020 1255.1
1324030 1260.9
1324040 1260.9
1324050 1266.7
1324060 1269.8
1324070 1269.8
1324080 1273.5
1324090 1278.0
1324100 1278.0
1324110 1282.3
1324120 1286.0
1324130 1286.0
1324140 1289.9
1324150 1293.9
1324160 1297.6
1324170 1297.6
1324180 1300.3
1324190 1303.2
1324200 1303.2
1324210 1307.7
1324220 1312.7
1324230 1312.7
1324240 1318.5
1324250 1324.8
1324260 1324.8
1324270 1330.8
1324280 1336.0
1324290 1336.0
1324300 1341.2
1324310 1346.4
1324320 1346.4
1324330 1350.9
1324340 1353.9
1324350 1353.9
1324360 1357.5
1324370 1362.1
1324380 1366.8
1324390 1366.8
1324400 1372.0
1324410 1377.6
1324420 1377.6
1324430 1382.9
1324440 1388.2
1324450 1388.2
1324460 1393.5
1324470 1398.8
1324480 1398.8
1324490 1403.9
1324500 1409.1
1324510 1409.1
1324520 1414.2
1324530 1417.4
1324540 1417.4
1324550 1420.8
1324560 1424.6
1324570 1424.6
1324580 1428.1
1324590 1431.4
1324600 1431.4
1324610 1435.4
1324620 1439.4
1324630 1442.8
1324640 1442.8
1324650 1446.0
1324660 1449.6
1324670 1449.6
1324680 1453.4
1324690 1457.3
1324700 1457.3
1324710 1461.6
1324720 1467.1
1324730 1467.1
1324740 1470.2
1324750 1473.2
1324760 1473.2
1324770 1477.5
1324780 1483.0
1324790 1483.0
1324800 1490.4
1324810 1497.7
1324820 1497.7
1324830 1504.3
1324840 1511.5
1324850 1511.5
1324860 1518.4
1324870 1525.2
1324880 1532.8
1324890 1532.8
1324900 1542.0
1324910 1550.7
1324920 1550.7
1324930 1556.3
1324940 1561.1
1324950 1561.1
1324960 1566.0
1324970 1571.5
1324980 1571.5
1324990 1577.8
1325000 1584.7
1325010 1584.7
1325020 1591.5
1325030 1596.6
1325040 1596.6
1325050 1600.9
1325060 1606.2
1325070 1606.2
1325080 1611.4
1325090 1616.2
1325100 1616.2
1325110 1621.0
1325120 1627.0
1325130 1634.1
1325140 1634.1
1325150 1641.8
1325160 1649.9
1325170 1649.9
1325180 1655.8
1325190 1659.1
1325200 1659.1
1325210 1661.2
1325220 1662.4
1325230 1662.4
1325240 1663.6
1325250 1664.8
1325260 1664.8
1325270 1665.7
1325280 1667.1
1325290 1667.1
1325300 1668.8
1325310 1671.6
1325320 1671.6
1325330 1676.5
1325340 1682.7
1325350 1682.7
1325360 1689.0
1325370 1693.0
1325380 1695.1
1325390 1695.1
1325400 1696.9
1325410 1699.2
1325420 1699.2
1325430 1702.1
1325440 1705.7
1325450 1705.7
1325460 1708.8
1325470 1711.2
1325480 1711.2
1325490 1713.9
1325500 1716.8
1325510 1716.8
1325520 1719.6
1325530 1722.8
1325540 1722.8
1325550 1724.9
1325560 1726.5
1325570 1726.5
1325580 1728.2
1325590 1729.3
1325600 1729.9
1325610 1730.9
1325620 1730.9
1325630 1731.6
1325640 1731.6
1325650 1731.0
1325660 1729.7
1325670 1729.7
1325680 1728.4
1325690 1727.9
1325700 1727.9
1325710 1727.0
1325720 1726.2
1325730 1726.2
1325740 1724.3
1325750 1722.8
1325760 1722.8
1325770 1721.7
1325780 1721.9
1325790 1721.9
1325800 1723.8
1325810 1725.5
1325820 1725.5
1325830 1727.8
1325840 1730.8
1325850 1733.9
1325860 1733.9
1325870 1735.6
1325880 1736.9
1325890 1736.9
1325900 1738.4
1325910 1743.5
1325920 1743.5
1325930 1744.8
1325940 1745.1
1325950 1745.1
1325960 1746.0
1325970 1746.5
1325980 1746.5
1325990 1744.4
1326000 1741.8
1326010 1741.8
1326020 1739.3
1326030 1736.2
1326040 1736.2
1326050 1732.0
1326060 1728.4
1326070 1728.4
1326080 1725.2
1326090 1721.4
1326100 1717.6
1326110 1717.6
1326120 1712.3
1326130 1708.4
1326140 1708.4
1326150 1704.8
1326160 1698.2
1326170 1698.2
1326180 1692.2
1326190 1688.3
1326200 1688.3
1326210 1686.0
1326220 1684.6
1326230 1684.6
1326240 1685.5
1326250 1688.3
1326260 1688.3
1326270 1687.4
1326280 1683.7
1326290 1683.7
1326300 1680.8
1326310 1677.1
1326320 1677.1
1326330 1673.1
1326340 1669.8
1326350 1667.6
1326360 1667.6
1326370 1668.6
1326380 1669.7
1326390 1669.7
1326400 1669.0
1326410 1669.8
1326420 1669.8
1326430 1667.8
1326440 1666.1
1326450 1666.1
1326460 1664.6
1326470 1663.4
1326480 1663.4
1326490 1663.0
1326500 1661.2
1326510 1661.2
1326520 1659.8
1326530 1659.3
1326540 1659.3
1326550 1658.2
1326560 1657.1
1326570 1657.1
1326580 1656.0
1326590 1655.9
1326600 1655.1
1326610 1655.1
1326620 1653.6
1326630 1652.9
1326640 1652.9
1326650 1652.5
1326660 1652.8
1326670 1652.8
1326680 1652.5
1326690 1651.9
1326700 1651.9
1326710 1651.7
1326720 1652.0
1326730 1652.0
1326740 1653.2
1326750 1654.8
1326760 1654.8
1326770 1656.1
1326780 1657.0
1326790 1657.0
1326800 1657.7
1326810 1658.4
1326820 1659.0
1326830 1659.0
1326840 1659.5
1326850 1662.2
1326860 1662.2
1326870 1665.1
1326880 1668.1
1326890 1668.1
1326900 1671.7
1326910 1675.8
1326920 1675.8
1326930 1679.8
1326940 1683.4
1326950 1683.4
1326960 1687.5
1326970 1692.3
1326980 1692.3
1326990 1696.6
1327000 1700.4
1327010 1700.4
1327020 1704.6
1327030 1709.0
1327040 1709.0
1327050 1713.2
1327060 1717.4
1327070 1721.5
1327080 1721.5
1327090 1725.0
1327100 1728.5
1327110 1728.5
1327120 1731.1
1327130 1732.7
1327140 1732.7
1327150 1734.2
1327160 1736.3
1327170 1736.3
1327180 1738.3
1327190 1740.0
1327200 1740.0
1327210 1742.1
1327220 1745.6
1327230 1745.6
1327240 1747.2
1327250 1748.0
1327260 1748.0
1327270 1750.5
1327280 1754.8
1327290 1754.8
1327300 1759.8
1327310 1765.2
1327320 1770.5
1327330 1770.5
1327340 1775.6
1327350 1781.1
1327360 1781.1
1327370 1786.3
1327380 1791.3
1327390 1791.3
1327400 1796.2
1327410 1801.1
1327420 1801.1
1327430 1805.9
1327440 1810.1
1327450 1810.1
1327460 1813.8
1327470 1817.1
1327480 1817.1
1327490 1820.3
1327500 1823.6
1327510 1823.6
1327520 1827.3
1327530 1830.5
1327540 1830.5
1327550 1833.9
1327560 1836.5
1327570 1838.4
1327580 1838.4
1327590 1841.2
1327600 1843.9
1327610 1843.9
1327620 1846.0
1327630 1848.0
1327640 1848.0
1327650 1849.8
1327660 1851.5
1327670 1851.5
1327680 1853.2
1327690 1854.8
1327700 1854.8
1327710 1856.0
1327720 1857.1
1327730 1857.1
1327740 1858.3
1327750 1858.9
1327760 1858.9
1327770 1859.3
1327780 1859.9
1327790 1860.8
1327800 1860.8
1327810 1861.9
1327820 1862.9
1327830 1862.9
1327840 1864.6
1327850 1866.2
1327860 1866.2
1327870 1866.5
1327880 1866.4
1327890 1866.4
1327900 1866.2
1327910 1865.7
1327920 1865.7
1327930 1864.6
1327940 1862.8
1327950 1862.8
1327960 1860.5
1327970 1855.6
1327980 1855.6
1327990 1846.9
1328000 1837.8
1328010 1837.8
1328020 1828.7
1328030 1821.4
1328040 1814.1
1328050 1814.1
1328060 1807.8
1328070 1803.7
1328080 1803.7
1328090 1799.7
1328100 1793.7
1328110 1793.7
1328120 1788.1
1328130 1782.9
1328140 1782.9
1328150 1777.4
1328160 1773.7
1328170 1773.7
1328180 1772.4
1328190 1769.4
1328200 1769.4
1328210 1766.7
1328220 1764.8
1328230 1764.8
1328240 1763.6
1328250 1763.2
1328260 1763.2
1328270 1763.3
1328280 1762.9
1328290 1762.8
1328300 1762.8
1328310 1762.9
1328320 1764.2
1328330 1764.2
1328340 1766.9
1328350 1769.4
1328360 1769.4
1328370 1770.9
1328380 1772.3
1328390 1772.3
1328400 1773.6
1328410 1774.8
1328420 1774.8
1328430 1776.0
1328440 1777.3
1328450 1777.3
1328460 1779.0
1328470 1781.6
1328480 1781.6
1328490 1785.0
1328500 1787.8
1328510 1787.8
1328520 1789.6
1328530 1789.7
1328540 1789.2
1328550 1789.2
1328560 1788.8
1328570 1788.5
1328580 1788.5
1328590 1787.9
1328600 1787.3
1328610 1787.3
1328620 1785.4
1328630 1782.0
1328640 1782.0
1328650 1778.7
1328660 1775.0
1328670 1775.0
1328680 1770.5
1328690 1765.4
1328700 1765.4
1328710 1759.5
1328720 1752.6
1328730 1752.6
1328740 1745.1
1328750 1736.9
1328760 1736.9
1328770 1727.9
1328780 1720.9
1328790 1713.7
1328800 1713.7
1328810 1705.5
1328820 1700.3
1328830 1700.3
1328840 1700.5
1328850 1695.4
1328860 1695.4
1328870 1689.9
1328880 1681.7
1328890 1681.7
1328900 1669.6
1328910 1657.3
1328920 1657.3
1328930 1643.9
1328940 1631.9
1328950 1631.9
1328960 1620.0
1328970 1606.3
1328980 1606.3
1328990 1596.8
1329000 1587.2
1329010 1571.4
1329020 1571.4
1329030 1557.3
1329040 1549.8
1329050 1549.8
1329060 1542.6
1329070 1536.5
1329080 1536.5
1329090 1530.9
1329100 1525.6
1329110 1525.6
1329120 1521.6
1329130 1517.7
1329140 1517.7
1329150 1513.1
1329160 1508.0
1329170 1508.0
1329180 1502.2
1329190 1497.2
1329200 1497.2
1329210 1490.8
1329220 1485.2
1329230 1485.2
1329240 1480.7
1329250 1477.4
1329260 1474.5
1329270 1474.5
1329280 1472.7
1329290 1471.2
1329300 1471.2
1329310 1469.8
1329320 1467.9
1329330 1467.9
1329340 1466.3
1329350 1463.8
1329360 1463.8
1329370 1458.5
1329380 1456.6
1329390 1456.6
1329400 1460.4
1329410 1467.3
1329420 1467.3
1329430 1476.3
1329440 1487.5
1329450 1487.5
1329460 1494.0
1329470 1499.0
1329480 1499.0
1329490 1504.4
1329500 1509.6
1329510 1515.2
1329520 1515.2
1329530 1520.1
1329540 1522.3
1329550 1522.3
1329560 1522.2
1329570 1519.3
1329580 1519.3
1329590 1517.5
1329600 1518.7
1329610 1518.7
1329620 1522.5
1329630 1527.1
1329640 1527.1
1329650 1532.3
1329660 1538.6
1329670 1538.6
1329680 1543.7
1329690 1548.9
1329700 1548.9
1329710 1554.5
1329720 1559.8
1329730 1559.8
1329740 1565.0
1329750 1571.2
1329760 1577.6
1329770 1577.6
1329780 1584.6
1329790 1591.6
1329800 1591.6
1329810 1599.0
1329820 1606.4
1329830 1606.4
1329840 1613.1
1329850 1619.4
1329860 1619.4
1329870 1625.1
1329880 1630.6
1329890 1630.6
1329900 1636.0
1329910 1640.6
1329920 1640.6
1329930 1643.9
1329940 1647.8
1329950 1647.8
1329960 1653.1
1329970 1658.5
1329980 1658.5
1329990 1663.6
1330000 1668.1
1330010 1672.7
1330020 1672.7
1330030 1677.8
1330040 1683.4
1330050 1683.4
1330060 1689.5
1330070 1695.4
1330080 1695.4
1330090 1700.5
1330100 1705.4
1330110 1705.4
1330120 1709.3
1330130 1712.8
1330140 1712.8
1330150 1715.9
1330160 1718.9
1330170 1718.9
1330180 1722.1
1330190 1725.5
1330200 1725.5
1330210 1728.6
1330220 1731.3
1330230 1734.5
1330240 1734.5
1330250 1738.8
1330260 1744.5
1330270 1744.5
1330280 1750.2
1330290 1755.0
1330300 1755.0
1330310 1757.2
1330320 1759.6
1330330 1759.6
1330340 1763.6
1330350 1766.1
1330360 1766.1
1330370 1767.8
1330380 1768.6
1330390 1768.6
1330400 1769.4
1330410 1769.3
1330420 1769.3
1330430 1767.3
1330440 1763.8
1330450 1763.8
1330460 1759.8
1330470 1758.1
1330480 1765.0
1330490 1765.0
1330500 1765.4
1330510 1765.7
1330520 1765.7
1330530 1766.4
1330540 1765.9
1330550 1765.9
1330560 1766.0
1330570 1765.7
1330580 1765.7
1330590 1765.6
1330600 1764.7
1330610 1764.7
1330620 1761.1
1330630 1754.3
1330640 1754.3
1330650 1747.3
1330660 1741.0
1330670 1741.0
1330680 1735.1
1330690 1730.0
1330700 1730.0
1330710 1725.3
1330720 1720.4
1330730 1715.8
1330740 1715.8
1330750 1707.6
1330760 1695.4
1330770 1695.4
1330780 1678.3
1330790 1665.6
1330800 1665.6
1330810 1660.9
1330820 1658.2
1330830 1658.2
1330840 1655.9
1330850 1652.7
1330860 1652.7
1330870 1648.8
1330880 1645.0
1330890 1645.0
1330900 1641.8
1330910 1638.1
1330920 1638.1
1330930 1632.6
1330940 1627.2
1330950 1627.2
1330960 1622.6
1330970 1619.7
1330980 1616.8
1330990 1616.8
1331000 1613.3
1331010 1607.7
1331020 1607.7
1331030 1601.3
1331040 1594.7
1331050 1594.7
1331060 1584.6
1331070 1566.5
1331080 1566.5
1331090 1550.0
1331100 1541.2
1331110 1541.2
1331120 1533.9
1331130 1526.7
1331140 1526.7
1331150 1520.3
1331160 1517.0
1331170 1517.0
1331180 1519.7
1331190 1522.5
1331200 1522.5
1331210 1524.3
1331220 1524.7
1331230 1518.8
1331240 1518.8
1331250 1509.8
1331260 1503.9
1331270 1503.9
1331280 1514.6
1331290 1523.0
1331300 1523.0
1331310 1534.6
1331320 1533.7
1331330 1533.7
1331340 1531.8
1331350 1531.7
1331360 1531.7
1331370 1531.4
1331380 1532.9
1331390 1532.9
1331400 1535.6
1331410 1536.7
1331420 1536.7
1331430 1540.5
1331440 1547.1
1331450 1550.6
1331460 1550.6
1331470 1553.5
1331480 1557.3
1331490 1557.3
1331500 1560.9
1331510 1564.1
1331520 1564.1
1331530 1567.2
1331540 1571.2
1331550 1571.2
1331560 1575.3
1331570 1579.2
1331580 1579.2
1331590 1583.8
1331600 1591.5
1331610 1591.5
1331620 1599.9
1331630 1605.3
1331640 1605.3
1331650 1603.9
1331660 1602.8
1331670 1602.8
1331680 1602.5
1331690 1602.3
1331700 1602.4
1331710 1602.4
1331720 1602.7
1331730 1602.6
1331740 1602.6
1331750 1602.5
1331760 1603.9
1331770 1603.9
1331780 1605.3
1331790 1606.6
1331800 1606.6
1331810 1608.6
1331820 1609.6
1331830 1609.6
1331840 1606.7
1331850 1602.8
1331860 1602.8
1331870 1600.3
1331880 1599.3
1331890 1599.3
1331900 1599.8
1331910 1602.7
1331920 1602.7
1331930 1607.1
1331940 1610.8
1331950 1613.8
1331960 1613.8
1331970 1617.5
1331980 1620.1
1331990 1620.1
1332000 1621.2
1332010 1622.5
1332020 1622.5
1332030 1624.0
1332040 1624.7
1332050 1624.7
1332060 1626.0
1332070 1628.6
1332080 1628.6
1332090 1631.2
1332100 1632.8
1332110 1632.8
1332120 1632.8
1332130 1633.2
1332140 1638.7
1332150 1638.4
1332160 1637.4
1332170 1637.4
1332180 1635.3
1332190 1636.7
1332200 1641.8
1332210 1641.8
1332220 1647.1
1332230 1651.8
1332240 1651.8
1332250 1655.1
1332260 1658.1
1332270 1658.1
1332280 1658.1
1332290 1657.2
1332300 1657.2
1332310 1655.9
1332320 1654.0
1332330 1654.0
1332340 1650.9
1332350 1649.0
1332360 1649.0
1332370 1646.9
1332380 1644.4
1332390 1644.4
1332400 1642.3
1332410 1639.4
1332420 1639.4
1332430 1635.7
1332440 1633.4
1332450 1632.2
1332460 1632.2
1332470 1630.4
1332480 1628.0
1332490 1628.0
1332500 1626.4
1332510 1624.9
1332520 1624.9
1332530 1623.1
1332540 1621.2
1332550 1621.2
1332560 1619.2
1332570 1617.1
1332580 1617.1
1332590 1614.9
1332600 1612.5
1332610 1612.5
1332620 1610.0
1332630 1607.1
1332640 1607.1
1332650 1604.1
1332660 1601.4
1332670 1598.5
1332680 1598.5
1332690 1595.1
1332700 1591.4
1332710 1591.4
1332720 1587.0
1332730 1582.8
1332740 1582.8
1332750 1578.5
1332760 1574.4
1332770 1574.4
1332780 1570.8
1332790 1567.6
1332800 1567.6
1332810 1563.6
1332820 1559.2
1332830 1559.2
1332840 1555.4
1332850 1552.4
1332860 1552.4
1332870 1550.4
1332880 1548.8
1332890 1548.8
1332900 1547.3
1332910 1545.3
1332920 1543.0
1332930 1543.0
1332940 1540.2
1332950 1536.9
1332960 1536.9
1332970 1534.2
1332980 1535.8
1332990 1535.8
1333000 1532.6
1333010 1528.9
1333020 1528.9
1333030 1525.2
1333040 1521.1
1333050 1521.1
1333060 1516.9
1333070 1512.7
1333080 1512.7
1333090 1509.0
1333100 1505.2
1333110 1505.2
1333120 1500.2
1333130 1494.6
1333140 1494.6
1333150 1488.1
1333160 1480.6
1333170 1471.8
1333180 1471.8
1333190 1462.9
1333200 1453.2
1333210 1453.2
1333220 1442.7
1333230 1433.4
1333240 1433.4
1333250 1424.3
1333260 1416.6
1333270 1416.6
1333280 1411.2
1333290 1405.8
1333300 1405.8
1333310 1403.2
1333320 1402.1
1333330 1402.1
1333340 1402.7
1333350 1404.1
1333360 1404.1
1333370 1405.3
1333380 1403.9
1333390 1403.9
1333400 1399.9
1333410 1393.5
1333420 1386.9
1333430 1386.9
1333440 1380.7
1333450 1374.0
1333460 1374.0
1333470 1366.9
1333480 1359.9
1333490 1359.9
1333500 1355.3
1333510 1357.9
1333520 1357.9
1333530 1364.2
1333540 1370.5
1333550 1370.5
1333560 1376.0
1333570 1383.1
1333580 1383.1
1333590 1389.2
1333600 1394.5
1333610 1394.5
1333620 1398.8
1333630 1403.9
1333640 1409.7
1333650 1409.7
1333660 1416.0
1333670 1422.5
1333680 1422.5
1333690 1427.5
1333700 1431.6
1333710 1431.6
1333720 1434.2
1333730 1435.2
1333740 1435.2
1333750 1436.3
1333760 1438.2
1333770 1438.2
1333780 1439.0
1333790 1440.1
1333800 1440.1
1333810 1440.8
1333820 1445.7
1333830 1445.7
1333840 1446.0
1333850 1446.4
1333860 1446.4
1333870 1446.8
1333880 1447.8
1333890 1448.7
1333900 1448.7
1333910 1449.2
1333920 1449.8
1333930 1449.8
1333940 1450.6
1333950 1451.4
1333960 1451.4
1333970 1451.5
1333980 1450.1
1333990 1450.1
1334000 1448.9
1334010 1449.6
1334020 1449.6
1334030 1451.4
1334040 1451.9
1334050 1451.9
1334060 1451.7
1334070 1452.4
1334080 1452.4
1334090 1453.3
1334100 1453.8
1334110 1453.8
1334120 1454.6
1334130 1455.9
1334140 1457.3
1334150 1457.3
1334160 1458.6
1334170 1460.0
1334180 1460.0
1334190 1462.4
1334200 1464.8
1334210 1464.8
1334220 1466.5
1334230 1467.6
1334240 1467.6
1334250 1467.6
1334260 1465.8
1334270 1465.8
1334280 1461.4
1334290 1458.1
1334300 1458.1
1334310 1456.2
1334320 1453.9
1334330 1453.9
1334340 1450.3
1334350 1444.1
1334360 1444.1
1334370 1430.0
1334380 1407.4
1334390 1403.1
1334400 1403.1
1334410 1398.1
1334420 1392.3
1334430 1392.3
1334440 1380.7
1334450 1369.0
1334460 1369.0
1334470 1362.0
1334480 1356.9
1334490 1356.9
1334500 1350.4
1334510 1341.5
1334520 1341.5
1334530 1335.3
1334540 1329.8
1334550 1329.8
1334560 1327.0
1334570 1324.5
1334580 1324.5
1334590 1322.2
1334600 1319.5
1334610 1319.5
1334620 1315.8
1334630 1312.7
1334640 1308.9
1334650 1308.9
1334660 1309.3
1334670 1305.1
1334680 1305.1
1334690 1301.0
1334700 1297.6
1334710 1297.6
1334720 1293.5
1334730 1289.0
1334740 1289.0
1334750 1283.9
1334760 1278.4
1334770 1278.4
1334780 1273.8
1334790 1269.2
1334800 1269.2
1334810 1265.9
1334820 1260.3
1334830 1260.3
1334840 1253.5
1334850 1247.5
1334860 1243.1
1334870 1243.1
1334880 1239.0
1334890 1237.4
1334900 1237.4
1334910 1238.3
1334920 1240.2
1334930 1240.2
1334940 1243.3
1334950 1246.9
1334960 1246.9
1334970 1250.6
1334980 1254.4
1334990 1254.4
1335000 1258.5
1335010 1264.0
1335020 1264.0
1335030 1269.7
1335040 1274.1
1335050 1274.1
1335060 1278.4
1335070 1283.6
1335080 1283.6
1335090 1290.1
1335100 1296.8
1335110 1303.0
1335120 1303.0
1335130 1309.0
1335140 1314.4
1335150 1314.4
1335160 1320.3
1335170 1325.1
1335180 1325.1
1335190 1330.1
1335200 1334.0
1335210 1334.0
1335220 1338.1
1335230 1344.1
1335240 1344.1
1335250 1350.7
1335260 1357.0
1335270 1357.0
1335280 1362.5
1335290 1368.2
1335300 1368.2
1335310 1374.4
1335320 1382.1
1335330 1382.1
1335340 1388.0
1335350 1393.3
1335360 1398.1
1335370 1398.1
1335380 1402.0
1335390 1406.1
1335400 1406.1
1335410 1412.1
1335420 1418.2
1335430 1418.2
1335440 1424.7
1335450 1432.9
1335460 1432.9
1335470 1441.3
1335480 1450.0
1335490 1450.0
1335500 1459.1
1335510 1467.4
1335520 1459.2
1335530 1466.0
1335540 1471.9
1335550 1471.9
1335560 1477.7
1335570 1484.7
1335580 1484.7
1335590 1491.8
1335600 1498.4
1335610 1505.1
1335620 1505.1
1335630 1513.1
1335640 1521.2
1335650 1521.2
1335660 1529.0
1335670 1536.5
1335680 1536.5
1335690 1542.3
1335700 1547.8
1335710 1547.8
1335720 1556.8
1335730 1565.0
1335740 1565.0
1335750 1572.2
1335760 1579.1
1335770 1579.1
1335780 1586.3
1335790 1593.9
1335800 1593.9
1335810 1601.9
1335820 1609.4
1335830 1609.4
1335840 1617.8
1335850 1627.8
1335860 1637.0
1335870 1637.0
1335880 1643.7
1335890 1648.7
1335900 1648.7
1335910 1652.1
1335920 1653.3
1335930 1653.3
1335940 1651.8
1335950 1650.7
1335960 1650.7
1335970 1651.2
1335980 1652.2
1335990 1652.2
1336000 1652.7
1336010 1652.1
1336020 1652.1
1336030 1650.2
1336040 1647.1
1336050 1647.1
1336060 1643.4
1336070 1639.9
1336080 1636.2
1336090 1636.2
1336100 1633.3
1336110 1630.7
1336120 1630.7
1336130 1628.0
1336140 1625.0
1336150 1625.0
1336160 1621.6
1336170 1618.1
1336180 1618.1
1336190 1614.6
1336200 1610.6
1336210 1610.6
1336220 1604.7
1336230 1596.9
1336240 1596.9
1336250 1590.4
1336260 1586.1
1336270 1586.1
1336280 1584.8
1336290 1584.4
1336300 1584.4
1336310 1583.4
1336320 1582.5
1336330 1581.9
1336340 1581.9
1336350 1580.6
1336360 1578.6
1336370 1581.8
1336380 1579.2
1336390 1577.0
1336400 1577.0
1336410 1574.9
1336420 1573.0
1336430 1573.0
1336440 1571.2
1336450 1569.3
1336460 1569.3
1336470 1566.5
1336480 1563.9
1336490 1563.9
1336500 1561.5
1336510 1559.4
1336520 1559.4
1336530 1557.4
1336540 1554.9
1336550 1554.9
1336560 1552.7
1336570 1550.3
1336580 1547.6
1336590 1547.6
1336600 1544.5
1336610 1541.0
1336620 1541.0
1336630 1537.2
1336640 1533.7
1336650 1533.7
1336660 1530.2
1336670 1526.5
1336680 1526.5
1336690 1522.4
1336700 1518.3
1336710 1518.3
1336720 1514.6
1336730 1511.1
1336740 1511.1
1336750 1507.5
1336760 1502.8
1336770 1502.8
1336780 1499.6
1336790 1496.9
1336800 1496.9
1336810 1493.9
1336820 1490.8
1336830 1487.3
1336840 1487.3
1336850 1483.5
1336860 1480.5
1336870 1480.5
1336880 1477.9
1336890 1475.9
1336900 1475.9
1336910 1473.2
1336920 1471.0
1336930 1471.0
1336940 1469.3
1336950 1468.4
1336960 1468.4
1336970 1466.8
1336980 1465.1
1336990 1465.1
1337000 1462.9
1337010 1460.6
1337020 1460.6
1337030 1457.7
1337040 1453.7
1337050 1453.7
1337060 1449.3
1337070 1444.7
1337080 1439.7
1337090 1439.7
1337100 1434.8
1337110 1431.8
1337120 1431.8
1337130 1429.9
1337140 1427.7
1337150 1427.7
1337160 1425.7
1337170 1424.1
1337180 1424.1
1337190 1422.8
1337200 1420.4
1337210 1420.4
1337220 1417.9
1337230 1416.7
1337240 1416.7
1337250 1412.3
1337260 1407.5
1337270 1407.5
1337280 1402.7
1337290 1398.1
1337300 1393.4
1337310 1393.4
1337320 1388.9
1337330 1385.0
1337340 1385.0
1337350 1382.3
1337360 1380.1
1337370 1380.1
1337380 1378.8
1337390 1377.4
1337400 1377.4
1337410 1373.9
1337420 1368.7
1337430 1368.7
1337440 1363.0
1337450 1357.8
1337460 1357.8
1337470 1352.6
1337480 1347.6
1337490 1347.6
1337500 1343.9
1337510 1342.2
1337520 1342.2
1337530 1341.5
1337540 1341.2
1337550 1340.3
1337560 1340.3
1337570 1341.0
1337580 1346.9
1337590 1346.9
1337600 1354.3
1337610 1359.4
1337620 1359.4
1337630 1363.4
1337640 1366.9
1337650 1366.9
1337660 1370.3
1337670 1373.3
1337680 1373.3
1337690 1376.3
1337700 1378.9
1337710 1378.9
1337720 1382.2
1337730 1387.4
1337740 1387.4
1337750 1392.2
1337760 1396.3
1337770 1396.3
1337780 1401.7
1337790 1409.0
1337800 1416.7
1337810 1416.7
1337820 1423.6
1337830 1429.2
1337840 1429.2
1337850 1434.3
1337860 1438.8
1337870 1438.8
1337880 1442.8
1337890 1446.8
1337900 1446.8
1337910 1450.3
1337920 1454.9
1337930 1454.9
1337940 1459.7
1337950 1463.7
1337960 1463.7
1337970 1467.6
1337980 1471.2
1337990 1471.2
1338000 1474.1
1338010 1477.1
1338020 1477.1
1338030 1480.3
1338040 1483.0
1338050 1486.6
1338060 1486.6
1338070 1490.0
1338080 1493.9
1338090 1493.9
1338100 1500.1
1338110 1503.9
1338120 1503.9
1338130 1506.7
1338140 1508.1
1338150 1508.1
1338160 1509.4
1338170 1511.5
1338180 1511.5
1338190 1514.1
1338200 1516.4
1338210 1516.4
1338220 1517.6
1338230 1519.2
1338240 1519.2
1338250 1520.7
1338260 1521.6
1338270 1526.0
1338280 1526.0
1338290 1530.4
1338300 1534.1
1338310 1534.1
1338320 1537.4
1338330 1540.0
1338340 1540.0
1338350 1542.7
1338360 1543.0
1338370 1543.0
1338380 1543.2
1338390 1546.1
1338400 1546.1
1338410 1549.0
1338420 1551.8
1338430 1551.8
1338440 1555.8
1338450 1560.4
1338460 1560.4
1338470 1563.5
1338480 1566.8
1338490 1566.8
1338500 1569.2
1338510 1570.5
1338520 1573.3
1338530 1573.3
1338540 1575.4
1338550 1580.5
1338560 1580.5
1338570 1586.4
1338580 1592.6
1338590 1592.6
1338600 1598.8
1338610 1604.9
1338620 1604.9
1338630 1611.8
1338640 1618.3
1338650 1618.3
1338660 1623.6
1338670 1628.0
1338680 1628.0
1338690 1631.7
1338700 1635.2
1338710 1635.2
1338720 1638.4
1338730 1641.3
1338740 1641.3
1338750 1643.6
1338760 1644.6
1338770 1645.3
1338780 1645.3
1338790 1645.8
1338800 1647.3
1338810 1647.3
1338820 1651.7
1338830 1657.9
1338840 1657.9
1338850 1664.0
1338860 1667.4
1338870 1667.4
1338880 1670.1
1338890 1673.6
1338900 1673.6
1338910 1678.3
1338920 1683.4
1338930 1683.4
1338940 1687.9
1338950 1691.0
1338960 1691.0
1338970 1689.3
1338980 1692.7
1338990 1692.7
1339000 1697.3
1339010 1702.1
1339020 1706.4
1339030 1706.4
1339040 1710.9
1339050 1717.5
1339060 1717.5
1339070 1723.7
1339080 1728.0
1339090 1728.0
1339100 1733.9
1339110 1742.7
1339120 1742.7
1339130 1753.8
1339140 1764.0
1339150 1764.0
1339160 1771.6
1339170 1779.6
1339180 1779.6
1339190 1788.7
1339200 1796.8
1339210 1796.8
1339220 1805.4
1339230 1814.2
1339240 1814.2
1339250 1819.8
1339260 1824.6
1339270 1831.8
1339280 1831.8
1339290 1837.9
1339300 1843.5
1339310 1843.5
1339320 1849.1
1339330 1854.6
1339340 1854.6
1339350 1860.7
1339360 1866.8
1339370 1866.8
1339380 1873.5
1339390 1879.1
1339400 1879.1
1339410 1882.9
1339420 1884.9
1339430 1884.9
1339440 1888.6
1339450 1892.0
1339460 1892.0
1339470 1895.4
1339480 1901.2
1339490 1907.5
1339500 1907.5
1339510 1911.3
1339520 1914.7
1339530 1914.7
1339540 1917.5
1339550 1920.3
1339560 1920.3
1339570 1924.2
1339580 1928.9
1339590 1928.9
1339600 1933.8
1339610 1939.6
1339620 1939.6
1339630 1944.0
1339640 1946.8
1339650 1946.8
1339660 1946.7
1339670 1947.3
1339680 1947.3
1339690 1948.4
1339700 1950.3
1339710 1950.3
1339720 1951.6
1339730 1952.3
1339740 1953.1
1339750 1953.1
1339760 1952.4
1339770 1951.4
1339780 1951.4
1339790 1951.0
1339800 1950.9
1339810 1950.9
1339820 1950.8
1339830 1951.0
1339840 1952.0
1339850 1952.6
1339860 1953.0
1339870 1953.0
1339880 1952.6
1339890 1955.1
1339900 1955.1
1339910 1956.3
1339920 1957.7
1339930 1957.7
1339940 1959.3
1339950 1960.9
1339960 1960.9
1339970 1962.3
1339980 1963.9
1339990 1965.7
