1320000 628.3
1320010 628.3
1320020 627.6
1320030 626.9
1320040 626.0
1320050 626.0
1320060 625.2
1320070 624.7
1320080 624.7
1320090 624.3
1320100 623.9
1320110 623.9
1320120 623.6
1320130 623.5
1320140 623.5
1320150 623.0
1320160 621.9
1320170 621.9
1320180 621.1
1320190 620.5
1320200 620.5
1320210 619.8
1320220 619.1
1320230 619.1
1320240 618.5
1320250 618.0
1320260 617.4
1320270 617.4
1320280 616.8
1320290 616.2
1320300 616.2
1320310 615.9
1320320 615.4
1320330 615.4
1320340 614.1
1320350 613.6
1320360 613.6
1320370 613.0
1320380 612.2
1320390 612.2
1320400 611.7
1320410 611.2
1320420 611.2
1320430 610.7
1320440 610.2
1320450 610.2
1320460 609.9
1320470 609.7
1320480 609.7
1320490 609.1
1320500 608.7
1320510 608.4
1320520 608.4
1320530 608.1
1320540 607.8
1320550 607.8
1320560 607.5
1320570 607.3
1320580 607.3
1320590 607.1
1320600 606.6
1320610 606.6
1320620 606.2
1320630 606.0
1320640 606.3
1320650 606.1
1320660 605.8
1320670 605.8
1320680 605.4
1320690 605.2
1320700 605.2
1320710 604.9
1320720 604.5
1320730 604.5
1320740 604.2
1320750 604.0
1320760 603.7
1320770 603.7
1320780 603.3
1320790 603.0
1320800 603.0
1320810 602.8
1320820 602.5
1320830 602.5
1320840 601.9
1320850 600.7
1320860 600.7
1320870 597.9
1320880 594.8
1320890 594.8
1320900 593.1
1320910 592.8
1320920 592.8
1320930 592.9
1320940 593.1
1320950 593.1
1320960 593.1
1320970 593.2
1320980 593.2
1320990 593.1
1321000 593.0
1321010 593.0
1321020 593.0
1321030 593.0
1321040 593.1
1321050 593.1
1321060 593.2
1321070 593.2
1321080 593.2
1321090 593.2
1321100 593.3
1321110 593.3
1321120 593.1
1321130 592.8
1321140 592.8
1321150 592.8
1321160 592.9
1321170 592.9
1321180 593.0
1321190 593.0
1321200 593.0
1321210 593.0
1321220 593.1
1321230 593.1
1321240 593.3
1321250 593.2
1321260 593.3
1321270 593.3
1321280 593.4
1321290 593.5
1321300 593.5
1321310 593.5
1321320 593.6
1321330 593.6
1321340 593.6
1321350 593.7
1321360 593.7
1321370 593.9
1321380 594.0
1321390 594.0
1321400 594.0
1321410 593.4
1321420 592.8
1321430 590.9
1321440 590.7
1321450 590.7
1321460 591.1
1321470 592.9
1321480 593.6
1321490 593.6
1321500 594.0
1321510 595.2
1321520 595.2
1321530 595.0
1321540 595.0
1321550 595.0
1321560 595.1
1321570 595.2
1321580 595.2
1321590 595.2
1321600 595.2
1321610 595.2
1321620 595.4
1321630 594.8
1321640 594.8
1321650 594.8
1321660 595.5
1321670 595.5
1321680 596.0
1321690 596.1
1321700 596.1
1321710 596.3
1321720 596.7
1321730 597.2
1321740 597.2
1321750 597.7
1321760 598.3
1321770 598.3
1321780 598.8
1321790 599.5
1321800 599.5
1321810 600.6
1321820 601.2
1321830 601.2
1321840 602.2
1321850 602.9
1321860 602.9
1321870 603.7
1321880 604.7
1321890 604.7
1321900 605.5
1321910 606.2
1321920 606.2
1321930 606.9
1321940 607.7
1321950 607.7
1321960 608.6
1321970 609.7
1321980 610.8
1321990 610.8
1322000 612.0
1322010 613.3
1322020 613.3
1322030 614.6
1322040 615.5
1322050 615.5
1322060 616.6
1322070 616.6
1322080 616.6
1322090 616.7
1322100 617.7
1322110 617.7
1322120 619.1
1322130 620.2
1322140 620.2
1322150 620.8
1322160 621.1
1322170 621.1
1322180 621.5
1322190 622.1
1322200 623.2
1322210 623.9
1322220 625.0
1322230 626.4
1322240 626.4
1322250 629.5
1322260 633.3
1322270 633.3
1322280 636.7
1322290 640.5
1322300 640.5
1322310 644.0
1322320 647.2
1322330 647.2
1322340 649.9
1322350 653.5
1322360 653.5
1322370 657.4
1322380 661.5
1322390 661.5
1322400 665.8
1322410 670.4
1322420 670.4
1322430 675.5
1322440 681.0
1322450 684.3
1322460 684.3
1322470 685.5
1322480 687.3
1322490 687.3
1322500 690.4
1322510 694.2
1322520 694.2
1322530 698.3
1322540 701.3
1322550 701.3
1322560 703.7
1322570 706.0
1322580 706.0
1322590 708.3
1322600 710.6
1322610 710.6
1322620 713.3
1322630 715.9
1322640 715.9
1322650 719.1
1322660 722.1
1322670 722.1
1322680 725.0
1322690 728.5
1322700 732.8
1322710 732.8
1322720 737.4
1322730 741.2
1322740 741.2
1322750 745.5
1322760 749.4
1322770 749.4
1322780 752.7
1322790 756.3
1322800 756.3
1322810 760.5
1322820 763.1
1322830 763.1
1322840 768.8
1322850 774.6
1322860 774.6
1322870 779.5
1322880 781.7
1322890 781.7
1322900 785.9
1322910 794.3
1322920 794.3
1322930 801.9
1322940 808.9
1322950 814.6
1322960 814.6
1322970 818.9
1322980 823.0
1322990 828.1
1323000 833.9
1323010 838.4
1323020 838.4
1323030 844.6
1323040 853.0
1323050 853.0
1323060 860.7
1323070 869.9
1323080 869.9
1323090 875.5
1323100 879.0
1323110 879.0
1323120 883.2
1323130 888.0
1323140 888.0
1323150 895.5
1323160 901.9
1323170 901.9
1323180 909.5
1323190 920.2
1323200 930.9
1323210 930.9
1323220 941.0
1323230 947.4
1323240 947.4
1323250 952.0
1323260 957.5
1323270 957.5
1323280 962.3
1323290 968.0
1323300 968.0
1323310 973.3
1323320 976.0
1323330 976.0
1323340 974.1
1323350 973.0
1323360 973.0
1323370 977.4
1323380 980.9
1323390 980.9
1323400 984.9
1323410 992.1
1323420 1002.1
1323430 1002.1
1323440 1013.6
1323450 1030.0
1323460 1030.0
1323470 1043.3
1323480 1050.5
1323490 1050.5
1323500 1056.1
1323510 1060.9
1323520 1060.9
1323530 1066.8
1323540 1072.2
1323550 1072.2
1323560 1077.0
1323570 1083.8
1323580 1083.8
1323590 1089.2
1323600 1093.7
1323610 1093.7
1323620 1098.2
1323630 1102.5
1323640 1102.5
1323650 1106.5
1323660 1111.7
1323670 1116.7
1323680 1116.7
1323690 1121.4
1323700 1127.0
1323710 1127.0
1323720 1133.8
1323730 1141.3
1323740 1141.3
1323750 1148.4
1323760 1155.5
1323770 1155.5
1323780 1161.1
1323790 1168.5
1323800 1168.5
1323810 1175.6
1323820 1181.4
1323830 1181.4
1323840 1185.5
1323850 1188.5
1323860 1188.5
1323870 1191.7
1323880 1194.5
1323890 1194.5
1323900 1197.8
1323910 1202.2
1323920 1209.2
1323930 1209.2
1323940 1217.5
1323950 1227.5
1323960 1227.5
1323970 1241.3
1323980 1253.9
1323990 1253.9
1324000 1267.9
1324010 1284.3
1324020 1284.3
1324030 1301.0
1324040 1306.5
1324050 1306.5
1324060 1311.0
1324070 1316.4
1324080 1316.4
1324090 1321.7
1324100 1326.0
1324110 1326.0
1324120 1326.8
1324130 1326.6
1324140 1326.6
1324150 1328.7
1324160 1329.9
1324170 1328.6
1324180 1328.6
1324190 1327.8
1324200 1328.9
1324210 1328.9
1324220 1328.8
1324230 1328.3
1324240 1328.3
1324250 1327.3
1324260 1325.4
1324270 1325.4
1324280 1322.1
1324290 1321.9
1324300 1321.9
1324310 1327.1
1324320 1331.5
1324330 1331.5
1324340 1334.8
1324350 1337.0
1324360 1337.0
1324370 1338.6
1324380 1340.2
1324390 1340.2
1324400 1342.8
1324410 1346.5
1324420 1351.9
1324430 1351.9
1324440 1359.6
1324450 1367.8
1324460 1367.8
1324470 1372.3
1324480 1376.3
1324490 1376.3
1324500 1381.5
1324510 1387.0
1324520 1387.0
1324530 1389.8
1324540 1388.6
1324550 1388.6
1324560 1387.7
1324570 1380.8
1324580 1380.8
1324590 1386.9
1324600 1394.5
1324610 1394.5
1324620 1401.8
1324630 1408.1
1324640 1413.6
1324650 1413.6
1324660 1419.4
1324670 1423.5
1324680 1423.5
1324690 1426.5
1324700 1430.0
1324710 1430.0
1324720 1435.4
1324730 1440.4
1324740 1440.4
1324750 1446.4
1324760 1450.8
1324770 1450.8
1324780 1454.9
1324790 1458.8
1324800 1458.8
1324810 1462.4
1324820 1466.3
1324830 1466.3
1324840 1470.3
1324850 1472.9
1324860 1472.9
1324870 1475.1
1324880 1478.6
1324890 1482.7
1324900 1482.7
1324910 1486.7
1324920 1490.4
1324930 1490.4
1324940 1494.4
1324950 1498.1
1324960 1498.1
1324970 1501.6
1324980 1506.3
1324990 1506.3
1325000 1511.5
1325010 1518.0
1325020 1518.0
1325030 1529.1
1325040 1541.9
1325050 1541.9
1325060 1555.6
1325070 1565.0
1325080 1565.0
1325090 1571.5
1325100 1577.0
1325110 1577.0
1325120 1582.5
1325130 1588.5
1325140 1594.9
1325150 1594.9
1325160 1601.5
1325170 1608.8
1325180 1608.8
1325190 1616.8
1325200 1624.5
1325210 1624.5
1325220 1630.7
1325230 1636.4
1325240 1636.4
1325250 1642.3
1325260 1647.3
1325270 1647.3
1325280 1653.1
1325290 1659.4
1325300 1659.4
1325310 1665.0
1325320 1670.4
1325330 1670.4
1325340 1674.1
1325350 1675.9
1325360 1675.9
1325370 1670.7
1325380 1673.3
1325390 1675.8
1325400 1675.8
1325410 1678.4
1325420 1680.4
1325430 1680.4
1325440 1682.7
1325450 1685.7
1325460 1685.7
1325470 1688.4
1325480 1690.7
1325490 1690.7
1325500 1692.6
1325510 1694.5
1325520 1694.5
1325530 1695.9
1325540 1696.5
1325550 1696.5
1325560 1697.3
1325570 1698.5
1325580 1698.5
1325590 1699.8
1325600 1701.9
1325610 1704.3
1325620 1704.3
1325630 1706.5
1325640 1708.2
1325650 1708.2
1325660 1709.9
1325670 1711.7
1325680 1711.7
1325690 1713.4
1325700 1715.3
1325710 1715.3
1325720 1717.2
1325730 1719.5
1325740 1719.5
1325750 1722.8
1325760 1725.2
1325770 1725.2
1325780 1728.0
1325790 1731.6
1325800 1731.6
1325810 1734.9
1325820 1739.5
1325830 1739.5
1325840 1744.3
1325850 1747.0
1325860 1750.1
1325870 1750.1
1325880 1754.0
1325890 1757.9
1325900 1757.9
1325910 1761.3
1325920 1764.1
1325930 1764.1
1325940 1766.5
1325950 1768.5
1325960 1768.5
1325970 1770.3
1325980 1772.7
1325990 1772.7
1326000 1774.5
1326010 1775.1
1326020 1775.1
1326030 1773.8
1326040 1773.6
1326050 1773.6
1326060 1778.8
1326070 1787.4
1326080 1787.4
1326090 1793.8
1326100 1797.2
1326110 1799.9
1326120 1799.9
1326130 1801.2
1326140 1799.9
1326150 1799.9
1326160 1797.3
1326170 1794.4
1326180 1794.4
1326190 1791.6
1326200 1788.6
1326210 1788.6
1326220 1785.5
1326230 1782.1
1326240 1782.1
1326250 1778.5
1326260 1775.0
1326270 1775.0
1326280 1771.4
1326290 1768.6
1326300 1768.6
1326310 1767.5
1326320 1767.7
1326330 1767.7
1326340 1768.0
1326350 1768.5
1326360 1768.8
1326370 1768.8
1326380 1769.7
1326390 1769.8
1326400 1769.8
1326410 1769.6
1326420 1769.2
1326430 1769.2
1326440 1769.0
1326450 1767.0
1326460 1767.0
1326470 1764.7
1326480 1763.0
1326490 1763.0
1326500 1762.0
1326510 1760.9
1326520 1760.9
1326530 1760.0
1326540 1757.9
1326550 1757.9
1326560 1757.8
1326570 1757.4
1326580 1757.4
1326590 1756.2
1326600 1755.7
1326610 1754.6
1326620 1754.6
1326630 1753.4
1326640 1751.7
1326650 1751.7
1326660 1750.0
1326670 1749.0
1326680 1749.0
1326690 1748.2
1326700 1747.3
1326710 1747.3
1326720 1746.5
1326730 1745.4
1326740 1745.4
1326750 1745.7
1326760 1748.4
1326770 1748.4
1326780 1751.1
1326790 1754.3
1326800 1754.3
1326810 1759.2
1326820 1763.8
1326830 1768.1
1326840 1768.1
1326850 1772.2
1326860 1773.8
1326870 1773.8
1326880 1773.5
1326890 1772.6
1326900 1772.6
1326910 1770.2
1326920 1768.4
1326930 1768.4
1326940 1767.9
1326950 1769.1
1326960 1769.1
1326970 1775.0
1326980 1775.6
1326990 1775.6
1327000 1775.9
1327010 1779.1
1327020 1779.1
1327030 1781.4
1327040 1783.7
1327050 1783.7
1327060 1783.6
1327070 1784.5
1327080 1789.0
1327090 1789.0
1327100 1794.9
1327110 1800.3
1327120 1800.3
1327130 1806.5
1327140 1811.7
1327150 1811.7
1327160 1817.1
1327170 1822.5
1327180 1822.5
1327190 1828.4
1327200 1830.3
1327210 1830.3
1327220 1830.5
1327230 1829.3
1327240 1829.3
1327250 1828.7
1327260 1828.2
1327270 1828.2
1327280 1828.2
1327290 1832.4
1327300 1832.4
1327310 1835.0
1327320 1833.7
1327330 1830.0
1327340 1830.0
1327350 1827.0
1327360 1828.8
1327370 1828.8
1327380 1831.5
1327390 1834.5
1327400 1834.5
1327410 1835.9
1327420 1835.4
1327430 1835.4
1327440 1838.1
1327450 1840.2
1327460 1840.2
1327470 1840.5
1327480 1840.5
1327490 1840.5
1327500 1840.0
1327510 1839.1
1327520 1839.1
1327530 1837.7
1327540 1835.2
1327550 1835.2
1327560 1835.1
1327570 1837.3
1327580 1838.8
1327590 1838.8
1327600 1842.5
1327610 1847.4
1327620 1847.4
1327630 1852.0
1327640 1852.7
1327650 1852.7
1327660 1849.2
1327670 1845.4
1327680 1845.4
1327690 1841.6
1327700 1839.6
1327710 1839.6
1327720 1841.7
1327730 1844.3
1327740 1844.3
1327750 1846.9
1327760 1850.2
1327770 1850.2
1327780 1853.4
1327790 1857.4
1327800 1860.8
1327810 1860.8
1327820 1863.4
1327830 1865.5
1327840 1865.5
1327850 1867.2
1327860 1869.3
1327870 1869.3
1327880 1872.5
1327890 1875.9
1327900 1875.9
1327910 1878.9
1327920 1881.9
1327930 1881.9
1327940 1885.1
1327950 1888.1
1327960 1888.1
1327970 1891.3
1327980 1894.4
1327990 1894.4
1328000 1897.5
1328010 1901.2
1328020 1901.2
1328030 1906.0
1328040 1910.9
1328050 1915.4
1328060 1915.4
1328070 1919.4
1328080 1922.0
1328090 1922.0
1328100 1923.7
1328110 1925.8
1328120 1925.8
1328130 1928.2
1328140 1931.6
1328150 1931.6
1328160 1936.5
1328170 1940.8
1328180 1940.8
1328190 1943.2
1328200 1944.6
1328210 1944.6
1328220 1945.2
1328230 1944.1
1328240 1944.1
1328250 1939.4
1328260 1927.9
1328270 1927.9
1328280 1916.4
1328290 1908.3
1328300 1901.6
1328310 1901.6
1328320 1896.4
1328330 1892.2
1328340 1892.2
1328350 1887.8
1328360 1882.9
1328370 1882.9
1328380 1878.7
1328390 1876.0
1328400 1876.0
1328410 1875.2
1328420 1874.7
1328430 1874.7
1328440 1873.9
1328450 1873.7
1328460 1873.7
1328470 1873.6
1328480 1872.1
1328490 1872.1
1328500 1869.3
1328510 1866.0
1328520 1866.0
1328530 1862.8
1328540 1860.2
1328550 1857.4
1328560 1857.4
1328570 1855.1
1328580 1853.3
1328590 1858.4
1328600 1856.2
1328610 1854.2
1328620 1854.2
1328630 1853.9
1328640 1854.0
1328650 1854.0
1328660 1855.3
1328670 1855.8
1328680 1855.8
1328690 1854.9
1328700 1854.2
1328710 1854.2
1328720 1852.9
1328730 1849.5
1328740 1849.5
1328750 1845.0
1328760 1839.2
1328770 1829.9
1328780 1829.9
1328790 1819.9
1328800 1809.1
1328810 1809.1
1328820 1796.1
1328830 1781.5
1328840 1781.5
1328850 1769.7
1328860 1762.1
1328870 1762.1
1328880 1754.5
1328890 1744.1
1328900 1744.1
1328910 1733.9
1328920 1722.2
1328930 1722.2
1328940 1713.0
1328950 1707.8
1328960 1707.8
1328970 1704.5
1328980 1698.4
1328990 1698.4
1329000 1686.8
1329010 1675.9
1329020 1666.4
1329030 1666.4
1329040 1658.0
1329050 1650.5
1329060 1650.5
1329070 1643.1
1329080 1636.0
1329090 1636.0
1329100 1630.6
1329110 1627.1
1329120 1627.1
1329130 1622.6
1329140 1617.5
1329150 1617.5
1329160 1611.6
1329170 1605.3
1329180 1605.3
1329190 1598.5
1329200 1591.2
1329210 1591.2
1329220 1583.1
1329230 1575.2
1329240 1575.2
1329250 1569.4
1329260 1566.6
1329270 1563.9
1329280 1563.9
1329290 1559.9
1329300 1554.9
1329310 1554.9
1329320 1549.9
1329330 1546.7
1329340 1546.7
1329350 1544.3
1329360 1542.6
1329370 1542.6
1329380 1542.9
1329390 1542.9
1329400 1542.9
1329410 1543.4
1329420 1538.3
1329430 1538.3
1329440 1537.5
1329450 1541.3
1329460 1541.3
1329470 1542.5
1329480 1543.9
1329490 1543.9
1329500 1547.8
1329510 1553.1
1329520 1559.2
1329530 1559.2
1329540 1564.8
1329550 1569.9
1329560 1569.9
1329570 1575.5
1329580 1581.8
1329590 1581.8
1329600 1589.1
1329610 1596.4
1329620 1596.4
1329630 1603.1
1329640 1608.5
1329650 1608.5
1329660 1614.2
1329670 1619.8
1329680 1619.8
1329690 1626.0
1329700 1632.5
1329710 1632.5
1329720 1639.6
1329730 1646.3
1329740 1656.8
1329750 1656.8
1329760 1668.6
1329770 1682.4
1329780 1682.4
1329790 1694.7
1329800 1701.6
1329810 1701.6
1329820 1708.8
1329830 1718.7
1329840 1718.7
1329850 1728.2
1329860 1735.3
1329870 1735.3
1329880 1740.5
1329890 1744.2
1329900 1744.2
1329910 1747.7
1329920 1751.1
1329930 1751.1
1329940 1754.8
1329950 1759.0
1329960 1759.0
1329970 1763.0
1329980 1767.1
1329990 1768.5
1330000 1768.5
1330010 1773.1
1330020 1775.6
1330030 1775.6
1330040 1776.5
1330050 1778.5
1330060 1778.5
1330070 1780.0
1330080 1781.9
1330090 1781.9
1330100 1785.1
1330110 1789.0
1330120 1789.0
1330130 1792.8
1330140 1796.7
1330150 1796.7
1330160 1798.8
1330170 1800.2
1330180 1800.2
1330190 1802.2
1330200 1804.0
1330210 1804.0
1330220 1805.3
1330230 1808.7
1330240 1811.1
1330250 1811.1
1330260 1815.2
1330270 1821.0
1330280 1821.0
1330290 1826.3
1330300 1830.4
1330310 1830.4
1330320 1833.7
1330330 1837.4
1330340 1837.4
1330350 1841.3
1330360 1845.1
1330370 1845.1
1330380 1849.9
1330390 1855.3
1330400 1855.3
1330410 1860.1
1330420 1865.0
1330430 1865.0
1330440 1869.6
1330450 1874.6
1330460 1874.6
1330470 1882.6
1330480 1890.1
1330490 1894.1
1330500 1894.1
1330510 1896.6
1330520 1897.7
1330530 1897.7
1330540 1897.5
1330550 1896.4
1330560 1896.4
1330570 1894.1
1330580 1891.6
1330590 1891.6
1330600 1888.7
1330610 1885.1
1330620 1885.1
1330630 1880.7
1330640 1876.4
1330650 1876.4
1330660 1872.6
1330670 1867.7
1330680 1867.7
1330690 1862.1
1330700 1854.0
1330710 1854.0
1330720 1839.1
1330730 1823.7
1330740 1815.1
1330750 1815.1
1330760 1808.0
1330770 1800.1
1330780 1800.1
1330790 1793.2
1330800 1786.7
1330810 1786.7
1330820 1779.7
1330830 1773.0
1330840 1773.0
1330850 1768.8
1330860 1765.5
1330870 1765.5
1330880 1762.0
1330890 1757.2
1330900 1757.2
1330910 1751.8
1330920 1746.2
1330930 1746.2
1330940 1740.5
1330950 1735.2
1330960 1730.9
1330970 1730.9
1330980 1727.8
1330990 1725.6
1331000 1725.6
1331010 1722.6
1331020 1719.8
1331030 1719.8
1331040 1718.7
1331050 1719.4
1331060 1722.2
1331070 1724.7
1331080 1727.3
1331090 1727.3
1331100 1728.9
1331110 1725.7
1331120 1725.7
1331130 1716.7
1331140 1708.4
1331150 1708.4
1331160 1698.3
1331170 1692.7
1331180 1692.7
1331190 1698.8
1331200 1706.5
1331210 1709.2
1331220 1709.2
1331230 1710.1
1331240 1712.6
1331250 1712.6
1331260 1715.1
1331270 1717.1
1331280 1717.1
1331290 1719.5
1331300 1722.1
1331310 1722.1
1331320 1724.8
1331330 1727.0
1331340 1727.0
1331350 1728.3
1331360 1728.3
1331370 1728.3
1331380 1728.5
1331390 1730.2
1331400 1730.2
1331410 1732.7
1331420 1735.9
1331430 1735.9
1331440 1739.1
1331450 1741.3
1331460 1741.1
1331470 1741.1
1331480 1741.8
1331490 1742.4
1331500 1742.4
1331510 1743.0
1331520 1744.7
1331530 1744.7
1331540 1746.4
1331550 1748.1
1331560 1748.1
1331570 1750.2
1331580 1750.9
1331590 1750.9
1331600 1750.4
1331610 1749.7
1331620 1749.7
1331630 1750.1
1331640 1751.8
1331650 1751.8
1331660 1754.6
1331670 1757.1
1331680 1757.1
1331690 1757.8
1331700 1757.9
1331710 1758.2
1331720 1758.2
1331730 1758.7
1331740 1761.1
1331750 1761.1
1331760 1762.9
1331770 1764.9
1331780 1764.9
1331790 1765.0
1331800 1764.3
1331810 1764.3
1331820 1763.1
1331830 1762.2
1331840 1762.2
1331850 1761.4
1331860 1760.5
1331870 1760.5
1331880 1760.9
1331890 1768.8
1331900 1768.8
1331910 1770.1
1331920 1772.5
1331930 1775.9
1331940 1775.9
1331950 1779.2
1331960 1780.4
1331970 1780.4
1331980 1781.6
1331990 1782.7
1332000 1782.7
1332010 1783.3
1332020 1784.7
1332030 1784.7
1332040 1788.4
1332050 1792.8
1332060 1792.8
1332070 1795.6
1332080 1796.5
1332090 1796.5
1332100 1797.2
1332110 1796.9
1332120 1796.9
1332130 1795.6
1332140 1793.7
1332150 1793.7
1332160 1791.6
1332170 1790.0
1332180 1789.0
1332190 1789.0
1332200 1787.4
1332210 1785.9
1332220 1785.9
1332230 1784.1
1332240 1782.0
1332250 1782.0
1332260 1779.9
1332270 1778.6
1332280 1778.6
1332290 1777.7
1332300 1777.7
1332310 1777.7
1332320 1777.0
1332330 1774.9
1332340 1774.9
1332350 1772.3
1332360 1770.3
1332370 1770.3
1332380 1768.4
1332390 1766.2
1332400 1766.2
1332410 1764.4
1332420 1763.4
1332430 1762.6
1332440 1762.6
1332450 1760.8
1332460 1758.9
1332470 1758.9
1332480 1758.1
1332490 1757.4
1332500 1757.4
1332510 1756.5
1332520 1755.7
1332530 1755.7
1332540 1755.1
1332550 1754.1
1332560 1754.1
1332570 1753.8
1332580 1752.6
1332590 1752.6
1332600 1750.4
1332610 1747.6
1332620 1747.6
1332630 1744.7
1332640 1741.9
1332650 1741.9
1332660 1739.2
1332670 1736.9
1332680 1734.9
1332690 1734.9
1332700 1733.5
1332710 1732.4
1332720 1737.2
1332730 1735.5
1332740 1732.5
1332750 1732.5
1332760 1728.6
1332770 1722.8
1332780 1722.8
1332790 1717.8
1332800 1713.7
1332810 1713.7
1332820 1709.4
1332830 1705.5
1332840 1705.5
1332850 1702.0
1332860 1698.6
1332870 1698.6
1332880 1695.1
1332890 1691.1
1332900 1687.2
1332910 1687.2
1332920 1682.9
1332930 1678.8
1332940 1678.8
1332950 1674.6
1332960 1671.1
1332970 1671.1
1332980 1665.6
1332990 1660.0
1333000 1660.0
1333010 1654.9
1333020 1648.3
1333030 1648.3
1333040 1640.9
1333050 1635.0
1333060 1635.0
1333070 1629.3
1333080 1623.9
1333090 1623.9
1333100 1618.4
1333110 1612.6
1333120 1612.6
1333130 1605.3
1333140 1594.8
1333150 1582.7
1333160 1582.7
1333170 1572.7
1333180 1563.9
1333190 1563.9
1333200 1553.6
1333210 1544.1
1333220 1544.1
1333230 1535.0
1333240 1527.9
1333250 1527.9
1333260 1522.6
1333270 1518.4
1333280 1518.4
1333290 1514.0
1333300 1509.0
1333310 1509.0
1333320 1504.0
1333330 1499.4
1333340 1499.4
1333350 1495.2
1333360 1491.2
1333370 1491.2
1333380 1485.5
1333390 1477.0
1333400 1469.6
1333410 1469.6
1333420 1463.2
1333430 1455.9
1333440 1455.9
1333450 1448.8
1333460 1441.7
1333470 1441.7
1333480 1437.6
1333490 1438.8
1333500 1438.8
1333510 1444.5
1333520 1451.4
1333530 1451.4
1333540 1459.9
1333550 1468.9
1333560 1469.8
1333570 1475.7
1333580 1481.5
1333590 1481.5
1333600 1488.3
1333610 1495.2
1333620 1495.2
1333630 1502.4
1333640 1508.7
1333650 1514.3
1333660 1514.3
1333670 1519.4
1333680 1523.5
1333690 1523.5
1333700 1523.4
1333710 1524.0
1333720 1524.0
1333730 1527.1
1333740 1531.1
1333750 1531.1
1333760 1535.7
1333770 1538.4
1333780 1538.4
1333790 1539.2
1333800 1541.1
1333810 1541.1
1333820 1544.2
1333830 1549.1
1333840 1549.1
1333850 1555.3
1333860 1562.8
1333870 1562.8
1333880 1571.8
1333890 1579.6
1333900 1587.9
1333910 1587.9
1333920 1596.2
1333930 1603.7
1333940 1603.7
1333950 1611.2
1333960 1618.4
1333970 1618.4
1333980 1623.0
1333990 1625.9
1334000 1625.9
1334010 1628.8
1334020 1631.5
1334030 1631.5
1334040 1633.2
1334050 1634.7
1334060 1634.7
1334070 1634.4
1334080 1633.4
1334090 1633.4
1334100 1632.2
1334110 1631.4
1334120 1630.9
1334130 1630.9
1334140 1630.7
1334150 1630.7
1334160 1630.7
1334170 1630.2
1334180 1629.1
1334190 1629.1
1334200 1625.5
1334210 1615.6
1334220 1615.6
1334230 1605.3
1334240 1596.6
1334250 1596.6
1334260 1589.0
1334270 1582.3
1334280 1582.3
1334290 1575.2
1334300 1569.7
1334310 1569.7
1334320 1567.5
1334330 1566.2
1334340 1566.2
1334350 1564.2
1334360 1560.9
1334370 1557.5
1334380 1557.5
1334390 1554.6
1334400 1551.6
1334410 1555.2
1334420 1553.7
1334430 1553.5
1334440 1553.5
1334450 1553.4
1334460 1551.7
1334470 1551.7
1334480 1551.2
1334490 1551.5
1334500 1551.5
1334510 1552.2
1334520 1553.3
1334530 1553.3
1334540 1553.9
1334550 1552.9
1334560 1552.9
1334570 1544.1
1334580 1529.3
1334590 1529.3
1334600 1516.3
1334610 1509.6
1334620 1504.5
1334630 1504.5
1334640 1500.6
1334650 1498.3
1334660 1498.3
1334670 1501.5
1334680 1505.7
1334690 1505.7
1334700 1507.9
1334710 1504.7
1334720 1504.7
1334730 1496.8
1334740 1491.3
1334750 1491.3
1334760 1470.6
1334770 1453.1
1334780 1453.1
1334790 1445.5
1334800 1418.5
1334810 1418.5
1334820 1406.3
1334830 1402.5
1334840 1402.5
1334850 1397.3
1334860 1387.8
1334870 1382.3
1334880 1382.3
1334890 1379.7
1334900 1376.0
1334910 1376.0
1334920 1371.0
1334930 1366.1
1334940 1366.1
1334950 1361.9
1334960 1357.2
1334970 1357.2
1334980 1352.1
1334990 1346.5
1335000 1346.5
1335010 1340.8
1335020 1335.0
1335030 1335.0
1335040 1328.9
1335050 1322.4
1335060 1322.4
1335070 1315.6
1335080 1309.4
1335090 1303.9
1335100 1303.9
1335110 1298.4
1335120 1293.1
1335130 1293.1
1335140 1287.5
1335150 1282.5
1335160 1282.5
1335170 1278.7
1335180 1274.9
1335190 1274.9
1335200 1272.1
1335210 1268.8
1335220 1268.8
1335230 1265.7
1335240 1263.7
1335250 1263.7
1335260 1264.3
1335270 1264.3
1335280 1264.3
1335290 1265.4
1335300 1267.0
1335310 1267.0
1335320 1268.0
1335330 1268.9
1335340 1270.4
1335350 1270.4
1335360 1274.8
1335370 1280.8
1335380 1280.8
1335390 1286.5
1335400 1292.1
1335410 1292.1
1335420 1297.3
1335430 1302.6
1335440 1302.6
1335450 1308.0
1335460 1313.7
1335470 1313.7
1335480 1319.9
1335490 1327.4
1335500 1327.4
1335510 1335.7
1335520 1343.7
1335530 1343.7
1335540 1352.3
1335550 1360.8
1335560 1360.8
1335570 1369.5
1335580 1377.8
1335590 1387.2
1335600 1387.2
1335610 1398.5
1335620 1411.4
1335630 1411.4
1335640 1430.4
1335650 1451.2
1335660 1451.2
1335670 1465.4
1335680 1476.3
1335690 1476.3
1335700 1486.5
1335710 1497.4
1335720 1497.4
1335730 1506.4
1335740 1515.1
1335750 1515.1
1335760 1521.9
1335770 1528.0
1335780 1528.0
1335790 1533.7
1335800 1540.8
1335810 1540.8
1335820 1548.3
1335830 1555.7
1335840 1564.3
1335850 1564.3
1335860 1573.3
1335870 1582.3
1335880 1582.3
1335890 1591.7
1335900 1602.3
1335910 1602.3
1335920 1611.2
1335930 1620.0
1335940 1620.0
1335950 1629.1
1335960 1639.1
1335970 1639.1
1335980 1648.1
1335990 1656.4
1336000 1656.4
1336010 1664.5
1336020 1673.0
1336030 1673.0
1336040 1681.6
1336050 1695.2
1336060 1706.8
1336070 1706.8
1336080 1712.9
1336090 1716.9
1336100 1716.9
1336110 1725.1
1336120 1727.9
1336130 1727.9
1336140 1730.3
1336150 1732.9
1336160 1732.9
1336170 1735.5
1336180 1736.6
1336190 1736.6
1336200 1735.9
1336210 1735.0
1336220 1735.0
1336230 1733.7
1336240 1729.9
1336250 1729.9
1336260 1723.4
1336270 1718.9
1336280 1718.9
1336290 1715.3
1336300 1712.8
1336310 1710.3
1336320 1710.3
1336330 1706.9
1336340 1703.8
1336350 1703.8
1336360 1701.0
1336370 1698.6
1336380 1698.6
1336390 1696.1
1336400 1693.6
1336410 1693.6
1336420 1691.3
1336430 1687.6
1336440 1687.6
1336450 1683.1
1336460 1678.4
1336470 1678.4
1336480 1674.1
1336490 1670.7
1336500 1670.7
1336510 1667.7
1336520 1663.7
1336530 1663.7
1336540 1659.9
1336550 1657.6
1336560 1655.7
1336570 1655.7
1336580 1654.7
1336590 1653.8
1336600 1653.8
1336610 1652.6
1336620 1649.2
1336630 1649.2
1336640 1644.0
1336650 1639.9
1336660 1639.9
1336670 1636.2
1336680 1633.1
1336690 1633.1
1336700 1628.3
1336710 1624.0
1336720 1624.0
1336730 1621.2
1336740 1618.8
1336750 1618.8
1336760 1615.7
1336770 1612.9
1336780 1612.9
1336790 1610.6
1336800 1607.4
1336810 1603.7
1336820 1603.7
1336830 1600.0
1336840 1597.2
1336850 1597.2
1336860 1595.2
1336870 1593.2
1336880 1593.2
1336890 1590.7
1336900 1587.9
1336910 1587.9
1336920 1584.9
1336930 1581.7
1336940 1581.7
1336950 1577.3
1336960 1572.4
1336970 1577.5
1336980 1572.9
1336990 1569.1
1337000 1569.1
1337010 1565.9
1337020 1562.5
1337030 1559.2
1337040 1559.2
1337050 1557.2
1337060 1554.7
1337070 1554.7
1337080 1552.4
1337090 1550.8
1337100 1550.8
1337110 1548.1
1337120 1544.5
1337130 1544.5
1337140 1540.6
1337150 1535.6
1337160 1535.6
1337170 1530.4
1337180 1525.6
1337190 1525.6
1337200 1520.5
1337210 1513.6
1337220 1513.6
1337230 1506.4
1337240 1500.2
1337250 1500.2
1337260 1494.6
1337270 1489.6
1337280 1485.6
1337290 1485.6
1337300 1480.9
1337310 1475.5
1337320 1475.5
1337330 1470.1
1337340 1465.4
1337350 1465.4
1337360 1461.1
1337370 1456.3
1337380 1456.3
1337390 1452.4
1337400 1449.2
1337410 1449.2
1337420 1446.1
1337430 1442.9
1337440 1442.9
1337450 1438.4
1337460 1432.9
1337470 1432.9
1337480 1427.3
1337490 1421.7
1337500 1421.7
1337510 1417.9
1337520 1414.2
1337530 1408.0
1337540 1408.0
1337550 1401.0
1337560 1394.0
1337570 1394.0
1337580 1387.2
1337590 1380.8
1337600 1380.8
1337610 1377.4
1337620 1375.6
1337630 1375.6
1337640 1374.3
1337650 1372.7
1337660 1372.7
1337670 1370.7
1337680 1369.0
1337690 1369.0
1337700 1367.4
1337710 1366.0
1337720 1366.0
1337730 1364.8
1337740 1363.9
1337750 1363.9
1337760 1363.0
1337770 1362.1
1337780 1361.1
1337790 1361.1
1337800 1360.6
1337810 1360.6
1337820 1360.6
1337830 1360.2
1337840 1359.6
1337850 1359.6
1337860 1360.1
1337870 1361.6
1337880 1361.6
1337890 1366.4
1337900 1372.5
1337910 1372.5
1337920 1378.8
1337930 1385.1
1337940 1385.1
1337950 1391.6
1337960 1398.2
1337970 1398.2
1337980 1404.9
1337990 1411.1
1338000 1411.1
1338010 1417.2
1338020 1423.8
1338030 1430.3
1338040 1430.3
1338050 1435.5
1338060 1438.2
1338070 1438.2
1338080 1441.3
1338090 1445.1
1338100 1445.1
1338110 1449.1
1338120 1453.2
1338130 1453.2
1338140 1457.0
1338150 1459.6
1338160 1459.6
1338170 1460.2
1338180 1460.8
1338190 1460.8
1338200 1461.8
1338210 1462.7
1338220 1462.7
1338230 1463.7
1338240 1464.5
1338250 1465.5
1338260 1465.5
1338270 1467.8
1338280 1470.8
1338290 1470.8
1338300 1474.8
1338310 1479.9
1338320 1479.9
1338330 1485.9
1338340 1492.3
1338350 1492.3
1338360 1498.0
1338370 1506.1
1338380 1506.1
1338390 1513.7
1338400 1520.3
1338410 1520.3
1338420 1525.6
1338430 1531.1
1338440 1531.1
1338450 1537.5
1338460 1544.0
1338470 1544.0
1338480 1550.4
1338490 1557.1
1338500 1563.8
1338510 1563.8
1338520 1568.4
1338530 1572.5
1338540 1572.5
1338550 1577.0
1338560 1581.9
1338570 1581.9
1338580 1587.3
1338590 1592.8
1338600 1592.8
1338610 1597.9
1338620 1603.4
1338630 1603.4
1338640 1608.8
1338650 1615.2
1338660 1615.2
1338670 1622.8
1338680 1631.4
1338690 1631.4
1338700 1638.8
1338710 1645.2
1338720 1645.2
1338730 1649.1
1338740 1652.0
1338750 1654.4
1338760 1654.4
1338770 1657.1
1338780 1660.9
1338790 1660.9
1338800 1665.4
1338810 1669.5
1338820 1669.5
1338830 1673.3
1338840 1677.0
1338850 1677.0
1338860 1680.2
1338870 1683.8
1338880 1683.8
1338890 1687.4
1338900 1690.3
1338910 1690.3
1338920 1691.5
1338930 1692.7
1338940 1692.7
1338950 1694.4
1338960 1695.3
1338970 1695.3
1338980 1696.2
1338990 1697.3
1339000 1696.9
1339010 1696.9
1339020 1699.3
1339030 1703.7
1339040 1703.7
1339050 1707.8
1339060 1713.4
1339070 1713.4
1339080 1718.5
1339090 1724.7
1339100 1724.7
1339110 1730.3
1339120 1733.7
1339130 1733.7
1339140 1735.4
1339150 1736.5
1339160 1736.5
1339170 1740.7
1339180 1749.0
1339190 1749.0
1339200 1758.9
1339210 1767.5
1339220 1774.3
1339230 1774.3
1339240 1780.5
1339250 1785.6
1339260 1785.6
1339270 1789.5
1339280 1793.9
1339290 1793.9
1339300 1800.0
1339310 1806.2
1339320 1806.2
1339330 1812.0
1339340 1816.7
1339350 1816.7
1339360 1820.1
1339370 1822.4
1339380 1822.4
1339390 1826.2
1339400 1831.9
1339410 1831.9
1339420 1838.2
1339430 1844.4
1339440 1844.4
1339450 1850.5
1339460 1855.9
1339470 1860.4
1339480 1860.4
1339490 1864.3
1339500 1867.5
1339510 1867.5
1339520 1870.1
1339530 1872.3
1339540 1872.3
1339550 1875.1
1339560 1877.9
1339570 1877.9
1339580 1886.0
1339590 1889.2
1339600 1889.2
1339610 1891.9
1339620 1895.2
1339630 1895.2
1339640 1897.2
1339650 1898.4
1339660 1898.4
1339670 1900.6
1339680 1904.0
1339690 1904.0
1339700 1907.7
1339710 1912.2
1339720 1916.2
1339730 1916.2
1339740 1918.7
1339750 1921.2
1339760 1921.2
1339770 1924.2
1339780 1927.9
1339790 1927.9
1339800 1930.8
1339810 1933.8
1339820 1933.8
1339830 1936.8
1339840 1939.1
1339850 1939.1
1339860 1941.1
1339870 1944.2
1339880 1944.2
1339890 1947.9
1339900 1951.5
1339910 1951.5
1339920 1954.9
1339930 1957.5
1339940 1957.5
1339950 1959.7
1339960 1962.6
1339970 1966.1
1339980 1966.1
1339990 1970.2
