1320000 813.9
1320010 807.2
1320020 807.2
1320030 800.7
1320040 793.7
1320050 793.7
1320060 787.4
1320070 782.5
1320080 778.0
1320090 778.0
1320100 774.3
1320110 771.9
1320120 771.9
1320130 769.7
1320140 768.4
1320150 768.4
1320160 767.1
1320170 765.2
1320180 765.2
1320190 760.8
1320200 754.6
1320210 754.6
1320220 749.9
1320230 747.7
1320240 747.7
1320250 747.4
1320260 747.0
1320270 747.0
1320280 744.3
1320290 740.5
1320300 740.5
1320310 738.0
1320320 736.6
1320330 735.8
1320340 735.8
1320350 734.9
1320360 733.7
1320370 733.7
1320380 732.0
1320390 729.8
1320400 729.8
1320410 727.5
1320420 724.2
1320430 724.2
1320440 719.6
1320450 715.4
1320460 715.4
1320470 710.7
1320480 705.8
1320490 705.8
1320500 699.4
1320510 693.7
1320520 693.7
1320530 689.2
1320540 685.4
1320550 685.4
1320560 682.5
1320570 678.1
1320580 672.8
1320590 672.8
1320600 667.4
1320610 662.3
1320620 662.3
1320630 658.1
1320640 654.1
1320650 654.1
1320660 649.3
1320670 642.9
1320680 642.9
1320690 635.1
1320700 628.2
1320710 628.2
1320720 623.3
1320730 620.2
1320740 620.2
1320750 616.2
1320760 611.3
1320770 611.3
1320780 607.3
1320790 605.0
1320800 605.0
1320810 603.0
1320820 600.2
1320830 597.0
1320840 597.0
1320850 593.8
1320860 591.3
1320870 591.3
1320880 590.1
1320890 589.3
1320900 589.3
1320910 588.0
1320920 587.4
1320930 587.4
1320940 587.4
1320950 587.2
1320960 587.2
1320970 586.6
1320980 586.2
1320990 586.2
1321000 585.7
1321010 585.4
1321020 585.4
1321030 585.2
1321040 585.0
1321050 585.0
1321060 584.8
1321070 584.6
1321080 584.5
1321090 584.5
1321100 584.3
1321110 584.2
1321120 584.2
1321130 584.1
1321140 584.1
1321150 584.1
1321160 584.3
1321170 584.5
1321180 584.5
1321190 584.1
1321200 583.7
1321210 583.7
1321220 583.8
1321230 584.0
1321240 584.0
1321250 584.1
1321260 584.1
1321270 584.1
1321280 584.3
1321290 584.5
1321300 584.5
1321310 585.1
1321320 583.4
1321330 582.3
1321340 582.4
1321350 582.3
1321360 582.8
1321370 582.8
1321380 584.7
1321390 584.9
1321400 584.9
1321410 585.0
1321420 584.4
1321430 584.4
1321440 584.2
1321450 584.0
1321460 584.0
1321470 583.9
1321480 583.9
1321490 583.9
1321500 583.8
1321510 583.4
1321520 583.4
1321530 583.9
1321540 583.9
1321550 583.9
1321560 583.9
1321570 583.8
1321580 583.7
1321590 583.7
1321600 583.6
1321610 583.6
1321620 583.6
1321630 583.6
1321640 583.6
1321650 583.6
1321660 583.6
1321670 583.5
1321680 583.5
1321690 583.5
1321700 583.6
1321710 583.6
1321720 584.2
1321730 583.9
1321740 583.9
1321750 583.6
1321760 583.6
1321770 583.6
1321780 583.9
1321790 584.5
1321800 584.5
1321810 586.0
1321820 587.3
1321830 591.4
1321840 591.4
1321850 596.3
1321860 600.2
1321870 600.2
1321880 603.7
1321890 607.8
1321900 607.8
1321910 612.7
1321920 618.2
1321930 618.2
1321940 624.2
1321950 630.0
1321960 630.0
1321970 636.0
1321980 641.6
1321990 641.6
1322000 647.9
1322010 653.3
1322020 653.3
1322030 658.5
1322040 664.1
1322050 664.1
1322060 669.4
1322070 675.2
1322080 683.0
1322090 683.0
1322100 690.6
1322110 696.8
1322120 693.9
1322130 699.5
1322140 706.2
1322150 706.2
1322160 712.9
1322170 720.2
1322180 720.2
1322190 727.2
1322200 734.1
1322210 734.1
1322220 741.7
1322230 749.1
1322240 749.1
1322250 756.7
1322260 764.2
1322270 764.2
1322280 770.3
1322290 776.4
1322300 782.2
1322310 782.2
1322320 788.1
1322330 794.2
1322340 794.2
1322350 800.4
1322360 806.8
1322370 806.8
1322380 813.7
1322390 819.7
1322400 819.7
1322410 824.7
1322420 829.8
1322430 829.8
1322440 834.6
1322450 839.3
1322460 839.3
1322470 844.6
1322480 849.6
1322490 849.6
1322500 855.0
1322510 859.0
1322520 859.0
1322530 863.7
1322540 869.3
1322550 875.5
1322560 875.5
1322570 882.1
1322580 888.2
1322590 888.2
1322600 893.7
1322610 899.6
1322620 899.6
1322630 905.9
1322640 911.7
1322650 911.7
1322660 917.0
1322670 922.5
1322680 922.5
1322690 927.2
1322700 931.3
1322710 931.3
1322720 936.4
1322730 942.6
1322740 942.6
1322750 949.5
1322760 957.1
1322770 957.1
1322780 959.1
1322790 960.0
1322800 962.6
1322810 962.6
1322820 967.9
1322830 973.8
1322840 973.8
1322850 976.7
1322860 979.1
1322870 979.1
1322880 981.7
1322890 984.3
1322900 984.3
1322910 985.4
1322920 988.1
1322930 988.1
1322940 989.4
1322950 993.3
1322960 993.3
1322970 998.4
1322980 1002.7
1322990 1002.7
1323000 1007.5
1323010 1011.8
1323020 1011.8
1323030 1015.5
1323040 1018.9
1323050 1021.8
1323060 1021.8
1323070 1024.6
1323080 1028.0
1323090 1028.0
1323100 1031.3
1323110 1034.0
1323120 1034.0
1323130 1036.8
1323140 1039.9
1323150 1039.9
1323160 1042.8
1323170 1045.4
1323180 1045.4
1323190 1047.9
1323200 1050.7
1323210 1050.7
1323220 1053.8
1323230 1057.1
1323240 1057.1
1323250 1060.2
1323260 1063.5
1323270 1063.5
1323280 1067.5
1323290 1070.8
1323300 1073.7
1323310 1073.7
1323320 1076.8
1323330 1080.0
1323340 1080.0
1323350 1083.3
1323360 1087.5
1323370 1087.5
1323380 1092.1
1323390 1095.3
1323400 1095.3
1323410 1098.9
1323420 1102.7
1323430 1102.7
1323440 1105.4
1323450 1107.8
1323460 1107.8
1323470 1110.2
1323480 1113.0
1323490 1113.0
1323500 1116.6
1323510 1120.0
1323520 1120.0
1323530 1123.5
1323540 1127.2
1323550 1131.1
1323560 1131.1
1323570 1134.8
1323580 1138.8
1323590 1138.8
1323600 1142.6
1323610 1145.6
1323620 1145.6
1323630 1147.6
1323640 1149.2
1323650 1149.2
1323660 1152.1
1323670 1156.4
1323680 1156.4
1323690 1160.8
1323700 1165.8
1323710 1165.8
1323720 1169.1
1323730 1169.9
1323740 1169.9
1323750 1171.4
1323760 1175.6
1323770 1175.6
1323780 1179.6
1323790 1183.7
1323800 1186.2
1323810 1186.2
1323820 1187.3
1323830 1188.3
1323840 1188.3
1323850 1189.2
1323860 1190.1
1323870 1190.1
1323880 1192.0
1323890 1196.0
1323900 1196.0
1323910 1199.6
1323920 1201.5
1323930 1201.5
1323940 1203.0
1323950 1205.4
1323960 1205.4
1323970 1208.7
1323980 1212.7
1323990 1212.7
1324000 1214.5
1324010 1214.8
1324020 1214.8
1324030 1216.8
1324040 1220.1
1324050 1221.6
1324060 1221.6
1324070 1222.6
1324080 1222.3
1324090 1222.3
1324100 1221.5
1324110 1222.6
1324120 1222.6
1324130 1224.5
1324140 1226.2
1324150 1226.2
1324160 1229.1
1324170 1231.9
1324180 1231.9
1324190 1232.9
1324200 1232.4
1324210 1232.4
1324220 1231.3
1324230 1230.6
1324240 1230.6
1324250 1230.4
1324260 1231.2
1324270 1231.2
1324280 1231.4
1324290 1230.7
1324300 1230.0
1324310 1230.0
1324320 1229.5
1324330 1228.7
1324340 1228.7
1324350 1226.5
1324360 1223.9
1324370 1223.9
1324380 1221.3
1324390 1218.0
1324400 1218.0
1324410 1213.8
1324420 1209.8
1324430 1209.8
1324440 1206.2
1324450 1203.1
1324460 1203.1
1324470 1200.7
1324480 1198.2
1324490 1200.4
1324500 1200.4
1324510 1199.6
1324520 1197.5
1324530 1197.5
1324540 1193.5
1324550 1189.8
1324560 1189.8
1324570 1189.6
1324580 1190.3
1324590 1190.3
1324600 1189.7
1324610 1188.1
1324620 1188.1
1324630 1186.8
1324640 1185.1
1324650 1185.1
1324660 1182.7
1324670 1180.4
1324680 1180.4
1324690 1177.8
1324700 1175.9
1324710 1175.9
1324720 1172.9
1324730 1169.6
1324740 1169.6
1324750 1165.9
1324760 1162.5
1324770 1159.3
1324780 1159.3
1324790 1155.7
1324800 1151.9
1324810 1151.9
1324820 1149.2
1324830 1145.3
1324840 1145.3
1324850 1141.4
1324860 1137.9
1324870 1137.9
1324880 1134.0
1324890 1130.2
1324900 1130.2
1324910 1127.1
1324920 1124.3
1324930 1124.3
1324940 1121.2
1324950 1118.8
1324960 1118.8
1324970 1117.0
1324980 1117.0
1324990 1117.0
1325000 1117.0
1325010 1117.7
1325020 1118.6
1325030 1118.6
1325040 1120.1
1325050 1121.4
1325060 1121.4
1325070 1122.0
1325080 1122.1
1325090 1122.1
1325100 1119.6
1325110 1116.1
1325120 1116.1
1325130 1113.1
1325140 1110.8
1325150 1110.8
1325160 1108.6
1325170 1107.2
1325180 1107.2
1325190 1107.2
1325200 1108.7
1325210 1108.7
1325220 1108.3
1325230 1105.1
1325240 1105.1
1325250 1102.4
1325260 1100.8
1325270 1098.2
1325280 1104.0
1325290 1100.3
1325300 1096.4
1325310 1096.4
1325320 1091.0
1325330 1089.2
1325340 1089.2
1325350 1096.6
1325360 1103.1
1325370 1103.1
1325380 1108.0
1325390 1108.3
1325400 1108.3
1325410 1103.9
1325420 1099.2
1325430 1099.2
1325440 1096.0
1325450 1096.8
1325460 1096.8
1325470 1098.7
1325480 1101.1
1325490 1101.1
1325500 1101.1
1325510 1100.5
1325520 1099.1
1325530 1099.1
1325540 1098.3
1325550 1097.7
1325560 1097.7
1325570 1096.8
1325580 1095.8
1325590 1095.8
1325600 1094.7
1325610 1094.2
1325620 1094.2
1325630 1094.4
1325640 1095.8
1325650 1095.8
1325660 1097.1
1325670 1097.7
1325680 1097.7
1325690 1097.4
1325700 1096.0
1325710 1096.0
1325720 1093.9
1325730 1090.6
1325740 1090.6
1325750 1088.0
1325760 1085.0
1325770 1081.6
1325780 1081.6
1325790 1083.7
1325800 1088.3
1325810 1088.3
1325820 1092.1
1325830 1095.5
1325840 1095.5
1325850 1098.3
1325860 1100.7
1325870 1100.7
1325880 1104.3
1325890 1106.7
1325900 1106.7
1325910 1109.3
1325920 1111.8
1325930 1111.8
1325940 1112.8
1325950 1113.9
1325960 1113.9
1325970 1115.6
1325980 1117.8
1325990 1117.8
1326000 1120.4
1326010 1122.5
1326020 1124.2
1326030 1124.2
1326040 1122.4
1326050 1118.7
1326060 1118.7
1326070 1115.5
1326080 1113.5
1326090 1119.4
1326100 1119.0
1326110 1118.6
1326120 1118.6
1326130 1117.9
1326140 1117.4
1326150 1117.4
1326160 1117.2
1326170 1115.5
1326180 1115.5
1326190 1112.3
1326200 1108.6
1326210 1108.6
1326220 1106.1
1326230 1104.6
1326240 1104.6
1326250 1104.0
1326260 1104.3
1326270 1105.9
1326280 1105.9
1326290 1107.6
1326300 1107.9
1326310 1107.9
1326320 1108.0
1326330 1107.2
1326340 1107.2
1326350 1107.3
1326360 1107.4
1326370 1107.4
1326380 1107.7
1326390 1108.1
1326400 1108.1
1326410 1108.0
1326420 1107.1
1326430 1107.1
1326440 1105.8
1326450 1103.9
1326460 1103.9
1326470 1101.9
1326480 1100.2
1326490 1100.2
1326500 1098.0
1326510 1096.8
1326520 1094.5
1326530 1094.5
1326540 1092.5
1326550 1090.8
1326560 1090.8
1326570 1089.8
1326580 1088.2
1326590 1088.2
1326600 1089.7
1326610 1089.8
1326620 1089.8
1326630 1088.3
1326640 1086.5
1326650 1086.5
1326660 1085.4
1326670 1087.2
1326680 1087.2
1326690 1088.3
1326700 1088.4
1326710 1088.4
1326720 1089.0
1326730 1090.3
1326740 1091.0
1326750 1091.0
1326760 1090.8
1326770 1089.8
1326780 1089.8
1326790 1087.7
1326800 1086.1
1326810 1086.1
1326820 1085.5
1326830 1085.3
1326840 1085.3
1326850 1085.6
1326860 1086.7
1326870 1086.7
1326880 1087.3
1326890 1093.8
1326900 1093.8
1326910 1093.9
1326920 1092.5
1326930 1092.5
1326940 1090.3
1326950 1089.1
1326960 1089.1
1326970 1089.8
1326980 1093.8
1326990 1099.3
1327000 1099.3
1327010 1104.4
1327020 1108.0
1327030 1108.0
1327040 1108.7
1327050 1108.1
1327060 1108.1
1327070 1108.6
1327080 1111.0
1327090 1111.0
1327100 1113.9
1327110 1115.9
1327120 1115.9
1327130 1116.2
1327140 1114.5
1327150 1114.5
1327160 1112.3
1327170 1110.1
1327180 1110.1
1327190 1108.1
1327200 1105.5
1327210 1105.5
1327220 1102.4
1327230 1101.2
1327240 1100.5
1327250 1100.5
1327260 1100.0
1327270 1101.7
1327280 1101.7
1327290 1105.5
1327300 1109.4
1327310 1109.4
1327320 1114.2
1327330 1118.5
1327340 1118.5
1327350 1123.3
1327360 1126.0
1327370 1126.0
1327380 1127.7
1327390 1128.5
1327400 1128.5
1327410 1127.3
1327420 1124.4
1327430 1124.4
1327440 1121.3
1327450 1118.1
1327460 1118.1
1327470 1116.8
1327480 1117.0
1327490 1119.1
1327500 1119.1
1327510 1121.3
1327520 1122.5
1327530 1122.5
1327540 1120.5
1327550 1116.1
1327560 1116.1
1327570 1112.7
1327580 1111.9
1327590 1111.9
1327600 1114.5
1327610 1117.3
1327620 1117.3
1327630 1119.3
1327640 1120.7
1327650 1120.7
1327660 1121.6
1327670 1121.7
1327680 1121.7
1327690 1121.6
1327700 1126.6
1327710 1126.6
1327720 1126.4
1327730 1126.5
1327740 1125.7
1327750 1125.7
1327760 1122.6
1327770 1117.7
1327780 1117.7
1327790 1110.5
1327800 1099.5
1327810 1099.5
1327820 1099.4
1327830 1108.4
1327840 1108.4
1327850 1117.4
1327860 1123.8
1327870 1123.8
1327880 1127.6
1327890 1131.7
1327900 1131.7
1327910 1136.5
1327920 1139.7
1327930 1139.7
1327940 1140.8
1327950 1141.7
1327960 1141.7
1327970 1141.8
1327980 1141.4
1327990 1140.1
1328000 1140.1
1328010 1138.8
1328020 1137.2
1328030 1137.2
1328040 1134.1
1328050 1129.7
1328060 1129.7
1328070 1125.0
1328080 1119.8
1328090 1119.8
1328100 1117.6
1328110 1122.7
1328120 1122.7
1328130 1129.1
1328140 1131.7
1328150 1131.7
1328160 1129.7
1328170 1127.1
1328180 1127.1
1328190 1126.9
1328200 1128.3
1328210 1128.3
1328220 1130.1
1328230 1131.1
1328240 1133.5
1328250 1133.5
1328260 1136.8
1328270 1139.7
1328280 1139.7
1328290 1140.0
1328300 1139.6
1328310 1139.6
1328320 1137.9
1328330 1135.4
1328340 1135.4
1328350 1134.6
1328360 1135.7
1328370 1135.7
1328380 1137.1
1328390 1141.4
1328400 1141.4
1328410 1146.2
1328420 1150.6
1328430 1150.6
1328440 1153.3
1328450 1153.9
1328460 1153.9
1328470 1153.5
1328480 1151.8
1328490 1148.7
1328500 1148.7
1328510 1149.8
1328520 1148.1
1328530 1148.1
1328540 1145.4
1328550 1143.6
1328560 1143.6
1328570 1144.0
1328580 1143.8
1328590 1143.8
1328600 1143.0
1328610 1142.7
1328620 1142.7
1328630 1142.4
1328640 1142.2
1328650 1142.2
1328660 1142.5
1328670 1144.0
1328680 1144.0
1328690 1145.7
1328700 1147.6
1328710 1147.6
1328720 1148.0
1328730 1146.7
1328740 1144.7
1328750 1144.7
1328760 1141.9
1328770 1139.4
1328780 1139.4
1328790 1138.3
1328800 1136.9
1328810 1136.9
1328820 1134.9
1328830 1132.0
1328840 1132.0
1328850 1128.2
1328860 1126.1
1328870 1126.1
1328880 1128.2
1328890 1131.9
1328900 1131.9
1328910 1134.4
1328920 1136.9
1328930 1136.9
1328940 1140.0
1328950 1140.9
1328960 1136.9
1328970 1136.9
1328980 1129.8
1328990 1122.4
1329000 1122.4
1329010 1114.5
1329020 1106.8
1329030 1106.8
1329040 1098.8
1329050 1090.2
1329060 1090.2
1329070 1083.6
1329080 1075.6
1329090 1075.6
1329100 1067.4
1329110 1060.6
1329120 1060.6
1329130 1051.9
1329140 1043.9
1329150 1043.9
1329160 1039.3
1329170 1044.0
1329180 1044.0
1329190 1054.8
1329200 1066.6
1329210 1076.4
1329220 1076.4
1329230 1085.4
1329240 1094.5
1329250 1094.5
1329260 1102.0
1329270 1106.7
1329280 1106.7
1329290 1107.7
1329300 1111.9
1329310 1111.9
1329320 1117.0
1329330 1128.3
1329340 1128.3
1329350 1132.1
1329360 1134.3
1329370 1134.3
1329380 1135.5
1329390 1135.2
1329400 1135.2
1329410 1134.3
1329420 1133.4
1329430 1133.4
1329440 1132.8
1329450 1132.2
1329460 1131.7
1329470 1131.7
1329480 1130.9
1329490 1130.1
1329500 1130.1
1329510 1128.2
1329520 1124.8
1329530 1124.8
1329540 1122.1
1329550 1121.6
1329560 1121.6
1329570 1120.0
1329580 1117.1
1329590 1117.1
1329600 1114.0
1329610 1110.5
1329620 1110.5
1329630 1107.0
1329640 1105.9
1329650 1105.9
1329660 1107.5
1329670 1106.8
1329680 1106.8
1329690 1103.7
1329700 1101.6
1329710 1101.7
1329720 1101.7
1329730 1104.8
1329740 1107.0
1329750 1107.0
1329760 1107.8
1329770 1107.7
1329780 1107.7
1329790 1107.3
1329800 1106.8
1329810 1106.8
1329820 1106.1
1329830 1105.4
1329840 1105.4
1329850 1104.8
1329860 1104.0
1329870 1104.0
1329880 1103.6
1329890 1103.3
1329900 1103.3
1329910 1102.8
1329920 1101.3
1329930 1101.3
1329940 1097.3
1329950 1092.4
1329960 1088.4
1329970 1088.4
1329980 1087.5
1329990 1088.8
1330000 1088.8
1330010 1091.3
1330020 1093.9
1330030 1093.9
1330040 1096.8
1330050 1098.9
1330060 1098.9
1330070 1097.6
1330080 1092.5
1330090 1092.5
1330100 1088.7
1330110 1086.9
1330120 1086.9
1330130 1085.4
1330140 1084.5
1330150 1087.0
1330160 1086.8
1330170 1090.6
1330180 1090.6
1330190 1093.0
1330200 1091.1
1330210 1087.2
1330220 1087.2
1330230 1082.8
1330240 1079.1
1330250 1079.1
1330260 1076.4
1330270 1077.5
1330280 1077.5
1330290 1080.3
1330300 1082.6
1330310 1082.6
1330320 1082.3
1330330 1080.9
1330340 1080.9
1330350 1077.2
1330360 1073.1
1330370 1073.1
1330380 1069.0
1330390 1065.1
1330400 1065.1
1330410 1061.1
1330420 1057.6
1330430 1057.6
1330440 1054.2
1330450 1050.1
1330460 1044.4
1330470 1044.4
1330480 1037.1
1330490 1029.4
1330500 1029.4
1330510 1023.1
1330520 1016.9
1330530 1016.9
1330540 1010.9
1330550 1006.5
1330560 1006.5
1330570 1007.7
1330580 1009.9
1330590 1009.9
1330600 1012.5
1330610 1015.0
1330620 1015.0
1330630 1016.9
1330640 1019.4
1330650 1019.4
1330660 1021.0
1330670 1025.9
1330680 1025.9
1330690 1032.5
1330700 1037.9
1330710 1045.3
1330720 1045.3
1330730 1051.9
1330740 1060.7
1330750 1060.7
1330760 1069.3
1330770 1074.2
1330780 1074.2
1330790 1077.9
1330800 1081.5
1330810 1081.5
1330820 1084.4
1330830 1086.9
1330840 1086.9
1330850 1089.2
1330860 1091.0
1330870 1091.0
1330880 1091.8
1330890 1092.4
1330900 1092.4
1330910 1094.0
1330920 1096.0
1330930 1097.8
1330940 1097.8
1330950 1098.4
1330960 1099.4
1330970 1092.2
1330980 1094.2
1330990 1098.7
1331000 1098.7
1331010 1104.8
1331020 1111.8
1331030 1111.8
1331040 1119.3
1331050 1127.2
1331060 1127.2
1331070 1134.7
1331080 1140.4
1331090 1140.4
1331100 1145.1
1331110 1152.1
1331120 1152.1
1331130 1161.1
1331140 1170.2
1331150 1170.2
1331160 1179.9
1331170 1189.0
1331180 1197.0
1331190 1197.0
1331200 1201.5
1331210 1202.9
1331220 1202.9
1331230 1200.4
1331240 1198.7
1331250 1198.7
1331260 1199.5
1331270 1201.4
1331280 1201.4
1331290 1203.7
1331300 1205.8
1331310 1205.8
1331320 1207.5
1331330 1209.5
1331340 1209.5
1331350 1212.3
1331360 1216.1
1331370 1216.1
1331380 1220.4
1331390 1224.0
1331400 1224.0
1331410 1226.9
1331420 1230.2
1331430 1233.7
1331440 1233.7
1331450 1236.5
1331460 1238.7
1331470 1238.7
1331480 1240.7
1331490 1243.7
1331500 1243.7
1331510 1245.8
1331520 1246.7
1331530 1246.7
1331540 1248.1
1331550 1249.5
1331560 1249.5
1331570 1251.2
1331580 1251.7
1331590 1251.7
1331600 1251.4
1331610 1250.4
1331620 1250.4
1331630 1249.1
1331640 1248.6
1331650 1248.6
1331660 1249.0
1331670 1249.1
1331680 1248.7
1331690 1248.7
1331700 1248.4
1331710 1248.0
1331720 1248.0
1331730 1247.8
1331740 1247.2
1331750 1247.2
1331760 1246.2
1331770 1245.1
1331780 1245.1
1331790 1243.6
1331800 1233.9
1331810 1233.9
1331820 1234.5
1331830 1237.0
1331840 1237.0
1331850 1239.9
1331860 1245.4
1331870 1245.4
1331880 1249.8
1331890 1251.5
1331900 1251.5
1331910 1250.9
1331920 1248.5
1331930 1245.2
1331940 1245.2
1331950 1243.2
1331960 1242.1
1331970 1242.1
1331980 1241.8
1331990 1240.8
1332000 1240.8
1332010 1238.4
1332020 1236.4
1332030 1236.4
1332040 1233.8
1332050 1231.6
1332060 1231.6
1332070 1230.5
1332080 1228.0
1332090 1228.0
1332100 1226.4
1332110 1225.1
1332120 1225.1
1332130 1223.1
1332140 1222.7
1332150 1222.7
1332160 1224.0
1332170 1225.1
1332180 1225.2
1332190 1225.2
1332200 1225.8
1332210 1227.2
1332220 1227.2
1332230 1229.2
1332240 1229.6
1332250 1229.6
1332260 1229.7
1332270 1230.1
1332280 1230.1
1332290 1230.3
1332300 1229.7
1332310 1229.7
1332320 1228.5
1332330 1227.3
1332340 1227.3
1332350 1226.2
1332360 1225.7
1332370 1225.7
1332380 1224.6
1332390 1223.4
1332400 1223.4
1332410 1221.7
1332420 1219.9
1332430 1218.5
1332440 1218.5
1332450 1217.2
1332460 1217.2
1332470 1217.2
1332480 1217.8
1332490 1217.1
1332500 1217.1
1332510 1217.1
1332520 1216.9
1332530 1216.9
1332540 1217.6
1332550 1220.3
1332560 1220.3
1332570 1222.9
1332580 1223.9
1332590 1223.9
1332600 1223.1
1332610 1216.2
1332620 1216.2
1332630 1207.3
1332640 1194.4
1332650 1194.4
1332660 1186.7
1332670 1179.2
1332680 1173.8
1332690 1173.8
1332700 1171.6
1332710 1172.1
1332720 1172.1
1332730 1172.4
1332740 1176.5
1332750 1176.5
1332760 1184.0
1332770 1192.8
1332780 1192.8
1332790 1200.1
1332800 1207.6
1332810 1207.6
1332820 1216.7
1332830 1224.0
1332840 1224.0
1332850 1228.2
1332860 1232.3
1332870 1232.3
1332880 1235.4
1332890 1240.6
1332900 1240.6
1332910 1246.1
1332920 1259.1
1332930 1273.7
1332940 1273.7
1332950 1284.5
1332960 1294.7
1332970 1294.7
1332980 1302.0
1332990 1305.0
1333000 1305.0
1333010 1312.5
1333020 1320.0
1333030 1320.0
1333040 1325.0
1333050 1329.1
1333060 1329.1
1333070 1333.1
1333080 1336.5
1333090 1336.5
1333100 1339.9
1333110 1343.4
1333120 1343.4
1333130 1347.0
1333140 1350.9
1333150 1355.0
1333160 1355.0
1333170 1359.8
1333180 1364.4
1333190 1364.4
1333200 1367.0
1333210 1371.2
1333220 1371.2
1333230 1375.3
1333240 1379.0
1333250 1379.0
1333260 1380.6
1333270 1380.0
1333280 1380.0
1333290 1379.0
1333300 1377.8
1333310 1377.8
1333320 1377.3
1333330 1376.4
1333340 1376.4
1333350 1373.8
1333360 1372.3
1333370 1372.3
1333380 1371.2
1333390 1370.7
1333400 1370.9
1333410 1370.9
1333420 1372.3
1333430 1374.8
1333440 1374.8
1333450 1377.2
1333460 1378.7
1333470 1378.7
1333480 1373.4
1333490 1374.5
1333500 1374.5
1333510 1375.3
1333520 1375.0
1333530 1375.0
1333540 1374.3
1333550 1373.2
1333560 1373.2
1333570 1371.4
1333580 1369.4
1333590 1369.4
1333600 1369.0
1333610 1368.7
1333620 1368.7
1333630 1368.0
1333640 1366.9
1333650 1365.9
1333660 1365.9
1333670 1364.7
1333680 1363.5
1333690 1363.5
1333700 1362.8
1333710 1362.1
1333720 1362.1
1333730 1361.1
1333740 1359.9
1333750 1359.9
1333760 1358.8
1333770 1358.1
1333780 1358.1
1333790 1357.2
1333800 1356.1
1333810 1356.1
1333820 1354.8
1333830 1354.2
1333840 1354.2
1333850 1354.8
1333860 1354.0
1333870 1354.0
1333880 1352.9
1333890 1351.6
1333900 1350.1
1333910 1350.1
1333920 1349.0
1333930 1347.9
1333940 1347.9
1333950 1347.0
1333960 1346.1
1333970 1346.1
1333980 1343.7
1333990 1337.3
1334000 1337.3
1334010 1337.0
1334020 1341.9
1334030 1341.9
1334040 1342.2
1334050 1341.2
1334060 1341.2
1334070 1340.6
1334080 1339.9
1334090 1339.9
1334100 1339.3
1334110 1338.8
1334120 1338.8
1334130 1338.6
1334140 1338.2
1334150 1337.9
1334160 1337.9
1334170 1337.5
1334180 1337.0
1334190 1337.0
1334200 1336.0
1334210 1335.6
1334220 1335.6
1334230 1335.1
1334240 1334.2
1334250 1334.2
1334260 1333.5
1334270 1333.7
1334280 1333.7
1334290 1334.9
1334300 1336.6
1334310 1336.6
1334320 1331.4
1334330 1332.4
1334340 1332.4
1334350 1333.2
1334360 1333.9
1334370 1333.9
1334380 1333.6
1334390 1336.4
1334400 1340.3
1334410 1340.3
1334420 1345.1
1334430 1347.2
1334440 1347.2
1334450 1348.9
1334460 1351.0
1334470 1351.0
1334480 1350.2
1334490 1347.2
1334500 1347.2
1334510 1344.2
1334520 1345.8
1334530 1345.8
1334540 1346.3
1334550 1344.6
1334560 1344.6
1334570 1343.5
1334580 1342.4
1334590 1342.4
1334600 1341.5
1334610 1340.7
1334620 1340.7
1334630 1339.3
1334640 1338.6
1334650 1338.4
1334660 1338.4
1334670 1336.7
1334680 1333.6
1334690 1333.6
1334700 1330.5
1334710 1327.8
1334720 1327.8
1334730 1323.8
1334740 1318.1
1334750 1318.1
1334760 1313.9
1334770 1310.6
1334780 1310.6
1334790 1307.7
1334800 1306.6
1334810 1306.6
1334820 1305.0
1334830 1306.1
1334840 1306.1
1334850 1309.0
1334860 1310.0
1334870 1310.0
1334880 1308.9
1334890 1306.9
1334900 1306.7
1334910 1306.7
1334920 1307.0
1334930 1306.0
1334940 1306.0
1334950 1305.2
1334960 1305.8
1334970 1305.8
1334980 1307.4
1334990 1306.1
1335000 1306.1
1335010 1305.8
1335020 1308.2
1335030 1308.2
1335040 1307.3
1335050 1304.1
1335060 1304.1
1335070 1300.5
1335080 1296.9
1335090 1296.9
1335100 1294.4
1335110 1291.1
1335120 1288.0
1335130 1288.0
1335140 1284.9
1335150 1282.2
1335160 1282.2
1335170 1277.7
1335180 1283.8
1335190 1283.8
1335200 1290.1
1335210 1294.5
1335220 1294.5
1335230 1295.4
1335240 1295.2
1335250 1295.2
1335260 1294.3
1335270 1293.2
1335280 1293.2
1335290 1292.0
1335300 1290.8
1335310 1290.8
1335320 1289.4
1335330 1286.9
1335340 1286.9
1335350 1284.3
1335360 1280.5
1335370 1276.0
1335380 1276.0
1335390 1273.6
1335400 1273.8
1335410 1273.8
1335420 1274.3
1335430 1273.3
1335440 1273.3
1335450 1271.5
1335460 1269.7
1335470 1269.7
1335480 1267.3
1335490 1264.5
1335500 1264.5
1335510 1262.4
1335520 1259.1
1335530 1259.1
1335540 1255.5
1335550 1251.7
1335560 1251.7
1335570 1247.9
1335580 1243.9
1335590 1243.9
1335600 1239.7
1335610 1235.7
1335620 1233.9
1335630 1233.9
1335640 1232.7
1335650 1231.1
1335660 1231.1
1335670 1230.5
1335680 1230.1
1335690 1230.1
1335700 1229.6
1335710 1229.0
1335720 1229.0
1335730 1228.1
1335740 1227.0
1335750 1227.0
1335760 1225.7
1335770 1224.3
1335780 1224.3
1335790 1222.9
1335800 1221.4
1335810 1221.4
1335820 1219.8
1335830 1218.3
1335840 1218.3
1335850 1217.1
1335860 1216.7
1335870 1216.9
1335880 1216.9
1335890 1217.0
1335900 1216.4
1335910 1216.4
1335920 1215.3
1335930 1214.1
1335940 1214.1
1335950 1213.1
1335960 1212.2
1335970 1212.2
1335980 1211.7
1335990 1211.6
1336000 1211.6
1336010 1212.6
1336020 1214.3
1336030 1207.0
1336040 1209.7
1336050 1212.6
1336060 1212.6
1336070 1215.5
1336080 1216.9
1336090 1216.9
1336100 1217.3
1336110 1218.6
1336120 1219.6
1336130 1219.6
1336140 1219.5
1336150 1220.2
1336160 1220.2
1336170 1221.0
1336180 1221.7
1336190 1221.7
1336200 1222.6
1336210 1222.9
1336220 1222.9
1336230 1222.7
1336240 1222.6
1336250 1222.6
1336260 1222.4
1336270 1220.5
1336280 1220.5
1336290 1219.6
1336300 1221.3
1336310 1221.3
1336320 1222.5
1336330 1223.2
1336340 1223.2
1336350 1222.1
1336360 1220.9
1336370 1220.2
1336380 1220.2
1336390 1219.7
1336400 1216.6
1336410 1216.6
1336420 1209.9
1336430 1205.2
1336440 1205.2
1336450 1203.7
1336460 1204.5
1336470 1204.5
1336480 1205.2
1336490 1203.8
1336500 1203.8
1336510 1202.6
1336520 1203.0
1336530 1203.0
1336540 1205.7
1336550 1211.1
1336560 1211.1
1336570 1217.3
1336580 1220.4
1336590 1220.4
1336600 1222.5
1336610 1224.3
1336620 1225.4
1336630 1225.4
1336640 1228.2
1336650 1231.3
1336660 1231.3
1336670 1235.0
1336680 1239.1
1336690 1239.1
1336700 1243.1
1336710 1245.7
1336720 1245.7
1336730 1247.1
1336740 1248.5
1336750 1248.5
1336760 1250.0
1336770 1252.9
1336780 1252.9
1336790 1255.0
1336800 1256.6
1336810 1256.6
1336820 1258.3
1336830 1259.8
1336840 1259.8
1336850 1261.0
1336860 1262.3
1336870 1263.7
1336880 1266.0
1336890 1268.2
1336900 1270.8
1336910 1270.8
1336920 1273.1
1336930 1275.4
1336940 1275.4
1336950 1278.0
1336960 1280.2
1336970 1280.2
1336980 1282.3
1336990 1285.7
1337000 1285.7
1337010 1290.4
1337020 1295.8
1337030 1295.8
1337040 1301.0
1337050 1305.3
1337060 1305.3
1337070 1308.8
1337080 1311.6
1337090 1311.6
1337100 1314.9
1337110 1319.7
1337120 1324.5
1337130 1324.5
1337140 1328.2
1337150 1331.2
1337160 1331.2
1337170 1333.5
1337180 1336.1
1337190 1336.1
1337200 1338.4
1337210 1340.4
1337220 1340.4
1337230 1341.8
1337240 1342.6
1337250 1342.6
1337260 1345.5
1337270 1346.8
1337280 1346.8
1337290 1347.0
1337300 1346.9
1337310 1346.9
1337320 1346.7
1337330 1348.5
1337340 1351.6
1337350 1351.6
1337360 1353.8
1337370 1356.7
1337380 1356.7
1337390 1359.8
1337400 1363.5
1337410 1363.5
1337420 1367.9
1337430 1371.3
1337440 1371.3
1337450 1374.2
1337460 1376.4
1337470 1376.4
1337480 1377.6
1337490 1379.0
1337500 1379.0
1337510 1382.3
1337520 1385.7
1337530 1385.7
1337540 1388.1
1337550 1390.8
1337560 1390.8
1337570 1393.9
1337580 1398.1
1337590 1401.6
1337600 1401.6
1337610 1407.7
1337620 1414.0
1337630 1414.0
1337640 1419.2
1337650 1423.9
1337660 1423.9
1337670 1427.2
1337680 1430.3
1337690 1430.3
1337700 1433.9
1337710 1437.8
1337720 1437.8
1337730 1441.1
1337740 1443.6
1337750 1448.2
1337760 1451.3
1337770 1452.8
1337780 1452.8
1337790 1453.9
1337800 1455.2
1337810 1455.2
1337820 1457.2
1337830 1460.3
1337840 1463.3
1337850 1463.3
1337860 1466.0
1337870 1467.9
1337880 1467.9
1337890 1469.4
1337900 1470.7
1337910 1470.7
1337920 1472.7
1337930 1475.1
1337940 1475.1
1337950 1476.5
1337960 1477.6
1337970 1477.6
1337980 1477.9
1337990 1478.5
1338000 1478.5
1338010 1479.9
1338020 1481.1
1338030 1481.1
1338040 1484.6
1338050 1487.5
1338060 1487.5
1338070 1489.9
1338080 1492.3
1338090 1492.7
1338100 1492.7
1338110 1492.6
1338120 1493.3
1338130 1493.3
1338140 1493.9
1338150 1495.0
1338160 1495.0
1338170 1496.2
1338180 1497.0
1338190 1497.0
1338200 1497.9
1338210 1500.3
1338220 1500.3
1338230 1503.8
1338240 1505.3
1338250 1505.3
1338260 1507.4
1338270 1509.1
1338280 1509.1
1338290 1509.8
1338300 1510.2
1338310 1510.2
1338320 1510.3
1338330 1510.5
1338340 1511.2
1338350 1511.2
1338360 1512.8
1338370 1514.3
1338380 1514.3
1338390 1514.1
1338400 1512.7
1338410 1512.7
1338420 1514.4
1338430 1514.6
1338440 1514.6
1338450 1515.5
1338460 1516.6
1338470 1516.6
1338480 1517.7
1338490 1519.4
1338500 1519.4
1338510 1522.2
1338520 1524.5
1338530 1524.5
1338540 1525.1
1338550 1525.2
1338560 1525.2
1338570 1524.2
1338580 1520.7
1338590 1524.5
1338600 1524.5
1338610 1527.6
1338620 1532.7
1338630 1532.7
1338640 1533.9
1338650 1532.3
1338660 1532.3
1338670 1525.7
1338680 1520.7
1338690 1520.7
1338700 1516.4
1338710 1512.4
1338720 1512.4
1338730 1508.2
1338740 1502.0
1338750 1502.0
1338760 1496.2
1338770 1490.8
1338780 1490.8
1338790 1492.3
1338800 1502.1
1338810 1502.1
1338820 1511.0
1338830 1517.9
1338840 1523.6
1338850 1523.6
1338860 1531.4
1338870 1539.9
1338880 1539.9
1338890 1546.7
1338900 1551.1
1338910 1551.1
1338920 1553.7
1338930 1556.1
1338940 1556.1
1338950 1558.5
1338960 1560.3
1338970 1560.3
1338980 1561.5
1338990 1562.7
1339000 1562.7
1339010 1564.8
1339020 1567.4
1339030 1567.4
1339040 1568.8
1339050 1566.9
1339060 1566.9
1339070 1565.9
1339080 1566.1
1339090 1566.8
1339100 1566.8
1339110 1568.1
1339120 1569.9
1339130 1569.9
1339140 1571.9
1339150 1575.1
1339160 1575.1
1339170 1577.5
1339180 1578.7
1339190 1578.7
1339200 1578.8
1339210 1580.2
1339220 1580.2
1339230 1582.3
1339240 1583.4
1339250 1583.4
1339260 1583.4
1339270 1585.5
1339280 1585.5
1339290 1588.2
1339300 1589.7
1339310 1590.8
1339320 1590.8
1339330 1592.4
1339340 1595.1
1339350 1595.1
1339360 1597.9
1339370 1601.5
1339380 1601.5
1339390 1605.1
1339400 1606.7
1339410 1606.7
1339420 1608.6
1339430 1611.9
1339440 1611.9
1339450 1614.8
1339460 1617.9
1339470 1617.9
1339480 1620.5
1339490 1624.7
1339500 1624.7
1339510 1626.5
1339520 1628.7
1339530 1628.7
1339540 1631.7
1339550 1635.1
1339560 1637.6
1339570 1637.6
1339580 1640.0
1339590 1642.4
1339600 1642.4
1339610 1644.1
1339620 1644.8
1339630 1644.8
1339640 1645.4
1339650 1646.8
1339660 1646.8
1339670 1649.0
1339680 1649.6
1339690 1649.6
1339700 1650.0
1339710 1650.8
1339720 1650.8
1339730 1651.6
1339740 1653.8
1339750 1653.8
1339760 1656.0
1339770 1656.8
1339780 1656.8
1339790 1658.7
1339800 1660.6
1339810 1663.1
1339820 1663.1
1339830 1666.3
1339840 1669.8
1339850 1669.8
1339860 1673.3
1339870 1677.7
1339880 1677.7
1339890 1681.2
1339900 1685.2
1339910 1685.2
1339920 1687.6
1339930 1689.8
1339940 1689.8
1339950 1692.1
1339960 1690.3
1339970 1690.3
1339980 1687.9
1339990 1687.5
