1320000 712.6
1320010 712.6
1320020 707.5
1320030 702.3
1320040 702.3
1320050 696.4
1320060 691.0
1320070 691.0
1320080 685.4
1320090 679.3
1320100 679.3
1320110 672.7
1320120 666.9
1320130 666.9
1320140 659.2
1320150 653.1
1320160 653.1
1320170 648.0
1320180 644.4
1320190 641.0
1320200 641.0
1320210 638.0
1320220 635.7
1320230 635.7
1320240 633.2
1320250 632.0
1320260 632.0
1320270 631.6
1320280 631.6
1320290 631.6
1320300 631.7
1320310 631.8
1320320 631.8
1320330 632.1
1320340 632.2
1320350 632.2
1320360 632.0
1320370 632.0
1320380 632.0
1320390 631.9
1320400 630.7
1320410 630.7
1320420 629.3
1320430 627.9
1320440 626.7
1320450 626.7
1320460 625.4
1320470 624.1
1320480 624.1
1320490 623.3
1320500 622.5
1320510 622.5
1320520 621.6
1320530 620.4
1320540 620.4
1320550 619.2
1320560 618.1
1320570 617.2
1320580 616.3
1320590 615.2
1320600 615.2
1320610 614.2
1320620 613.2
1320630 613.2
1320640 612.1
1320650 610.9
1320660 610.9
1320670 609.8
1320680 608.7
1320690 607.8
1320700 607.8
1320710 606.9
1320720 606.0
1320730 606.0
1320740 605.0
1320750 604.0
1320760 604.0
1320770 603.1
1320780 602.1
1320790 602.1
1320800 601.2
1320810 600.4
1320820 600.4
1320830 599.4
1320840 598.5
1320850 598.5
1320860 597.5
1320870 596.7
1320880 596.7
1320890 595.9
1320900 595.1
1320910 595.1
1320920 594.3
1320930 593.4
1320940 592.6
1320950 592.6
1320960 591.9
1320970 591.1
1320980 591.1
1320990 590.2
1321000 589.3
1321010 589.3
1321020 588.8
1321030 588.2
1321040 588.2
1321050 585.4
1321060 582.0
1321070 582.0
1321080 581.4
1321090 581.4
1321100 581.4
1321110 581.6
1321120 581.9
1321130 581.9
1321140 581.4
1321150 581.4
1321160 581.4
1321170 581.5
1321180 581.5
1321190 581.6
1321200 581.6
1321210 581.7
1321220 581.8
1321230 581.8
1321240 581.8
1321250 581.7
1321260 581.7
1321270 581.6
1321280 581.6
1321290 581.6
1321300 580.0
1321310 577.9
1321320 577.9
1321330 577.7
1321340 578.3
1321350 578.9
1321360 580.7
1321370 581.6
1321380 581.6
1321390 581.6
1321400 581.4
1321410 581.4
1321420 580.9
1321430 580.8
1321440 580.7
1321450 580.7
1321460 580.7
1321470 580.6
1321480 580.6
1321490 580.6
1321500 580.7
1321510 580.7
1321520 580.6
1321530 580.5
1321540 580.5
1321550 580.5
1321560 580.5
1321570 580.5
1321580 580.5
1321590 580.4
1321600 580.4
1321610 580.3
1321620 580.4
1321630 580.4
1321640 580.5
1321650 580.5
1321660 580.5
1321670 579.9
1321680 579.8
1321690 579.7
1321700 579.7
1321710 579.8
1321720 579.7
1321730 579.7
1321740 580.0
1321750 580.3
1321760 580.3
1321770 580.3
1321780 580.1
1321790 580.1
1321800 580.0
1321810 579.9
1321820 579.9
1321830 579.9
1321840 580.0
1321850 580.0
1321860 580.1
1321870 580.4
1321880 580.4
1321890 580.5
1321900 580.1
1321910 580.1
1321920 581.6
1321930 587.2
1321940 592.3
1321950 592.3
1321960 597.6
1321970 602.5
1321980 602.5
1321990 607.2
1322000 612.0
1322010 612.0
1322020 616.9
1322030 621.2
1322040 621.2
1322050 625.8
1322060 629.5
1322070 629.5
1322080 633.2
1322090 636.3
1322100 636.3
1322110 638.9
1322120 641.4
1322130 640.4
1322140 642.3
1322150 644.7
1322160 644.7
1322170 646.3
1322180 648.1
1322190 649.1
1322200 649.1
1322210 650.2
1322220 651.4
1322230 651.4
1322240 652.7
1322250 654.1
1322260 654.1
1322270 655.6
1322280 657.2
1322290 657.2
1322300 659.1
1322310 661.3
1322320 661.3
1322330 664.2
1322340 668.0
1322350 668.0
1322360 671.8
1322370 674.8
1322380 674.8
1322390 678.7
1322400 683.1
1322410 683.1
1322420 686.2
1322430 689.9
1322440 693.5
1322450 693.5
1322460 698.3
1322470 703.7
1322480 703.7
1322490 709.0
1322500 714.3
1322510 714.3
1322520 719.0
1322530 724.2
1322540 724.2
1322550 730.4
1322560 736.1
1322570 736.1
1322580 741.8
1322590 747.1
1322600 747.1
1322610 751.5
1322620 755.8
1322630 755.8
1322640 759.8
1322650 763.0
1322660 763.0
1322670 765.9
1322680 769.8
1322690 775.2
1322700 775.2
1322710 782.6
1322720 792.3
1322730 792.3
1322740 799.8
1322750 805.7
1322760 805.7
1322770 812.3
1322780 818.8
1322790 818.8
1322800 823.8
1322810 827.3
1322820 827.3
1322830 830.7
1322840 834.5
1322850 834.5
1322860 838.0
1322870 841.2
1322880 841.2
1322890 845.7
1322900 850.1
1322910 852.4
1322920 854.9
1322930 856.7
1322940 858.1
1322950 858.1
1322960 859.6
1322970 861.6
1322980 861.6
1322990 864.9
1323000 869.0
1323010 869.0
1323020 870.6
1323030 870.3
1323040 870.3
1323050 869.4
1323060 869.3
1323070 869.3
1323080 869.7
1323090 870.6
1323100 870.6
1323110 871.5
1323120 872.1
1323130 872.1
1323140 872.7
1323150 873.8
1323160 873.8
1323170 875.0
1323180 875.8
1323190 876.1
1323200 876.1
1323210 876.3
1323220 876.6
1323230 876.6
1323240 876.8
1323250 877.0
1323260 877.0
1323270 877.3
1323280 877.7
1323290 877.7
1323300 878.4
1323310 879.1
1323320 879.1
1323330 879.6
1323340 880.3
1323350 880.3
1323360 880.2
1323370 879.1
1323380 879.1
1323390 877.9
1323400 877.0
1323410 877.0
1323420 876.6
1323430 876.9
1323440 876.8
1323450 876.8
1323460 875.9
1323470 874.7
1323480 874.7
1323490 873.7
1323500 873.3
1323510 873.3
1323520 873.8
1323530 874.7
1323540 874.7
1323550 875.2
1323560 875.4
1323570 875.4
1323580 876.1
1323590 876.3
1323600 876.3
1323610 876.3
1323620 876.4
1323630 876.4
1323640 876.6
1323650 876.9
1323660 876.9
1323670 877.7
1323680 878.1
1323690 878.0
1323700 882.2
1323710 882.5
1323720 882.8
1323730 882.8
1323740 882.2
1323750 882.4
1323760 882.4
1323770 882.4
1323780 881.7
1323790 881.7
1323800 881.5
1323810 881.3
1323820 881.3
1323830 881.4
1323840 881.6
1323850 881.6
1323860 881.3
1323870 881.4
1323880 881.4
1323890 880.3
1323900 879.4
1323910 879.4
1323920 880.1
1323930 880.1
1323940 879.8
1323950 879.8
1323960 879.1
1323970 880.3
1323980 880.3
1323990 880.6
1324000 881.4
1324010 881.4
1324020 878.6
1324030 876.2
1324040 876.2
1324050 875.3
1324060 875.2
1324070 875.2
1324080 875.3
1324090 876.0
1324100 876.0
1324110 876.9
1324120 877.8
1324130 877.8
1324140 878.9
1324150 880.0
1324160 880.0
1324170 881.1
1324180 882.1
1324190 883.0
1324200 883.0
1324210 883.9
1324220 884.6
1324230 884.6
1324240 885.3
1324250 885.8
1324260 885.8
1324270 886.0
1324280 885.9
1324290 885.9
1324300 885.8
1324310 885.4
1324320 885.4
1324330 885.2
1324340 885.2
1324350 885.2
1324360 885.6
1324370 886.1
1324380 886.1
1324390 886.6
1324400 887.4
1324410 888.9
1324420 888.9
1324430 890.6
1324440 892.0
1324450 892.0
1324460 893.1
1324470 893.7
1324480 893.7
1324490 895.9
1324500 896.4
1324510 896.4
1324520 897.2
1324530 897.2
1324540 897.2
1324550 896.8
1324560 896.9
1324570 896.9
1324580 897.7
1324590 898.6
1324600 898.6
1324610 900.0
1324620 901.4
1324630 901.4
1324640 902.1
1324650 902.4
1324660 902.6
1324670 902.6
1324680 903.1
1324690 903.8
1324700 903.8
1324710 903.9
1324720 903.6
1324730 903.6
1324740 902.9
1324750 901.1
1324760 901.1
1324770 899.3
1324780 897.6
1324790 897.6
1324800 896.2
1324810 895.2
1324820 895.2
1324830 894.4
1324840 893.6
1324850 893.6
1324860 893.3
1324870 893.9
1324880 893.9
1324890 894.7
1324900 895.1
1324910 894.9
1324920 894.9
1324930 894.9
1324940 895.5
1324950 895.5
1324960 895.8
1324970 895.4
1324980 895.4
1324990 895.2
1325000 895.4
1325010 895.4
1325020 895.9
1325030 896.3
1325040 896.3
1325050 896.8
1325060 897.2
1325070 897.2
1325080 896.6
1325090 894.6
1325100 894.6
1325110 892.8
1325120 891.1
1325130 891.1
1325140 889.7
1325150 889.0
1325160 887.0
1325170 887.0
1325180 882.7
1325190 877.2
1325200 877.2
1325210 872.5
1325220 868.0
1325230 868.0
1325240 863.5
1325250 858.9
1325260 858.9
1325270 854.2
1325280 849.7
1325290 845.7
1325300 841.9
1325310 838.0
1325320 838.0
1325330 835.0
1325340 832.8
1325350 832.8
1325360 831.3
1325370 829.7
1325380 829.7
1325390 828.9
1325400 829.9
1325410 830.3
1325420 830.3
1325430 830.3
1325440 830.3
1325450 830.3
1325460 830.3
1325470 829.8
1325480 829.8
1325490 824.6
1325500 817.0
1325510 817.0
1325520 809.4
1325530 805.1
1325540 805.1
1325550 802.6
1325560 797.7
1325570 797.7
1325580 793.4
1325590 795.6
1325600 795.6
1325610 798.8
1325620 807.9
1325630 807.9
1325640 811.0
1325650 811.6
1325660 813.1
1325670 813.1
1325680 814.6
1325690 816.4
1325700 816.4
1325710 815.4
1325720 814.0
1325730 814.0
1325740 811.4
1325750 811.9
1325760 811.9
1325770 814.1
1325780 815.4
1325790 815.4
1325800 816.6
1325810 817.9
1325820 817.9
1325830 819.8
1325840 820.3
1325850 820.3
1325860 820.4
1325870 819.8
1325880 819.8
1325890 818.5
1325900 815.2
1325910 811.1
1325920 811.1
1325930 805.9
1325940 798.8
1325950 798.8
1325960 790.7
1325970 783.4
1325980 783.4
1325990 777.2
1326000 771.4
1326010 771.4
1326020 766.2
1326030 762.0
1326040 762.0
1326050 757.7
1326060 752.9
1326070 752.9
1326080 747.9
1326090 753.3
1326100 753.3
1326110 752.1
1326120 747.4
1326130 747.4
1326140 743.6
1326150 742.9
1326160 742.0
1326170 742.0
1326180 741.0
1326190 742.8
1326200 742.8
1326210 743.7
1326220 738.7
1326230 738.7
1326240 732.4
1326250 730.5
1326260 730.5
1326270 730.3
1326280 730.6
1326290 730.6
1326300 733.0
1326310 739.0
1326320 739.0
1326330 745.4
1326340 748.0
1326350 748.0
1326360 753.5
1326370 760.9
1326380 760.9
1326390 767.2
1326400 770.4
1326410 772.7
1326420 772.7
1326430 777.9
1326440 786.3
1326450 786.3
1326460 796.4
1326470 805.4
1326480 805.4
1326490 812.7
1326500 818.1
1326510 818.1
1326520 823.8
1326530 830.1
1326540 830.1
1326550 833.6
1326560 836.7
1326570 836.7
1326580 841.0
1326590 845.8
1326600 845.8
1326610 849.8
1326620 852.8
1326630 852.8
1326640 852.1
1326650 848.2
1326660 843.2
1326670 843.2
1326680 840.9
1326690 842.5
1326700 842.5
1326710 846.9
1326720 851.0
1326730 851.0
1326740 855.3
1326750 855.6
1326760 855.6
1326770 853.0
1326780 854.9
1326790 854.9
1326800 861.2
1326810 868.1
1326820 868.1
1326830 873.7
1326840 877.1
1326850 877.1
1326860 880.9
1326870 886.3
1326880 886.3
1326890 890.6
1326900 886.2
1326910 887.5
1326920 887.5
1326930 882.6
1326940 876.0
1326950 876.0
1326960 869.7
1326970 864.4
1326980 864.4
1326990 859.1
1327000 853.6
1327010 853.6
1327020 845.5
1327030 839.2
1327040 839.2
1327050 843.9
1327060 847.8
1327070 847.8
1327080 848.6
1327090 848.6
1327100 848.6
1327110 847.8
1327120 846.8
1327130 846.8
1327140 845.8
1327150 848.9
1327160 852.0
1327170 852.0
1327180 854.4
1327190 858.0
1327200 858.0
1327210 860.3
1327220 863.8
1327230 863.8
1327240 866.7
1327250 869.9
1327260 869.9
1327270 874.4
1327280 879.0
1327290 879.0
1327300 882.0
1327310 887.3
1327320 887.3
1327330 895.2
1327340 902.7
1327350 902.7
1327360 909.2
1327370 915.3
1327380 915.3
1327390 920.4
1327400 924.7
1327410 932.0
1327420 932.0
1327430 939.3
1327440 945.3
1327450 945.3
1327460 950.6
1327470 955.6
1327480 955.6
1327490 960.1
1327500 962.6
1327510 962.6
1327520 964.7
1327530 966.6
1327540 966.6
1327550 968.0
1327560 968.3
1327570 968.3
1327580 968.4
1327590 970.1
1327600 970.1
1327610 972.7
1327620 975.3
1327630 975.3
1327640 975.6
1327650 978.5
1327660 982.3
1327670 982.3
1327680 979.4
1327690 977.3
1327700 969.1
1327710 969.4
1327720 973.4
1327730 973.4
1327740 979.9
1327750 988.0
1327760 988.0
1327770 995.2
1327780 997.4
1327790 997.4
1327800 999.6
1327810 1001.1
1327820 1001.1
1327830 1005.4
1327840 1009.8
1327850 1009.8
1327860 1014.6
1327870 1017.9
1327880 1017.9
1327890 1018.8
1327900 1019.0
1327910 1018.3
1327920 1018.3
1327930 1017.4
1327940 1018.8
1327950 1018.8
1327960 1021.0
1327970 1024.0
1327980 1024.0
1327990 1028.0
1328000 1032.5
1328010 1032.5
1328020 1037.2
1328030 1041.7
1328040 1041.7
1328050 1046.0
1328060 1050.4
1328070 1050.4
1328080 1053.6
1328090 1054.1
1328100 1054.1
1328110 1052.8
1328120 1054.0
1328130 1054.0
1328140 1055.3
1328150 1054.9
1328160 1051.5
1328170 1051.5
1328180 1051.3
1328190 1052.2
1328200 1052.2
1328210 1052.5
1328220 1052.8
1328230 1052.8
1328240 1055.5
1328250 1059.9
1328260 1059.9
1328270 1063.0
1328280 1064.3
1328290 1064.3
1328300 1065.0
1328310 1065.0
1328320 1065.0
1328330 1063.6
1328340 1062.6
1328350 1062.6
1328360 1063.7
1328370 1063.8
1328380 1063.8
1328390 1065.4
1328400 1071.5
1328410 1078.2
1328420 1078.2
1328430 1082.9
1328440 1086.6
1328450 1086.6
1328460 1089.9
1328470 1093.1
1328480 1093.1
1328490 1098.0
1328500 1104.7
1328510 1104.7
1328520 1112.5
1328530 1121.0
1328540 1121.0
1328550 1128.2
1328560 1134.9
1328570 1134.9
1328580 1141.5
1328590 1143.4
1328600 1143.4
1328610 1143.4
1328620 1143.4
1328630 1142.8
1328640 1142.8
1328650 1142.7
1328660 1143.4
1328670 1143.4
1328680 1144.6
1328690 1145.3
1328700 1145.3
1328710 1145.8
1328720 1146.5
1328730 1146.5
1328740 1148.1
1328750 1150.4
1328760 1150.4
1328770 1152.9
1328780 1154.3
1328790 1154.3
1328800 1153.2
1328810 1152.0
1328820 1152.0
1328830 1150.8
1328840 1149.8
1328850 1149.8
1328860 1149.6
1328870 1149.9
1328880 1149.8
1328890 1149.8
1328900 1149.3
1328910 1148.9
1328920 1148.9
1328930 1148.7
1328940 1148.6
1328950 1148.6
1328960 1148.9
1328970 1148.5
1328980 1148.5
1328990 1147.3
1329000 1146.2
1329010 1146.2
1329020 1145.0
1329030 1143.6
1329040 1143.6
1329050 1141.6
1329060 1139.0
1329070 1139.0
1329080 1137.2
1329090 1136.1
1329100 1136.1
1329110 1135.3
1329120 1134.2
1329130 1133.5
1329140 1133.5
1329150 1132.6
1329160 1131.7
1329170 1131.7
1329180 1131.1
1329190 1130.4
1329200 1130.4
1329210 1129.4
1329220 1128.5
1329230 1128.5
1329240 1124.1
1329250 1116.5
1329260 1116.5
1329270 1109.5
1329280 1100.5
1329290 1100.5
1329300 1092.9
1329310 1086.2
1329320 1086.2
1329330 1083.3
1329340 1083.2
1329350 1083.2
1329360 1076.5
1329370 1072.1
1329380 1067.4
1329390 1067.4
1329400 1069.9
1329410 1079.1
1329420 1079.1
1329430 1087.8
1329440 1095.3
1329450 1095.3
1329460 1102.0
1329470 1109.3
1329480 1109.3
1329490 1117.3
1329500 1126.4
1329510 1126.4
1329520 1135.4
1329530 1144.7
1329540 1144.7
1329550 1153.3
1329560 1160.9
1329570 1160.9
1329580 1169.0
1329590 1176.3
1329600 1176.3
1329610 1180.4
1329620 1182.2
1329630 1184.2
1329640 1184.2
1329650 1186.5
1329660 1189.1
1329670 1189.1
1329680 1191.8
1329690 1195.0
1329700 1195.0
1329710 1198.1
1329720 1201.2
1329730 1201.2
1329740 1203.9
1329750 1204.9
1329760 1204.9
1329770 1200.6
1329780 1196.1
1329790 1196.1
1329800 1189.8
1329810 1183.4
1329820 1183.4
1329830 1182.8
1329840 1184.1
1329850 1184.1
1329860 1185.1
1329870 1178.2
1329880 1173.4
1329890 1173.4
1329900 1171.3
1329910 1173.9
1329920 1173.9
1329930 1185.3
1329940 1196.5
1329950 1196.5
1329960 1208.1
1329970 1217.2
1329980 1217.2
1329990 1223.9
1330000 1230.6
1330010 1230.6
1330020 1237.8
1330030 1244.6
1330040 1244.6
1330050 1247.2
1330060 1249.6
1330070 1249.6
1330080 1256.6
1330090 1264.2
1330100 1264.2
1330110 1270.8
1330120 1275.8
1330130 1279.4
1330140 1279.4
1330150 1276.3
1330160 1278.7
1330170 1278.7
1330180 1282.1
1330190 1285.8
1330200 1285.8
1330210 1287.9
1330220 1289.1
1330230 1289.1
1330240 1293.1
1330250 1299.1
1330260 1299.1
1330270 1303.2
1330280 1305.4
1330290 1305.4
1330300 1307.3
1330310 1310.1
1330320 1310.1
1330330 1314.2
1330340 1319.0
1330350 1319.0
1330360 1322.6
1330370 1325.1
1330380 1324.1
1330390 1324.1
1330400 1323.1
1330410 1325.2
1330420 1325.2
1330430 1327.5
1330440 1329.9
1330450 1329.9
1330460 1333.1
1330470 1337.4
1330480 1337.4
1330490 1346.2
1330500 1355.1
1330510 1355.1
1330520 1361.0
1330530 1364.8
1330540 1364.8
1330550 1368.5
1330560 1372.2
1330570 1372.2
1330580 1375.6
1330590 1379.0
1330600 1379.0
1330610 1382.7
1330620 1386.5
1330630 1390.1
1330640 1390.1
1330650 1393.4
1330660 1396.3
1330670 1396.3
1330680 1399.0
1330690 1401.6
1330700 1401.6
1330710 1404.5
1330720 1407.1
1330730 1407.1
1330740 1409.9
1330750 1412.3
1330760 1412.3
1330770 1414.4
1330780 1416.1
1330790 1416.1
1330800 1417.9
1330810 1419.8
1330820 1419.8
1330830 1421.9
1330840 1424.7
1330850 1424.7
1330860 1428.0
1330870 1430.5
1330880 1432.4
1330890 1432.4
1330900 1433.8
1330910 1434.5
1330920 1434.5
1330930 1434.7
1330940 1435.4
1330950 1435.4
1330960 1436.3
1330970 1437.8
1330980 1434.8
1330990 1436.5
1331000 1437.6
1331010 1437.6
1331020 1438.3
1331030 1439.0
1331040 1439.0
1331050 1440.1
1331060 1441.8
1331070 1441.8
1331080 1442.9
1331090 1443.3
1331100 1443.3
1331110 1445.1
1331120 1447.0
1331130 1448.6
1331140 1448.6
1331150 1450.4
1331160 1451.6
1331170 1451.6
1331180 1452.9
1331190 1454.9
1331200 1454.9
1331210 1457.0
1331220 1459.2
1331230 1459.2
1331240 1460.7
1331250 1461.2
1331260 1461.2
1331270 1461.4
1331280 1461.9
1331290 1461.9
1331300 1461.9
1331310 1462.0
1331320 1462.0
1331330 1461.7
1331340 1461.8
1331350 1461.8
1331360 1461.9
1331370 1461.4
1331380 1461.0
1331390 1461.0
1331400 1461.0
1331410 1460.7
1331420 1460.7
1331430 1460.1
1331440 1460.9
1331450 1460.9
1331460 1462.3
1331470 1462.8
1331480 1462.8
1331490 1463.2
1331500 1463.9
1331510 1463.9
1331520 1464.2
1331530 1463.8
1331540 1463.8
1331550 1463.2
1331560 1463.1
1331570 1463.1
1331580 1464.4
1331590 1466.0
1331600 1466.0
1331610 1468.0
1331620 1469.8
1331630 1471.7
1331640 1471.7
1331650 1473.2
1331660 1475.1
1331670 1475.1
1331680 1477.0
1331690 1477.9
1331700 1477.9
1331710 1478.5
1331720 1478.7
1331730 1478.7
1331740 1477.6
1331750 1475.0
1331760 1475.0
1331770 1471.2
1331780 1468.5
1331790 1468.5
1331800 1466.3
1331810 1457.3
1331820 1457.3
1331830 1453.8
1331840 1450.1
1331850 1450.1
1331860 1450.5
1331870 1448.7
1331880 1444.2
1331890 1444.2
1331900 1441.7
1331910 1436.7
1331920 1436.7
1331930 1432.1
1331940 1428.5
1331950 1428.5
1331960 1423.4
1331970 1418.9
1331980 1418.9
1331990 1414.8
1332000 1413.3
1332010 1413.3
1332020 1410.0
1332030 1407.6
1332040 1407.6
1332050 1410.9
1332060 1419.3
1332070 1419.3
1332080 1424.5
1332090 1428.3
1332100 1428.3
1332110 1432.4
1332120 1438.0
1332130 1444.0
1332140 1444.0
1332150 1449.5
1332160 1454.7
1332170 1454.7
1332180 1459.3
1332190 1467.3
1332200 1467.3
1332210 1474.2
1332220 1479.3
1332230 1479.3
1332240 1484.4
1332250 1489.7
1332260 1489.7
1332270 1494.4
1332280 1497.9
1332290 1497.9
1332300 1501.6
1332310 1505.1
1332320 1505.1
1332330 1508.6
1332340 1513.1
1332350 1513.1
1332360 1517.3
1332370 1521.4
1332380 1525.6
1332390 1525.6
1332400 1530.6
1332410 1536.0
1332420 1536.0
1332430 1541.7
1332440 1546.9
1332450 1546.9
1332460 1550.7
1332470 1554.4
1332480 1554.4
1332490 1558.9
1332500 1563.8
1332510 1563.8
1332520 1568.8
1332530 1573.7
1332540 1573.7
1332550 1578.6
1332560 1583.5
1332570 1583.5
1332580 1588.4
1332590 1592.4
1332600 1592.4
1332610 1595.7
1332620 1597.9
1332630 1600.8
1332640 1600.8
1332650 1601.4
1332660 1605.7
1332670 1605.7
1332680 1609.0
1332690 1612.1
1332700 1612.1
1332710 1614.7
1332720 1617.6
1332730 1617.6
1332740 1621.2
1332750 1624.6
1332760 1624.6
1332770 1628.6
1332780 1632.7
1332790 1632.7
1332800 1636.2
1332810 1638.8
1332820 1638.8
1332830 1642.8
1332840 1646.8
1332850 1646.8
1332860 1650.5
1332870 1653.9
1332880 1657.0
1332890 1657.0
1332900 1659.8
1332910 1662.7
1332920 1662.7
1332930 1665.5
1332940 1667.9
1332950 1667.9
1332960 1670.6
1332970 1673.7
1332980 1673.7
1332990 1676.9
1333000 1679.8
1333010 1679.8
1333020 1682.2
1333030 1684.3
1333040 1684.3
1333050 1685.7
1333060 1686.9
1333070 1686.9
1333080 1687.6
1333090 1687.7
1333100 1687.0
1333110 1687.0
1333120 1685.7
1333130 1683.7
1333140 1683.7
1333150 1682.4
1333160 1681.5
1333170 1681.5
1333180 1679.5
1333190 1678.5
1333200 1678.5
1333210 1677.7
1333220 1674.9
1333230 1674.9
1333240 1672.9
1333250 1670.7
1333260 1670.7
1333270 1665.8
1333280 1660.5
1333290 1660.5
1333300 1656.6
1333310 1655.7
1333320 1655.7
1333330 1656.6
1333340 1658.1
1333350 1659.6
1333360 1659.6
1333370 1661.6
1333380 1663.7
1333390 1663.7
1333400 1666.8
1333410 1669.2
1333420 1669.2
1333430 1671.9
1333440 1674.3
1333450 1674.3
1333460 1676.2
1333470 1677.6
1333480 1673.3
1333490 1676.6
1333500 1680.8
1333510 1680.8
1333520 1686.4
1333530 1694.1
1333540 1694.1
1333550 1703.8
1333560 1714.1
1333570 1714.1
1333580 1724.2
1333590 1731.9
1333600 1736.1
1333610 1736.1
1333620 1738.9
1333630 1744.1
1333640 1744.1
1333650 1751.5
1333660 1770.4
1333670 1770.4
1333680 1784.6
1333690 1790.1
1333700 1790.1
1333710 1794.3
1333720 1799.2
1333730 1799.2
1333740 1802.4
1333750 1803.8
1333760 1803.8
1333770 1805.9
1333780 1808.8
1333790 1808.8
1333800 1811.2
1333810 1813.7
1333820 1813.7
1333830 1815.8
1333840 1817.3
1333850 1817.9
1333860 1817.9
1333870 1820.0
1333880 1822.7
1333890 1822.7
1333900 1825.5
1333910 1829.6
1333920 1829.6
1333930 1834.0
1333940 1837.6
1333950 1837.6
1333960 1839.8
1333970 1841.7
1333980 1841.7
1333990 1842.6
1334000 1842.4
1334010 1842.4
1334020 1844.5
1334030 1847.2
1334040 1847.2
1334050 1846.8
1334060 1845.2
1334070 1845.2
1334080 1843.6
1334090 1843.6
1334100 1842.8
1334110 1842.8
1334120 1842.1
1334130 1841.1
1334140 1841.1
1334150 1840.3
1334160 1839.5
1334170 1839.5
1334180 1837.2
1334190 1835.3
1334200 1835.3
1334210 1833.0
1334220 1831.1
1334230 1831.1
1334240 1830.9
1334250 1829.9
1334260 1829.9
1334270 1828.6
1334280 1829.0
1334290 1829.0
1334300 1828.9
1334310 1827.9
1334320 1827.9
1334330 1824.7
1334340 1826.6
1334350 1828.4
1334360 1828.4
1334370 1828.8
1334380 1826.9
1334390 1826.9
1334400 1823.2
1334410 1819.3
1334420 1819.3
1334430 1817.5
1334440 1815.2
1334450 1815.2
1334460 1814.2
1334470 1812.3
1334480 1812.3
1334490 1810.4
1334500 1808.7
1334510 1808.7
1334520 1806.9
1334530 1805.4
1334540 1805.4
1334550 1802.7
1334560 1799.3
1334570 1799.3
1334580 1796.4
1334590 1795.3
1334600 1795.1
1334610 1795.1
1334620 1794.7
1334630 1792.6
1334640 1792.6
1334650 1788.6
1334660 1784.9
1334670 1784.9
1334680 1779.6
1334690 1774.8
1334700 1774.8
1334710 1771.8
1334720 1769.5
1334730 1769.5
1334740 1767.4
1334750 1765.9
1334760 1765.9
1334770 1764.7
1334780 1763.0
1334790 1763.0
1334800 1759.5
1334810 1756.1
1334820 1756.1
1334830 1753.1
1334840 1750.6
1334850 1748.7
1334860 1748.7
1334870 1746.1
1334880 1740.2
1334890 1740.2
1334900 1732.0
1334910 1726.7
1334920 1726.7
1334930 1719.7
1334940 1713.5
1334950 1713.5
1334960 1706.4
1334970 1699.4
1334980 1699.4
1334990 1693.8
1335000 1689.9
1335010 1689.9
1335020 1687.7
1335030 1685.4
1335040 1685.4
1335050 1684.1
1335060 1682.9
1335070 1682.9
1335080 1679.9
1335090 1678.8
1335100 1678.9
1335110 1678.9
1335120 1678.7
1335130 1678.3
1335140 1678.3
1335150 1679.6
1335160 1684.8
1335170 1684.8
1335180 1684.2
1335190 1687.8
1335200 1687.8
1335210 1689.5
1335220 1689.8
1335230 1689.8
1335240 1687.9
1335250 1685.2
1335260 1685.2
1335270 1681.8
1335280 1677.8
1335290 1677.8
1335300 1673.4
1335310 1669.8
1335320 1669.8
1335330 1666.4
1335340 1662.6
1335350 1658.2
1335360 1658.2
1335370 1653.6
1335380 1650.0
1335390 1650.0
1335400 1647.6
1335410 1646.1
1335420 1646.1
1335430 1644.2
1335440 1641.6
1335450 1641.6
1335460 1639.0
1335470 1636.0
1335480 1636.0
1335490 1632.8
1335500 1629.4
1335510 1629.4
1335520 1626.0
1335530 1622.6
1335540 1622.6
1335550 1620.0
1335560 1617.5
1335570 1617.5
1335580 1614.2
1335590 1610.9
1335600 1606.7
1335610 1606.7
1335620 1602.9
1335630 1599.3
1335640 1599.3
1335650 1597.1
1335660 1594.9
1335670 1594.9
1335680 1590.8
1335690 1586.5
1335700 1586.5
1335710 1581.9
1335720 1577.0
1335730 1577.0
1335740 1572.1
1335750 1567.7
1335760 1567.7
1335770 1562.4
1335780 1557.3
1335790 1557.3
1335800 1552.6
1335810 1548.1
1335820 1548.1
1335830 1542.9
1335840 1537.5
1335850 1532.7
1335860 1532.7
1335870 1528.6
1335880 1524.2
1335890 1524.2
1335900 1519.5
1335910 1515.6
1335920 1515.6
1335930 1509.9
1335940 1501.4
1335950 1501.4
1335960 1492.5
1335970 1486.7
1335980 1486.7
1335990 1480.2
1336000 1475.4
1336010 1475.4
1336020 1469.5
1336030 1458.8
1336040 1458.8
1336050 1451.2
1336060 1443.3
1336070 1443.3
1336080 1435.8
1336090 1426.8
1336100 1416.8
1336110 1416.8
1336120 1410.1
1336130 1402.8
1336140 1402.8
1336150 1398.6
1336160 1407.4
1336170 1407.4
1336180 1416.4
1336190 1422.6
1336200 1422.6
1336210 1428.3
1336220 1435.3
1336230 1435.3
1336240 1442.3
1336250 1447.0
1336260 1447.0
1336270 1451.1
1336280 1455.1
1336290 1455.1
1336300 1458.3
1336310 1461.1
1336320 1461.1
1336330 1463.1
1336340 1464.5
1336350 1467.1
1336360 1467.1
1336370 1469.8
1336380 1474.4
1336390 1474.4
1336400 1481.2
1336410 1488.2
1336420 1488.2
1336430 1495.4
1336440 1502.9
1336450 1502.9
1336460 1508.5
1336470 1508.5
1336480 1508.5
1336490 1505.4
1336500 1502.5
1336510 1502.5
1336520 1500.1
1336530 1498.5
1336540 1498.5
1336550 1494.6
1336560 1487.6
1336570 1487.6
1336580 1481.7
1336590 1480.4
1336600 1485.5
1336610 1485.5
1336620 1497.9
1336630 1507.0
1336640 1507.0
1336650 1509.6
1336660 1509.8
1336670 1509.8
1336680 1509.5
1336690 1508.9
1336700 1508.9
1336710 1507.2
1336720 1505.3
1336730 1505.3
1336740 1503.1
1336750 1500.7
1336760 1500.7
1336770 1498.4
1336780 1496.3
1336790 1496.3
1336800 1494.4
1336810 1492.6
1336820 1492.6
1336830 1490.5
1336840 1488.5
1336850 1486.7
1336860 1486.7
1336870 1485.2
1336880 1484.5
1336890 1479.4
1336900 1477.8
1336910 1476.4
1336920 1476.4
1336930 1475.0
1336940 1473.4
1336950 1473.4
1336960 1470.1
1336970 1467.5
1336980 1467.5
1336990 1467.2
1337000 1466.2
1337010 1466.2
1337020 1463.6
1337030 1460.7
1337040 1460.7
1337050 1457.5
1337060 1455.0
1337070 1453.3
1337080 1453.3
1337090 1451.4
1337100 1450.3
1337110 1450.3
1337120 1447.9
1337130 1446.7
1337140 1446.7
1337150 1447.1
1337160 1446.6
1337170 1446.6
1337180 1445.6
1337190 1443.5
1337200 1443.5
1337210 1440.4
1337220 1436.1
1337230 1436.1
1337240 1431.8
1337250 1427.6
1337260 1427.6
1337270 1424.3
1337280 1420.9
1337290 1420.9
1337300 1417.8
1337310 1413.8
1337320 1410.2
1337330 1410.2
1337340 1407.3
1337350 1404.0
1337360 1404.0
1337370 1403.5
1337380 1403.7
1337390 1403.7
1337400 1397.4
1337410 1390.5
1337420 1390.5
1337430 1385.6
1337440 1382.3
1337450 1382.3
1337460 1378.8
1337470 1374.8
1337480 1374.8
1337490 1371.8
1337500 1369.8
1337510 1369.8
1337520 1366.9
1337530 1363.9
1337540 1363.9
1337550 1361.0
1337560 1358.6
1337570 1356.3
1337580 1356.3
1337590 1354.1
1337600 1351.2
1337610 1351.2
1337620 1348.0
1337630 1344.3
1337640 1344.3
1337650 1340.5
1337660 1336.8
1337670 1336.8
1337680 1333.2
1337690 1330.0
1337700 1330.0
1337710 1327.1
1337720 1324.2
1337730 1324.2
1337740 1321.2
1337750 1317.5
1337760 1312.2
1337770 1308.9
1337780 1305.6
1337790 1305.6
1337800 1301.8
1337810 1297.8
1337820 1294.1
1337830 1294.1
1337840 1291.5
1337850 1290.7
1337860 1290.7
1337870 1290.5
1337880 1290.5
1337890 1290.5
1337900 1289.0
1337910 1290.2
1337920 1290.2
1337930 1292.7
1337940 1295.4
1337950 1295.4
1337960 1297.7
1337970 1298.3
1337980 1298.3
1337990 1295.0
1338000 1287.9
1338010 1287.9
1338020 1282.1
1338030 1278.2
1338040 1278.2
1338050 1275.4
1338060 1273.6
1338070 1274.2
1338080 1274.2
1338090 1277.7
1338100 1277.7
1338110 1277.7
1338120 1274.6
1338130 1271.0
1338140 1271.0
1338150 1266.9
1338160 1260.5
1338170 1260.5
1338180 1255.8
1338190 1252.2
1338200 1252.2
1338210 1250.8
1338220 1253.7
1338230 1253.7
1338240 1256.4
1338250 1256.8
1338260 1256.8
1338270 1255.4
1338280 1253.1
1338290 1253.1
1338300 1250.8
1338310 1247.7
1338320 1243.5
1338330 1243.5
1338340 1240.8
1338350 1238.9
1338360 1238.9
1338370 1237.1
1338380 1235.3
1338390 1235.3
1338400 1233.0
1338410 1231.9
1338420 1231.9
1338430 1231.1
1338440 1230.0
1338450 1230.0
1338460 1228.9
1338470 1228.4
1338480 1228.4
1338490 1228.4
1338500 1228.1
1338510 1228.1
1338520 1227.1
1338530 1226.5
1338540 1226.5
1338550 1226.7
1338560 1227.1
1338570 1227.4
1338580 1227.4
1338590 1228.7
1338600 1231.7
1338610 1231.7
1338620 1233.1
1338630 1236.4
1338640 1236.4
1338650 1236.9
1338660 1237.6
1338670 1237.6
1338680 1237.2
1338690 1237.0
1338700 1237.0
1338710 1240.9
1338720 1244.8
1338730 1244.8
1338740 1248.6
1338750 1251.0
1338760 1251.0
1338770 1252.2
1338780 1255.3
1338790 1255.3
1338800 1258.8
1338810 1261.8
1338820 1263.8
1338830 1263.8
1338840 1265.7
1338850 1267.0
1338860 1267.0
1338870 1268.5
1338880 1272.5
1338890 1272.5
1338900 1277.5
1338910 1282.7
1338920 1282.7
1338930 1287.6
1338940 1290.1
1338950 1290.1
1338960 1293.6
1338970 1297.6
1338980 1297.6
1338990 1303.2
1339000 1309.8
1339010 1309.8
1339020 1315.6
1339030 1321.4
1339040 1321.4
1339050 1327.3
1339060 1332.7
1339070 1336.1
1339080 1336.1
1339090 1339.0
1339100 1341.3
1339110 1341.3
1339120 1343.8
1339130 1346.4
1339140 1346.4
1339150 1348.2
1339160 1350.2
1339170 1350.2
1339180 1352.2
1339190 1350.4
1339200 1350.4
1339210 1348.1
1339220 1347.0
1339230 1347.0
1339240 1347.8
1339250 1350.8
1339260 1350.8
1339270 1354.2
1339280 1356.2
1339290 1356.2
1339300 1356.3
1339310 1355.8
1339320 1354.9
1339330 1354.9
1339340 1354.7
1339350 1355.2
1339360 1355.2
1339370 1354.9
1339380 1353.4
1339390 1353.4
1339400 1352.5
1339410 1354.1
1339420 1354.1
1339430 1356.0
1339440 1355.8
1339450 1355.8
1339460 1356.5
1339470 1358.0
1339480 1358.0
1339490 1360.7
1339500 1365.7
1339510 1365.7
1339520 1368.3
1339530 1372.1
1339540 1372.1
1339550 1376.3
1339560 1381.7
1339570 1385.1
1339580 1385.1
1339590 1387.1
1339600 1386.9
1339610 1386.9
1339620 1386.8
1339630 1391.9
1339640 1391.9
1339650 1398.6
1339660 1404.1
1339670 1404.1
1339680 1407.8
1339690 1409.9
1339700 1409.9
1339710 1411.1
1339720 1412.3
1339730 1412.3
1339740 1412.4
1339750 1413.4
1339760 1413.4
1339770 1413.8
1339780 1415.5
1339790 1415.5
1339800 1418.2
1339810 1421.7
1339820 1426.4
1339830 1426.4
1339840 1431.8
1339850 1435.9
1339860 1435.9
1339870 1438.8
1339880 1442.2
1339890 1442.2
1339900 1445.6
1339910 1448.4
1339920 1448.4
1339930 1453.2
1339940 1456.1
1339950 1456.1
1339960 1456.2
1339970 1457.2
1339980 1457.2
1339990 1458.8
