1320000 772.9
1320010 772.7
1320020 773.8
1320030 773.8
1320040 775.5
1320050 778.7
1320060 778.7
1320070 779.0
1320080 778.4
1320090 778.4
1320100 777.0
1320110 773.9
1320120 773.9
1320130 770.3
1320140 765.0
1320150 759.4
1320160 759.4
1320170 753.7
1320180 747.9
1320190 747.9
1320200 741.9
1320210 736.0
1320220 736.0
1320230 730.4
1320240 725.1
1320250 725.1
1320260 719.7
1320270 714.7
1320280 714.7
1320290 708.1
1320300 705.0
1320310 705.0
1320320 702.6
1320330 701.1
1320340 701.1
1320350 700.7
1320360 699.7
1320370 699.7
1320380 697.0
1320390 693.5
1320400 690.1
1320410 690.1
1320420 686.4
1320430 681.0
1320440 681.0
1320450 676.2
1320460 672.4
1320470 672.4
1320480 669.3
1320490 666.4
1320500 666.4
1320510 663.7
1320520 660.9
1320530 660.9
1320540 657.7
1320550 654.2
1320560 654.2
1320570 649.1
1320580 646.2
1320590 646.2
1320600 644.6
1320610 643.3
1320620 643.3
1320630 641.7
1320640 640.1
1320650 638.5
1320660 638.5
1320670 636.9
1320680 635.2
1320690 635.2
1320700 633.5
1320710 631.8
1320720 631.8
1320730 630.1
1320740 628.4
1320750 628.4
1320760 626.7
1320770 625.4
1320780 625.4
1320790 623.8
1320800 622.1
1320810 622.1
1320820 620.5
1320830 619.0
1320840 619.0
1320850 617.5
1320860 616.4
1320870 616.4
1320880 615.5
1320890 614.6
1320900 613.8
1320910 613.8
1320920 613.0
1320930 611.8
1320940 611.8
1320950 610.6
1320960 609.4
1320970 609.4
1320980 608.3
1320990 607.3
1321000 607.3
1321010 606.4
1321020 605.5
1321030 605.5
1321040 604.8
1321050 604.1
1321060 604.1
1321070 602.7
1321080 602.1
1321090 602.1
1321100 601.5
1321110 600.7
1321120 600.7
1321130 600.1
1321140 599.6
1321150 598.8
1321160 598.8
1321170 597.5
1321180 597.0
1321190 597.0
1321200 596.6
1321210 596.4
1321220 596.4
1321230 595.8
1321240 595.5
1321250 595.5
1321260 595.3
1321270 594.1
1321280 594.1
1321290 593.2
1321300 593.2
1321310 593.2
1321320 592.5
1321330 590.7
1321340 590.7
1321350 589.8
1321360 589.4
1321370 589.4
1321380 589.0
1321390 588.4
1321400 588.0
1321410 588.0
1321420 587.5
1321430 586.4
1321440 586.4
1321450 585.4
1321460 585.3
1321470 585.3
1321480 585.3
1321490 585.0
1321500 585.0
1321510 584.7
1321520 584.4
1321530 584.4
1321540 584.0
1321550 583.7
1321560 583.7
1321570 583.3
1321580 583.0
1321590 583.0
1321600 582.3
1321610 581.0
1321620 581.0
1321630 580.6
1321640 580.3
1321650 580.0
1321660 580.0
1321670 579.7
1321680 579.6
1321690 579.6
1321700 579.5
1321710 579.8
1321720 579.8
1321730 578.8
1321740 577.3
1321750 577.3
1321760 575.8
1321770 575.5
1321780 575.5
1321790 575.7
1321800 577.4
1321810 577.4
1321820 578.2
1321830 578.8
1321840 578.8
1321850 580.1
1321860 579.5
1321870 579.5
1321880 579.0
1321890 579.0
1321900 578.9
1321910 578.9
1321920 578.8
1321930 578.7
1321940 578.7
1321950 578.6
1321960 578.6
1321970 578.6
1321980 578.7
1321990 578.6
1322000 578.6
1322010 578.7
1322020 578.7
1322030 578.7
1322040 578.7
1322050 578.7
1322060 578.7
1322070 578.6
1322080 578.5
1322090 578.5
1322100 578.5
1322110 578.4
1322120 578.4
1322130 578.3
1322140 578.2
1322150 578.1
1322160 578.1
1322170 578.1
1322180 578.1
1322190 578.1
1322200 578.0
1322210 577.8
1322220 577.8
1322230 577.6
1322240 577.6
1322250 577.6
1322260 577.6
1322270 577.6
1322280 577.6
1322290 577.4
1322300 577.4
1322310 577.4
1322320 577.6
1322330 577.7
1322340 577.7
1322350 577.6
1322360 577.8
1322370 577.8
1322380 578.3
1322390 579.7
1322400 580.4
1322410 580.4
1322420 580.3
1322430 580.5
1322440 580.5
1322450 580.8
1322460 581.1
1322470 581.1
1322480 581.2
1322490 581.2
1322500 581.2
1322510 581.2
1322520 581.7
1322530 581.7
1322540 582.3
1322550 582.6
1322560 582.6
1322570 584.4
1322580 589.7
1322590 589.7
1322600 596.2
1322610 603.7
1322620 603.7
1322630 623.8
1322640 630.2
1322650 635.4
1322660 635.4
1322670 641.2
1322680 647.6
1322690 647.6
1322700 654.4
1322710 661.8
1322720 661.8
1322730 669.1
1322740 677.0
1322750 677.0
1322760 687.2
1322770 695.2
1322780 695.2
1322790 703.8
1322800 714.3
1322810 714.3
1322820 723.4
1322830 732.9
1322840 732.9
1322850 740.2
1322860 746.2
1322870 746.2
1322880 752.2
1322890 757.6
1322900 762.2
1322910 762.2
1322920 766.4
1322930 769.5
1322940 769.5
1322950 772.9
1322960 775.6
1322970 775.6
1322980 777.4
1322990 778.9
1323000 778.9
1323010 779.9
1323020 780.6
1323030 780.6
1323040 781.1
1323050 781.3
1323060 781.3
1323070 782.7
1323080 787.3
1323090 787.3
1323100 791.5
1323110 792.9
1323120 792.9
1323130 792.7
1323140 790.4
1323150 787.3
1323160 787.3
1323170 785.0
1323180 783.5
1323190 783.5
1323200 781.9
1323210 779.8
1323220 779.8
1323230 777.4
1323240 775.4
1323250 775.4
1323260 774.8
1323270 774.0
1323280 774.0
1323290 772.9
1323300 770.9
1323310 770.9
1323320 770.1
1323330 771.1
1323340 771.1
1323350 772.3
1323360 772.9
1323370 772.9
1323380 773.2
1323390 772.8
1323400 770.0
1323410 770.0
1323420 760.9
1323430 756.2
1323440 756.2
1323450 752.0
1323460 749.3
1323470 749.3
1323480 747.1
1323490 745.3
1323500 745.3
1323510 743.7
1323520 742.4
1323530 742.4
1323540 741.1
1323550 739.7
1323560 739.7
1323570 738.8
1323580 738.3
1323590 738.3
1323600 737.7
1323610 737.1
1323620 737.1
1323630 736.9
1323640 737.0
1323650 737.2
1323660 737.2
1323670 737.4
1323680 737.2
1323690 737.2
1323700 736.1
1323710 735.8
1323720 735.8
1323730 737.2
1323740 738.8
1323750 738.8
1323760 739.4
1323770 739.7
1323780 739.7
1323790 740.9
1323800 741.7
1323810 741.7
1323820 742.2
1323830 742.3
1323840 742.3
1323850 742.7
1323860 743.5
1323870 743.5
1323880 744.2
1323890 745.1
1323900 747.1
1323910 747.1
1323920 748.3
1323930 749.2
1323940 749.2
1323950 750.0
1323960 750.4
1323970 750.4
1323980 750.4
1323990 749.8
1324000 749.8
1324010 749.8
1324020 750.2
1324030 750.2
1324040 750.4
1324050 751.2
1324060 751.2
1324070 751.5
1324080 751.8
1324090 751.8
1324100 752.1
1324110 752.4
1324120 752.4
1324130 753.7
1324140 754.7
1324150 755.1
1324160 755.1
1324170 754.2
1324180 756.1
1324190 756.1
1324200 759.3
1324210 763.6
1324220 763.6
1324230 765.1
1324240 766.7
1324250 766.7
1324260 768.4
1324270 770.4
1324280 770.4
1324290 772.6
1324300 774.6
1324310 774.6
1324320 776.0
1324330 776.6
1324340 776.6
1324350 776.8
1324360 777.0
1324370 777.0
1324380 777.5
1324390 778.0
1324400 776.6
1324410 776.6
1324420 771.8
1324430 765.9
1324440 765.9
1324450 760.1
1324460 756.1
1324470 756.1
1324480 755.6
1324490 751.6
1324500 751.6
1324510 746.5
1324520 740.8
1324530 740.8
1324540 735.2
1324550 731.4
1324560 731.4
1324570 727.6
1324580 724.1
1324590 724.1
1324600 720.6
1324610 715.1
1324620 715.1
1324630 708.8
1324640 704.6
1324650 701.2
1324660 701.2
1324670 698.2
1324680 694.2
1324690 694.2
1324700 692.3
1324710 691.8
1324720 691.8
1324730 691.9
1324740 691.0
1324750 691.0
1324760 691.6
1324770 691.0
1324780 691.0
1324790 690.7
1324800 692.0
1324810 692.0
1324820 692.3
1324830 692.5
1324840 692.5
1324850 690.7
1324860 688.5
1324870 688.5
1324880 685.1
1324890 681.8
1324900 679.4
1324910 679.4
1324920 677.4
1324930 675.6
1324940 675.6
1324950 668.2
1324960 660.9
1324970 660.9
1324980 654.9
1324990 652.0
1325000 652.0
1325010 657.1
1325020 655.2
1325030 655.2
1325040 655.4
1325050 655.8
1325060 655.8
1325070 656.3
1325080 657.0
1325090 657.0
1325100 660.0
1325110 669.9
1325120 681.8
1325130 681.8
1325140 687.4
1325150 691.5
1325160 691.5
1325170 694.9
1325180 695.3
1325190 695.3
1325200 697.1
1325210 699.3
1325220 699.3
1325230 699.4
1325240 697.4
1325250 697.4
1325260 691.3
1325270 689.1
1325280 689.1
1325290 691.4
1325300 697.1
1325310 697.1
1325320 705.2
1325330 713.2
1325340 713.2
1325350 721.4
1325360 728.9
1325370 737.2
1325380 737.2
1325390 748.0
1325400 762.8
1325410 762.8
1325420 776.7
1325430 784.3
1325440 784.3
1325450 793.4
1325460 802.8
1325470 802.8
1325480 816.0
1325490 824.5
1325500 824.5
1325510 828.8
1325520 833.8
1325530 833.8
1325540 840.2
1325550 845.0
1325560 845.0
1325570 849.8
1325580 855.2
1325590 855.2
1325600 860.4
1325610 862.6
1325620 864.6
1325630 864.6
1325640 867.0
1325650 869.6
1325660 869.6
1325670 872.4
1325680 875.6
1325690 875.6
1325700 878.6
1325710 881.0
1325720 881.0
1325730 882.7
1325740 884.3
1325750 884.3
1325760 886.7
1325770 888.9
1325780 888.9
1325790 888.2
1325800 884.9
1325810 877.2
1325820 873.8
1325830 871.3
1325840 871.3
1325850 869.0
1325860 867.2
1325870 867.0
1325880 867.0
1325890 871.0
1325900 876.8
1325910 876.8
1325920 884.1
1325930 891.8
1325940 891.8
1325950 898.8
1325960 904.0
1325970 904.0
1325980 906.6
1325990 909.5
1326000 909.5
1326010 912.7
1326020 916.3
1326030 916.3
1326040 919.3
1326050 919.9
1326060 919.9
1326070 916.4
1326080 912.9
1326090 912.9
1326100 907.7
1326110 904.2
1326120 906.3
1326130 906.3
1326140 912.2
1326150 920.0
1326160 920.0
1326170 927.8
1326180 933.6
1326190 933.6
1326200 934.9
1326210 939.5
1326220 939.5
1326230 945.8
1326240 951.5
1326250 951.5
1326260 956.3
1326270 959.3
1326280 959.3
1326290 960.7
1326300 959.2
1326310 959.2
1326320 956.6
1326330 954.8
1326340 954.8
1326350 955.3
1326360 954.7
1326370 957.0
1326380 957.0
1326390 962.4
1326400 967.2
1326410 967.2
1326420 971.7
1326430 976.9
1326440 976.9
1326450 981.7
1326460 985.5
1326470 985.5
1326480 987.6
1326490 989.8
1326500 989.8
1326510 991.7
1326520 993.6
1326530 993.6
1326540 994.8
1326550 995.6
1326560 995.6
1326570 996.5
1326580 996.5
1326590 996.5
1326600 997.2
1326610 993.5
1326620 996.2
1326630 996.2
1326640 999.8
1326650 1004.1
1326660 1004.1
1326670 1009.4
1326680 1013.0
1326690 1013.0
1326700 1015.5
1326710 1017.5
1326720 1017.5
1326730 1018.1
1326740 1018.6
1326750 1018.6
1326760 1020.2
1326770 1023.1
1326780 1023.1
1326790 1025.2
1326800 1026.5
1326810 1026.5
1326820 1027.6
1326830 1028.3
1326840 1028.3
1326850 1029.0
1326860 1029.9
1326870 1030.7
1326880 1030.7
1326890 1031.8
1326900 1033.3
1326910 1033.3
1326920 1034.9
1326930 1037.0
1326940 1037.0
1326950 1039.5
1326960 1041.7
1326970 1041.7
1326980 1043.7
1326990 1046.1
1327000 1046.1
1327010 1048.8
1327020 1051.6
1327030 1051.6
1327040 1055.3
1327050 1060.1
1327060 1060.1
1327070 1065.1
1327080 1068.2
1327090 1068.2
1327100 1070.4
1327110 1072.9
1327120 1075.7
1327130 1075.7
1327140 1077.9
1327150 1079.7
1327160 1079.7
1327170 1081.3
1327180 1083.6
1327190 1083.6
1327200 1086.1
1327210 1088.9
1327220 1088.9
1327230 1091.3
1327240 1094.2
1327250 1094.2
1327260 1097.3
1327270 1099.0
1327280 1099.0
1327290 1100.9
1327300 1103.4
1327310 1103.4
1327320 1106.0
1327330 1108.7
1327340 1108.7
1327350 1111.0
1327360 1113.2
1327370 1115.9
1327380 1115.9
1327390 1118.7
1327400 1121.0
1327410 1117.8
1327420 1119.7
1327430 1121.5
1327440 1121.5
1327450 1123.1
1327460 1125.1
1327470 1125.1
1327480 1127.8
1327490 1131.9
1327500 1131.9
1327510 1135.7
1327520 1139.3
1327530 1139.3
1327540 1142.4
1327550 1144.5
1327560 1144.5
1327570 1146.4
1327580 1148.2
1327590 1148.2
1327600 1149.5
1327610 1150.1
1327620 1150.0
1327630 1150.0
1327640 1149.8
1327650 1150.2
1327660 1150.2
1327670 1151.5
1327680 1153.5
1327690 1153.5
1327700 1155.4
1327710 1155.7
1327720 1155.7
1327730 1154.8
1327740 1154.5
1327750 1154.5
1327760 1155.5
1327770 1156.8
1327780 1156.8
1327790 1161.9
1327800 1168.8
1327810 1168.8
1327820 1175.2
1327830 1179.9
1327840 1179.9
1327850 1183.1
1327860 1185.8
1327870 1187.8
1327880 1187.8
1327890 1189.2
1327900 1189.8
1327910 1189.8
1327920 1190.6
1327930 1193.1
1327940 1193.1
1327950 1196.5
1327960 1200.9
1327970 1200.9
1327980 1206.2
1327990 1211.3
1328000 1211.3
1328010 1211.5
1328020 1208.0
1328030 1208.0
1328040 1205.3
1328050 1207.1
1328060 1207.1
1328070 1211.6
1328080 1216.9
1328090 1216.9
1328100 1221.0
1328110 1222.7
1328120 1226.0
1328130 1226.0
1328140 1228.3
1328150 1229.8
1328160 1229.8
1328170 1230.9
1328180 1231.5
1328190 1231.5
1328200 1231.5
1328210 1231.4
1328220 1231.4
1328230 1226.9
1328240 1227.9
1328250 1227.9
1328260 1229.6
1328270 1232.0
1328280 1232.0
1328290 1234.0
1328300 1234.9
1328310 1234.9
1328320 1234.8
1328330 1233.9
1328340 1233.9
1328350 1232.5
1328360 1232.0
1328370 1231.8
1328380 1231.8
1328390 1232.3
1328400 1233.7
1328410 1233.7
1328420 1235.0
1328430 1236.1
1328440 1236.1
1328450 1237.9
1328460 1241.2
1328470 1241.2
1328480 1244.5
1328490 1247.5
1328500 1247.5
1328510 1250.3
1328520 1252.4
1328530 1252.4
1328540 1254.1
1328550 1256.5
1328560 1256.5
1328570 1259.2
1328580 1261.9
1328590 1261.9
1328600 1264.6
1328610 1268.4
1328620 1271.8
1328630 1271.8
1328640 1274.4
1328650 1276.5
1328660 1276.5
1328670 1278.8
1328680 1281.2
1328690 1281.2
1328700 1282.7
1328710 1283.2
1328720 1283.2
1328730 1283.5
1328740 1283.8
1328750 1283.8
1328760 1284.7
1328770 1286.9
1328780 1286.9
1328790 1289.5
1328800 1292.3
1328810 1292.3
1328820 1294.9
1328830 1298.1
1328840 1298.1
1328850 1301.4
1328860 1304.1
1328870 1306.9
1328880 1306.9
1328890 1309.9
1328900 1312.4
1328910 1312.4
1328920 1314.0
1328930 1315.6
1328940 1315.6
1328950 1317.5
1328960 1319.4
1328970 1319.4
1328980 1321.2
1328990 1322.3
1329000 1322.3
1329010 1323.6
1329020 1324.2
1329030 1324.2
1329040 1322.5
1329050 1322.8
1329060 1322.8
1329070 1325.6
1329080 1326.9
1329090 1326.9
1329100 1329.0
1329110 1331.5
1329120 1334.0
1329130 1334.0
1329140 1336.9
1329150 1337.8
1329160 1337.8
1329170 1335.3
1329180 1333.5
1329190 1333.5
1329200 1333.3
1329210 1329.8
1329220 1329.8
1329230 1324.3
1329240 1317.0
1329250 1317.0
1329260 1310.4
1329270 1307.8
1329280 1307.8
1329290 1307.4
1329300 1306.8
1329310 1306.8
1329320 1308.6
1329330 1309.3
1329340 1309.3
1329350 1311.4
1329360 1314.3
1329370 1318.7
1329380 1318.7
1329390 1323.5
1329400 1326.8
1329410 1326.8
1329420 1328.8
1329430 1331.7
1329440 1331.7
1329450 1336.4
1329460 1341.8
1329470 1341.8
1329480 1347.4
1329490 1351.8
1329500 1351.8
1329510 1355.1
1329520 1358.5
1329530 1358.5
1329540 1361.9
1329550 1364.0
1329560 1364.0
1329570 1362.8
1329580 1361.1
1329590 1361.1
1329600 1361.1
1329610 1361.3
1329620 1360.1
1329630 1360.1
1329640 1359.6
1329650 1359.5
1329660 1359.5
1329670 1359.7
1329680 1357.7
1329690 1357.7
1329700 1355.0
1329710 1352.6
1329720 1352.6
1329730 1348.0
1329740 1346.0
1329750 1346.0
1329760 1350.8
1329770 1358.0
1329780 1358.0
1329790 1362.4
1329800 1365.7
1329810 1365.7
1329820 1368.0
1329830 1371.0
1329840 1371.0
1329850 1375.9
1329860 1381.4
1329870 1389.8
1329880 1389.8
1329890 1398.2
1329900 1406.9
1329910 1406.9
1329920 1413.7
1329930 1417.6
1329940 1417.6
1329950 1421.2
1329960 1423.5
1329970 1423.5
1329980 1425.6
1329990 1428.2
1330000 1428.2
1330010 1431.3
1330020 1434.2
1330030 1434.2
1330040 1435.9
1330050 1437.4
1330060 1437.4
1330070 1437.9
1330080 1439.7
1330090 1439.7
1330100 1442.2
1330110 1443.3
1330120 1443.4
1330130 1443.4
1330140 1442.3
1330150 1441.5
1330160 1441.5
1330170 1441.2
1330180 1440.2
1330190 1440.2
1330200 1439.2
1330210 1439.5
1330220 1439.5
1330230 1441.3
1330240 1440.2
1330250 1440.2
1330260 1438.7
1330270 1440.9
1330280 1440.9
1330290 1443.7
1330300 1446.4
1330310 1446.4
1330320 1448.8
1330330 1450.5
1330340 1450.5
1330350 1450.9
1330360 1454.0
1330370 1454.6
1330380 1454.6
1330390 1453.6
1330400 1452.7
1330410 1452.7
1330420 1450.9
1330430 1450.4
1330440 1450.4
1330450 1452.7
1330460 1450.5
1330470 1450.5
1330480 1446.8
1330490 1453.0
1330500 1453.0
1330510 1462.5
1330520 1471.4
1330530 1471.4
1330540 1478.6
1330550 1486.4
1330560 1486.4
1330570 1493.4
1330580 1500.2
1330590 1500.2
1330600 1505.7
1330610 1510.3
1330620 1514.2
1330630 1514.2
1330640 1518.3
1330650 1522.1
1330660 1522.1
1330670 1525.6
1330680 1529.0
1330690 1526.6
1330700 1529.7
1330710 1533.3
1330720 1533.3
1330730 1536.9
1330740 1540.7
1330750 1540.7
1330760 1544.4
1330770 1547.4
1330780 1547.4
1330790 1550.0
1330800 1552.5
1330810 1552.5
1330820 1555.3
1330830 1557.9
1330840 1557.9
1330850 1560.5
1330860 1563.2
1330870 1565.5
1330880 1565.5
1330890 1567.7
1330900 1569.2
1330910 1569.2
1330920 1571.0
1330930 1572.5
1330940 1572.5
1330950 1574.1
1330960 1576.1
1330970 1576.1
1330980 1578.1
1330990 1579.9
1331000 1579.9
1331010 1581.7
1331020 1583.4
1331030 1583.4
1331040 1584.6
1331050 1586.2
1331060 1586.2
1331070 1587.2
1331080 1588.3
1331090 1588.3
1331100 1589.9
1331110 1592.2
1331120 1594.6
1331130 1594.6
1331140 1596.6
1331150 1598.3
1331160 1598.3
1331170 1600.0
1331180 1601.6
1331190 1601.6
1331200 1603.8
1331210 1605.9
1331220 1605.9
1331230 1608.0
1331240 1609.6
1331250 1609.6
1331260 1611.1
1331270 1612.4
1331280 1612.4
1331290 1613.8
1331300 1615.4
1331310 1615.4
1331320 1617.3
1331330 1618.8
1331340 1618.8
1331350 1620.3
1331360 1621.6
1331370 1623.1
1331380 1623.1
1331390 1624.5
1331400 1626.3
1331410 1626.3
1331420 1628.5
1331430 1630.5
1331440 1630.5
1331450 1632.2
1331460 1634.0
1331470 1634.0
1331480 1635.6
1331490 1636.8
1331500 1636.8
1331510 1633.5
1331520 1633.8
1331530 1633.8
1331540 1634.6
1331550 1635.2
1331560 1635.2
1331570 1635.5
1331580 1635.2
1331590 1635.2
1331600 1634.0
1331610 1632.6
1331620 1631.7
1331630 1631.7
1331640 1631.1
1331650 1630.4
1331660 1630.4
1331670 1629.5
1331680 1628.5
1331690 1628.5
1331700 1627.4
1331710 1626.5
1331720 1626.5
1331730 1626.7
1331740 1625.9
1331750 1625.9
1331760 1623.6
1331770 1621.2
1331780 1621.2
1331790 1617.9
1331800 1612.9
1331810 1612.9
1331820 1606.5
1331830 1600.7
1331840 1600.7
1331850 1594.8
1331860 1589.1
1331870 1584.1
1331880 1584.1
1331890 1579.8
1331900 1575.2
1331910 1575.2
1331920 1569.8
1331930 1564.1
1331940 1564.1
1331950 1558.0
1331960 1551.1
1331970 1551.1
1331980 1544.3
1331990 1537.8
1332000 1537.8
1332010 1532.7
1332020 1528.2
1332030 1528.2
1332040 1523.9
1332050 1519.6
1332060 1519.6
1332070 1514.3
1332080 1507.3
1332090 1507.3
1332100 1498.5
1332110 1495.7
1332120 1501.1
1332130 1501.1
1332140 1507.6
1332150 1512.5
1332160 1512.5
1332170 1518.2
1332180 1522.1
1332190 1522.1
1332200 1524.5
1332210 1526.5
1332220 1526.5
1332230 1528.8
1332240 1532.2
1332250 1532.2
1332260 1536.5
1332270 1541.5
1332280 1541.5
1332290 1545.7
1332300 1550.3
1332310 1550.3
1332320 1555.0
1332330 1559.5
1332340 1559.5
1332350 1563.5
1332360 1569.1
1332370 1574.6
1332380 1574.6
1332390 1581.3
1332400 1588.4
1332410 1588.4
1332420 1596.6
1332430 1605.2
1332440 1605.2
1332450 1612.7
1332460 1619.7
1332470 1619.7
1332480 1626.5
1332490 1633.0
1332500 1633.0
1332510 1639.1
1332520 1645.4
1332530 1645.4
1332540 1651.9
1332550 1657.9
1332560 1657.9
1332570 1664.0
1332580 1670.3
1332590 1670.3
1332600 1676.7
1332610 1682.4
1332620 1687.7
1332630 1687.7
1332640 1692.8
1332650 1698.0
1332660 1698.0
1332670 1703.3
1332680 1709.3
1332690 1709.3
1332700 1716.2
1332710 1722.8
1332720 1722.8
1332730 1728.5
1332740 1734.0
1332750 1734.0
1332760 1739.7
1332770 1745.8
1332780 1745.8
1332790 1752.0
1332800 1757.1
1332810 1757.1
1332820 1761.8
1332830 1766.6
1332840 1766.6
1332850 1771.7
1332860 1777.2
1332870 1782.1
1332880 1782.1
1332890 1786.6
1332900 1791.3
1332910 1791.3
1332920 1796.0
1332930 1800.6
1332940 1800.6
1332950 1804.5
1332960 1808.4
1332970 1808.4
1332980 1812.1
1332990 1815.5
1333000 1815.5
1333010 1819.1
1333020 1823.0
1333030 1823.0
1333040 1826.5
1333050 1830.1
1333060 1830.1
1333070 1833.4
1333080 1836.4
1333090 1836.4
1333100 1839.1
1333110 1841.2
1333120 1843.3
1333130 1843.3
1333140 1845.5
1333150 1848.0
1333160 1848.0
1333170 1850.7
1333180 1853.1
1333190 1852.2
1333200 1856.0
1333210 1860.0
1333220 1860.0
1333230 1863.5
1333240 1866.5
1333250 1866.5
1333260 1869.6
1333270 1873.9
1333280 1873.9
1333290 1878.2
1333300 1882.4
1333310 1882.4
1333320 1888.2
1333330 1891.4
1333340 1891.4
1333350 1893.7
1333360 1896.2
1333370 1901.6
1333380 1901.6
1333390 1907.7
1333400 1912.4
1333410 1912.4
1333420 1916.2
1333430 1918.5
1333440 1918.5
1333450 1920.8
1333460 1925.1
1333470 1925.1
1333480 1927.6
1333490 1928.5
1333500 1928.5
1333510 1929.0
1333520 1932.0
1333530 1932.0
1333540 1935.1
1333550 1937.3
1333560 1937.3
1333570 1939.4
1333580 1940.8
1333590 1941.3
1333600 1941.3
1333610 1941.9
1333620 1941.9
1333630 1941.9
1333640 1941.8
1333650 1943.8
1333660 1943.8
1333670 1946.2
1333680 1948.1
1333690 1948.1
1333700 1950.6
1333710 1952.6
1333720 1952.6
1333730 1953.9
1333740 1955.1
1333750 1955.1
1333760 1957.0
1333770 1958.8
1333780 1958.8
1333790 1960.6
1333800 1962.7
1333810 1962.7
1333820 1964.3
1333830 1965.9
1333840 1967.7
1333850 1967.7
1333860 1969.9
1333870 1970.8
1333880 1970.8
1333890 1972.1
1333900 1974.6
1333910 1974.6
1333920 1977.8
1333930 1982.2
1333940 1982.2
1333950 1987.8
1333960 1991.2
1333970 1991.2
1333980 1992.5
1333990 1993.1
1334000 1993.1
1334010 1993.7
1334020 1994.9
1334030 1988.1
1334040 1986.6
1334050 1984.7
1334060 1984.7
1334070 1984.4
1334080 1985.1
1334090 1984.8
1334100 1984.8
1334110 1986.8
1334120 1984.3
1334130 1984.3
1334140 1980.8
1334150 1979.0
1334160 1979.0
1334170 1977.3
1334180 1974.9
1334190 1974.9
1334200 1973.2
1334210 1971.3
1334220 1971.3
1334230 1970.6
1334240 1969.9
1334250 1969.9
1334260 1970.0
1334270 1970.9
1334280 1970.9
1334290 1971.6
1334300 1971.3
1334310 1971.3
1334320 1970.9
1334330 1971.1
1334340 1970.8
1334350 1970.8
1334360 1967.8
1334370 1964.9
1334380 1964.9
1334390 1961.9
1334400 1958.7
1334410 1958.7
1334420 1953.8
1334430 1948.2
1334440 1948.2
1334450 1942.8
1334460 1938.7
1334470 1938.7
1334480 1935.7
1334490 1933.3
1334500 1933.3
1334510 1929.8
1334520 1925.5
1334530 1925.5
1334540 1921.1
1334550 1914.7
1334560 1914.7
1334570 1910.3
1334580 1904.9
1334590 1898.0
1334600 1898.0
1334610 1893.8
1334620 1889.4
1334630 1889.4
1334640 1884.7
1334650 1879.4
1334660 1879.4
1334670 1874.2
1334680 1869.9
1334690 1869.9
1334700 1866.2
1334710 1863.4
1334720 1863.4
1334730 1860.7
1334740 1857.8
1334750 1857.8
1334760 1855.6
1334770 1853.1
1334780 1853.1
1334790 1851.5
1334800 1848.8
1334810 1848.8
1334820 1845.7
1334830 1843.8
1334840 1843.1
1334850 1843.1
1334860 1841.2
1334870 1836.5
1334880 1833.6
1334890 1825.5
1334900 1815.1
1334910 1815.1
1334920 1807.6
1334930 1800.1
1334940 1800.1
1334950 1794.8
1334960 1789.3
1334970 1789.3
1334980 1782.7
1334990 1775.9
1335000 1775.9
1335010 1769.2
1335020 1763.9
1335030 1763.9
1335040 1758.1
1335050 1752.9
1335060 1752.9
1335070 1745.8
1335080 1737.9
1335090 1732.6
1335100 1732.6
1335110 1728.9
1335120 1724.9
1335130 1724.9
1335140 1721.5
1335150 1717.5
1335160 1717.5
1335170 1713.2
1335180 1709.7
1335190 1709.7
1335200 1707.7
1335210 1706.9
1335220 1706.9
1335230 1705.7
1335240 1702.7
1335250 1702.7
1335260 1699.6
1335270 1696.4
1335280 1696.4
1335290 1693.6
1335300 1691.2
1335310 1691.2
1335320 1688.7
1335330 1685.7
1335340 1681.7
1335350 1681.7
1335360 1677.2
1335370 1673.2
1335380 1673.2
1335390 1668.8
1335400 1664.4
1335410 1664.4
1335420 1659.3
1335430 1654.2
1335440 1654.2
1335450 1649.8
1335460 1645.6
1335470 1645.6
1335480 1641.6
1335490 1637.7
1335500 1637.7
1335510 1632.8
1335520 1627.8
1335530 1627.8
1335540 1623.3
1335550 1618.3
1335560 1618.3
1335570 1613.7
1335580 1609.6
1335590 1603.1
1335600 1603.1
1335610 1596.3
1335620 1590.3
1335630 1590.3
1335640 1585.5
1335650 1583.3
1335660 1583.3
1335670 1581.7
1335680 1571.5
1335690 1571.5
1335700 1558.6
1335710 1547.7
1335720 1547.7
1335730 1552.8
1335740 1536.9
1335750 1536.9
1335760 1529.9
1335770 1530.0
1335780 1530.0
1335790 1534.0
1335800 1535.3
1335810 1535.3
1335820 1537.3
1335830 1539.4
1335840 1535.9
1335850 1535.9
1335860 1537.3
1335870 1540.4
1335880 1540.4
1335890 1539.8
1335900 1542.5
1335910 1542.5
1335920 1542.5
1335930 1535.3
1335940 1535.3
1335950 1538.4
1335960 1543.3
1335970 1543.3
1335980 1547.8
1335990 1553.5
1336000 1553.5
1336010 1557.1
1336020 1557.9
1336030 1557.9
1336040 1559.5
1336050 1562.6
1336060 1562.6
1336070 1565.9
1336080 1570.7
1336090 1575.4
1336100 1575.4
1336110 1577.8
1336120 1577.8
1336130 1577.8
1336140 1571.5
1336150 1564.7
1336160 1564.7
1336170 1560.8
1336180 1558.7
1336190 1558.7
1336200 1557.6
1336210 1556.8
1336220 1556.8
1336230 1559.5
1336240 1563.3
1336250 1563.3
1336260 1564.1
1336270 1566.7
1336280 1566.7
1336290 1571.5
1336300 1576.4
1336310 1576.4
1336320 1580.6
1336330 1584.9
1336340 1588.6
1336350 1588.6
1336360 1591.8
1336370 1595.1
1336380 1595.1
1336390 1598.5
1336400 1602.2
1336410 1602.2
1336420 1606.1
1336430 1608.7
1336440 1608.7
1336450 1613.1
1336460 1618.0
1336470 1618.0
1336480 1621.7
1336490 1623.9
1336500 1623.9
1336510 1625.8
1336520 1629.2
1336530 1629.2
1336540 1632.4
1336550 1634.3
1336560 1634.3
1336570 1635.5
1336580 1636.8
1336590 1636.4
1336600 1636.4
1336610 1636.6
1336620 1636.7
1336630 1636.7
1336640 1635.5
1336650 1634.4
1336660 1634.4
1336670 1633.3
1336680 1632.5
1336690 1632.5
1336700 1632.9
1336710 1633.2
1336720 1633.2
1336730 1633.9
1336740 1634.2
1336750 1634.2
1336760 1634.8
1336770 1634.9
1336780 1634.9
1336790 1635.5
1336800 1637.2
1336810 1637.2
1336820 1637.8
1336830 1637.2
1336840 1636.7
1336850 1636.7
1336860 1636.9
1336870 1636.6
1336880 1636.6
1336890 1635.8
1336900 1634.3
1336910 1634.3
1336920 1630.3
1336930 1625.9
1336940 1625.9
1336950 1623.8
1336960 1624.2
1336970 1624.2
1336980 1623.7
1336990 1622.9
1337000 1622.9
1337010 1621.9
1337020 1621.4
1337030 1621.4
1337040 1620.7
1337050 1619.7
1337060 1619.7
1337070 1618.6
1337080 1617.6
1337090 1617.5
1337100 1617.5
1337110 1617.6
1337120 1617.1
1337130 1617.1
1337140 1615.1
1337150 1612.0
1337160 1612.0
1337170 1608.5
1337180 1604.4
1337190 1604.4
1337200 1600.0
1337210 1597.8
1337220 1597.8
1337230 1595.0
1337240 1592.5
1337250 1592.5
1337260 1589.8
1337270 1587.1
1337280 1587.1
1337290 1585.0
1337300 1583.6
1337310 1583.6
1337320 1581.4
1337330 1578.7
1337340 1575.3
1337350 1575.3
1337360 1572.1
1337370 1566.7
1337380 1566.7
1337390 1559.6
1337400 1554.4
1337410 1554.4
1337420 1550.9
1337430 1547.1
1337440 1547.1
1337450 1541.3
1337460 1539.3
1337470 1539.3
1337480 1535.5
1337490 1530.3
1337500 1530.3
1337510 1523.9
1337520 1517.7
1337530 1517.7
1337540 1511.5
1337550 1504.9
1337560 1504.9
1337570 1497.4
1337580 1492.9
1337590 1489.8
1337600 1489.8
1337610 1486.0
1337620 1482.3
1337630 1482.3
1337640 1478.6
1337650 1475.3
1337660 1475.3
1337670 1472.2
1337680 1469.0
1337690 1469.0
1337700 1465.4
1337710 1461.9
1337720 1461.9
1337730 1458.8
1337740 1455.7
1337750 1455.7
1337760 1452.1
1337770 1448.5
1337780 1448.5
1337790 1445.3
1337800 1443.1
1337810 1443.1
1337820 1441.8
1337830 1441.1
1337840 1439.9
1337850 1439.9
1337860 1437.4
1337870 1434.1
1337880 1434.1
1337890 1431.8
1337900 1430.6
1337910 1430.6
1337920 1429.6
1337930 1429.0
1337940 1429.0
1337950 1428.7
1337960 1429.2
1337970 1429.2
1337980 1429.3
1337990 1430.8
1338000 1430.8
1338010 1430.6
1338020 1426.1
1338030 1426.1
1338040 1419.4
1338050 1412.5
1338060 1412.5
1338070 1408.1
1338080 1404.0
1338090 1401.0
1338100 1401.0
1338110 1400.6
1338120 1401.6
1338130 1401.6
1338140 1402.3
1338150 1399.3
1338160 1399.3
1338170 1396.9
1338180 1396.7
1338190 1396.7
1338200 1397.3
1338210 1396.6
1338220 1396.6
1338230 1396.8
1338240 1397.5
1338250 1397.5
1338260 1397.3
1338270 1396.4
1338280 1396.4
1338290 1396.5
1338300 1396.1
1338310 1396.1
1338320 1393.6
1338330 1391.3
1338340 1389.0
1338350 1389.0
1338360 1386.9
1338370 1385.1
1338380 1385.1
1338390 1384.4
1338400 1384.5
1338410 1384.5
1338420 1384.3
1338430 1383.8
1338440 1383.8
1338450 1383.0
1338460 1382.1
1338470 1382.1
1338480 1380.7
1338490 1378.9
1338500 1378.9
1338510 1376.9
1338520 1374.5
1338530 1374.5
1338540 1371.6
1338550 1370.2
1338560 1370.2
1338570 1369.5
1338580 1367.1
1338590 1363.9
1338600 1363.9
1338610 1362.8
1338620 1360.6
1338630 1360.6
1338640 1356.1
1338650 1349.7
1338660 1349.7
1338670 1344.9
1338680 1344.8
1338690 1344.8
1338700 1345.3
1338710 1341.9
1338720 1341.9
1338730 1331.0
1338740 1322.4
1338750 1322.4
1338760 1315.5
1338770 1309.8
1338780 1309.8
1338790 1303.7
1338800 1298.4
1338810 1298.4
1338820 1293.6
1338830 1289.0
1338840 1284.3
1338850 1284.3
1338860 1278.3
1338870 1273.7
1338880 1273.7
1338890 1269.9
1338900 1267.3
1338910 1267.3
1338920 1265.1
1338930 1263.4
1338940 1263.4
1338950 1262.9
1338960 1262.9
1338970 1262.9
1338980 1262.4
1338990 1261.7
1339000 1261.7
1339010 1260.5
1339020 1259.4
1339030 1259.4
1339040 1258.5
1339050 1257.7
1339060 1257.7
1339070 1257.1
1339080 1256.1
1339090 1254.5
1339100 1254.5
1339110 1254.5
1339120 1251.9
1339130 1251.9
1339140 1250.3
1339150 1254.5
1339160 1254.5
1339170 1253.6
1339180 1252.7
1339190 1251.5
1339200 1251.4
1339210 1250.2
1339220 1250.2
1339230 1248.2
1339240 1248.2
1339250 1248.2
1339260 1248.1
1339270 1247.8
1339280 1247.8
1339290 1247.6
1339300 1247.1
1339310 1247.1
1339320 1246.2
1339330 1244.9
1339340 1243.1
1339350 1243.1
1339360 1242.5
1339370 1242.1
1339380 1242.1
1339390 1239.7
1339400 1240.0
1339410 1240.0
1339420 1244.0
1339430 1250.8
1339440 1250.8
1339450 1258.7
1339460 1266.5
1339470 1266.5
1339480 1272.5
1339490 1276.2
1339500 1276.2
1339510 1279.7
1339520 1283.9
1339530 1283.9
1339540 1287.7
1339550 1291.4
1339560 1291.4
1339570 1295.9
1339580 1299.6
1339590 1302.2
1339600 1302.2
1339610 1303.8
1339620 1305.0
1339630 1305.0
1339640 1306.0
1339650 1306.2
1339660 1306.2
1339670 1305.2
1339680 1304.7
1339690 1304.7
1339700 1305.5
1339710 1307.4
1339720 1307.4
1339730 1309.3
1339740 1310.3
1339750 1310.3
1339760 1311.2
1339770 1312.4
1339780 1312.4
1339790 1313.1
1339800 1313.4
1339810 1313.4
1339820 1316.0
1339830 1318.7
1339840 1319.7
1339850 1319.7
1339860 1320.7
1339870 1321.8
1339880 1321.8
1339890 1322.3
1339900 1322.9
1339910 1322.9
1339920 1323.3
1339930 1323.4
1339940 1323.4
1339950 1323.1
1339960 1322.3
1339970 1322.3
1339980 1320.7
1339990 1320.6
