1320000 735.1
1320010 729.9
1320020 729.9
1320030 725.0
1320040 720.7
1320050 720.7
1320060 716.1
1320070 710.6
1320080 710.6
1320090 704.8
1320100 698.8
1320110 698.8
1320120 692.6
1320130 686.3
1320140 686.3
1320150 680.3
1320160 673.8
1320170 673.8
1320180 669.1
1320190 665.4
1320200 662.7
1320210 662.7
1320220 662.4
1320230 661.7
1320240 661.7
1320250 660.6
1320260 659.9
1320270 659.9
1320280 657.5
1320290 656.3
1320300 656.3
1320310 654.6
1320320 652.4
1320330 652.4
1320340 649.7
1320350 647.2
1320360 647.2
1320370 644.9
1320380 643.3
1320390 643.3
1320400 642.3
1320410 640.8
1320420 640.8
1320430 639.3
1320440 637.8
1320450 636.5
1320460 636.5
1320470 635.2
1320480 634.1
1320490 634.1
1320500 632.9
1320510 631.5
1320520 631.5
1320530 630.1
1320540 628.8
1320550 628.8
1320560 627.6
1320570 626.5
1320580 626.5
1320590 625.4
1320600 624.2
1320610 624.2
1320620 623.0
1320630 622.0
1320640 622.0
1320650 621.3
1320660 620.1
1320670 620.1
1320680 618.8
1320690 617.3
1320700 616.0
1320710 616.0
1320720 614.7
1320730 613.5
1320740 613.5
1320750 612.4
1320760 611.6
1320770 611.6
1320780 610.8
1320790 609.7
1320800 609.7
1320810 608.5
1320820 607.3
1320830 607.3
1320840 606.2
1320850 605.4
1320860 605.4
1320870 604.5
1320880 603.7
1320890 603.7
1320900 602.9
1320910 602.1
1320920 602.1
1320930 601.1
1320940 600.0
1320950 598.9
1320960 598.9
1320970 597.8
1320980 596.6
1320990 596.6
1321000 595.3
1321010 594.0
1321020 594.0
1321030 592.8
1321040 591.7
1321050 591.6
1321060 590.7
1321070 589.8
1321080 589.8
1321090 588.9
1321100 588.1
1321110 588.1
1321120 587.1
1321130 586.5
1321140 586.5
1321150 586.3
1321160 586.4
1321170 586.4
1321180 586.2
1321190 584.2
1321200 583.4
1321210 583.4
1321220 583.4
1321230 583.0
1321240 583.0
1321250 582.2
1321260 582.2
1321270 582.2
1321280 582.3
1321290 581.4
1321300 581.4
1321310 580.8
1321320 580.7
1321330 580.7
1321340 580.7
1321350 580.7
1321360 580.7
1321370 580.7
1321380 580.6
1321390 580.6
1321400 580.6
1321410 580.7
1321420 580.7
1321430 580.8
1321440 580.8
1321450 579.5
1321460 579.5
1321470 577.9
1321480 577.0
1321490 577.0
1321500 576.8
1321510 576.9
1321520 576.9
1321530 577.8
1321540 579.4
1321550 579.4
1321560 580.5
1321570 580.9
1321580 580.9
1321590 580.8
1321600 580.3
1321610 580.3
1321620 580.1
1321630 579.9
1321640 579.9
1321650 579.9
1321660 579.7
1321670 579.7
1321680 579.5
1321690 579.4
1321700 579.3
1321710 579.3
1321720 579.2
1321730 579.1
1321740 579.1
1321750 579.0
1321760 578.9
1321770 578.9
1321780 578.8
1321790 578.8
1321800 578.8
1321810 578.6
1321820 578.4
1321830 578.5
1321840 578.6
1321850 578.8
1321860 578.8
1321870 578.8
1321880 578.9
1321890 578.9
1321900 578.9
1321910 578.8
1321920 578.8
1321930 578.8
1321940 578.9
1321950 578.9
1321960 578.9
1321970 578.8
1321980 578.7
1321990 578.7
1322000 578.6
1322010 578.6
1322020 578.6
1322030 578.6
1322040 578.6
1322050 578.6
1322060 578.7
1322070 578.9
1322080 578.9
1322090 579.2
1322100 579.4
1322110 579.4
1322120 581.0
1322130 585.4
1322140 585.4
1322150 589.6
1322160 592.4
1322170 592.4
1322180 594.4
1322190 597.0
1322200 599.5
1322210 599.5
1322220 601.6
1322230 603.1
1322240 603.1
1322250 605.1
1322260 607.2
1322270 607.2
1322280 608.8
1322290 611.4
1322300 611.4
1322310 612.8
1322320 613.2
1322330 613.2
1322340 613.2
1322350 613.4
1322360 613.4
1322370 614.6
1322380 617.6
1322390 617.6
1322400 621.1
1322410 625.3
1322420 625.3
1322430 629.6
1322440 634.6
1322450 641.6
1322460 641.6
1322470 648.2
1322480 654.9
1322490 654.9
1322500 661.3
1322510 667.0
1322520 667.0
1322530 672.4
1322540 678.5
1322550 678.5
1322560 685.4
1322570 693.3
1322580 693.3
1322590 701.8
1322600 709.3
1322610 709.3
1322620 721.1
1322630 728.1
1322640 728.1
1322650 735.4
1322660 741.7
1322670 741.7
1322680 746.7
1322690 750.9
1322700 754.8
1322710 754.8
1322720 759.1
1322730 764.2
1322740 764.2
1322750 769.2
1322760 773.7
1322770 773.7
1322780 775.5
1322790 777.2
1322800 777.2
1322810 780.0
1322820 784.7
1322830 784.7
1322840 790.6
1322850 796.6
1322860 796.6
1322870 798.4
1322880 801.0
1322890 801.0
1322900 804.1
1322910 806.4
1322920 806.4
1322930 808.3
1322940 810.3
1322950 812.6
1322960 812.6
1322970 815.5
1322980 818.5
1322990 818.5
1323000 821.0
1323010 822.5
1323020 822.5
1323030 823.6
1323040 825.3
1323050 825.3
1323060 826.4
1323070 827.3
1323080 827.3
1323090 827.3
1323100 825.9
1323110 825.9
1323120 825.4
1323130 825.9
1323140 825.9
1323150 827.2
1323160 829.0
1323170 830.0
1323180 830.0
1323190 831.0
1323200 831.6
1323210 831.6
1323220 832.6
1323230 833.1
1323240 833.1
1323250 833.0
1323260 832.1
1323270 832.1
1323280 830.0
1323290 826.9
1323300 826.9
1323310 824.5
1323320 824.3
1323330 824.3
1323340 825.0
1323350 826.0
1323360 826.0
1323370 827.7
1323380 830.2
1323390 830.2
1323400 832.2
1323410 836.3
1323420 835.9
1323430 835.9
1323440 834.9
1323450 833.2
1323460 833.2
1323470 830.7
1323480 828.4
1323490 828.4
1323500 825.3
1323510 823.5
1323520 823.5
1323530 821.4
1323540 818.8
1323550 818.8
1323560 816.6
1323570 813.0
1323580 813.0
1323590 810.2
1323600 810.0
1323610 810.0
1323620 810.5
1323630 810.1
1323640 810.1
1323650 809.6
1323660 809.0
1323670 808.4
1323680 808.4
1323690 807.7
1323700 806.3
1323710 806.3
1323720 805.4
1323730 805.1
1323740 805.1
1323750 804.4
1323760 803.7
1323770 803.7
1323780 802.7
1323790 801.9
1323800 801.9
1323810 801.5
1323820 800.7
1323830 800.7
1323840 799.8
1323850 800.1
1323860 800.1
1323870 800.4
1323880 800.2
1323890 800.2
1323900 799.8
1323910 800.1
1323920 800.7
1323930 800.7
1323940 801.4
1323950 801.8
1323960 801.8
1323970 802.5
1323980 803.9
1323990 803.9
1324000 804.7
1324010 805.5
1324020 805.5
1324030 806.6
1324040 807.6
1324050 807.6
1324060 808.0
1324070 807.9
1324080 807.9
1324090 807.8
1324100 808.7
1324110 808.7
1324120 810.3
1324130 812.8
1324140 812.8
1324150 814.6
1324160 815.7
1324170 817.2
1324180 817.2
1324190 818.4
1324200 825.9
1324210 825.9
1324220 830.0
1324230 834.9
1324240 834.9
1324250 838.5
1324260 840.4
1324270 840.4
1324280 841.2
1324290 841.2
1324300 841.2
1324310 840.7
1324320 840.4
1324330 840.4
1324340 840.2
1324350 838.6
1324360 838.6
1324370 839.6
1324380 843.0
1324390 843.0
1324400 844.6
1324410 844.1
1324420 843.6
1324430 843.6
1324440 844.5
1324450 845.1
1324460 845.1
1324470 845.5
1324480 845.8
1324490 845.8
1324500 844.0
1324510 841.8
1324520 841.8
1324530 841.6
1324540 841.7
1324550 841.7
1324560 841.4
1324570 842.3
1324580 842.3
1324590 843.8
1324600 845.3
1324610 845.3
1324620 846.4
1324630 847.3
1324640 847.3
1324650 847.7
1324660 847.3
1324670 846.5
1324680 846.5
1324690 845.4
1324700 842.9
1324710 842.9
1324720 841.5
1324730 842.6
1324740 842.6
1324750 845.7
1324760 848.1
1324770 848.1
1324780 849.2
1324790 850.4
1324800 850.4
1324810 852.0
1324820 852.0
1324830 852.0
1324840 851.0
1324850 847.9
1324860 847.9
1324870 842.8
1324880 837.9
1324890 837.9
1324900 833.0
1324910 827.5
1324920 821.2
1324930 821.2
1324940 820.4
1324950 824.2
1324960 824.2
1324970 824.0
1324980 822.3
1324990 830.1
1325000 828.9
1325010 825.7
1325020 825.7
1325030 823.0
1325040 821.1
1325050 821.1
1325060 820.4
1325070 818.7
1325080 818.7
1325090 816.7
1325100 815.5
1325110 815.5
1325120 814.0
1325130 813.8
1325140 813.8
1325150 814.5
1325160 816.5
1325170 818.8
1325180 818.8
1325190 817.2
1325200 812.1
1325210 812.1
1325220 806.8
1325230 802.6
1325240 802.6
1325250 800.0
1325260 797.7
1325270 797.7
1325280 794.6
1325290 788.4
1325300 788.4
1325310 780.0
1325320 771.6
1325330 771.6
1325340 762.3
1325350 751.9
1325360 751.9
1325370 742.8
1325380 737.6
1325390 737.6
1325400 731.3
1325410 725.2
1325420 717.6
1325430 717.6
1325440 709.0
1325450 700.4
1325460 700.4
1325470 689.5
1325480 684.4
1325490 684.4
1325500 684.7
1325510 693.7
1325520 693.7
1325530 701.5
1325540 710.8
1325550 710.8
1325560 717.1
1325570 720.0
1325580 720.0
1325590 721.6
1325600 724.6
1325610 724.6
1325620 725.4
1325630 721.3
1325640 721.3
1325650 717.5
1325660 713.9
1325670 709.7
1325680 709.7
1325690 707.6
1325700 707.6
1325710 707.6
1325720 710.6
1325730 711.4
1325740 711.4
1325750 709.4
1325760 714.1
1325770 714.1
1325780 720.2
1325790 714.4
1325800 714.4
1325810 715.2
1325820 713.9
1325830 713.9
1325840 713.8
1325850 712.5
1325860 712.5
1325870 710.7
1325880 714.0
1325890 714.0
1325900 720.4
1325910 724.9
1325920 730.7
1325930 730.7
1325940 739.2
1325950 744.5
1325960 744.5
1325970 751.7
1325980 756.2
1325990 756.2
1326000 757.9
1326010 762.1
1326020 762.1
1326030 769.7
1326040 779.6
1326050 779.6
1326060 791.8
1326070 802.1
1326080 802.1
1326090 811.7
1326100 821.4
1326110 821.4
1326120 828.1
1326130 833.6
1326140 833.6
1326150 838.7
1326160 842.9
1326170 845.7
1326180 845.7
1326190 848.0
1326200 848.8
1326210 848.8
1326220 850.5
1326230 852.8
1326240 852.8
1326250 852.9
1326260 851.2
1326270 851.2
1326280 852.1
1326290 858.4
1326300 858.4
1326310 865.5
1326320 869.3
1326330 869.3
1326340 871.2
1326350 875.6
1326360 875.6
1326370 873.5
1326380 869.9
1326390 869.9
1326400 866.8
1326410 869.3
1326420 876.4
1326430 876.4
1326440 883.7
1326450 890.2
1326460 890.2
1326470 897.2
1326480 905.2
1326490 905.2
1326500 912.7
1326510 919.2
1326520 919.2
1326530 925.2
1326540 926.7
1326550 926.7
1326560 922.3
1326570 917.9
1326580 917.9
1326590 916.2
1326600 912.0
1326610 912.0
1326620 914.0
1326630 918.2
1326640 918.2
1326650 923.5
1326660 929.0
1326670 935.0
1326680 935.0
1326690 940.0
1326700 946.3
1326710 946.3
1326720 950.3
1326730 949.1
1326740 949.1
1326750 951.5
1326760 955.1
1326770 955.1
1326780 959.5
1326790 963.0
1326800 963.0
1326810 964.8
1326820 962.9
1326830 962.9
1326840 958.7
1326850 957.4
1326860 957.4
1326870 959.0
1326880 960.7
1326890 960.7
1326900 962.3
1326910 964.9
1326920 967.5
1326930 967.5
1326940 966.4
1326950 962.9
1326960 962.9
1326970 959.2
1326980 952.6
1326990 952.6
1327000 945.7
1327010 944.8
1327020 944.8
1327030 950.2
1327040 954.0
1327050 954.0
1327060 958.2
1327070 963.5
1327080 963.5
1327090 967.9
1327100 971.9
1327110 971.9
1327120 975.8
1327130 978.0
1327140 978.0
1327150 981.6
1327160 985.2
1327170 987.4
1327180 987.4
1327190 988.4
1327200 988.6
1327210 988.6
1327220 987.4
1327230 982.8
1327240 982.8
1327250 977.2
1327260 976.5
1327270 976.5
1327280 978.3
1327290 980.1
1327300 980.1
1327310 983.5
1327320 986.8
1327330 986.8
1327340 989.3
1327350 992.4
1327360 992.4
1327370 996.0
1327380 999.5
1327390 999.5
1327400 996.5
1327410 999.5
1327420 1002.8
1327430 1002.8
1327440 1006.0
1327450 1008.9
1327460 1008.9
1327470 1011.1
1327480 1013.2
1327490 1013.2
1327500 1015.2
1327510 1018.1
1327520 1018.1
1327530 1022.5
1327540 1027.5
1327550 1027.5
1327560 1031.5
1327570 1036.9
1327580 1036.9
1327590 1040.3
1327600 1043.8
1327610 1043.8
1327620 1049.7
1327630 1054.5
1327640 1054.5
1327650 1059.2
1327660 1065.2
1327670 1070.3
1327680 1070.3
1327690 1073.4
1327700 1074.7
1327710 1074.7
1327720 1074.0
1327730 1074.2
1327740 1074.2
1327750 1076.1
1327760 1079.3
1327770 1079.3
1327780 1083.7
1327790 1088.2
1327800 1088.2
1327810 1091.7
1327820 1094.1
1327830 1094.1
1327840 1095.3
1327850 1096.0
1327860 1096.0
1327870 1096.7
1327880 1096.0
1327890 1096.0
1327900 1094.5
1327910 1093.0
1327920 1093.4
1327930 1093.4
1327940 1096.6
1327950 1100.8
1327960 1100.8
1327970 1104.0
1327980 1107.1
1327990 1107.1
1328000 1111.6
1328010 1116.3
1328020 1116.3
1328030 1119.5
1328040 1122.5
1328050 1122.5
1328060 1126.6
1328070 1130.4
1328080 1130.4
1328090 1133.2
1328100 1135.5
1328110 1135.5
1328120 1136.6
1328130 1137.9
1328140 1137.9
1328150 1138.1
1328160 1139.2
1328170 1140.6
1328180 1140.6
1328190 1140.0
1328200 1138.4
1328210 1133.2
1328220 1132.8
1328230 1134.1
1328240 1134.1
1328250 1135.6
1328260 1136.1
1328270 1136.1
1328280 1137.2
1328290 1139.5
1328300 1139.5
1328310 1140.2
1328320 1140.5
1328330 1140.5
1328340 1141.0
1328350 1142.2
1328360 1142.2
1328370 1142.9
1328380 1143.6
1328390 1143.6
1328400 1146.4
1328410 1149.3
1328420 1152.2
1328430 1152.2
1328440 1155.2
1328450 1158.0
1328460 1158.0
1328470 1160.8
1328480 1164.1
1328490 1164.1
1328500 1166.8
1328510 1168.7
1328520 1168.7
1328530 1171.3
1328540 1174.2
1328550 1174.2
1328560 1177.1
1328570 1180.1
1328580 1180.1
1328590 1181.9
1328600 1184.1
1328610 1184.1
1328620 1186.2
1328630 1188.1
1328640 1188.1
1328650 1190.4
1328660 1192.7
1328670 1195.1
1328680 1195.1
1328690 1197.4
1328700 1199.6
1328710 1199.6
1328720 1202.3
1328730 1205.9
1328740 1205.9
1328750 1209.7
1328760 1213.3
1328770 1213.3
1328780 1216.1
1328790 1218.3
1328800 1218.3
1328810 1221.2
1328820 1224.6
1328830 1224.6
1328840 1227.6
1328850 1230.7
1328860 1230.7
1328870 1233.9
1328880 1236.6
1328890 1236.6
1328900 1239.1
1328910 1241.5
1328920 1243.3
1328930 1243.3
1328940 1244.1
1328950 1243.7
1328960 1243.7
1328970 1244.0
1328980 1245.1
1328990 1245.1
1329000 1246.3
1329010 1245.2
1329020 1245.2
1329030 1234.9
1329040 1231.7
1329050 1231.7
1329060 1229.3
1329070 1228.0
1329080 1228.0
1329090 1228.0
1329100 1228.7
1329110 1228.7
1329120 1229.4
1329130 1229.7
1329140 1231.0
1329150 1231.0
1329160 1231.5
1329170 1232.7
1329180 1232.7
1329190 1232.5
1329200 1229.3
1329210 1229.3
1329220 1222.2
1329230 1213.5
1329240 1213.5
1329250 1204.3
1329260 1195.5
1329270 1195.5
1329280 1191.3
1329290 1191.7
1329300 1191.7
1329310 1191.2
1329320 1193.5
1329330 1193.5
1329340 1197.5
1329350 1201.2
1329360 1201.2
1329370 1206.7
1329380 1210.4
1329390 1209.1
1329400 1209.1
1329410 1206.9
1329420 1209.6
1329430 1209.6
1329440 1212.7
1329450 1212.9
1329460 1212.9
1329470 1212.1
1329480 1208.3
1329490 1208.3
1329500 1202.3
1329510 1199.1
1329520 1199.1
1329530 1197.2
1329540 1194.0
1329550 1194.0
1329560 1198.1
1329570 1211.7
1329580 1211.7
1329590 1224.6
1329600 1230.7
1329610 1230.7
1329620 1231.6
1329630 1233.2
1329640 1236.9
1329650 1236.9
1329660 1243.9
1329670 1250.8
1329680 1250.8
1329690 1255.2
1329700 1256.6
1329710 1256.6
1329720 1258.6
1329730 1263.3
1329740 1263.3
1329750 1267.8
1329760 1272.2
1329770 1272.2
1329780 1275.9
1329790 1277.9
1329800 1277.9
1329810 1279.5
1329820 1280.8
1329830 1280.8
1329840 1283.3
1329850 1283.0
1329860 1283.0
1329870 1287.8
1329880 1291.7
1329890 1293.4
1329900 1293.4
1329910 1295.9
1329920 1299.9
1329930 1299.9
1329940 1303.6
1329950 1307.3
1329960 1307.3
1329970 1312.2
1329980 1319.2
1329990 1319.2
1330000 1325.5
1330010 1329.7
1330020 1329.7
1330030 1331.3
1330040 1331.7
1330050 1331.7
1330060 1330.1
1330070 1325.2
1330080 1325.2
1330090 1319.9
1330100 1314.1
1330110 1314.1
1330120 1312.2
1330130 1314.0
1330140 1316.7
1330150 1316.7
1330160 1322.5
1330170 1331.5
1330180 1331.5
1330190 1341.9
1330200 1349.1
1330210 1349.1
1330220 1354.0
1330230 1357.8
1330240 1357.8
1330250 1361.1
1330260 1363.2
1330270 1363.2
1330280 1364.8
1330290 1368.3
1330300 1368.3
1330310 1372.6
1330320 1377.0
1330330 1377.0
1330340 1380.5
1330350 1384.2
1330360 1384.2
1330370 1388.1
1330380 1392.1
1330390 1396.6
1330400 1396.6
1330410 1399.9
1330420 1403.3
1330430 1403.3
1330440 1406.8
1330450 1410.9
1330460 1410.9
1330470 1413.7
1330480 1416.4
1330490 1416.4
1330500 1419.4
1330510 1422.5
1330520 1422.5
1330530 1425.6
1330540 1429.0
1330550 1429.0
1330560 1432.3
1330570 1435.7
1330580 1435.7
1330590 1439.0
1330600 1441.9
1330610 1441.9
1330620 1444.8
1330630 1447.6
1330640 1450.2
1330650 1450.2
1330660 1452.5
1330670 1452.5
1330680 1452.5
1330690 1454.9
1330700 1457.7
1330710 1457.7
1330720 1461.0
1330730 1464.4
1330740 1464.4
1330750 1468.1
1330760 1471.7
1330770 1471.7
1330780 1475.2
1330790 1478.6
1330800 1478.6
1330810 1481.7
1330820 1484.6
1330830 1484.6
1330840 1488.0
1330850 1491.9
1330860 1491.9
1330870 1495.4
1330880 1498.3
1330890 1501.2
1330900 1501.2
1330910 1503.9
1330920 1506.1
1330930 1506.1
1330940 1508.5
1330950 1510.3
1330960 1510.3
1330970 1512.3
1330980 1514.1
1330990 1514.1
1331000 1515.3
1331010 1516.0
1331020 1516.0
1331030 1517.4
1331040 1519.5
1331050 1519.5
1331060 1521.4
1331070 1522.4
1331080 1522.4
1331090 1523.6
1331100 1525.5
1331110 1525.5
1331120 1526.8
1331130 1527.3
1331140 1528.7
1331150 1528.7
1331160 1530.1
1331170 1530.8
1331180 1530.8
1331190 1531.2
1331200 1531.3
1331210 1531.3
1331220 1531.9
1331230 1532.4
1331240 1532.4
1331250 1532.3
1331260 1531.9
1331270 1531.9
1331280 1531.4
1331290 1531.2
1331300 1531.2
1331310 1532.0
1331320 1532.9
1331330 1532.9
1331340 1533.8
1331350 1534.8
1331360 1534.8
1331370 1536.5
1331380 1538.2
1331390 1540.0
1331400 1540.0
1331410 1541.9
1331420 1543.3
1331430 1543.3
1331440 1543.6
1331450 1543.7
1331460 1543.7
1331470 1543.6
1331480 1543.7
1331490 1543.7
1331500 1541.4
1331510 1541.5
1331520 1541.5
1331530 1542.1
1331540 1542.6
1331550 1542.6
1331560 1543.1
1331570 1543.6
1331580 1543.6
1331590 1544.5
1331600 1545.8
1331610 1545.8
1331620 1546.6
1331630 1547.4
1331640 1548.6
1331650 1548.6
1331660 1548.9
1331670 1548.1
1331680 1548.1
1331690 1546.5
1331700 1545.1
1331710 1545.1
1331720 1543.9
1331730 1542.5
1331740 1542.5
1331750 1541.3
1331760 1540.5
1331770 1540.5
1331780 1539.9
1331790 1539.3
1331800 1539.3
1331810 1538.1
1331820 1536.6
1331830 1536.6
1331840 1536.0
1331850 1534.9
1331860 1534.9
1331870 1530.4
1331880 1526.0
1331890 1522.2
1331900 1522.2
1331910 1518.0
1331920 1512.0
1331930 1512.0
1331940 1505.5
1331950 1499.3
1331960 1499.3
1331970 1493.2
1331980 1488.1
1331990 1488.1
1332000 1484.1
1332010 1480.4
1332020 1480.4
1332030 1475.3
1332040 1465.7
1332050 1465.7
1332060 1454.5
1332070 1446.8
1332080 1446.8
1332090 1447.1
1332100 1446.4
1332110 1446.4
1332120 1448.3
1332130 1453.9
1332140 1457.8
1332150 1457.8
1332160 1460.7
1332170 1466.1
1332180 1466.1
1332190 1473.8
1332200 1481.0
1332210 1481.0
1332220 1487.8
1332230 1495.5
1332240 1495.5
1332250 1502.7
1332260 1508.5
1332270 1508.5
1332280 1515.3
1332290 1521.6
1332300 1521.6
1332310 1526.8
1332320 1532.0
1332330 1531.4
1332340 1536.9
1332350 1542.7
1332360 1542.7
1332370 1548.9
1332380 1554.6
1332390 1559.6
1332400 1559.6
1332410 1564.0
1332420 1569.2
1332430 1569.2
1332440 1574.2
1332450 1577.7
1332460 1577.7
1332470 1582.0
1332480 1587.1
1332490 1587.1
1332500 1591.3
1332510 1595.4
1332520 1595.4
1332530 1600.3
1332540 1605.8
1332550 1605.8
1332560 1611.7
1332570 1617.0
1332580 1617.0
1332590 1623.6
1332600 1630.7
1332610 1630.7
1332620 1637.0
1332630 1643.3
1332640 1649.7
1332650 1649.7
1332660 1655.7
1332670 1661.2
1332680 1661.2
1332690 1666.7
1332700 1672.0
1332710 1672.0
1332720 1677.5
1332730 1682.9
1332740 1682.9
1332750 1687.4
1332760 1691.4
1332770 1691.4
1332780 1695.0
1332790 1698.7
1332800 1698.7
1332810 1703.1
1332820 1705.0
1332830 1705.0
1332840 1706.5
1332850 1709.7
1332860 1709.7
1332870 1715.5
1332880 1721.1
1332890 1726.3
1332900 1726.3
1332910 1730.5
1332920 1734.4
1332930 1734.4
1332940 1738.0
1332950 1740.7
1332960 1740.7
1332970 1742.8
1332980 1745.0
1332990 1745.0
1333000 1747.0
1333010 1749.2
1333020 1749.2
1333030 1752.4
1333040 1755.7
1333050 1755.7
1333060 1759.2
1333070 1761.9
1333080 1761.9
1333090 1764.3
1333100 1766.7
1333110 1766.7
1333120 1768.5
1333130 1770.4
1333140 1771.5
1333150 1771.5
1333160 1772.6
1333170 1770.3
1333180 1770.3
1333190 1771.1
1333200 1771.8
1333210 1771.8
1333220 1771.9
1333230 1771.7
1333240 1771.7
1333250 1769.9
1333260 1768.6
1333270 1768.6
1333280 1768.1
1333290 1768.8
1333300 1768.8
1333310 1767.8
1333320 1765.9
1333330 1765.9
1333340 1765.5
1333350 1769.9
1333360 1769.9
1333370 1773.9
1333380 1776.0
1333390 1779.2
1333400 1779.2
1333410 1783.3
1333420 1787.3
1333430 1787.3
1333440 1790.6
1333450 1792.9
1333460 1792.9
1333470 1794.8
1333480 1799.1
1333490 1799.1
1333500 1803.3
1333510 1807.0
1333520 1807.0
1333530 1810.4
1333540 1814.2
1333550 1814.2
1333560 1814.4
1333570 1812.4
1333580 1812.4
1333590 1812.4
1333600 1811.1
1333610 1811.1
1333620 1812.2
1333630 1817.4
1333640 1821.0
1333650 1821.0
1333660 1823.1
1333670 1827.6
1333680 1827.6
1333690 1837.3
1333700 1845.7
1333710 1845.7
1333720 1851.5
1333730 1856.2
1333740 1856.2
1333750 1859.0
1333760 1860.9
1333770 1860.9
1333780 1862.5
1333790 1864.4
1333800 1864.4
1333810 1866.4
1333820 1867.6
1333830 1867.6
1333840 1869.9
1333850 1872.0
1333860 1872.0
1333870 1874.1
1333880 1875.4
1333890 1876.8
1333900 1876.8
1333910 1878.0
1333920 1880.0
1333930 1880.0
1333940 1881.6
1333950 1882.5
1333960 1882.5
1333970 1883.1
1333980 1882.5
1333990 1882.5
1334000 1882.1
1334010 1880.7
1334020 1880.7
1334030 1882.2
1334040 1884.4
1334050 1884.4
1334060 1888.6
1334070 1893.2
1334080 1893.2
1334090 1894.7
1334100 1895.9
1334110 1895.9
1334120 1897.6
1334130 1899.2
1334140 1901.3
1334150 1901.3
1334160 1903.3
1334170 1904.1
1334180 1904.1
1334190 1904.0
1334200 1903.7
1334210 1903.7
1334220 1902.2
1334230 1901.1
1334240 1901.1
1334250 1901.8
1334260 1903.8
1334270 1903.8
1334280 1905.7
1334290 1906.9
1334300 1906.9
1334310 1907.1
1334320 1906.3
1334330 1906.3
1334340 1904.7
1334350 1903.3
1334360 1902.8
1334370 1902.8
1334380 1901.1
1334390 1898.8
1334400 1898.8
1334410 1896.3
1334420 1893.9
1334430 1893.9
1334440 1891.2
1334450 1888.3
1334460 1888.3
1334470 1884.1
1334480 1879.6
1334490 1879.6
1334500 1875.4
1334510 1871.0
1334520 1871.0
1334530 1866.9
1334540 1862.8
1334550 1862.8
1334560 1859.0
1334570 1854.6
1334580 1854.6
1334590 1849.0
1334600 1844.4
1334610 1840.6
1334620 1840.6
1334630 1837.2
1334640 1833.9
1334650 1833.9
1334660 1830.7
1334670 1827.6
1334680 1827.6
1334690 1824.4
1334700 1820.7
1334710 1820.7
1334720 1816.8
1334730 1813.1
1334740 1813.1
1334750 1810.1
1334760 1806.6
1334770 1806.6
1334780 1802.3
1334790 1798.4
1334800 1798.4
1334810 1794.2
1334820 1790.0
1334830 1790.0
1334840 1786.4
1334850 1782.1
1334860 1776.6
1334870 1776.6
1334880 1773.0
1334890 1769.7
1334900 1769.7
1334910 1766.3
1334920 1763.3
1334930 1763.3
1334940 1760.7
1334950 1758.1
1334960 1758.1
1334970 1755.1
1334980 1751.9
1334990 1751.9
1335000 1748.8
1335010 1745.9
1335020 1745.9
1335030 1743.9
1335040 1741.5
1335050 1741.5
1335060 1738.5
1335070 1735.9
1335080 1735.9
1335090 1734.0
1335100 1731.8
1335110 1729.7
1335120 1729.7
1335130 1726.9
1335140 1723.5
1335150 1723.5
1335160 1720.2
1335170 1715.9
1335180 1715.9
1335190 1712.0
1335200 1708.5
1335210 1708.5
1335220 1706.0
1335230 1703.5
1335240 1703.5
1335250 1700.5
1335260 1697.0
1335270 1697.0
1335280 1692.7
1335290 1688.2
1335300 1688.2
1335310 1683.4
1335320 1678.9
1335330 1678.9
1335340 1674.2
1335350 1670.4
1335360 1666.8
1335370 1666.8
1335380 1663.2
1335390 1661.3
1335400 1661.3
1335410 1659.9
1335420 1658.2
1335430 1658.2
1335440 1656.1
1335450 1653.2
1335460 1653.2
1335470 1649.6
1335480 1646.0
1335490 1646.0
1335500 1641.9
1335510 1637.3
1335520 1637.3
1335530 1633.5
1335540 1631.1
1335550 1631.1
1335560 1629.3
1335570 1627.7
1335580 1627.7
1335590 1624.3
1335600 1619.2
1335610 1613.9
1335620 1613.9
1335630 1609.6
1335640 1606.0
1335650 1606.0
1335660 1601.9
1335670 1596.9
1335680 1596.9
1335690 1592.7
1335700 1587.6
1335710 1587.1
1335720 1582.3
1335730 1577.2
1335740 1577.2
1335750 1572.3
1335760 1566.5
1335770 1566.5
1335780 1559.6
1335790 1553.6
1335800 1553.6
1335810 1548.4
1335820 1542.3
1335830 1542.3
1335840 1536.7
1335850 1531.6
1335860 1526.3
1335870 1526.3
1335880 1521.0
1335890 1515.8
1335900 1515.8
1335910 1510.5
1335920 1505.0
1335930 1505.0
1335940 1499.3
1335950 1493.8
1335960 1493.8
1335970 1488.0
1335980 1481.4
1335990 1481.4
1336000 1474.8
1336010 1465.8
1336020 1465.8
1336030 1454.8
1336040 1449.6
1336050 1449.6
1336060 1454.8
1336070 1458.8
1336080 1458.8
1336090 1458.1
1336100 1464.0
1336110 1472.3
1336120 1472.3
1336130 1479.8
1336140 1487.3
1336150 1487.3
1336160 1492.4
1336170 1496.9
1336180 1496.9
1336190 1500.9
1336200 1503.9
1336210 1503.9
1336220 1506.0
1336230 1508.5
1336240 1508.5
1336250 1511.4
1336260 1513.7
1336270 1513.7
1336280 1515.5
1336290 1517.0
1336300 1517.0
1336310 1519.3
1336320 1522.1
1336330 1522.1
1336340 1524.7
1336350 1528.5
1336360 1532.0
1336370 1532.0
1336380 1537.4
1336390 1543.4
1336400 1543.4
1336410 1547.0
1336420 1549.0
1336430 1549.0
1336440 1556.0
1336450 1563.2
1336460 1563.2
1336470 1568.5
1336480 1572.0
1336490 1572.0
1336500 1574.0
1336510 1575.2
1336520 1575.2
1336530 1575.6
1336540 1575.3
1336550 1575.3
1336560 1576.4
1336570 1576.3
1336580 1576.3
1336590 1577.8
1336600 1579.0
1336610 1578.6
1336620 1578.6
1336630 1577.0
1336640 1576.0
1336650 1576.0
1336660 1574.9
1336670 1574.5
1336680 1574.5
1336690 1574.2
1336700 1574.3
1336710 1574.3
1336720 1573.3
1336730 1572.6
1336740 1572.6
1336750 1571.8
1336760 1571.0
1336770 1571.0
1336780 1570.3
1336790 1569.5
1336800 1569.5
1336810 1568.2
1336820 1566.8
1336830 1566.8
1336840 1566.3
1336850 1566.8
1336860 1568.6
1336870 1568.6
1336880 1571.1
1336890 1573.0
1336900 1573.0
1336910 1573.5
1336920 1572.3
1336930 1572.3
1336940 1570.9
1336950 1569.9
1336960 1569.9
1336970 1568.3
1336980 1564.7
1336990 1564.7
1337000 1560.5
1337010 1555.5
1337020 1555.5
1337030 1550.8
1337040 1546.7
1337050 1546.7
1337060 1542.8
1337070 1539.7
1337080 1539.7
1337090 1539.3
1337100 1538.5
1337110 1537.0
1337120 1537.0
1337130 1535.5
1337140 1533.3
1337150 1533.3
1337160 1529.4
1337170 1526.0
1337180 1526.0
1337190 1524.1
1337200 1523.5
1337210 1523.5
1337220 1522.4
1337230 1523.2
1337240 1523.2
1337250 1526.1
1337260 1527.6
1337270 1527.6
1337280 1526.6
1337290 1524.7
1337300 1524.7
1337310 1522.2
1337320 1519.1
1337330 1519.1
1337340 1514.9
1337350 1510.9
1337360 1507.5
1337370 1507.5
1337380 1504.4
1337390 1501.3
1337400 1501.3
1337410 1498.6
1337420 1495.8
1337430 1491.4
1337440 1490.0
1337450 1488.2
1337460 1488.2
1337470 1485.7
1337480 1483.2
1337490 1483.2
1337500 1479.7
1337510 1476.0
1337520 1476.0
1337530 1472.7
1337540 1471.0
1337550 1471.0
1337560 1467.9
1337570 1465.5
1337580 1465.5
1337590 1462.7
1337600 1458.4
1337610 1453.1
1337620 1453.1
1337630 1447.2
1337640 1440.9
1337650 1440.9
1337660 1434.0
1337670 1426.5
1337680 1426.5
1337690 1418.8
1337700 1411.9
1337710 1411.9
1337720 1405.3
1337730 1398.8
1337740 1398.8
1337750 1391.7
1337760 1384.7
1337770 1384.7
1337780 1380.0
1337790 1374.7
1337800 1374.7
1337810 1370.9
1337820 1374.4
1337830 1374.4
1337840 1378.4
1337850 1379.4
1337860 1377.6
1337870 1377.6
1337880 1374.8
1337890 1372.4
1337900 1372.4
1337910 1367.6
1337920 1362.6
1337930 1362.6
1337940 1357.3
1337950 1352.7
1337960 1352.7
1337970 1350.5
1337980 1349.6
1337990 1349.6
1338000 1349.1
1338010 1347.6
1338020 1347.6
1338030 1344.0
1338040 1342.7
1338050 1342.7
1338060 1344.3
1338070 1344.8
1338080 1344.8
1338090 1344.2
1338100 1341.8
1338110 1337.8
1338120 1337.8
1338130 1334.0
1338140 1331.6
1338150 1331.6
1338160 1330.2
1338170 1329.9
1338180 1329.9
1338190 1330.6
1338200 1330.3
1338210 1330.3
1338220 1329.9
1338230 1329.8
1338240 1329.8
1338250 1331.5
1338260 1333.4
1338270 1333.4
1338280 1334.9
1338290 1335.8
1338300 1330.5
1338310 1329.5
1338320 1324.4
1338330 1324.4
1338340 1318.6
1338350 1315.1
1338360 1312.4
1338370 1312.4
1338380 1310.2
1338390 1308.8
1338400 1308.8
1338410 1307.8
1338420 1306.2
1338430 1306.2
1338440 1306.5
1338450 1307.6
1338460 1307.6
1338470 1308.4
1338480 1308.6
1338490 1308.6
1338500 1307.8
1338510 1306.4
1338520 1306.4
1338530 1305.2
1338540 1303.9
1338550 1303.9
1338560 1302.3
1338570 1300.6
1338580 1300.6
1338590 1298.7
1338600 1296.0
1338610 1292.0
1338620 1292.0
1338630 1287.1
1338640 1281.8
1338650 1281.8
1338660 1276.8
1338670 1272.5
1338680 1272.5
1338690 1268.6
1338700 1265.1
1338710 1265.1
1338720 1262.4
1338730 1260.2
1338740 1260.2
1338750 1258.5
1338760 1257.3
1338770 1257.3
1338780 1255.9
1338790 1253.2
1338800 1253.2
1338810 1247.9
1338820 1240.3
1338830 1240.3
1338840 1236.1
1338850 1235.4
1338860 1235.0
1338870 1235.0
1338880 1234.4
1338890 1234.0
1338900 1234.0
1338910 1234.0
1338920 1234.1
1338930 1234.1
1338940 1234.2
1338950 1233.9
1338960 1233.9
1338970 1233.3
1338980 1232.6
1338990 1232.6
1339000 1232.7
1339010 1233.2
1339020 1233.2
1339030 1234.2
1339040 1235.8
1339050 1235.8
1339060 1237.4
1339070 1239.4
1339080 1239.4
1339090 1241.4
1339100 1244.6
1339110 1248.3
1339120 1248.3
1339130 1252.1
1339140 1255.8
1339150 1255.8
1339160 1259.3
1339170 1267.3
1339180 1267.3
1339190 1271.6
1339200 1276.6
1339210 1276.6
1339220 1278.9
1339230 1278.4
1339240 1278.4
1339250 1277.9
1339260 1278.8
1339270 1278.8
1339280 1278.8
1339290 1280.6
1339300 1280.6
1339310 1283.4
1339320 1285.8
1339330 1285.6
1339340 1285.6
1339350 1286.2
1339360 1285.4
1339370 1285.4
1339380 1287.3
1339390 1291.6
1339400 1291.6
1339410 1294.5
1339420 1295.1
1339430 1295.1
1339440 1295.3
1339450 1297.4
1339460 1297.4
1339470 1298.7
1339480 1300.7
1339490 1300.7
1339500 1302.9
1339510 1304.8
1339520 1304.8
1339530 1306.4
1339540 1307.2
1339550 1307.2
1339560 1311.0
1339570 1316.3
1339580 1321.7
1339590 1321.7
1339600 1326.4
1339610 1331.3
1339620 1331.3
1339630 1336.0
1339640 1341.2
1339650 1341.2
1339660 1344.4
1339670 1347.8
1339680 1347.8
1339690 1352.7
1339700 1355.2
1339710 1355.2
1339720 1357.6
1339730 1362.0
1339740 1362.0
1339750 1366.4
1339760 1369.0
1339770 1369.0
1339780 1370.0
1339790 1370.7
1339800 1370.7
1339810 1372.0
1339820 1375.0
1339830 1379.3
1339840 1379.3
1339850 1382.5
1339860 1385.1
1339870 1385.1
1339880 1387.7
1339890 1391.5
1339900 1391.5
1339910 1393.4
1339920 1394.9
1339930 1394.9
1339940 1396.6
1339950 1398.2
1339960 1398.2
1339970 1399.8
1339980 1401.1
1339990 1401.1
