1320000 821.0
1320010 818.1
1320020 818.1
1320030 816.1
1320040 814.8
1320050 814.8
1320060 813.2
1320070 811.0
1320080 811.0
1320090 809.7
1320100 809.0
1320110 809.0
1320120 809.2
1320130 810.3
1320140 810.3
1320150 810.1
1320160 807.2
1320170 807.2
1320180 801.5
1320190 793.6
1320200 785.9
1320210 785.9
1320220 779.5
1320230 773.2
1320240 773.2
1320250 767.5
1320260 762.1
1320270 762.1
1320280 760.0
1320290 758.0
1320300 758.0
1320310 752.5
1320320 746.8
1320330 746.8
1320340 742.2
1320350 736.5
1320360 736.5
1320370 732.8
1320380 731.2
1320390 731.2
1320400 729.7
1320410 728.3
1320420 728.3
1320430 729.8
1320440 726.0
1320450 718.7
1320460 718.7
1320470 710.6
1320480 703.4
1320490 703.4
1320500 698.2
1320510 697.7
1320520 697.7
1320530 697.3
1320540 693.5
1320550 693.5
1320560 687.3
1320570 684.5
1320580 684.5
1320590 680.3
1320600 674.7
1320610 674.7
1320620 668.4
1320630 661.0
1320640 661.0
1320650 653.6
1320660 650.5
1320670 650.5
1320680 649.8
1320690 646.3
1320700 639.5
1320710 639.5
1320720 635.5
1320730 633.4
1320740 633.4
1320750 633.4
1320760 636.6
1320770 636.6
1320780 640.4
1320790 642.1
1320800 642.1
1320810 641.4
1320820 640.2
1320830 640.2
1320840 638.9
1320850 637.9
1320860 637.9
1320870 636.9
1320880 636.0
1320890 636.0
1320900 634.6
1320910 632.8
1320920 632.8
1320930 630.9
1320940 629.4
1320950 628.2
1320960 628.2
1320970 626.9
1320980 625.4
1320990 625.4
1321000 624.0
1321010 622.5
1321020 622.5
1321030 620.9
1321040 619.3
1321050 619.3
1321060 618.1
1321070 617.4
1321080 617.4
1321090 617.1
1321100 616.4
1321110 616.4
1321120 614.7
1321130 613.4
1321140 613.4
1321150 611.7
1321160 610.3
1321170 610.3
1321180 609.1
1321190 608.1
1321200 606.9
1321210 606.4
1321220 605.3
1321230 604.3
1321240 604.3
1321250 603.3
1321260 602.0
1321270 602.0
1321280 600.9
1321290 600.1
1321300 600.1
1321310 598.9
1321320 597.7
1321330 597.7
1321340 596.2
1321350 594.8
1321360 594.8
1321370 593.3
1321380 592.1
1321390 592.1
1321400 591.1
1321410 590.4
1321420 590.4
1321430 589.7
1321440 587.4
1321450 586.3
1321460 586.3
1321470 585.2
1321480 584.3
1321490 584.3
1321500 583.4
1321510 582.6
1321520 582.6
1321530 581.8
1321540 581.0
1321550 581.0
1321560 580.4
1321570 579.9
1321580 579.9
1321590 579.3
1321600 578.8
1321610 578.8
1321620 578.4
1321630 578.1
1321640 578.1
1321650 577.7
1321660 577.5
1321670 577.5
1321680 577.3
1321690 577.3
1321700 577.3
1321710 577.3
1321720 577.3
1321730 577.3
1321740 577.3
1321750 577.5
1321760 577.7
1321770 577.7
1321780 577.8
1321790 578.0
1321800 578.0
1321810 577.9
1321820 577.6
1321830 577.6
1321840 577.5
1321850 577.5
1321860 577.5
1321870 577.5
1321880 577.5
1321890 577.5
1321900 577.9
1321910 578.8
1321920 578.8
1321930 578.6
1321940 578.5
1321950 578.6
1321960 578.6
1321970 578.6
1321980 577.7
1321990 577.0
1322000 575.1
1322010 574.1
1322020 574.1
1322030 574.2
1322040 576.6
1322050 576.6
1322060 578.3
1322070 578.9
1322080 578.9
1322090 578.7
1322100 577.6
1322110 577.6
1322120 577.3
1322130 577.0
1322140 577.0
1322150 577.0
1322160 577.0
1322170 577.0
1322180 577.4
1322190 578.1
1322200 578.7
1322210 578.7
1322220 579.2
1322230 579.5
1322240 579.5
1322250 579.8
1322260 580.0
1322270 580.0
1322280 580.2
1322290 580.4
1322300 580.4
1322310 580.5
1322320 580.8
1322330 580.8
1322340 581.1
1322350 581.3
1322360 581.3
1322370 581.5
1322380 581.6
1322390 581.6
1322400 581.8
1322410 581.8
1322420 581.8
1322430 581.9
1322440 582.1
1322450 582.2
1322460 582.2
1322470 582.4
1322480 582.5
1322490 582.5
1322500 582.7
1322510 583.0
1322520 583.0
1322530 583.3
1322540 583.6
1322550 583.6
1322560 584.0
1322570 584.6
1322580 584.6
1322590 584.8
1322600 584.6
1322610 584.6
1322620 584.7
1322630 585.0
1322640 585.0
1322650 585.2
1322660 585.6
1322670 585.6
1322680 586.2
1322690 587.1
1322700 588.3
1322710 588.3
1322720 589.4
1322730 589.7
1322740 589.7
1322750 589.9
1322760 590.1
1322770 590.1
1322780 590.4
1322790 590.9
1322800 590.9
1322810 591.5
1322820 591.7
1322830 591.7
1322840 591.5
1322850 589.6
1322860 589.6
1322870 587.7
1322880 592.3
1322890 592.3
1322900 593.2
1322910 593.5
1322920 593.5
1322930 593.7
1322940 594.1
1322950 594.6
1322960 594.6
1322970 595.7
1322980 597.1
1322990 597.1
1323000 599.4
1323010 602.8
1323020 602.8
1323030 607.2
1323040 609.7
1323050 609.7
1323060 609.9
1323070 608.9
1323080 608.9
1323090 608.8
1323100 609.0
1323110 609.0
1323120 610.4
1323130 612.1
1323140 612.1
1323150 612.8
1323160 612.9
1323170 612.9
1323180 612.1
1323190 607.2
1323200 602.3
1323210 602.3
1323220 599.8
1323230 599.2
1323240 599.2
1323250 599.4
1323260 599.4
1323270 599.4
1323280 599.7
1323290 599.9
1323300 599.9
1323310 600.1
1323320 600.4
1323330 600.4
1323340 600.9
1323350 601.3
1323360 601.3
1323370 601.8
1323380 602.1
1323390 602.1
1323400 602.5
1323410 603.0
1323420 603.0
1323430 603.6
1323440 604.1
1323450 604.7
1323460 604.7
1323470 605.0
1323480 605.6
1323490 605.6
1323500 605.2
1323510 604.8
1323520 604.8
1323530 604.9
1323540 606.2
1323550 606.2
1323560 611.1
1323570 610.6
1323580 610.6
1323590 609.7
1323600 608.4
1323610 608.4
1323620 606.2
1323630 603.3
1323640 603.3
1323650 601.7
1323660 601.6
1323670 601.6
1323680 602.0
1323690 602.4
1323700 602.5
1323710 602.5
1323720 602.7
1323730 603.6
1323740 603.6
1323750 607.2
1323760 614.5
1323770 614.5
1323780 625.7
1323790 635.6
1323800 635.6
1323810 638.3
1323820 640.0
1323830 640.0
1323840 647.0
1323850 648.1
1323860 648.1
1323870 643.0
1323880 641.5
1323890 641.5
1323900 646.5
1323910 654.2
1323920 654.2
1323930 660.7
1323940 666.9
1323950 674.1
1323960 674.1
1323970 679.4
1323980 682.2
1323990 682.2
1324000 684.6
1324010 686.4
1324020 686.4
1324030 688.7
1324040 689.1
1324050 689.1
1324060 687.8
1324070 688.7
1324080 688.7
1324090 691.9
1324100 697.5
1324110 697.5
1324120 701.5
1324130 703.4
1324140 703.4
1324150 704.0
1324160 703.8
1324170 703.8
1324180 706.1
1324190 707.5
1324200 704.6
1324210 704.6
1324220 700.9
1324230 701.8
1324240 701.8
1324250 705.5
1324260 706.6
1324270 706.6
1324280 704.8
1324290 704.6
1324300 704.6
1324310 706.0
1324320 706.8
1324330 706.8
1324340 708.9
1324350 713.1
1324360 704.4
1324370 707.8
1324380 711.9
1324390 711.9
1324400 718.5
1324410 725.9
1324420 725.9
1324430 728.4
1324440 730.6
1324450 734.7
1324460 734.7
1324470 738.0
1324480 740.2
1324490 740.2
1324500 740.0
1324510 739.7
1324520 739.7
1324530 739.1
1324540 737.3
1324550 737.3
1324560 736.5
1324570 738.9
1324580 738.9
1324590 744.2
1324600 749.1
1324610 749.1
1324620 755.3
1324630 761.6
1324640 761.6
1324650 766.0
1324660 770.1
1324670 770.1
1324680 773.9
1324690 777.3
1324700 780.4
1324710 780.4
1324720 783.6
1324730 786.4
1324740 786.4
1324750 789.0
1324760 790.7
1324770 790.7
1324780 792.5
1324790 794.9
1324800 794.9
1324810 797.1
1324820 799.2
1324830 799.2
1324840 801.3
1324850 803.2
1324860 803.2
1324870 805.0
1324880 807.1
1324890 807.1
1324900 809.5
1324910 811.9
1324920 811.9
1324930 813.7
1324940 814.9
1324950 815.8
1324960 815.8
1324970 817.0
1324980 819.3
1324990 819.3
1325000 822.0
1325010 824.3
1325020 824.3
1325030 827.7
1325040 832.0
1325050 832.0
1325060 836.8
1325070 841.6
1325080 841.6
1325090 846.4
1325100 850.6
1325110 850.6
1325120 853.0
1325130 855.6
1325140 855.6
1325150 855.9
1325160 858.9
1325170 858.9
1325180 862.0
1325190 864.8
1325200 867.2
1325210 867.2
1325220 869.2
1325230 871.3
1325240 871.3
1325250 873.2
1325260 874.3
1325270 874.3
1325280 875.1
1325290 875.5
1325300 875.5
1325310 875.8
1325320 876.3
1325330 876.3
1325340 877.3
1325350 878.4
1325360 878.4
1325370 879.4
1325380 880.6
1325390 880.6
1325400 882.2
1325410 883.9
1325420 883.9
1325430 885.7
1325440 887.5
1325450 889.3
1325460 889.3
1325470 890.4
1325480 891.4
1325490 891.4
1325500 892.8
1325510 893.5
1325520 893.5
1325530 894.5
1325540 896.0
1325550 896.0
1325560 897.8
1325570 900.1
1325580 900.1
1325590 902.7
1325600 905.4
1325610 905.4
1325620 907.9
1325630 910.4
1325640 910.4
1325650 913.1
1325660 916.3
1325670 916.3
1325680 920.7
1325690 924.7
1325700 927.9
1325710 927.9
1325720 931.3
1325730 933.0
1325740 933.0
1325750 934.5
1325760 938.5
1325770 938.5
1325780 945.2
1325790 950.5
1325800 950.5
1325810 954.4
1325820 957.8
1325830 957.8
1325840 961.8
1325850 966.3
1325860 966.3
1325870 971.6
1325880 976.3
1325890 976.3
1325900 980.2
1325910 983.8
1325920 983.8
1325930 987.2
1325940 990.4
1325950 989.9
1325960 989.9
1325970 993.0
1325980 996.5
1325990 996.5
1326000 1000.3
1326010 1003.4
1326020 1003.4
1326030 1006.3
1326040 1009.6
1326050 1009.6
1326060 1013.0
1326070 1016.2
1326080 1016.2
1326090 1019.9
1326100 1023.0
1326110 1023.0
1326120 1026.3
1326130 1029.7
1326140 1029.7
1326150 1032.9
1326160 1035.8
1326170 1035.8
1326180 1038.6
1326190 1041.5
1326200 1044.6
1326210 1044.6
1326220 1047.4
1326230 1050.3
1326240 1050.3
1326250 1052.5
1326260 1054.4
1326270 1054.4
1326280 1056.7
1326290 1058.9
1326300 1058.9
1326310 1061.0
1326320 1063.4
1326330 1063.4
1326340 1065.8
1326350 1068.4
1326360 1068.4
1326370 1071.0
1326380 1073.7
1326390 1073.7
1326400 1076.2
1326410 1078.9
1326420 1078.9
1326430 1081.8
1326440 1084.2
1326450 1087.6
1326460 1087.6
1326470 1092.0
1326480 1095.9
1326490 1095.9
1326500 1098.6
1326510 1100.7
1326520 1100.7
1326530 1103.5
1326540 1105.8
1326550 1105.8
1326560 1108.0
1326570 1111.0
1326580 1111.0
1326590 1113.6
1326600 1115.9
1326610 1115.9
1326620 1118.1
1326630 1120.3
1326640 1120.3
1326650 1122.9
1326660 1126.1
1326670 1126.1
1326680 1129.5
1326690 1133.5
1326700 1138.1
1326710 1138.1
1326720 1142.4
1326730 1145.9
1326740 1145.9
1326750 1149.1
1326760 1148.4
1326770 1148.4
1326780 1151.4
1326790 1153.9
1326800 1153.9
1326810 1156.5
1326820 1159.6
1326830 1159.6
1326840 1162.1
1326850 1164.5
1326860 1164.5
1326870 1167.0
1326880 1169.8
1326890 1169.8
1326900 1172.9
1326910 1175.6
1326920 1175.6
1326930 1178.6
1326940 1181.1
1326950 1183.7
1326960 1183.7
1326970 1186.3
1326980 1189.0
1326990 1189.0
1327000 1191.0
1327010 1192.7
1327020 1192.7
1327030 1194.3
1327040 1195.9
1327050 1195.9
1327060 1197.8
1327070 1199.0
1327080 1199.0
1327090 1199.8
1327100 1200.3
1327110 1200.3
1327120 1200.0
1327130 1199.4
1327140 1199.4
1327150 1198.9
1327160 1198.3
1327170 1198.3
1327180 1198.0
1327190 1199.0
1327200 1201.3
1327210 1201.3
1327220 1204.5
1327230 1207.9
1327240 1207.9
1327250 1209.7
1327260 1212.7
1327270 1212.7
1327280 1217.1
1327290 1220.0
1327300 1220.0
1327310 1221.9
1327320 1222.9
1327330 1222.9
1327340 1225.9
1327350 1231.1
1327360 1231.1
1327370 1236.3
1327380 1238.3
1327390 1238.3
1327400 1240.0
1327410 1242.8
1327420 1242.8
1327430 1245.6
1327440 1248.9
1327450 1252.9
1327460 1252.9
1327470 1256.7
1327480 1259.6
1327490 1259.6
1327500 1261.1
1327510 1262.6
1327520 1262.6
1327530 1264.0
1327540 1265.7
1327550 1265.7
1327560 1263.8
1327570 1265.4
1327580 1265.4
1327590 1267.3
1327600 1269.1
1327610 1269.1
1327620 1270.8
1327630 1272.6
1327640 1272.6
1327650 1274.3
1327660 1276.0
1327670 1276.0
1327680 1277.6
1327690 1279.0
1327700 1280.3
1327710 1280.3
1327720 1282.3
1327730 1285.1
1327740 1285.1
1327750 1287.8
1327760 1289.7
1327770 1289.7
1327780 1291.4
1327790 1293.2
1327800 1293.2
1327810 1294.7
1327820 1295.7
1327830 1295.7
1327840 1294.6
1327850 1292.6
1327860 1292.6
1327870 1292.3
1327880 1292.7
1327890 1292.7
1327900 1294.8
1327910 1299.1
1327920 1299.1
1327930 1303.0
1327940 1305.9
1327950 1308.1
1327960 1308.1
1327970 1310.0
1327980 1310.4
1327990 1310.4
1328000 1309.7
1328010 1310.4
1328020 1310.4
1328030 1313.5
1328040 1317.3
1328050 1317.3
1328060 1322.0
1328070 1327.4
1328080 1327.4
1328090 1333.7
1328100 1340.6
1328110 1340.6
1328120 1346.5
1328130 1351.8
1328140 1351.8
1328150 1356.4
1328160 1360.3
1328170 1360.3
1328180 1364.0
1328190 1366.7
1328200 1369.7
1328210 1369.7
1328220 1372.2
1328230 1373.9
1328240 1373.9
1328250 1375.0
1328260 1375.9
1328270 1375.9
1328280 1377.1
1328290 1378.3
1328300 1378.3
1328310 1379.0
1328320 1378.3
1328330 1378.3
1328340 1378.7
1328350 1381.7
1328360 1381.7
1328370 1387.0
1328380 1389.1
1328390 1389.1
1328400 1393.3
1328410 1396.1
1328420 1396.1
1328430 1398.7
1328440 1401.3
1328450 1403.3
1328460 1403.3
1328470 1404.4
1328480 1405.8
1328490 1405.8
1328500 1407.7
1328510 1409.7
1328520 1409.7
1328530 1411.7
1328540 1414.3
1328550 1414.3
1328560 1416.6
1328570 1419.4
1328580 1419.4
1328590 1423.1
1328600 1427.0
1328610 1427.0
1328620 1431.1
1328630 1435.2
1328640 1435.2
1328650 1437.4
1328660 1439.1
1328670 1439.1
1328680 1440.9
1328690 1443.3
1328700 1445.8
1328710 1445.8
1328720 1447.1
1328730 1447.4
1328740 1447.4
1328750 1446.1
1328760 1445.5
1328770 1445.5
1328780 1445.0
1328790 1443.6
1328800 1443.6
1328810 1442.5
1328820 1443.5
1328830 1443.5
1328840 1445.8
1328850 1449.5
1328860 1449.5
1328870 1451.7
1328880 1451.4
1328890 1451.4
1328900 1450.5
1328910 1449.7
1328920 1449.7
1328930 1449.3
1328940 1449.7
1328950 1449.5
1328960 1449.5
1328970 1448.3
1328980 1447.4
1328990 1447.4
1329000 1447.1
1329010 1446.3
1329020 1446.3
1329030 1445.5
1329040 1446.9
1329050 1446.9
1329060 1448.3
1329070 1449.2
1329080 1449.2
1329090 1450.2
1329100 1451.9
1329110 1451.9
1329120 1453.7
1329130 1456.0
1329140 1456.0
1329150 1458.9
1329160 1462.4
1329170 1462.4
1329180 1465.7
1329190 1463.6
1329200 1465.6
1329210 1465.6
1329220 1465.4
1329230 1466.0
1329240 1466.0
1329250 1468.8
1329260 1469.6
1329270 1469.6
1329280 1471.6
1329290 1474.9
1329300 1474.9
1329310 1476.3
1329320 1476.8
1329330 1476.8
1329340 1477.8
1329350 1478.0
1329360 1478.0
1329370 1478.1
1329380 1478.2
1329390 1478.2
1329400 1477.9
1329410 1478.9
1329420 1478.9
1329430 1480.9
1329440 1482.6
1329450 1483.8
1329460 1483.8
1329470 1485.0
1329480 1486.2
1329490 1486.2
1329500 1487.3
1329510 1488.7
1329520 1488.7
1329530 1489.9
1329540 1490.9
1329550 1490.9
1329560 1492.2
1329570 1493.0
1329580 1493.0
1329590 1493.5
1329600 1494.0
1329610 1494.0
1329620 1495.5
1329630 1497.5
1329640 1497.5
1329650 1498.3
1329660 1498.4
1329670 1498.4
1329680 1498.8
1329690 1500.5
1329700 1502.8
1329710 1502.8
1329720 1504.7
1329730 1506.5
1329740 1506.5
1329750 1509.1
1329760 1513.1
1329770 1513.1
1329780 1518.5
1329790 1522.3
1329800 1522.3
1329810 1523.3
1329820 1522.2
1329830 1522.2
1329840 1519.9
1329850 1521.7
1329860 1521.7
1329870 1523.4
1329880 1526.9
1329890 1526.9
1329900 1531.7
1329910 1534.6
1329920 1534.6
1329930 1537.1
1329940 1539.6
1329950 1541.6
1329960 1541.6
1329970 1544.8
1329980 1548.1
1329990 1548.1
1330000 1550.6
1330010 1550.0
1330020 1550.0
1330030 1554.2
1330040 1557.4
1330050 1557.4
1330060 1558.9
1330070 1559.2
1330080 1559.2
1330090 1559.2
1330100 1558.0
1330110 1558.0
1330120 1557.2
1330130 1556.3
1330140 1556.3
1330150 1556.9
1330160 1559.1
1330170 1559.1
1330180 1562.3
1330190 1566.1
1330200 1569.5
1330210 1569.5
1330220 1571.9
1330230 1574.9
1330240 1574.9
1330250 1576.9
1330260 1578.4
1330270 1578.4
1330280 1582.1
1330290 1584.8
1330300 1584.8
1330310 1587.8
1330320 1590.4
1330330 1590.4
1330340 1592.7
1330350 1594.6
1330360 1594.6
1330370 1596.9
1330380 1600.9
1330390 1600.9
1330400 1605.0
1330410 1608.7
1330420 1608.7
1330430 1612.3
1330440 1614.4
1330450 1616.1
1330460 1616.1
1330470 1618.4
1330480 1622.1
1330490 1622.1
1330500 1626.0
1330510 1629.1
1330520 1629.1
1330530 1631.8
1330540 1634.6
1330550 1634.6
1330560 1638.0
1330570 1642.9
1330580 1642.9
1330590 1647.2
1330600 1646.6
1330610 1646.6
1330620 1644.2
1330630 1645.5
1330640 1645.5
1330650 1647.6
1330660 1647.1
1330670 1647.1
1330680 1646.0
1330690 1645.3
1330700 1645.5
1330710 1645.5
1330720 1643.8
1330730 1639.4
1330740 1639.4
1330750 1635.0
1330760 1634.3
1330770 1634.3
1330780 1637.7
1330790 1641.1
1330800 1641.1
1330810 1641.3
1330820 1638.0
1330830 1638.0
1330840 1639.6
1330850 1648.0
1330860 1648.0
1330870 1656.1
1330880 1664.7
1330890 1664.7
1330900 1672.2
1330910 1679.4
1330920 1679.4
1330930 1684.9
1330940 1689.6
1330950 1694.0
1330960 1694.0
1330970 1698.3
1330980 1701.6
1330990 1701.6
1331000 1704.2
1331010 1706.8
1331020 1706.8
1331030 1709.1
1331040 1711.4
1331050 1711.4
1331060 1713.8
1331070 1715.9
1331080 1715.9
1331090 1717.9
1331100 1719.6
1331110 1719.6
1331120 1721.3
1331130 1722.7
1331140 1722.7
1331150 1723.9
1331160 1725.3
1331170 1725.3
1331180 1727.1
1331190 1729.0
1331200 1730.4
1331210 1730.4
1331220 1731.9
1331230 1734.1
1331240 1734.1
1331250 1736.1
1331260 1737.5
1331270 1737.5
1331280 1738.5
1331290 1739.2
1331300 1739.2
1331310 1739.8
1331320 1740.3
1331330 1740.3
1331340 1741.6
1331350 1743.7
1331360 1743.7
1331370 1745.6
1331380 1747.0
1331390 1747.0
1331400 1748.3
1331410 1749.6
1331420 1749.6
1331430 1750.7
1331440 1751.5
1331450 1751.8
1331460 1751.8
1331470 1750.6
1331480 1749.6
1331490 1749.6
1331500 1748.9
1331510 1748.6
1331520 1748.6
1331530 1748.0
1331540 1747.3
1331550 1747.3
1331560 1746.6
1331570 1745.5
1331580 1745.5
1331590 1744.1
1331600 1742.8
1331610 1742.8
1331620 1741.0
1331630 1738.3
1331640 1738.3
1331650 1736.6
1331660 1736.2
1331670 1735.4
1331680 1733.6
1331690 1731.7
1331700 1730.2
1331710 1730.2
1331720 1728.6
1331730 1726.4
1331740 1726.4
1331750 1724.0
1331760 1720.9
1331770 1720.9
1331780 1717.5
1331790 1714.4
1331800 1714.4
1331810 1711.4
1331820 1708.5
1331830 1708.5
1331840 1705.8
1331850 1702.7
1331860 1702.7
1331870 1699.1
1331880 1694.6
1331890 1694.6
1331900 1689.4
1331910 1683.8
1331920 1683.8
1331930 1678.7
1331940 1674.1
1331950 1669.3
1331960 1669.3
1331970 1665.1
1331980 1662.4
1331990 1662.4
1332000 1660.2
1332010 1658.0
1332020 1658.0
1332030 1655.3
1332040 1652.3
1332050 1652.3
1332060 1648.7
1332070 1645.1
1332080 1645.1
1332090 1640.2
1332100 1636.3
1332110 1636.3
1332120 1633.7
1332130 1631.4
1332140 1631.4
1332150 1626.5
1332160 1620.1
1332170 1620.1
1332180 1615.9
1332190 1613.3
1332200 1610.1
1332210 1610.1
1332220 1605.6
1332230 1600.9
1332240 1600.9
1332250 1596.1
1332260 1589.8
1332270 1589.8
1332280 1583.7
1332290 1577.5
1332300 1577.5
1332310 1571.9
1332320 1570.2
1332330 1570.2
1332340 1571.1
1332350 1577.6
1332360 1577.6
1332370 1585.0
1332380 1591.8
1332390 1591.8
1332400 1598.5
1332410 1605.2
1332420 1605.2
1332430 1608.5
1332440 1608.4
1332450 1608.6
1332460 1608.6
1332470 1613.2
1332480 1620.7
1332490 1620.7
1332500 1630.2
1332510 1632.7
1332520 1632.7
1332530 1634.9
1332540 1637.1
1332550 1637.1
1332560 1639.1
1332570 1641.9
1332580 1641.9
1332590 1646.6
1332600 1652.8
1332610 1652.8
1332620 1660.0
1332630 1665.4
1332640 1665.4
1332650 1671.5
1332660 1679.6
1332670 1679.6
1332680 1687.4
1332690 1694.7
1332700 1702.4
1332710 1702.4
1332720 1709.9
1332730 1718.0
1332740 1718.0
1332750 1727.0
1332760 1733.9
1332770 1733.9
1332780 1740.2
1332790 1746.1
1332800 1746.1
1332810 1751.3
1332820 1756.1
1332830 1756.1
1332840 1761.0
1332850 1765.6
1332860 1765.6
1332870 1771.0
1332880 1777.3
1332890 1777.3
1332900 1783.8
1332910 1790.1
1332920 1790.1
1332930 1795.0
1332940 1799.5
1332950 1804.0
1332960 1804.0
1332970 1809.4
1332980 1815.0
1332990 1815.0
1333000 1820.7
1333010 1826.2
1333020 1826.2
1333030 1831.2
1333040 1835.4
1333050 1835.4
1333060 1839.8
1333070 1843.7
1333080 1843.7
1333090 1847.4
1333100 1848.7
1333110 1848.7
1333120 1849.4
1333130 1850.8
1333140 1850.8
1333150 1857.2
1333160 1866.5
1333170 1866.5
1333180 1873.8
1333190 1879.1
1333200 1884.3
1333210 1884.3
1333220 1890.0
1333230 1894.9
1333240 1894.9
1333250 1899.1
1333260 1904.8
1333270 1904.8
1333280 1910.0
1333290 1914.9
1333300 1914.9
1333310 1919.9
1333320 1924.7
1333330 1924.7
1333340 1930.5
1333350 1934.9
1333360 1934.9
1333370 1939.7
1333380 1944.3
1333390 1944.3
1333400 1949.2
1333410 1954.0
1333420 1954.0
1333430 1958.9
1333440 1963.6
1333450 1968.3
1333460 1968.3
1333470 1972.6
1333480 1977.0
1333490 1977.0
1333500 1981.2
1333510 1985.2
1333520 1985.2
1333530 1989.0
1333540 1992.7
1333550 1992.7
1333560 1996.2
1333570 2000.9
1333580 2000.9
1333590 2005.3
1333600 2009.4
1333610 2009.4
1333620 2013.2
1333630 2016.8
1333640 2016.8
1333650 2020.2
1333660 2023.8
1333670 2023.8
1333680 2028.0
1333690 2032.5
1333700 2036.2
1333710 2036.2
1333720 2038.8
1333730 2041.5
1333740 2041.5
1333750 2044.5
1333760 2048.2
1333770 2048.2
1333780 2052.5
1333790 2057.1
1333800 2057.1
1333810 2061.6
1333820 2064.7
1333830 2064.7
1333840 2066.7
1333850 2069.5
1333860 2069.5
1333870 2072.5
1333880 2075.6
1333890 2075.6
1333900 2080.8
1333910 2087.0
1333920 2087.0
1333930 2092.0
1333940 2097.0
1333950 2100.3
1333960 2100.3
1333970 2103.0
1333980 2106.6
1333990 2106.6
1334000 2109.6
1334010 2111.1
1334020 2111.1
1334030 2112.0
1334040 2112.7
1334050 2112.7
1334060 2113.0
1334070 2112.7
1334080 2112.7
1334090 2112.3
1334100 2111.4
1334110 2111.4
1334120 2110.7
1334130 2110.1
1334140 2110.1
1334150 2109.6
1334160 2108.5
1334170 2108.5
1334180 2104.4
1334190 2104.3
1334200 2105.0
1334210 2105.0
1334220 2105.4
1334230 2101.0
1334240 2101.0
1334250 2094.3
1334260 2090.7
1334270 2090.7
1334280 2087.7
1334290 2083.3
1334300 2083.3
1334310 2078.2
1334320 2072.2
1334330 2072.2
1334340 2066.3
1334350 2060.6
1334360 2060.6
1334370 2055.3
1334380 2049.8
1334390 2049.8
1334400 2043.8
1334410 2037.7
1334420 2037.7
1334430 2031.5
1334440 2025.7
1334450 2019.9
1334460 2019.9
1334470 2013.0
1334480 2005.7
1334490 2005.7
1334500 1999.7
1334510 1993.8
1334520 1993.8
1334530 1987.8
1334540 1982.3
1334550 1982.3
1334560 1976.3
1334570 1970.6
1334580 1970.6
1334590 1964.8
1334600 1959.0
1334610 1959.0
1334620 1953.5
1334630 1947.6
1334640 1947.6
1334650 1942.5
1334660 1937.6
1334670 1937.6
1334680 1932.7
1334690 1927.7
1334700 1923.0
1334710 1923.0
1334720 1919.0
1334730 1914.9
1334740 1914.9
1334750 1910.9
1334760 1908.4
1334770 1908.4
1334780 1905.1
1334790 1900.7
1334800 1900.7
1334810 1895.5
1334820 1889.9
1334830 1889.9
1334840 1884.8
1334850 1880.0
1334860 1880.0
1334870 1874.8
1334880 1869.5
1334890 1869.5
1334900 1864.6
1334910 1858.7
1334920 1858.7
1334930 1850.4
1334940 1840.2
1334950 1832.6
1334960 1832.6
1334970 1834.9
1334980 1837.1
1334990 1837.1
1335000 1835.1
1335010 1831.4
1335020 1831.4
1335030 1821.7
1335040 1818.8
1335050 1818.8
1335060 1817.2
1335070 1814.8
1335080 1814.8
1335090 1811.4
1335100 1805.7
1335110 1805.7
1335120 1799.9
1335130 1795.2
1335140 1795.2
1335150 1790.4
1335160 1786.1
1335170 1786.1
1335180 1780.7
1335190 1775.4
1335200 1770.9
1335210 1770.9
1335220 1765.5
1335230 1759.5
1335240 1759.5
1335250 1756.3
1335260 1752.5
1335270 1752.5
1335280 1747.3
1335290 1741.0
1335300 1741.0
1335310 1734.9
1335320 1728.4
1335330 1728.4
1335340 1721.0
1335350 1710.9
1335360 1710.9
1335370 1698.8
1335380 1688.0
1335390 1688.0
1335400 1678.7
1335410 1680.4
1335420 1680.4
1335430 1684.4
1335440 1684.4
1335450 1683.9
1335460 1683.9
1335470 1689.6
1335480 1696.1
1335490 1696.1
1335500 1701.5
1335510 1708.1
1335520 1708.1
1335530 1712.7
1335540 1716.6
1335550 1716.6
1335560 1720.0
1335570 1723.4
1335580 1723.4
1335590 1727.3
1335600 1730.7
1335610 1730.7
1335620 1731.9
1335630 1731.7
1335640 1731.7
1335650 1731.6
1335660 1730.3
1335670 1730.3
1335680 1728.5
1335690 1727.8
1335700 1727.4
1335710 1727.4
1335720 1726.5
1335730 1724.2
1335740 1724.2
1335750 1720.8
1335760 1714.9
1335770 1714.9
1335780 1708.3
1335790 1698.3
1335800 1698.3
1335810 1701.9
1335820 1708.4
1335830 1708.4
1335840 1712.5
1335850 1713.8
1335860 1713.8
1335870 1712.6
1335880 1711.3
1335890 1705.4
1335900 1702.6
1335910 1704.6
1335920 1704.6
1335930 1705.1
1335940 1704.0
1335950 1703.9
1335960 1703.9
1335970 1704.3
1335980 1705.7
1335990 1705.7
1336000 1710.4
1336010 1714.5
1336020 1714.5
1336030 1717.6
1336040 1720.0
1336050 1720.0
1336060 1722.1
1336070 1724.4
1336080 1724.4
1336090 1726.5
1336100 1728.4
1336110 1728.4
1336120 1730.0
1336130 1731.9
1336140 1731.9
1336150 1733.4
1336160 1732.7
1336170 1732.7
1336180 1731.0
1336190 1729.7
1336200 1728.2
1336210 1728.2
1336220 1727.2
1336230 1726.7
1336240 1726.7
1336250 1726.3
1336260 1723.3
1336270 1723.3
1336280 1713.1
1336290 1705.5
1336300 1705.5
1336310 1700.3
1336320 1701.1
1336330 1701.1
1336340 1705.1
1336350 1706.8
1336360 1706.8
1336370 1706.4
1336380 1706.9
1336390 1706.9
1336400 1708.5
1336410 1711.7
1336420 1711.7
1336430 1716.9
1336440 1721.1
1336450 1726.3
1336460 1726.3
1336470 1731.4
1336480 1732.5
1336490 1732.5
1336500 1734.8
1336510 1738.6
1336520 1738.6
1336530 1742.3
1336540 1745.4
1336550 1745.4
1336560 1746.7
1336570 1748.8
1336580 1748.8
1336590 1750.5
1336600 1751.6
1336610 1751.6
1336620 1751.2
1336630 1748.6
1336640 1748.6
1336650 1747.0
1336660 1744.8
1336670 1744.8
1336680 1741.9
1336690 1741.0
1336700 1739.8
1336710 1739.8
1336720 1738.9
1336730 1738.1
1336740 1738.1
1336750 1732.9
1336760 1730.3
1336770 1730.3
1336780 1728.4
1336790 1726.8
1336800 1726.8
1336810 1725.2
1336820 1723.6
1336830 1723.6
1336840 1722.3
1336850 1721.4
1336860 1721.4
1336870 1719.9
1336880 1717.9
1336890 1717.9
1336900 1716.0
1336910 1714.1
1336920 1714.1
1336930 1712.3
1336940 1710.3
1336950 1709.1
1336960 1709.1
1336970 1707.5
1336980 1705.8
1336990 1705.8
1337000 1704.5
1337010 1703.1
1337020 1703.1
1337030 1702.2
1337040 1701.8
1337050 1701.8
1337060 1701.7
1337070 1701.3
1337080 1701.3
1337090 1699.8
1337100 1697.8
1337110 1697.8
1337120 1695.0
1337130 1691.4
1337140 1691.4
1337150 1688.1
1337160 1685.3
1337170 1685.3
1337180 1683.1
1337190 1680.7
1337200 1675.9
1337210 1675.9
1337220 1664.5
1337230 1657.0
1337240 1657.0
1337250 1652.7
1337260 1650.6
1337270 1650.6
1337280 1647.2
1337290 1642.4
1337300 1642.4
1337310 1638.9
1337320 1635.7
1337330 1635.7
1337340 1634.5
1337350 1632.7
1337360 1632.7
1337370 1630.2
1337380 1626.6
1337390 1626.6
1337400 1623.3
1337410 1619.5
1337420 1619.5
1337430 1616.1
1337440 1612.0
1337450 1608.5
1337460 1608.5
1337470 1604.7
1337480 1600.3
1337490 1600.3
1337500 1595.2
1337510 1590.1
1337520 1590.1
1337530 1584.9
1337540 1581.4
1337550 1581.4
1337560 1578.2
1337570 1575.1
1337580 1575.1
1337590 1572.4
1337600 1568.7
1337610 1566.1
1337620 1561.3
1337630 1556.8
1337640 1556.8
1337650 1553.6
1337660 1550.7
1337670 1550.7
1337680 1548.0
1337690 1545.0
1337700 1541.2
1337710 1541.2
1337720 1537.1
1337730 1534.5
1337740 1534.5
1337750 1532.3
1337760 1531.7
1337770 1531.7
1337780 1530.6
1337790 1527.6
1337800 1527.6
1337810 1524.1
1337820 1522.3
1337830 1522.3
1337840 1519.8
1337850 1516.9
1337860 1516.9
1337870 1515.0
1337880 1512.0
1337890 1512.0
1337900 1509.0
1337910 1504.9
1337920 1504.9
1337930 1501.9
1337940 1501.3
1337950 1501.3
1337960 1501.3
1337970 1500.2
1337980 1498.3
1337990 1498.3
1338000 1495.5
1338010 1493.6
1338020 1493.6
1338030 1492.0
1338040 1490.1
1338050 1490.1
1338060 1488.6
1338070 1488.3
1338080 1488.3
1338090 1488.0
1338100 1486.8
1338110 1486.8
1338120 1485.1
1338130 1483.3
1338140 1483.3
1338150 1481.5
1338160 1480.2
1338170 1480.2
1338180 1478.5
1338190 1476.1
1338200 1472.6
1338210 1472.6
1338220 1469.4
1338230 1466.8
1338240 1466.8
1338250 1464.6
1338260 1463.7
1338270 1463.7
1338280 1463.2
1338290 1460.4
1338300 1460.4
1338310 1457.0
1338320 1453.9
1338330 1453.9
1338340 1451.6
1338350 1449.6
1338360 1449.6
1338370 1447.5
1338380 1445.8
1338390 1445.8
1338400 1443.5
1338410 1440.5
1338420 1440.5
1338430 1437.7
1338440 1434.8
1338450 1431.6
1338460 1431.6
1338470 1428.6
1338480 1424.2
1338490 1424.2
1338500 1423.4
1338510 1422.6
1338520 1422.6
1338530 1421.5
1338540 1419.8
1338550 1419.8
1338560 1417.1
1338570 1415.4
1338580 1415.4
1338590 1415.5
1338600 1415.2
1338610 1415.2
1338620 1416.9
1338630 1417.2
1338640 1417.2
1338650 1417.4
1338660 1417.8
1338670 1417.8
1338680 1416.7
1338690 1415.8
1338700 1415.4
1338710 1415.4
1338720 1412.7
1338730 1409.2
1338740 1409.2
1338750 1404.6
1338760 1396.6
1338770 1396.6
1338780 1386.0
1338790 1373.8
1338800 1373.8
1338810 1362.2
1338820 1353.1
1338830 1353.1
1338840 1346.5
1338850 1341.4
1338860 1341.4
1338870 1332.0
1338880 1322.5
1338890 1322.5
1338900 1322.1
1338910 1327.6
1338920 1327.6
1338930 1335.8
1338940 1348.1
1338950 1352.2
1338960 1352.2
1338970 1351.7
1338980 1350.5
1338990 1350.5
1339000 1348.8
1339010 1347.4
1339020 1347.4
1339030 1344.8
1339040 1340.9
1339050 1340.9
1339060 1335.4
1339070 1329.4
1339080 1329.4
1339090 1323.8
1339100 1319.4
1339110 1319.4
1339120 1316.7
1339130 1313.8
1339140 1313.8
1339150 1311.3
1339160 1310.1
1339170 1310.1
1339180 1309.4
1339190 1308.0
1339200 1306.4
1339210 1306.4
1339220 1304.9
1339230 1303.9
1339240 1303.9
1339250 1303.0
1339260 1302.4
1339270 1302.4
1339280 1301.6
1339290 1301.0
1339300 1301.0
1339310 1300.5
1339320 1298.7
1339330 1298.7
1339340 1296.9
1339350 1291.4
1339360 1291.4
1339370 1289.8
1339380 1288.2
1339390 1288.2
1339400 1287.5
1339410 1288.0
1339420 1288.0
1339430 1288.7
1339440 1288.7
1339450 1287.5
1339460 1287.5
1339470 1286.0
1339480 1284.4
1339490 1284.4
1339500 1282.2
1339510 1279.5
1339520 1279.5
1339530 1276.1
1339540 1270.7
1339550 1270.7
1339560 1266.5
1339570 1260.0
1339580 1260.0
1339590 1255.4
1339600 1252.1
1339610 1252.1
1339620 1249.4
1339630 1247.9
1339640 1247.9
1339650 1247.0
1339660 1245.8
1339670 1245.8
1339680 1245.2
1339690 1245.0
1339700 1245.0
1339710 1245.0
1339720 1245.0
1339730 1245.1
1339740 1245.1
1339750 1245.1
1339760 1245.2
1339770 1245.2
1339780 1245.2
1339790 1245.8
1339800 1245.8
1339810 1246.1
1339820 1246.0
1339830 1246.0
1339840 1246.0
1339850 1245.8
1339860 1245.8
1339870 1245.7
1339880 1245.5
1339890 1245.5
1339900 1245.0
1339910 1244.9
1339920 1244.9
1339930 1245.2
1339940 1245.7
1339950 1246.2
1339960 1246.2
1339970 1246.6
1339980 1246.7
1339990 1246.7
