1320000 1217.3
1320010 1215.5
1320020 1211.6
1320030 1211.6
1320040 1212.0
1320050 1211.5
1320060 1211.5
1320070 1209.5
1320080 1207.4
1320090 1207.4
1320100 1204.4
1320110 1198.3
1320120 1198.3
1320130 1192.3
1320140 1189.2
1320150 1189.2
1320160 1186.5
1320170 1182.7
1320180 1182.7
1320190 1179.7
1320200 1176.8
1320210 1174.4
1320220 1174.4
1320230 1171.7
1320240 1169.3
1320250 1169.3
1320260 1167.4
1320270 1165.5
1320280 1165.5
1320290 1163.5
1320300 1161.0
1320310 1161.0
1320320 1159.3
1320330 1158.8
1320340 1158.8
1320350 1158.3
1320360 1157.6
1320370 1157.6
1320380 1154.8
1320390 1150.8
1320400 1150.8
1320410 1147.1
1320420 1144.2
1320430 1144.2
1320440 1142.1
1320450 1140.6
1320460 1139.6
1320470 1139.6
1320480 1137.4
1320490 1136.6
1320500 1136.6
1320510 1135.4
1320520 1132.5
1320530 1132.5
1320540 1128.6
1320550 1124.8
1320560 1124.8
1320570 1121.3
1320580 1118.3
1320590 1118.3
1320600 1114.4
1320610 1111.6
1320620 1111.6
1320630 1109.0
1320640 1106.4
1320650 1106.4
1320660 1103.7
1320670 1101.5
1320680 1101.5
1320690 1099.8
1320700 1097.4
1320710 1094.8
1320720 1094.1
1320730 1089.7
1320740 1084.1
1320750 1084.1
1320760 1078.1
1320770 1071.8
1320780 1071.8
1320790 1069.5
1320800 1068.3
1320810 1068.3
1320820 1064.9
1320830 1062.4
1320840 1062.4
1320850 1060.3
1320860 1057.4
1320870 1057.4
1320880 1054.7
1320890 1053.1
1320900 1053.1
1320910 1053.0
1320920 1053.1
1320930 1053.1
1320940 1052.8
1320950 1052.2
1320960 1051.7
1320970 1051.7
1320980 1051.5
1320990 1050.9
1321000 1050.9
1321010 1050.4
1321020 1049.9
1321030 1049.9
1321040 1049.2
1321050 1048.5
1321060 1048.5
1321070 1045.7
1321080 1041.3
1321090 1041.3
1321100 1038.2
1321110 1035.5
1321120 1035.5
1321130 1032.0
1321140 1027.4
1321150 1027.4
1321160 1022.7
1321170 1018.5
1321180 1018.5
1321190 1012.8
1321200 1005.5
1321210 998.8
1321220 998.8
1321230 992.7
1321240 986.7
1321250 986.7
1321260 982.4
1321270 979.0
1321280 979.0
1321290 976.5
1321300 975.2
1321310 975.2
1321320 972.6
1321330 968.9
1321340 968.9
1321350 963.0
1321360 957.5
1321370 957.5
1321380 953.3
1321390 948.9
1321400 948.9
1321410 946.5
1321420 946.0
1321430 946.0
1321440 945.7
1321450 942.6
1321460 936.4
1321470 936.4
1321480 932.2
1321490 930.6
1321500 930.2
1321510 925.9
1321520 915.4
1321530 915.4
1321540 909.2
1321550 906.3
1321560 906.3
1321570 902.9
1321580 900.0
1321590 900.0
1321600 898.3
1321610 893.9
1321620 893.9
1321630 886.6
1321640 879.1
1321650 879.1
1321660 864.7
1321670 852.7
1321680 852.7
1321690 846.1
1321700 841.5
1321710 838.5
1321720 838.5
1321730 837.1
1321740 834.2
1321750 834.2
1321760 829.1
1321770 826.6
1321780 826.6
1321790 825.7
1321800 823.4
1321810 823.4
1321820 820.3
1321830 816.4
1321840 816.4
1321850 814.1
1321860 811.6
1321870 811.6
1321880 806.4
1321890 800.5
1321900 800.5
1321910 795.4
1321920 790.1
1321930 790.1
1321940 784.5
1321950 779.3
1321960 775.2
1321970 775.2
1321980 770.7
1321990 766.1
1322000 766.1
1322010 762.3
1322020 759.9
1322030 759.9
1322040 758.1
1322050 756.8
1322060 756.8
1322070 756.9
1322080 757.4
1322090 757.4
1322100 757.3
1322110 756.6
1322120 756.6
1322130 755.1
1322140 753.2
1322150 753.2
1322160 749.3
1322170 746.1
1322180 746.1
1322190 740.8
1322200 729.1
1322210 720.2
1322220 720.2
1322230 714.9
1322240 712.1
1322250 712.1
1322260 709.8
1322270 706.4
1322280 700.9
1322290 697.4
1322300 693.7
1322310 693.7
1322320 690.0
1322330 686.7
1322340 686.7
1322350 681.9
1322360 679.7
1322370 679.7
1322380 679.3
1322390 673.2
1322400 673.2
1322410 670.0
1322420 666.7
1322430 666.7
1322440 657.5
1322450 646.0
1322460 634.8
1322470 634.8
1322480 632.3
1322490 635.0
1322500 635.0
1322510 638.0
1322520 636.6
1322530 636.6
1322540 633.0
1322550 628.3
1322560 628.3
1322570 623.3
1322580 615.6
1322590 615.6
1322600 611.9
1322610 607.8
1322620 607.8
1322630 604.6
1322640 601.3
1322650 601.3
1322660 596.7
1322670 592.1
1322680 592.1
1322690 588.5
1322700 585.2
1322710 581.9
1322720 581.9
1322730 579.3
1322740 577.0
1322750 577.0
1322760 575.5
1322770 574.9
1322780 574.9
1322790 574.7
1322800 574.6
1322810 574.6
1322820 574.7
1322830 574.7
1322840 574.7
1322850 574.7
1322860 574.7
1322870 574.7
1322880 574.6
1322890 573.9
1322900 573.9
1322910 572.7
1322920 571.2
1322930 571.2
1322940 569.9
1322950 569.2
1322960 569.2
1322970 569.0
1322980 569.0
1322990 569.4
1323000 569.4
1323010 570.5
1323020 571.6
1323030 571.6
1323040 572.1
1323050 572.4
1323060 572.8
1323070 573.0
1323080 573.5
1323090 573.5
1323100 573.1
1323110 573.1
1323120 573.1
1323130 573.0
1323140 572.9
1323150 572.9
1323160 572.8
1323170 572.8
1323180 572.8
1323190 572.7
1323200 572.7
1323210 572.7
1323220 572.6
1323230 572.5
1323240 572.5
1323250 572.5
1323260 572.4
1323270 572.4
1323280 572.4
1323290 572.5
1323300 572.5
1323310 572.5
1323320 572.4
1323330 572.7
1323340 572.7
1323350 572.4
1323360 571.9
1323370 571.9
1323380 571.7
1323390 571.6
1323400 571.6
1323410 571.6
1323420 571.6
1323430 571.6
1323440 571.6
1323450 571.6
1323460 571.6
1323470 571.7
1323480 571.8
1323490 571.8
1323500 571.8
1323510 571.8
1323520 571.9
1323530 571.9
1323540 571.9
1323550 571.8
1323560 571.8
1323570 571.8
1323580 571.8
1323590 571.8
1323600 571.9
1323610 571.9
1323620 571.9
1323630 571.9
1323640 571.8
1323650 571.8
1323660 571.7
1323670 571.7
1323680 571.7
1323690 571.9
1323700 571.9
1323710 571.9
1323720 571.8
1323730 571.7
1323740 571.6
1323750 571.6
1323760 571.6
1323770 571.6
1323780 571.6
1323790 571.5
1323800 571.5
1323810 571.5
1323820 571.5
1323830 571.5
1323840 571.5
1323850 571.6
1323860 571.9
1323870 571.9
1323880 571.8
1323890 571.7
1323900 571.7
1323910 571.8
1323920 571.9
1323930 571.9
1323940 571.7
1323950 571.5
1323960 571.5
1323970 571.5
1323980 571.6
1323990 571.9
1324000 571.9
1324010 571.9
1324020 571.7
1324030 571.7
1324040 572.0
1324050 571.7
1324060 571.7
1324070 571.3
1324080 571.3
1324090 571.3
1324100 571.3
1324110 571.4
1324120 571.4
1324130 571.5
1324140 571.5
1324150 571.5
1324160 571.6
1324170 571.7
1324180 571.7
1324190 571.7
1324200 571.6
1324210 571.6
1324220 571.5
1324230 571.5
1324240 571.4
1324250 571.4
1324260 571.4
1324270 571.3
1324280 571.3
1324290 571.4
1324300 572.0
1324310 572.0
1324320 573.4
1324330 572.9
1324340 572.9
1324350 572.4
1324360 573.0
1324370 573.0
1324380 573.9
1324390 574.4
1324400 574.4
1324410 574.0
1324420 571.8
1324430 571.8
1324440 572.4
1324450 574.2
1324460 574.2
1324470 574.0
1324480 573.6
1324490 573.2
1324500 573.2
1324510 572.7
1324520 572.6
1324530 572.6
1324540 572.7
1324550 572.6
1324560 572.6
1324570 572.7
1324580 572.6
1324590 572.6
1324600 572.1
1324610 572.0
1324620 572.0
1324630 572.0
1324640 571.9
1324650 571.9
1324660 572.1
1324670 572.7
1324680 572.7
1324690 573.8
1324700 574.6
1324710 574.6
1324720 575.7
1324730 577.7
1324740 582.0
1324750 582.0
1324760 589.1
1324770 594.7
1324780 594.7
1324790 598.2
1324800 600.4
1324810 600.4
1324820 603.4
1324830 606.4
1324840 606.4
1324850 610.0
1324860 613.3
1324870 613.3
1324880 616.4
1324890 619.2
1324900 619.2
1324910 622.3
1324920 626.0
1324930 626.0
1324940 630.2
1324950 634.6
1324960 634.6
1324970 639.0
1324980 644.0
1324990 649.3
1325000 649.3
1325010 655.0
1325020 660.2
1325030 660.2
1325040 665.6
1325050 672.4
1325060 672.4
1325070 680.6
1325080 688.2
1325090 688.2
1325100 695.2
1325110 702.9
1325120 702.9
1325130 710.4
1325140 716.7
1325150 716.7
1325160 722.0
1325170 727.5
1325180 727.5
1325190 732.6
1325200 738.2
1325210 738.2
1325220 744.3
1325230 750.0
1325240 755.5
1325250 755.5
1325260 760.6
1325270 766.3
1325280 766.3
1325290 773.1
1325300 778.8
1325310 778.8
1325320 783.8
1325330 788.8
1325340 788.8
1325350 793.8
1325360 798.4
1325370 798.4
1325380 802.2
1325390 806.2
1325400 806.2
1325410 811.3
1325420 815.8
1325430 815.8
1325440 823.6
1325450 829.5
1325460 829.5
1325470 834.7
1325480 838.8
1325490 841.8
1325500 841.8
1325510 845.0
1325520 848.4
1325530 848.4
1325540 851.7
1325550 855.7
1325560 855.7
1325570 860.1
1325580 865.4
1325590 865.4
1325600 872.1
1325610 878.8
1325620 878.8
1325630 886.6
1325640 892.1
1325650 892.1
1325660 900.0
1325670 906.2
1325680 906.2
1325690 912.0
1325700 917.6
1325710 917.6
1325720 923.2
1325730 928.2
1325740 932.6
1325750 932.6
1325760 937.0
1325770 940.4
1325780 940.4
1325790 942.9
1325800 945.8
1325810 945.8
1325820 948.6
1325830 951.5
1325840 951.5
1325850 955.7
1325860 960.1
1325870 960.1
1325880 963.2
1325890 966.3
1325900 966.3
1325910 970.0
1325920 975.1
1325930 975.1
1325940 980.6
1325950 984.6
1325960 984.6
1325970 988.0
1325980 992.4
1325990 996.9
1326000 996.9
1326010 1001.3
1326020 1003.4
1326030 1003.4
1326040 1005.4
1326050 1008.5
1326060 1008.5
1326070 1011.6
1326080 1014.1
1326090 1014.1
1326100 1016.8
1326110 1019.4
1326120 1019.4
1326130 1021.9
1326140 1024.8
1326150 1024.8
1326160 1028.1
1326170 1032.0
1326180 1032.0
1326190 1035.3
1326200 1038.5
1326210 1038.5
1326220 1041.8
1326230 1045.4
1326240 1045.8
1326250 1050.1
1326260 1054.9
1326270 1060.0
1326280 1060.0
1326290 1064.5
1326300 1069.2
1326310 1069.2
1326320 1074.0
1326330 1078.1
1326340 1078.1
1326350 1080.8
1326360 1084.0
1326370 1084.0
1326380 1088.8
1326390 1095.2
1326400 1095.2
1326410 1100.9
1326420 1106.6
1326430 1106.6
1326440 1112.7
1326450 1119.2
1326460 1119.2
1326470 1124.3
1326480 1129.3
1326490 1129.3
1326500 1133.0
1326510 1136.4
1326520 1139.7
1326530 1139.7
1326540 1142.3
1326550 1144.9
1326560 1144.9
1326570 1148.0
1326580 1151.3
1326590 1151.3
1326600 1154.4
1326610 1158.2
1326620 1158.2
1326630 1162.0
1326640 1165.7
1326650 1165.7
1326660 1168.8
1326670 1172.5
1326680 1172.5
1326690 1177.9
1326700 1183.3
1326710 1183.3
1326720 1189.5
1326730 1195.7
1326740 1195.7
1326750 1199.7
1326760 1203.1
1326770 1206.6
1326780 1206.6
1326790 1210.8
1326800 1215.8
1326810 1215.8
1326820 1219.8
1326830 1223.9
1326840 1223.9
1326850 1228.0
1326860 1231.5
1326870 1231.5
1326880 1234.6
1326890 1237.9
1326900 1237.9
1326910 1241.3
1326920 1245.7
1326930 1245.7
1326940 1251.5
1326950 1257.2
1326960 1257.2
1326970 1263.4
1326980 1268.9
1326990 1268.9
1327000 1272.3
1327010 1275.3
1327020 1278.2
1327030 1278.2
1327040 1281.1
1327050 1285.6
1327060 1285.6
1327070 1288.1
1327080 1290.6
1327090 1290.6
1327100 1293.0
1327110 1295.7
1327120 1295.7
1327130 1298.4
1327140 1301.3
1327150 1301.3
1327160 1304.9
1327170 1306.6
1327180 1306.6
1327190 1307.4
1327200 1309.3
1327210 1309.3
1327220 1311.9
1327230 1315.1
1327240 1315.1
1327250 1318.7
1327260 1321.0
1327270 1322.9
1327280 1322.9
1327290 1325.2
1327300 1327.1
1327310 1327.1
1327320 1328.7
1327330 1330.5
1327340 1330.5
1327350 1332.8
1327360 1335.7
1327370 1335.7
1327380 1339.1
1327390 1343.9
1327400 1343.9
1327410 1349.8
1327420 1356.5
1327430 1356.5
1327440 1362.4
1327450 1366.2
1327460 1366.2
1327470 1370.2
1327480 1374.9
1327490 1374.9
1327500 1380.0
1327510 1385.4
1327520 1390.8
1327530 1390.8
1327540 1394.1
1327550 1396.6
1327560 1396.6
1327570 1400.6
1327580 1402.8
1327590 1402.8
1327600 1405.5
1327610 1409.1
1327620 1409.1
1327630 1413.0
1327640 1416.8
1327650 1416.8
1327660 1421.0
1327670 1426.6
1327680 1426.6
1327690 1432.1
1327700 1436.5
1327710 1436.5
1327720 1442.1
1327730 1447.8
1327740 1447.8
1327750 1450.9
1327760 1453.0
1327770 1456.2
1327780 1456.2
1327790 1459.3
1327800 1462.6
1327810 1462.6
1327820 1466.6
1327830 1471.0
1327840 1471.0
1327850 1475.3
1327860 1479.9
1327870 1479.9
1327880 1483.2
1327890 1486.0
1327900 1486.0
1327910 1489.9
1327920 1492.5
1327930 1492.5
1327940 1496.6
1327950 1500.2
1327960 1500.2
1327970 1504.1
1327980 1508.5
1327990 1508.5
1328000 1513.0
1328010 1518.7
1328020 1522.6
1328030 1522.6
1328040 1529.0
1328050 1533.2
1328060 1533.2
1328070 1537.6
1328080 1541.8
1328090 1541.8
1328100 1546.8
1328110 1550.6
1328120 1550.6
1328130 1554.1
1328140 1557.7
1328150 1557.7
1328160 1561.1
1328170 1564.8
1328180 1564.8
1328190 1567.3
1328200 1568.2
1328210 1568.2
1328220 1572.2
1328230 1577.4
1328240 1577.4
1328250 1581.7
1328260 1584.9
1328270 1587.3
1328280 1587.3
1328290 1589.4
1328300 1591.9
1328310 1591.9
1328320 1595.1
1328330 1598.8
1328340 1598.8
1328350 1603.4
1328360 1608.1
1328370 1608.1
1328380 1610.6
1328390 1613.1
1328400 1613.1
1328410 1616.5
1328420 1622.4
1328430 1622.4
1328440 1622.0
1328450 1624.9
1328460 1624.9
1328470 1628.8
1328480 1630.4
1328490 1630.4
1328500 1632.1
1328510 1634.0
1328520 1637.7
1328530 1637.7
1328540 1643.0
1328550 1647.3
1328560 1647.3
1328570 1651.5
1328580 1657.2
1328590 1657.2
1328600 1661.1
1328610 1664.2
1328620 1664.2
1328630 1667.6
1328640 1670.9
1328650 1670.9
1328660 1674.3
1328670 1678.2
1328680 1678.2
1328690 1681.6
1328700 1684.2
1328710 1684.2
1328720 1688.2
1328730 1692.3
1328740 1692.3
1328750 1696.5
1328760 1699.1
1328770 1701.8
1328780 1701.8
1328790 1704.4
1328800 1707.4
1328810 1707.4
1328820 1711.7
1328830 1715.0
1328840 1715.0
1328850 1719.8
1328860 1726.7
1328870 1726.7
1328880 1727.5
1328890 1726.1
1328900 1726.1
1328910 1724.8
1328920 1725.0
1328930 1725.0
1328940 1729.2
1328950 1734.8
1328960 1734.8
1328970 1740.7
1328980 1745.3
1328990 1745.3
1329000 1749.3
1329010 1751.8
1329020 1751.8
1329030 1754.0
1329040 1756.8
1329050 1759.2
1329060 1759.2
1329070 1761.4
1329080 1765.1
1329090 1765.1
1329100 1770.3
1329110 1774.0
1329120 1774.0
1329130 1777.4
1329140 1780.8
1329150 1780.8
1329160 1784.4
1329170 1786.7
1329180 1786.7
1329190 1787.8
1329200 1788.5
1329210 1788.5
1329220 1789.3
1329230 1790.7
1329240 1790.7
1329250 1792.0
1329260 1793.4
1329270 1793.4
1329280 1795.4
1329290 1798.3
1329300 1803.2
1329310 1803.2
1329320 1807.9
1329330 1812.1
1329340 1812.1
1329350 1814.7
1329360 1816.8
1329370 1816.8
1329380 1819.8
1329390 1822.2
1329400 1822.2
1329410 1824.6
1329420 1828.7
1329430 1828.7
1329440 1834.1
1329450 1837.9
1329460 1837.9
1329470 1840.4
1329480 1842.4
1329490 1843.1
1329500 1846.3
1329510 1848.3
1329520 1848.3
1329530 1850.8
1329540 1852.0
1329550 1855.7
1329560 1855.7
1329570 1858.5
1329580 1862.9
1329590 1862.9
1329600 1867.1
1329610 1871.2
1329620 1871.2
1329630 1874.7
1329640 1875.8
1329650 1875.8
1329660 1876.8
1329670 1878.2
1329680 1878.2
1329690 1879.6
1329700 1881.4
1329710 1881.4
1329720 1882.4
1329730 1884.3
1329740 1884.3
1329750 1887.8
1329760 1891.3
1329770 1891.3
1329780 1895.5
1329790 1900.2
1329800 1903.9
1329810 1903.9
1329820 1907.4
1329830 1910.5
1329840 1910.5
1329850 1913.6
1329860 1918.0
1329870 1918.0
1329880 1922.8
1329890 1928.7
1329900 1928.7
1329910 1935.9
1329920 1943.0
1329930 1943.0
1329940 1947.6
1329950 1952.4
1329960 1952.4
1329970 1956.5
1329980 1960.1
1329990 1960.1
1330000 1962.5
1330010 1963.8
1330020 1963.8
1330030 1965.7
1330040 1967.1
1330050 1969.7
1330060 1969.7
1330070 1973.8
1330080 1978.2
1330090 1978.2
1330100 1982.4
1330110 1985.6
1330120 1985.6
1330130 1988.3
1330140 1991.4
1330150 1991.4
1330160 1993.6
1330170 1995.3
1330180 1995.3
1330190 1997.9
1330200 2001.2
1330210 2001.2
1330220 2004.3
1330230 2008.7
1330240 2008.7
1330250 2011.3
1330260 2013.4
1330270 2013.4
1330280 2016.1
1330290 2019.4
1330300 2021.7
1330310 2020.9
1330320 2023.3
1330330 2026.0
1330340 2026.0
1330350 2030.9
1330360 2034.6
1330370 2034.6
1330380 2037.3
1330390 2040.2
1330400 2040.2
1330410 2043.4
1330420 2046.5
1330430 2046.5
1330440 2049.4
1330450 2052.3
1330460 2052.3
1330470 2055.3
1330480 2058.1
1330490 2058.1
1330500 2060.8
1330510 2063.3
1330520 2063.3
1330530 2065.5
1330540 2067.3
1330550 2068.5
1330560 2068.5
1330570 2069.7
1330580 2071.2
1330590 2071.2
1330600 2073.1
1330610 2074.8
1330620 2074.8
1330630 2076.6
1330640 2078.6
1330650 2078.6
1330660 2080.1
1330670 2081.0
1330680 2081.0
1330690 2081.5
1330700 2082.4
1330710 2082.4
1330720 2083.4
1330730 2083.3
1330740 2083.3
1330750 2083.0
1330760 2079.4
1330770 2079.4
1330780 2074.9
1330790 2070.6
1330800 2066.1
1330810 2066.1
1330820 2063.7
1330830 2064.6
1330840 2064.6
1330850 2065.0
1330860 2065.0
1330870 2065.0
1330880 2065.4
1330890 2065.8
1330900 2065.8
1330910 2066.2
1330920 2066.7
1330930 2066.7
1330940 2067.6
1330950 2068.0
1330960 2068.0
1330970 2068.5
1330980 2069.6
1330990 2069.6
1331000 2072.7
1331010 2076.2
1331020 2076.2
1331030 2079.8
1331040 2082.5
1331050 2084.4
1331060 2084.4
1331070 2085.2
1331080 2086.5
1331090 2086.5
1331100 2088.3
1331110 2090.3
1331120 2090.3
1331130 2090.8
1331140 2088.6
1331150 2088.6
1331160 2086.8
1331170 2084.9
1331180 2084.9
1331190 2083.2
1331200 2081.3
1331210 2081.3
1331220 2079.4
1331230 2078.7
1331240 2078.7
1331250 2078.4
1331260 2077.7
1331270 2077.7
1331280 2076.3
1331290 2074.5
1331300 2072.6
1331310 2072.6
1331320 2070.2
1331330 2068.5
1331340 2068.5
1331350 2067.0
1331360 2066.2
1331370 2066.2
1331380 2065.9
1331390 2065.8
1331400 2065.8
1331410 2065.5
1331420 2065.2
1331430 2065.2
1331440 2064.9
1331450 2064.2
1331460 2064.2
1331470 2062.6
1331480 2061.1
1331490 2061.1
1331500 2059.7
1331510 2058.0
1331520 2058.0
1331530 2056.7
1331540 2056.1
1331550 2056.1
1331560 2056.1
1331570 2056.8
1331580 2057.6
1331590 2057.6
1331600 2059.0
1331610 2061.0
1331620 2061.0
1331630 2063.6
1331640 2065.2
1331650 2065.2
1331660 2066.4
1331670 2067.5
1331680 2067.5
1331690 2068.4
1331700 2069.3
1331710 2069.3
1331720 2070.2
1331730 2071.0
1331740 2071.0
1331750 2071.7
1331760 2071.9
1331770 2071.9
1331780 2071.3
1331790 2069.9
1331800 2067.2
1331810 2067.2
1331820 2062.6
1331830 2056.3
1331840 2056.3
1331850 2050.2
1331860 2044.5
1331870 2044.5
1331880 2038.8
1331890 2033.2
1331900 2033.2
1331910 2027.3
1331920 2021.1
1331930 2021.1
1331940 2014.4
1331950 2006.9
1331960 2006.9
1331970 1991.8
1331980 1981.2
1331990 1981.2
1332000 1972.1
1332010 1963.3
1332020 1963.3
1332030 1954.9
1332040 1946.6
1332050 1946.6
1332060 1938.6
1332070 1930.6
1332080 1923.1
1332090 1923.1
1332100 1916.9
1332110 1911.7
1332120 1911.7
1332130 1906.5
1332140 1901.5
1332150 1901.5
1332160 1896.7
1332170 1892.0
1332180 1892.0
1332190 1887.4
1332200 1883.0
1332210 1883.0
1332220 1878.9
1332230 1875.2
1332240 1875.2
1332250 1871.5
1332260 1868.0
1332270 1868.0
1332280 1865.1
1332290 1860.4
1332300 1860.4
1332310 1853.7
1332320 1845.5
1332330 1837.9
1332340 1837.9
1332350 1835.0
1332360 1835.7
1332370 1835.7
1332380 1837.5
1332390 1837.5
1332400 1837.5
1332410 1837.8
1332420 1838.7
1332430 1838.7
1332440 1841.1
1332450 1843.0
1332460 1843.0
1332470 1845.1
1332480 1849.4
1332490 1849.4
1332500 1851.8
1332510 1853.8
1332520 1853.8
1332530 1856.0
1332540 1858.6
1332550 1858.6
1332560 1861.1
1332570 1863.1
1332580 1865.0
1332590 1865.0
1332600 1865.8
1332610 1866.2
1332620 1866.2
1332630 1871.7
1332640 1877.2
1332650 1877.2
1332660 1882.5
1332670 1887.6
1332680 1887.6
1332690 1892.2
1332700 1896.7
1332710 1896.7
1332720 1901.1
1332730 1905.3
1332740 1905.3
1332750 1909.9
1332760 1916.4
1332770 1916.4
1332780 1922.4
1332790 1926.8
1332800 1926.8
1332810 1930.2
1332820 1936.2
1332830 1941.0
1332840 1941.0
1332850 1946.3
1332860 1951.8
1332870 1951.8
1332880 1957.5
1332890 1963.6
1332900 1963.6
1332910 1969.4
1332920 1974.0
1332930 1974.0
1332940 1979.4
1332950 1985.3
1332960 1985.3
1332970 1991.6
1332980 1998.2
1332990 1998.2
1333000 2004.4
1333010 2009.5
1333020 2009.5
1333030 2014.3
1333040 2019.9
1333050 2019.9
1333060 2024.0
1333070 2028.5
1333080 2032.6
1333090 2032.6
1333100 2036.6
1333110 2040.4
1333120 2040.4
1333130 2044.3
1333140 2048.0
1333150 2048.0
1333160 2051.6
1333170 2054.4
1333180 2054.4
1333190 2056.6
1333200 2058.3
1333210 2058.3
1333220 2059.2
1333230 2059.2
1333240 2059.2
1333250 2058.9
1333260 2058.9
1333270 2058.9
1333280 2058.5
1333290 2057.4
1333300 2057.4
1333310 2055.5
1333320 2053.5
1333330 2051.7
1333340 2051.7
1333350 2050.3
1333360 2049.5
1333370 2049.5
1333380 2048.9
1333390 2048.7
1333400 2048.7
1333410 2048.4
1333420 2047.6
1333430 2047.6
1333440 2047.3
1333450 2047.5
1333460 2047.5
1333470 2049.0
1333480 2050.1
1333490 2050.1
1333500 2051.0
1333510 2051.9
1333520 2051.9
1333530 2053.5
1333540 2054.8
1333550 2054.8
1333560 2055.0
1333570 2058.0
1333580 2058.8
1333590 2058.8
1333600 2054.1
1333610 2050.4
1333620 2050.4
1333630 2055.3
1333640 2060.4
1333650 2054.4
1333660 2054.3
1333670 2058.8
1333680 2058.8
1333690 2062.6
1333700 2065.0
1333710 2065.0
1333720 2067.2
1333730 2070.5
1333740 2070.5
1333750 2075.4
1333760 2081.1
1333770 2081.1
1333780 2086.3
1333790 2090.6
1333800 2090.6
1333810 2093.8
1333820 2096.2
1333830 2098.4
1333840 2098.4
1333850 2100.6
1333860 2103.1
1333870 2103.1
1333880 2106.6
1333890 2110.1
1333900 2110.1
1333910 2113.8
1333920 2117.6
1333930 2117.6
1333940 2121.0
1333950 2124.2
1333960 2124.2
1333970 2127.2
1333980 2130.3
1333990 2130.3
1334000 2133.5
1334010 2136.8
1334020 2136.8
1334030 2140.0
1334040 2142.9
1334050 2142.9
1334060 2145.9
1334070 2148.4
1334080 2150.8
1334090 2150.8
1334100 2153.3
1334110 2155.5
1334120 2155.5
1334130 2157.4
1334140 2159.1
1334150 2159.1
1334160 2160.7
1334170 2162.4
1334180 2162.4
1334190 2164.4
1334200 2166.6
1334210 2166.6
1334220 2168.5
1334230 2169.9
1334240 2169.9
1334250 2171.7
1334260 2174.7
1334270 2174.7
1334280 2178.2
1334290 2181.8
1334300 2181.8
1334310 2185.5
1334320 2189.6
1334330 2194.2
1334340 2194.2
1334350 2198.8
1334360 2202.6
1334370 2202.6
1334380 2205.0
1334390 2206.8
1334400 2206.8
1334410 2208.3
1334420 2209.3
1334430 2209.3
1334440 2210.0
1334450 2210.0
1334460 2210.0
1334470 2206.1
1334480 2197.8
1334490 2195.8
1334500 2189.5
1334510 2183.8
1334520 2183.8
1334530 2178.1
1334540 2172.9
1334550 2172.9
1334560 2168.2
1334570 2165.3
1334580 2162.5
1334590 2162.5
1334600 2159.6
1334610 2156.1
1334620 2156.1
1334630 2152.5
1334640 2150.0
1334650 2150.0
1334660 2147.8
1334670 2145.5
1334680 2145.5
1334690 2143.5
1334700 2141.4
1334710 2141.4
1334720 2139.0
1334730 2136.5
1334740 2136.5
1334750 2133.5
1334760 2130.2
1334770 2130.2
1334780 2127.2
1334790 2125.3
1334800 2125.3
1334810 2123.2
1334820 2121.0
1334830 2119.0
1334840 2119.0
1334850 2116.6
1334860 2114.5
1334870 2114.5
1334880 2112.6
1334890 2111.1
1334900 2111.1
1334910 2109.7
1334920 2107.7
1334930 2107.7
1334940 2105.8
1334950 2104.6
1334960 2104.6
1334970 2103.3
1334980 2102.0
1334990 2102.0
1335000 2101.3
1335010 2101.3
1335020 2101.3
1335030 2100.7
1335040 2100.2
1335050 2100.2
1335060 2099.8
1335070 2098.9
1335080 2098.0
1335090 2098.0
1335100 2098.1
1335110 2097.6
1335120 2097.6
1335130 2096.7
1335140 2095.7
1335150 2095.7
1335160 2094.1
1335170 2092.2
1335180 2092.2
1335190 2090.4
1335200 2088.2
1335210 2088.2
1335220 2085.9
1335230 2083.2
1335240 2083.2
1335250 2081.0
1335260 2079.5
1335270 2079.5
1335280 2078.2
1335290 2076.8
1335300 2076.8
1335310 2075.4
1335320 2074.3
1335330 2074.3
1335340 2073.1
1335350 2072.0
1335360 2071.1
1335370 2071.1
1335380 2069.9
1335390 2068.8
1335400 2068.8
1335410 2067.6
1335420 2066.5
1335430 2066.5
1335440 2065.3
1335450 2064.4
1335460 2064.4
1335470 2063.3
1335480 2062.4
1335490 2062.4
1335500 2061.4
1335510 2060.1
1335520 2060.1
1335530 2058.4
1335540 2057.3
1335550 2057.3
1335560 2056.3
1335570 2055.6
1335580 2055.6
1335590 2055.4
1335600 2055.1
1335610 2055.0
1335620 2055.0
1335630 2054.6
1335640 2054.8
1335650 2054.8
1335660 2055.2
1335670 2055.4
1335680 2055.4
1335690 2055.1
1335700 2054.7
1335710 2054.7
1335720 2053.9
1335730 2053.4
1335740 2053.4
1335750 2052.4
1335760 2051.3
1335770 2051.3
1335780 2050.2
1335790 2050.0
1335800 2050.0
1335810 2050.8
1335820 2051.9
1335830 2051.9
1335840 2052.1
1335850 2051.7
1335860 2051.0
1335870 2051.0
1335880 2050.3
1335890 2050.2
1335900 2050.2
1335910 2049.9
1335920 2048.9
1335930 2048.9
1335940 2048.4
1335950 2049.8
1335960 2049.8
1335970 2053.8
1335980 2058.1
1335990 2058.1
1336000 2061.8
1336010 2065.4
1336020 2065.4
1336030 2070.1
1336040 2075.7
1336050 2075.7
1336060 2081.5
1336070 2087.1
1336080 2087.1
1336090 2092.6
1336100 2096.1
1336110 2096.5
1336120 2096.5
1336130 2096.0
1336140 2096.4
1336150 2096.4
1336160 2097.9
1336170 2098.7
1336180 2098.7
1336190 2096.6
1336200 2096.1
1336210 2096.1
1336220 2091.1
1336230 2086.3
1336240 2086.3
1336250 2082.1
1336260 2076.9
1336270 2076.9
1336280 2069.9
1336290 2063.5
1336300 2063.5
1336310 2057.7
1336320 2051.7
1336330 2051.7
1336340 2045.6
1336350 2038.3
1336360 2031.4
1336370 2031.4
1336380 2023.7
1336390 2015.9
1336400 2015.9
1336410 2007.3
1336420 1999.7
1336430 1999.7
1336440 1992.7
1336450 1985.8
1336460 1985.8
1336470 1979.7
1336480 1973.8
1336490 1973.8
1336500 1968.6
1336510 1965.5
1336520 1965.5
1336530 1957.7
1336540 1949.1
1336550 1949.1
1336560 1940.2
1336570 1931.9
1336580 1931.9
1336590 1924.1
1336600 1916.6
1336610 1909.1
1336620 1909.1
1336630 1902.4
1336640 1895.4
1336650 1895.4
1336660 1889.2
1336670 1885.8
1336680 1885.8
1336690 1881.5
1336700 1875.2
1336710 1875.2
1336720 1868.7
1336730 1863.9
1336740 1863.9
1336750 1858.9
1336760 1853.2
1336770 1853.2
1336780 1847.8
1336790 1841.6
1336800 1841.6
1336810 1837.1
1336820 1830.6
1336830 1830.6
1336840 1824.3
1336850 1817.0
1336860 1809.3
1336870 1809.3
1336880 1802.1
1336890 1793.3
1336900 1793.3
1336910 1784.2
1336920 1775.6
1336930 1775.6
1336940 1767.4
1336950 1759.7
1336960 1759.7
1336970 1754.2
1336980 1750.8
1336990 1750.8
1337000 1748.6
1337010 1748.6
1337020 1748.6
1337030 1746.3
1337040 1740.6
1337050 1740.6
1337060 1737.5
1337070 1734.9
1337080 1734.9
1337090 1732.8
1337100 1731.5
1337110 1726.1
1337120 1726.1
1337130 1721.8
1337140 1716.0
1337150 1716.0
1337160 1709.0
1337170 1702.9
1337180 1702.9
1337190 1696.8
1337200 1691.5
1337210 1691.5
1337220 1685.6
1337230 1680.9
1337240 1680.9
1337250 1679.5
1337260 1679.2
1337270 1679.2
1337280 1679.1
1337290 1679.5
1337300 1679.5
1337310 1682.4
1337320 1684.9
1337330 1684.9
1337340 1688.1
1337350 1690.4
1337360 1691.7
1337370 1691.7
1337380 1695.5
1337390 1698.8
1337400 1698.8
1337410 1697.1
1337420 1694.9
1337430 1694.9
1337440 1693.5
1337450 1693.0
1337460 1693.0
1337470 1692.7
1337480 1692.2
1337490 1692.2
1337500 1692.9
1337510 1694.0
1337520 1694.0
1337530 1695.7
1337540 1697.6
1337550 1697.6
1337560 1699.0
1337570 1700.0
1337580 1700.0
1337590 1701.2
1337600 1703.5
1337610 1707.6
1337620 1707.6
1337630 1709.4
1337640 1709.4
1337650 1709.4
1337660 1710.2
1337670 1710.7
1337680 1710.7
1337690 1711.9
1337700 1716.2
1337710 1716.2
1337720 1721.5
1337730 1725.3
1337740 1725.3
1337750 1727.2
1337760 1729.3
1337770 1729.3
1337780 1732.2
1337790 1735.5
1337800 1735.5
1337810 1740.7
1337820 1746.8
1337830 1746.8
1337840 1753.5
1337850 1760.1
1337860 1767.1
1337870 1767.1
1337880 1774.1
1337890 1780.4
1337900 1780.4
1337910 1786.2
1337920 1791.0
1337930 1790.4
1337940 1795.3
1337950 1800.3
1337960 1800.3
1337970 1805.3
1337980 1810.1
1337990 1810.1
1338000 1814.3
1338010 1818.0
1338020 1818.0
1338030 1821.4
1338040 1824.5
1338050 1824.5
1338060 1827.2
1338070 1830.0
1338080 1830.0
1338090 1832.1
1338100 1833.6
1338110 1834.5
1338120 1834.5
1338130 1832.9
1338140 1828.3
1338150 1828.3
1338160 1822.6
1338170 1816.2
1338180 1816.2
1338190 1810.4
1338200 1807.5
1338210 1807.5
1338220 1807.6
1338230 1806.6
1338240 1806.6
1338250 1807.0
1338260 1808.4
1338270 1808.4
1338280 1809.3
1338290 1809.5
1338300 1809.5
1338310 1810.9
1338320 1811.8
1338330 1811.8
1338340 1811.5
1338350 1812.4
1338360 1815.6
1338370 1815.6
1338380 1818.0
1338390 1818.6
1338400 1818.6
1338410 1819.5
1338420 1818.9
1338430 1818.9
1338440 1820.5
1338450 1825.6
1338460 1825.6
1338470 1831.5
1338480 1837.6
1338490 1837.6
1338500 1844.3
1338510 1850.4
1338520 1850.4
1338530 1855.6
1338540 1860.5
1338550 1860.5
1338560 1863.7
1338570 1866.0
1338580 1866.0
1338590 1867.0
1338600 1867.9
1338610 1867.9
1338620 1869.3
1338630 1870.9
1338640 1872.5
1338650 1872.5
1338660 1873.8
1338670 1874.6
1338680 1874.6
1338690 1875.2
1338700 1875.3
1338710 1875.3
1338720 1875.3
1338730 1875.0
1338740 1875.0
1338750 1874.8
1338760 1874.7
1338770 1874.7
1338780 1874.8
1338790 1875.1
1338800 1870.5
1338810 1871.0
1338820 1871.7
1338830 1871.7
1338840 1872.8
1338850 1874.1
1338860 1874.1
1338870 1875.0
1338880 1874.7
1338890 1873.3
1338900 1873.3
1338910 1873.0
1338920 1871.7
1338930 1871.7
1338940 1869.6
1338950 1868.1
1338960 1868.1
1338970 1866.2
1338980 1863.5
1338990 1863.5
1339000 1860.5
1339010 1857.2
1339020 1857.2
1339030 1853.1
1339040 1849.3
1339050 1849.3
1339060 1845.6
1339070 1841.6
1339080 1841.6
1339090 1837.2
1339100 1832.9
1339110 1832.9
1339120 1828.9
1339130 1826.0
1339140 1823.7
1339150 1823.7
1339160 1821.2
1339170 1818.9
1339180 1818.9
1339190 1816.2
1339200 1814.0
1339210 1814.0
1339220 1811.5
1339230 1808.4
1339240 1808.4
1339250 1805.6
1339260 1802.5
1339270 1802.5
1339280 1799.3
1339290 1795.7
1339300 1795.7
1339310 1790.9
1339320 1785.4
1339330 1785.4
1339340 1780.7
1339350 1775.9
1339360 1775.9
1339370 1771.7
1339380 1767.7
1339390 1764.3
1339400 1764.3
1339410 1760.9
1339420 1757.7
1339430 1757.7
1339440 1754.5
1339450 1751.1
1339460 1751.1
1339470 1747.3
1339480 1742.3
1339490 1742.3
1339500 1736.4
1339510 1731.1
1339520 1731.1
1339530 1726.3
1339540 1722.9
1339550 1722.9
1339560 1719.1
1339570 1715.6
1339580 1715.6
1339590 1712.3
1339600 1708.8
1339610 1708.8
1339620 1702.8
1339630 1697.9
1339640 1692.7
1339650 1692.7
1339660 1685.2
1339670 1681.2
1339680 1681.2
1339690 1674.2
1339700 1670.0
1339710 1670.0
1339720 1663.7
1339730 1658.6
1339740 1658.6
1339750 1653.8
1339760 1650.1
1339770 1650.1
1339780 1647.5
1339790 1645.6
1339800 1645.6
1339810 1643.6
1339820 1641.5
1339830 1641.5
1339840 1639.6
1339850 1638.1
1339860 1638.1
1339870 1637.2
1339880 1635.6
1339890 1633.1
1339900 1633.1
1339910 1634.5
1339920 1633.9
1339930 1633.9
1339940 1632.5
1339950 1630.7
1339960 1630.7
1339970 1628.5
1339980 1626.2
1339990 1626.2
