1320000 1282.9
1320010 1278.0
1320020 1273.9
1320030 1268.5
1320040 1268.5
1320050 1264.6
1320060 1259.8
1320070 1259.8
1320080 1256.5
1320090 1252.3
1320100 1252.3
1320110 1248.3
1320120 1245.2
1320130 1245.2
1320140 1242.8
1320150 1239.4
1320160 1239.4
1320170 1237.5
1320180 1235.9
1320190 1235.9
1320200 1234.6
1320210 1232.8
1320220 1232.8
1320230 1229.9
1320240 1226.7
1320250 1226.7
1320260 1222.5
1320270 1218.6
1320280 1215.5
1320290 1215.5
1320300 1210.8
1320310 1205.5
1320320 1205.5
1320330 1200.2
1320340 1195.6
1320350 1193.7
1320360 1189.6
1320370 1187.0
1320380 1187.0
1320390 1183.5
1320400 1179.5
1320410 1179.5
1320420 1175.6
1320430 1172.8
1320440 1172.8
1320450 1170.7
1320460 1168.5
1320470 1168.5
1320480 1165.6
1320490 1163.0
1320500 1163.0
1320510 1160.8
1320520 1158.7
1320530 1155.6
1320540 1155.6
1320550 1152.2
1320560 1148.0
1320570 1148.0
1320580 1143.9
1320590 1139.5
1320600 1139.5
1320610 1136.8
1320620 1134.8
1320630 1134.8
1320640 1132.8
1320650 1130.6
1320660 1130.6
1320670 1128.4
1320680 1126.1
1320690 1126.1
1320700 1124.2
1320710 1123.1
1320720 1123.1
1320730 1122.5
1320740 1122.5
1320750 1122.5
1320760 1121.8
1320770 1120.9
1320780 1120.4
1320790 1120.4
1320800 1119.4
1320810 1118.0
1320820 1118.0
1320830 1116.4
1320840 1114.5
1320850 1114.5
1320860 1112.9
1320870 1111.1
1320880 1111.1
1320890 1109.3
1320900 1107.3
1320910 1107.3
1320920 1105.3
1320930 1104.1
1320940 1104.1
1320950 1102.8
1320960 1100.8
1320970 1100.8
1320980 1098.4
1320990 1097.2
1321000 1097.2
1321010 1096.9
1321020 1096.4
1321030 1095.2
1321040 1095.2
1321050 1092.8
1321060 1090.2
1321070 1090.2
1321080 1088.0
1321090 1086.2
1321100 1086.2
1321110 1085.0
1321120 1080.2
1321130 1080.2
1321140 1075.4
1321150 1070.1
1321160 1070.1
1321170 1065.7
1321180 1059.9
1321190 1059.9
1321200 1054.5
1321210 1049.4
1321220 1049.4
1321230 1044.2
1321240 1040.6
1321250 1040.6
1321260 1038.6
1321270 1034.6
1321280 1034.6
1321290 1030.6
1321300 1027.3
1321310 1025.0
1321320 1025.0
1321330 1022.8
1321340 1020.4
1321350 1020.4
1321360 1018.7
1321370 1014.4
1321380 1014.4
1321390 1003.7
1321400 995.5
1321410 995.5
1321420 989.3
1321430 985.3
1321440 985.3
1321450 980.8
1321460 976.6
1321470 976.6
1321480 972.5
1321490 966.5
1321500 966.5
1321510 961.4
1321520 956.3
1321530 956.3
1321540 950.1
1321550 943.8
1321560 937.8
1321570 937.8
1321580 932.7
1321590 927.5
1321600 927.5
1321610 922.3
1321620 918.1
1321630 918.1
1321640 913.3
1321650 907.2
1321660 907.2
1321670 902.6
1321680 899.0
1321690 899.0
1321700 895.2
1321710 890.5
1321720 890.5
1321730 885.1
1321740 880.4
1321750 880.4
1321760 877.0
1321770 874.6
1321780 874.6
1321790 870.0
1321800 865.8
1321810 862.9
1321820 862.9
1321830 859.6
1321840 856.3
1321850 856.3
1321860 855.9
1321870 853.1
1321880 853.1
1321890 849.1
1321900 841.9
1321910 841.9
1321920 840.1
1321930 840.0
1321940 840.0
1321950 838.5
1321960 833.9
1321970 833.9
1321980 829.1
1321990 824.3
1322000 824.3
1322010 819.3
1322020 814.9
1322030 814.9
1322040 810.3
1322050 805.2
1322060 800.6
1322070 800.6
1322080 796.3
1322090 792.1
1322100 792.1
1322110 787.7
1322120 783.6
1322130 783.6
1322140 781.1
1322150 779.0
1322160 779.0
1322170 776.3
1322180 772.4
1322190 772.4
1322200 768.3
1322210 763.2
1322220 763.2
1322230 760.1
1322240 758.3
1322250 758.3
1322260 755.3
1322270 752.2
1322280 752.2
1322290 748.4
1322300 744.6
1322310 740.6
1322320 740.6
1322330 736.2
1322340 731.9
1322350 731.9
1322360 728.8
1322370 727.4
1322380 727.4
1322390 726.3
1322400 724.2
1322410 724.2
1322420 721.1
1322430 717.4
1322440 717.4
1322450 713.3
1322460 709.7
1322470 709.7
1322480 707.6
1322490 707.3
1322500 707.3
1322510 707.7
1322520 708.1
1322530 708.1
1322540 705.5
1322550 701.6
1322560 697.6
1322570 697.6
1322580 692.1
1322590 687.3
1322600 687.3
1322610 683.3
1322620 678.4
1322630 678.4
1322640 674.5
1322650 670.6
1322660 670.6
1322670 665.6
1322680 660.5
1322690 653.5
1322700 649.6
1322710 645.7
1322720 645.7
1322730 641.2
1322740 635.5
1322750 635.5
1322760 628.8
1322770 619.4
1322780 619.4
1322790 610.9
1322800 612.0
1322810 616.7
1322820 616.7
1322830 619.9
1322840 621.7
1322850 621.7
1322860 616.3
1322870 610.1
1322880 610.1
1322890 604.6
1322900 600.1
1322910 600.1
1322920 589.9
1322930 583.0
1322940 583.0
1322950 578.3
1322960 575.2
1322970 575.2
1322980 573.9
1322990 573.2
1323000 573.2
1323010 572.8
1323020 572.6
1323030 572.6
1323040 572.6
1323050 572.5
1323060 572.4
1323070 572.4
1323080 572.3
1323090 572.4
1323100 572.4
1323110 572.5
1323120 572.5
1323130 572.5
1323140 571.6
1323150 569.9
1323160 569.9
1323170 568.7
1323180 568.3
1323190 568.3
1323200 568.3
1323210 569.0
1323220 569.0
1323230 570.6
1323240 572.1
1323250 572.1
1323260 572.8
1323270 572.9
1323280 572.9
1323290 572.3
1323300 572.0
1323310 571.9
1323320 571.9
1323330 571.7
1323340 571.6
1323350 571.6
1323360 571.6
1323370 571.6
1323380 571.6
1323390 571.6
1323400 571.6
1323410 571.6
1323420 571.5
1323430 571.5
1323440 571.5
1323450 571.4
1323460 571.4
1323470 571.3
1323480 571.3
1323490 571.2
1323500 571.2
1323510 571.2
1323520 571.2
1323530 571.2
1323540 571.1
1323550 571.0
1323560 571.0
1323570 571.0
1323580 571.0
1323590 571.0
1323600 571.0
1323610 570.9
1323620 570.9
1323630 570.9
1323640 571.0
1323650 570.9
1323660 570.9
1323670 570.8
1323680 570.8
1323690 570.8
1323700 570.7
1323710 570.7
1323720 570.7
1323730 570.7
1323740 570.8
1323750 570.8
1323760 570.7
1323770 570.6
1323780 570.6
1323790 570.6
1323800 570.6
1323810 570.6
1323820 570.6
1323830 570.5
1323840 570.5
1323850 570.5
1323860 570.5
1323870 570.4
1323880 570.4
1323890 570.4
1323900 570.4
1323910 570.4
1323920 570.4
1323930 570.4
1323940 570.4
1323950 570.3
1323960 570.3
1323970 570.3
1323980 570.4
1323990 570.4
1324000 570.4
1324010 570.2
1324020 570.2
1324030 570.2
1324040 570.2
1324050 570.2
1324060 570.2
1324070 570.2
1324080 570.2
1324090 570.3
1324100 570.3
1324110 570.4
1324120 570.5
1324130 570.5
1324140 570.6
1324150 570.6
1324160 570.6
1324170 570.5
1324180 570.4
1324190 570.4
1324200 570.3
1324210 570.4
1324220 570.4
1324230 570.4
1324240 570.5
1324250 570.5
1324260 571.6
1324270 574.8
1324280 574.8
1324290 575.9
1324300 576.3
1324310 576.3
1324320 576.4
1324330 576.6
1324340 575.8
1324350 575.8
1324360 572.5
1324370 571.8
1324380 571.8
1324390 572.1
1324400 572.4
1324410 572.4
1324420 572.7
1324430 572.7
1324440 572.7
1324450 570.2
1324460 570.7
1324470 570.7
1324480 572.2
1324490 571.3
1324500 571.3
1324510 571.2
1324520 571.4
1324530 571.4
1324540 571.4
1324550 571.1
1324560 571.1
1324570 571.0
1324580 571.1
1324590 571.6
1324600 571.6
1324610 571.4
1324620 571.3
1324630 571.3
1324640 571.4
1324650 571.6
1324660 571.6
1324670 571.8
1324680 571.9
1324690 571.9
1324700 572.5
1324710 573.4
1324720 573.4
1324730 573.9
1324740 574.4
1324750 574.4
1324760 575.1
1324770 578.6
1324780 578.6
1324790 582.5
1324800 585.1
1324810 585.1
1324820 587.1
1324830 590.6
1324840 595.0
1324850 595.0
1324860 598.5
1324870 601.4
1324880 601.4
1324890 604.6
1324900 609.9
1324910 609.9
1324920 616.7
1324930 623.4
1324940 623.4
1324950 629.7
1324960 635.2
1324970 635.2
1324980 640.7
1324990 646.0
1325000 646.0
1325010 651.3
1325020 656.1
1325030 656.1
1325040 660.9
1325050 666.3
1325060 668.2
1325070 674.0
1325080 679.5
1325090 685.2
1325100 685.2
1325110 690.9
1325120 696.2
1325130 696.2
1325140 701.6
1325150 707.2
1325160 707.2
1325170 711.6
1325180 716.3
1325190 716.3
1325200 721.3
1325210 726.6
1325220 726.6
1325230 732.1
1325240 737.6
1325250 737.6
1325260 743.3
1325270 749.2
1325280 749.2
1325290 755.3
1325300 761.1
1325310 761.1
1325320 767.6
1325330 774.5
1325340 781.4
1325350 781.4
1325360 787.9
1325370 793.8
1325380 793.8
1325390 800.0
1325400 806.7
1325410 806.7
1325420 814.2
1325430 821.8
1325440 821.8
1325450 829.2
1325460 836.2
1325470 836.2
1325480 841.8
1325490 847.0
1325500 847.0
1325510 852.2
1325520 857.6
1325530 857.6
1325540 863.5
1325550 871.1
1325560 871.1
1325570 877.6
1325580 883.3
1325590 888.9
1325600 888.9
1325610 893.8
1325620 898.5
1325630 898.5
1325640 903.4
1325650 908.3
1325660 908.3
1325670 912.3
1325680 915.6
1325690 915.6
1325700 918.9
1325710 922.5
1325720 922.5
1325730 926.3
1325740 930.1
1325750 930.1
1325760 934.0
1325770 938.4
1325780 938.4
1325790 942.9
1325800 946.7
1325810 946.7
1325820 950.2
1325830 953.5
1325840 956.8
1325850 956.8
1325860 963.1
1325870 966.4
1325880 966.4
1325890 969.9
1325900 973.8
1325910 973.8
1325920 977.8
1325930 981.7
1325940 981.7
1325950 985.4
1325960 988.9
1325970 988.9
1325980 992.3
1325990 996.4
1326000 996.4
1326010 1001.2
1326020 1006.1
1326030 1006.1
1326040 1011.0
1326050 1016.1
1326060 1016.1
1326070 1021.0
1326080 1024.0
1326090 1026.3
1326100 1026.3
1326110 1028.8
1326120 1032.2
1326130 1032.2
1326140 1035.9
1326150 1039.8
1326160 1039.8
1326170 1043.6
1326180 1047.2
1326190 1047.2
1326200 1051.8
1326210 1056.7
1326220 1056.7
1326230 1062.0
1326240 1067.6
1326250 1067.6
1326260 1072.7
1326270 1075.0
1326280 1075.0
1326290 1077.9
1326300 1081.6
1326310 1081.6
1326320 1085.8
1326330 1089.7
1326340 1092.4
1326350 1092.4
1326360 1094.4
1326370 1095.4
1326380 1095.4
1326390 1096.8
1326400 1099.0
1326410 1099.0
1326420 1101.8
1326430 1105.5
1326440 1105.5
1326450 1109.3
1326460 1113.4
1326470 1113.4
1326480 1117.4
1326490 1121.9
1326500 1121.9
1326510 1125.1
1326520 1128.1
1326530 1128.1
1326540 1131.0
1326550 1132.7
1326560 1132.7
1326570 1134.3
1326580 1136.5
1326590 1139.5
1326600 1139.5
1326610 1143.2
1326620 1147.4
1326630 1147.4
1326640 1151.8
1326650 1156.1
1326660 1157.0
1326670 1161.3
1326680 1166.4
1326690 1166.4
1326700 1171.4
1326710 1176.5
1326720 1176.5
1326730 1181.8
1326740 1186.4
1326750 1186.4
1326760 1190.9
1326770 1195.1
1326780 1195.1
1326790 1199.2
1326800 1203.5
1326810 1203.5
1326820 1208.5
1326830 1213.8
1326840 1213.8
1326850 1219.1
1326860 1222.9
1326870 1226.0
1326880 1226.0
1326890 1229.3
1326900 1232.8
1326910 1232.8
1326920 1236.0
1326930 1238.7
1326940 1238.7
1326950 1241.2
1326960 1243.7
1326970 1243.7
1326980 1245.7
1326990 1247.9
1327000 1247.9
1327010 1250.5
1327020 1253.5
1327030 1253.5
1327040 1256.9
1327050 1260.7
1327060 1260.7
1327070 1264.4
1327080 1268.1
1327090 1268.1
1327100 1271.7
1327110 1275.9
1327120 1279.9
1327130 1279.9
1327140 1283.7
1327150 1288.3
1327160 1288.3
1327170 1292.5
1327180 1295.8
1327190 1295.8
1327200 1298.5
1327210 1301.6
1327220 1301.6
1327230 1304.6
1327240 1307.7
1327250 1307.7
1327260 1310.7
1327270 1313.4
1327280 1313.4
1327290 1316.2
1327300 1318.5
1327310 1318.5
1327320 1321.2
1327330 1323.8
1327340 1323.8
1327350 1326.2
1327360 1328.7
1327370 1330.9
1327380 1330.9
1327390 1332.7
1327400 1334.8
1327410 1334.8
1327420 1337.8
1327430 1341.5
1327440 1341.5
1327450 1346.0
1327460 1349.5
1327470 1351.2
1327480 1354.6
1327490 1357.9
1327500 1357.9
1327510 1361.4
1327520 1366.3
1327530 1366.3
1327540 1372.2
1327550 1375.8
1327560 1375.8
1327570 1379.3
1327580 1384.8
1327590 1384.8
1327600 1391.0
1327610 1395.5
1327620 1399.6
1327630 1399.6
1327640 1403.7
1327650 1408.3
1327660 1408.3
1327670 1413.0
1327680 1417.3
1327690 1417.3
1327700 1420.8
1327710 1424.3
1327720 1424.3
1327730 1427.4
1327740 1430.3
1327750 1430.3
1327760 1433.4
1327770 1436.7
1327780 1436.7
1327790 1440.2
1327800 1443.9
1327810 1443.9
1327820 1448.1
1327830 1452.4
1327840 1452.4
1327850 1456.7
1327860 1461.0
1327870 1465.2
1327880 1465.2
1327890 1468.8
1327900 1472.7
1327910 1472.7
1327920 1476.1
1327930 1478.3
1327940 1478.3
1327950 1481.4
1327960 1486.0
1327970 1486.0
1327980 1491.7
1327990 1497.7
1328000 1497.7
1328010 1502.3
1328020 1506.6
1328030 1506.6
1328040 1511.9
1328050 1518.6
1328060 1518.6
1328070 1524.5
1328080 1526.5
1328090 1526.5
1328100 1528.2
1328110 1529.3
1328120 1530.4
1328130 1530.4
1328140 1532.2
1328150 1534.6
1328160 1534.6
1328170 1538.8
1328180 1542.7
1328190 1542.7
1328200 1546.0
1328210 1549.1
1328220 1549.1
1328230 1551.9
1328240 1554.1
1328250 1554.1
1328260 1555.5
1328270 1557.6
1328280 1558.7
1328290 1560.5
1328300 1563.1
1328310 1563.1
1328320 1566.4
1328330 1570.6
1328340 1570.6
1328350 1575.8
1328360 1580.2
1328370 1584.7
1328380 1584.7
1328390 1588.8
1328400 1593.0
1328410 1593.0
1328420 1597.8
1328430 1603.0
1328440 1603.0
1328450 1608.3
1328460 1614.1
1328470 1614.1
1328480 1620.7
1328490 1626.7
1328500 1626.7
1328510 1632.8
1328520 1636.2
1328530 1636.2
1328540 1637.9
1328550 1642.7
1328560 1642.7
1328570 1646.1
1328580 1647.6
1328590 1647.6
1328600 1651.0
1328610 1658.6
1328620 1663.1
1328630 1663.1
1328640 1666.1
1328650 1670.6
1328660 1670.6
1328670 1674.2
1328680 1676.1
1328690 1676.1
1328700 1679.1
1328710 1682.7
1328720 1682.7
1328730 1686.6
1328740 1690.4
1328750 1690.4
1328760 1694.0
1328770 1697.8
1328780 1697.8
1328790 1701.8
1328800 1705.8
1328810 1705.8
1328820 1709.4
1328830 1712.3
1328840 1712.3
1328850 1714.9
1328860 1717.9
1328870 1721.0
1328880 1721.0
1328890 1723.4
1328900 1727.0
1328910 1727.0
1328920 1731.5
1328930 1735.2
1328940 1735.2
1328950 1738.3
1328960 1742.2
1328970 1742.2
1328980 1746.4
1328990 1752.3
1329000 1752.3
1329010 1757.7
1329020 1759.7
1329030 1759.7
1329040 1762.9
1329050 1763.9
1329060 1763.9
1329070 1765.4
1329080 1768.3
1329090 1768.3
1329100 1771.2
1329110 1775.0
1329120 1778.3
1329130 1778.3
1329140 1780.4
1329150 1783.0
1329160 1783.0
1329170 1785.2
1329180 1786.9
1329190 1786.9
1329200 1788.8
1329210 1790.7
1329220 1790.7
1329230 1793.6
1329240 1796.0
1329250 1796.0
1329260 1797.9
1329270 1799.4
1329280 1799.4
1329290 1800.6
1329300 1802.0
1329310 1802.0
1329320 1803.7
1329330 1805.2
1329340 1805.2
1329350 1807.7
1329360 1811.8
1329370 1816.4
1329380 1816.4
1329390 1820.3
1329400 1823.9
1329410 1823.9
1329420 1828.1
1329430 1831.5
1329440 1831.5
1329450 1834.5
1329460 1837.8
1329470 1837.8
1329480 1842.1
1329490 1846.8
1329500 1846.8
1329510 1850.4
1329520 1854.3
1329530 1854.3
1329540 1857.7
1329550 1860.9
1329560 1860.9
1329570 1863.5
1329580 1865.6
1329590 1865.6
1329600 1867.5
1329610 1872.3
1329620 1872.3
1329630 1877.7
1329640 1880.2
1329650 1882.7
1329660 1882.7
1329670 1885.3
1329680 1887.5
1329690 1887.5
1329700 1890.0
1329710 1894.6
1329720 1894.6
1329730 1899.9
1329740 1903.8
1329750 1903.8
1329760 1908.4
1329770 1912.9
1329780 1912.9
1329790 1917.3
1329800 1921.9
1329810 1921.9
1329820 1926.0
1329830 1930.5
1329840 1930.5
1329850 1934.2
1329860 1938.4
1329870 1938.4
1329880 1943.2
1329890 1945.6
1329900 1947.1
1329910 1947.1
1329920 1946.3
1329930 1948.1
1329940 1948.1
1329950 1951.4
1329960 1954.7
1329970 1954.7
1329980 1957.1
1329990 1960.3
1330000 1960.3
1330010 1963.3
1330020 1965.3
1330030 1965.3
1330040 1967.0
1330050 1970.6
1330060 1970.6
1330070 1974.4
1330080 1975.0
1330090 1975.0
1330100 1978.6
1330110 1983.6
1330120 1983.6
1330130 1986.5
1330140 1988.5
1330150 1988.3
1330160 1988.3
1330170 1991.7
1330180 1997.4
1330190 1997.4
1330200 2006.7
1330210 2014.3
1330220 2014.3
1330230 2018.7
1330240 2020.9
1330250 2020.9
1330260 2022.9
1330270 2026.2
1330280 2026.2
1330290 2029.2
1330300 2031.4
1330310 2031.4
1330320 2033.9
1330330 2037.0
1330340 2037.0
1330350 2039.3
1330360 2043.7
1330370 2043.7
1330380 2046.9
1330390 2051.2
1330400 2053.8
1330410 2053.8
1330420 2054.8
1330430 2057.0
1330440 2057.0
1330450 2059.2
1330460 2061.5
1330470 2061.5
1330480 2066.1
1330490 2070.2
1330500 2070.2
1330510 2073.1
1330520 2076.2
1330530 2076.2
1330540 2078.5
1330550 2081.0
1330560 2081.0
1330570 2083.7
1330580 2087.0
1330590 2087.0
1330600 2089.7
1330610 2092.0
1330620 2092.0
1330630 2094.3
1330640 2096.5
1330650 2098.4
1330660 2098.4
1330670 2099.6
1330680 2100.6
1330690 2100.6
1330700 2100.8
1330710 2100.5
1330720 2100.5
1330730 2100.2
1330740 2097.2
1330750 2097.2
1330760 2093.5
1330770 2089.2
1330780 2089.2
1330790 2085.6
1330800 2083.2
1330810 2083.2
1330820 2081.8
1330830 2080.7
1330840 2080.7
1330850 2080.7
1330860 2081.1
1330870 2081.1
1330880 2081.7
1330890 2082.3
1330900 2086.6
1330910 2086.6
1330920 2091.7
1330930 2094.2
1330940 2094.2
1330950 2095.4
1330960 2095.7
1330970 2095.7
1330980 2096.8
1330990 2098.5
1331000 2098.5
1331010 2100.6
1331020 2101.6
1331030 2101.6
1331040 2102.9
1331050 2103.2
1331060 2103.2
1331070 2103.0
1331080 2103.2
1331090 2103.2
1331100 2104.1
1331110 2105.5
1331120 2105.5
1331130 2107.1
1331140 2107.6
1331150 2107.8
1331160 2107.8
1331170 2108.1
1331180 2108.1
1331190 2108.1
1331200 2109.4
1331210 2110.5
1331220 2110.5
1331230 2111.4
1331240 2112.1
1331250 2112.1
1331260 2112.2
1331270 2111.4
1331280 2111.4
1331290 2110.1
1331300 2108.5
1331310 2108.5
1331320 2106.3
1331330 2104.5
1331340 2104.5
1331350 2103.6
1331360 2103.2
1331370 2103.2
1331380 2103.3
1331390 2103.0
1331400 2102.3
1331410 2102.3
1331420 2101.8
1331430 2100.9
1331440 2100.9
1331450 2099.8
1331460 2099.9
1331470 2099.9
1331480 2101.5
1331490 2103.6
1331500 2103.6
1331510 2106.4
1331520 2106.0
1331530 2106.0
1331540 2103.0
1331550 2100.0
1331560 2100.0
1331570 2096.2
1331580 2095.1
1331590 2095.1
1331600 2093.7
1331610 2093.5
1331620 2093.5
1331630 2094.5
1331640 2094.9
1331650 2095.6
1331660 2095.6
1331670 2096.6
1331680 2097.9
1331690 2097.9
1331700 2098.8
1331710 2100.5
1331720 2100.5
1331730 2104.1
1331740 2105.6
1331750 2105.6
1331760 2104.6
1331770 2102.8
1331780 2102.8
1331790 2099.8
1331800 2095.7
1331810 2095.7
1331820 2090.7
1331830 2085.4
1331840 2085.4
1331850 2080.3
1331860 2074.8
1331870 2074.8
1331880 2068.8
1331890 2062.9
1331900 2057.3
1331910 2057.3
1331920 2050.6
1331930 2043.3
1331940 2043.3
1331950 2035.8
1331960 2028.1
1331970 2028.1
1331980 2019.1
1331990 2010.5
1332000 2010.5
1332010 2004.0
1332020 2000.1
1332030 2000.1
1332040 1992.4
1332050 1983.2
1332060 1983.2
1332070 1972.9
1332080 1963.4
1332090 1963.4
1332100 1954.5
1332110 1945.8
1332120 1945.8
1332130 1939.3
1332140 1934.1
1332150 1928.8
1332160 1928.8
1332170 1923.3
1332180 1918.0
1332190 1918.0
1332200 1912.8
1332210 1908.0
1332220 1908.0
1332230 1903.7
1332240 1899.9
1332250 1899.9
1332260 1896.3
1332270 1892.2
1332280 1892.2
1332290 1888.2
1332300 1884.7
1332310 1884.7
1332320 1881.4
1332330 1878.6
1332340 1878.6
1332350 1876.8
1332360 1876.9
1332370 1876.9
1332380 1880.4
1332390 1882.1
1332400 1882.1
1332410 1880.0
1332420 1881.1
1332430 1882.4
1332440 1882.4
1332450 1885.1
1332460 1886.5
1332470 1886.5
1332480 1887.4
1332490 1888.6
1332500 1888.6
1332510 1889.5
1332520 1890.2
1332530 1890.2
1332540 1890.0
1332550 1888.9
1332560 1888.9
1332570 1889.7
1332580 1891.8
1332590 1891.8
1332600 1894.8
1332610 1897.9
1332620 1897.9
1332630 1901.4
1332640 1904.4
1332650 1904.4
1332660 1907.7
1332670 1912.3
1332680 1917.9
1332690 1917.9
1332700 1922.9
1332710 1927.7
1332720 1927.7
1332730 1931.2
1332740 1935.5
1332750 1935.5
1332760 1940.1
1332770 1940.9
1332780 1940.9
1332790 1943.1
1332800 1948.4
1332810 1948.4
1332820 1953.9
1332830 1960.0
1332840 1960.0
1332850 1966.2
1332860 1971.9
1332870 1971.9
1332880 1977.2
1332890 1982.0
1332900 1982.0
1332910 1987.8
1332920 1994.0
1332930 2000.0
1332940 2000.0
1332950 2006.5
1332960 2013.4
1332970 2013.4
1332980 2020.2
1332990 2026.7
1333000 2026.7
1333010 2033.6
1333020 2040.5
1333030 2040.5
1333040 2047.2
1333050 2053.5
1333060 2053.5
1333070 2059.8
1333080 2065.3
1333090 2065.3
1333100 2070.4
1333110 2075.0
1333120 2075.0
1333130 2078.5
1333140 2082.5
1333150 2082.5
1333160 2086.6
1333170 2090.7
1333180 2094.0
1333190 2094.0
1333200 2097.4
1333210 2101.5
1333220 2101.5
1333230 2105.8
1333240 2109.9
1333250 2107.0
1333260 2110.0
1333270 2112.0
1333280 2112.0
1333290 2112.9
1333300 2112.5
1333310 2112.5
1333320 2110.8
1333330 2109.5
1333340 2109.5
1333350 2108.6
1333360 2106.9
1333370 2106.9
1333380 2104.5
1333390 2102.3
1333400 2102.3
1333410 2100.2
1333420 2097.6
1333430 2095.5
1333440 2095.5
1333450 2093.9
1333460 2093.0
1333470 2093.0
1333480 2092.3
1333490 2091.8
1333500 2091.8
1333510 2090.7
1333520 2092.3
1333530 2092.3
1333540 2092.7
1333550 2093.2
1333560 2093.2
1333570 2093.8
1333580 2095.1
1333590 2095.1
1333600 2096.1
1333610 2096.8
1333620 2096.8
1333630 2096.7
1333640 2096.5
1333650 2096.5
1333660 2097.3
1333670 2097.7
1333680 2096.8
1333690 2096.8
1333700 2094.8
1333710 2096.1
1333720 2096.1
1333730 2100.8
1333740 2101.4
1333750 2101.4
1333760 2100.8
1333770 2100.2
1333780 2100.2
1333790 2102.1
1333800 2107.0
1333810 2107.0
1333820 2111.5
1333830 2115.0
1333840 2115.0
1333850 2117.8
1333860 2120.6
1333870 2120.6
1333880 2122.9
1333890 2124.7
1333900 2124.7
1333910 2127.0
1333920 2129.9
1333930 2131.6
1333940 2131.6
1333950 2132.1
1333960 2135.6
1333970 2135.6
1333980 2138.7
1333990 2141.0
1334000 2141.0
1334010 2143.4
1334020 2145.8
1334030 2145.8
1334040 2148.3
1334050 2150.8
1334060 2150.8
1334070 2153.1
1334080 2155.1
1334090 2152.5
1334100 2154.6
1334110 2156.9
1334120 2156.9
1334130 2158.6
1334140 2162.2
1334150 2162.2
1334160 2165.9
1334170 2169.9
1334180 2173.5
1334190 2173.5
1334200 2177.0
1334210 2180.9
1334220 2180.9
1334230 2184.8
1334240 2188.5
1334250 2188.5
1334260 2192.1
1334270 2195.6
1334280 2195.6
1334290 2198.9
1334300 2201.8
1334310 2201.8
1334320 2204.3
1334330 2206.4
1334340 2206.4
1334350 2207.9
1334360 2208.8
1334370 2208.8
1334380 2209.2
1334390 2209.3
1334400 2209.3
1334410 2208.8
1334420 2207.1
1334430 2203.3
1334440 2203.3
1334450 2198.9
1334460 2195.0
1334470 2195.0
1334480 2190.8
1334490 2185.8
1334500 2185.8
1334510 2181.5
1334520 2179.3
1334530 2179.3
1334540 2178.0
1334550 2176.4
1334560 2176.4
1334570 2174.6
1334580 2173.3
1334590 2173.3
1334600 2171.6
1334610 2170.1
1334620 2170.1
1334630 2168.6
1334640 2167.2
1334650 2167.2
1334660 2165.3
1334670 2164.4
1334680 2164.6
1334690 2164.6
1334700 2161.5
1334710 2156.2
1334720 2156.2
1334730 2152.2
1334740 2147.6
1334750 2147.6
1334760 2142.9
1334770 2138.5
1334780 2138.5
1334790 2134.8
1334800 2132.8
1334810 2132.8
1334820 2130.4
1334830 2128.1
1334840 2128.1
1334850 2126.4
1334860 2125.2
1334870 2125.2
1334880 2124.1
1334890 2123.0
1334900 2123.0
1334910 2120.8
1334920 2116.9
1334930 2113.3
1334940 2112.2
1334950 2108.7
1334960 2105.0
1334970 2105.0
1334980 2102.1
1334990 2097.3
1335000 2097.3
1335010 2092.4
1335020 2091.2
1335030 2091.2
1335040 2089.6
1335050 2087.3
1335060 2087.3
1335070 2085.2
1335080 2082.8
1335090 2082.8
1335100 2079.6
1335110 2076.1
1335120 2076.1
1335130 2073.4
1335140 2070.0
1335150 2070.0
1335160 2066.6
1335170 2062.2
1335180 2062.2
1335190 2058.4
1335200 2056.7
1335210 2057.0
1335220 2057.0
1335230 2057.7
1335240 2057.8
1335250 2057.8
1335260 2056.6
1335270 2055.1
1335280 2055.1
1335290 2053.6
1335300 2052.2
1335310 2052.2
1335320 2051.9
1335330 2052.1
1335340 2052.1
1335350 2052.2
1335360 2051.8
1335370 2051.8
1335380 2051.4
1335390 2051.0
1335400 2051.0
1335410 2050.1
1335420 2048.6
1335430 2048.6
1335440 2047.7
1335450 2047.4
1335460 2047.0
1335470 2047.0
1335480 2045.8
1335490 2045.5
1335500 2045.5
1335510 2046.0
1335520 2045.4
1335530 2045.4
1335540 2044.1
1335550 2042.4
1335560 2042.4
1335570 2040.1
1335580 2039.2
1335590 2039.2
1335600 2038.4
1335610 2037.0
1335620 2037.0
1335630 2035.8
1335640 2034.3
1335650 2034.3
1335660 2031.3
1335670 2030.5
1335680 2030.5
1335690 2030.3
1335700 2029.2
1335710 2027.8
1335720 2027.8
1335730 2026.8
1335740 2026.0
1335750 2026.0
1335760 2025.3
1335770 2025.6
1335780 2025.6
1335790 2032.7
1335800 2035.2
1335810 2035.2
1335820 2036.6
1335830 2036.0
1335840 2036.0
1335850 2033.3
1335860 2029.4
1335870 2029.4
1335880 2026.8
1335890 2025.2
1335900 2025.2
1335910 2023.3
1335920 2022.0
1335930 2022.0
1335940 2021.4
1335950 2020.8
1335960 2020.2
1335970 2020.2
1335980 2019.9
1335990 2020.1
1336000 2020.1
1336010 2020.6
1336020 2020.8
1336030 2020.8
1336040 2021.2
1336050 2022.1
1336060 2022.1
1336070 2023.4
1336080 2024.9
1336090 2024.9
1336100 2026.8
1336110 2029.3
1336120 2029.3
1336130 2030.8
1336140 2033.2
1336150 2033.2
1336160 2034.3
1336170 2035.5
1336180 2035.5
1336190 2036.4
1336200 2036.8
1336210 2036.8
1336220 2036.8
1336230 2036.2
1336240 2035.7
1336250 2035.7
1336260 2035.3
1336270 2035.0
1336280 2035.0
1336290 2032.0
1336300 2028.9
1336310 2028.9
1336320 2027.2
1336330 2026.9
1336340 2026.9
1336350 2026.6
1336360 2025.5
1336370 2025.5
1336380 2021.8
1336390 2016.3
1336400 2016.3
1336410 2009.6
1336420 2003.4
1336430 2003.4
1336440 1996.1
1336450 1986.8
1336460 1978.7
1336470 1978.7
1336480 1969.2
1336490 1958.9
1336500 1958.9
1336510 1951.0
1336520 1944.2
1336530 1944.2
1336540 1937.2
1336550 1928.4
1336560 1928.4
1336570 1920.5
1336580 1912.7
1336590 1912.7
1336600 1903.2
1336610 1893.8
1336620 1893.8
1336630 1886.4
1336640 1879.3
1336650 1879.4
1336660 1873.3
1336670 1867.7
1336680 1867.7
1336690 1861.1
1336700 1855.1
1336710 1850.3
1336720 1850.3
1336730 1845.7
1336740 1837.9
1336750 1837.9
1336760 1831.2
1336770 1826.3
1336780 1826.3
1336790 1821.8
1336800 1817.3
1336810 1817.3
1336820 1811.7
1336830 1805.7
1336840 1805.7
1336850 1798.7
1336860 1792.7
1336870 1792.7
1336880 1786.8
1336890 1780.8
1336900 1780.8
1336910 1774.6
1336920 1768.7
1336930 1768.7
1336940 1762.2
1336950 1755.5
1336960 1748.3
1336970 1748.3
1336980 1740.1
1336990 1733.6
1337000 1733.6
1337010 1727.7
1337020 1722.4
1337030 1722.4
1337040 1717.9
1337050 1713.0
1337060 1713.0
1337070 1707.4
1337080 1704.8
1337090 1704.8
1337100 1703.8
1337110 1704.4
1337120 1704.4
1337130 1705.3
1337140 1706.9
1337150 1706.9
1337160 1710.2
1337170 1714.8
1337180 1714.8
1337190 1718.4
1337200 1722.9
1337210 1726.2
1337220 1726.2
1337230 1729.4
1337240 1733.5
1337250 1733.5
1337260 1736.4
1337270 1737.4
1337280 1737.4
1337290 1737.7
1337300 1738.2
1337310 1738.2
1337320 1738.8
1337330 1739.0
1337340 1739.0
1337350 1735.6
1337360 1736.4
1337370 1736.4
1337380 1743.2
1337390 1744.5
1337400 1744.5
1337410 1744.0
1337420 1742.8
1337430 1742.8
1337440 1741.7
1337450 1741.7
1337460 1740.3
1337470 1740.3
1337480 1738.3
1337490 1738.4
1337500 1738.4
1337510 1735.5
1337520 1737.6
1337530 1737.6
1337540 1739.7
1337550 1743.0
1337560 1743.0
1337570 1745.7
1337580 1748.4
1337590 1748.4
1337600 1751.7
1337610 1756.7
1337620 1756.7
1337630 1763.5
1337640 1770.5
1337650 1770.5
1337660 1776.3
1337670 1780.6
1337680 1780.6
1337690 1783.9
1337700 1788.1
1337710 1792.8
1337720 1792.8
1337730 1798.0
1337740 1803.4
1337750 1803.4
1337760 1807.9
1337770 1810.5
1337780 1810.5
1337790 1812.4
1337800 1813.3
1337810 1813.3
1337820 1812.9
1337830 1812.5
1337840 1812.5
1337850 1812.2
1337860 1812.7
1337870 1812.7
1337880 1812.9
1337890 1812.6
1337900 1812.6
1337910 1814.4
1337920 1814.5
1337930 1814.5
1337940 1813.6
1337950 1816.8
1337960 1822.4
1337970 1822.4
1337980 1827.9
1337990 1831.7
1338000 1831.7
1338010 1835.2
1338020 1839.0
1338030 1839.0
1338040 1843.7
1338050 1849.5
1338060 1849.5
1338070 1854.6
1338080 1858.7
1338090 1858.7
1338100 1863.8
1338110 1867.7
1338120 1867.7
1338130 1867.9
1338140 1867.1
1338150 1867.1
1338160 1864.1
1338170 1862.5
1338180 1862.5
1338190 1860.2
1338200 1856.1
1338210 1856.1
1338220 1853.7
1338230 1852.1
1338240 1849.9
1338250 1849.9
1338260 1848.8
1338270 1848.0
1338280 1848.0
1338290 1848.9
1338300 1850.7
1338310 1850.7
1338320 1851.9
1338330 1852.2
1338340 1852.2
1338350 1852.4
1338360 1853.8
1338370 1853.8
1338380 1854.9
1338390 1857.1
1338400 1857.1
1338410 1861.4
1338420 1866.3
1338430 1866.3
1338440 1870.9
1338450 1873.9
1338460 1873.9
1338470 1877.3
1338480 1879.4
1338490 1882.0
1338500 1882.0
1338510 1885.0
1338520 1886.1
1338530 1886.1
1338540 1888.0
1338550 1889.6
1338560 1889.6
1338570 1892.5
1338580 1897.3
1338590 1897.3
1338600 1904.8
1338610 1914.9
1338620 1914.9
1338630 1920.1
1338640 1920.4
1338650 1920.4
1338660 1920.5
1338670 1919.9
1338680 1919.9
1338690 1919.4
1338700 1918.8
1338710 1918.8
1338720 1917.8
1338730 1917.3
1338740 1917.0
1338750 1917.0
1338760 1916.6
1338770 1916.1
1338780 1916.1
1338790 1915.4
1338800 1914.7
1338810 1914.7
1338820 1913.9
1338830 1912.7
1338840 1912.7
1338850 1911.3
1338860 1910.1
1338870 1910.1
1338880 1909.4
1338890 1908.6
1338900 1908.6
1338910 1907.8
1338920 1907.0
1338930 1907.0
1338940 1906.1
1338950 1905.0
1338960 1905.0
1338970 1903.6
1338980 1901.1
1338990 1898.2
1339000 1898.2
1339010 1895.0
1339020 1891.4
1339030 1891.4
1339040 1887.7
1339050 1883.8
1339060 1883.8
1339070 1880.4
1339080 1877.3
1339090 1877.3
1339100 1874.1
1339110 1870.9
1339120 1870.9
1339130 1867.1
1339140 1862.5
1339150 1862.5
1339160 1858.1
1339170 1855.2
1339180 1855.2
1339190 1853.0
1339200 1850.6
1339210 1850.6
1339220 1849.0
1339230 1846.9
1339240 1844.1
1339250 1841.7
1339260 1838.3
1339270 1834.6
1339280 1834.6
1339290 1830.7
1339300 1825.9
1339310 1825.9
1339320 1821.6
1339330 1815.3
1339340 1815.3
1339350 1809.0
1339360 1805.3
1339370 1805.3
1339380 1802.3
1339390 1796.5
1339400 1796.5
1339410 1787.1
1339420 1776.5
1339430 1776.5
1339440 1769.9
1339450 1765.8
1339460 1765.8
1339470 1762.6
1339480 1758.5
1339490 1755.0
1339500 1755.0
1339510 1749.8
1339520 1743.4
1339530 1743.4
1339540 1739.4
1339550 1732.2
1339560 1732.2
1339570 1723.1
1339580 1715.4
1339590 1715.4
1339600 1709.1
1339610 1702.3
1339620 1702.3
1339630 1696.6
1339640 1695.0
1339650 1695.0
1339660 1693.8
1339670 1691.0
1339680 1691.0
1339690 1686.7
1339700 1681.8
1339710 1681.8
1339720 1678.2
1339730 1675.9
1339740 1671.9
1339750 1671.9
1339760 1668.6
1339770 1667.6
1339780 1667.6
1339790 1666.6
1339800 1665.6
1339810 1665.6
1339820 1665.3
1339830 1665.2
1339840 1665.2
1339850 1664.9
1339860 1664.5
1339870 1664.5
1339880 1663.7
1339890 1661.5
1339900 1661.5
1339910 1659.3
1339920 1658.3
1339930 1658.3
1339940 1657.7
1339950 1657.3
1339960 1657.3
1339970 1656.9
1339980 1657.1
1339990 1657.8
