1320000 1657.1
1320010 1657.1
1320020 1656.0
1320030 1655.8
1320040 1655.8
1320050 1655.1
1320060 1652.4
1320070 1650.6
1320080 1650.6
1320090 1649.1
1320100 1647.6
1320110 1647.6
1320120 1645.8
1320130 1643.1
1320140 1643.1
1320150 1640.5
1320160 1638.1
1320170 1638.1
1320180 1635.6
1320190 1632.8
1320200 1632.8
1320210 1629.0
1320220 1623.8
1320230 1623.8
1320240 1618.2
1320250 1613.7
1320260 1613.7
1320270 1610.9
1320280 1609.2
1320290 1609.2
1320300 1607.5
1320310 1603.9
1320320 1602.4
1320330 1602.4
1320340 1598.8
1320350 1595.1
1320360 1595.1
1320370 1592.0
1320380 1588.5
1320390 1588.5
1320400 1584.1
1320410 1580.6
1320420 1580.6
1320430 1577.7
1320440 1576.0
1320450 1576.0
1320460 1574.7
1320470 1572.5
1320480 1572.5
1320490 1568.1
1320500 1563.3
1320510 1563.3
1320520 1559.1
1320530 1555.1
1320540 1555.1
1320550 1552.2
1320560 1550.3
1320570 1548.3
1320580 1548.3
1320590 1545.9
1320600 1543.3
1320610 1543.3
1320620 1541.0
1320630 1538.4
1320640 1538.4
1320650 1535.9
1320660 1533.6
1320670 1533.6
1320680 1532.5
1320690 1531.4
1320700 1531.4
1320710 1528.1
1320720 1522.6
1320730 1522.6
1320740 1516.7
1320750 1512.8
1320760 1512.8
1320770 1510.3
1320780 1507.5
1320790 1507.5
1320800 1504.6
1320810 1502.1
1320820 1502.1
1320830 1499.0
1320840 1496.6
1320850 1494.5
1320860 1494.5
1320870 1492.7
1320880 1492.2
1320890 1492.2
1320900 1492.7
1320910 1492.1
1320920 1492.1
1320930 1490.9
1320940 1489.2
1320950 1489.2
1320960 1487.4
1320970 1485.2
1320980 1485.2
1320990 1481.7
1321000 1477.7
1321010 1477.7
1321020 1474.7
1321030 1472.8
1321040 1472.8
1321050 1471.7
1321060 1470.0
1321070 1470.0
1321080 1468.4
1321090 1466.1
1321100 1462.0
1321110 1462.0
1321120 1459.0
1321130 1457.2
1321140 1457.2
1321150 1456.4
1321160 1455.8
1321170 1455.8
1321180 1455.0
1321190 1453.9
1321200 1453.9
1321210 1452.7
1321220 1450.7
1321230 1450.7
1321240 1448.5
1321250 1446.0
1321260 1446.0
1321270 1442.5
1321280 1438.4
1321290 1438.4
1321300 1434.1
1321310 1430.2
1321320 1430.2
1321330 1426.5
1321340 1422.9
1321350 1419.5
1321360 1419.5
1321370 1416.2
1321380 1412.9
1321390 1412.9
1321400 1409.8
1321410 1407.1
1321420 1407.1
1321430 1404.9
1321440 1401.6
1321450 1401.6
1321460 1398.4
1321470 1394.3
1321480 1394.3
1321490 1387.9
1321500 1381.9
1321510 1381.9
1321520 1377.6
1321530 1374.3
1321540 1374.3
1321550 1370.8
1321560 1366.3
1321570 1366.3
1321580 1362.3
1321590 1358.9
1321600 1356.6
1321610 1356.6
1321620 1353.4
1321630 1349.7
1321640 1349.7
1321650 1346.0
1321660 1342.4
1321670 1342.4
1321680 1339.4
1321690 1335.8
1321700 1335.8
1321710 1332.1
1321720 1329.1
1321730 1329.1
1321740 1326.3
1321750 1323.8
1321760 1323.8
1321770 1320.7
1321780 1317.9
1321790 1317.9
1321800 1315.3
1321810 1314.8
1321820 1314.8
1321830 1316.0
1321840 1314.5
1321850 1313.2
1321860 1312.3
1321870 1310.4
1321880 1306.3
1321890 1306.3
1321900 1300.9
1321910 1296.7
1321920 1296.7
1321930 1294.6
1321940 1292.8
1321950 1292.8
1321960 1291.6
1321970 1290.5
1321980 1290.5
1321990 1290.0
1322000 1288.2
1322010 1288.2
1322020 1285.0
1322030 1282.0
1322040 1282.0
1322050 1280.7
1322060 1279.8
1322070 1279.8
1322080 1278.7
1322090 1277.5
1322100 1277.5
1322110 1276.2
1322120 1274.8
1322130 1272.3
1322140 1272.3
1322150 1269.7
1322160 1267.5
1322170 1267.5
1322180 1264.8
1322190 1261.0
1322200 1261.0
1322210 1258.8
1322220 1258.0
1322230 1258.0
1322240 1255.8
1322250 1251.9
1322260 1251.9
1322270 1246.9
1322280 1244.7
1322290 1244.7
1322300 1243.3
1322310 1240.6
1322320 1240.6
1322330 1240.6
1322340 1237.3
1322350 1237.3
1322360 1233.1
1322370 1229.8
1322380 1223.6
1322390 1223.6
1322400 1215.2
1322410 1207.8
1322420 1207.8
1322430 1201.5
1322440 1196.4
1322450 1196.4
1322460 1191.3
1322470 1184.2
1322480 1184.2
1322490 1177.7
1322500 1172.0
1322510 1172.0
1322520 1167.1
1322530 1161.4
1322540 1161.4
1322550 1154.5
1322560 1149.2
1322570 1149.2
1322580 1144.5
1322590 1139.5
1322600 1139.5
1322610 1135.2
1322620 1131.3
1322630 1127.1
1322640 1127.1
1322650 1122.4
1322660 1118.9
1322670 1118.9
1322680 1116.9
1322690 1116.2
1322700 1116.2
1322710 1114.7
1322720 1111.0
1322730 1111.0
1322740 1107.0
1322750 1104.4
1322760 1104.4
1322770 1102.6
1322780 1101.5
1322790 1101.5
1322800 1097.7
1322810 1091.8
1322820 1091.8
1322830 1088.1
1322840 1083.2
1322850 1083.2
1322860 1077.7
1322870 1074.0
1322880 1069.6
1322890 1069.6
1322900 1062.7
1322910 1056.6
1322920 1056.6
1322930 1052.1
1322940 1050.3
1322950 1050.3
1322960 1049.9
1322970 1049.4
1322980 1049.4
1322990 1048.5
1323000 1047.8
1323010 1047.8
1323020 1046.6
1323030 1045.0
1323040 1045.0
1323050 1043.5
1323060 1041.1
1323070 1041.1
1323080 1037.8
1323090 1033.7
1323100 1033.7
1323110 1029.8
1323120 1025.3
1323130 1020.4
1323140 1020.4
1323150 1015.6
1323160 1009.9
1323170 1009.9
1323180 1001.6
1323190 995.3
1323200 995.3
1323210 989.6
1323220 983.8
1323230 983.8
1323240 978.1
1323250 972.5
1323260 972.5
1323270 967.8
1323280 963.1
1323290 963.1
1323300 959.5
1323310 956.9
1323320 956.9
1323330 954.3
1323340 951.2
1323350 951.2
1323360 947.7
1323370 942.3
1323380 936.9
1323390 936.9
1323400 932.4
1323410 927.8
1323420 927.8
1323430 924.7
1323440 920.6
1323450 920.6
1323460 916.0
1323470 908.6
1323480 908.6
1323490 900.3
1323500 891.7
1323510 891.7
1323520 883.3
1323530 875.6
1323540 875.6
1323550 868.5
1323560 862.7
1323570 862.7
1323580 858.0
1323590 853.4
1323600 853.4
1323610 847.0
1323620 832.4
1323630 832.4
1323640 821.6
1323650 812.9
1323660 804.7
1323670 804.7
1323680 797.9
1323690 793.3
1323700 793.3
1323710 789.9
1323720 783.8
1323730 783.8
1323740 773.6
1323750 765.4
1323760 765.4
1323770 757.6
1323780 750.8
1323790 750.8
1323800 744.8
1323810 739.6
1323820 739.6
1323830 735.8
1323840 733.3
1323850 733.3
1323860 730.5
1323870 727.7
1323880 727.7
1323890 724.6
1323900 721.7
1323910 720.6
1323920 720.6
1323930 719.8
1323940 717.2
1323950 717.2
1323960 713.4
1323970 707.0
1323980 707.0
1323990 696.9
1324000 687.6
1324010 687.6
1324020 678.7
1324030 670.2
1324040 670.2
1324050 661.9
1324060 651.9
1324070 651.9
1324080 643.5
1324090 631.9
1324100 631.9
1324110 609.8
1324120 598.6
1324130 598.6
1324140 589.8
1324150 581.7
1324160 573.9
1324170 573.9
1324180 568.1
1324190 566.3
1324200 566.3
1324210 566.2
1324220 566.3
1324230 566.3
1324240 565.9
1324250 565.7
1324260 565.7
1324270 566.0
1324280 565.8
1324290 565.8
1324300 565.8
1324310 565.9
1324320 565.9
1324330 565.9
1324340 565.9
1324350 565.9
1324360 566.0
1324370 566.2
1324380 566.2
1324390 566.3
1324400 566.4
1324410 566.3
1324420 566.3
1324430 566.1
1324440 565.8
1324450 565.8
1324460 565.8
1324470 565.9
1324480 565.9
1324490 565.8
1324500 565.6
1324510 565.6
1324520 565.6
1324530 565.6
1324540 565.6
1324550 565.7
1324560 565.7
1324570 565.7
1324580 565.8
1324590 565.8
1324600 565.8
1324610 565.9
1324620 565.9
1324630 565.9
1324640 566.0
1324650 566.0
1324660 566.0
1324670 566.0
1324680 566.0
1324690 566.1
1324700 566.1
1324710 566.2
1324720 566.3
1324730 566.3
1324740 566.5
1324750 567.0
1324760 567.0
1324770 566.1
1324780 563.4
1324790 563.4
1324800 562.4
1324810 562.4
1324820 562.4
1324830 563.6
1324840 566.5
1324850 566.5
1324860 568.0
1324870 567.4
1324880 567.4
1324890 567.5
1324900 567.9
1324910 568.8
1324920 568.8
1324930 569.9
1324940 571.7
1324950 571.7
1324960 577.7
1324970 585.3
1324980 585.3
1324990 592.8
1325000 600.3
1325010 600.3
1325020 605.4
1325030 604.9
1325040 604.9
1325050 602.6
1325060 600.7
1325070 600.7
1325080 599.5
1325090 599.0
1325100 599.0
1325110 599.1
1325120 599.4
1325130 599.4
1325140 599.3
1325150 599.1
1325160 599.1
1325170 599.5
1325180 602.3
1325190 604.0
1325200 604.0
1325210 605.1
1325220 606.6
1325230 606.6
1325240 609.2
1325250 613.0
1325260 613.0
1325270 617.2
1325280 622.4
1325290 622.4
1325300 628.3
1325310 632.3
1325320 632.3
1325330 636.9
1325340 643.6
1325350 643.6
1325360 649.1
1325370 654.9
1325380 654.9
1325390 660.7
1325400 665.7
1325410 665.7
1325420 670.0
1325430 674.4
1325440 678.7
1325450 678.7
1325460 682.2
1325470 684.4
1325480 684.4
1325490 686.0
1325500 687.7
1325510 687.7
1325520 689.3
1325530 691.6
1325540 691.6
1325550 694.2
1325560 697.2
1325570 697.2
1325580 702.4
1325590 708.4
1325600 708.4
1325610 714.0
1325620 719.2
1325630 719.2
1325640 725.1
1325650 729.4
1325660 729.4
1325670 734.1
1325680 739.5
1325690 746.1
1325700 746.1
1325710 754.6
1325720 764.1
1325730 764.1
1325740 771.9
1325750 779.0
1325760 779.0
1325770 786.1
1325780 793.1
1325790 793.1
1325800 800.4
1325810 808.3
1325820 807.4
1325830 815.9
1325840 827.2
1325850 827.2
1325860 838.9
1325870 848.2
1325880 848.2
1325890 854.6
1325900 860.0
1325910 860.0
1325920 864.1
1325930 868.4
1325940 873.1
1325950 873.1
1325960 878.2
1325970 883.7
1325980 883.7
1325990 890.2
1326000 898.7
1326010 898.7
1326020 903.8
1326030 907.4
1326040 907.4
1326050 910.2
1326060 913.5
1326070 913.5
1326080 917.2
1326090 920.8
1326100 920.8
1326110 924.8
1326120 929.0
1326130 929.0
1326140 934.0
1326150 939.3
1326160 939.3
1326170 944.7
1326180 950.4
1326190 955.3
1326200 955.3
1326210 959.4
1326220 963.0
1326230 963.0
1326240 966.9
1326250 968.9
1326260 968.9
1326270 971.1
1326280 974.3
1326290 974.3
1326300 977.5
1326310 980.7
1326320 980.7
1326330 984.2
1326340 987.9
1326350 987.9
1326360 992.2
1326370 996.4
1326380 996.4
1326390 1000.8
1326400 1005.6
1326410 1005.6
1326420 1009.4
1326430 1011.1
1326440 1011.1
1326450 1014.7
1326460 1020.2
1326470 1024.6
1326480 1024.6
1326490 1029.4
1326500 1034.7
1326510 1034.7
1326520 1039.7
1326530 1045.1
1326540 1045.1
1326550 1050.6
1326560 1055.6
1326570 1055.6
1326580 1060.0
1326590 1064.4
1326600 1064.4
1326610 1069.1
1326620 1075.5
1326630 1075.5
1326640 1079.7
1326650 1084.3
1326660 1084.3
1326670 1088.7
1326680 1092.9
1326690 1092.9
1326700 1097.4
1326710 1100.5
1326720 1103.4
1326730 1103.4
1326740 1106.2
1326750 1109.7
1326760 1109.7
1326770 1114.0
1326780 1118.2
1326790 1118.2
1326800 1122.6
1326810 1126.8
1326820 1126.8
1326830 1131.2
1326840 1135.6
1326850 1135.6
1326860 1140.0
1326870 1144.1
1326880 1144.1
1326890 1147.6
1326900 1151.4
1326910 1151.4
1326920 1155.2
1326930 1159.0
1326940 1159.0
1326950 1162.7
1326960 1166.6
1326970 1171.4
1326980 1171.4
1326990 1174.6
1327000 1173.8
1327010 1173.8
1327020 1172.2
1327030 1171.6
1327040 1171.6
1327050 1171.2
1327060 1171.3
1327070 1171.3
1327080 1171.8
1327090 1173.1
1327100 1173.1
1327110 1175.8
1327120 1179.7
1327130 1179.7
1327140 1184.1
1327150 1188.7
1327160 1188.7
1327170 1190.0
1327180 1189.3
1327190 1189.3
1327200 1189.5
1327210 1190.9
1327220 1192.3
1327230 1192.3
1327240 1194.4
1327250 1195.8
1327260 1195.8
1327270 1195.9
1327280 1196.8
1327290 1196.8
1327300 1199.3
1327310 1202.7
1327320 1202.7
1327330 1206.6
1327340 1211.6
1327350 1211.6
1327360 1216.9
1327370 1220.3
1327380 1220.3
1327390 1221.2
1327400 1222.7
1327410 1222.7
1327420 1225.8
1327430 1225.7
1327440 1225.7
1327450 1228.0
1327460 1231.8
1327470 1236.1
1327480 1236.1
1327490 1240.7
1327500 1244.8
1327510 1244.8
1327520 1247.8
1327530 1252.7
1327540 1252.7
1327550 1258.2
1327560 1263.5
1327570 1263.5
1327580 1269.6
1327590 1275.6
1327600 1275.6
1327610 1281.0
1327620 1285.3
1327630 1285.3
1327640 1288.5
1327650 1291.0
1327660 1291.0
1327670 1293.7
1327680 1297.2
1327690 1297.2
1327700 1299.2
1327710 1300.9
1327720 1304.4
1327730 1304.4
1327740 1307.3
1327750 1309.8
1327760 1309.8
1327770 1312.7
1327780 1315.0
1327790 1315.0
1327800 1317.3
1327810 1320.8
1327820 1320.8
1327830 1324.5
1327840 1328.7
1327850 1328.7
1327860 1333.3
1327870 1338.4
1327880 1338.4
1327890 1343.1
1327900 1347.1
1327910 1347.1
1327920 1351.7
1327930 1356.5
1327940 1356.5
1327950 1359.7
1327960 1363.2
1327970 1363.2
1327980 1367.4
1327990 1372.5
1328000 1378.2
1328010 1378.2
1328020 1383.7
1328030 1387.7
1328040 1387.7
1328050 1391.0
1328060 1395.1
1328070 1395.1
1328080 1398.8
1328090 1402.6
1328100 1402.6
1328110 1407.0
1328120 1412.0
1328130 1412.0
1328140 1416.3
1328150 1420.1
1328160 1420.1
1328170 1424.3
1328180 1429.3
1328190 1429.3
1328200 1434.4
1328210 1439.2
1328220 1439.2
1328230 1444.0
1328240 1446.3
1328250 1450.4
1328260 1450.4
1328270 1454.8
1328280 1459.8
1328290 1459.8
1328300 1464.1
1328310 1467.9
1328320 1467.9
1328330 1472.3
1328340 1477.5
1328350 1477.5
1328360 1483.9
1328370 1490.8
1328380 1490.8
1328390 1496.7
1328400 1500.8
1328410 1500.8
1328420 1505.0
1328430 1509.7
1328440 1509.7
1328450 1514.1
1328460 1519.9
1328470 1519.9
1328480 1525.8
1328490 1530.1
1328500 1533.2
1328510 1533.2
1328520 1536.2
1328530 1539.2
1328540 1539.2
1328550 1543.0
1328560 1546.2
1328570 1546.2
1328580 1550.1
1328590 1554.1
1328600 1554.1
1328610 1558.2
1328620 1563.0
1328630 1563.0
1328640 1567.3
1328650 1571.1
1328660 1571.1
1328670 1574.6
1328680 1578.3
1328690 1578.3
1328700 1582.7
1328710 1587.7
1328720 1587.7
1328730 1594.1
1328740 1600.3
1328750 1606.4
1328760 1606.4
1328770 1612.8
1328780 1618.8
1328790 1618.8
1328800 1625.3
1328810 1631.2
1328820 1631.2
1328830 1635.6
1328840 1639.1
1328850 1639.1
1328860 1643.1
1328870 1648.8
1328880 1648.8
1328890 1655.3
1328900 1661.5
1328910 1661.5
1328920 1667.2
1328930 1672.4
1328940 1672.4
1328950 1677.1
1328960 1681.4
1328970 1681.4
1328980 1685.5
1328990 1689.1
1329000 1692.3
1329010 1692.3
1329020 1695.1
1329030 1697.3
1329040 1697.3
1329050 1700.5
1329060 1702.7
1329070 1702.7
1329080 1704.5
1329090 1706.3
1329100 1706.3
1329110 1707.9
1329120 1709.4
1329130 1709.4
1329140 1711.0
1329150 1712.0
1329160 1712.0
1329170 1712.2
1329180 1713.1
1329190 1713.1
1329200 1714.2
1329210 1714.8
1329220 1714.8
1329230 1715.1
1329240 1715.7
1329250 1715.7
1329260 1717.0
1329270 1719.0
1329280 1721.0
1329290 1721.0
1329300 1722.6
1329310 1724.1
1329320 1724.1
1329330 1725.4
1329340 1726.6
1329350 1726.6
1329360 1728.3
1329370 1730.2
1329380 1730.2
1329390 1730.4
1329400 1730.8
1329410 1730.8
1329420 1731.3
1329430 1731.3
1329440 1731.3
1329450 1731.3
1329460 1730.9
1329470 1730.9
1329480 1730.5
1329490 1730.6
1329500 1730.6
1329510 1731.0
1329520 1731.4
1329530 1732.0
1329540 1732.0
1329550 1732.8
1329560 1733.8
1329570 1733.8
1329580 1735.3
1329590 1736.4
1329600 1736.4
1329610 1735.5
1329620 1734.8
1329630 1734.8
1329640 1734.5
1329650 1733.2
1329660 1733.2
1329670 1731.4
1329680 1731.6
1329690 1731.6
1329700 1733.9
1329710 1736.0
1329720 1736.0
1329730 1738.5
1329740 1741.7
1329750 1741.7
1329760 1745.0
1329770 1748.4
1329780 1751.7
1329790 1751.7
1329800 1755.0
1329810 1758.4
1329820 1758.4
1329830 1761.7
1329840 1765.3
1329850 1765.3
1329860 1768.8
1329870 1772.2
1329880 1773.2
1329890 1776.7
1329900 1780.2
1329910 1780.2
1329920 1783.7
1329930 1786.9
1329940 1786.9
1329950 1790.1
1329960 1793.4
1329970 1793.4
1329980 1796.5
1329990 1799.2
1330000 1799.2
1330010 1801.7
1330020 1804.1
1330030 1806.0
1330040 1806.0
1330050 1808.2
1330060 1810.2
1330070 1810.2
1330080 1812.6
1330090 1814.9
1330100 1814.9
1330110 1816.9
1330120 1819.4
1330130 1819.4
1330140 1822.6
1330150 1826.0
1330160 1826.0
1330170 1830.2
1330180 1835.4
1330190 1835.4
1330200 1840.8
1330210 1845.8
1330220 1845.8
1330230 1850.1
1330240 1854.0
1330250 1854.0
1330260 1856.9
1330270 1857.5
1330280 1859.7
1330290 1859.7
1330300 1862.9
1330310 1865.2
1330320 1865.2
1330330 1868.6
1330340 1871.6
1330350 1871.6
1330360 1877.5
1330370 1883.5
1330380 1883.5
1330390 1889.2
1330400 1894.8
1330410 1894.8
1330420 1899.1
1330430 1903.4
1330440 1903.4
1330450 1909.0
1330460 1915.3
1330470 1915.3
1330480 1921.1
1330490 1927.5
1330500 1927.5
1330510 1933.5
1330520 1937.7
1330530 1941.0
1330540 1941.0
1330550 1944.1
1330560 1947.8
1330570 1947.8
1330580 1951.5
1330590 1956.0
1330600 1956.0
1330610 1960.4
1330620 1963.8
1330630 1963.8
1330640 1967.3
1330650 1972.9
1330660 1972.9
1330670 1979.3
1330680 1987.4
1330690 1987.4
1330700 1990.2
1330710 2001.1
1330720 2001.1
1330730 2007.6
1330740 2014.4
1330750 2014.4
1330760 2020.2
1330770 2021.8
1330780 2021.8
1330790 2023.4
1330800 2026.0
1330810 2028.7
1330820 2028.7
1330830 2032.6
1330840 2037.4
1330850 2037.4
1330860 2041.8
1330870 2046.6
1330880 2046.6
1330890 2052.5
1330900 2056.1
1330910 2056.1
1330920 2058.6
1330930 2060.5
1330940 2060.5
1330950 2062.1
1330960 2066.8
1330970 2066.8
1330980 2069.3
1330990 2071.0
1331000 2071.0
1331010 2074.2
1331020 2077.0
1331030 2077.0
1331040 2080.0
1331050 2082.7
1331060 2084.8
1331070 2084.8
1331080 2087.5
1331090 2091.1
1331100 2091.1
1331110 2093.6
1331120 2097.1
1331130 2097.1
1331140 2099.9
1331150 2103.1
1331160 2103.1
1331170 2106.9
1331180 2110.6
1331190 2110.6
1331200 2112.5
1331210 2114.5
1331220 2114.5
1331230 2117.8
1331240 2121.7
1331250 2121.7
1331260 2126.3
1331270 2130.7
1331280 2130.7
1331290 2134.2
1331300 2137.4
1331310 2139.0
1331320 2139.0
1331330 2139.5
1331340 2141.6
1331350 2141.6
1331360 2143.6
1331370 2145.8
1331380 2145.8
1331390 2148.6
1331400 2153.6
1331410 2153.6
1331420 2159.3
1331430 2166.5
1331440 2166.5
1331450 2173.3
1331460 2178.0
1331470 2178.0
1331480 2179.8
1331490 2181.2
1331500 2181.2
1331510 2183.2
1331520 2186.7
1331530 2183.1
1331540 2186.9
1331550 2192.0
1331560 2197.0
1331570 2197.0
1331580 2202.0
1331590 2208.1
1331600 2208.1
1331610 2215.5
1331620 2223.1
1331630 2223.1
1331640 2230.1
1331650 2237.3
1331660 2237.3
1331670 2244.2
1331680 2251.3
1331690 2251.3
1331700 2258.1
1331710 2265.0
1331720 2265.0
1331730 2272.1
1331740 2278.8
1331750 2278.8
1331760 2283.9
1331770 2286.5
1331780 2286.5
1331790 2287.0
1331800 2287.4
1331810 2287.5
1331820 2287.5
1331830 2287.5
1331840 2287.6
1331850 2287.6
1331860 2287.9
1331870 2290.0
1331880 2290.0
1331890 2294.6
1331900 2296.7
1331910 2296.7
1331920 2296.6
1331930 2297.4
1331940 2297.4
1331950 2298.1
1331960 2300.9
1331970 2300.9
1331980 2305.9
1331990 2309.0
1332000 2309.0
1332010 2310.9
1332020 2311.0
1332030 2311.0
1332040 2308.0
1332050 2304.5
1332060 2304.5
1332070 2306.6
1332080 2307.4
1332090 2306.2
1332100 2306.2
1332110 2306.9
1332120 2307.9
1332130 2307.9
1332140 2310.7
1332150 2315.7
1332160 2315.7
1332170 2319.3
1332180 2323.1
1332190 2323.1
1332200 2325.6
1332210 2326.7
1332220 2326.7
1332230 2327.1
1332240 2326.6
1332250 2326.6
1332260 2327.0
1332270 2324.6
1332280 2324.6
1332290 2323.4
1332300 2321.8
1332310 2321.8
1332320 2313.6
1332330 2306.5
1332340 2302.1
1332350 2302.1
1332360 2294.5
1332370 2278.0
1332380 2278.0
1332390 2270.9
1332400 2266.2
1332410 2266.2
1332420 2263.1
1332430 2259.4
1332440 2259.4
1332450 2254.9
1332460 2250.8
1332470 2250.8
1332480 2249.1
1332490 2248.8
1332500 2248.8
1332510 2249.0
1332520 2250.0
1332530 2250.0
1332540 2251.4
1332550 2252.9
1332560 2252.9
1332570 2252.8
1332580 2252.7
1332590 2253.0
1332600 2253.0
1332610 2252.6
1332620 2250.2
1332630 2250.2
1332640 2251.2
1332650 2253.7
1332660 2253.7
1332670 2258.2
1332680 2263.6
1332690 2263.6
1332700 2268.7
1332710 2274.2
1332720 2274.2
1332730 2278.7
1332740 2283.2
1332750 2283.2
1332760 2287.9
1332770 2292.0
1332780 2292.0
1332790 2296.7
1332800 2302.2
1332810 2302.2
1332820 2308.0
1332830 2314.2
1332840 2321.2
1332850 2321.2
1332860 2329.6
1332870 2334.7
1332880 2334.7
1332890 2338.4
1332900 2341.9
1332910 2341.9
1332920 2341.5
1332930 2337.7
1332940 2337.7
1332950 2330.8
1332960 2324.0
1332970 2324.0
1332980 2320.2
1332990 2319.0
1333000 2319.0
1333010 2319.7
1333020 2322.1
1333030 2322.1
1333040 2326.8
1333050 2328.2
1333060 2328.2
1333070 2326.8
1333080 2328.3
1333090 2331.3
1333100 2331.3
1333110 2335.0
1333120 2340.5
1333130 2340.5
1333140 2345.0
1333150 2351.9
1333160 2351.9
1333170 2354.5
1333180 2356.1
1333190 2356.1
1333200 2349.3
1333210 2348.5
1333220 2348.5
1333230 2348.1
1333240 2349.2
1333250 2349.2
1333260 2351.0
1333270 2353.8
1333280 2353.8
1333290 2355.7
1333300 2356.5
1333310 2356.5
1333320 2356.9
1333330 2357.9
1333340 2357.9
1333350 2357.9
1333360 2358.6
1333370 2357.1
1333380 2357.1
1333390 2354.7
1333400 2354.4
1333410 2354.4
1333420 2355.3
1333430 2355.1
1333440 2355.1
1333450 2355.0
1333460 2352.8
1333470 2352.8
1333480 2355.1
1333490 2355.5
1333500 2355.5
1333510 2358.0
1333520 2361.5
1333530 2361.5
1333540 2366.3
1333550 2370.6
1333560 2370.6
1333570 2373.9
1333580 2379.1
1333590 2379.1
1333600 2384.9
1333610 2391.1
1333620 2397.0
1333630 2397.0
1333640 2403.8
1333650 2410.9
1333660 2410.9
1333670 2417.2
1333680 2421.3
1333690 2421.3
1333700 2424.2
1333710 2427.8
1333720 2427.8
1333730 2433.8
1333740 2441.0
1333750 2441.0
1333760 2448.1
1333770 2455.3
1333780 2455.3
1333790 2462.1
1333800 2467.5
1333810 2467.5
1333820 2472.1
1333830 2476.4
1333840 2476.4
1333850 2480.4
1333860 2483.3
1333870 2480.0
1333880 2480.0
1333890 2473.6
1333900 2463.6
1333910 2463.6
1333920 2455.6
1333930 2446.0
1333940 2446.0
1333950 2429.2
1333960 2417.2
1333970 2417.2
1333980 2407.4
1333990 2396.9
1334000 2396.9
1334010 2388.2
1334020 2382.4
1334030 2382.4
1334040 2378.1
1334050 2370.1
1334060 2370.1
1334070 2366.0
1334080 2362.1
1334090 2362.1
1334100 2358.5
1334110 2355.4
1334120 2352.9
1334130 2352.9
1334140 2350.3
1334150 2348.4
1334160 2348.4
1334170 2346.7
1334180 2341.7
1334190 2341.7
1334200 2336.9
1334210 2334.9
1334220 2334.9
1334230 2334.0
1334240 2333.4
1334250 2333.4
1334260 2333.1
1334270 2332.9
1334280 2332.9
1334290 2332.9
1334300 2332.9
1334310 2332.9
1334320 2332.9
1334330 2332.9
1334340 2332.9
1334350 2332.9
1334360 2333.0
1334370 2333.2
1334380 2333.2
1334390 2334.6
1334400 2335.4
1334410 2335.4
1334420 2332.0
1334430 2326.7
1334440 2326.7
1334450 2322.4
1334460 2319.0
1334470 2319.0
1334480 2315.5
1334490 2310.9
1334500 2310.9
1334510 2306.8
1334520 2301.8
1334530 2301.8
1334540 2296.2
1334550 2292.2
1334560 2292.2
1334570 2290.2
1334580 2283.9
1334590 2283.9
1334600 2273.9
1334610 2270.8
1334620 2267.5
1334630 2267.5
1334640 2264.0
1334650 2260.8
1334660 2260.8
1334670 2258.4
1334680 2256.4
1334690 2256.4
1334700 2255.3
1334710 2254.3
1334720 2254.3
1334730 2252.6
1334740 2251.8
1334750 2251.8
1334760 2252.5
1334770 2252.7
1334780 2252.7
1334790 2253.2
1334800 2254.1
1334810 2254.1
1334820 2254.0
1334830 2253.4
1334840 2253.4
1334850 2250.7
1334860 2245.2
1334870 2245.2
1334880 2240.6
1334890 2230.9
1334900 2227.0
1334910 2227.0
1334920 2224.5
1334930 2222.9
1334940 2222.9
1334950 2221.1
1334960 2219.3
1334970 2219.3
1334980 2217.8
1334990 2216.6
1335000 2216.6
1335010 2215.5
1335020 2214.0
1335030 2214.0
1335040 2212.2
1335050 2210.3
1335060 2210.3
1335070 2208.0
1335080 2203.6
1335090 2203.6
1335100 2198.6
1335110 2193.7
1335120 2193.7
1335130 2189.3
1335140 2185.4
1335150 2181.2
1335160 2181.2
1335170 2177.2
1335180 2173.7
1335190 2173.7
1335200 2171.5
1335210 2170.0
1335220 2170.0
1335230 2168.5
1335240 2167.0
1335250 2167.0
1335260 2166.1
1335270 2164.8
1335280 2164.8
1335290 2163.7
1335300 2162.7
1335310 2162.7
1335320 2161.3
1335330 2159.9
1335340 2159.9
1335350 2158.7
1335360 2158.2
1335370 2158.2
1335380 2157.9
1335390 2157.7
1335400 2157.6
1335410 2157.6
1335420 2157.4
1335430 2157.3
1335440 2157.3
1335450 2157.5
1335460 2157.8
1335470 2157.8
1335480 2158.0
1335490 2158.1
1335500 2158.1
1335510 2158.1
1335520 2158.3
1335530 2158.3
1335540 2158.8
1335550 2158.9
1335560 2158.9
1335570 2158.9
1335580 2158.8
1335590 2158.8
1335600 2159.2
1335610 2160.3
1335620 2160.3
1335630 2163.2
1335640 2165.7
1335650 2165.3
1335660 2165.3
1335670 2165.6
1335680 2167.6
1335690 2167.6
1335700 2169.5
1335710 2170.9
1335720 2170.9
1335730 2173.0
1335740 2174.9
1335750 2170.3
1335760 2173.7
1335770 2176.5
1335780 2176.5
1335790 2179.0
1335800 2181.1
1335810 2181.1
1335820 2182.9
1335830 2184.1
1335840 2184.1
1335850 2184.8
1335860 2184.6
1335870 2184.6
1335880 2184.5
1335890 2184.2
1335900 2184.2
1335910 2184.2
1335920 2183.8
1335930 2184.0
1335940 2184.0
1335950 2184.1
1335960 2182.9
1335970 2182.9
1335980 2183.8
1335990 2182.6
1336000 2182.6
1336010 2184.1
1336020 2185.0
1336030 2185.0
1336040 2186.8
1336050 2188.2
1336060 2188.2
1336070 2188.1
1336080 2189.3
1336090 2189.3
1336100 2190.2
1336110 2190.9
1336120 2190.9
1336130 2194.0
1336140 2195.3
1336150 2196.7
1336160 2196.7
1336170 2198.1
1336180 2199.4
1336190 2199.4
1336200 2200.9
1336210 2201.8
1336220 2201.8
1336230 2202.3
1336240 2203.1
1336250 2203.1
1336260 2204.6
1336270 2206.4
1336280 2206.4
1336290 2208.2
1336300 2209.4
1336310 2209.4
1336320 2211.0
1336330 2214.3
1336340 2214.3
1336350 2218.1
1336360 2224.4
1336370 2224.4
1336380 2223.6
1336390 2223.3
1336400 2223.3
1336410 2225.6
1336420 2228.2
1336430 2231.6
1336440 2231.6
1336450 2235.0
1336460 2237.3
1336470 2237.3
1336480 2238.9
1336490 2240.6
1336500 2240.6
1336510 2241.9
1336520 2242.5
1336530 2242.5
1336540 2243.5
1336550 2245.6
1336560 2245.6
1336570 2246.9
1336580 2247.1
1336590 2247.1
1336600 2249.0
1336610 2251.4
1336620 2251.4
1336630 2255.1
1336640 2257.6
1336650 2257.6
1336660 2260.0
1336670 2261.8
1336680 2262.9
1336690 2262.9
1336700 2264.6
1336710 2265.7
1336720 2265.7
1336730 2264.7
1336740 2262.5
1336750 2262.5
1336760 2260.9
1336770 2259.8
1336780 2259.8
1336790 2257.8
1336800 2256.5
1336810 2256.5
1336820 2254.6
1336830 2251.5
1336840 2251.5
1336850 2248.4
1336860 2246.0
1336870 2246.0
1336880 2243.8
1336890 2242.4
1336900 2242.4
1336910 2242.0
1336920 2242.3
1336930 2243.4
1336940 2243.4
1336950 2244.2
1336960 2244.1
1336970 2244.1
1336980 2243.0
1336990 2239.8
1337000 2239.8
1337010 2238.9
1337020 2238.5
1337030 2238.5
1337040 2237.7
1337050 2237.8
1337060 2237.8
1337070 2238.0
1337080 2237.8
1337090 2237.8
1337100 2238.2
1337110 2238.7
1337120 2238.7
1337130 2239.7
1337140 2241.9
1337150 2241.9
1337160 2244.5
1337170 2247.5
1337180 2250.3
1337190 2250.3
1337200 2252.7
1337210 2254.9
1337220 2254.9
1337230 2256.7
1337240 2257.6
1337250 2257.6
1337260 2257.8
1337270 2257.5
1337280 2257.5
1337290 2257.0
1337300 2255.6
1337310 2255.6
1337320 2254.8
1337330 2254.8
1337340 2254.8
1337350 2254.9
1337360 2253.9
1337370 2253.9
1337380 2252.8
1337390 2250.8
1337400 2250.8
1337410 2246.7
1337420 2242.0
1337430 2236.4
1337440 2236.4
1337450 2229.6
1337460 2222.5
1337470 2220.7
1337480 2213.1
1337490 2205.8
1337500 2205.8
1337510 2198.3
1337520 2191.9
1337530 2191.9
1337540 2185.7
1337550 2177.9
1337560 2177.9
1337570 2169.9
1337580 2161.4
1337590 2161.4
1337600 2156.3
1337610 2150.6
1337620 2150.6
1337630 2142.5
1337640 2132.5
1337650 2132.5
1337660 2121.4
1337670 2111.5
1337680 2102.5
1337690 2102.5
1337700 2095.7
1337710 2089.4
1337720 2089.4
1337730 2083.2
1337740 2077.2
1337750 2077.2
1337760 2071.5
1337770 2065.5
1337780 2065.5
1337790 2059.0
1337800 2052.9
1337810 2052.9
1337820 2048.1
1337830 2044.7
1337840 2044.7
1337850 2041.7
1337860 2038.3
1337870 2038.3
1337880 2034.8
1337890 2030.5
1337900 2030.5
1337910 2027.0
1337920 2023.7
1337930 2023.7
1337940 2021.3
1337950 2019.1
1337960 2017.1
1337970 2017.1
1337980 2014.4
1337990 2011.4
1338000 2011.4
1338010 2007.5
1338020 2002.8
1338030 2002.8
1338040 1999.1
1338050 1996.3
1338060 1996.3
1338070 1994.0
1338080 1992.1
1338090 1992.1
1338100 1990.1
1338110 1987.8
1338120 1987.8
1338130 1984.5
1338140 1980.9
1338150 1980.9
1338160 1976.2
1338170 1972.9
1338180 1972.9
1338190 1970.7
1338200 1968.1
1338210 1966.9
1338220 1966.9
1338230 1965.5
1338240 1962.2
1338250 1962.2
1338260 1957.8
1338270 1953.6
1338280 1953.6
1338290 1949.6
1338300 1946.2
1338310 1946.2
1338320 1942.4
1338330 1937.6
1338340 1936.6
1338350 1932.0
1338360 1927.2
1338370 1927.2
1338380 1921.6
1338390 1916.4
1338400 1916.4
1338410 1912.5
1338420 1909.5
1338430 1909.5
1338440 1905.5
1338450 1902.1
1338460 1899.2
1338470 1899.2
1338480 1895.7
1338490 1890.7
1338500 1890.7
1338510 1887.0
1338520 1884.6
1338530 1884.6
1338540 1881.8
1338550 1878.3
1338560 1878.3
1338570 1874.0
1338580 1870.2
1338590 1870.2
1338600 1866.7
1338610 1863.3
1338620 1863.3
1338630 1859.5
1338640 1856.4
1338650 1856.4
1338660 1853.7
1338670 1851.4
1338680 1851.4
1338690 1849.9
1338700 1848.5
1338710 1846.0
1338720 1846.0
1338730 1843.6
1338740 1840.5
1338750 1840.5
1338760 1836.7
1338770 1834.4
1338780 1834.4
1338790 1831.8
1338800 1829.0
1338810 1829.0
1338820 1825.8
1338830 1822.9
1338840 1822.9
1338850 1820.4
1338860 1818.0
1338870 1818.0
1338880 1815.2
1338890 1811.6
1338900 1811.6
1338910 1807.9
1338920 1803.4
1338930 1803.4
1338940 1798.9
1338950 1796.0
1338960 1794.5
1338970 1794.5
1338980 1794.6
1338990 1794.5
1339000 1794.5
1339010 1796.3
1339020 1797.0
1339030 1797.0
1339040 1796.0
1339050 1795.3
1339060 1795.3
1339070 1794.6
1339080 1794.0
1339090 1794.0
1339100 1793.2
1339110 1792.2
1339120 1792.2
1339130 1791.8
1339140 1791.7
1339150 1791.7
1339160 1791.3
1339170 1791.2
1339180 1791.2
1339190 1790.3
1339200 1789.3
1339210 1793.7
1339220 1793.0
1339230 1793.0
1339240 1793.6
1339250 1793.6
1339260 1794.4
1339270 1795.2
1339280 1795.2
1339290 1796.5
1339300 1798.1
1339310 1798.1
1339320 1800.0
1339330 1803.3
1339340 1803.3
1339350 1806.6
1339360 1810.2
1339370 1810.2
1339380 1814.8
1339390 1818.6
1339400 1818.6
1339410 1821.7
1339420 1824.1
1339430 1824.1
1339440 1825.8
1339450 1826.1
1339460 1826.1
1339470 1825.5
1339480 1825.8
1339490 1826.1
1339500 1826.1
1339510 1826.5
1339520 1826.4
1339530 1826.4
1339540 1827.2
1339550 1826.6
1339560 1826.6
1339570 1825.7
1339580 1825.8
1339590 1825.8
1339600 1821.4
1339610 1816.0
1339620 1816.0
1339630 1813.6
1339640 1811.7
1339650 1811.7
1339660 1810.2
1339670 1806.6
1339680 1806.6
1339690 1800.9
1339700 1800.0
1339710 1800.0
1339720 1800.2
1339730 1800.5
1339740 1800.3
1339750 1800.3
1339760 1799.2
1339770 1798.0
1339780 1798.0
1339790 1797.2
1339800 1796.2
1339810 1796.2
1339820 1795.0
1339830 1791.5
1339840 1791.5
1339850 1787.1
1339860 1785.0
1339870 1785.0
1339880 1783.8
1339890 1781.1
1339900 1781.1
1339910 1777.9
1339920 1774.3
1339930 1774.3
1339940 1770.9
1339950 1769.6
1339960 1769.6
1339970 1768.3
1339980 1767.9
1339990 1768.6
