1320000 1625.7
1320010 1622.3
1320020 1616.6
1320030 1616.6
1320040 1609.8
1320050 1604.3
1320060 1599.5
1320070 1599.5
1320080 1597.0
1320090 1595.5
1320100 1592.7
1320110 1590.7
1320120 1588.4
1320130 1588.4
1320140 1585.8
1320150 1583.1
1320160 1583.1
1320170 1579.8
1320180 1576.0
1320190 1576.0
1320200 1573.3
1320210 1570.8
1320220 1570.8
1320230 1568.0
1320240 1565.1
1320250 1565.1
1320260 1562.2
1320270 1559.0
1320280 1559.0
1320290 1555.8
1320300 1552.7
1320310 1548.8
1320320 1548.8
1320330 1545.3
1320340 1542.3
1320350 1542.3
1320360 1540.1
1320370 1537.4
1320380 1537.4
1320390 1533.8
1320400 1529.7
1320410 1529.7
1320420 1525.7
1320430 1521.9
1320440 1521.9
1320450 1518.9
1320460 1516.3
1320470 1516.3
1320480 1514.0
1320490 1511.9
1320500 1511.9
1320510 1510.6
1320520 1510.4
1320530 1510.4
1320540 1509.5
1320550 1508.5
1320560 1507.0
1320570 1507.0
1320580 1505.3
1320590 1504.2
1320600 1504.2
1320610 1501.3
1320620 1498.0
1320630 1498.0
1320640 1495.0
1320650 1492.5
1320660 1492.5
1320670 1489.8
1320680 1486.4
1320690 1486.4
1320700 1483.7
1320710 1481.1
1320720 1481.1
1320730 1478.2
1320740 1474.4
1320750 1474.4
1320760 1470.2
1320770 1466.9
1320780 1466.9
1320790 1465.2
1320800 1464.4
1320810 1465.0
1320820 1465.0
1320830 1466.0
1320840 1468.2
1320850 1468.2
1320860 1471.0
1320870 1473.7
1320880 1472.5
1320890 1473.5
1320900 1473.3
1320910 1473.3
1320920 1472.5
1320930 1472.1
1320940 1472.1
1320950 1470.6
1320960 1468.8
1320970 1468.8
1320980 1466.6
1320990 1462.5
1321000 1462.5
1321010 1457.8
1321020 1453.4
1321030 1453.4
1321040 1449.9
1321050 1448.0
1321060 1447.3
1321070 1447.3
1321080 1447.5
1321090 1448.6
1321100 1448.6
1321110 1450.0
1321120 1450.7
1321130 1450.7
1321140 1449.9
1321150 1448.3
1321160 1448.3
1321170 1446.3
1321180 1443.8
1321190 1443.8
1321200 1441.2
1321210 1439.4
1321220 1439.4
1321230 1438.5
1321240 1438.0
1321250 1438.0
1321260 1437.2
1321270 1435.7
1321280 1435.7
1321290 1431.8
1321300 1426.2
1321310 1426.2
1321320 1422.1
1321330 1418.1
1321340 1413.9
1321350 1413.9
1321360 1410.6
1321370 1407.8
1321380 1407.8
1321390 1404.5
1321400 1400.1
1321410 1400.1
1321420 1394.2
1321430 1386.6
1321440 1386.6
1321450 1378.8
1321460 1372.7
1321470 1372.7
1321480 1369.0
1321490 1366.7
1321500 1366.7
1321510 1364.2
1321520 1361.9
1321530 1361.9
1321540 1359.5
1321550 1356.9
1321560 1356.9
1321570 1354.5
1321580 1351.9
1321590 1347.3
1321600 1347.3
1321610 1341.3
1321620 1335.4
1321630 1335.4
1321640 1327.4
1321650 1319.6
1321660 1315.8
1321670 1309.1
1321680 1304.0
1321690 1304.0
1321700 1300.3
1321710 1296.0
1321720 1296.0
1321730 1292.5
1321740 1289.9
1321750 1289.9
1321760 1287.5
1321770 1284.8
1321780 1284.8
1321790 1281.0
1321800 1278.5
1321810 1278.5
1321820 1276.1
1321830 1272.3
1321840 1269.0
1321850 1269.0
1321860 1267.3
1321870 1266.3
1321880 1266.3
1321890 1263.6
1321900 1258.8
1321910 1258.8
1321920 1254.8
1321930 1251.5
1321940 1251.5
1321950 1248.7
1321960 1246.3
1321970 1246.3
1321980 1243.9
1321990 1240.4
1322000 1240.4
1322010 1236.5
1322020 1232.8
1322030 1232.8
1322040 1229.6
1322050 1226.5
1322060 1226.5
1322070 1223.0
1322080 1221.4
1322090 1220.0
1322100 1220.0
1322110 1218.6
1322120 1217.3
1322130 1217.3
1322140 1216.2
1322150 1216.1
1322160 1216.1
1322170 1218.1
1322180 1220.4
1322190 1220.4
1322200 1222.1
1322210 1223.1
1322220 1223.1
1322230 1221.7
1322240 1218.3
1322250 1218.3
1322260 1215.5
1322270 1212.7
1322280 1212.7
1322290 1209.4
1322300 1207.2
1322310 1207.2
1322320 1205.7
1322330 1203.1
1322340 1200.4
1322350 1200.4
1322360 1197.3
1322370 1193.9
1322380 1193.9
1322390 1192.2
1322400 1189.9
1322410 1189.9
1322420 1186.5
1322430 1183.5
1322440 1184.2
1322450 1180.1
1322460 1176.3
1322470 1176.3
1322480 1173.8
1322490 1170.3
1322500 1170.3
1322510 1164.5
1322520 1158.6
1322530 1158.6
1322540 1154.7
1322550 1152.9
1322560 1152.9
1322570 1150.3
1322580 1145.8
1322590 1141.2
1322600 1141.2
1322610 1136.0
1322620 1130.8
1322630 1130.8
1322640 1126.3
1322650 1123.2
1322660 1123.2
1322670 1121.8
1322680 1120.3
1322690 1120.3
1322700 1117.0
1322710 1112.9
1322720 1112.9
1322730 1107.4
1322740 1102.1
1322750 1102.1
1322760 1097.8
1322770 1092.5
1322780 1092.5
1322790 1088.2
1322800 1084.8
1322810 1084.8
1322820 1081.0
1322830 1075.9
1322840 1075.9
1322850 1072.5
1322860 1070.3
1322870 1069.2
1322880 1069.2
1322890 1067.9
1322900 1066.5
1322910 1066.5
1322920 1065.3
1322930 1064.3
1322940 1064.3
1322950 1063.6
1322960 1063.1
1322970 1063.1
1322980 1062.5
1322990 1062.9
1323000 1062.9
1323010 1063.0
1323020 1058.3
1323030 1058.3
1323040 1052.3
1323050 1045.5
1323060 1045.5
1323070 1042.0
1323080 1040.9
1323090 1040.9
1323100 1038.9
1323110 1037.2
1323120 1033.7
1323130 1033.7
1323140 1029.0
1323150 1023.5
1323160 1023.5
1323170 1018.4
1323180 1014.2
1323190 1014.2
1323200 1010.9
1323210 1009.2
1323220 1009.2
1323230 1004.8
1323240 1004.6
1323250 1004.6
1323260 1006.3
1323270 1010.4
1323280 1010.4
1323290 1011.6
1323300 1009.4
1323310 1009.4
1323320 1006.7
1323330 1002.3
1323340 1002.3
1323350 998.6
1323360 991.0
1323370 980.6
1323380 980.6
1323390 974.1
1323400 970.6
1323410 970.6
1323420 967.1
1323430 962.6
1323440 962.6
1323450 956.2
1323460 947.3
1323470 947.3
1323480 935.9
1323490 922.3
1323500 922.3
1323510 911.8
1323520 902.3
1323530 902.3
1323540 893.1
1323550 884.2
1323560 884.2
1323570 875.2
1323580 866.4
1323590 866.4
1323600 858.3
1323610 850.7
1323620 843.6
1323630 843.6
1323640 837.3
1323650 832.8
1323660 832.8
1323670 829.0
1323680 824.9
1323690 824.9
1323700 821.8
1323710 818.9
1323720 818.9
1323730 816.2
1323740 815.1
1323750 815.1
1323760 810.7
1323770 803.8
1323780 803.8
1323790 790.9
1323800 777.6
1323810 777.6
1323820 766.8
1323830 756.9
1323840 756.9
1323850 749.2
1323860 743.6
1323870 738.0
1323880 738.0
1323890 726.1
1323900 716.6
1323910 716.6
1323920 709.8
1323930 700.5
1323940 700.5
1323950 687.8
1323960 678.1
1323970 678.1
1323980 668.6
1323990 660.6
1324000 660.6
1324010 653.2
1324020 643.1
1324030 643.1
1324040 635.4
1324050 628.2
1324060 628.2
1324070 621.7
1324080 615.9
1324090 615.9
1324100 610.3
1324110 604.1
1324120 598.2
1324130 598.2
1324140 592.6
1324150 587.1
1324160 587.1
1324170 579.2
1324180 571.6
1324190 571.6
1324200 568.0
1324210 567.0
1324220 567.0
1324230 566.7
1324240 566.6
1324250 566.6
1324260 566.7
1324270 566.8
1324280 566.8
1324290 566.8
1324300 566.5
1324310 566.5
1324320 566.5
1324330 566.5
1324340 566.5
1324350 566.3
1324360 566.2
1324370 566.2
1324380 566.5
1324390 566.5
1324400 566.6
1324410 566.6
1324420 566.6
1324430 566.4
1324440 566.4
1324450 566.3
1324460 566.3
1324470 566.3
1324480 566.4
1324490 566.4
1324500 566.4
1324510 566.4
1324520 566.4
1324530 566.4
1324540 566.4
1324550 566.5
1324560 566.5
1324570 566.4
1324580 566.2
1324590 566.2
1324600 566.1
1324610 566.2
1324620 566.2
1324630 566.2
1324640 566.3
1324650 566.4
1324660 566.4
1324670 566.6
1324680 566.7
1324690 566.7
1324700 566.6
1324710 566.7
1324720 566.7
1324730 567.0
1324740 567.5
1324750 567.5
1324760 566.2
1324770 563.5
1324780 563.5
1324790 562.8
1324800 562.9
1324810 562.9
1324820 564.8
1324830 567.8
1324840 567.8
1324850 568.4
1324860 568.2
1324870 568.2
1324880 568.3
1324890 568.4
1324900 569.7
1324910 569.7
1324920 575.2
1324930 580.9
1324940 580.9
1324950 587.1
1324960 593.1
1324970 593.1
1324980 595.8
1324990 595.7
1325000 595.7
1325010 594.2
1325020 593.4
1325030 593.4
1325040 593.1
1325050 593.7
1325060 593.7
1325070 594.7
1325080 595.4
1325090 595.4
1325100 596.7
1325110 599.4
1325120 599.4
1325130 601.7
1325140 603.7
1325150 605.7
1325160 605.7
1325170 607.6
1325180 610.8
1325190 610.8
1325200 619.0
1325210 628.3
1325220 628.3
1325230 637.2
1325240 647.8
1325250 647.8
1325260 657.5
1325270 662.9
1325280 662.9
1325290 668.9
1325300 674.8
1325310 674.8
1325320 680.5
1325330 687.5
1325340 687.5
1325350 695.4
1325360 702.4
1325370 702.4
1325380 709.5
1325390 716.0
1325400 719.6
1325410 719.6
1325420 723.2
1325430 727.8
1325440 727.8
1325450 732.5
1325460 738.3
1325470 738.3
1325480 745.7
1325490 751.4
1325500 751.4
1325510 757.4
1325520 764.2
1325530 764.2
1325540 769.6
1325550 774.6
1325560 774.6
1325570 779.3
1325580 783.4
1325590 783.4
1325600 787.4
1325610 793.9
1325620 793.9
1325630 800.3
1325640 804.8
1325650 809.4
1325660 809.4
1325670 814.2
1325680 818.6
1325690 818.6
1325700 823.2
1325710 827.2
1325720 827.2
1325730 830.9
1325740 835.0
1325750 835.0
1325760 839.2
1325770 843.5
1325780 843.5
1325790 846.7
1325800 848.7
1325810 848.7
1325820 851.4
1325830 854.0
1325840 854.0
1325850 856.4
1325860 859.4
1325870 859.4
1325880 863.6
1325890 868.3
1325900 868.3
1325910 874.7
1325920 880.3
1325930 885.6
1325940 885.6
1325950 890.2
1325960 894.9
1325970 894.9
1325980 900.1
1325990 905.0
1326000 905.0
1326010 909.7
1326020 913.6
1326030 913.6
1326040 916.4
1326050 918.0
1326060 918.0
1326070 917.1
1326080 918.4
1326090 918.4
1326100 920.6
1326110 922.6
1326120 922.6
1326130 926.0
1326140 929.1
1326150 929.1
1326160 934.4
1326170 941.3
1326180 947.3
1326190 947.3
1326200 951.3
1326210 956.0
1326220 956.0
1326230 963.4
1326240 971.6
1326250 971.6
1326260 980.7
1326270 988.2
1326280 988.2
1326290 992.7
1326300 997.9
1326310 997.9
1326320 998.3
1326330 994.7
1326340 994.7
1326350 989.7
1326360 992.4
1326370 992.4
1326380 998.2
1326390 1005.9
1326400 1005.9
1326410 1011.6
1326420 1018.9
1326430 1025.9
1326440 1025.9
1326450 1032.6
1326460 1039.5
1326470 1039.5
1326480 1045.6
1326490 1051.2
1326500 1051.2
1326510 1056.4
1326520 1062.2
1326530 1062.2
1326540 1068.5
1326550 1071.7
1326560 1071.7
1326570 1075.0
1326580 1078.6
1326590 1078.6
1326600 1082.4
1326610 1085.5
1326620 1085.5
1326630 1089.7
1326640 1093.7
1326650 1093.7
1326660 1097.8
1326670 1101.9
1326680 1106.4
1326690 1106.4
1326700 1111.1
1326710 1115.9
1326720 1115.9
1326730 1120.7
1326740 1124.0
1326750 1124.0
1326760 1127.1
1326770 1130.5
1326780 1130.5
1326790 1133.5
1326800 1136.3
1326810 1136.3
1326820 1139.0
1326830 1141.4
1326840 1141.4
1326850 1144.0
1326860 1146.8
1326870 1146.8
1326880 1150.4
1326890 1154.3
1326900 1154.3
1326910 1157.9
1326920 1161.7
1326930 1165.9
1326940 1165.9
1326950 1169.7
1326960 1173.6
1326970 1173.6
1326980 1177.0
1326990 1180.0
1327000 1180.0
1327010 1183.4
1327020 1186.5
1327030 1186.5
1327040 1190.0
1327050 1194.2
1327060 1194.2
1327070 1198.5
1327080 1203.1
1327090 1203.1
1327100 1207.6
1327110 1212.6
1327120 1212.6
1327130 1217.9
1327140 1222.9
1327150 1222.9
1327160 1227.5
1327170 1232.0
1327180 1236.7
1327190 1236.7
1327200 1241.2
1327210 1246.1
1327220 1246.6
1327230 1251.9
1327240 1256.8
1327250 1256.8
1327260 1260.1
1327270 1263.5
1327280 1263.5
1327290 1266.7
1327300 1270.0
1327310 1270.0
1327320 1273.0
1327330 1275.4
1327340 1275.4
1327350 1277.4
1327360 1279.9
1327370 1279.9
1327380 1282.0
1327390 1283.8
1327400 1283.8
1327410 1285.1
1327420 1286.1
1327430 1286.1
1327440 1287.2
1327450 1288.8
1327460 1290.9
1327470 1290.9
1327480 1293.1
1327490 1296.2
1327500 1296.2
1327510 1299.1
1327520 1301.2
1327530 1301.2
1327540 1303.0
1327550 1304.3
1327560 1304.3
1327570 1305.2
1327580 1305.1
1327590 1305.1
1327600 1304.4
1327610 1303.2
1327620 1303.2
1327630 1302.4
1327640 1301.3
1327650 1301.3
1327660 1300.4
1327670 1299.4
1327680 1299.4
1327690 1299.4
1327700 1301.1
1327710 1304.3
1327720 1304.3
1327730 1307.7
1327740 1311.0
1327750 1311.0
1327760 1313.9
1327770 1317.2
1327780 1317.2
1327790 1319.9
1327800 1322.4
1327810 1322.4
1327820 1325.2
1327830 1328.9
1327840 1328.9
1327850 1332.5
1327860 1335.5
1327870 1335.5
1327880 1338.7
1327890 1342.9
1327900 1342.9
1327910 1348.3
1327920 1352.8
1327930 1352.8
1327940 1357.1
1327950 1361.6
1327960 1366.6
1327970 1366.6
1327980 1372.4
1327990 1378.1
1328000 1378.1
1328010 1383.5
1328020 1389.2
1328030 1390.1
1328040 1396.1
1328050 1401.8
1328060 1401.8
1328070 1407.2
1328080 1412.8
1328090 1412.8
1328100 1418.9
1328110 1425.7
1328120 1425.7
1328130 1431.7
1328140 1436.4
1328150 1436.4
1328160 1442.2
1328170 1448.3
1328180 1448.3
1328190 1454.1
1328200 1458.2
1328210 1462.1
1328220 1462.1
1328230 1465.2
1328240 1468.0
1328250 1468.0
1328260 1471.0
1328270 1474.0
1328280 1474.0
1328290 1477.4
1328300 1481.5
1328310 1481.5
1328320 1485.6
1328330 1489.8
1328340 1489.8
1328350 1493.9
1328360 1497.8
1328370 1497.8
1328380 1502.2
1328390 1506.9
1328400 1506.9
1328410 1511.7
1328420 1516.9
1328430 1516.9
1328440 1522.5
1328450 1528.5
1328460 1533.7
1328470 1533.7
1328480 1537.7
1328490 1542.0
1328500 1542.0
1328510 1546.4
1328520 1549.9
1328530 1549.9
1328540 1553.7
1328550 1557.7
1328560 1557.7
1328570 1561.1
1328580 1563.9
1328590 1563.9
1328600 1566.9
1328610 1570.2
1328620 1570.2
1328630 1573.6
1328640 1577.2
1328650 1577.2
1328660 1581.1
1328670 1585.9
1328680 1585.9
1328690 1591.4
1328700 1597.1
1328710 1602.6
1328720 1602.6
1328730 1607.8
1328740 1612.8
1328750 1612.8
1328760 1618.3
1328770 1623.4
1328780 1623.4
1328790 1628.2
1328800 1632.5
1328810 1632.5
1328820 1637.1
1328830 1641.7
1328840 1643.1
1328850 1647.8
1328860 1652.5
1328870 1652.5
1328880 1657.0
1328890 1661.4
1328900 1661.4
1328910 1664.8
1328920 1668.5
1328930 1668.5
1328940 1672.2
1328950 1675.5
1328960 1675.5
1328970 1679.5
1328980 1684.1
1328990 1686.1
1329000 1686.1
1329010 1687.3
1329020 1690.1
1329030 1690.1
1329040 1693.2
1329050 1694.1
1329060 1694.1
1329070 1696.6
1329080 1698.8
1329090 1698.8
1329100 1700.9
1329110 1704.8
1329120 1704.8
1329130 1710.0
1329140 1713.9
1329150 1713.9
1329160 1716.8
1329170 1719.5
1329180 1719.5
1329190 1721.6
1329200 1722.8
1329210 1722.8
1329220 1725.2
1329230 1728.2
1329240 1730.2
1329250 1730.2
1329260 1732.0
1329270 1733.7
1329280 1733.7
1329290 1735.4
1329300 1736.4
1329310 1736.4
1329320 1737.1
1329330 1737.6
1329340 1737.6
1329350 1738.0
1329360 1739.4
1329370 1739.4
1329380 1740.3
1329390 1741.0
1329400 1741.0
1329410 1741.8
1329420 1742.7
1329430 1742.7
1329440 1743.4
1329450 1744.2
1329460 1744.2
1329470 1744.5
1329480 1744.7
1329490 1745.1
1329500 1745.1
1329510 1745.9
1329520 1747.0
1329530 1747.0
1329540 1747.8
1329550 1748.8
1329560 1748.8
1329570 1749.7
1329580 1750.4
1329590 1750.4
1329600 1751.0
1329610 1751.6
1329620 1751.6
1329630 1752.1
1329640 1752.7
1329650 1752.7
1329660 1755.0
1329670 1755.9
1329680 1755.9
1329690 1756.9
1329700 1758.3
1329710 1758.3
1329720 1760.4
1329730 1763.8
1329740 1768.2
1329750 1768.2
1329760 1773.6
1329770 1779.9
1329780 1779.9
1329790 1782.7
1329800 1784.5
1329810 1784.5
1329820 1786.2
1329830 1789.2
1329840 1789.2
1329850 1793.2
1329860 1796.6
1329870 1796.6
1329880 1799.3
1329890 1801.7
1329900 1801.7
1329910 1804.0
1329920 1806.4
1329930 1806.4
1329940 1809.1
1329950 1811.9
1329960 1811.9
1329970 1813.9
1329980 1815.9
1329990 1817.4
1330000 1817.4
1330010 1818.3
1330020 1819.8
1330030 1819.8
1330040 1821.6
1330050 1823.6
1330060 1823.6
1330070 1826.0
1330080 1828.9
1330090 1828.9
1330100 1832.3
1330110 1835.4
1330120 1835.4
1330130 1838.6
1330140 1842.6
1330150 1842.6
1330160 1847.3
1330170 1851.6
1330180 1851.6
1330190 1855.7
1330200 1859.3
1330210 1859.3
1330220 1862.1
1330230 1864.1
1330240 1865.9
1330250 1865.9
1330260 1868.1
1330270 1870.8
1330280 1870.8
1330290 1873.8
1330300 1876.2
1330310 1876.2
1330320 1877.6
1330330 1878.8
1330340 1878.8
1330350 1880.6
1330360 1882.9
1330370 1882.9
1330380 1885.6
1330390 1888.2
1330400 1888.2
1330410 1890.5
1330420 1893.8
1330430 1893.8
1330440 1898.7
1330450 1904.6
1330460 1904.6
1330470 1910.8
1330480 1917.3
1330490 1917.3
1330500 1923.2
1330510 1930.0
1330520 1935.9
1330530 1935.9
1330540 1941.6
1330550 1947.4
1330560 1947.4
1330570 1952.6
1330580 1958.3
1330590 1958.3
1330600 1963.7
1330610 1968.3
1330620 1968.3
1330630 1972.5
1330640 1977.2
1330650 1977.2
1330660 1980.6
1330670 1984.0
1330680 1984.0
1330690 1987.6
1330700 1990.6
1330710 1990.6
1330720 1993.2
1330730 1995.6
1330740 1995.6
1330750 1998.9
1330760 2002.7
1330770 2006.7
1330780 2006.7
1330790 2009.6
1330800 2012.4
1330810 2012.4
1330820 2015.6
1330830 2020.0
1330840 2020.0
1330850 2023.4
1330860 2027.4
1330870 2027.4
1330880 2031.6
1330890 2036.0
1330900 2036.0
1330910 2040.7
1330920 2045.8
1330930 2045.8
1330940 2050.2
1330950 2053.2
1330960 2053.2
1330970 2056.1
1330980 2058.5
1330990 2058.5
1331000 2061.3
1331010 2063.7
1331020 2066.7
1331030 2066.7
1331040 2070.2
1331050 2073.2
1331060 2073.2
1331070 2075.5
1331080 2078.5
1331090 2078.5
1331100 2081.3
1331110 2084.0
1331120 2084.0
1331130 2086.4
1331140 2088.6
1331150 2088.6
1331160 2090.8
1331170 2093.4
1331180 2093.4
1331190 2096.2
1331200 2098.9
1331210 2098.9
1331220 2101.5
1331230 2104.1
1331240 2104.1
1331250 2105.6
1331260 2107.6
1331270 2110.8
1331280 2110.8
1331290 2115.7
1331300 2120.0
1331310 2118.9
1331320 2123.1
1331330 2127.4
1331340 2127.4
1331350 2132.5
1331360 2137.9
1331370 2137.9
1331380 2144.7
1331390 2151.3
1331400 2151.3
1331410 2161.5
1331420 2174.3
1331430 2174.3
1331440 2177.5
1331450 2179.6
1331460 2179.6
1331470 2185.3
1331480 2188.1
1331490 2188.1
1331500 2189.8
1331510 2191.1
1331520 2192.6
1331530 2192.6
1331540 2193.9
1331550 2194.9
1331560 2194.9
1331570 2195.0
1331580 2196.2
1331590 2196.2
1331600 2197.4
1331610 2198.0
1331620 2198.0
1331630 2198.9
1331640 2203.2
1331650 2203.2
1331660 2210.2
1331670 2218.0
1331680 2218.0
1331690 2224.2
1331700 2227.5
1331710 2227.5
1331720 2230.1
1331730 2232.6
1331740 2232.6
1331750 2234.0
1331760 2234.5
1331770 2234.5
1331780 2235.1
1331790 2237.7
1331800 2242.7
1331810 2242.7
1331820 2245.2
1331830 2244.9
1331840 2244.9
1331850 2244.3
1331860 2245.6
1331870 2245.6
1331880 2249.8
1331890 2251.0
1331900 2251.0
1331910 2250.8
1331920 2252.6
1331930 2252.6
1331940 2254.4
1331950 2253.5
1331960 2253.5
1331970 2252.8
1331980 2253.3
1331990 2253.3
1332000 2253.4
1332010 2251.6
1332020 2251.6
1332030 2250.9
1332040 2249.7
1332050 2248.6
1332060 2248.6
1332070 2247.2
1332080 2244.4
1332090 2244.4
1332100 2241.0
1332110 2240.5
1332120 2240.5
1332130 2242.6
1332140 2243.4
1332150 2236.5
1332160 2235.8
1332170 2235.1
1332180 2235.1
1332190 2235.1
1332200 2233.0
1332210 2233.0
1332220 2228.6
1332230 2225.1
1332240 2225.1
1332250 2221.8
1332260 2217.8
1332270 2217.8
1332280 2213.6
1332290 2211.1
1332300 2210.9
1332310 2210.9
1332320 2210.9
1332330 2210.9
1332340 2210.9
1332350 2210.9
1332360 2211.2
1332370 2211.2
1332380 2211.0
1332390 2211.0
1332400 2211.0
1332410 2210.9
1332420 2210.9
1332430 2210.9
1332440 2210.9
1332450 2210.9
1332460 2210.9
1332470 2210.9
1332480 2210.9
1332490 2210.9
1332500 2210.9
1332510 2210.9
1332520 2210.9
1332530 2210.9
1332540 2211.2
1332550 2211.6
1332560 2211.6
1332570 2212.4
1332580 2213.8
1332590 2213.8
1332600 2216.6
1332610 2219.1
1332620 2219.1
1332630 2219.0
1332640 2219.8
1332650 2219.8
1332660 2223.3
1332670 2226.3
1332680 2226.3
1332690 2229.1
1332700 2232.2
1332710 2232.2
1332720 2234.3
1332730 2237.1
1332740 2237.1
1332750 2241.6
1332760 2245.4
1332770 2245.4
1332780 2250.6
1332790 2256.6
1332800 2261.3
1332810 2261.3
1332820 2265.8
1332830 2266.7
1332840 2266.7
1332850 2265.7
1332860 2271.5
1332870 2271.5
1332880 2283.1
1332890 2283.4
1332900 2283.4
1332910 2282.1
1332920 2288.4
1332930 2288.4
1332940 2294.6
1332950 2298.2
1332960 2298.2
1332970 2300.9
1332980 2301.6
1332990 2301.6
1333000 2302.2
1333010 2302.2
1333020 2302.2
1333030 2302.5
1333040 2302.0
1333050 2301.0
1333060 2301.0
1333070 2298.6
1333080 2294.6
1333090 2294.6
1333100 2291.1
1333110 2289.2
1333120 2289.2
1333130 2287.7
1333140 2286.2
1333150 2286.2
1333160 2285.9
1333170 2283.4
1333180 2283.4
1333190 2279.6
1333200 2277.2
1333210 2277.2
1333220 2276.9
1333230 2276.6
1333240 2276.6
1333250 2276.5
1333260 2276.6
1333270 2276.6
1333280 2276.6
1333290 2276.6
1333300 2276.6
1333310 2276.8
1333320 2277.3
1333330 2278.3
1333340 2278.3
1333350 2279.5
1333360 2282.0
1333370 2282.0
1333380 2285.9
1333390 2290.5
1333400 2290.5
1333410 2295.5
1333420 2301.1
1333430 2301.1
1333440 2306.3
1333450 2312.7
1333460 2312.7
1333470 2320.0
1333480 2328.3
1333490 2328.3
1333500 2336.7
1333510 2344.8
1333520 2344.8
1333530 2351.2
1333540 2357.1
1333550 2357.1
1333560 2363.5
1333570 2370.6
1333580 2378.7
1333590 2378.7
1333600 2386.3
1333610 2393.6
1333620 2393.6
1333630 2400.3
1333640 2406.1
1333650 2406.1
1333660 2410.5
1333670 2416.0
1333680 2416.0
1333690 2422.8
1333700 2429.0
1333710 2429.0
1333720 2435.9
1333730 2442.5
1333740 2442.5
1333750 2448.0
1333760 2452.4
1333770 2452.4
1333780 2457.1
1333790 2461.1
1333800 2461.1
1333810 2464.7
1333820 2467.6
1333830 2468.1
1333840 2468.1
1333850 2460.3
1333860 2450.8
1333870 2450.8
1333880 2440.9
1333890 2431.0
1333900 2431.0
1333910 2419.9
1333920 2408.2
1333930 2408.2
1333940 2398.9
1333950 2392.0
1333960 2392.0
1333970 2385.6
1333980 2379.7
1333990 2379.7
1334000 2373.6
1334010 2367.8
1334020 2367.8
1334030 2363.8
1334040 2360.4
1334050 2360.4
1334060 2357.2
1334070 2352.6
1334080 2348.2
1334090 2348.2
1334100 2344.0
1334110 2339.8
1334120 2339.8
1334130 2335.5
1334140 2332.0
1334150 2332.0
1334160 2329.1
1334170 2326.1
1334180 2326.1
1334190 2323.2
1334200 2322.7
1334210 2322.7
1334220 2323.7
1334230 2321.6
1334240 2321.6
1334250 2315.9
1334260 2309.8
1334270 2309.8
1334280 2306.3
1334290 2304.6
1334300 2304.6
1334310 2304.2
1334320 2305.2
1334330 2307.7
1334340 2307.7
1334350 2307.9
1334360 2305.5
1334370 2305.5
1334380 2302.4
1334390 2299.9
1334400 2299.9
1334410 2296.9
1334420 2291.5
1334430 2291.5
1334440 2287.7
1334450 2284.8
1334460 2284.8
1334470 2282.0
1334480 2278.8
1334490 2278.8
1334500 2275.1
1334510 2270.3
1334520 2270.3
1334530 2264.0
1334540 2255.5
1334550 2255.5
1334560 2250.0
1334570 2246.1
1334580 2242.0
1334590 2242.0
1334600 2237.8
1334610 2233.7
1334620 2233.7
1334630 2230.2
1334640 2227.5
1334650 2227.5
1334660 2225.6
1334670 2221.8
1334680 2221.8
1334690 2220.9
1334700 2220.1
1334710 2220.1
1334720 2219.2
1334730 2218.1
1334740 2218.1
1334750 2217.4
1334760 2216.8
1334770 2216.8
1334780 2216.1
1334790 2215.2
1334800 2215.2
1334810 2213.2
1334820 2211.2
1334830 2211.2
1334840 2208.7
1334850 2206.3
1334860 2204.7
1334870 2204.7
1334880 2203.5
1334890 2201.7
1334900 2201.7
1334910 2200.0
1334920 2199.0
1334930 2199.0
1334940 2197.4
1334950 2194.7
1334960 2194.7
1334970 2190.7
1334980 2187.3
1334990 2187.3
1335000 2183.7
1335010 2181.3
1335020 2181.3
1335030 2178.9
1335040 2173.7
1335050 2173.7
1335060 2167.3
1335070 2160.6
1335080 2160.6
1335090 2154.0
1335100 2147.5
1335110 2141.6
1335120 2141.6
1335130 2136.7
1335140 2133.0
1335150 2133.0
1335160 2129.9
1335170 2126.9
1335180 2126.9
1335190 2124.6
1335200 2122.8
1335210 2122.8
1335220 2122.5
1335230 2122.6
1335240 2122.6
1335250 2122.4
1335260 2121.3
1335270 2121.3
1335280 2120.6
1335290 2120.4
1335300 2120.4
1335310 2120.7
1335320 2120.9
1335330 2120.9
1335340 2119.6
1335350 2118.0
1335360 2116.6
1335370 2116.6
1335380 2115.9
1335390 2115.4
1335400 2115.4
1335410 2114.2
1335420 2113.2
1335430 2113.2
1335440 2112.6
1335450 2112.0
1335460 2112.0
1335470 2111.2
1335480 2110.4
1335490 2110.4
1335500 2110.0
1335510 2109.7
1335520 2106.8
1335530 2106.6
1335540 2106.7
1335550 2106.7
1335560 2106.7
1335570 2106.2
1335580 2106.2
1335590 2105.3
1335600 2103.9
1335610 2102.3
1335620 2102.3
1335630 2101.5
1335640 2100.6
1335650 2100.6
1335660 2099.7
1335670 2098.7
1335680 2098.7
1335690 2097.3
1335700 2096.0
1335710 2096.0
1335720 2095.2
1335730 2093.8
1335740 2093.8
1335750 2091.6
1335760 2089.9
1335770 2089.9
1335780 2088.8
1335790 2088.2
1335800 2088.2
1335810 2088.1
1335820 2088.0
1335830 2088.0
1335840 2088.0
1335850 2088.2
1335860 2089.1
1335870 2089.1
1335880 2090.1
1335890 2091.8
1335900 2091.8
1335910 2092.0
1335920 2091.3
1335930 2091.3
1335940 2091.0
1335950 2090.7
1335960 2090.7
1335970 2090.2
1335980 2089.5
1335990 2089.5
1336000 2090.5
1336010 2091.5
1336020 2091.5
1336030 2092.4
1336040 2093.4
1336050 2093.4
1336060 2093.5
1336070 2094.3
1336080 2094.3
1336090 2097.0
1336100 2098.0
1336110 2098.5
1336120 2098.5
1336130 2098.9
1336140 2101.1
1336150 2101.1
1336160 2102.6
1336170 2103.9
1336180 2103.9
1336190 2105.2
1336200 2108.1
1336210 2108.1
1336220 2110.7
1336230 2114.2
1336240 2114.2
1336250 2117.1
1336260 2120.7
1336270 2120.7
1336280 2124.3
1336290 2126.8
1336300 2126.8
1336310 2129.3
1336320 2131.4
1336330 2131.4
1336340 2133.2
1336350 2135.4
1336360 2137.5
1336370 2137.5
1336380 2134.1
1336390 2136.5
1336400 2136.5
1336410 2137.8
1336420 2140.5
1336430 2140.5
1336440 2142.3
1336450 2144.3
1336460 2144.3
1336470 2146.6
1336480 2148.7
1336490 2148.7
1336500 2150.9
1336510 2154.1
1336520 2154.1
1336530 2158.8
1336540 2163.6
1336550 2163.6
1336560 2167.8
1336570 2172.3
1336580 2172.3
1336590 2178.2
1336600 2183.9
1336610 2183.9
1336620 2188.5
1336630 2192.9
1336640 2197.1
1336650 2197.1
1336660 2200.3
1336670 2203.7
1336680 2203.7
1336690 2206.7
1336700 2209.2
1336710 2209.2
1336720 2211.1
1336730 2210.5
1336740 2210.5
1336750 2208.7
1336760 2206.7
1336770 2206.7
1336780 2204.5
1336790 2201.7
1336800 2201.7
1336810 2199.2
1336820 2196.6
1336830 2196.6
1336840 2194.1
1336850 2192.1
1336860 2192.1
1336870 2190.0
1336880 2188.0
1336890 2186.1
1336900 2186.1
1336910 2184.5
1336920 2183.6
1336930 2183.6
1336940 2182.8
1336950 2181.8
1336960 2181.8
1336970 2181.3
1336980 2180.6
1336990 2180.6
1337000 2179.5
1337010 2178.5
1337020 2178.5
1337030 2178.7
1337040 2179.4
1337050 2179.4
1337060 2179.6
1337070 2179.4
1337080 2179.4
1337090 2179.3
1337100 2179.1
1337110 2179.1
1337120 2178.2
1337130 2176.8
1337140 2175.5
1337150 2175.5
1337160 2176.4
1337170 2179.4
1337180 2179.4
1337190 2181.4
1337200 2183.4
1337210 2183.4
1337220 2185.0
1337230 2187.2
1337240 2183.2
1337250 2186.3
1337260 2188.8
1337270 2188.8
1337280 2191.5
1337290 2194.6
1337300 2194.6
1337310 2197.8
1337320 2200.9
1337330 2200.9
1337340 2203.7
1337350 2206.2
1337360 2206.2
1337370 2208.4
1337380 2209.7
1337390 2209.1
1337400 2209.1
1337410 2205.3
1337420 2198.9
1337430 2198.9
1337440 2192.6
1337450 2186.7
1337460 2186.7
1337470 2181.7
1337480 2177.2
1337490 2177.2
1337500 2171.9
1337510 2166.4
1337520 2166.4
1337530 2160.4
1337540 2154.1
1337550 2154.1
1337560 2148.5
1337570 2142.9
1337580 2142.9
1337590 2137.6
1337600 2131.9
1337610 2131.9
1337620 2126.6
1337630 2121.7
1337640 2116.9
1337650 2116.9
1337660 2111.8
1337670 2107.1
1337680 2107.1
1337690 2103.2
1337700 2100.0
1337710 2100.0
1337720 2096.4
1337730 2092.4
1337740 2092.4
1337750 2088.0
1337760 2083.6
1337770 2083.6
1337780 2079.4
1337790 2075.1
1337800 2075.1
1337810 2070.5
1337820 2065.6
1337830 2065.6
1337840 2059.0
1337850 2053.1
1337860 2053.1
1337870 2048.7
1337880 2045.7
1337890 2043.9
1337900 2043.9
1337910 2042.1
1337920 2041.3
1337930 2041.3
1337940 2040.6
1337950 2040.2
1337960 2040.2
1337970 2040.8
1337980 2042.0
1337990 2042.0
1338000 2043.7
1338010 2046.2
1338020 2046.2
1338030 2048.6
1338040 2047.1
1338050 2047.1
1338060 2042.9
1338070 2037.3
1338080 2037.3
1338090 2030.4
1338100 2023.1
1338110 2024.3
1338120 2019.8
1338130 2008.4
1338140 2008.4
1338150 1991.3
1338160 1981.2
1338170 1973.6
1338180 1973.6
1338190 1966.9
1338200 1961.3
1338210 1961.3
1338220 1957.5
1338230 1954.7
1338240 1954.7
1338250 1951.8
1338260 1948.7
1338270 1948.7
1338280 1945.5
1338290 1942.2
1338300 1942.2
1338310 1939.6
1338320 1937.3
1338330 1937.3
1338340 1934.4
1338350 1931.1
1338360 1931.1
1338370 1929.5
1338380 1927.1
1338390 1927.1
1338400 1924.1
1338410 1920.3
1338420 1916.9
1338430 1916.9
1338440 1913.8
1338450 1911.7
1338460 1911.7
1338470 1909.9
1338480 1907.7
1338490 1907.7
1338500 1905.7
1338510 1904.4
1338520 1904.4
1338530 1901.1
1338540 1897.4
1338550 1897.4
1338560 1894.6
1338570 1891.8
1338580 1891.8
1338590 1888.3
1338600 1885.9
1338610 1885.9
1338620 1883.8
1338630 1881.5
1338640 1881.5
1338650 1879.2
1338660 1876.2
1338670 1873.3
1338680 1873.3
1338690 1871.8
1338700 1870.6
1338710 1870.6
1338720 1869.3
1338730 1867.2
1338740 1867.2
1338750 1863.9
1338760 1863.4
1338770 1863.4
1338780 1865.0
1338790 1865.3
1338800 1865.3
1338810 1866.2
1338820 1867.2
1338830 1867.2
1338840 1868.3
1338850 1869.2
1338860 1869.2
1338870 1869.7
1338880 1870.1
1338890 1870.1
1338900 1870.8
1338910 1871.3
1338920 1872.0
1338930 1872.0
1338940 1871.8
1338950 1871.1
1338960 1871.1
1338970 1871.6
1338980 1878.8
1338990 1878.8
1339000 1879.6
1339010 1880.0
1339020 1880.0
1339030 1879.6
1339040 1880.1
1339050 1880.1
1339060 1882.1
1339070 1883.3
1339080 1883.3
1339090 1883.7
1339100 1885.7
1339110 1885.7
1339120 1889.5
1339130 1889.3
1339140 1889.3
1339150 1888.5
1339160 1892.0
1339170 1895.8
1339180 1895.8
1339190 1900.9
1339200 1900.2
1339210 1900.2
1339220 1895.4
1339230 1895.6
1339240 1895.6
1339250 1895.5
1339260 1894.6
1339270 1894.6
1339280 1893.5
1339290 1892.2
1339300 1892.2
1339310 1891.3
1339320 1891.4
1339330 1891.4
1339340 1892.6
1339350 1893.4
1339360 1893.4
1339370 1892.6
1339380 1892.6
1339390 1892.6
1339400 1893.8
1339410 1895.1
1339420 1896.4
1339430 1896.4
1339440 1898.0
1339450 1899.2
1339460 1899.2
1339470 1900.1
1339480 1901.0
1339490 1901.0
1339500 1901.8
1339510 1901.8
1339520 1901.8
1339530 1900.8
1339540 1900.0
1339550 1900.0
1339560 1899.5
1339570 1898.9
1339580 1898.9
1339590 1898.1
1339600 1897.5
1339610 1897.5
1339620 1896.1
1339630 1894.1
1339640 1894.1
1339650 1892.7
1339660 1891.4
1339670 1891.4
1339680 1890.1
1339690 1888.8
1339700 1887.0
1339710 1887.0
1339720 1884.7
1339730 1882.3
1339740 1882.3
1339750 1879.8
1339760 1877.3
1339770 1877.3
1339780 1874.6
1339790 1871.7
1339800 1871.7
1339810 1868.0
1339820 1864.7
1339830 1864.7
1339840 1862.0
1339850 1860.3
1339860 1862.4
1339870 1859.3
1339880 1856.7
1339890 1856.7
1339900 1852.8
1339910 1849.2
1339920 1849.2
1339930 1845.9
1339940 1842.9
1339950 1840.3
1339960 1840.3
1339970 1837.1
1339980 1834.5
1339990 1834.5
