1320000 1680.0
1320010 1676.7
1320020 1673.3
1320030 1673.3
1320040 1669.8
1320050 1666.9
1320060 1666.9
1320070 1665.2
1320080 1662.8
1320090 1660.5
1320100 1660.5
1320110 1658.9
1320120 1656.8
1320130 1656.8
1320140 1653.0
1320150 1648.9
1320160 1648.9
1320170 1644.7
1320180 1641.4
1320190 1641.4
1320200 1639.3
1320210 1635.1
1320220 1635.1
1320230 1629.0
1320240 1622.6
1320250 1622.6
1320260 1617.2
1320270 1613.1
1320280 1613.1
1320290 1611.5
1320300 1608.6
1320310 1608.6
1320320 1604.6
1320330 1598.8
1320340 1594.5
1320350 1594.5
1320360 1587.5
1320370 1581.1
1320380 1581.1
1320390 1576.1
1320400 1570.3
1320410 1570.3
1320420 1564.5
1320430 1559.8
1320440 1559.8
1320450 1555.8
1320460 1551.7
1320470 1551.7
1320480 1548.3
1320490 1543.4
1320500 1543.4
1320510 1537.0
1320520 1530.7
1320530 1530.7
1320540 1524.4
1320550 1518.0
1320560 1518.0
1320570 1513.0
1320580 1508.4
1320590 1508.4
1320600 1504.1
1320610 1499.7
1320620 1494.7
1320630 1494.7
1320640 1489.0
1320650 1485.1
1320660 1485.1
1320670 1480.1
1320680 1476.5
1320690 1476.5
1320700 1473.5
1320710 1469.9
1320720 1469.9
1320730 1465.7
1320740 1462.4
1320750 1462.4
1320760 1460.0
1320770 1456.7
1320780 1456.7
1320790 1453.9
1320800 1451.7
1320810 1451.7
1320820 1449.4
1320830 1445.8
1320840 1445.8
1320850 1440.8
1320860 1435.4
1320870 1430.6
1320880 1430.6
1320890 1426.1
1320900 1421.5
1320910 1421.5
1320920 1416.5
1320930 1411.5
1320940 1411.5
1320950 1406.6
1320960 1402.6
1320970 1402.6
1320980 1399.4
1320990 1395.2
1321000 1395.2
1321010 1390.0
1321020 1385.9
1321030 1385.9
1321040 1381.6
1321050 1375.4
1321060 1375.4
1321070 1368.8
1321080 1363.7
1321090 1363.7
1321100 1360.6
1321110 1356.4
1321120 1355.2
1321130 1355.2
1321140 1351.5
1321150 1347.2
1321160 1347.2
1321170 1341.8
1321180 1336.0
1321190 1336.0
1321200 1331.3
1321210 1326.5
1321220 1326.5
1321230 1321.5
1321240 1316.4
1321250 1316.4
1321260 1311.4
1321270 1306.7
1321280 1306.7
1321290 1302.4
1321300 1298.6
1321310 1298.6
1321320 1294.6
1321330 1291.0
1321340 1291.0
1321350 1288.5
1321360 1286.5
1321370 1285.0
1321380 1285.0
1321390 1283.9
1321400 1282.6
1321410 1282.6
1321420 1281.3
1321430 1279.2
1321440 1279.2
1321450 1276.2
1321460 1274.4
1321470 1274.4
1321480 1273.6
1321490 1270.5
1321500 1270.5
1321510 1267.8
1321520 1265.9
1321530 1265.9
1321540 1262.6
1321550 1259.0
1321560 1259.0
1321570 1254.8
1321580 1249.5
1321590 1249.5
1321600 1244.0
1321610 1238.2
1321620 1238.2
1321630 1233.7
1321640 1229.2
1321650 1223.1
1321660 1223.1
1321670 1216.7
1321680 1209.5
1321690 1209.5
1321700 1203.8
1321710 1198.2
1321720 1198.2
1321730 1192.0
1321740 1187.2
1321750 1187.2
1321760 1183.4
1321770 1178.8
1321780 1178.8
1321790 1173.9
1321800 1170.0
1321810 1170.0
1321820 1166.4
1321830 1162.7
1321840 1162.7
1321850 1159.3
1321860 1156.0
1321870 1156.0
1321880 1153.3
1321890 1149.7
1321900 1146.8
1321910 1146.8
1321920 1142.1
1321930 1138.2
1321940 1138.2
1321950 1135.1
1321960 1131.4
1321970 1131.4
1321980 1126.7
1321990 1121.5
1322000 1121.5
1322010 1116.4
1322020 1109.5
1322030 1109.5
1322040 1100.6
1322050 1094.8
1322060 1094.8
1322070 1089.9
1322080 1087.3
1322090 1087.3
1322100 1085.1
1322110 1081.8
1322120 1081.8
1322130 1080.9
1322140 1078.4
1322150 1075.1
1322160 1075.1
1322170 1073.3
1322180 1072.0
1322190 1072.0
1322200 1072.3
1322210 1070.5
1322220 1070.5
1322230 1066.5
1322240 1063.3
1322250 1063.3
1322260 1061.1
1322270 1058.9
1322280 1058.9
1322290 1056.9
1322300 1055.3
1322310 1055.3
1322320 1052.8
1322330 1049.5
1322340 1049.5
1322350 1046.0
1322360 1042.5
1322370 1042.5
1322380 1039.2
1322390 1036.3
1322400 1034.4
1322410 1034.4
1322420 1033.6
1322430 1032.2
1322440 1032.2
1322450 1030.3
1322460 1029.8
1322470 1029.8
1322480 1028.7
1322490 1026.8
1322500 1026.8
1322510 1023.6
1322520 1020.4
1322530 1020.4
1322540 1015.3
1322550 1000.1
1322560 1000.1
1322570 986.0
1322580 977.4
1322590 977.4
1322600 971.6
1322610 966.8
1322620 966.8
1322630 962.4
1322640 958.9
1322650 958.9
1322660 956.4
1322670 952.9
1322680 954.3
1322690 954.3
1322700 948.5
1322710 944.9
1322720 944.9
1322730 943.6
1322740 943.9
1322750 943.9
1322760 945.2
1322770 946.8
1322780 946.8
1322790 946.8
1322800 944.8
1322810 944.8
1322820 942.7
1322830 940.1
1322840 940.1
1322850 937.6
1322860 934.5
1322870 934.5
1322880 931.8
1322890 930.2
1322900 930.2
1322910 928.0
1322920 924.7
1322930 920.5
1322940 920.5
1322950 913.5
1322960 905.1
1322970 905.1
1322980 897.6
1322990 893.5
1323000 893.5
1323010 890.4
1323020 886.5
1323030 886.5
1323040 882.4
1323050 869.8
1323060 869.8
1323070 860.4
1323080 852.8
1323090 852.8
1323100 839.1
1323110 829.2
1323120 829.2
1323130 822.2
1323140 815.2
1323150 815.2
1323160 808.1
1323170 800.4
1323180 792.9
1323190 792.9
1323200 786.1
1323210 780.5
1323220 780.5
1323230 776.3
1323240 772.4
1323250 772.4
1323260 767.4
1323270 761.6
1323280 761.6
1323290 756.5
1323300 752.4
1323310 752.4
1323320 747.8
1323330 742.8
1323340 742.8
1323350 738.0
1323360 733.7
1323370 733.7
1323380 729.2
1323390 724.8
1323400 724.8
1323410 720.4
1323420 716.3
1323430 713.0
1323440 713.0
1323450 709.3
1323460 704.0
1323470 709.9
1323480 704.3
1323490 698.7
1323500 698.7
1323510 693.5
1323520 690.9
1323530 690.9
1323540 689.5
1323550 687.7
1323560 687.7
1323570 671.8
1323580 661.0
1323590 661.0
1323600 654.5
1323610 644.7
1323620 644.7
1323630 636.4
1323640 629.8
1323650 629.8
1323660 625.6
1323670 619.9
1323680 619.9
1323690 615.2
1323700 610.3
1323710 605.8
1323720 605.8
1323730 601.9
1323740 598.0
1323750 598.0
1323760 593.7
1323770 589.2
1323780 589.2
1323790 583.6
1323800 575.9
1323810 575.9
1323820 567.1
1323830 563.9
1323840 563.9
1323850 563.5
1323860 563.5
1323870 563.5
1323880 563.4
1323890 563.4
1323900 563.4
1323910 563.2
1323920 562.9
1323930 562.9
1323940 562.9
1323950 563.0
1323960 563.1
1323970 563.1
1323980 563.4
1323990 563.2
1324000 563.2
1324010 563.2
1324020 563.2
1324030 563.2
1324040 562.9
1324050 562.9
1324060 562.9
1324070 563.7
1324080 563.8
1324090 563.8
1324100 563.2
1324110 563.0
1324120 563.0
1324130 563.1
1324140 563.1
1324150 563.1
1324160 562.9
1324170 563.0
1324180 563.0
1324190 563.0
1324200 563.0
1324210 563.0
1324220 563.0
1324230 563.4
1324240 563.2
1324250 563.2
1324260 563.2
1324270 563.2
1324280 563.2
1324290 563.2
1324300 563.2
1324310 563.2
1324320 563.3
1324330 563.3
1324340 563.3
1324350 563.2
1324360 563.2
1324370 563.2
1324380 563.3
1324390 563.4
1324400 563.4
1324410 563.5
1324420 563.4
1324430 563.4
1324440 563.4
1324450 563.4
1324460 563.4
1324470 563.4
1324480 563.5
1324490 563.3
1324500 563.3
1324510 563.4
1324520 563.5
1324530 563.5
1324540 563.4
1324550 563.4
1324560 563.4
1324570 563.4
1324580 563.5
1324590 563.5
1324600 563.4
1324610 563.5
1324620 563.5
1324630 563.4
1324640 563.4
1324650 563.4
1324660 563.5
1324670 563.6
1324680 563.6
1324690 563.6
1324700 563.7
1324710 563.7
1324720 563.7
1324730 563.8
1324740 563.8
1324750 563.8
1324760 563.9
1324770 564.0
1324780 564.0
1324790 564.1
1324800 564.3
1324810 564.3
1324820 562.9
1324830 561.1
1324840 561.1
1324850 560.0
1324860 560.1
1324870 560.1
1324880 560.8
1324890 564.0
1324900 564.0
1324910 565.7
1324920 565.8
1324930 565.8
1324940 565.5
1324950 565.9
1324960 565.9
1324970 566.4
1324980 566.8
1324990 567.2
1325000 567.2
1325010 567.9
1325020 568.7
1325030 568.7
1325040 569.5
1325050 570.4
1325060 569.7
1325070 570.5
1325080 571.4
1325090 571.4
1325100 572.3
1325110 573.1
1325120 573.1
1325130 574.3
1325140 575.9
1325150 575.9
1325160 577.2
1325170 578.3
1325180 578.3
1325190 579.6
1325200 579.8
1325210 579.8
1325220 581.3
1325230 582.7
1325240 583.8
1325250 583.8
1325260 584.9
1325270 585.7
1325280 585.7
1325290 587.1
1325300 588.4
1325310 588.4
1325320 589.6
1325330 591.2
1325340 591.2
1325350 592.7
1325360 593.5
1325370 593.5
1325380 594.7
1325390 596.2
1325400 596.2
1325410 597.6
1325420 598.9
1325430 598.9
1325440 600.2
1325450 601.4
1325460 601.4
1325470 604.3
1325480 610.7
1325490 618.4
1325500 618.4
1325510 624.2
1325520 630.7
1325530 630.7
1325540 637.7
1325550 643.4
1325560 643.4
1325570 649.1
1325580 653.8
1325590 653.8
1325600 659.1
1325610 665.9
1325620 665.9
1325630 672.8
1325640 678.6
1325650 678.6
1325660 683.9
1325670 689.6
1325680 689.6
1325690 695.7
1325700 700.2
1325710 700.2
1325720 703.0
1325730 706.0
1325740 706.0
1325750 709.2
1325760 712.1
1325770 716.0
1325780 716.0
1325790 720.7
1325800 725.1
1325810 725.1
1325820 730.9
1325830 736.7
1325840 736.7
1325850 740.5
1325860 741.2
1325870 741.2
1325880 746.6
1325890 751.6
1325900 751.6
1325910 755.9
1325920 761.5
1325930 761.5
1325940 767.6
1325950 773.6
1325960 773.6
1325970 780.4
1325980 787.1
1325990 787.1
1326000 793.0
1326010 798.2
1326020 802.9
1326030 802.9
1326040 807.6
1326050 812.1
1326060 812.1
1326070 816.8
1326080 821.3
1326090 821.3
1326100 825.2
1326110 828.8
1326120 828.8
1326130 833.1
1326140 837.6
1326150 837.6
1326160 841.7
1326170 845.3
1326180 845.3
1326190 848.4
1326200 850.9
1326210 850.9
1326220 854.3
1326230 857.9
1326240 857.9
1326250 861.9
1326260 865.7
1326270 869.5
1326280 869.5
1326290 873.8
1326300 878.4
1326310 878.4
1326320 883.9
1326330 889.9
1326340 889.9
1326350 895.6
1326360 901.4
1326370 901.4
1326380 907.1
1326390 912.6
1326400 912.6
1326410 917.8
1326420 923.8
1326430 923.8
1326440 930.9
1326450 936.0
1326460 936.0
1326470 939.4
1326480 943.3
1326490 943.3
1326500 947.4
1326510 950.9
1326520 955.0
1326530 955.0
1326540 959.6
1326550 965.3
1326560 965.3
1326570 971.4
1326580 977.8
1326590 977.8
1326600 982.3
1326610 985.4
1326620 985.4
1326630 988.7
1326640 992.6
1326650 992.6
1326660 994.1
1326670 1000.3
1326680 1000.3
1326690 1005.6
1326700 1010.8
1326710 1010.8
1326720 1015.3
1326730 1017.2
1326740 1017.2
1326750 1018.5
1326760 1021.1
1326770 1024.2
1326780 1024.2
1326790 1028.0
1326800 1031.8
1326810 1031.8
1326820 1035.5
1326830 1038.8
1326840 1038.8
1326850 1042.1
1326860 1045.4
1326870 1045.4
1326880 1049.1
1326890 1053.0
1326900 1053.0
1326910 1056.9
1326920 1060.7
1326930 1060.7
1326940 1063.8
1326950 1067.1
1326960 1067.1
1326970 1070.7
1326980 1074.3
1326990 1074.3
1327000 1078.3
1327010 1082.7
1327020 1082.7
1327030 1087.4
1327040 1091.2
1327050 1094.4
1327060 1094.4
1327070 1097.7
1327080 1101.0
1327090 1101.0
1327100 1104.2
1327110 1106.8
1327120 1106.8
1327130 1108.4
1327140 1110.4
1327150 1110.4
1327160 1113.9
1327170 1117.9
1327180 1117.9
1327190 1121.3
1327200 1124.1
1327210 1124.1
1327220 1127.4
1327230 1131.9
1327240 1131.9
1327250 1138.9
1327260 1148.4
1327270 1148.4
1327280 1156.2
1327290 1161.6
1327300 1165.0
1327310 1165.0
1327320 1169.4
1327330 1172.1
1327340 1172.1
1327350 1174.7
1327360 1177.9
1327370 1177.9
1327380 1179.6
1327390 1182.7
1327400 1182.7
1327410 1186.7
1327420 1192.0
1327430 1192.0
1327440 1197.0
1327450 1200.7
1327460 1200.7
1327470 1193.6
1327480 1196.1
1327490 1196.1
1327500 1202.8
1327510 1215.7
1327520 1215.7
1327530 1226.3
1327540 1232.7
1327550 1239.6
1327560 1239.6
1327570 1240.8
1327580 1237.9
1327590 1237.9
1327600 1242.3
1327610 1246.9
1327620 1246.9
1327630 1251.8
1327640 1257.3
1327650 1257.3
1327660 1259.1
1327670 1261.9
1327680 1261.9
1327690 1265.9
1327700 1269.4
1327710 1269.4
1327720 1273.1
1327730 1276.8
1327740 1276.8
1327750 1280.8
1327760 1286.6
1327770 1286.6
1327780 1293.2
1327790 1301.0
1327800 1309.4
1327810 1309.4
1327820 1316.5
1327830 1322.7
1327840 1322.7
1327850 1329.4
1327860 1338.8
1327870 1338.8
1327880 1347.3
1327890 1355.1
1327900 1355.1
1327910 1362.4
1327920 1368.7
1327930 1368.7
1327940 1373.5
1327950 1377.8
1327960 1377.8
1327970 1381.7
1327980 1385.0
1327990 1385.0
1328000 1387.8
1328010 1390.2
1328020 1390.2
1328030 1392.5
1328040 1395.3
1328050 1395.3
1328060 1398.1
1328070 1400.2
1328080 1401.6
1328090 1401.6
1328100 1402.6
1328110 1403.8
1328120 1403.8
1328130 1405.1
1328140 1406.0
1328150 1406.0
1328160 1406.5
1328170 1406.4
1328180 1406.4
1328190 1406.0
1328200 1407.6
1328210 1407.6
1328220 1410.0
1328230 1412.6
1328240 1412.6
1328250 1415.7
1328260 1418.9
1328270 1418.9
1328280 1422.9
1328290 1426.0
1328300 1426.0
1328310 1429.8
1328320 1433.5
1328330 1436.8
1328340 1436.8
1328350 1440.1
1328360 1443.4
1328370 1443.4
1328380 1447.1
1328390 1451.7
1328400 1451.7
1328410 1455.2
1328420 1458.5
1328430 1458.5
1328440 1461.6
1328450 1464.9
1328460 1464.9
1328470 1468.3
1328480 1471.9
1328490 1471.9
1328500 1475.3
1328510 1478.3
1328520 1478.3
1328530 1480.9
1328540 1483.3
1328550 1483.3
1328560 1486.1
1328570 1489.7
1328580 1492.3
1328590 1492.3
1328600 1494.9
1328610 1498.5
1328620 1498.5
1328630 1502.2
1328640 1505.7
1328650 1505.7
1328660 1509.4
1328670 1512.4
1328680 1512.4
1328690 1515.4
1328700 1519.1
1328710 1519.1
1328720 1523.2
1328730 1527.7
1328740 1527.7
1328750 1531.8
1328760 1535.7
1328770 1535.7
1328780 1539.3
1328790 1542.1
1328800 1542.1
1328810 1544.8
1328820 1547.2
1328830 1549.1
1328840 1549.1
1328850 1551.1
1328860 1553.5
1328870 1553.5
1328880 1556.8
1328890 1560.7
1328900 1560.7
1328910 1564.4
1328920 1567.8
1328930 1567.8
1328940 1571.3
1328950 1574.5
1328960 1574.5
1328970 1577.6
1328980 1580.2
1328990 1580.2
1329000 1582.8
1329010 1585.8
1329020 1585.8
1329030 1588.6
1329040 1590.9
1329050 1590.9
1329060 1592.8
1329070 1595.0
1329080 1595.0
1329090 1597.4
1329100 1602.3
1329110 1604.3
1329120 1604.3
1329130 1605.9
1329140 1607.2
1329150 1607.2
1329160 1609.0
1329170 1610.8
1329180 1610.8
1329190 1613.0
1329200 1614.7
1329210 1614.7
1329220 1616.5
1329230 1618.4
1329240 1618.4
1329250 1620.0
1329260 1622.2
1329270 1622.2
1329280 1625.3
1329290 1627.8
1329300 1627.8
1329310 1631.1
1329320 1635.0
1329330 1635.0
1329340 1639.2
1329350 1642.7
1329360 1647.4
1329370 1647.4
1329380 1651.9
1329390 1658.1
1329400 1658.1
1329410 1664.0
1329420 1670.4
1329430 1670.4
1329440 1676.5
1329450 1682.3
1329460 1682.3
1329470 1688.8
1329480 1695.6
1329490 1695.6
1329500 1702.7
1329510 1709.6
1329520 1709.6
1329530 1716.8
1329540 1726.2
1329550 1726.2
1329560 1736.3
1329570 1743.9
1329580 1743.9
1329590 1748.0
1329600 1752.6
1329610 1758.4
1329620 1758.4
1329630 1764.2
1329640 1770.8
1329650 1770.8
1329660 1778.4
1329670 1785.2
1329680 1785.2
1329690 1790.9
1329700 1795.6
1329710 1795.6
1329720 1797.7
1329730 1798.5
1329740 1798.5
1329750 1803.6
1329760 1808.9
1329770 1808.9
1329780 1814.3
1329790 1819.6
1329800 1819.6
1329810 1825.4
1329820 1831.4
1329830 1831.4
1329840 1837.5
1329850 1843.6
1329860 1848.5
1329870 1848.5
1329880 1852.1
1329890 1854.1
1329900 1854.1
1329910 1856.1
1329920 1859.4
1329930 1859.4
1329940 1864.1
1329950 1867.7
1329960 1867.7
1329970 1869.3
1329980 1871.3
1329990 1871.3
1330000 1873.4
1330010 1876.7
1330020 1876.7
1330030 1884.4
1330040 1893.5
1330050 1893.5
1330060 1898.1
1330070 1900.8
1330080 1900.8
1330090 1908.9
1330100 1914.7
1330110 1914.7
1330120 1915.4
1330130 1921.3
1330140 1924.3
1330150 1924.3
1330160 1925.5
1330170 1925.3
1330180 1925.3
1330190 1924.1
1330200 1925.2
1330210 1925.2
1330220 1929.1
1330230 1934.2
1330240 1934.2
1330250 1939.8
1330260 1945.4
1330270 1945.4
1330280 1950.6
1330290 1953.3
1330300 1953.3
1330310 1955.2
1330320 1956.2
1330330 1956.2
1330340 1956.7
1330350 1958.2
1330360 1958.2
1330370 1958.6
1330380 1960.5
1330390 1963.2
1330400 1963.2
1330410 1967.0
1330420 1970.8
1330430 1970.8
1330440 1971.8
1330450 1971.1
1330460 1971.1
1330470 1970.7
1330480 1970.3
1330490 1970.3
1330500 1971.1
1330510 1974.3
1330520 1974.3
1330530 1979.0
1330540 1982.4
1330550 1982.4
1330560 1985.4
1330570 1985.6
1330580 1985.6
1330590 1984.5
1330600 1984.4
1330610 1984.4
1330620 1984.6
1330630 1985.5
1330640 1989.0
1330650 1989.0
1330660 1991.8
1330670 1994.1
1330680 1994.1
1330690 1997.9
1330700 2000.3
1330710 2000.3
1330720 2001.3
1330730 2002.1
1330740 2005.9
1330750 2006.9
1330760 2008.6
1330770 2008.6
1330780 2012.7
1330790 2018.3
1330800 2018.3
1330810 2023.9
1330820 2028.2
1330830 2028.2
1330840 2029.4
1330850 2032.3
1330860 2032.3
1330870 2037.5
1330880 2043.9
1330890 2050.9
1330900 2050.9
1330910 2057.2
1330920 2061.0
1330930 2061.0
1330940 2063.2
1330950 2062.3
1330960 2062.3
1330970 2061.4
1330980 2063.6
1330990 2063.6
1331000 2066.1
1331010 2067.4
1331020 2067.4
1331030 2068.6
1331040 2069.0
1331050 2069.0
1331060 2069.8
1331070 2074.6
1331080 2074.6
1331090 2078.6
1331100 2082.4
1331110 2082.4
1331120 2085.8
1331130 2085.8
1331140 2085.8
1331150 2085.3
1331160 2084.5
1331170 2085.0
1331180 2085.0
1331190 2085.9
1331200 2085.6
1331210 2085.6
1331220 2084.4
1331230 2084.5
1331240 2084.5
1331250 2084.7
1331260 2085.2
1331270 2085.2
1331280 2086.1
1331290 2087.1
1331300 2087.1
1331310 2088.0
1331320 2088.9
1331330 2088.9
1331340 2089.4
1331350 2091.2
1331360 2091.2
1331370 2091.9
1331380 2091.8
1331390 2091.8
1331400 2092.1
1331410 2092.3
1331420 2091.0
1331430 2091.0
1331440 2090.3
1331450 2089.8
1331460 2089.8
1331470 2091.5
1331480 2094.3
1331490 2094.3
1331500 2095.7
1331510 2098.4
1331520 2098.4
1331530 2099.9
1331540 2099.8
1331550 2099.8
1331560 2101.3
1331570 2107.0
1331580 2107.0
1331590 2111.3
1331600 2107.8
1331610 2107.8
1331620 2105.3
1331630 2103.8
1331640 2103.8
1331650 2104.0
1331660 2104.8
1331670 2106.2
1331680 2106.2
1331690 2109.3
1331700 2110.8
1331710 2110.8
1331720 2110.2
1331730 2111.3
1331740 2111.3
1331750 2115.1
1331760 2117.1
1331770 2117.1
1331780 2118.6
1331790 2120.1
1331800 2120.1
1331810 2121.8
1331820 2123.8
1331830 2123.8
1331840 2126.1
1331850 2128.4
1331860 2128.4
1331870 2130.8
1331880 2132.6
1331890 2132.6
1331900 2133.5
1331910 2134.2
1331920 2134.6
1331930 2134.6
1331940 2134.1
1331950 2133.1
1331960 2133.1
1331970 2133.6
1331980 2134.7
1331990 2134.7
1332000 2134.8
1332010 2134.0
1332020 2134.0
1332030 2133.3
1332040 2133.4
1332050 2133.4
1332060 2136.4
1332070 2142.0
1332080 2142.0
1332090 2147.5
1332100 2153.3
1332110 2153.3
1332120 2159.5
1332130 2165.2
1332140 2165.2
1332150 2170.0
1332160 2173.0
1332170 2173.0
1332180 2175.2
1332190 2178.0
1332200 2182.4
1332210 2182.4
1332220 2187.2
1332230 2191.6
1332240 2191.6
1332250 2195.4
1332260 2197.5
1332270 2197.5
1332280 2199.6
1332290 2202.9
1332300 2202.9
1332310 2206.2
1332320 2209.2
1332330 2209.2
1332340 2212.8
1332350 2216.8
1332360 2216.8
1332370 2221.0
1332380 2226.1
1332390 2226.1
1332400 2230.9
1332410 2237.1
1332420 2237.1
1332430 2240.8
1332440 2244.3
1332450 2247.8
1332460 2247.8
1332470 2251.7
1332480 2257.7
1332490 2257.7
1332500 2264.2
1332510 2270.8
1332520 2270.8
1332530 2275.7
1332540 2279.1
1332550 2279.1
1332560 2282.1
1332570 2284.8
1332580 2284.8
1332590 2287.6
1332600 2290.0
1332610 2290.0
1332620 2287.5
1332630 2285.2
1332640 2285.2
1332650 2284.4
1332660 2283.1
1332670 2283.1
1332680 2282.9
1332690 2283.7
1332700 2285.3
1332710 2285.3
1332720 2286.2
1332730 2286.4
1332740 2286.4
1332750 2287.6
1332760 2289.9
1332770 2289.9
1332780 2294.6
1332790 2300.4
1332800 2300.4
1332810 2305.7
1332820 2310.9
1332830 2310.9
1332840 2316.0
1332850 2321.0
1332860 2321.0
1332870 2326.7
1332880 2332.9
1332890 2332.9
1332900 2340.6
1332910 2349.5
1332920 2349.5
1332930 2355.7
1332940 2362.2
1332950 2367.8
1332960 2367.8
1332970 2373.5
1332980 2379.8
1332990 2379.8
1333000 2387.2
1333010 2395.4
1333020 2395.4
1333030 2403.4
1333040 2409.5
1333050 2409.5
1333060 2415.3
1333070 2421.6
1333080 2421.6
1333090 2429.2
1333100 2437.1
1333110 2437.1
1333120 2444.6
1333130 2451.1
1333140 2451.1
1333150 2451.8
1333160 2446.6
1333170 2446.6
1333180 2439.9
1333190 2433.8
1333200 2433.8
1333210 2428.3
1333220 2425.4
1333230 2418.3
1333240 2418.3
1333250 2404.8
1333260 2398.7
1333270 2398.7
1333280 2394.7
1333290 2392.3
1333300 2392.3
1333310 2390.2
1333320 2385.0
1333330 2385.0
1333340 2379.6
1333350 2378.0
1333360 2378.0
1333370 2377.9
1333380 2378.6
1333390 2378.6
1333400 2378.5
1333410 2378.7
1333420 2378.7
1333430 2378.6
1333440 2376.4
1333450 2376.4
1333460 2371.8
1333470 2370.0
1333480 2367.5
1333490 2367.5
1333500 2366.1
1333510 2365.4
1333520 2365.4
1333530 2363.5
1333540 2362.2
1333550 2362.2
1333560 2361.8
1333570 2361.9
1333580 2361.9
1333590 2361.4
1333600 2360.3
1333610 2360.3
1333620 2360.0
1333630 2361.2
1333640 2361.2
1333650 2362.0
1333660 2360.1
1333670 2360.1
1333680 2360.1
1333690 2358.9
1333700 2358.9
1333710 2357.8
1333720 2357.6
1333730 2358.9
1333740 2358.9
1333750 2362.2
1333760 2365.9
1333770 2365.9
1333780 2368.4
1333790 2370.7
1333800 2370.7
1333810 2372.0
1333820 2372.9
1333830 2372.9
1333840 2373.2
1333850 2375.7
1333860 2375.7
1333870 2378.0
1333880 2378.5
1333890 2378.5
1333900 2378.5
1333910 2378.7
1333920 2378.7
1333930 2378.8
1333940 2379.9
1333950 2379.9
1333960 2380.4
1333970 2381.3
1333980 2381.6
1333990 2381.6
1334000 2381.6
1334010 2380.7
1334020 2380.7
1334030 2382.0
1334040 2381.5
1334050 2381.5
1334060 2379.1
1334070 2375.7
1334080 2375.7
1334090 2373.4
1334100 2372.9
1334110 2372.9
1334120 2373.0
1334130 2374.3
1334140 2374.3
1334150 2377.7
1334160 2381.2
1334170 2381.2
1334180 2383.1
1334190 2384.0
1334200 2384.0
1334210 2383.8
1334220 2383.7
1334230 2383.7
1334240 2382.3
1334250 2379.7
1334260 2377.5
1334270 2377.5
1334280 2376.0
1334290 2375.7
1334300 2375.7
1334310 2375.9
1334320 2373.7
1334330 2373.7
1334340 2374.2
1334350 2376.6
1334360 2376.6
1334370 2376.8
1334380 2374.6
1334390 2374.6
1334400 2368.0
1334410 2363.6
1334420 2363.6
1334430 2363.4
1334440 2363.1
1334450 2363.1
1334460 2362.4
1334470 2361.3
1334480 2361.3
1334490 2360.6
1334500 2360.4
1334510 2361.9
1334520 2361.9
1334530 2364.5
1334540 2365.8
1334550 2365.8
1334560 2365.7
1334570 2364.4
1334580 2364.4
1334590 2360.1
1334600 2353.9
1334610 2353.9
1334620 2350.5
1334630 2348.8
1334640 2348.8
1334650 2348.6
1334660 2349.7
1334670 2349.7
1334680 2349.7
1334690 2350.1
1334700 2350.1
1334710 2350.8
1334720 2352.8
1334730 2352.8
1334740 2355.9
1334750 2361.4
1334760 2364.0
1334770 2364.0
1334780 2362.2
1334790 2359.3
1334800 2359.3
1334810 2357.4
1334820 2355.7
1334830 2355.7
1334840 2353.2
1334850 2349.9
1334860 2349.9
1334870 2347.3
1334880 2345.4
1334890 2345.4
1334900 2343.9
1334910 2342.1
1334920 2342.1
1334930 2337.8
1334940 2340.8
1334950 2340.8
1334960 2339.1
1334970 2336.0
1334980 2336.0
1334990 2329.3
1335000 2324.0
1335010 2319.6
1335020 2319.6
1335030 2314.5
1335040 2308.9
1335050 2308.9
1335060 2302.4
1335070 2295.4
1335080 2295.4
1335090 2289.5
1335100 2283.9
1335110 2283.9
1335120 2278.8
1335130 2275.8
1335140 2275.8
1335150 2273.8
1335160 2272.7
1335170 2272.7
1335180 2272.1
1335190 2270.1
1335200 2270.1
1335210 2267.4
1335220 2264.6
1335230 2264.6
1335240 2260.8
1335250 2256.3
1335260 2256.3
1335270 2252.1
1335280 2249.5
1335290 2247.4
1335300 2247.4
1335310 2243.9
1335320 2239.1
1335330 2239.1
1335340 2234.6
1335350 2231.8
1335360 2231.8
1335370 2227.4
1335380 2225.1
1335390 2225.1
1335400 2220.3
1335410 2215.7
1335420 2215.7
1335430 2211.3
1335440 2204.8
1335450 2204.8
1335460 2198.0
1335470 2193.5
1335480 2193.5
1335490 2190.4
1335500 2185.9
1335510 2185.9
1335520 2180.2
1335530 2173.8
1335540 2167.9
1335550 2167.9
1335560 2160.4
1335570 2153.5
1335580 2153.5
1335590 2149.4
1335600 2144.8
1335610 2144.8
1335620 2141.2
1335630 2136.1
1335640 2136.1
1335650 2133.0
1335660 2131.7
1335670 2131.7
1335680 2131.9
1335690 2131.6
1335700 2131.6
1335710 2129.3
1335720 2126.4
1335730 2126.4
1335740 2124.1
1335750 2122.0
1335760 2122.0
1335770 2119.9
1335780 2119.3
1335790 2122.0
1335800 2122.0
1335810 2119.3
1335820 2117.2
1335830 2117.2
1335840 2115.4
1335850 2114.2
1335860 2114.2
1335870 2113.3
1335880 2114.7
1335890 2114.7
1335900 2116.3
1335910 2116.0
1335920 2116.0
1335930 2116.1
1335940 2117.2
1335950 2117.2
1335960 2119.1
1335970 2119.8
1335980 2119.8
1335990 2119.5
1336000 2120.0
1336010 2120.0
1336020 2120.6
1336030 2120.6
1336040 2120.5
1336050 2120.5
1336060 2120.2
1336070 2119.8
1336080 2119.8
1336090 2119.4
1336100 2117.3
1336110 2117.3
1336120 2114.5
1336130 2112.3
1336140 2112.3
1336150 2110.9
1336160 2110.0
1336170 2110.0
1336180 2109.8
1336190 2110.3
1336200 2110.3
1336210 2110.3
1336220 2109.9
1336230 2109.9
1336240 2107.3
1336250 2103.4
1336260 2103.4
1336270 2100.1
1336280 2098.8
1336290 2098.8
1336300 2096.6
1336310 2089.0
1336320 2085.9
1336330 2085.9
1336340 2083.5
1336350 2082.8
1336360 2082.8
1336370 2083.3
1336380 2084.9
1336390 2084.9
1336400 2085.8
1336410 2084.6
1336420 2084.6
1336430 2082.3
1336440 2079.6
1336450 2079.6
1336460 2075.0
1336470 2071.8
1336480 2071.8
1336490 2068.2
1336500 2064.6
1336510 2064.6
1336520 2061.9
1336530 2060.2
1336540 2060.2
1336550 2058.8
1336560 2057.4
1336570 2056.7
1336580 2056.7
1336590 2057.0
1336600 2058.4
1336610 2058.4
1336620 2059.4
1336630 2060.8
1336640 2060.8
1336650 2066.1
1336660 2066.7
1336670 2066.7
1336680 2068.7
1336690 2072.0
1336700 2072.0
1336710 2076.1
1336720 2079.7
1336730 2079.7
1336740 2082.3
1336750 2084.6
1336760 2084.6
1336770 2086.9
1336780 2087.8
1336790 2087.8
1336800 2085.7
1336810 2084.7
1336820 2084.1
1336830 2084.1
1336840 2083.1
1336850 2082.3
1336860 2082.3
1336870 2081.2
1336880 2079.9
1336890 2079.9
1336900 2076.1
1336910 2070.2
1336920 2070.2
1336930 2066.2
1336940 2064.9
1336950 2064.9
1336960 2061.8
1336970 2060.5
1336980 2060.5
1336990 2061.3
1337000 2061.4
1337010 2061.4
1337020 2060.0
1337030 2056.1
1337040 2056.1
1337050 2053.2
1337060 2050.2
1337070 2045.1
1337080 2045.1
1337090 2038.5
1337100 2031.6
1337110 2031.6
1337120 2025.0
1337130 2019.0
1337140 2019.0
1337150 2014.2
1337160 2009.4
1337170 2009.4
1337180 2004.8
1337190 1998.7
1337200 1998.7
1337210 1991.0
1337220 1983.9
1337230 1983.9
1337240 1977.8
1337250 1973.1
1337260 1973.1
1337270 1968.7
1337280 1963.2
1337290 1963.2
1337300 1956.5
1337310 1950.8
1337320 1950.8
1337330 1949.9
1337340 1945.2
1337350 1939.8
1337360 1939.8
1337370 1937.4
1337380 1935.0
1337390 1935.0
1337400 1934.1
1337410 1933.5
1337420 1933.5
1337430 1928.6
1337440 1924.5
1337450 1924.5
1337460 1921.3
1337470 1918.2
1337480 1918.2
1337490 1914.1
1337500 1910.7
1337510 1912.0
1337520 1910.4
1337530 1906.9
1337540 1906.9
1337550 1902.4
1337560 1898.8
1337570 1898.8
1337580 1895.5
1337590 1890.1
1337600 1885.6
1337610 1885.6
1337620 1883.0
1337630 1880.9
1337640 1880.9
1337650 1881.0
1337660 1881.7
1337670 1881.7
1337680 1882.2
1337690 1882.4
1337700 1882.4
1337710 1882.8
1337720 1883.1
1337730 1883.1
1337740 1885.5
1337750 1889.8
1337760 1889.8
1337770 1890.7
1337780 1889.5
1337790 1889.5
1337800 1888.5
1337810 1887.3
1337820 1887.3
1337830 1886.1
1337840 1883.7
1337850 1881.4
1337860 1881.4
1337870 1879.2
1337880 1876.7
1337890 1876.7
1337900 1874.5
1337910 1873.4
1337920 1873.4
1337930 1872.2
1337940 1870.9
1337950 1870.9
1337960 1869.2
1337970 1866.6
1337980 1866.6
1337990 1863.5
1338000 1860.2
1338010 1860.2
1338020 1856.6
1338030 1853.8
1338040 1853.8
1338050 1852.3
1338060 1852.1
1338070 1852.1
1338080 1852.9
1338090 1853.1
1338100 1853.0
1338110 1853.0
1338120 1852.4
1338130 1851.4
1338140 1851.4
1338150 1850.9
1338160 1850.9
1338170 1850.9
1338180 1850.4
1338190 1849.6
1338200 1849.6
1338210 1847.1
1338220 1845.0
1338230 1845.0
1338240 1843.8
1338250 1842.4
1338260 1842.4
1338270 1840.3
1338280 1838.2
1338290 1838.2
1338300 1835.3
1338310 1831.9
1338320 1831.9
1338330 1828.5
1338340 1826.6
1338350 1826.6
1338360 1824.0
1338370 1821.1
1338380 1831.1
1338390 1831.1
1338400 1829.5
1338410 1825.8
1338420 1825.8
1338430 1823.0
1338440 1820.4
1338450 1820.4
1338460 1817.2
1338470 1813.4
1338480 1813.4
1338490 1810.0
1338500 1806.2
1338510 1806.2
1338520 1802.6
1338530 1799.4
1338540 1799.4
1338550 1796.2
1338560 1793.5
1338570 1793.5
1338580 1791.1
1338590 1788.5
1338600 1788.5
1338610 1786.1
1338620 1784.3
1338630 1783.1
1338640 1783.1
1338650 1782.8
1338660 1781.2
1338670 1781.2
1338680 1779.8
1338690 1778.2
1338700 1778.2
1338710 1775.4
1338720 1772.0
1338730 1772.0
1338740 1769.3
1338750 1767.9
1338760 1767.9
1338770 1767.3
1338780 1764.5
1338790 1764.5
1338800 1763.5
1338810 1763.3
1338820 1763.3
1338830 1762.6
1338840 1761.5
1338850 1761.5
1338860 1759.8
1338870 1758.4
1338880 1754.9
1338890 1754.9
1338900 1749.4
1338910 1742.7
1338920 1742.7
1338930 1735.7
1338940 1730.6
1338950 1730.6
1338960 1727.1
1338970 1723.7
1338980 1723.7
1338990 1718.1
1339000 1710.8
1339010 1710.8
1339020 1707.2
1339030 1705.0
1339040 1705.0
1339050 1706.1
1339060 1708.9
1339070 1708.9
1339080 1709.9
1339090 1709.7
1339100 1709.7
1339110 1709.9
1339120 1710.6
1339130 1710.1
1339140 1710.1
1339150 1708.0
1339160 1704.9
1339170 1704.9
1339180 1701.5
1339190 1696.1
1339200 1696.1
1339210 1678.7
1339220 1670.0
1339230 1670.0
1339240 1665.1
1339250 1661.2
1339260 1658.5
1339270 1654.6
1339280 1652.5
1339290 1652.5
1339300 1654.0
1339310 1654.7
1339320 1654.7
1339330 1651.6
1339340 1648.4
1339350 1648.4
1339360 1645.2
1339370 1641.5
1339380 1641.5
1339390 1636.2
1339400 1623.1
1339410 1614.3
1339420 1614.3
1339430 1602.9
1339440 1594.0
1339450 1594.0
1339460 1584.9
1339470 1572.8
1339480 1572.8
1339490 1566.9
1339500 1562.2
1339510 1562.2
1339520 1556.2
1339530 1550.3
1339540 1550.3
1339550 1547.1
1339560 1545.9
1339570 1545.9
1339580 1545.6
1339590 1544.6
1339600 1544.6
1339610 1543.4
1339620 1541.8
1339630 1541.8
1339640 1539.8
1339650 1537.5
1339660 1533.6
1339670 1533.6
1339680 1529.9
1339690 1526.2
1339700 1526.2
1339710 1521.1
1339720 1528.1
1339730 1528.1
1339740 1534.3
1339750 1537.9
1339760 1537.9
1339770 1540.7
1339780 1541.9
1339790 1541.9
1339800 1542.3
1339810 1541.7
1339820 1541.7
1339830 1540.4
1339840 1538.1
1339850 1538.1
1339860 1537.1
1339870 1536.5
1339880 1536.5
1339890 1536.6
1339900 1539.4
1339910 1541.4
1339920 1541.4
1339930 1542.2
1339940 1544.0
1339950 1544.0
1339960 1547.2
1339970 1553.6
1339980 1553.6
1339990 1560.2
