1320000 1657.5
1320010 1657.5
1320020 1651.5
1320030 1646.3
1320040 1646.3
1320050 1641.6
1320060 1637.4
1320070 1637.4
1320080 1633.6
1320090 1631.9
1320100 1631.9
1320110 1630.5
1320120 1629.3
1320130 1629.3
1320140 1626.9
1320150 1624.5
1320160 1619.7
1320170 1619.7
1320180 1612.6
1320190 1608.6
1320200 1608.6
1320210 1603.8
1320220 1599.0
1320230 1599.0
1320240 1595.1
1320250 1589.3
1320260 1589.3
1320270 1585.0
1320280 1583.1
1320290 1583.1
1320300 1580.0
1320310 1574.8
1320320 1574.8
1320330 1568.1
1320340 1562.7
1320350 1562.7
1320360 1558.6
1320370 1553.8
1320380 1553.8
1320390 1549.8
1320400 1544.3
1320410 1539.9
1320420 1539.9
1320430 1534.4
1320440 1528.8
1320450 1528.8
1320460 1523.0
1320470 1517.3
1320480 1517.3
1320490 1512.0
1320500 1507.2
1320510 1507.2
1320520 1500.3
1320530 1492.6
1320540 1492.6
1320550 1486.3
1320560 1481.7
1320570 1481.7
1320580 1478.2
1320590 1473.6
1320600 1473.6
1320610 1467.5
1320620 1462.3
1320630 1462.3
1320640 1457.7
1320650 1453.3
1320660 1453.3
1320670 1448.6
1320680 1444.1
1320690 1439.4
1320700 1439.4
1320710 1432.3
1320720 1424.3
1320730 1424.3
1320740 1416.1
1320750 1408.0
1320760 1408.0
1320770 1402.9
1320780 1398.4
1320790 1398.4
1320800 1394.4
1320810 1391.3
1320820 1391.3
1320830 1387.5
1320840 1382.2
1320850 1382.2
1320860 1376.0
1320870 1369.9
1320880 1369.9
1320890 1366.3
1320900 1363.6
1320910 1363.6
1320920 1360.3
1320930 1356.3
1320940 1352.9
1320950 1352.9
1320960 1349.4
1320970 1345.0
1320980 1345.0
1320990 1341.6
1321000 1337.7
1321010 1337.7
1321020 1335.6
1321030 1331.4
1321040 1331.4
1321050 1325.8
1321060 1319.2
1321070 1319.2
1321080 1312.0
1321090 1306.5
1321100 1306.5
1321110 1302.5
1321120 1300.0
1321130 1300.0
1321140 1297.2
1321150 1293.5
1321160 1293.5
1321170 1290.0
1321180 1286.9
1321190 1284.6
1321200 1284.6
1321210 1282.6
1321220 1280.8
1321230 1280.8
1321240 1278.8
1321250 1276.6
1321260 1276.6
1321270 1274.3
1321280 1273.1
1321290 1273.1
1321300 1271.5
1321310 1269.2
1321320 1269.2
1321330 1266.8
1321340 1263.8
1321350 1263.8
1321360 1260.8
1321370 1257.9
1321380 1257.9
1321390 1255.4
1321400 1252.4
1321410 1252.4
1321420 1248.1
1321430 1243.7
1321440 1239.6
1321450 1239.6
1321460 1235.8
1321470 1232.1
1321480 1232.1
1321490 1227.7
1321500 1223.8
1321510 1223.8
1321520 1220.4
1321530 1216.3
1321540 1216.3
1321550 1211.3
1321560 1207.6
1321570 1207.6
1321580 1203.2
1321590 1197.8
1321600 1197.8
1321610 1192.4
1321620 1187.2
1321630 1187.2
1321640 1181.4
1321650 1176.2
1321660 1176.2
1321670 1171.9
1321680 1168.4
1321690 1168.4
1321700 1166.0
1321710 1163.9
1321720 1161.9
1321730 1161.9
1321740 1160.4
1321750 1158.7
1321760 1158.7
1321770 1156.1
1321780 1152.1
1321790 1152.1
1321800 1148.8
1321810 1143.2
1321820 1143.2
1321830 1138.4
1321840 1134.6
1321850 1134.6
1321860 1130.8
1321870 1126.9
1321880 1126.9
1321890 1122.6
1321900 1117.0
1321910 1117.0
1321920 1113.0
1321930 1109.9
1321940 1109.9
1321950 1104.6
1321960 1098.2
1321970 1092.5
1321980 1092.5
1321990 1088.0
1322000 1082.7
1322010 1082.7
1322020 1077.4
1322030 1072.6
1322040 1072.6
1322050 1068.3
1322060 1063.4
1322070 1063.4
1322080 1058.7
1322090 1054.0
1322100 1054.0
1322110 1048.7
1322120 1043.7
1322130 1043.7
1322140 1040.1
1322150 1036.4
1322160 1036.4
1322170 1033.6
1322180 1030.7
1322190 1030.7
1322200 1027.5
1322210 1022.2
1322220 1013.4
1322230 1013.4
1322240 1004.4
1322250 997.8
1322260 997.8
1322270 992.7
1322280 994.1
1322290 994.1
1322300 995.7
1322310 995.7
1322320 995.7
1322330 995.3
1322340 992.6
1322350 992.6
1322360 989.2
1322370 986.5
1322380 986.5
1322390 983.5
1322400 979.7
1322410 979.7
1322420 974.8
1322430 969.3
1322440 969.3
1322450 962.5
1322460 956.7
1322470 955.0
1322480 955.0
1322490 953.6
1322500 952.2
1322510 952.2
1322520 949.4
1322530 945.9
1322540 945.9
1322550 942.9
1322560 939.2
1322570 939.2
1322580 938.2
1322590 933.9
1322600 933.9
1322610 929.6
1322620 926.2
1322630 926.2
1322640 924.5
1322650 927.1
1322660 927.1
1322670 930.6
1322680 931.4
1322690 931.4
1322700 930.6
1322710 929.6
1322720 929.6
1322730 928.3
1322740 926.3
1322750 923.4
1322760 923.4
1322770 921.9
1322780 919.2
1322790 919.2
1322800 914.1
1322810 910.6
1322820 910.6
1322830 905.5
1322840 899.0
1322850 899.0
1322860 894.6
1322870 889.8
1322880 889.8
1322890 886.1
1322900 882.4
1322910 882.4
1322920 879.0
1322930 876.2
1322940 876.2
1322950 874.4
1322960 867.2
1322970 867.2
1322980 846.1
1322990 832.6
1323000 826.6
1323010 826.6
1323020 819.3
1323030 811.2
1323040 811.2
1323050 803.4
1323060 795.2
1323070 795.2
1323080 787.1
1323090 779.6
1323100 779.6
1323110 774.2
1323120 767.8
1323130 767.8
1323140 761.4
1323150 755.8
1323160 755.8
1323170 750.6
1323180 745.9
1323190 745.9
1323200 741.6
1323210 737.0
1323220 737.0
1323230 731.9
1323240 726.4
1323250 721.5
1323260 721.5
1323270 717.8
1323280 714.8
1323290 714.8
1323300 711.7
1323310 709.0
1323320 709.0
1323330 706.4
1323340 703.6
1323350 703.6
1323360 698.8
1323370 694.7
1323380 694.7
1323390 687.2
1323400 683.5
1323410 683.5
1323420 679.3
1323430 674.2
1323440 674.2
1323450 669.7
1323460 666.4
1323470 666.4
1323480 663.5
1323490 660.3
1323500 654.8
1323510 654.8
1323520 647.0
1323530 637.8
1323540 637.8
1323550 629.7
1323560 621.7
1323570 621.7
1323580 614.9
1323590 609.2
1323600 609.2
1323610 604.5
1323620 600.3
1323630 600.3
1323640 595.9
1323650 591.7
1323660 591.7
1323670 588.2
1323680 584.2
1323690 584.2
1323700 580.1
1323710 575.5
1323720 575.5
1323730 571.7
1323740 568.5
1323750 568.5
1323760 565.6
1323770 564.3
1323780 564.2
1323790 564.2
1323800 564.2
1323810 564.2
1323820 564.2
1323830 564.3
1323840 564.3
1323850 564.3
1323860 564.3
1323870 564.2
1323880 564.2
1323890 564.2
1323900 564.1
1323910 564.1
1323920 564.0
1323930 564.0
1323940 564.0
1323950 563.9
1323960 563.9
1323970 563.9
1323980 563.8
1323990 563.5
1324000 563.5
1324010 563.1
1324020 563.2
1324030 563.3
1324040 563.3
1324050 563.1
1324060 563.0
1324070 563.0
1324080 563.3
1324090 563.2
1324100 563.2
1324110 562.8
1324120 562.8
1324130 562.8
1324140 562.8
1324150 563.3
1324160 563.4
1324170 562.8
1324180 562.8
1324190 562.8
1324200 562.8
1324210 562.8
1324220 562.8
1324230 563.0
1324240 563.3
1324250 563.3
1324260 563.2
1324270 563.0
1324280 563.1
1324290 563.1
1324300 563.0
1324310 563.0
1324320 563.0
1324330 563.0
1324340 563.0
1324350 563.0
1324360 563.1
1324370 563.1
1324380 563.1
1324390 563.2
1324400 563.2
1324410 563.2
1324420 563.1
1324430 563.1
1324440 563.1
1324450 563.1
1324460 563.0
1324470 563.0
1324480 563.0
1324490 563.0
1324500 563.0
1324510 563.1
1324520 563.1
1324530 563.2
1324540 563.2
1324550 563.2
1324560 563.1
1324570 563.1
1324580 563.2
1324590 563.3
1324600 563.3
1324610 563.4
1324620 563.5
1324630 563.5
1324640 563.7
1324650 563.9
1324660 563.9
1324670 564.2
1324680 564.4
1324690 564.4
1324700 564.4
1324710 562.9
1324720 562.9
1324730 561.3
1324740 559.8
1324750 559.8
1324760 559.7
1324770 559.8
1324780 559.8
1324790 561.4
1324800 563.9
1324810 565.0
1324820 565.0
1324830 564.9
1324840 564.5
1324850 564.5
1324860 564.0
1324870 563.3
1324880 563.3
1324890 563.1
1324900 563.1
1324910 563.1
1324920 563.1
1324930 563.1
1324940 563.1
1324950 563.2
1324960 563.2
1324970 563.2
1324980 563.3
1324990 563.3
1325000 563.3
1325010 563.2
1325020 563.4
1325030 563.4
1325040 564.2
1325050 564.2
1325060 566.2
1325070 566.2
1325080 568.9
1325090 570.4
1325100 570.4
1325110 572.2
1325120 573.6
1325130 573.6
1325140 575.5
1325150 577.2
1325160 577.2
1325170 578.6
1325180 579.8
1325190 579.8
1325200 580.7
1325210 581.1
1325220 581.1
1325230 581.2
1325240 581.5
1325250 581.5
1325260 581.9
1325270 582.4
1325280 582.4
1325290 582.9
1325300 583.3
1325310 584.1
1325320 584.1
1325330 587.5
1325340 591.9
1325350 591.9
1325360 596.9
1325370 603.0
1325380 603.0
1325390 609.7
1325400 618.1
1325410 618.1
1325420 627.2
1325430 635.0
1325440 635.0
1325450 642.3
1325460 648.7
1325470 648.7
1325480 653.8
1325490 659.1
1325500 659.1
1325510 665.6
1325520 673.9
1325530 673.9
1325540 681.9
1325550 690.7
1325560 697.5
1325570 697.5
1325580 702.7
1325590 708.4
1325600 708.4
1325610 712.5
1325620 716.8
1325630 716.8
1325640 720.7
1325650 724.9
1325660 724.9
1325670 730.5
1325680 735.9
1325690 735.9
1325700 739.3
1325710 742.1
1325720 742.1
1325730 745.4
1325740 750.7
1325750 748.2
1325760 753.3
1325770 757.3
1325780 757.3
1325790 761.5
1325800 765.6
1325810 765.6
1325820 769.8
1325830 774.4
1325840 778.9
1325850 778.9
1325860 783.3
1325870 788.0
1325880 788.0
1325890 793.2
1325900 797.7
1325910 797.7
1325920 802.0
1325930 806.6
1325940 806.6
1325950 811.2
1325960 816.1
1325970 816.1
1325980 820.9
1325990 826.4
1326000 826.4
1326010 832.0
1326020 837.7
1326030 837.7
1326040 842.6
1326050 846.6
1326060 846.6
1326070 850.9
1326080 855.0
1326090 859.7
1326100 859.7
1326110 864.7
1326120 869.9
1326130 869.9
1326140 875.5
1326150 881.1
1326160 881.1
1326170 887.1
1326180 893.5
1326190 893.5
1326200 899.9
1326210 906.4
1326220 906.4
1326230 912.7
1326240 918.9
1326250 918.9
1326260 925.0
1326270 931.3
1326280 931.3
1326290 938.6
1326300 945.0
1326310 945.0
1326320 950.5
1326330 955.5
1326340 959.3
1326350 959.3
1326360 962.2
1326370 965.5
1326380 965.5
1326390 968.2
1326400 971.2
1326410 971.2
1326420 974.3
1326430 977.6
1326440 977.6
1326450 981.4
1326460 985.3
1326470 985.3
1326480 989.2
1326490 993.3
1326500 993.3
1326510 998.2
1326520 1001.6
1326530 1001.6
1326540 1005.2
1326550 1008.7
1326560 1006.6
1326570 1010.0
1326580 1013.1
1326590 1015.8
1326600 1015.8
1326610 1019.7
1326620 1023.9
1326630 1023.9
1326640 1027.2
1326650 1030.0
1326660 1030.0
1326670 1032.9
1326680 1036.1
1326690 1036.1
1326700 1039.1
1326710 1041.6
1326720 1041.6
1326730 1043.9
1326740 1046.1
1326750 1046.1
1326760 1049.5
1326770 1051.4
1326780 1051.4
1326790 1053.3
1326800 1055.5
1326810 1055.5
1326820 1058.0
1326830 1060.9
1326840 1060.9
1326850 1064.1
1326860 1067.8
1326870 1072.3
1326880 1072.3
1326890 1076.5
1326900 1080.8
1326910 1080.8
1326920 1086.1
1326930 1092.1
1326940 1092.1
1326950 1097.0
1326960 1102.1
1326970 1102.1
1326980 1107.5
1326990 1112.8
1327000 1112.8
1327010 1118.2
1327020 1123.6
1327030 1123.6
1327040 1128.7
1327050 1132.6
1327060 1132.6
1327070 1136.6
1327080 1140.6
1327090 1140.6
1327100 1144.5
1327110 1148.3
1327120 1152.7
1327130 1152.7
1327140 1157.4
1327150 1161.6
1327160 1161.6
1327170 1165.0
1327180 1168.2
1327190 1168.2
1327200 1171.6
1327210 1174.2
1327220 1174.2
1327230 1176.5
1327240 1178.2
1327250 1178.2
1327260 1179.2
1327270 1179.3
1327280 1179.3
1327290 1179.6
1327300 1184.3
1327310 1184.3
1327320 1188.8
1327330 1193.1
1327340 1193.1
1327350 1197.0
1327360 1199.8
1327370 1202.3
1327380 1202.3
1327390 1205.2
1327400 1209.6
1327410 1209.6
1327420 1214.7
1327430 1219.3
1327440 1219.3
1327450 1222.7
1327460 1229.2
1327470 1229.2
1327480 1235.4
1327490 1242.2
1327500 1242.2
1327510 1250.0
1327520 1257.1
1327530 1257.1
1327540 1262.0
1327550 1265.7
1327560 1265.7
1327570 1268.2
1327580 1271.8
1327590 1271.8
1327600 1276.1
1327610 1280.6
1327620 1284.9
1327630 1284.9
1327640 1288.3
1327650 1291.2
1327660 1291.2
1327670 1294.9
1327680 1298.7
1327690 1298.7
1327700 1302.0
1327710 1302.9
1327720 1302.9
1327730 1305.2
1327740 1309.2
1327750 1309.2
1327760 1313.1
1327770 1317.8
1327780 1317.8
1327790 1323.4
1327800 1329.7
1327810 1329.7
1327820 1335.2
1327830 1340.0
1327840 1340.0
1327850 1344.5
1327860 1348.1
1327870 1348.1
1327880 1350.6
1327890 1353.7
1327900 1357.4
1327910 1357.4
1327920 1361.2
1327930 1364.8
1327940 1364.8
1327950 1368.6
1327960 1373.5
1327970 1373.5
1327980 1377.1
1327990 1378.7
1328000 1378.7
1328010 1379.3
1328020 1381.1
1328030 1381.1
1328040 1383.2
1328050 1383.7
1328060 1383.7
1328070 1386.8
1328080 1391.9
1328090 1391.9
1328100 1396.6
1328110 1401.6
1328120 1401.6
1328130 1406.8
1328140 1411.1
1328150 1416.0
1328160 1416.0
1328170 1420.8
1328180 1423.8
1328190 1423.8
1328200 1428.4
1328210 1433.6
1328220 1433.6
1328230 1438.5
1328240 1443.9
1328250 1443.9
1328260 1448.7
1328270 1452.6
1328280 1452.6
1328290 1456.4
1328300 1460.4
1328310 1460.4
1328320 1464.0
1328330 1466.9
1328340 1466.9
1328350 1469.7
1328360 1472.4
1328370 1472.4
1328380 1475.5
1328390 1478.6
1328400 1481.7
1328410 1481.7
1328420 1484.9
1328430 1487.7
1328440 1487.7
1328450 1490.1
1328460 1493.1
1328470 1493.1
1328480 1496.1
1328490 1499.5
1328500 1499.5
1328510 1502.4
1328520 1505.2
1328530 1505.2
1328540 1507.8
1328550 1510.4
1328560 1510.4
1328570 1513.4
1328580 1516.6
1328590 1516.6
1328600 1519.6
1328610 1522.6
1328620 1522.6
1328630 1525.6
1328640 1528.4
1328650 1530.8
1328660 1530.8
1328670 1533.3
1328680 1535.4
1328690 1535.4
1328700 1537.4
1328710 1539.4
1328720 1539.4
1328730 1541.4
1328740 1543.4
1328750 1543.4
1328760 1545.7
1328770 1548.2
1328780 1548.2
1328790 1550.7
1328800 1553.5
1328810 1553.5
1328820 1556.7
1328830 1559.9
1328840 1559.9
1328850 1563.5
1328860 1567.6
1328870 1567.6
1328880 1571.2
1328890 1574.4
1328900 1574.4
1328910 1577.4
1328920 1579.9
1328930 1583.5
1328940 1583.5
1328950 1587.6
1328960 1592.3
1328970 1592.3
1328980 1596.5
1328990 1597.7
1329000 1597.7
1329010 1601.7
1329020 1605.4
1329030 1605.4
1329040 1608.1
1329050 1609.9
1329060 1609.9
1329070 1610.7
1329080 1611.2
1329090 1611.2
1329100 1612.0
1329110 1613.0
1329120 1613.0
1329130 1614.1
1329140 1615.2
1329150 1615.2
1329160 1616.8
1329170 1619.9
1329180 1623.2
1329190 1623.2
1329200 1626.2
1329210 1628.8
1329220 1628.8
1329230 1631.8
1329240 1635.3
1329250 1635.3
1329260 1640.8
1329270 1647.9
1329280 1647.9
1329290 1653.2
1329300 1658.2
1329310 1658.2
1329320 1663.8
1329330 1669.4
1329340 1669.4
1329350 1672.6
1329360 1674.6
1329370 1674.6
1329380 1676.8
1329390 1679.7
1329400 1679.7
1329410 1683.9
1329420 1688.9
1329430 1694.7
1329440 1694.7
1329450 1700.1
1329460 1705.2
1329470 1705.2
1329480 1710.1
1329490 1714.8
1329500 1714.8
1329510 1718.4
1329520 1722.2
1329530 1722.2
1329540 1726.7
1329550 1732.9
1329560 1732.9
1329570 1739.6
1329580 1746.5
1329590 1746.5
1329600 1752.3
1329610 1757.4
1329620 1757.4
1329630 1762.2
1329640 1766.1
1329650 1766.1
1329660 1769.0
1329670 1772.0
1329680 1772.0
1329690 1776.6
1329700 1780.9
1329710 1784.8
1329720 1784.8
1329730 1788.9
1329740 1792.5
1329750 1792.5
1329760 1796.9
1329770 1802.8
1329780 1802.8
1329790 1808.7
1329800 1813.3
1329810 1815.0
1329820 1818.5
1329830 1820.1
1329840 1820.1
1329850 1824.3
1329860 1829.5
1329870 1829.5
1329880 1835.3
1329890 1840.6
1329900 1840.6
1329910 1845.9
1329920 1850.4
1329930 1850.4
1329940 1850.7
1329950 1850.9
1329960 1852.3
1329970 1852.3
1329980 1851.9
1329990 1851.9
1330000 1851.9
1330010 1855.0
1330020 1860.0
1330030 1860.0
1330040 1866.0
1330050 1872.7
1330060 1872.7
1330070 1879.5
1330080 1886.0
1330090 1886.0
1330100 1890.0
1330110 1893.4
1330120 1893.4
1330130 1898.4
1330140 1903.4
1330150 1903.4
1330160 1908.0
1330170 1911.6
1330180 1911.6
1330190 1916.1
1330200 1919.9
1330210 1922.9
1330220 1922.9
1330230 1923.9
1330240 1922.5
1330250 1922.5
1330260 1922.9
1330270 1925.3
1330280 1925.3
1330290 1926.5
1330300 1925.5
1330310 1925.5
1330320 1923.1
1330330 1921.0
1330340 1921.0
1330350 1919.9
1330360 1920.3
1330370 1920.3
1330380 1921.2
1330390 1922.1
1330400 1922.1
1330410 1923.2
1330420 1923.6
1330430 1923.6
1330440 1925.2
1330450 1927.2
1330460 1929.2
1330470 1929.2
1330480 1931.9
1330490 1933.9
1330500 1933.9
1330510 1935.4
1330520 1937.6
1330530 1937.6
1330540 1942.3
1330550 1948.2
1330560 1948.2
1330570 1953.3
1330580 1957.4
1330590 1957.4
1330600 1958.4
1330610 1958.2
1330620 1958.2
1330630 1960.1
1330640 1963.6
1330650 1963.6
1330660 1966.6
1330670 1969.5
1330680 1969.5
1330690 1972.3
1330700 1972.9
1330710 1972.9
1330720 1973.5
1330730 1977.1
1330740 1983.1
1330750 1983.1
1330760 1987.0
1330770 1987.5
1330780 1987.5
1330790 1991.3
1330800 1997.2
1330810 1997.2
1330820 2003.5
1330830 2010.6
1330840 2010.6
1330850 2012.8
1330860 2013.9
1330870 2013.9
1330880 2015.6
1330890 2017.3
1330900 2017.3
1330910 2019.0
1330920 2020.5
1330930 2020.5
1330940 2020.3
1330950 2021.8
1330960 2021.8
1330970 2023.7
1330980 2025.8
1330990 2026.5
1331000 2026.5
1331010 2027.7
1331020 2028.3
1331030 2028.3
1331040 2029.1
1331050 2030.2
1331060 2030.2
1331070 2030.8
1331080 2031.7
1331090 2031.7
1331100 2032.5
1331110 2033.0
1331120 2033.0
1331130 2033.7
1331140 2033.5
1331150 2033.5
1331160 2031.9
1331170 2030.6
1331180 2030.6
1331190 2029.5
1331200 2028.5
1331210 2028.5
1331220 2029.0
1331230 2029.7
1331240 2030.5
1331250 2030.5
1331260 2033.7
1331270 2035.3
1331280 2035.3
1331290 2034.7
1331300 2034.4
1331310 2034.4
1331320 2035.2
1331330 2036.4
1331340 2036.4
1331350 2039.4
1331360 2043.8
1331370 2043.8
1331380 2047.0
1331390 2049.0
1331400 2049.0
1331410 2050.1
1331420 2051.1
1331430 2051.1
1331440 2053.0
1331450 2056.7
1331460 2056.7
1331470 2061.3
1331480 2064.5
1331490 2065.0
1331500 2065.0
1331510 2065.0
1331520 2065.5
1331530 2065.5
1331540 2066.6
1331550 2066.7
1331560 2066.7
1331570 2066.2
1331580 2065.2
1331590 2065.2
1331600 2065.8
1331610 2069.4
1331620 2069.4
1331630 2075.7
1331640 2080.6
1331650 2080.6
1331660 2085.4
1331670 2089.4
1331680 2089.4
1331690 2093.8
1331700 2095.7
1331710 2095.7
1331720 2097.2
1331730 2098.1
1331740 2098.1
1331750 2099.1
1331760 2100.6
1331770 2102.1
1331780 2102.1
1331790 2103.8
1331800 2105.4
1331810 2105.4
1331820 2106.7
1331830 2107.9
1331840 2107.9
1331850 2109.8
1331860 2112.4
1331870 2112.4
1331880 2114.7
1331890 2116.2
1331900 2116.2
1331910 2116.8
1331920 2116.9
1331930 2116.9
1331940 2116.9
1331950 2117.6
1331960 2117.6
1331970 2118.7
1331980 2119.8
1331990 2119.8
1332000 2120.6
1332010 2121.5
1332020 2122.2
1332030 2122.2
1332040 2123.6
1332050 2125.2
1332060 2125.2
1332070 2127.0
1332080 2129.1
1332090 2129.1
1332100 2131.8
1332110 2135.3
1332120 2135.3
1332130 2138.7
1332140 2142.8
1332150 2142.8
1332160 2148.2
1332170 2154.5
1332180 2154.5
1332190 2163.0
1332200 2171.3
1332210 2171.3
1332220 2175.4
1332230 2180.2
1332240 2180.2
1332250 2186.3
1332260 2192.7
1332270 2198.3
1332280 2198.3
1332290 2203.9
1332300 2209.5
1332310 2209.5
1332320 2214.5
1332330 2218.0
1332340 2218.0
1332350 2223.2
1332360 2229.7
1332370 2229.7
1332380 2235.5
1332390 2241.2
1332400 2241.2
1332410 2246.2
1332420 2249.3
1332430 2249.3
1332440 2250.5
1332450 2249.0
1332460 2249.0
1332470 2244.2
1332480 2239.5
1332490 2239.5
1332500 2236.7
1332510 2236.3
1332520 2236.7
1332530 2236.7
1332540 2238.0
1332550 2240.1
1332560 2240.1
1332570 2246.1
1332580 2253.0
1332590 2253.0
1332600 2260.5
1332610 2268.0
1332620 2268.0
1332630 2275.2
1332640 2283.0
1332650 2283.0
1332660 2288.9
1332670 2293.3
1332680 2293.3
1332690 2296.9
1332700 2300.3
1332710 2300.3
1332720 2304.5
1332730 2309.2
1332740 2309.2
1332750 2313.2
1332760 2318.4
1332770 2318.4
1332780 2324.6
1332790 2330.9
1332800 2337.5
1332810 2337.5
1332820 2344.7
1332830 2351.1
1332840 2351.1
1332850 2357.1
1332860 2363.4
1332870 2363.4
1332880 2369.4
1332890 2375.6
1332900 2375.6
1332910 2380.7
1332920 2384.8
1332930 2384.8
1332940 2389.9
1332950 2395.4
1332960 2395.4
1332970 2397.3
1332980 2401.8
1332990 2401.8
1333000 2407.4
1333010 2413.2
1333020 2413.2
1333030 2419.1
1333040 2425.5
1333050 2432.7
1333060 2432.7
1333070 2440.7
1333080 2448.2
1333090 2448.2
1333100 2455.9
1333110 2459.8
1333120 2459.8
1333130 2457.5
1333140 2454.8
1333150 2454.8
1333160 2446.8
1333170 2438.4
1333180 2438.4
1333190 2429.7
1333200 2420.6
1333210 2420.6
1333220 2412.7
1333230 2410.5
1333240 2410.5
1333250 2411.6
1333260 2410.7
1333270 2410.7
1333280 2405.2
1333290 2399.5
1333300 2389.7
1333310 2389.7
1333320 2381.4
1333330 2370.5
1333340 2370.5
1333350 2365.3
1333360 2362.5
1333370 2362.5
1333380 2358.7
1333390 2356.1
1333400 2356.1
1333410 2355.0
1333420 2354.8
1333430 2354.8
1333440 2354.8
1333450 2353.9
1333460 2353.9
1333470 2351.4
1333480 2347.4
1333490 2347.4
1333500 2343.5
1333510 2341.5
1333520 2341.5
1333530 2341.5
1333540 2340.3
1333550 2339.7
1333560 2339.7
1333570 2339.5
1333580 2339.5
1333590 2339.5
1333600 2339.7
1333610 2339.8
1333620 2339.8
1333630 2339.2
1333640 2338.8
1333650 2338.8
1333660 2338.6
1333670 2341.2
1333680 2341.2
1333690 2343.5
1333700 2341.4
1333710 2341.4
1333720 2340.0
1333730 2338.8
1333740 2338.8
1333750 2339.9
1333760 2341.1
1333770 2341.1
1333780 2341.8
1333790 2340.2
1333800 2340.2
1333810 2340.0
1333820 2340.7
1333830 2341.6
1333840 2341.6
1333850 2340.4
1333860 2338.7
1333870 2338.7
1333880 2338.3
1333890 2338.9
1333900 2338.9
1333910 2339.3
1333920 2339.7
1333930 2339.7
1333940 2339.2
1333950 2337.7
1333960 2337.7
1333970 2337.8
1333980 2339.6
1333990 2339.6
1334000 2339.3
1334010 2340.2
1334020 2340.2
1334030 2340.7
1334040 2342.7
1334050 2342.7
1334060 2345.9
1334070 2347.4
1334080 2347.7
1334090 2347.7
1334100 2348.6
1334110 2350.2
1334120 2350.2
1334130 2352.2
1334140 2352.5
1334150 2352.5
1334160 2351.2
1334170 2351.6
1334180 2351.6
1334190 2354.3
1334200 2356.4
1334210 2356.4
1334220 2357.4
1334230 2358.5
1334240 2358.5
1334250 2360.2
1334260 2362.5
1334270 2362.5
1334280 2364.6
1334290 2367.0
1334300 2367.0
1334310 2367.1
1334320 2365.7
1334330 2362.7
1334340 2362.7
1334350 2356.5
1334360 2348.1
1334370 2348.1
1334380 2344.0
1334390 2342.1
1334400 2342.1
1334410 2342.5
1334420 2339.5
1334430 2339.5
1334440 2335.9
1334450 2335.7
1334460 2335.7
1334470 2337.3
1334480 2339.8
1334490 2339.8
1334500 2341.0
1334510 2338.5
1334520 2338.5
1334530 2334.2
1334540 2331.3
1334550 2331.3
1334560 2328.3
1334570 2325.6
1334580 2317.1
1334590 2317.1
1334600 2309.1
1334610 2304.4
1334620 2304.4
1334630 2303.3
1334640 2302.5
1334650 2302.5
1334660 2302.0
1334670 2302.6
1334680 2302.6
1334690 2306.5
1334700 2310.7
1334710 2310.7
1334720 2313.3
1334730 2315.6
1334740 2315.6
1334750 2318.6
1334760 2320.4
1334770 2320.4
1334780 2318.2
1334790 2310.0
1334800 2310.0
1334810 2303.3
1334820 2300.4
1334830 2301.1
1334840 2298.6
1334850 2296.4
1334860 2294.6
1334870 2294.6
1334880 2294.1
1334890 2292.2
1334900 2292.2
1334910 2287.9
1334920 2284.4
1334930 2284.4
1334940 2282.4
1334950 2281.3
1334960 2281.3
1334970 2280.9
1334980 2281.5
1334990 2281.5
1335000 2281.2
1335010 2279.1
1335020 2279.1
1335030 2275.8
1335040 2272.6
1335050 2272.6
1335060 2269.6
1335070 2266.9
1335080 2266.9
1335090 2263.6
1335100 2260.2
1335110 2255.5
1335120 2255.5
1335130 2249.8
1335140 2245.8
1335150 2245.8
1335160 2241.9
1335170 2235.6
1335180 2235.6
1335190 2227.2
1335200 2220.1
1335210 2220.1
1335220 2215.6
1335230 2212.1
1335240 2212.1
1335250 2208.4
1335260 2204.9
1335270 2204.9
1335280 2201.4
1335290 2198.3
1335300 2198.3
1335310 2196.7
1335320 2195.6
1335330 2195.6
1335340 2194.7
1335350 2193.6
1335360 2189.9
1335370 2189.9
1335380 2186.3
1335390 2181.6
1335400 2181.6
1335410 2175.4
1335420 2166.4
1335430 2166.4
1335440 2160.6
1335450 2157.4
1335460 2157.4
1335470 2148.7
1335480 2142.5
1335490 2142.5
1335500 2139.2
1335510 2136.6
1335520 2136.6
1335530 2136.2
1335540 2135.7
1335550 2135.7
1335560 2134.1
1335570 2128.8
1335580 2128.8
1335590 2117.4
1335600 2110.8
1335610 2107.5
1335620 2107.5
1335630 2104.2
1335640 2098.9
1335650 2098.9
1335660 2091.6
1335670 2086.4
1335680 2087.5
1335690 2082.7
1335700 2078.6
1335710 2078.6
1335720 2075.5
1335730 2072.7
1335740 2072.7
1335750 2070.2
1335760 2069.0
1335770 2069.0
1335780 2067.6
1335790 2066.3
1335800 2066.3
1335810 2065.5
1335820 2064.8
1335830 2064.8
1335840 2064.9
1335850 2064.9
1335860 2064.9
1335870 2064.8
1335880 2065.4
1335890 2067.3
1335900 2067.3
1335910 2068.8
1335920 2071.3
1335930 2071.3
1335940 2073.7
1335950 2073.8
1335960 2073.8
1335970 2072.6
1335980 2070.9
1335990 2070.9
1336000 2070.2
1336010 2069.6
1336020 2069.6
1336030 2069.1
1336040 2064.8
1336050 2064.8
1336060 2061.3
1336070 2059.7
1336080 2059.7
1336090 2057.5
1336100 2055.3
1336110 2055.3
1336120 2053.5
1336130 2051.9
1336140 2050.8
1336150 2050.8
1336160 2049.5
1336170 2046.8
1336180 2046.8
1336190 2043.6
1336200 2042.0
1336210 2042.0
1336220 2040.2
1336230 2038.7
1336240 2038.7
1336250 2038.5
1336260 2039.2
1336270 2039.2
1336280 2038.2
1336290 2034.0
1336300 2034.0
1336310 2028.8
1336320 2023.2
1336330 2023.2
1336340 2018.5
1336350 2014.9
1336360 2014.9
1336370 2012.5
1336380 2008.0
1336390 2004.6
1336400 2004.6
1336410 2001.1
1336420 1998.2
1336430 1998.2
1336440 1995.7
1336450 1995.9
1336460 1995.9
1336470 1996.3
1336480 1996.7
1336490 1996.7
1336500 1995.9
1336510 1997.0
1336520 1997.0
1336530 1998.2
1336540 2003.3
1336550 2003.3
1336560 2002.9
1336570 2002.4
1336580 2002.4
1336590 2001.6
1336600 2002.7
1336610 2002.7
1336620 2003.7
1336630 2004.5
1336640 2004.1
1336650 2004.1
1336660 2003.1
1336670 2004.5
1336680 2004.5
1336690 2007.8
1336700 2012.6
1336710 2012.6
1336720 2016.6
1336730 2019.2
1336740 2019.2
1336750 2021.4
1336760 2024.1
1336770 2024.1
1336780 2025.0
1336790 2027.5
1336800 2027.5
1336810 2029.9
1336820 2034.6
1336830 2034.6
1336840 2037.9
1336850 2041.5
1336860 2041.5
1336870 2044.7
1336880 2048.2
1336890 2048.2
1336900 2050.4
1336910 2052.5
1336920 2052.9
1336930 2052.9
1336940 2054.2
1336950 2055.3
1336960 2055.3
1336970 2055.1
1336980 2056.8
1336990 2056.8
1337000 2060.2
1337010 2062.6
1337020 2062.6
1337030 2063.6
1337040 2063.2
1337050 2063.2
1337060 2062.3
1337070 2060.6
1337080 2060.6
1337090 2060.4
1337100 2060.4
1337110 2060.4
1337120 2059.9
1337130 2057.9
1337140 2057.9
1337150 2053.3
1337160 2048.0
1337170 2043.7
1337180 2043.7
1337190 2040.0
1337200 2037.8
1337210 2037.8
1337220 2033.7
1337230 2024.8
1337240 2024.8
1337250 2010.5
1337260 1994.4
1337270 1994.4
1337280 1985.7
1337290 1976.7
1337300 1976.7
1337310 1969.6
1337320 1964.9
1337330 1964.9
1337340 1959.6
1337350 1955.0
1337360 1955.0
1337370 1951.6
1337380 1948.2
1337390 1948.2
1337400 1936.7
1337410 1927.0
1337420 1920.8
1337430 1920.8
1337440 1915.4
1337450 1908.9
1337460 1908.9
1337470 1898.7
1337480 1890.4
1337490 1890.4
1337500 1883.4
1337510 1878.4
1337520 1878.4
1337530 1875.1
1337540 1871.2
1337550 1871.2
1337560 1868.9
1337570 1866.2
1337580 1866.2
1337590 1864.0
1337600 1863.5
1337610 1863.5
1337620 1863.5
1337630 1864.2
1337640 1864.2
1337650 1863.2
1337660 1862.5
1337670 1861.7
1337680 1861.7
1337690 1858.7
1337700 1856.8
1337710 1856.8
1337720 1855.0
1337730 1856.0
1337740 1856.0
1337750 1858.1
1337760 1861.9
1337770 1861.9
1337780 1864.9
1337790 1866.2
1337800 1866.2
1337810 1866.1
1337820 1864.9
1337830 1864.9
1337840 1864.4
1337850 1864.1
1337860 1864.1
1337870 1862.5
1337880 1859.9
1337890 1859.9
1337900 1858.0
1337910 1856.9
1337920 1856.9
1337930 1854.4
1337940 1850.7
1337950 1847.6
1337960 1847.6
1337970 1845.7
1337980 1844.0
1337990 1844.0
1338000 1841.6
1338010 1838.8
1338020 1838.8
1338030 1834.2
1338040 1829.9
1338050 1829.9
1338060 1824.4
1338070 1818.6
1338080 1818.6
1338090 1811.4
1338100 1804.9
1338110 1804.9
1338120 1802.7
1338130 1802.9
1338140 1802.9
1338150 1801.5
1338160 1797.2
1338170 1797.2
1338180 1793.2
1338190 1792.6
1338200 1792.7
1338210 1792.7
1338220 1792.2
1338230 1791.2
1338240 1791.2
1338250 1789.9
1338260 1789.2
1338270 1793.9
1338280 1793.7
1338290 1793.0
1338300 1793.0
1338310 1792.5
1338320 1791.8
1338330 1791.8
1338340 1790.6
1338350 1788.5
1338360 1788.5
1338370 1784.0
1338380 1778.8
1338390 1778.8
1338400 1776.3
1338410 1775.3
1338420 1775.3
1338430 1774.1
1338440 1772.3
1338450 1769.2
1338460 1769.2
1338470 1766.2
1338480 1764.1
1338490 1764.1
1338500 1761.3
1338510 1760.4
1338520 1760.4
1338530 1757.9
1338540 1757.9
1338550 1757.9
1338560 1757.6
1338570 1748.1
1338580 1748.1
1338590 1738.7
1338600 1735.5
1338610 1735.5
1338620 1734.3
1338630 1732.7
1338640 1732.7
1338650 1732.5
1338660 1732.4
1338670 1732.4
1338680 1731.2
1338690 1730.1
1338700 1728.1
1338710 1728.1
1338720 1725.7
1338730 1725.1
1338740 1725.1
1338750 1724.3
1338760 1723.3
1338770 1723.3
1338780 1723.4
1338790 1723.9
1338800 1723.9
1338810 1724.4
1338820 1723.3
1338830 1723.3
1338840 1722.4
1338850 1721.6
1338860 1721.6
1338870 1720.0
1338880 1717.2
1338890 1717.2
1338900 1713.6
1338910 1709.2
1338920 1709.2
1338930 1705.4
1338940 1701.0
1338950 1701.0
1338960 1692.3
1338970 1686.3
1338980 1684.2
1338990 1684.2
1339000 1684.2
1339010 1685.1
1339020 1685.1
1339030 1685.0
1339040 1684.4
1339050 1684.4
1339060 1685.3
1339070 1685.8
1339080 1685.8
1339090 1688.1
1339100 1690.1
1339110 1690.1
1339120 1687.8
1339130 1686.1
1339140 1678.9
1339150 1677.6
1339160 1671.9
1339170 1671.9
1339180 1664.7
1339190 1658.2
1339200 1658.2
1339210 1651.8
1339220 1647.7
1339230 1644.0
1339240 1644.0
1339250 1641.7
1339260 1641.7
1339270 1641.7
1339280 1644.0
1339290 1645.3
1339300 1645.3
1339310 1643.6
1339320 1639.5
1339330 1639.5
1339340 1637.4
1339350 1636.4
1339360 1636.4
1339370 1633.7
1339380 1631.2
1339390 1631.2
1339400 1627.5
1339410 1622.8
1339420 1622.8
1339430 1616.9
1339440 1615.0
1339450 1615.0
1339460 1612.0
1339470 1609.4
1339480 1608.1
1339490 1608.1
1339500 1605.6
1339510 1597.9
1339520 1597.9
1339530 1591.7
1339540 1589.9
1339550 1589.9
1339560 1592.1
1339570 1589.3
1339580 1589.3
1339590 1582.0
1339600 1576.5
1339610 1576.5
1339620 1573.6
1339630 1568.5
1339640 1568.5
1339650 1564.5
1339660 1559.8
1339670 1559.8
1339680 1560.5
1339690 1564.2
1339700 1564.2
1339710 1565.3
1339720 1564.3
1339730 1563.1
1339740 1563.1
1339750 1563.8
1339760 1565.8
1339770 1565.8
1339780 1567.9
1339790 1569.2
1339800 1569.2
1339810 1569.8
1339820 1570.8
1339830 1570.8
1339840 1571.9
1339850 1573.0
1339860 1573.0
1339870 1575.3
1339880 1577.8
1339890 1577.8
1339900 1580.2
1339910 1582.4
1339920 1582.4
1339930 1584.7
1339940 1588.4
1339950 1588.4
1339960 1593.1
1339970 1598.5
1339980 1598.5
1339990 1603.7
