1320000 1600.6
1320010 1597.4
1320020 1597.4
1320030 1591.9
1320040 1586.9
1320050 1586.9
1320060 1583.7
1320070 1580.5
1320080 1576.7
1320090 1576.7
1320100 1573.8
1320110 1571.9
1320120 1571.9
1320130 1570.0
1320140 1567.6
1320150 1567.6
1320160 1565.2
1320170 1561.9
1320180 1561.9
1320190 1555.5
1320200 1547.5
1320210 1547.5
1320220 1540.1
1320230 1533.4
1320240 1533.4
1320250 1527.3
1320260 1522.7
1320270 1526.7
1320280 1521.5
1320290 1516.9
1320300 1516.9
1320310 1510.7
1320320 1503.5
1320330 1497.4
1320340 1497.4
1320350 1492.2
1320360 1487.9
1320370 1487.9
1320380 1484.5
1320390 1480.5
1320400 1480.5
1320410 1476.9
1320420 1472.5
1320430 1472.5
1320440 1467.1
1320450 1461.1
1320460 1461.1
1320470 1455.5
1320480 1449.9
1320490 1449.9
1320500 1446.5
1320510 1441.0
1320520 1441.0
1320530 1434.1
1320540 1428.2
1320550 1428.2
1320560 1422.6
1320570 1416.9
1320580 1416.9
1320590 1411.6
1320600 1406.5
1320610 1399.6
1320620 1399.6
1320630 1393.3
1320640 1387.7
1320650 1387.7
1320660 1382.8
1320670 1378.5
1320680 1378.5
1320690 1373.7
1320700 1369.9
1320710 1369.9
1320720 1366.4
1320730 1361.7
1320740 1361.7
1320750 1355.9
1320760 1350.5
1320770 1350.5
1320780 1346.4
1320790 1341.6
1320800 1341.6
1320810 1337.1
1320820 1332.8
1320830 1332.8
1320840 1328.6
1320850 1323.8
1320860 1318.7
1320870 1318.7
1320880 1313.7
1320890 1307.6
1320900 1307.6
1320910 1303.1
1320920 1298.9
1320930 1298.9
1320940 1295.9
1320950 1294.3
1320960 1294.3
1320970 1293.2
1320980 1290.5
1320990 1290.5
1321000 1286.8
1321010 1282.1
1321020 1282.1
1321030 1275.8
1321040 1271.1
1321050 1271.1
1321060 1269.0
1321070 1265.9
1321080 1265.9
1321090 1262.3
1321100 1258.7
1321110 1255.3
1321120 1255.3
1321130 1251.8
1321140 1249.3
1321150 1249.3
1321160 1247.5
1321170 1246.2
1321180 1246.2
1321190 1245.2
1321200 1244.5
1321210 1244.5
1321220 1242.8
1321230 1240.6
1321240 1240.6
1321250 1238.3
1321260 1235.4
1321270 1235.4
1321280 1232.1
1321290 1229.2
1321300 1229.2
1321310 1227.4
1321320 1226.5
1321330 1226.5
1321340 1225.8
1321350 1224.0
1321360 1221.4
1321370 1221.4
1321380 1218.1
1321390 1215.1
1321400 1215.1
1321410 1212.1
1321420 1209.5
1321430 1209.5
1321440 1207.5
1321450 1204.2
1321460 1204.2
1321470 1200.3
1321480 1196.5
1321490 1196.5
1321500 1192.7
1321510 1188.1
1321520 1188.1
1321530 1183.1
1321540 1178.4
1321550 1178.4
1321560 1174.1
1321570 1169.3
1321580 1169.3
1321590 1164.0
1321600 1159.4
1321610 1159.4
1321620 1155.5
1321630 1151.6
1321640 1147.9
1321650 1147.9
1321660 1144.6
1321670 1141.4
1321680 1141.4
1321690 1138.3
1321700 1134.6
1321710 1134.6
1321720 1130.6
1321730 1126.4
1321740 1126.4
1321750 1122.3
1321760 1118.3
1321770 1118.3
1321780 1113.1
1321790 1107.2
1321800 1107.2
1321810 1103.5
1321820 1102.8
1321830 1102.8
1321840 1098.6
1321850 1093.7
1321860 1093.7
1321870 1088.3
1321880 1083.3
1321890 1078.5
1321900 1078.5
1321910 1073.0
1321920 1067.5
1321930 1067.5
1321940 1062.3
1321950 1057.4
1321960 1057.4
1321970 1053.3
1321980 1049.5
1321990 1049.5
1322000 1046.1
1322010 1042.2
1322020 1042.2
1322030 1037.5
1322040 1033.0
1322050 1033.0
1322060 1029.3
1322070 1025.6
1322080 1025.6
1322090 1023.1
1322100 1020.0
1322110 1020.0
1322120 1016.9
1322130 1011.9
1322140 1002.7
1322150 1002.7
1322160 994.3
1322170 986.5
1322180 986.5
1322190 980.3
1322200 975.7
1322210 975.7
1322220 971.1
1322230 965.1
1322240 965.1
1322250 959.6
1322260 954.9
1322270 954.9
1322280 951.7
1322290 949.7
1322300 949.7
1322310 947.9
1322320 944.9
1322330 944.9
1322340 940.3
1322350 935.7
1322360 935.7
1322370 930.6
1322380 925.6
1322390 925.6
1322400 921.4
1322410 918.0
1322420 914.7
1322430 914.7
1322440 910.4
1322450 907.0
1322460 907.0
1322470 903.7
1322480 901.2
1322490 901.2
1322500 899.1
1322510 893.8
1322520 893.8
1322530 887.3
1322540 881.9
1322550 881.9
1322560 877.1
1322570 871.4
1322580 871.4
1322590 866.3
1322600 861.8
1322610 861.0
1322620 855.5
1322630 849.4
1322640 849.4
1322650 843.5
1322660 836.8
1322670 829.7
1322680 829.7
1322690 821.9
1322700 814.1
1322710 814.1
1322720 811.2
1322730 809.3
1322740 809.3
1322750 804.9
1322760 800.7
1322770 800.7
1322780 793.3
1322790 785.8
1322800 785.8
1322810 779.5
1322820 773.9
1322830 773.9
1322840 768.9
1322850 764.2
1322860 764.2
1322870 761.2
1322880 758.4
1322890 758.4
1322900 755.9
1322910 754.5
1322920 753.7
1322930 753.7
1322940 752.9
1322950 751.1
1322960 751.1
1322970 748.4
1322980 744.8
1322990 744.8
1323000 741.0
1323010 737.7
1323020 737.7
1323030 734.1
1323040 730.5
1323050 730.5
1323060 726.3
1323070 721.7
1323080 721.7
1323090 716.3
1323100 711.4
1323110 711.4
1323120 707.2
1323130 702.8
1323140 702.8
1323150 698.2
1323160 692.9
1323170 687.0
1323180 687.0
1323190 679.9
1323200 673.2
1323210 673.2
1323220 667.6
1323230 662.6
1323240 662.6
1323250 657.8
1323260 653.2
1323270 653.2
1323280 648.6
1323290 644.6
1323300 644.6
1323310 640.7
1323320 636.6
1323330 636.6
1323340 633.5
1323350 630.0
1323360 630.0
1323370 627.1
1323380 624.5
1323390 624.5
1323400 621.5
1323410 619.1
1323420 619.1
1323430 617.2
1323440 614.9
1323450 612.3
1323460 612.3
1323470 609.5
1323480 606.9
1323490 606.9
1323500 604.3
1323510 602.0
1323520 602.0
1323530 600.4
1323540 598.0
1323550 598.0
1323560 595.2
1323570 593.1
1323580 593.1
1323590 590.3
1323600 587.4
1323610 587.4
1323620 584.9
1323630 582.6
1323640 582.6
1323650 580.2
1323660 577.5
1323670 577.5
1323680 574.9
1323690 573.1
1323700 572.2
1323710 572.2
1323720 571.7
1323730 571.1
1323740 571.1
1323750 569.9
1323760 567.1
1323770 567.1
1323780 564.3
1323790 563.8
1323800 563.8
1323810 563.7
1323820 563.9
1323830 563.9
1323840 563.8
1323850 563.6
1323860 563.6
1323870 563.5
1323880 563.4
1323890 563.4
1323900 563.3
1323910 563.3
1323920 563.3
1323930 563.3
1323940 563.3
1323950 563.2
1323960 563.2
1323970 563.1
1323980 563.1
1323990 563.1
1324000 563.5
1324010 563.4
1324020 563.4
1324030 563.4
1324040 563.4
1324050 563.4
1324060 563.2
1324070 563.3
1324080 563.3
1324090 563.3
1324100 563.3
1324110 563.3
1324120 562.8
1324130 562.8
1324140 562.8
1324150 562.8
1324160 562.8
1324170 562.8
1324180 562.8
1324190 562.8
1324200 563.0
1324210 563.0
1324220 563.1
1324230 563.1
1324240 563.1
1324250 563.0
1324260 562.9
1324270 562.9
1324280 563.2
1324290 563.4
1324300 563.4
1324310 563.1
1324320 563.1
1324330 563.1
1324340 563.0
1324350 563.1
1324360 563.1
1324370 563.3
1324380 563.2
1324390 563.2
1324400 563.2
1324410 563.2
1324420 563.2
1324430 563.2
1324440 563.2
1324450 563.2
1324460 563.3
1324470 563.4
1324480 563.5
1324490 563.5
1324500 563.5
1324510 562.0
1324520 562.0
1324530 559.4
1324540 559.1
1324550 559.1
1324560 559.2
1324570 560.5
1324580 560.5
1324590 561.8
1324600 562.2
1324610 562.2
1324620 563.7
1324630 564.3
1324640 564.3
1324650 563.7
1324660 563.5
1324670 563.5
1324680 563.3
1324690 563.2
1324700 563.2
1324710 563.1
1324720 563.0
1324730 562.9
1324740 562.9
1324750 562.8
1324760 562.4
1324770 562.4
1324780 562.8
1324790 563.1
1324800 563.1
1324810 563.1
1324820 562.7
1324830 562.7
1324840 562.7
1324850 562.7
1324860 562.7
1324870 562.7
1324880 562.7
1324890 562.7
1324900 562.7
1324910 562.8
1324920 562.8
1324930 562.9
1324940 563.4
1324950 563.4
1324960 564.0
1324970 564.3
1324980 564.2
1324990 564.2
1325000 564.3
1325010 564.5
1325020 564.5
1325030 564.5
1325040 564.3
1325050 564.3
1325060 564.3
1325070 565.0
1325080 565.0
1325090 566.1
1325100 567.1
1325110 567.1
1325120 568.1
1325130 569.0
1325140 569.0
1325150 569.5
1325160 569.9
1325170 569.9
1325180 570.4
1325190 570.8
1325200 570.8
1325210 573.4
1325220 578.6
1325230 584.7
1325240 584.7
1325250 591.9
1325260 601.5
1325270 601.5
1325280 611.2
1325290 619.4
1325300 619.4
1325310 627.0
1325320 634.1
1325330 634.1
1325340 641.3
1325350 648.1
1325360 648.1
1325370 654.0
1325380 659.1
1325390 659.1
1325400 664.0
1325410 669.1
1325420 669.1
1325430 674.3
1325440 679.8
1325450 679.8
1325460 686.3
1325470 691.0
1325480 691.0
1325490 694.8
1325500 698.3
1325510 701.4
1325520 701.4
1325530 706.0
1325540 710.8
1325550 710.8
1325560 715.1
1325570 718.7
1325580 718.7
1325590 722.1
1325600 725.8
1325610 725.8
1325620 729.7
1325630 733.9
1325640 733.9
1325650 738.1
1325660 742.6
1325670 742.6
1325680 747.3
1325690 753.3
1325700 753.3
1325710 759.5
1325720 766.7
1325730 766.7
1325740 773.6
1325750 778.7
1325760 782.5
1325770 782.5
1325780 785.6
1325790 790.0
1325800 790.0
1325810 795.6
1325820 802.2
1325830 802.2
1325840 809.6
1325850 816.4
1325860 816.4
1325870 823.0
1325880 828.8
1325890 828.8
1325900 833.3
1325910 838.0
1325920 838.0
1325930 842.7
1325940 847.7
1325950 847.7
1325960 853.0
1325970 859.9
1325980 859.9
1325990 866.0
1326000 871.3
1326010 876.9
1326020 876.9
1326030 882.9
1326040 889.7
1326050 889.7
1326060 896.5
1326070 903.7
1326080 903.7
1326090 911.1
1326100 918.2
1326110 918.2
1326120 924.8
1326130 931.2
1326140 931.2
1326150 937.9
1326160 944.3
1326170 944.3
1326180 950.1
1326190 955.9
1326200 955.9
1326210 962.4
1326220 969.5
1326230 969.5
1326240 975.1
1326250 978.0
1326260 978.0
1326270 979.8
1326280 981.8
1326290 984.4
1326300 984.4
1326310 987.3
1326320 990.5
1326330 990.5
1326340 996.4
1326350 1000.8
1326360 1000.8
1326370 1004.0
1326380 1007.5
1326390 1007.5
1326400 1011.0
1326410 1014.3
1326420 1014.3
1326430 1017.2
1326440 1019.7
1326450 1019.7
1326460 1022.6
1326470 1025.6
1326480 1025.6
1326490 1028.5
1326500 1032.1
1326510 1032.1
1326520 1036.1
1326530 1041.5
1326540 1045.7
1326550 1045.7
1326560 1048.8
1326570 1051.7
1326580 1051.7
1326590 1053.6
1326600 1057.2
1326610 1057.2
1326620 1060.0
1326630 1062.4
1326640 1062.4
1326650 1064.6
1326660 1066.4
1326670 1066.4
1326680 1068.1
1326690 1069.7
1326700 1069.7
1326710 1072.3
1326720 1076.5
1326730 1076.5
1326740 1080.9
1326750 1084.9
1326760 1084.9
1326770 1089.1
1326780 1094.0
1326790 1099.0
1326800 1099.0
1326810 1105.0
1326820 1111.0
1326830 1111.0
1326840 1117.6
1326850 1122.1
1326860 1122.1
1326870 1123.8
1326880 1127.0
1326890 1127.0
1326900 1130.8
1326910 1135.4
1326920 1135.4
1326930 1139.3
1326940 1142.7
1326950 1142.7
1326960 1145.9
1326970 1149.2
1326980 1149.2
1326990 1153.1
1327000 1157.2
1327010 1157.2
1327020 1161.6
1327030 1166.3
1327040 1170.8
1327050 1170.8
1327060 1174.6
1327070 1179.6
1327080 1179.6
1327090 1185.3
1327100 1190.7
1327110 1190.7
1327120 1196.0
1327130 1200.6
1327140 1200.6
1327150 1206.1
1327160 1210.9
1327170 1210.9
1327180 1214.7
1327190 1218.8
1327200 1218.8
1327210 1223.1
1327220 1226.8
1327230 1226.8
1327240 1230.3
1327250 1233.9
1327260 1233.9
1327270 1237.4
1327280 1241.7
1327290 1241.7
1327300 1246.8
1327310 1252.2
1327320 1257.0
1327330 1257.0
1327340 1261.6
1327350 1266.5
1327360 1266.5
1327370 1272.1
1327380 1277.7
1327390 1274.1
1327400 1278.2
1327410 1281.9
1327420 1281.9
1327430 1284.3
1327440 1286.1
1327450 1286.1
1327460 1288.8
1327470 1291.4
1327480 1291.4
1327490 1293.8
1327500 1296.6
1327510 1296.6
1327520 1300.1
1327530 1302.6
1327540 1302.6
1327550 1304.0
1327560 1305.9
1327570 1308.2
1327580 1308.2
1327590 1310.6
1327600 1312.8
1327610 1312.8
1327620 1315.0
1327630 1316.8
1327640 1316.8
1327650 1318.4
1327660 1320.4
1327670 1320.4
1327680 1323.1
1327690 1326.4
1327700 1326.4
1327710 1329.9
1327720 1333.7
1327730 1333.7
1327740 1337.9
1327750 1342.8
1327760 1342.8
1327770 1347.7
1327780 1353.6
1327790 1353.6
1327800 1358.7
1327810 1362.9
1327820 1365.6
1327830 1365.6
1327840 1369.1
1327850 1372.9
1327860 1372.9
1327870 1376.4
1327880 1379.5
1327890 1379.5
1327900 1383.0
1327910 1387.5
1327920 1387.5
1327930 1391.6
1327940 1394.1
1327950 1394.1
1327960 1397.2
1327970 1402.3
1327980 1402.3
1327990 1406.5
1328000 1410.3
1328010 1410.3
1328020 1413.4
1328030 1416.2
1328040 1416.2
1328050 1418.9
1328060 1421.8
1328070 1424.9
1328080 1424.9
1328090 1427.5
1328100 1429.9
1328110 1429.9
1328120 1433.4
1328130 1436.7
1328140 1436.7
1328150 1440.2
1328160 1443.6
1328170 1443.6
1328180 1446.5
1328190 1449.1
1328200 1446.5
1328210 1449.2
1328220 1452.0
1328230 1452.0
1328240 1455.1
1328250 1458.1
1328260 1458.1
1328270 1461.1
1328280 1463.8
1328290 1463.8
1328300 1467.4
1328310 1470.6
1328320 1470.6
1328330 1474.2
1328340 1477.2
1328350 1480.1
1328360 1480.1
1328370 1482.9
1328380 1486.2
1328390 1486.2
1328400 1490.2
1328410 1494.0
1328420 1494.0
1328430 1497.8
1328440 1502.0
1328450 1502.0
1328460 1505.3
1328470 1509.4
1328480 1509.4
1328490 1513.2
1328500 1516.9
1328510 1516.9
1328520 1520.3
1328530 1523.5
1328540 1523.5
1328550 1526.4
1328560 1529.0
1328570 1529.0
1328580 1532.1
1328590 1535.0
1328600 1537.9
1328610 1537.9
1328620 1541.4
1328630 1545.3
1328640 1545.3
1328650 1549.4
1328660 1553.5
1328670 1553.5
1328680 1557.8
1328690 1562.2
1328700 1562.2
1328710 1566.1
1328720 1569.3
1328730 1569.3
1328740 1571.8
1328750 1573.9
1328760 1573.9
1328770 1576.4
1328780 1579.2
1328790 1579.2
1328800 1582.0
1328810 1585.5
1328820 1585.5
1328830 1588.9
1328840 1592.1
1328850 1595.4
1328860 1595.4
1328870 1598.1
1328880 1599.8
1328890 1599.8
1328900 1602.5
1328910 1606.0
1328920 1606.0
1328930 1609.9
1328940 1614.2
1328950 1614.2
1328960 1618.5
1328970 1621.6
1328980 1621.6
1328990 1623.8
1329000 1626.0
1329010 1626.0
1329020 1627.2
1329030 1630.7
1329040 1630.7
1329050 1634.2
1329060 1638.5
1329070 1638.5
1329080 1640.3
1329090 1644.6
1329100 1644.6
1329110 1648.3
1329120 1651.3
1329130 1654.2
1329140 1654.2
1329150 1656.6
1329160 1659.0
1329170 1659.0
1329180 1661.7
1329190 1664.5
1329200 1664.5
1329210 1666.7
1329220 1669.0
1329230 1669.0
1329240 1673.1
1329250 1677.4
1329260 1677.4
1329270 1681.4
1329280 1686.6
1329290 1686.6
1329300 1690.7
1329310 1693.3
1329320 1693.3
1329330 1697.1
1329340 1701.1
1329350 1701.1
1329360 1704.5
1329370 1707.6
1329380 1710.7
1329390 1710.7
1329400 1713.6
1329410 1716.4
1329420 1716.4
1329430 1719.3
1329440 1722.9
1329450 1722.9
1329460 1726.6
1329470 1730.6
1329480 1730.6
1329490 1734.8
1329500 1738.9
1329510 1738.9
1329520 1743.0
1329530 1747.1
1329540 1747.1
1329550 1751.1
1329560 1754.9
1329570 1754.9
1329580 1758.7
1329590 1762.6
1329600 1762.6
1329610 1766.2
1329620 1769.3
1329630 1772.1
1329640 1772.1
1329650 1774.4
1329660 1776.3
1329670 1776.3
1329680 1778.6
1329690 1781.3
1329700 1781.3
1329710 1783.4
1329720 1786.2
1329730 1786.2
1329740 1789.3
1329750 1790.2
1329760 1790.2
1329770 1791.3
1329780 1792.6
1329790 1792.6
1329800 1792.2
1329810 1792.2
1329820 1792.2
1329830 1793.6
1329840 1797.9
1329850 1797.9
1329860 1799.8
1329870 1801.6
1329880 1803.7
1329890 1803.7
1329900 1805.5
1329910 1808.2
1329920 1808.2
1329930 1810.2
1329940 1812.8
1329950 1812.8
1329960 1814.7
1329970 1816.7
1329980 1816.7
1329990 1819.2
1330000 1821.0
1330010 1821.0
1330020 1822.7
1330030 1825.4
1330040 1825.4
1330050 1830.0
1330060 1833.5
1330070 1833.5
1330080 1836.0
1330090 1838.2
1330100 1838.2
1330110 1839.8
1330120 1841.2
1330130 1841.2
1330140 1843.2
1330150 1845.4
1330160 1848.2
1330170 1848.2
1330180 1851.7
1330190 1855.6
1330200 1855.6
1330210 1859.6
1330220 1861.7
1330230 1861.7
1330240 1861.7
1330250 1862.2
1330260 1862.2
1330270 1862.4
1330280 1863.0
1330290 1863.0
1330300 1863.6
1330310 1866.2
1330320 1866.2
1330330 1868.6
1330340 1871.4
1330350 1871.4
1330360 1873.1
1330370 1874.7
1330380 1874.7
1330390 1876.9
1330400 1878.5
1330410 1880.3
1330420 1880.3
1330430 1882.7
1330440 1886.3
1330450 1886.3
1330460 1888.2
1330470 1891.3
1330480 1891.3
1330490 1894.7
1330500 1897.3
1330510 1897.3
1330520 1898.7
1330530 1899.4
1330540 1899.4
1330550 1902.5
1330560 1905.1
1330570 1905.1
1330580 1907.3
1330590 1908.7
1330600 1908.7
1330610 1910.5
1330620 1912.4
1330630 1912.4
1330640 1912.9
1330650 1912.0
1330660 1911.6
1330670 1914.5
1330680 1915.5
1330690 1915.4
1330700 1915.4
1330710 1915.2
1330720 1914.8
1330730 1914.8
1330740 1913.7
1330750 1912.8
1330760 1912.8
1330770 1912.8
1330780 1913.5
1330790 1913.5
1330800 1913.2
1330810 1912.9
1330820 1912.9
1330830 1913.7
1330840 1915.6
1330850 1915.6
1330860 1917.3
1330870 1918.1
1330880 1918.1
1330890 1918.5
1330900 1918.9
1330910 1918.9
1330920 1918.8
1330930 1919.8
1330940 1922.4
1330950 1922.4
1330960 1925.1
1330970 1927.5
1330980 1927.5
1330990 1929.6
1331000 1931.2
1331010 1931.2
1331020 1932.6
1331030 1933.4
1331040 1933.4
1331050 1933.8
1331060 1932.6
1331070 1932.6
1331080 1930.2
1331090 1934.8
1331100 1934.8
1331110 1937.9
1331120 1940.3
1331130 1940.3
1331140 1943.4
1331150 1947.0
1331160 1947.0
1331170 1951.1
1331180 1956.4
1331190 1961.8
1331200 1961.8
1331210 1967.1
1331220 1972.2
1331230 1972.2
1331240 1977.3
1331250 1981.8
1331260 1981.8
1331270 1986.2
1331280 1991.2
1331290 1991.2
1331300 1996.1
1331310 2001.1
1331320 2001.1
1331330 2005.7
1331340 2009.6
1331350 2009.6
1331360 2013.7
1331370 2018.2
1331380 2018.2
1331390 2023.8
1331400 2030.0
1331410 2030.0
1331420 2035.2
1331430 2039.2
1331440 2041.1
1331450 2041.1
1331460 2042.3
1331470 2044.0
1331480 2044.0
1331490 2047.3
1331500 2046.4
1331510 2046.4
1331520 2049.8
1331530 2053.6
1331540 2053.6
1331550 2058.3
1331560 2063.2
1331570 2063.2
1331580 2068.2
1331590 2073.6
1331600 2073.6
1331610 2078.2
1331620 2083.4
1331630 2083.4
1331640 2089.0
1331650 2094.6
1331660 2094.6
1331670 2099.6
1331680 2103.7
1331690 2107.3
1331700 2107.3
1331710 2110.3
1331720 2113.5
1331730 2113.5
1331740 2117.7
1331750 2122.3
1331760 2122.3
1331770 2127.4
1331780 2132.5
1331790 2132.5
1331800 2136.6
1331810 2140.0
1331820 2140.0
1331830 2142.9
1331840 2145.2
1331850 2145.2
1331860 2148.1
1331870 2151.4
1331880 2151.4
1331890 2154.3
1331900 2158.0
1331910 2158.0
1331920 2162.7
1331930 2166.1
1331940 2166.1
1331950 2166.8
1331960 2166.7
1331970 2166.1
1331980 2166.1
1331990 2164.8
1332000 2164.6
1332010 2164.6
1332020 2163.2
1332030 2161.3
1332040 2161.3
1332050 2160.3
1332060 2163.2
1332070 2163.2
1332080 2166.8
1332090 2170.7
1332100 2170.7
1332110 2174.8
1332120 2177.5
1332130 2177.5
1332140 2178.4
1332150 2178.4
1332160 2178.4
1332170 2179.7
1332180 2182.1
1332190 2182.1
1332200 2184.4
1332210 2185.7
1332220 2185.1
1332230 2185.1
1332240 2182.9
1332250 2179.8
1332260 2179.8
1332270 2177.2
1332280 2176.5
1332290 2176.5
1332300 2176.9
1332310 2177.2
1332320 2177.2
1332330 2180.7
1332340 2181.3
1332350 2181.3
1332360 2185.4
1332370 2192.3
1332380 2192.3
1332390 2200.5
1332400 2208.4
1332410 2208.4
1332420 2215.6
1332430 2220.3
1332440 2220.3
1332450 2224.3
1332460 2228.2
1332470 2231.3
1332480 2231.3
1332490 2234.2
1332500 2237.4
1332510 2237.4
1332520 2243.2
1332530 2250.5
1332540 2250.5
1332550 2257.9
1332560 2265.8
1332570 2265.8
1332580 2274.6
1332590 2281.9
1332600 2281.9
1332610 2287.7
1332620 2293.3
1332630 2293.3
1332640 2299.7
1332650 2304.8
1332660 2304.8
1332670 2309.9
1332680 2314.5
1332690 2314.5
1332700 2319.0
1332710 2323.5
1332720 2329.6
1332730 2329.6
1332740 2336.1
1332750 2342.1
1332760 2342.1
1332770 2347.9
1332780 2354.9
1332790 2354.9
1332800 2361.4
1332810 2366.3
1332820 2366.3
1332830 2371.4
1332840 2377.1
1332850 2377.1
1332860 2382.5
1332870 2389.4
1332880 2389.4
1332890 2395.8
1332900 2404.1
1332910 2404.1
1332920 2414.5
1332930 2422.2
1332940 2422.2
1332950 2428.5
1332960 2437.1
1332970 2437.1
1332980 2447.6
1332990 2454.2
1333000 2459.0
1333010 2459.0
1333020 2460.8
1333030 2460.2
1333040 2460.2
1333050 2459.8
1333060 2459.6
1333070 2459.6
1333080 2458.5
1333090 2456.3
1333100 2456.3
1333110 2454.2
1333120 2451.5
1333130 2451.5
1333140 2448.1
1333150 2443.0
1333160 2443.0
1333170 2441.1
1333180 2434.8
1333190 2434.8
1333200 2429.6
1333210 2424.3
1333220 2424.3
1333230 2420.4
1333240 2414.4
1333250 2410.9
1333260 2410.9
1333270 2408.4
1333280 2398.9
1333290 2398.9
1333300 2388.0
1333310 2380.7
1333320 2380.7
1333330 2370.2
1333340 2361.8
1333350 2361.8
1333360 2354.9
1333370 2340.3
1333380 2340.3
1333390 2328.9
1333400 2320.9
1333410 2320.9
1333420 2314.5
1333430 2310.0
1333440 2310.0
1333450 2305.5
1333460 2301.7
1333470 2301.7
1333480 2298.3
1333490 2296.1
1333500 2294.9
1333510 2294.9
1333520 2294.2
1333530 2293.5
1333540 2293.5
1333550 2292.9
1333560 2292.6
1333570 2292.6
1333580 2292.6
1333590 2293.7
1333600 2293.7
1333610 2294.8
1333620 2295.3
1333630 2295.3
1333640 2295.9
1333650 2296.1
1333660 2296.1
1333670 2296.8
1333680 2297.4
1333690 2297.4
1333700 2297.1
1333710 2296.4
1333720 2296.4
1333730 2295.9
1333740 2296.3
1333750 2296.3
1333760 2296.8
1333770 2296.9
1333780 2297.5
1333790 2297.5
1333800 2299.1
1333810 2300.8
1333820 2300.8
1333830 2302.2
1333840 2303.4
1333850 2303.4
1333860 2304.9
1333870 2305.1
1333880 2305.1
1333890 2302.2
1333900 2299.5
1333910 2299.5
1333920 2298.2
1333930 2296.9
1333940 2296.9
1333950 2295.5
1333960 2294.8
1333970 2294.8
1333980 2295.0
1333990 2295.1
1334000 2295.1
1334010 2296.7
1334020 2296.1
1334030 2297.5
1334040 2297.5
1334050 2298.3
1334060 2298.9
1334070 2298.9
1334080 2298.6
1334090 2297.3
1334100 2297.3
1334110 2295.2
1334120 2293.8
1334130 2293.8
1334140 2293.9
1334150 2293.8
1334160 2293.8
1334170 2293.9
1334180 2294.0
1334190 2294.0
1334200 2293.5
1334210 2292.0
1334220 2292.0
1334230 2290.6
1334240 2289.4
1334250 2289.4
1334260 2288.4
1334270 2287.3
1334280 2286.3
1334290 2286.3
1334300 2285.3
1334310 2284.0
1334320 2284.0
1334330 2282.9
1334340 2281.9
1334350 2281.9
1334360 2280.5
1334370 2279.5
1334380 2279.5
1334390 2280.0
1334400 2281.5
1334410 2281.5
1334420 2282.3
1334430 2280.2
1334440 2280.2
1334450 2277.1
1334460 2272.2
1334470 2272.2
1334480 2270.1
1334490 2268.5
1334500 2268.5
1334510 2267.7
1334520 2267.5
1334530 2266.2
1334540 2266.2
1334550 2264.2
1334560 2262.5
1334570 2262.5
1334580 2261.5
1334590 2261.0
1334600 2261.0
1334610 2260.9
1334620 2260.4
1334630 2260.4
1334640 2259.9
1334650 2259.6
1334660 2259.6
1334670 2259.2
1334680 2258.6
1334690 2258.6
1334700 2257.4
1334710 2256.9
1334720 2256.9
1334730 2256.9
1334740 2257.0
1334750 2257.0
1334760 2256.7
1334770 2256.3
1334780 2256.3
1334790 2256.4
1334800 2256.6
1334810 2255.8
1334820 2255.8
1334830 2253.0
1334840 2251.4
1334850 2251.4
1334860 2254.3
1334870 2252.6
1334880 2252.6
1334890 2248.8
1334900 2247.5
1334910 2247.5
1334920 2246.4
1334930 2244.3
1334940 2244.3
1334950 2242.2
1334960 2240.4
1334970 2240.4
1334980 2239.8
1334990 2238.8
1335000 2238.8
1335010 2239.3
1335020 2239.6
1335030 2239.6
1335040 2236.3
1335050 2227.2
1335060 2219.5
1335070 2219.5
1335080 2216.3
1335090 2213.9
1335100 2213.9
1335110 2210.2
1335120 2208.5
1335130 2208.5
1335140 2208.9
1335150 2210.8
1335160 2210.8
1335170 2213.4
1335180 2214.3
1335190 2214.3
1335200 2214.7
1335210 2213.8
1335220 2213.8
1335230 2209.0
1335240 2202.4
1335250 2202.4
1335260 2202.7
1335270 2202.9
1335280 2202.9
1335290 2198.8
1335300 2194.1
1335310 2190.0
1335320 2190.0
1335330 2189.2
1335340 2191.2
1335350 2191.2
1335360 2194.3
1335370 2197.3
1335380 2197.3
1335390 2199.3
1335400 2200.7
1335410 2200.7
1335420 2200.2
1335430 2197.2
1335440 2197.2
1335450 2191.7
1335460 2186.5
1335470 2186.5
1335480 2175.7
1335490 2165.8
1335500 2165.8
1335510 2156.6
1335520 2148.1
1335530 2148.1
1335540 2140.8
1335550 2134.2
1335560 2129.6
1335570 2129.6
1335580 2127.2
1335590 2124.2
1335600 2124.2
1335610 2116.7
1335620 2105.6
1335630 2105.6
1335640 2097.4
1335650 2089.5
1335660 2089.5
1335670 2082.5
1335680 2076.6
1335690 2076.6
1335700 2072.1
1335710 2067.2
1335720 2067.2
1335730 2064.8
1335740 2063.1
1335750 2063.1
1335760 2062.2
1335770 2061.5
1335780 2061.5
1335790 2060.5
1335800 2059.1
1335810 2059.1
1335820 2057.5
1335830 2055.4
1335840 2054.1
1335850 2054.1
1335860 2053.9
1335870 2053.3
1335880 2053.3
1335890 2051.4
1335900 2050.5
1335910 2050.5
1335920 2050.3
1335930 2050.7
1335940 2050.7
1335950 2051.0
1335960 2052.5
1335970 2052.5
1335980 2054.1
1335990 2054.8
1336000 2054.8
1336010 2056.1
1336020 2056.9
1336030 2056.9
1336040 2055.7
1336050 2052.9
1336060 2052.9
1336070 2047.8
1336080 2043.1
1336090 2040.0
1336100 2040.0
1336110 2036.8
1336120 2034.6
1336130 2034.6
1336140 2028.6
1336150 2019.0
1336160 2019.0
1336170 2011.5
1336180 2006.3
1336190 2006.3
1336200 2004.0
1336210 2002.0
1336220 2002.0
1336230 1999.7
1336240 1996.7
1336250 1996.7
1336260 1994.3
1336270 1992.4
1336280 1992.4
1336290 1991.5
1336300 1990.4
1336310 1990.4
1336320 1988.2
1336330 1982.1
1336340 1975.9
1336350 1975.9
1336360 1972.2
1336370 1969.0
1336380 1969.0
1336390 1966.5
1336400 1963.7
1336410 1963.7
1336420 1960.9
1336430 1957.9
1336440 1957.9
1336450 1954.6
1336460 1951.5
1336470 1951.5
1336480 1950.2
1336490 1949.8
1336500 1949.8
1336510 1948.9
1336520 1948.0
1336530 1948.0
1336540 1947.3
1336550 1946.8
1336560 1946.8
1336570 1945.8
1336580 1944.7
1336590 1944.7
1336600 1943.7
1336610 1943.8
1336620 1943.9
1336630 1943.9
1336640 1944.0
1336650 1943.9
1336660 1943.9
1336670 1943.7
1336680 1943.2
1336690 1943.2
1336700 1942.7
1336710 1942.5
1336720 1942.5
1336730 1942.0
1336740 1941.2
1336750 1941.2
1336760 1940.8
1336770 1940.3
1336780 1940.3
1336790 1939.9
1336800 1939.4
1336810 1939.4
1336820 1939.0
1336830 1938.9
1336840 1938.9
1336850 1938.7
1336860 1938.6
1336870 1938.7
1336880 1938.7
1336890 1938.5
1336900 1938.3
1336910 1938.3
1336920 1938.1
1336930 1937.9
1336940 1937.9
1336950 1937.7
1336960 1937.9
1336970 1937.9
1336980 1941.8
1336990 1947.4
1337000 1947.4
1337010 1950.5
1337020 1951.8
1337030 1951.8
1337040 1953.2
1337050 1954.2
1337060 1954.2
1337070 1954.9
1337080 1957.2
1337090 1957.2
1337100 1958.9
1337110 1960.1
1337120 1959.3
1337130 1959.3
1337140 1955.5
1337150 1952.5
1337160 1952.5
1337170 1952.4
1337180 1952.1
1337190 1952.1
1337200 1952.4
1337210 1950.7
1337220 1950.7
1337230 1947.9
1337240 1944.6
1337250 1944.6
1337260 1940.8
1337270 1939.0
1337280 1939.0
1337290 1937.4
1337300 1935.3
1337310 1935.3
1337320 1934.9
1337330 1936.2
1337340 1936.2
1337350 1937.5
1337360 1939.1
1337370 1940.0
1337380 1940.0
1337390 1940.6
1337400 1941.8
1337410 1941.8
1337420 1943.9
1337430 1951.5
1337440 1951.5
1337450 1953.0
1337460 1954.0
1337470 1954.0
1337480 1955.5
1337490 1956.8
1337500 1956.8
1337510 1958.3
1337520 1959.7
1337530 1959.7
1337540 1959.8
1337550 1958.2
1337560 1958.2
1337570 1955.1
1337580 1950.7
1337590 1950.7
1337600 1948.4
1337610 1943.2
1337620 1943.2
1337630 1937.4
1337640 1938.2
1337650 1939.3
1337660 1939.3
1337670 1937.1
1337680 1934.5
1337690 1934.5
1337700 1931.6
1337710 1928.3
1337720 1928.3
1337730 1921.9
1337740 1916.8
1337750 1916.8
1337760 1914.4
1337770 1910.8
1337780 1910.8
1337790 1908.1
1337800 1905.5
1337810 1905.5
1337820 1900.5
1337830 1893.9
1337840 1893.9
1337850 1887.2
1337860 1880.3
1337870 1880.3
1337880 1872.9
1337890 1866.6
1337900 1849.6
1337910 1849.6
1337920 1830.8
1337930 1820.8
1337940 1820.8
1337950 1811.5
1337960 1803.8
1337970 1803.8
1337980 1797.8
1337990 1794.0
1338000 1794.0
1338010 1791.1
1338020 1789.2
1338030 1789.2
1338040 1787.8
1338050 1787.4
1338060 1787.4
1338070 1786.0
1338080 1784.9
1338090 1784.9
1338100 1782.2
1338110 1777.2
1338120 1777.2
1338130 1774.5
1338140 1773.4
1338150 1773.3
1338160 1773.3
1338170 1773.0
1338180 1773.4
1338190 1773.4
1338200 1774.2
1338210 1774.9
1338220 1774.9
1338230 1774.9
1338240 1774.9
1338250 1774.9
1338260 1775.6
1338270 1780.1
1338280 1780.1
1338290 1784.4
1338300 1775.9
1338310 1775.9
1338320 1782.4
1338330 1783.9
1338340 1783.9
1338350 1781.6
1338360 1782.9
1338370 1782.9
1338380 1784.8
1338390 1783.7
1338400 1790.9
1338410 1790.9
1338420 1800.1
1338430 1802.7
1338440 1802.7
1338450 1799.4
1338460 1789.0
1338470 1789.0
1338480 1780.1
1338490 1772.1
1338500 1772.1
1338510 1768.6
1338520 1765.5
1338530 1765.5
1338540 1757.3
1338550 1751.1
1338560 1751.1
1338570 1744.5
1338580 1741.7
1338590 1741.7
1338600 1743.4
1338610 1745.4
1338620 1745.4
1338630 1747.5
1338640 1749.6
1338650 1749.6
1338660 1750.5
1338670 1750.1
1338680 1748.0
1338690 1748.0
1338700 1745.4
1338710 1741.5
1338720 1741.5
1338730 1739.8
1338740 1737.8
1338750 1737.8
1338760 1735.5
1338770 1724.3
1338780 1724.3
1338790 1716.7
1338800 1713.8
1338810 1713.8
1338820 1712.8
1338830 1708.2
1338840 1708.2
1338850 1702.6
1338860 1694.1
1338870 1694.1
1338880 1683.8
1338890 1668.5
1338900 1668.5
1338910 1661.3
1338920 1660.9
1338930 1660.9
1338940 1660.9
1338950 1661.7
1338960 1663.2
1338970 1663.2
1338980 1665.7
1338990 1667.5
1339000 1667.5
1339010 1669.0
1339020 1670.6
1339030 1670.6
1339040 1671.8
1339050 1673.1
1339060 1673.1
1339070 1675.0
1339080 1677.0
1339090 1677.0
1339100 1680.0
1339110 1684.0
1339120 1684.0
1339130 1687.7
1339140 1690.9
1339150 1690.9
1339160 1693.5
1339170 1695.8
1339180 1693.1
1339190 1693.1
1339200 1695.4
1339210 1697.4
1339220 1697.4
1339230 1698.7
1339240 1699.5
1339250 1699.5
1339260 1699.4
1339270 1699.7
1339280 1699.7
1339290 1700.0
1339300 1701.3
1339310 1701.3
1339320 1703.0
1339330 1704.4
1339340 1704.4
1339350 1704.9
1339360 1704.6
1339370 1704.6
1339380 1702.6
1339390 1700.4
1339400 1700.4
1339410 1698.5
1339420 1696.8
1339430 1692.6
1339440 1692.6
1339450 1688.7
1339460 1686.5
1339470 1686.5
1339480 1685.8
1339490 1684.6
1339500 1684.6
1339510 1683.4
1339520 1682.8
1339530 1682.8
1339540 1681.7
1339550 1680.7
1339560 1680.7
1339570 1679.1
1339580 1677.4
1339590 1677.4
1339600 1675.4
1339610 1673.4
1339620 1673.4
1339630 1672.7
1339640 1670.9
1339650 1670.9
1339660 1666.4
1339670 1663.3
1339680 1663.3
1339690 1662.8
1339700 1663.4
1339710 1666.2
1339720 1666.2
1339730 1668.7
1339740 1671.5
1339750 1671.5
1339760 1670.9
1339770 1670.6
1339780 1670.6
1339790 1671.7
1339800 1673.3
1339810 1673.3
1339820 1675.6
1339830 1678.3
1339840 1678.3
1339850 1681.7
1339860 1685.7
1339870 1685.7
1339880 1688.9
1339890 1693.8
1339900 1693.8
1339910 1698.8
1339920 1703.7
1339930 1703.7
1339940 1707.8
1339950 1714.2
1339960 1719.8
1339970 1719.8
1339980 1726.0
1339990 1730.1
