1320000 1539.2
1320010 1535.2
1320020 1535.2
1320030 1530.6
1320040 1525.7
1320050 1525.7
1320060 1520.4
1320070 1515.3
1320080 1515.3
1320090 1509.7
1320100 1503.5
1320110 1503.5
1320120 1497.2
1320130 1491.0
1320140 1491.0
1320150 1484.9
1320160 1477.9
1320170 1477.9
1320180 1470.8
1320190 1465.0
1320200 1465.0
1320210 1460.1
1320220 1456.3
1320230 1456.3
1320240 1452.8
1320250 1449.4
1320260 1445.3
1320270 1445.3
1320280 1439.7
1320290 1433.8
1320300 1433.8
1320310 1428.4
1320320 1422.8
1320330 1422.8
1320340 1418.2
1320350 1414.5
1320360 1414.5
1320370 1410.5
1320380 1405.4
1320390 1405.4
1320400 1401.1
1320410 1397.3
1320420 1397.3
1320430 1392.2
1320440 1385.9
1320450 1385.9
1320460 1379.5
1320470 1374.1
1320480 1374.1
1320490 1369.8
1320500 1366.4
1320510 1364.0
1320520 1364.0
1320530 1362.3
1320540 1360.0
1320550 1360.0
1320560 1356.5
1320570 1353.4
1320580 1353.4
1320590 1351.2
1320600 1348.4
1320610 1348.4
1320620 1344.8
1320630 1341.2
1320640 1343.1
1320650 1340.3
1320660 1337.2
1320670 1337.2
1320680 1332.9
1320690 1328.9
1320700 1328.9
1320710 1326.2
1320720 1322.2
1320730 1322.2
1320740 1315.9
1320750 1308.7
1320760 1301.3
1320770 1301.3
1320780 1293.8
1320790 1286.9
1320800 1286.9
1320810 1280.5
1320820 1275.1
1320830 1275.1
1320840 1269.7
1320850 1263.8
1320860 1263.8
1320870 1258.5
1320880 1253.1
1320890 1253.1
1320900 1247.3
1320910 1241.6
1320920 1241.6
1320930 1235.3
1320940 1230.1
1320950 1230.1
1320960 1225.7
1320970 1221.4
1320980 1221.4
1320990 1218.5
1321000 1216.0
1321010 1216.0
1321020 1213.7
1321030 1211.7
1321040 1209.7
1321050 1209.7
1321060 1207.4
1321070 1205.3
1321080 1205.3
1321090 1203.8
1321100 1201.0
1321110 1201.0
1321120 1197.4
1321130 1194.8
1321140 1194.8
1321150 1191.7
1321160 1188.7
1321170 1188.7
1321180 1186.0
1321190 1183.3
1321200 1183.3
1321210 1180.1
1321220 1176.5
1321230 1176.5
1321240 1173.2
1321250 1169.7
1321260 1169.7
1321270 1166.8
1321280 1164.2
1321290 1162.3
1321300 1162.3
1321310 1159.8
1321320 1156.3
1321330 1156.3
1321340 1152.4
1321350 1148.0
1321360 1148.0
1321370 1143.3
1321380 1138.4
1321390 1138.4
1321400 1134.3
1321410 1130.2
1321420 1125.2
1321430 1121.8
1321440 1118.3
1321450 1118.3
1321460 1115.0
1321470 1112.4
1321480 1112.4
1321490 1109.2
1321500 1107.4
1321510 1107.4
1321520 1103.3
1321530 1098.7
1321540 1098.7
1321550 1092.4
1321560 1085.5
1321570 1079.1
1321580 1079.1
1321590 1074.0
1321600 1071.0
1321610 1071.0
1321620 1066.9
1321630 1063.0
1321640 1063.0
1321650 1059.9
1321660 1056.2
1321670 1056.2
1321680 1051.9
1321690 1048.3
1321700 1048.3
1321710 1045.2
1321720 1041.4
1321730 1041.4
1321740 1036.3
1321750 1030.3
1321760 1030.3
1321770 1023.9
1321780 1017.5
1321790 1017.5
1321800 1010.7
1321810 1004.7
1321820 999.4
1321830 999.4
1321840 994.8
1321850 990.0
1321860 990.0
1321870 985.4
1321880 980.1
1321890 980.1
1321900 975.0
1321910 970.3
1321920 970.3
1321930 966.1
1321940 962.0
1321950 962.0
1321960 957.1
1321970 952.6
1321980 952.6
1321990 948.9
1322000 946.7
1322010 946.7
1322020 944.0
1322030 938.0
1322040 938.0
1322050 933.8
1322060 929.6
1322070 925.2
1322080 925.2
1322090 921.1
1322100 916.7
1322110 916.7
1322120 912.3
1322130 907.9
1322140 907.9
1322150 902.9
1322160 897.0
1322170 897.0
1322180 890.5
1322190 883.6
1322200 884.3
1322210 876.0
1322220 867.6
1322230 867.6
1322240 861.1
1322250 856.6
1322260 856.6
1322270 851.9
1322280 848.3
1322290 848.3
1322300 844.6
1322310 838.9
1322320 838.9
1322330 831.9
1322340 825.7
1322350 820.6
1322360 820.6
1322370 816.7
1322380 813.0
1322390 813.0
1322400 809.2
1322410 805.6
1322420 805.6
1322430 801.7
1322440 798.6
1322450 798.6
1322460 795.9
1322470 793.2
1322480 793.2
1322490 790.8
1322500 789.0
1322510 789.0
1322520 787.2
1322530 785.5
1322540 785.5
1322550 784.0
1322560 781.8
1322570 781.8
1322580 779.9
1322590 778.1
1322600 776.2
1322610 776.2
1322620 774.4
1322630 772.6
1322640 772.6
1322650 771.0
1322660 770.3
1322670 770.3
1322680 771.2
1322690 773.1
1322700 773.1
1322710 774.8
1322720 776.1
1322730 776.1
1322740 777.1
1322750 777.8
1322760 777.8
1322770 778.1
1322780 778.2
1322790 778.2
1322800 777.5
1322810 776.3
1322820 776.3
1322830 775.0
1322840 773.5
1322850 772.1
1322860 772.1
1322870 770.8
1322880 769.6
1322890 769.6
1322900 765.6
1322910 762.0
1322920 762.0
1322930 759.9
1322940 758.4
1322950 758.4
1322960 756.5
1322970 755.3
1322980 755.3
1322990 753.1
1323000 751.2
1323010 751.2
1323020 749.3
1323030 748.7
1323040 748.7
1323050 747.1
1323060 744.1
1323070 744.1
1323080 741.3
1323090 739.3
1323100 739.3
1323110 736.6
1323120 732.7
1323130 729.7
1323140 729.7
1323150 725.8
1323160 719.8
1323170 719.8
1323180 714.0
1323190 710.3
1323200 710.3
1323210 708.1
1323220 705.5
1323230 705.5
1323240 702.1
1323250 698.6
1323260 698.6
1323270 694.3
1323280 690.5
1323290 690.5
1323300 685.8
1323310 681.2
1323320 681.2
1323330 677.3
1323340 673.6
1323350 673.6
1323360 668.8
1323370 663.3
1323380 659.2
1323390 659.2
1323400 655.9
1323410 652.7
1323420 652.7
1323430 650.2
1323440 647.1
1323450 647.1
1323460 643.4
1323470 639.8
1323480 639.8
1323490 636.6
1323500 634.2
1323510 634.2
1323520 630.6
1323530 625.0
1323540 625.0
1323550 619.3
1323560 614.7
1323570 614.7
1323580 609.5
1323590 602.5
1323600 602.5
1323610 595.9
1323620 593.0
1323630 592.2
1323640 592.2
1323650 591.6
1323660 591.4
1323670 591.4
1323680 591.0
1323690 590.1
1323700 590.1
1323710 589.4
1323720 588.7
1323730 588.7
1323740 588.1
1323750 587.4
1323760 587.4
1323770 586.4
1323780 585.8
1323790 585.8
1323800 584.6
1323810 583.6
1323820 583.6
1323830 582.6
1323840 581.8
1323850 581.8
1323860 581.0
1323870 580.4
1323880 580.4
1323890 580.0
1323900 579.3
1323910 578.5
1323920 578.5
1323930 577.6
1323940 576.8
1323950 576.8
1323960 575.9
1323970 575.2
1323980 575.2
1323990 574.5
1324000 574.0
1324010 574.0
1324020 573.5
1324030 572.8
1324040 572.8
1324050 571.9
1324060 570.9
1324070 570.9
1324080 570.2
1324090 569.5
1324100 569.5
1324110 568.8
1324120 568.2
1324130 568.2
1324140 567.6
1324150 566.9
1324160 566.2
1324170 566.2
1324180 565.7
1324190 565.4
1324200 565.4
1324210 565.1
1324220 564.8
1324230 564.8
1324240 564.4
1324250 564.0
1324260 564.0
1324270 563.6
1324280 563.1
1324290 563.1
1324300 562.4
1324310 561.6
1324320 561.6
1324330 561.1
1324340 560.8
1324350 560.8
1324360 560.5
1324370 560.3
1324380 560.3
1324390 560.0
1324400 559.9
1324410 559.8
1324420 559.8
1324430 560.0
1324440 559.9
1324450 559.9
1324460 559.6
1324470 559.5
1324480 559.5
1324490 559.5
1324500 559.5
1324510 559.5
1324520 559.6
1324530 559.7
1324540 559.7
1324550 559.8
1324560 559.8
1324570 559.9
1324580 559.9
1324590 560.0
1324600 560.0
1324610 560.2
1324620 560.3
1324630 560.3
1324640 560.6
1324650 560.9
1324660 560.9
1324670 560.4
1324680 558.6
1324690 556.7
1324700 556.7
1324710 556.5
1324720 556.6
1324730 556.6
1324740 558.8
1324750 560.1
1324760 560.1
1324770 561.4
1324780 562.2
1324790 562.2
1324800 561.5
1324810 561.3
1324820 561.3
1324830 560.3
1324840 560.0
1324850 560.0
1324860 559.8
1324870 562.2
1324880 562.2
1324890 568.0
1324900 574.4
1324910 574.4
1324920 577.7
1324930 579.9
1324940 585.0
1324950 585.0
1324960 591.6
1324970 597.4
1324980 597.4
1324990 601.8
1325000 606.2
1325010 606.2
1325020 611.9
1325030 617.7
1325040 617.7
1325050 623.3
1325060 628.9
1325070 628.9
1325080 634.3
1325090 639.7
1325100 639.7
1325110 645.7
1325120 651.9
1325130 651.9
1325140 658.6
1325150 665.3
1325160 665.3
1325170 672.7
1325180 680.6
1325190 688.3
1325200 688.3
1325210 695.8
1325220 702.7
1325230 702.7
1325240 714.0
1325250 734.2
1325260 734.2
1325270 741.9
1325280 748.6
1325290 748.6
1325300 759.3
1325310 769.5
1325320 769.5
1325330 780.8
1325340 802.8
1325350 802.8
1325360 815.0
1325370 814.8
1325380 814.8
1325390 819.5
1325400 825.4
1325410 825.4
1325420 835.0
1325430 847.2
1325440 847.2
1325450 854.9
1325460 858.3
1325470 861.6
1325480 861.6
1325490 864.8
1325500 867.9
1325510 867.9
1325520 870.9
1325530 873.6
1325540 873.6
1325550 876.2
1325560 878.1
1325570 878.1
1325580 880.8
1325590 884.3
1325600 884.3
1325610 888.5
1325620 891.9
1325630 891.9
1325640 895.5
1325650 899.0
1325660 899.0
1325670 902.9
1325680 908.3
1325690 908.3
1325700 912.7
1325710 917.6
1325720 922.5
1325730 922.5
1325740 927.8
1325750 931.3
1325760 931.3
1325770 935.5
1325780 940.5
1325790 940.5
1325800 944.8
1325810 947.6
1325820 947.6
1325830 950.2
1325840 953.2
1325850 953.2
1325860 956.5
1325870 960.5
1325880 960.5
1325890 965.3
1325900 970.9
1325910 970.9
1325920 977.2
1325930 984.2
1325940 984.2
1325950 990.4
1325960 996.6
1325970 1002.0
1325980 1002.0
1325990 1007.6
1326000 1012.9
1326010 1012.9
1326020 1017.3
1326030 1021.7
1326040 1021.7
1326050 1025.4
1326060 1028.7
1326070 1028.7
1326080 1033.0
1326090 1037.9
1326100 1037.9
1326110 1042.1
1326120 1045.5
1326130 1045.5
1326140 1049.5
1326150 1054.0
1326160 1054.0
1326170 1056.1
1326180 1060.1
1326190 1060.1
1326200 1065.7
1326210 1071.5
1326220 1071.5
1326230 1075.7
1326240 1079.6
1326250 1084.1
1326260 1084.1
1326270 1090.1
1326280 1095.1
1326290 1095.1
1326300 1102.7
1326310 1110.5
1326320 1110.5
1326330 1114.8
1326340 1119.6
1326350 1119.6
1326360 1124.3
1326370 1128.6
1326380 1128.6
1326390 1132.4
1326400 1136.1
1326410 1136.1
1326420 1139.0
1326430 1143.0
1326440 1143.0
1326450 1148.0
1326460 1153.6
1326470 1153.6
1326480 1159.3
1326490 1164.5
1326500 1169.3
1326510 1169.3
1326520 1173.9
1326530 1178.4
1326540 1178.4
1326550 1182.5
1326560 1186.1
1326570 1186.1
1326580 1190.1
1326590 1193.9
1326600 1193.9
1326610 1197.8
1326620 1201.5
1326630 1201.5
1326640 1204.7
1326650 1207.8
1326660 1207.8
1326670 1210.7
1326680 1213.4
1326690 1213.4
1326700 1217.1
1326710 1221.5
1326720 1221.5
1326730 1225.3
1326740 1229.1
1326750 1233.3
1326760 1233.3
1326770 1237.5
1326780 1241.7
1326790 1241.7
1326800 1245.4
1326810 1248.9
1326820 1248.9
1326830 1252.4
1326840 1256.7
1326850 1256.7
1326860 1262.2
1326870 1266.5
1326880 1266.5
1326890 1269.9
1326900 1273.6
1326910 1273.6
1326920 1276.8
1326930 1279.9
1326940 1279.9
1326950 1282.9
1326960 1285.6
1326970 1285.4
1326980 1287.4
1326990 1289.5
1327000 1289.5
1327010 1292.8
1327020 1296.5
1327030 1299.9
1327040 1299.9
1327050 1304.1
1327060 1309.4
1327070 1309.4
1327080 1313.7
1327090 1316.2
1327100 1316.2
1327110 1318.5
1327120 1321.4
1327130 1321.4
1327140 1324.6
1327150 1328.1
1327160 1328.1
1327170 1331.2
1327180 1334.4
1327190 1334.4
1327200 1337.6
1327210 1341.1
1327220 1341.1
1327230 1344.4
1327240 1347.5
1327250 1347.5
1327260 1349.8
1327270 1352.4
1327280 1355.7
1327290 1355.7
1327300 1360.6
1327310 1366.1
1327320 1366.1
1327330 1371.2
1327340 1373.8
1327350 1373.8
1327360 1375.1
1327370 1375.3
1327380 1375.3
1327390 1375.4
1327400 1375.8
1327410 1375.8
1327420 1376.4
1327430 1377.2
1327440 1377.2
1327450 1376.9
1327460 1377.0
1327470 1377.0
1327480 1377.4
1327490 1378.2
1327500 1378.2
1327510 1379.2
1327520 1380.0
1327530 1381.4
1327540 1381.4
1327550 1382.6
1327560 1384.6
1327570 1384.6
1327580 1386.6
1327590 1390.3
1327600 1390.3
1327610 1393.5
1327620 1395.3
1327630 1395.3
1327640 1397.7
1327650 1400.9
1327660 1400.9
1327670 1404.7
1327680 1409.0
1327690 1409.0
1327700 1413.4
1327710 1415.5
1327720 1415.5
1327730 1418.5
1327740 1420.1
1327750 1420.1
1327760 1420.9
1327770 1423.6
1327780 1423.6
1327790 1422.0
1327800 1424.9
1327810 1427.7
1327820 1427.7
1327830 1430.8
1327840 1433.8
1327850 1433.8
1327860 1436.1
1327870 1440.1
1327880 1440.1
1327890 1443.7
1327900 1444.8
1327910 1444.8
1327920 1447.4
1327930 1451.8
1327940 1451.8
1327950 1455.7
1327960 1459.8
1327970 1459.8
1327980 1463.8
1327990 1468.3
1328000 1468.3
1328010 1471.9
1328020 1475.0
1328030 1475.0
1328040 1477.6
1328050 1481.1
1328060 1487.6
1328070 1487.6
1328080 1494.4
1328090 1502.1
1328100 1502.1
1328110 1508.4
1328120 1512.7
1328130 1512.7
1328140 1518.2
1328150 1523.2
1328160 1523.2
1328170 1527.1
1328180 1530.6
1328190 1530.6
1328200 1534.7
1328210 1538.9
1328220 1538.9
1328230 1542.4
1328240 1545.7
1328250 1545.7
1328260 1548.5
1328270 1551.5
1328280 1551.5
1328290 1554.8
1328300 1557.6
1328310 1557.6
1328320 1560.8
1328330 1563.5
1328340 1566.9
1328350 1566.9
1328360 1570.3
1328370 1574.0
1328380 1574.0
1328390 1577.8
1328400 1581.7
1328410 1581.7
1328420 1586.0
1328430 1590.0
1328440 1590.0
1328450 1593.5
1328460 1596.8
1328470 1596.8
1328480 1600.8
1328490 1604.5
1328500 1604.5
1328510 1608.4
1328520 1612.1
1328530 1612.1
1328540 1615.7
1328550 1620.6
1328560 1620.6
1328570 1625.8
1328580 1631.1
1328590 1635.7
1328600 1632.3
1328610 1636.5
1328620 1639.8
1328630 1639.8
1328640 1642.9
1328650 1646.0
1328660 1646.0
1328670 1649.8
1328680 1654.4
1328690 1654.4
1328700 1659.8
1328710 1665.3
1328720 1665.3
1328730 1670.4
1328740 1675.1
1328750 1675.1
1328760 1679.5
1328770 1683.6
1328780 1683.6
1328790 1686.6
1328800 1688.0
1328810 1688.0
1328820 1689.5
1328830 1692.1
1328840 1694.7
1328850 1694.7
1328860 1696.9
1328870 1698.6
1328880 1698.6
1328890 1699.8
1328900 1700.9
1328910 1700.9
1328920 1702.6
1328930 1704.0
1328940 1704.0
1328950 1704.8
1328960 1706.2
1328970 1706.2
1328980 1708.5
1328990 1712.8
1329000 1712.8
1329010 1716.4
1329020 1719.8
1329030 1719.8
1329040 1724.1
1329050 1723.5
1329060 1723.5
1329070 1725.3
1329080 1731.5
1329090 1731.5
1329100 1735.9
1329110 1739.5
1329120 1741.7
1329130 1741.7
1329140 1743.8
1329150 1746.1
1329160 1746.1
1329170 1748.3
1329180 1752.6
1329190 1752.6
1329200 1756.5
1329210 1758.6
1329220 1758.6
1329230 1759.5
1329240 1759.7
1329250 1759.7
1329260 1760.2
1329270 1761.0
1329280 1761.0
1329290 1762.3
1329300 1764.7
1329310 1764.7
1329320 1766.6
1329330 1769.0
1329340 1769.0
1329350 1771.1
1329360 1774.5
1329370 1778.8
1329380 1778.8
1329390 1781.9
1329400 1784.2
1329410 1784.2
1329420 1783.0
1329430 1785.6
1329440 1785.6
1329450 1788.4
1329460 1790.9
1329470 1790.9
1329480 1792.9
1329490 1794.8
1329500 1794.8
1329510 1796.6
1329520 1798.3
1329530 1798.3
1329540 1800.4
1329550 1802.4
1329560 1802.4
1329570 1804.5
1329580 1806.2
1329590 1806.2
1329600 1808.6
1329610 1811.1
1329620 1814.8
1329630 1814.8
1329640 1818.3
1329650 1820.9
1329660 1820.9
1329670 1823.7
1329680 1826.3
1329690 1826.3
1329700 1829.3
1329710 1832.5
1329720 1832.5
1329730 1834.0
1329740 1835.1
1329750 1835.1
1329760 1838.5
1329770 1842.6
1329780 1842.6
1329790 1845.3
1329800 1847.5
1329810 1847.5
1329820 1850.7
1329830 1854.2
1329840 1854.2
1329850 1857.3
1329860 1860.5
1329870 1860.5
1329880 1862.7
1329890 1863.4
1329900 1863.8
1329910 1863.8
1329920 1865.3
1329930 1867.5
1329940 1867.5
1329950 1869.7
1329960 1872.0
1329970 1872.0
1329980 1875.4
1329990 1878.0
1330000 1878.0
1330010 1880.8
1330020 1884.2
1330030 1884.2
1330040 1887.0
1330050 1889.9
1330060 1889.9
1330070 1892.6
1330080 1894.5
1330090 1894.5
1330100 1896.4
1330110 1898.8
1330120 1898.8
1330130 1900.5
1330140 1902.7
1330150 1905.1
1330160 1905.1
1330170 1907.8
1330180 1910.3
1330190 1910.3
1330200 1912.4
1330210 1914.6
1330220 1914.6
1330230 1916.1
1330240 1914.7
1330250 1914.7
1330260 1917.1
1330270 1919.0
1330280 1919.0
1330290 1920.9
1330300 1923.0
1330310 1923.0
1330320 1924.7
1330330 1927.0
1330340 1927.0
1330350 1929.8
1330360 1932.2
1330370 1932.2
1330380 1934.6
1330390 1936.9
1330400 1939.7
1330410 1939.7
1330420 1942.1
1330430 1943.7
1330440 1943.7
1330450 1944.6
1330460 1946.3
1330470 1946.3
1330480 1949.6
1330490 1952.4
1330500 1952.4
1330510 1955.1
1330520 1958.5
1330530 1958.5
1330540 1962.5
1330550 1966.0
1330560 1966.0
1330570 1969.5
1330580 1973.6
1330590 1973.6
1330600 1977.9
1330610 1981.9
1330620 1981.9
1330630 1985.5
1330640 1990.5
1330650 1990.5
1330660 1996.6
1330670 2002.4
1330680 2008.0
1330690 2008.0
1330700 2012.3
1330710 2015.9
1330720 2015.9
1330730 2018.5
1330740 2020.5
1330750 2020.5
1330760 2021.4
1330770 2022.2
1330780 2022.2
1330790 2023.2
1330800 2024.2
1330810 2024.2
1330820 2025.0
1330830 2025.2
1330840 2025.2
1330850 2026.3
1330860 2026.8
1330870 2026.8
1330880 2026.8
1330890 2026.4
1330900 2026.4
1330910 2026.6
1330920 2027.4
1330930 2028.9
1330940 2028.9
1330950 2031.1
1330960 2033.4
1330970 2033.4
1330980 2035.5
1330990 2037.8
1331000 2037.8
1331010 2039.9
1331020 2041.4
1331030 2041.4
1331040 2042.6
1331050 2044.1
1331060 2044.1
1331070 2042.3
1331080 2045.2
1331090 2045.2
1331100 2047.6
1331110 2048.6
1331120 2048.6
1331130 2049.4
1331140 2050.6
1331150 2050.6
1331160 2051.9
1331170 2053.9
1331180 2055.9
1331190 2055.9
1331200 2058.3
1331210 2061.1
1331220 2061.1
1331230 2063.5
1331240 2065.4
1331250 2065.4
1331260 2067.5
1331270 2069.7
1331280 2069.7
1331290 2071.5
1331300 2073.7
1331310 2073.7
1331320 2076.2
1331330 2078.3
1331340 2078.3
1331350 2080.4
1331360 2082.4
1331370 2082.4
1331380 2084.2
1331390 2085.6
1331400 2085.6
1331410 2087.1
1331420 2088.9
1331430 2088.9
1331440 2090.6
1331450 2092.0
1331460 2093.2
1331470 2093.2
1331480 2094.4
1331490 2095.4
1331500 2095.4
1331510 2096.2
1331520 2097.3
1331530 2097.3
1331540 2098.7
1331550 2100.6
1331560 2100.6
1331570 2102.5
1331580 2104.7
1331590 2104.7
1331600 2107.3
1331610 2109.7
1331620 2109.7
1331630 2112.1
1331640 2114.2
1331650 2114.2
1331660 2117.3
1331670 2121.5
1331680 2121.5
1331690 2125.8
1331700 2130.6
1331710 2135.8
1331720 2135.8
1331730 2142.0
1331740 2148.4
1331750 2148.4
1331760 2155.7
1331770 2163.0
1331780 2163.0
1331790 2170.0
1331800 2177.8
1331810 2177.8
1331820 2186.3
1331830 2193.8
1331840 2193.8
1331850 2200.5
1331860 2207.8
1331870 2207.8
1331880 2213.8
1331890 2217.2
1331900 2212.7
1331910 2213.3
1331920 2211.8
1331930 2211.8
1331940 2212.4
1331950 2214.0
1331960 2217.4
1331970 2217.4
1331980 2221.8
1331990 2224.4
1332000 2224.4
1332010 2225.6
1332020 2229.0
1332030 2229.0
1332040 2231.5
1332050 2233.9
1332060 2233.9
1332070 2236.9
1332080 2242.5
1332090 2242.5
1332100 2248.4
1332110 2253.7
1332120 2253.7
1332130 2258.8
1332140 2262.6
1332150 2262.6
1332160 2264.5
1332170 2263.4
1332180 2263.4
1332190 2262.3
1332200 2261.5
1332210 2261.5
1332220 2263.4
1332230 2268.9
1332240 2273.7
1332250 2273.7
1332260 2276.2
1332270 2276.7
1332280 2276.7
1332290 2276.1
1332300 2275.7
1332310 2275.7
1332320 2274.8
1332330 2273.8
1332340 2273.8
1332350 2273.9
1332360 2275.0
1332370 2275.0
1332380 2277.4
1332390 2280.5
1332400 2280.5
1332410 2283.8
1332420 2287.0
1332430 2287.0
1332440 2290.4
1332450 2294.6
1332460 2294.6
1332470 2299.3
1332480 2305.8
1332490 2312.0
1332500 2312.0
1332510 2313.3
1332520 2315.3
1332530 2315.3
1332540 2319.1
1332550 2322.6
1332560 2322.6
1332570 2325.6
1332580 2330.9
1332590 2330.9
1332600 2335.9
1332610 2341.2
1332620 2341.2
1332630 2345.4
1332640 2351.7
1332650 2351.7
1332660 2359.6
1332670 2362.8
1332680 2362.8
1332690 2359.7
1332700 2358.0
1332710 2358.0
1332720 2360.0
1332730 2365.7
1332740 2372.5
1332750 2372.5
1332760 2379.9
1332770 2385.2
1332780 2385.2
1332790 2388.3
1332800 2392.5
1332810 2392.5
1332820 2396.4
1332830 2400.5
1332840 2400.5
1332850 2401.8
1332860 2404.6
1332870 2404.6
1332880 2407.0
1332890 2405.7
1332900 2405.7
1332910 2404.0
1332920 2405.4
1332930 2405.4
1332940 2406.8
1332950 2409.0
1332960 2409.0
1332970 2412.9
1332980 2414.8
1332990 2414.8
1333000 2411.9
1333010 2411.5
1333020 2412.6
1333030 2412.6
1333040 2415.8
1333050 2419.6
1333060 2419.6
1333070 2423.1
1333080 2425.7
1333090 2425.7
1333100 2425.7
1333110 2424.4
1333120 2424.4
1333130 2423.5
1333140 2424.4
1333150 2424.4
1333160 2428.0
1333170 2430.8
1333180 2430.8
1333190 2434.1
1333200 2439.5
1333210 2439.5
1333220 2443.2
1333230 2442.9
1333240 2442.9
1333250 2439.6
1333260 2436.5
1333270 2434.6
1333280 2434.6
1333290 2435.7
1333300 2437.1
1333310 2437.1
1333320 2437.7
1333330 2439.6
1333340 2439.6
1333350 2442.6
1333360 2442.2
1333370 2442.2
1333380 2441.4
1333390 2441.3
1333400 2441.3
1333410 2441.4
1333420 2441.7
1333430 2441.7
1333440 2442.8
1333450 2445.7
1333460 2445.7
1333470 2444.4
1333480 2434.3
1333490 2434.3
1333500 2422.5
1333510 2416.3
1333520 2416.3
1333530 2412.3
1333540 2409.2
1333550 2406.8
1333560 2406.8
1333570 2400.1
1333580 2395.4
1333590 2395.4
1333600 2389.6
1333610 2385.4
1333620 2385.4
1333630 2377.3
1333640 2367.8
1333650 2367.8
1333660 2360.1
1333670 2362.8
1333680 2362.8
1333690 2371.8
1333700 2376.0
1333710 2376.0
1333720 2374.1
1333730 2365.2
1333740 2365.2
1333750 2353.8
1333760 2342.8
1333770 2342.8
1333780 2327.0
1333790 2320.9
1333800 2316.0
1333810 2316.0
1333820 2308.7
1333830 2306.0
1333840 2306.0
1333850 2304.1
1333860 2303.4
1333870 2303.4
1333880 2303.5
1333890 2302.0
1333900 2302.0
1333910 2297.1
1333920 2294.7
1333930 2294.7
1333940 2294.5
1333950 2295.2
1333960 2295.2
1333970 2295.6
1333980 2295.7
1333990 2295.7
1334000 2296.2
1334010 2296.7
1334020 2296.7
1334030 2296.6
1334040 2295.7
1334050 2293.4
1334060 2293.4
1334070 2290.4
1334080 2287.3
1334090 2287.3
1334100 2283.2
1334110 2278.9
1334120 2278.9
1334130 2278.2
1334140 2274.8
1334150 2274.8
1334160 2268.3
1334170 2266.4
1334180 2266.4
1334190 2266.1
1334200 2265.7
1334210 2265.7
1334220 2265.5
1334230 2266.2
1334240 2266.2
1334250 2267.4
1334260 2268.5
1334270 2268.5
1334280 2269.7
1334290 2270.6
1334300 2270.6
1334310 2270.4
1334320 2270.0
1334330 2269.7
1334340 2269.7
1334350 2269.0
1334360 2267.6
1334370 2267.6
1334380 2265.9
1334390 2262.9
1334400 2262.9
1334410 2258.3
1334420 2252.7
1334430 2252.7
1334440 2247.6
1334450 2240.4
1334460 2240.4
1334470 2235.3
1334480 2232.4
1334490 2232.4
1334500 2230.5
1334510 2229.2
1334520 2229.2
1334530 2228.1
1334540 2226.9
1334550 2226.9
1334560 2225.9
1334570 2225.4
1334580 2224.8
1334590 2224.8
1334600 2224.3
1334610 2223.9
1334620 2223.9
1334630 2223.8
1334640 2223.9
1334650 2223.9
1334660 2223.9
1334670 2224.4
1334680 2224.4
1334690 2225.2
1334700 2227.0
1334710 2227.0
1334720 2228.3
1334730 2229.2
1334740 2229.2
1334750 2228.9
1334760 2225.6
1334770 2225.6
1334780 2220.2
1334790 2215.6
1334800 2215.6
1334810 2211.2
1334820 2205.2
1334830 2199.8
1334840 2199.8
1334850 2194.8
1334860 2191.3
1334870 2191.3
1334880 2189.0
1334890 2187.0
1334900 2187.0
1334910 2187.3
1334920 2188.7
1334930 2188.7
1334940 2190.5
1334950 2192.1
1334960 2192.1
1334970 2193.0
1334980 2193.1
1334990 2193.1
1335000 2193.6
1335010 2193.8
1335020 2193.8
1335030 2193.2
1335040 2192.6
1335050 2192.6
1335060 2191.9
1335070 2191.3
1335080 2191.3
1335090 2191.4
1335100 2192.5
1335110 2192.2
1335120 2192.2
1335130 2192.2
1335140 2193.8
1335150 2193.8
1335160 2195.2
1335170 2196.2
1335180 2196.2
1335190 2196.1
1335200 2196.1
1335210 2196.1
1335220 2196.7
1335230 2198.0
1335240 2198.0
1335250 2200.5
1335260 2204.1
1335270 2202.6
1335280 2206.2
1335290 2209.9
1335300 2209.9
1335310 2213.2
1335320 2215.7
1335330 2215.7
1335340 2218.1
1335350 2220.3
1335360 2222.6
1335370 2222.6
1335380 2225.4
1335390 2228.0
1335400 2228.0
1335410 2230.0
1335420 2231.9
1335430 2231.9
1335440 2233.7
1335450 2234.9
1335460 2234.9
1335470 2234.4
1335480 2235.1
1335490 2235.1
1335500 2236.5
1335510 2238.3
1335520 2238.3
1335530 2240.8
1335540 2242.9
1335550 2242.9
1335560 2244.5
1335570 2245.7
1335580 2245.7
1335590 2248.1
1335600 2251.0
1335610 2254.1
1335620 2254.1
1335630 2258.6
1335640 2264.5
1335650 2264.5
1335660 2270.8
1335670 2274.8
1335680 2274.8
1335690 2274.2
1335700 2272.9
1335710 2272.9
1335720 2274.5
1335730 2275.2
1335740 2275.2
1335750 2276.1
1335760 2277.3
1335770 2277.3
1335780 2279.2
1335790 2281.5
1335800 2281.5
1335810 2282.2
1335820 2282.4
1335830 2282.4
1335840 2283.3
1335850 2285.1
1335860 2285.1
1335870 2286.1
1335880 2288.2
1335890 2290.6
1335900 2290.6
1335910 2292.9
1335920 2294.6
1335930 2294.6
1335940 2296.1
1335950 2297.9
1335960 2297.9
1335970 2300.7
1335980 2304.9
1335990 2304.9
1336000 2309.5
1336010 2314.6
1336020 2314.6
1336030 2319.2
1336040 2323.7
1336050 2323.7
1336060 2328.8
1336070 2333.5
1336080 2333.5
1336090 2337.8
1336100 2342.3
1336110 2342.3
1336120 2346.8
1336130 2355.0
1336140 2358.5
1336150 2358.5
1336160 2359.6
1336170 2361.2
1336180 2361.2
1336190 2362.2
1336200 2362.6
1336210 2362.6
1336220 2363.8
1336230 2363.9
1336240 2363.9
1336250 2363.8
1336260 2363.4
1336270 2363.4
1336280 2366.4
1336290 2371.1
1336300 2371.1
1336310 2376.5
1336320 2380.9
1336330 2380.9
1336340 2386.7
1336350 2393.8
1336360 2393.8
1336370 2398.9
1336380 2403.0
1336390 2406.4
1336400 2406.4
1336410 2408.6
1336420 2409.6
1336430 2409.6
1336440 2404.6
1336450 2396.8
1336460 2396.8
1336470 2388.3
1336480 2379.9
1336490 2379.9
1336500 2370.9
1336510 2359.5
1336520 2359.5
1336530 2349.1
1336540 2342.2
1336550 2342.2
1336560 2335.2
1336570 2328.6
1336580 2328.6
1336590 2320.8
1336600 2315.3
1336610 2315.3
1336620 2305.9
1336630 2291.5
1336640 2291.5
1336650 2283.2
1336660 2277.7
1336670 2272.0
1336680 2272.0
1336690 2267.9
1336700 2264.3
1336710 2264.3
1336720 2260.0
1336730 2256.6
1336740 2256.6
1336750 2256.4
1336760 2257.9
1336770 2257.9
1336780 2260.6
1336790 2264.7
1336800 2264.7
1336810 2268.5
1336820 2272.7
1336830 2272.7
1336840 2277.3
1336850 2281.9
1336860 2281.9
1336870 2286.9
1336880 2292.2
1336890 2292.2
1336900 2297.5
1336910 2301.7
1336920 2304.1
1336930 2304.1
1336940 2305.5
1336950 2307.3
1336960 2307.3
1336970 2310.6
1336980 2317.9
1336990 2313.1
1337000 2321.6
1337010 2329.1
1337020 2329.1
1337030 2336.1
1337040 2338.6
1337050 2338.6
1337060 2342.9
1337070 2348.5
1337080 2348.5
1337090 2351.6
1337100 2348.1
1337110 2348.1
1337120 2352.4
1337130 2353.0
1337140 2353.0
1337150 2353.0
1337160 2354.4
1337170 2351.9
1337180 2351.9
1337190 2351.1
1337200 2351.7
1337210 2351.7
1337220 2350.1
1337230 2346.8
1337240 2346.8
1337250 2339.7
1337260 2336.3
1337270 2336.3
1337280 2335.8
1337290 2332.5
1337300 2332.5
1337310 2328.3
1337320 2327.3
1337330 2327.3
1337340 2325.8
1337350 2321.2
1337360 2321.2
1337370 2318.7
1337380 2317.8
1337390 2317.8
1337400 2318.7
1337410 2320.0
1337420 2320.0
1337430 2322.1
1337440 2323.6
1337450 2325.8
1337460 2325.8
1337470 2326.2
1337480 2326.6
1337490 2326.6
1337500 2328.5
1337510 2332.6
1337520 2332.6
1337530 2335.1
1337540 2337.0
1337550 2337.0
1337560 2338.7
1337570 2339.6
1337580 2339.6
1337590 2338.7
1337600 2336.7
1337610 2336.7
1337620 2333.4
1337630 2328.6
1337640 2328.6
1337650 2322.8
1337660 2317.7
1337670 2317.7
1337680 2313.8
1337690 2313.1
1337700 2311.7
1337710 2311.7
1337720 2310.3
1337730 2308.4
1337740 2308.4
1337750 2307.7
1337760 2303.9
1337770 2303.9
1337780 2301.5
1337790 2303.2
1337800 2303.2
1337810 2305.7
1337820 2308.0
1337830 2308.0
1337840 2309.5
1337850 2312.7
1337860 2312.7
1337870 2315.3
1337880 2320.7
1337890 2320.7
1337900 2327.5
1337910 2331.8
1337920 2331.8
1337930 2335.2
1337940 2338.4
1337950 2341.5
1337960 2341.5
1337970 2343.5
1337980 2343.3
1337990 2343.3
1338000 2340.4
1338010 2337.8
1338020 2337.8
1338030 2333.0
1338040 2323.3
1338050 2323.3
1338060 2315.1
1338070 2310.5
1338080 2310.5
1338090 2304.1
1338100 2292.1
1338110 2292.1
1338120 2283.9
1338130 2279.6
1338140 2279.6
1338150 2275.2
1338160 2271.8
1338170 2271.8
1338180 2267.4
1338190 2259.5
1338200 2259.5
1338210 2251.9
1338220 2242.1
1338230 2235.4
1338240 2235.4
1338250 2226.7
1338260 2218.2
1338270 2218.2
1338280 2210.5
1338290 2204.7
1338300 2204.7
1338310 2199.7
1338320 2195.8
1338330 2195.8
1338340 2193.2
1338350 2190.4
1338360 2190.4
1338370 2186.7
1338380 2183.2
1338390 2183.2
1338400 2180.9
1338410 2178.0
1338420 2178.0
1338430 2176.6
1338440 2179.1
1338450 2179.1
1338460 2181.7
1338470 2185.4
1338480 2190.6
1338490 2190.6
1338500 2192.7
1338510 2192.3
1338520 2192.3
1338530 2192.7
1338540 2194.6
1338550 2194.6
1338560 2198.6
1338570 2202.3
1338580 2202.3
1338590 2206.4
1338600 2211.5
1338610 2211.5
1338620 2217.2
1338630 2222.0
1338640 2222.0
1338650 2226.6
1338660 2231.6
1338670 2231.6
1338680 2235.9
1338690 2240.2
1338700 2240.2
1338710 2241.1
1338720 2230.5
1338730 2226.5
1338740 2226.5
1338750 2226.7
1338760 2227.4
1338770 2227.4
1338780 2227.9
1338790 2226.8
1338800 2226.8
1338810 2225.8
1338820 2220.6
1338830 2220.6
1338840 2209.9
1338850 2202.3
1338860 2202.3
1338870 2195.8
1338880 2189.5
1338890 2189.5
1338900 2184.2
1338910 2176.7
1338920 2176.7
1338930 2172.6
1338940 2168.0
1338950 2168.0
1338960 2162.7
1338970 2157.6
1338980 2157.6
1338990 2153.1
1339000 2149.3
1339010 2146.1
1339020 2146.1
1339030 2144.7
1339040 2144.6
1339050 2144.6
1339060 2142.5
1339070 2140.1
1339080 2140.1
1339090 2138.1
1339100 2138.4
1339110 2138.4
1339120 2138.8
1339130 2140.0
1339140 2140.0
1339150 2140.8
1339160 2145.5
1339170 2145.5
1339180 2150.3
1339190 2152.5
1339200 2152.5
1339210 2154.9
1339220 2158.4
1339230 2158.4
1339240 2163.8
1339250 2170.1
1339260 2176.3
1339270 2176.3
1339280 2182.0
1339290 2190.2
1339300 2190.2
1339310 2200.2
1339320 2207.9
1339330 2207.9
1339340 2212.9
1339350 2212.8
1339360 2212.8
1339370 2209.1
1339380 2203.9
1339390 2203.9
1339400 2196.4
1339410 2192.6
1339420 2192.6
1339430 2189.4
1339440 2186.4
1339450 2186.4
1339460 2184.3
1339470 2183.6
1339480 2183.6
1339490 2181.5
1339500 2177.1
1339510 2174.9
1339520 2174.9
1339530 2169.6
1339540 2163.9
1339550 2163.9
1339560 2160.9
1339570 2157.4
1339580 2157.4
1339590 2153.7
1339600 2149.9
1339610 2149.9
1339620 2147.4
1339630 2145.3
1339640 2145.3
1339650 2143.2
1339660 2141.6
1339670 2141.6
1339680 2140.5
1339690 2141.1
1339700 2141.1
1339710 2141.6
1339720 2142.0
1339730 2142.0
1339740 2144.8
1339750 2150.2
1339760 2150.2
1339770 2156.6
1339780 2162.4
1339790 2160.8
1339800 2160.8
1339810 2153.4
1339820 2146.1
1339830 2146.1
1339840 2141.3
1339850 2138.2
1339860 2138.2
1339870 2136.5
1339880 2135.2
1339890 2135.2
1339900 2134.7
1339910 2132.1
1339920 2132.1
1339930 2128.8
1339940 2123.4
1339950 2123.4
1339960 2117.9
1339970 2114.1
1339980 2114.1
1339990 2114.4
