1320000 1547.4
1320010 1544.0
1320020 1542.4
1320030 1542.4
1320040 1540.7
1320050 1538.3
1320060 1538.3
1320070 1534.6
1320080 1530.1
1320090 1530.1
1320100 1526.5
1320110 1523.7
1320120 1521.0
1320130 1521.0
1320140 1517.8
1320150 1513.6
1320160 1513.6
1320170 1509.7
1320180 1505.8
1320190 1505.8
1320200 1501.5
1320210 1496.9
1320220 1496.9
1320230 1491.5
1320240 1486.1
1320250 1486.1
1320260 1480.3
1320270 1473.0
1320280 1473.0
1320290 1466.2
1320300 1459.0
1320310 1459.0
1320320 1452.4
1320330 1446.6
1320340 1446.6
1320350 1443.5
1320360 1438.4
1320370 1432.6
1320380 1432.6
1320390 1428.1
1320400 1422.4
1320410 1422.4
1320420 1417.4
1320430 1412.2
1320440 1412.2
1320450 1409.0
1320460 1404.6
1320470 1404.6
1320480 1399.3
1320490 1393.6
1320500 1393.6
1320510 1389.1
1320520 1383.8
1320530 1383.8
1320540 1376.1
1320550 1369.9
1320560 1369.9
1320570 1365.5
1320580 1359.3
1320590 1359.3
1320600 1353.5
1320610 1342.5
1320620 1342.5
1320630 1331.7
1320640 1323.7
1320650 1315.1
1320660 1315.1
1320670 1307.9
1320680 1300.3
1320690 1300.3
1320700 1291.3
1320710 1282.3
1320720 1282.3
1320730 1273.4
1320740 1264.8
1320750 1264.8
1320760 1256.8
1320770 1249.4
1320780 1249.4
1320790 1242.2
1320800 1235.3
1320810 1235.3
1320820 1229.5
1320830 1225.0
1320840 1225.0
1320850 1222.2
1320860 1218.4
1320870 1218.4
1320880 1215.1
1320890 1212.6
1320900 1209.5
1320910 1209.5
1320920 1206.3
1320930 1203.3
1320940 1203.3
1320950 1199.7
1320960 1197.2
1320970 1197.2
1320980 1196.5
1320990 1195.9
1321000 1195.9
1321010 1195.2
1321020 1194.4
1321030 1194.4
1321040 1192.9
1321050 1190.7
1321060 1190.7
1321070 1188.4
1321080 1185.8
1321090 1185.4
1321100 1182.0
1321110 1178.5
1321120 1178.5
1321130 1175.1
1321140 1170.6
1321150 1164.2
1321160 1164.2
1321170 1158.1
1321180 1151.5
1321190 1151.5
1321200 1144.3
1321210 1136.8
1321220 1136.8
1321230 1129.3
1321240 1122.4
1321250 1122.4
1321260 1114.1
1321270 1106.2
1321280 1106.2
1321290 1100.5
1321300 1095.7
1321310 1095.7
1321320 1090.8
1321330 1088.8
1321340 1088.8
1321350 1088.8
1321360 1087.5
1321370 1087.5
1321380 1086.6
1321390 1085.7
1321400 1085.7
1321410 1084.0
1321420 1084.4
1321430 1085.3
1321440 1085.3
1321450 1084.3
1321460 1080.3
1321470 1080.3
1321480 1073.9
1321490 1067.5
1321500 1067.5
1321510 1061.8
1321520 1056.0
1321530 1056.0
1321540 1049.2
1321550 1042.3
1321560 1042.3
1321570 1036.5
1321580 1030.1
1321590 1030.1
1321600 1024.0
1321610 1019.3
1321620 1019.3
1321630 1014.5
1321640 1009.6
1321650 1009.6
1321660 1005.2
1321670 1000.9
1321680 996.2
1321690 996.2
1321700 991.1
1321710 985.0
1321720 985.0
1321730 979.0
1321740 974.2
1321750 974.2
1321760 970.4
1321770 965.6
1321780 965.6
1321790 959.9
1321800 954.8
1321810 954.8
1321820 949.4
1321830 943.4
1321840 943.4
1321850 937.4
1321860 931.3
1321870 938.3
1321880 933.7
1321890 929.8
1321900 929.8
1321910 926.4
1321920 921.8
1321930 915.3
1321940 915.3
1321950 910.3
1321960 905.7
1321970 905.7
1321980 902.4
1321990 898.8
1322000 898.8
1322010 894.7
1322020 891.3
1322030 891.3
1322040 886.9
1322050 883.1
1322060 883.1
1322070 880.0
1322080 878.2
1322090 878.2
1322100 875.5
1322110 872.2
1322120 872.2
1322130 868.9
1322140 864.1
1322150 864.1
1322160 859.8
1322170 855.8
1322180 855.8
1322190 851.6
1322200 847.7
1322210 844.1
1322220 844.1
1322230 839.8
1322240 835.2
1322250 835.2
1322260 830.2
1322270 824.9
1322280 824.9
1322290 818.5
1322300 810.0
1322310 810.0
1322320 804.2
1322330 797.2
1322340 797.2
1322350 793.7
1322360 791.0
1322370 791.0
1322380 787.4
1322390 784.2
1322400 784.2
1322410 780.4
1322420 776.2
1322430 776.2
1322440 773.3
1322450 769.4
1322460 764.9
1322470 764.9
1322480 760.7
1322490 756.5
1322500 756.5
1322510 753.6
1322520 753.9
1322530 753.9
1322540 754.6
1322550 752.5
1322560 752.5
1322570 748.6
1322580 745.1
1322590 745.1
1322600 742.3
1322610 740.6
1322620 740.6
1322630 739.4
1322640 737.8
1322650 737.8
1322660 745.3
1322670 744.1
1322680 744.1
1322690 745.7
1322700 747.8
1322710 750.5
1322720 750.5
1322730 752.3
1322740 755.1
1322750 755.1
1322760 757.4
1322770 759.2
1322780 759.2
1322790 757.1
1322800 752.4
1322810 752.4
1322820 746.6
1322830 740.1
1322840 740.1
1322850 735.1
1322860 729.3
1322870 729.3
1322880 721.9
1322890 713.8
1322900 713.8
1322910 706.5
1322920 701.0
1322930 701.0
1322940 696.7
1322950 691.5
1322960 691.5
1322970 687.6
1322980 683.2
1322990 678.4
1323000 678.4
1323010 674.2
1323020 670.2
1323030 670.2
1323040 667.4
1323050 666.9
1323060 666.9
1323070 667.7
1323080 668.3
1323090 668.3
1323100 668.3
1323110 666.3
1323120 666.3
1323130 663.1
1323140 661.4
1323150 661.4
1323160 659.6
1323170 657.8
1323180 657.8
1323190 656.1
1323200 654.3
1323210 654.3
1323220 652.7
1323230 650.8
1323240 649.3
1323250 649.3
1323260 647.7
1323270 646.2
1323280 646.2
1323290 644.6
1323300 643.3
1323310 643.3
1323320 641.4
1323330 639.1
1323340 639.1
1323350 637.1
1323360 635.1
1323370 635.1
1323380 633.1
1323390 631.7
1323400 631.7
1323410 630.3
1323420 628.9
1323430 628.9
1323440 627.5
1323450 626.8
1323460 626.8
1323470 625.3
1323480 623.8
1323490 622.4
1323500 622.4
1323510 621.1
1323520 619.8
1323530 619.8
1323540 618.9
1323550 617.6
1323560 617.6
1323570 616.4
1323580 613.7
1323590 613.7
1323600 611.5
1323610 611.0
1323620 611.0
1323630 609.6
1323640 606.3
1323650 606.3
1323660 605.0
1323670 603.8
1323680 603.8
1323690 603.7
1323700 602.8
1323710 602.8
1323720 601.5
1323730 600.8
1323740 600.8
1323750 600.1
1323760 598.8
1323770 597.8
1323780 597.8
1323790 596.9
1323800 595.9
1323810 595.9
1323820 594.6
1323830 593.7
1323840 593.7
1323850 592.9
1323860 591.7
1323870 591.7
1323880 590.3
1323890 589.7
1323900 589.7
1323910 588.7
1323920 587.8
1323930 587.8
1323940 586.7
1323950 585.8
1323960 585.8
1323970 585.5
1323980 583.7
1323990 583.7
1324000 582.7
1324010 581.9
1324020 581.0
1324030 581.0
1324040 580.0
1324050 579.0
1324060 579.0
1324070 578.3
1324080 577.8
1324090 577.8
1324100 576.9
1324110 576.1
1324120 576.1
1324130 575.2
1324140 575.3
1324150 575.3
1324160 574.3
1324170 572.7
1324180 572.7
1324190 572.1
1324200 571.4
1324210 571.4
1324220 570.6
1324230 570.0
1324240 569.9
1324250 569.2
1324260 568.3
1324270 567.7
1324280 567.7
1324290 567.1
1324300 566.5
1324310 566.5
1324320 565.9
1324330 565.4
1324340 565.4
1324350 564.4
1324360 563.6
1324370 563.6
1324380 563.0
1324390 562.4
1324400 562.4
1324410 562.1
1324420 561.9
1324430 561.9
1324440 561.8
1324450 561.4
1324460 561.4
1324470 560.8
1324480 560.7
1324490 560.7
1324500 560.8
1324510 561.0
1324520 561.0
1324530 561.1
1324540 561.3
1324550 561.5
1324560 561.5
1324570 561.7
1324580 560.1
1324590 560.1
1324600 557.5
1324610 557.2
1324620 557.2
1324630 557.2
1324640 558.8
1324650 558.8
1324660 560.2
1324670 562.0
1324680 562.0
1324690 562.7
1324700 562.2
1324710 562.2
1324720 562.1
1324730 561.4
1324740 561.4
1324750 561.1
1324760 561.0
1324770 561.0
1324780 561.0
1324790 561.0
1324800 561.0
1324810 561.0
1324820 561.1
1324830 561.1
1324840 561.1
1324850 560.3
1324860 560.3
1324870 560.3
1324880 561.9
1324890 562.9
1324900 562.9
1324910 564.2
1324920 566.3
1324930 566.3
1324940 567.3
1324950 570.5
1324960 570.5
1324970 574.3
1324980 576.3
1324990 576.3
1325000 580.0
1325010 583.7
1325020 583.7
1325030 587.2
1325040 593.1
1325050 599.2
1325060 599.2
1325070 605.8
1325080 613.7
1325090 613.7
1325100 621.6
1325110 629.4
1325120 629.4
1325130 636.6
1325140 641.7
1325150 641.7
1325160 646.2
1325170 652.2
1325180 652.2
1325190 659.7
1325200 668.4
1325210 668.4
1325220 676.7
1325230 681.2
1325240 681.2
1325250 686.4
1325260 691.7
1325270 691.7
1325280 697.2
1325290 702.5
1325300 702.5
1325310 708.4
1325320 714.3
1325330 720.3
1325340 720.3
1325350 727.6
1325360 734.7
1325370 734.7
1325380 740.8
1325390 746.5
1325400 746.5
1325410 751.7
1325420 757.4
1325430 757.4
1325440 764.0
1325450 769.9
1325460 769.9
1325470 776.2
1325480 783.8
1325490 783.8
1325500 792.2
1325510 799.3
1325520 799.3
1325530 805.8
1325540 815.0
1325550 815.0
1325560 823.9
1325570 830.3
1325580 835.2
1325590 835.2
1325600 840.3
1325610 844.6
1325620 844.6
1325630 846.9
1325640 848.4
1325650 848.4
1325660 852.7
1325670 856.7
1325680 856.7
1325690 860.6
1325700 864.0
1325710 864.0
1325720 865.6
1325730 870.9
1325740 870.9
1325750 876.3
1325760 882.1
1325770 882.1
1325780 888.7
1325790 895.7
1325800 895.7
1325810 905.3
1325820 913.3
1325830 916.0
1325840 916.0
1325850 923.0
1325860 930.2
1325870 930.2
1325880 936.7
1325890 943.2
1325900 943.2
1325910 950.1
1325920 957.7
1325930 957.7
1325940 963.3
1325950 969.3
1325960 969.3
1325970 975.1
1325980 980.2
1325990 980.2
1326000 984.4
1326010 986.0
1326020 986.0
1326030 986.7
1326040 987.1
1326050 987.1
1326060 990.4
1326070 995.9
1326080 995.9
1326090 999.9
1326100 1002.7
1326110 1006.6
1326120 1006.6
1326130 1013.6
1326140 1017.2
1326150 1017.2
1326160 1019.8
1326170 1022.3
1326180 1022.3
1326190 1025.1
1326200 1027.0
1326210 1027.0
1326220 1029.3
1326230 1032.5
1326240 1032.5
1326250 1035.2
1326260 1037.7
1326270 1037.7
1326280 1040.3
1326290 1045.0
1326300 1045.0
1326310 1049.5
1326320 1054.1
1326330 1054.1
1326340 1058.9
1326350 1064.5
1326360 1069.2
1326370 1069.2
1326380 1074.6
1326390 1080.9
1326400 1080.9
1326410 1087.3
1326420 1093.5
1326430 1093.5
1326440 1099.4
1326450 1104.9
1326460 1104.9
1326470 1110.0
1326480 1116.2
1326490 1116.2
1326500 1122.5
1326510 1127.1
1326520 1127.1
1326530 1129.5
1326540 1132.3
1326550 1132.3
1326560 1134.9
1326570 1138.7
1326580 1138.7
1326590 1142.8
1326600 1147.3
1326610 1152.0
1326620 1152.0
1326630 1156.9
1326640 1162.2
1326650 1162.2
1326660 1165.0
1326670 1166.6
1326680 1166.6
1326690 1169.4
1326700 1173.2
1326710 1173.2
1326720 1176.5
1326730 1178.6
1326740 1178.6
1326750 1180.6
1326760 1183.8
1326770 1183.8
1326780 1186.4
1326790 1188.0
1326800 1188.0
1326810 1189.6
1326820 1191.7
1326830 1191.7
1326840 1195.6
1326850 1201.1
1326860 1201.1
1326870 1203.2
1326880 1202.8
1326890 1203.8
1326900 1203.8
1326910 1208.5
1326920 1214.7
1326930 1214.7
1326940 1218.3
1326950 1222.1
1326960 1222.1
1326970 1224.9
1326980 1226.2
1326990 1226.2
1327000 1227.9
1327010 1230.0
1327020 1230.0
1327030 1231.1
1327040 1229.6
1327050 1229.6
1327060 1230.6
1327070 1232.2
1327080 1232.2
1327090 1235.8
1327100 1241.2
1327110 1241.2
1327120 1248.3
1327130 1252.0
1327140 1254.4
1327150 1254.4
1327160 1256.8
1327170 1258.6
1327180 1258.6
1327190 1264.3
1327200 1270.9
1327210 1270.9
1327220 1274.2
1327230 1277.2
1327240 1277.2
1327250 1279.8
1327260 1279.6
1327270 1279.6
1327280 1281.4
1327290 1285.3
1327300 1285.3
1327310 1288.8
1327320 1289.3
1327330 1289.3
1327340 1288.4
1327350 1288.6
1327360 1288.6
1327370 1290.2
1327380 1291.2
1327390 1291.7
1327400 1291.7
1327410 1293.6
1327420 1296.1
1327430 1296.1
1327440 1296.9
1327450 1300.8
1327460 1300.8
1327470 1310.3
1327480 1320.7
1327490 1320.7
1327500 1328.7
1327510 1334.6
1327520 1334.6
1327530 1338.5
1327540 1341.2
1327550 1341.2
1327560 1343.0
1327570 1343.3
1327580 1343.3
1327590 1342.9
1327600 1343.5
1327610 1343.5
1327620 1345.7
1327630 1348.5
1327640 1348.5
1327650 1349.7
1327660 1351.7
1327670 1356.5
1327680 1356.5
1327690 1360.2
1327700 1364.4
1327710 1364.4
1327720 1369.5
1327730 1374.0
1327740 1374.0
1327750 1377.2
1327760 1380.7
1327770 1380.7
1327780 1384.9
1327790 1388.5
1327800 1388.5
1327810 1394.0
1327820 1397.5
1327830 1397.5
1327840 1401.7
1327850 1405.0
1327860 1405.0
1327870 1407.9
1327880 1409.8
1327890 1409.8
1327900 1410.7
1327910 1411.7
1327920 1412.5
1327930 1412.5
1327940 1412.9
1327950 1413.3
1327960 1413.3
1327970 1414.4
1327980 1417.6
1327990 1417.6
1328000 1420.2
1328010 1422.3
1328020 1422.3
1328030 1425.6
1328040 1428.7
1328050 1428.7
1328060 1432.2
1328070 1435.2
1328080 1435.2
1328090 1436.0
1328100 1436.3
1328110 1436.3
1328120 1439.5
1328130 1442.9
1328140 1442.9
1328150 1444.9
1328160 1446.1
1328170 1446.6
1328180 1446.6
1328190 1448.3
1328200 1450.7
1328210 1450.7
1328220 1453.3
1328230 1455.3
1328240 1455.3
1328250 1456.8
1328260 1458.6
1328270 1458.6
1328280 1460.7
1328290 1463.0
1328300 1463.0
1328310 1465.3
1328320 1469.2
1328330 1469.2
1328340 1475.1
1328350 1479.3
1328360 1479.3
1328370 1483.8
1328380 1487.7
1328390 1487.7
1328400 1491.4
1328410 1494.8
1328420 1494.8
1328430 1497.6
1328440 1500.1
1328450 1502.8
1328460 1502.8
1328470 1505.7
1328480 1507.8
1328490 1507.8
1328500 1509.8
1328510 1512.0
1328520 1512.0
1328530 1513.8
1328540 1516.5
1328550 1516.5
1328560 1519.4
1328570 1522.2
1328580 1522.2
1328590 1525.4
1328600 1529.0
1328610 1529.0
1328620 1532.2
1328630 1535.4
1328640 1535.4
1328650 1538.9
1328660 1542.2
1328670 1542.2
1328680 1545.4
1328690 1548.6
1328700 1551.5
1328710 1551.5
1328720 1553.8
1328730 1555.6
1328740 1555.6
1328750 1558.1
1328760 1560.8
1328770 1560.8
1328780 1563.1
1328790 1566.4
1328800 1566.4
1328810 1569.5
1328820 1571.2
1328830 1571.2
1328840 1573.6
1328850 1576.7
1328860 1576.7
1328870 1577.0
1328880 1577.9
1328890 1577.9
1328900 1581.3
1328910 1582.8
1328920 1582.8
1328930 1584.1
1328940 1586.3
1328950 1588.0
1328960 1588.0
1328970 1591.1
1328980 1594.1
1328990 1594.1
1329000 1597.4
1329010 1599.6
1329020 1599.6
1329030 1601.8
1329040 1604.1
1329050 1604.1
1329060 1606.4
1329070 1608.2
1329080 1606.3
1329090 1608.2
1329100 1609.8
1329110 1609.8
1329120 1611.5
1329130 1613.5
1329140 1613.5
1329150 1615.0
1329160 1616.6
1329170 1616.6
1329180 1618.9
1329190 1621.7
1329200 1621.7
1329210 1624.3
1329220 1626.5
1329230 1628.4
1329240 1628.4
1329250 1630.1
1329260 1632.5
1329270 1632.5
1329280 1634.6
1329290 1637.3
1329300 1637.3
1329310 1639.9
1329320 1644.9
1329330 1644.9
1329340 1648.4
1329350 1652.1
1329360 1652.1
1329370 1654.6
1329380 1659.6
1329390 1659.6
1329400 1663.9
1329410 1665.5
1329420 1665.5
1329430 1667.8
1329440 1670.8
1329450 1670.8
1329460 1674.2
1329470 1677.9
1329480 1680.6
1329490 1680.6
1329500 1682.7
1329510 1685.6
1329520 1685.6
1329530 1688.9
1329540 1692.0
1329550 1692.0
1329560 1694.7
1329570 1696.7
1329580 1696.7
1329590 1698.4
1329600 1700.6
1329610 1700.6
1329620 1703.2
1329630 1705.3
1329640 1705.3
1329650 1706.7
1329660 1708.4
1329670 1708.4
1329680 1710.9
1329690 1714.7
1329700 1714.7
1329710 1717.3
1329720 1720.6
1329730 1724.6
1329740 1724.6
1329750 1728.5
1329760 1730.4
1329770 1730.4
1329780 1732.6
1329790 1736.1
1329800 1736.1
1329810 1739.9
1329820 1742.5
1329830 1742.5
1329840 1744.1
1329850 1746.1
1329860 1746.1
1329870 1748.5
1329880 1751.3
1329890 1751.3
1329900 1751.6
1329910 1754.7
1329920 1754.7
1329930 1758.2
1329940 1762.0
1329950 1762.0
1329960 1765.8
1329970 1768.3
1329980 1768.3
1329990 1770.8
1330000 1774.0
1330010 1777.1
1330020 1777.1
1330030 1779.7
1330040 1782.3
1330050 1782.3
1330060 1785.5
1330070 1789.5
1330080 1789.5
1330090 1793.9
1330100 1798.9
1330110 1798.9
1330120 1803.8
1330130 1807.6
1330140 1807.6
1330150 1810.6
1330160 1813.6
1330170 1813.6
1330180 1817.1
1330190 1820.4
1330200 1820.4
1330210 1823.3
1330220 1825.6
1330230 1825.6
1330240 1828.0
1330250 1830.3
1330260 1832.0
1330270 1832.0
1330280 1834.2
1330290 1837.0
1330300 1837.0
1330310 1839.5
1330320 1842.1
1330330 1842.1
1330340 1843.9
1330350 1845.5
1330360 1845.5
1330370 1847.0
1330380 1847.7
1330390 1847.7
1330400 1848.7
1330410 1850.0
1330420 1850.0
1330430 1851.0
1330440 1851.4
1330450 1851.4
1330460 1852.4
1330470 1854.5
1330480 1854.5
1330490 1856.9
1330500 1859.5
1330510 1861.9
1330520 1861.9
1330530 1864.3
1330540 1867.0
1330550 1867.0
1330560 1870.1
1330570 1873.7
1330580 1873.7
1330590 1877.9
1330600 1881.9
1330610 1881.9
1330620 1885.9
1330630 1889.8
1330640 1889.8
1330650 1892.6
1330660 1895.1
1330670 1895.1
1330680 1897.3
1330690 1899.7
1330700 1899.7
1330710 1901.9
1330720 1902.9
1330730 1902.9
1330740 1905.2
1330750 1907.9
1330760 1907.9
1330770 1910.7
1330780 1914.2
1330790 1918.3
1330800 1918.3
1330810 1923.1
1330820 1927.0
1330830 1927.0
1330840 1932.3
1330850 1935.3
1330860 1935.3
1330870 1937.5
1330880 1941.1
1330890 1941.1
1330900 1945.9
1330910 1950.0
1330920 1950.0
1330930 1954.2
1330940 1958.2
1330950 1958.2
1330960 1961.8
1330970 1965.7
1330980 1965.7
1330990 1969.2
1331000 1971.9
1331010 1971.9
1331020 1974.5
1331030 1977.4
1331040 1980.1
1331050 1980.1
1331060 1981.8
1331070 1983.9
1331080 1983.9
1331090 1987.5
1331100 1991.1
1331110 1991.1
1331120 1995.3
1331130 1999.8
1331140 1999.8
1331150 2003.8
1331160 2007.2
1331170 2007.2
1331180 2011.2
1331190 2015.1
1331200 2015.1
1331210 2018.9
1331220 2022.7
1331230 2022.7
1331240 2026.3
1331250 2029.4
1331260 2029.4
1331270 2032.9
1331280 2037.6
1331290 2045.6
1331300 2045.6
1331310 2052.5
1331320 2057.0
1331330 2057.0
1331340 2060.2
1331350 2063.0
1331360 2063.0
1331370 2065.8
1331380 2068.7
1331390 2068.7
1331400 2071.4
1331410 2074.1
1331420 2074.1
1331430 2077.3
1331440 2080.3
1331450 2080.3
1331460 2083.5
1331470 2086.2
1331480 2086.2
1331490 2088.5
1331500 2090.4
1331510 2090.4
1331520 2092.0
1331530 2093.7
1331540 2093.7
1331550 2095.0
1331560 2098.3
1331570 2103.1
1331580 2103.1
1331590 2107.0
1331600 2107.4
1331610 2107.4
1331620 2107.6
1331630 2108.9
1331640 2108.9
1331650 2110.3
1331660 2112.0
1331670 2112.0
1331680 2113.4
1331690 2113.9
1331700 2113.9
1331710 2114.4
1331720 2114.8
1331730 2114.8
1331740 2115.5
1331750 2116.6
1331760 2116.6
1331770 2118.3
1331780 2120.5
1331790 2120.5
1331800 2123.3
1331810 2125.7
1331820 2130.4
1331830 2130.4
1331840 2136.4
1331850 2143.7
1331860 2143.7
1331870 2151.6
1331880 2157.1
1331890 2157.1
1331900 2160.3
1331910 2162.9
1331920 2162.9
1331930 2167.6
1331940 2171.3
1331950 2171.3
1331960 2174.5
1331970 2177.6
1331980 2177.6
1331990 2180.1
1332000 2183.5
1332010 2183.5
1332020 2188.4
1332030 2193.3
1332040 2193.3
1332050 2196.9
1332060 2201.4
1332070 2206.7
1332080 2206.7
1332090 2212.2
1332100 2217.4
1332110 2217.4
1332120 2222.5
1332130 2228.2
1332140 2228.2
1332150 2234.2
1332160 2240.8
1332170 2240.8
1332180 2247.3
1332190 2254.1
1332200 2254.1
1332210 2261.2
1332220 2268.8
1332230 2268.8
1332240 2276.9
1332250 2284.8
1332260 2284.8
1332270 2294.1
1332280 2303.6
1332290 2303.6
1332300 2313.6
1332310 2326.6
1332320 2326.6
1332330 2334.8
1332340 2341.4
1332350 2344.7
1332360 2344.7
1332370 2348.8
1332380 2352.4
1332390 2360.2
1332400 2364.6
1332410 2369.0
1332420 2369.0
1332430 2372.0
1332440 2374.5
1332450 2374.5
1332460 2378.6
1332470 2382.2
1332480 2382.2
1332490 2384.8
1332500 2388.2
1332510 2388.2
1332520 2391.6
1332530 2393.5
1332540 2393.5
1332550 2395.7
1332560 2397.9
1332570 2397.9
1332580 2399.0
1332590 2399.4
1332600 2397.2
1332610 2397.2
1332620 2395.5
1332630 2394.8
1332640 2394.8
1332650 2393.9
1332660 2392.7
1332670 2392.7
1332680 2392.4
1332690 2394.5
1332700 2394.5
1332710 2398.3
1332720 2400.6
1332730 2400.6
1332740 2401.6
1332750 2401.8
1332760 2401.8
1332770 2401.8
1332780 2402.2
1332790 2402.2
1332800 2400.7
1332810 2401.4
1332820 2401.4
1332830 2403.4
1332840 2407.3
1332850 2412.6
1332860 2412.6
1332870 2417.9
1332880 2423.7
1332890 2423.7
1332900 2429.3
1332910 2435.4
1332920 2435.4
1332930 2441.8
1332940 2447.4
1332950 2447.4
1332960 2448.4
1332970 2445.2
1332980 2445.2
1332990 2442.5
1333000 2439.7
1333010 2439.7
1333020 2436.1
1333030 2432.4
1333040 2432.4
1333050 2429.8
1333060 2428.3
1333070 2428.3
1333080 2427.7
1333090 2427.5
1333100 2427.5
1333110 2426.8
1333120 2426.4
1333130 2423.0
1333140 2423.0
1333150 2417.7
1333160 2412.9
1333170 2412.9
1333180 2410.0
1333190 2405.6
1333200 2405.6
1333210 2403.1
1333220 2400.2
1333230 2400.2
1333240 2398.1
1333250 2396.0
1333260 2396.0
1333270 2393.5
1333280 2387.9
1333290 2387.9
1333300 2381.0
1333310 2375.9
1333320 2375.9
1333330 2371.0
1333340 2365.6
1333350 2365.6
1333360 2359.6
1333370 2354.9
1333380 2350.9
1333390 2350.9
1333400 2347.6
1333410 2342.0
1333420 2342.0
1333430 2336.7
1333440 2332.9
1333450 2332.9
1333460 2330.4
1333470 2328.5
1333480 2328.5
1333490 2325.5
1333500 2322.9
1333510 2322.9
1333520 2319.2
1333530 2315.6
1333540 2315.6
1333550 2312.4
1333560 2308.8
1333570 2308.8
1333580 2307.9
1333590 2307.0
1333600 2307.0
1333610 2304.7
1333620 2301.2
1333630 2299.2
1333640 2299.2
1333650 2298.5
1333660 2298.0
1333670 2298.0
1333680 2297.7
1333690 2298.5
1333700 2298.5
1333710 2298.3
1333720 2297.4
1333730 2297.4
1333740 2297.4
1333750 2297.5
1333760 2297.5
1333770 2297.8
1333780 2297.9
1333790 2297.9
1333800 2291.0
1333810 2287.4
1333820 2287.4
1333830 2299.8
1333840 2301.5
1333850 2301.5
1333860 2303.1
1333870 2304.4
1333880 2304.8
1333890 2304.8
1333900 2304.2
1333910 2303.1
1333920 2303.1
1333930 2299.7
1333940 2295.6
1333950 2295.6
1333960 2291.0
1333970 2286.2
1333980 2286.2
1333990 2281.5
1334000 2276.2
1334010 2276.2
1334020 2271.1
1334030 2268.4
1334040 2268.4
1334050 2266.6
1334060 2264.4
1334070 2265.6
1334080 2260.2
1334090 2254.1
1334100 2254.1
1334110 2248.8
1334120 2245.4
1334130 2245.4
1334140 2242.6
1334150 2239.7
1334160 2236.9
1334170 2236.9
1334180 2234.3
1334190 2232.6
1334200 2232.6
1334210 2232.1
1334220 2232.0
1334230 2232.0
1334240 2232.0
1334250 2232.0
1334260 2232.0
1334270 2232.0
1334280 2232.0
1334290 2232.0
1334300 2232.0
1334310 2232.0
1334320 2232.0
1334330 2232.0
1334340 2232.0
1334350 2232.0
1334360 2232.1
1334370 2232.5
1334380 2232.5
1334390 2233.4
1334400 2234.2
1334410 2232.4
1334420 2232.4
1334430 2233.5
1334440 2237.2
1334450 2237.2
1334460 2238.9
1334470 2239.5
1334480 2239.5
1334490 2240.1
1334500 2240.5
1334510 2240.5
1334520 2240.7
1334530 2240.6
1334540 2240.6
1334550 2240.4
1334560 2240.4
1334570 2240.4
1334580 2240.6
1334590 2240.7
1334600 2240.7
1334610 2240.7
1334620 2240.8
1334630 2240.8
1334640 2241.0
1334650 2241.1
1334660 2241.3
1334670 2241.3
1334680 2240.9
1334690 2240.6
1334700 2240.6
1334710 2241.0
1334720 2241.0
1334730 2241.0
1334740 2240.8
1334750 2240.2
1334760 2240.2
1334770 2239.1
1334780 2237.7
1334790 2237.7
1334800 2236.7
1334810 2235.3
1334820 2235.3
1334830 2233.4
1334840 2231.4
1334850 2231.4
1334860 2229.0
1334870 2225.8
1334880 2225.8
1334890 2222.2
1334900 2218.7
1334910 2218.7
1334920 2219.8
1334930 2215.9
1334940 2212.0
1334950 2212.0
1334960 2207.1
1334970 2203.0
1334980 2203.0
1334990 2198.8
1335000 2194.9
1335010 2194.9
1335020 2191.1
1335030 2187.1
1335040 2187.1
1335050 2183.5
1335060 2179.7
1335070 2179.7
1335080 2175.6
1335090 2172.1
1335100 2172.1
1335110 2169.2
1335120 2165.9
1335130 2165.9
1335140 2163.0
1335150 2161.2
1335160 2161.2
1335170 2159.9
1335180 2158.7
1335190 2157.8
1335200 2157.8
1335210 2157.7
1335220 2158.3
1335230 2158.3
1335240 2159.5
1335250 2160.3
1335260 2160.3
1335270 2160.9
1335280 2161.5
1335290 2161.5
1335300 2163.1
1335310 2165.6
1335320 2165.6
1335330 2168.4
1335340 2170.9
1335350 2170.9
1335360 2173.7
1335370 2177.6
1335380 2177.6
1335390 2183.2
1335400 2188.0
1335410 2188.0
1335420 2191.2
1335430 2192.4
1335440 2191.6
1335450 2191.6
1335460 2189.8
1335470 2188.7
1335480 2188.7
1335490 2187.1
1335500 2185.5
1335510 2185.5
1335520 2183.5
1335530 2181.2
1335540 2181.2
1335550 2183.1
1335560 2186.4
1335570 2186.4
1335580 2188.6
1335590 2192.2
1335600 2192.2
1335610 2195.8
1335620 2199.7
1335630 2199.7
1335640 2205.2
1335650 2212.6
1335660 2212.6
1335670 2221.9
1335680 2232.7
1335690 2232.7
1335700 2240.5
1335710 2244.4
1335720 2248.5
1335730 2248.5
1335740 2253.3
1335750 2257.0
1335760 2257.0
1335770 2259.8
1335780 2262.1
1335790 2262.1
1335800 2264.3
1335810 2266.1
1335820 2266.1
1335830 2267.8
1335840 2269.0
1335850 2269.0
1335860 2269.5
1335870 2269.7
1335880 2269.7
1335890 2270.3
1335900 2274.3
1335910 2274.3
1335920 2276.6
1335930 2275.8
1335940 2275.8
1335950 2276.3
1335960 2278.4
1335970 2279.2
1335980 2279.2
1335990 2277.4
1336000 2276.8
1336010 2276.8
1336020 2275.8
1336030 2273.5
1336040 2273.5
1336050 2268.3
1336060 2262.6
1336070 2262.6
1336080 2262.8
1336090 2261.9
1336100 2261.9
1336110 2262.1
1336120 2264.4
1336130 2264.4
1336140 2268.1
1336150 2272.3
1336160 2272.3
1336170 2275.9
1336180 2276.2
1336190 2276.2
1336200 2274.9
1336210 2271.2
1336220 2256.4
1336230 2256.4
1336240 2240.7
1336250 2229.0
1336260 2229.0
1336270 2221.4
1336280 2228.0
1336290 2228.0
1336300 2243.0
1336310 2235.4
1336320 2235.4
1336330 2234.0
1336340 2239.5
1336350 2239.5
1336360 2234.3
1336370 2226.7
1336380 2226.7
1336390 2219.4
1336400 2208.1
1336410 2208.1
1336420 2194.6
1336430 2192.3
1336440 2192.3
1336450 2191.8
1336460 2190.8
1336470 2190.8
1336480 2188.8
1336490 2186.9
1336500 2185.9
1336510 2185.9
1336520 2187.2
1336530 2190.8
1336540 2190.8
1336550 2194.7
1336560 2196.9
1336570 2196.9
1336580 2197.0
1336590 2197.7
1336600 2197.7
1336610 2200.3
1336620 2203.0
1336630 2201.2
1336640 2204.8
1336650 2209.7
1336660 2209.7
1336670 2214.6
1336680 2218.8
1336690 2218.8
1336700 2223.1
1336710 2227.3
1336720 2227.3
1336730 2230.6
1336740 2234.6
1336750 2240.5
1336760 2240.5
1336770 2247.7
1336780 2253.3
1336790 2253.3
1336800 2256.3
1336810 2256.2
1336820 2256.2
1336830 2256.2
1336840 2257.6
1336850 2257.6
1336860 2261.2
1336870 2265.0
1336880 2265.0
1336890 2268.8
1336900 2273.4
1336910 2273.4
1336920 2275.8
1336930 2278.2
1336940 2278.2
1336950 2279.8
1336960 2279.9
1336970 2279.9
1336980 2280.9
1336990 2282.4
1337000 2284.0
1337010 2284.0
1337020 2284.8
1337030 2286.5
1337040 2286.5
1337050 2289.0
1337060 2290.2
1337070 2290.2
1337080 2290.5
1337090 2288.7
1337100 2288.7
1337110 2285.7
1337120 2284.4
1337130 2284.4
1337140 2282.6
1337150 2281.5
1337160 2281.5
1337170 2282.4
1337180 2285.5
1337190 2285.5
1337200 2289.5
1337210 2290.9
1337220 2290.9
1337230 2292.2
1337240 2294.8
1337250 2294.8
1337260 2295.6
1337270 2295.4
1337280 2293.2
1337290 2293.2
1337300 2292.0
1337310 2292.2
1337320 2292.2
1337330 2293.8
1337340 2295.7
1337350 2295.7
1337360 2295.8
1337370 2295.9
1337380 2295.9
1337390 2296.8
1337400 2297.8
1337410 2297.8
1337420 2298.3
1337430 2298.2
1337440 2298.2
1337450 2298.8
1337460 2298.1
1337470 2298.1
1337480 2296.0
1337490 2293.3
1337500 2293.3
1337510 2291.0
1337520 2285.3
1337530 2278.6
1337540 2278.6
1337550 2274.9
1337560 2269.5
1337570 2269.5
1337580 2259.6
1337590 2256.0
1337600 2256.0
1337610 2253.3
1337620 2250.7
1337630 2250.7
1337640 2246.8
1337650 2244.2
1337660 2244.2
1337670 2244.6
1337680 2244.0
1337690 2244.0
1337700 2241.3
1337710 2237.4
1337720 2237.4
1337730 2231.8
1337740 2225.9
1337750 2225.9
1337760 2220.9
1337770 2215.7
1337780 2210.2
1337790 2210.2
1337800 2204.2
1337810 2199.9
1337820 2199.9
1337830 2198.8
1337840 2199.4
1337850 2199.4
1337860 2199.3
1337870 2201.3
1337880 2201.3
1337890 2205.2
1337900 2209.8
1337910 2209.8
1337920 2212.5
1337930 2215.3
1337940 2215.3
1337950 2218.2
1337960 2221.9
1337970 2221.9
1337980 2226.8
1337990 2231.4
1338000 2231.4
1338010 2237.3
1338020 2237.9
1338030 2237.9
1338040 2235.1
1338050 2229.3
1338060 2222.8
1338070 2222.8
1338080 2217.5
1338090 2212.6
1338100 2212.6
1338110 2209.6
1338120 2206.6
1338130 2206.6
1338140 2202.8
1338150 2200.8
1338160 2200.8
1338170 2197.1
1338180 2193.0
1338190 2193.0
1338200 2187.4
1338210 2181.7
1338220 2181.7
1338230 2174.3
1338240 2166.1
1338250 2166.1
1338260 2158.7
1338270 2153.6
1338280 2153.6
1338290 2147.3
1338300 2138.5
1338310 2132.1
1338320 2132.1
1338330 2125.5
1338340 2118.3
1338350 2118.3
1338360 2107.7
1338370 2095.2
1338380 2095.2
1338390 2083.4
1338400 2072.4
1338410 2072.4
1338420 2065.6
1338430 2061.4
1338440 2061.4
1338450 2058.5
1338460 2055.6
1338470 2055.6
1338480 2053.9
1338490 2053.2
1338500 2053.2
1338510 2051.6
1338520 2050.9
1338530 2050.9
1338540 2049.5
1338550 2049.8
1338560 2047.8
1338570 2047.8
1338580 2045.0
1338590 2042.0
1338600 2042.0
1338610 2038.8
1338620 2037.8
1338630 2037.8
1338640 2037.2
1338650 2037.1
1338660 2037.1
1338670 2035.9
1338680 2035.2
1338690 2035.2
1338700 2033.1
1338710 2031.5
1338720 2031.5
1338730 2027.5
1338740 2025.5
1338750 2025.5
1338760 2024.2
1338770 2023.8
1338780 2023.8
1338790 2023.9
1338800 2023.4
1338810 2023.4
1338820 2022.7
1338830 2022.7
1338840 2022.3
1338850 2022.3
1338860 2021.3
1338870 2019.8
1338880 2019.8
1338890 2017.2
1338900 2015.9
1338910 2015.9
1338920 2016.0
1338930 2017.0
1338940 2017.0
1338950 2017.6
1338960 2018.8
1338970 2018.8
1338980 2020.6
1338990 2022.0
1339000 2022.0
1339010 2022.8
1339020 2023.2
1339030 2023.2
1339040 2024.7
1339050 2026.9
1339060 2026.9
1339070 2029.4
1339080 2032.7
1339090 2037.1
1339100 2037.1
1339110 2040.7
1339120 2041.9
1339130 2041.9
1339140 2044.5
1339150 2047.4
1339160 2047.4
1339170 2045.9
1339180 2043.3
1339190 2043.3
1339200 2045.8
1339210 2048.1
1339220 2048.1
1339230 2037.5
1339240 2036.4
1339250 2036.4
1339260 2036.3
1339270 2036.7
1339280 2036.7
1339290 2037.5
1339300 2037.6
1339310 2037.6
1339320 2041.0
1339330 2037.8
1339340 2034.3
1339350 2034.3
1339360 2034.0
1339370 2034.7
1339380 2034.7
1339390 2036.6
1339400 2038.3
1339410 2038.3
1339420 2039.7
1339430 2042.6
1339440 2042.6
1339450 2046.9
1339460 2049.7
1339470 2049.7
1339480 2053.8
1339490 2057.9
1339500 2057.9
1339510 2061.9
1339520 2063.2
1339530 2063.2
1339540 2063.2
1339550 2063.8
1339560 2063.8
1339570 2063.2
1339580 2061.2
1339590 2061.2
1339600 2059.7
1339610 2057.5
1339620 2053.8
1339630 2053.8
1339640 2049.6
1339650 2046.4
1339660 2046.4
1339670 2043.7
1339680 2041.5
1339690 2041.5
1339700 2039.9
1339710 2039.0
1339720 2039.0
1339730 2038.1
1339740 2037.8
1339750 2037.8
1339760 2038.6
1339770 2039.1
1339780 2039.1
1339790 2038.7
1339800 2038.6
1339810 2038.6
1339820 2039.9
1339830 2040.9
1339840 2040.9
1339850 2042.9
1339860 2044.8
1339870 2046.7
1339880 2046.7
1339890 2048.8
1339900 2051.1
1339910 2051.1
1339920 2053.5
1339930 2056.1
1339940 2056.1
1339950 2058.9
1339960 2061.7
1339970 2061.7
1339980 2064.0
1339990 2066.5
