1320000 1509.9
1320010 1507.3
1320020 1507.3
1320030 1505.1
1320040 1500.8
1320050 1500.8
1320060 1496.8
1320070 1492.6
1320080 1487.9
1320090 1487.9
1320100 1483.5
1320110 1478.9
1320120 1478.9
1320130 1473.5
1320140 1468.3
1320150 1468.3
1320160 1463.6
1320170 1458.3
1320180 1458.3
1320190 1453.4
1320200 1448.1
1320210 1448.1
1320220 1442.4
1320230 1436.8
1320240 1436.8
1320250 1431.5
1320260 1427.2
1320270 1427.2
1320280 1423.9
1320290 1419.9
1320300 1419.9
1320310 1414.3
1320320 1408.7
1320330 1408.7
1320340 1404.0
1320350 1399.2
1320360 1394.9
1320370 1394.9
1320380 1391.2
1320390 1388.2
1320400 1388.2
1320410 1385.6
1320420 1382.9
1320430 1382.9
1320440 1378.3
1320450 1372.5
1320460 1372.5
1320470 1368.3
1320480 1363.2
1320490 1363.2
1320500 1357.6
1320510 1355.0
1320520 1355.0
1320530 1353.1
1320540 1351.6
1320550 1351.6
1320560 1349.4
1320570 1346.5
1320580 1346.5
1320590 1342.8
1320600 1339.2
1320610 1335.1
1320620 1335.1
1320630 1330.8
1320640 1326.7
1320650 1326.7
1320660 1323.0
1320670 1320.1
1320680 1320.1
1320690 1317.5
1320700 1313.8
1320710 1313.8
1320720 1309.5
1320730 1306.0
1320740 1306.0
1320750 1303.1
1320760 1299.8
1320770 1299.8
1320780 1296.4
1320790 1292.8
1320800 1292.8
1320810 1287.9
1320820 1281.1
1320830 1281.1
1320840 1274.9
1320850 1270.7
1320860 1266.4
1320870 1266.4
1320880 1260.4
1320890 1254.1
1320900 1254.1
1320910 1248.5
1320920 1243.0
1320930 1243.0
1320940 1237.3
1320950 1232.2
1320960 1232.2
1320970 1227.8
1320980 1223.8
1320990 1223.8
1321000 1220.2
1321010 1216.9
1321020 1216.9
1321030 1213.3
1321040 1210.1
1321050 1210.1
1321060 1206.5
1321070 1201.5
1321080 1201.5
1321090 1197.1
1321100 1193.5
1321110 1193.5
1321120 1190.7
1321130 1187.7
1321140 1183.7
1321150 1183.7
1321160 1180.1
1321170 1175.4
1321180 1175.4
1321190 1168.8
1321200 1163.1
1321210 1163.1
1321220 1159.0
1321230 1155.6
1321240 1155.6
1321250 1152.8
1321260 1151.0
1321270 1151.0
1321280 1148.0
1321290 1146.2
1321300 1146.2
1321310 1142.0
1321320 1138.6
1321330 1138.6
1321340 1135.7
1321350 1132.4
1321360 1132.4
1321370 1129.1
1321380 1126.1
1321390 1120.4
1321400 1120.4
1321410 1115.1
1321420 1110.8
1321430 1110.8
1321440 1106.6
1321450 1101.1
1321460 1101.1
1321470 1095.8
1321480 1091.3
1321490 1091.3
1321500 1087.7
1321510 1083.9
1321520 1083.9
1321530 1079.6
1321540 1074.6
1321550 1074.6
1321560 1070.2
1321570 1066.3
1321580 1066.3
1321590 1061.1
1321600 1056.3
1321610 1056.3
1321620 1051.4
1321630 1046.1
1321640 1046.1
1321650 1040.5
1321660 1034.4
1321670 1029.4
1321680 1029.4
1321690 1025.2
1321700 1020.5
1321710 1020.5
1321720 1015.9
1321730 1013.7
1321740 1013.7
1321750 1007.9
1321760 1002.5
1321770 1002.5
1321780 998.1
1321790 994.1
1321800 994.1
1321810 990.3
1321820 986.5
1321830 986.5
1321840 982.6
1321850 978.2
1321860 978.2
1321870 972.5
1321880 966.3
1321890 966.3
1321900 960.2
1321910 954.7
1321920 949.6
1321930 949.6
1321940 944.6
1321950 940.7
1321960 940.7
1321970 939.5
1321980 937.6
1321990 937.6
1322000 933.2
1322010 927.6
1322020 927.6
1322030 923.5
1322040 920.5
1322050 920.5
1322060 916.9
1322070 914.5
1322080 914.5
1322090 910.3
1322100 903.9
1322110 903.9
1322120 896.2
1322130 889.6
1322140 889.6
1322150 881.8
1322160 873.5
1322170 866.6
1322180 866.6
1322190 859.9
1322200 853.0
1322210 853.0
1322220 847.8
1322230 844.3
1322240 844.3
1322250 840.8
1322260 836.9
1322270 836.9
1322280 834.5
1322290 828.1
1322300 828.1
1322310 820.1
1322320 814.2
1322330 814.2
1322340 810.9
1322350 808.3
1322360 808.3
1322370 804.0
1322380 799.3
1322390 799.3
1322400 795.4
1322410 791.2
1322420 791.2
1322430 788.6
1322440 787.1
1322450 785.6
1322460 785.6
1322470 784.2
1322480 783.0
1322490 783.0
1322500 781.6
1322510 780.7
1322520 780.7
1322530 780.4
1322540 780.3
1322550 780.3
1322560 780.3
1322570 781.1
1322580 781.1
1322590 782.4
1322600 783.8
1322610 783.8
1322620 785.7
1322630 787.8
1322640 787.8
1322650 789.6
1322660 791.1
1322670 791.1
1322680 792.9
1322690 794.4
1322700 794.8
1322710 794.8
1322720 794.5
1322730 793.8
1322740 793.8
1322750 793.0
1322760 791.9
1322770 791.9
1322780 791.1
1322790 790.1
1322800 790.1
1322810 788.8
1322820 787.3
1322830 787.3
1322840 786.1
1322850 785.6
1322860 784.7
1322870 783.9
1322880 783.6
1322890 783.6
1322900 783.1
1322910 782.3
1322920 782.3
1322930 781.5
1322940 780.8
1322950 779.3
1322960 779.3
1322970 776.6
1322980 771.6
1322990 771.6
1323000 763.9
1323010 751.8
1323020 751.8
1323030 745.0
1323040 741.5
1323050 741.5
1323060 740.4
1323070 737.1
1323080 737.1
1323090 732.4
1323100 728.5
1323110 728.5
1323120 726.5
1323130 726.2
1323140 726.2
1323150 726.7
1323160 726.0
1323170 726.0
1323180 722.6
1323190 718.3
1323200 718.3
1323210 715.4
1323220 713.1
1323230 709.0
1323240 709.0
1323250 706.8
1323260 705.8
1323270 705.8
1323280 708.1
1323290 717.1
1323300 717.1
1323310 723.3
1323320 724.6
1323330 724.6
1323340 721.7
1323350 716.8
1323360 716.8
1323370 711.1
1323380 702.7
1323390 702.7
1323400 697.9
1323410 694.6
1323420 694.6
1323430 689.9
1323440 681.1
1323450 681.1
1323460 666.6
1323470 656.8
1323480 648.1
1323490 648.1
1323500 640.3
1323510 633.6
1323520 633.6
1323530 627.1
1323540 619.7
1323550 619.7
1323560 612.6
1323570 605.0
1323580 605.0
1323590 596.7
1323600 588.1
1323610 588.1
1323620 580.7
1323630 578.4
1323640 578.4
1323650 579.3
1323660 579.1
1323670 579.1
1323680 578.7
1323690 578.6
1323700 578.6
1323710 578.5
1323720 578.3
1323730 578.1
1323740 578.1
1323750 577.9
1323760 577.4
1323770 577.4
1323780 576.9
1323790 576.4
1323800 576.4
1323810 575.7
1323820 575.1
1323830 575.1
1323840 574.5
1323850 574.2
1323860 574.2
1323870 573.9
1323880 573.5
1323890 573.5
1323900 573.0
1323910 572.2
1323920 572.2
1323930 571.5
1323940 571.1
1323950 571.1
1323960 570.7
1323970 570.3
1323980 570.3
1323990 569.7
1324000 569.2
1324010 568.8
1324020 568.8
1324030 568.4
1324040 567.9
1324050 567.9
1324060 567.4
1324070 566.9
1324080 566.9
1324090 566.3
1324100 565.9
1324110 565.9
1324120 565.7
1324130 565.5
1324140 565.5
1324150 565.2
1324160 564.6
1324170 564.6
1324180 564.0
1324190 563.5
1324200 563.5
1324210 563.0
1324220 562.5
1324230 562.5
1324240 562.2
1324250 561.8
1324260 561.1
1324270 561.1
1324280 561.0
1324290 560.4
1324300 560.4
1324310 559.3
1324320 559.1
1324330 559.1
1324340 559.1
1324350 559.0
1324360 559.0
1324370 559.1
1324380 559.3
1324390 559.3
1324400 559.3
1324410 558.9
1324420 558.9
1324430 558.9
1324440 558.9
1324450 558.9
1324460 558.9
1324470 559.0
1324480 559.0
1324490 559.1
1324500 559.1
1324510 559.1
1324520 559.1
1324530 559.1
1324540 559.2
1324550 559.2
1324560 559.2
1324570 559.4
1324580 559.4
1324590 559.5
1324600 559.5
1324610 559.5
1324620 559.6
1324630 559.8
1324640 559.8
1324650 560.0
1324660 560.4
1324670 560.4
1324680 560.4
1324690 558.7
1324700 558.7
1324710 556.9
1324720 556.3
1324730 556.3
1324740 556.4
1324750 558.1
1324760 558.1
1324770 560.0
1324780 561.1
1324790 561.9
1324800 561.9
1324810 561.3
1324820 561.0
1324830 561.0
1324840 559.8
1324850 560.7
1324860 560.7
1324870 561.7
1324880 564.3
1324890 564.3
1324900 570.7
1324910 577.5
1324920 577.5
1324930 584.4
1324940 591.8
1324950 591.8
1324960 598.2
1324970 605.3
1324980 605.3
1324990 611.7
1325000 618.5
1325010 618.5
1325020 626.6
1325030 634.0
1325040 641.0
1325050 641.0
1325060 647.6
1325070 654.3
1325080 654.3
1325090 660.6
1325100 666.8
1325110 666.8
1325120 674.1
1325130 679.3
1325140 679.3
1325150 684.3
1325160 689.6
1325170 689.6
1325180 695.4
1325190 701.2
1325200 701.2
1325210 708.1
1325220 716.0
1325230 716.0
1325240 723.5
1325250 730.1
1325260 730.1
1325270 736.5
1325280 743.2
1325290 743.2
1325300 750.4
1325310 757.8
1325320 768.0
1325330 768.0
1325340 778.3
1325350 788.2
1325360 788.2
1325370 798.6
1325380 806.6
1325390 806.6
1325400 816.9
1325410 824.0
1325420 824.0
1325430 828.8
1325440 834.7
1325450 834.7
1325460 841.5
1325470 849.9
1325480 849.9
1325490 859.2
1325500 869.7
1325510 869.7
1325520 875.8
1325530 880.3
1325540 880.3
1325550 884.9
1325560 888.9
1325570 893.0
1325580 893.0
1325590 896.8
1325600 900.1
1325610 900.1
1325620 903.4
1325630 905.9
1325640 905.9
1325650 908.9
1325660 912.6
1325670 912.6
1325680 916.1
1325690 919.7
1325700 919.7
1325710 923.7
1325720 927.2
1325730 927.2
1325740 930.6
1325750 933.6
1325760 933.6
1325770 937.6
1325780 941.9
1325790 941.9
1325800 945.9
1325810 950.0
1325820 956.9
1325830 956.9
1325840 964.9
1325850 975.3
1325860 975.3
1325870 984.5
1325880 989.2
1325890 989.2
1325900 992.6
1325910 995.8
1325920 995.8
1325930 998.8
1325940 1002.6
1325950 1002.6
1325960 1008.2
1325970 1014.2
1325980 1014.2
1325990 1020.3
1326000 1027.8
1326010 1027.8
1326020 1035.5
1326030 1043.2
1326040 1041.4
1326050 1048.7
1326060 1053.7
1326070 1053.7
1326080 1057.9
1326090 1061.6
1326100 1064.9
1326110 1064.9
1326120 1068.3
1326130 1071.6
1326140 1071.6
1326150 1074.4
1326160 1076.9
1326170 1076.9
1326180 1079.8
1326190 1084.7
1326200 1084.7
1326210 1090.4
1326220 1097.0
1326230 1097.0
1326240 1102.2
1326250 1107.6
1326260 1107.6
1326270 1111.5
1326280 1113.8
1326290 1113.8
1326300 1115.6
1326310 1118.1
1326320 1118.1
1326330 1120.9
1326340 1124.4
1326350 1128.2
1326360 1128.2
1326370 1132.4
1326380 1136.8
1326390 1136.8
1326400 1141.4
1326410 1146.2
1326420 1146.2
1326430 1151.9
1326440 1157.9
1326450 1157.9
1326460 1161.9
1326470 1165.0
1326480 1165.0
1326490 1168.4
1326500 1172.7
1326510 1172.7
1326520 1176.7
1326530 1180.6
1326540 1180.6
1326550 1184.6
1326560 1189.4
1326570 1189.4
1326580 1195.2
1326590 1200.5
1326600 1204.9
1326610 1204.9
1326620 1209.5
1326630 1214.6
1326640 1214.6
1326650 1219.8
1326660 1224.3
1326670 1224.3
1326680 1227.9
1326690 1231.0
1326700 1231.0
1326710 1234.4
1326720 1239.0
1326730 1239.0
1326740 1243.2
1326750 1246.9
1326760 1246.9
1326770 1250.9
1326780 1254.8
1326790 1254.8
1326800 1259.4
1326810 1263.9
1326820 1263.9
1326830 1268.6
1326840 1272.3
1326850 1272.3
1326860 1276.3
1326870 1280.1
1326880 1283.4
1326890 1283.4
1326900 1286.7
1326910 1289.3
1326920 1289.3
1326930 1291.1
1326940 1294.3
1326950 1294.3
1326960 1297.6
1326970 1300.9
1326980 1300.9
1326990 1305.6
1327000 1311.3
1327010 1311.3
1327020 1315.7
1327030 1320.4
1327040 1320.4
1327050 1327.0
1327060 1331.5
1327070 1331.5
1327080 1333.6
1327090 1335.4
1327100 1335.4
1327110 1337.4
1327120 1339.2
1327130 1341.3
1327140 1341.3
1327150 1343.6
1327160 1345.4
1327170 1345.4
1327180 1347.1
1327190 1349.8
1327200 1349.8
1327210 1353.0
1327220 1357.2
1327230 1357.2
1327240 1361.4
1327250 1364.4
1327260 1364.4
1327270 1368.3
1327280 1371.9
1327290 1371.9
1327300 1375.1
1327310 1378.4
1327320 1378.4
1327330 1381.0
1327340 1385.8
1327350 1385.8
1327360 1392.4
1327370 1397.8
1327380 1403.7
1327390 1403.7
1327400 1407.0
1327410 1410.1
1327420 1410.1
1327430 1413.6
1327440 1418.1
1327450 1418.1
1327460 1423.0
1327470 1427.3
1327480 1427.3
1327490 1431.7
1327500 1435.8
1327510 1435.8
1327520 1439.3
1327530 1442.1
1327540 1442.1
1327550 1445.5
1327560 1449.3
1327570 1449.3
1327580 1452.7
1327590 1456.8
1327600 1456.8
1327610 1461.1
1327620 1464.1
1327630 1464.1
1327640 1465.8
1327650 1463.8
1327660 1464.3
1327670 1464.3
1327680 1464.2
1327690 1465.6
1327700 1465.6
1327710 1466.8
1327720 1469.2
1327730 1469.2
1327740 1470.8
1327750 1472.2
1327760 1472.2
1327770 1474.1
1327780 1476.0
1327790 1476.0
1327800 1479.7
1327810 1483.6
1327820 1483.6
1327830 1485.5
1327840 1488.6
1327850 1488.6
1327860 1491.7
1327870 1494.5
1327880 1494.5
1327890 1496.4
1327900 1498.4
1327910 1501.7
1327920 1501.7
1327930 1506.3
1327940 1510.6
1327950 1510.6
1327960 1513.9
1327970 1516.7
1327980 1516.7
1327990 1520.8
1328000 1525.3
1328010 1525.3
1328020 1529.1
1328030 1532.4
1328040 1532.4
1328050 1535.2
1328060 1537.6
1328070 1537.6
1328080 1540.2
1328090 1542.8
1328100 1542.8
1328110 1545.3
1328120 1548.7
1328130 1548.7
1328140 1551.7
1328150 1553.5
1328160 1556.7
1328170 1556.7
1328180 1561.2
1328190 1564.9
1328200 1564.9
1328210 1568.4
1328220 1571.2
1328230 1571.2
1328240 1575.7
1328250 1581.4
1328260 1581.4
1328270 1586.4
1328280 1590.8
1328290 1590.8
1328300 1595.9
1328310 1601.6
1328320 1601.6
1328330 1606.9
1328340 1612.1
1328350 1612.1
1328360 1616.8
1328370 1621.4
1328380 1621.4
1328390 1625.9
1328400 1630.4
1328410 1630.4
1328420 1635.3
1328430 1639.2
1328440 1643.4
1328450 1643.4
1328460 1647.4
1328470 1647.4
1328480 1647.4
1328490 1650.8
1328500 1654.0
1328510 1654.0
1328520 1656.8
1328530 1659.8
1328540 1659.8
1328550 1662.6
1328560 1665.8
1328570 1665.8
1328580 1669.3
1328590 1672.3
1328600 1672.3
1328610 1675.3
1328620 1677.7
1328630 1677.7
1328640 1680.7
1328650 1684.8
1328660 1684.8
1328670 1688.9
1328680 1692.9
1328690 1697.0
1328700 1697.0
1328710 1700.3
1328720 1703.5
1328730 1703.5
1328740 1705.6
1328750 1707.7
1328760 1707.7
1328770 1709.7
1328780 1712.3
1328790 1712.3
1328800 1715.7
1328810 1719.1
1328820 1719.1
1328830 1722.3
1328840 1725.3
1328850 1725.3
1328860 1728.2
1328870 1731.7
1328880 1731.7
1328890 1735.9
1328900 1739.3
1328910 1739.3
1328920 1742.6
1328930 1745.1
1328940 1747.1
1328950 1747.1
1328960 1749.3
1328970 1751.8
1328980 1751.8
1328990 1753.7
1329000 1756.2
1329010 1756.2
1329020 1759.7
1329030 1763.7
1329040 1763.7
1329050 1766.2
1329060 1768.7
1329070 1768.7
1329080 1771.2
1329090 1774.8
1329100 1774.8
1329110 1779.2
1329120 1783.3
1329130 1783.3
1329140 1786.9
1329150 1790.6
1329160 1790.6
1329170 1794.1
1329180 1796.8
1329190 1796.8
1329200 1799.2
1329210 1801.4
1329220 1803.2
1329230 1803.2
1329240 1805.6
1329250 1808.4
1329260 1808.4
1329270 1811.9
1329280 1815.8
1329290 1812.2
1329300 1814.6
1329310 1816.9
1329320 1816.9
1329330 1818.9
1329340 1820.7
1329350 1820.7
1329360 1823.2
1329370 1825.5
1329380 1825.5
1329390 1828.1
1329400 1831.7
1329410 1831.7
1329420 1835.1
1329430 1837.9
1329440 1837.9
1329450 1840.7
1329460 1842.2
1329470 1843.2
1329480 1843.2
1329490 1845.7
1329500 1848.0
1329510 1848.0
1329520 1849.7
1329530 1851.9
1329540 1851.9
1329550 1853.8
1329560 1856.4
1329570 1856.4
1329580 1859.7
1329590 1862.4
1329600 1862.4
1329610 1865.0
1329620 1867.5
1329630 1867.5
1329640 1869.9
1329650 1871.9
1329660 1871.9
1329670 1873.2
1329680 1874.0
1329690 1874.0
1329700 1874.6
1329710 1876.0
1329720 1876.0
1329730 1878.5
1329740 1881.3
1329750 1883.8
1329760 1883.8
1329770 1886.1
1329780 1888.8
1329790 1888.8
1329800 1892.2
1329810 1895.3
1329820 1895.3
1329830 1897.3
1329840 1899.1
1329850 1899.1
1329860 1900.6
1329870 1901.6
1329880 1901.6
1329890 1903.1
1329900 1903.8
1329910 1903.8
1329920 1904.4
1329930 1905.8
1329940 1905.8
1329950 1907.8
1329960 1910.4
1329970 1910.4
1329980 1912.9
1329990 1915.9
1330000 1918.5
1330010 1918.5
1330020 1920.3
1330030 1922.4
1330040 1922.4
1330050 1925.1
1330060 1927.6
1330070 1927.6
1330080 1929.9
1330090 1931.9
1330100 1931.9
1330110 1930.2
1330120 1932.3
1330130 1932.3
1330140 1934.8
1330150 1937.4
1330160 1937.4
1330170 1939.6
1330180 1941.8
1330190 1941.8
1330200 1944.2
1330210 1946.4
1330220 1946.4
1330230 1948.4
1330240 1949.8
1330250 1951.0
1330260 1951.0
1330270 1952.1
1330280 1953.1
1330290 1953.1
1330300 1954.3
1330310 1955.5
1330320 1955.5
1330330 1958.2
1330340 1962.2
1330350 1962.2
1330360 1967.0
1330370 1970.4
1330380 1970.4
1330390 1973.9
1330400 1977.3
1330410 1977.3
1330420 1980.3
1330430 1983.3
1330440 1983.3
1330450 1986.4
1330460 1989.7
1330470 1989.7
1330480 1993.5
1330490 1997.4
1330500 1997.4
1330510 2000.6
1330520 2005.2
1330530 2011.6
1330540 2011.6
1330550 2017.1
1330560 2021.6
1330570 2021.6
1330580 2025.4
1330590 2029.0
1330600 2029.0
1330610 2032.2
1330620 2035.2
1330630 2035.2
1330640 2038.1
1330650 2040.4
1330660 2040.4
1330670 2042.4
1330680 2044.6
1330690 2044.6
1330700 2046.9
1330710 2048.9
1330720 2048.9
1330730 2051.5
1330740 2054.0
1330750 2054.0
1330760 2056.4
1330770 2058.7
1330780 2060.9
1330790 2060.9
1330800 2063.1
1330810 2065.8
1330820 2065.8
1330830 2068.5
1330840 2071.4
1330850 2071.4
1330860 2074.2
1330870 2076.4
1330880 2076.4
1330890 2078.4
1330900 2080.6
1330910 2080.6
1330920 2082.6
1330930 2081.4
1330940 2081.4
1330950 2083.0
1330960 2084.6
1330970 2084.6
1330980 2086.2
1330990 2085.7
1331000 2085.7
1331010 2084.3
1331020 2083.5
1331030 2082.8
1331040 2082.8
1331050 2082.5
1331060 2082.9
1331070 2082.9
1331080 2083.9
1331090 2085.1
1331100 2085.1
1331110 2085.9
1331120 2086.2
1331130 2086.2
1331140 2086.8
1331150 2087.4
1331160 2087.4
1331170 2088.0
1331180 2088.5
1331190 2088.5
1331200 2089.7
1331210 2090.8
1331220 2090.8
1331230 2093.1
1331240 2095.9
1331250 2095.9
1331260 2097.1
1331270 2097.3
1331280 2097.3
1331290 2098.6
1331300 2100.7
1331310 2102.9
1331320 2102.9
1331330 2105.1
1331340 2107.4
1331350 2107.4
1331360 2109.4
1331370 2111.9
1331380 2111.9
1331390 2116.3
1331400 2121.0
1331410 2121.0
1331420 2125.2
1331430 2128.0
1331440 2128.0
1331450 2129.5
1331460 2131.8
1331470 2131.8
1331480 2134.0
1331490 2135.7
1331500 2135.7
1331510 2137.8
1331520 2139.6
1331530 2139.6
1331540 2140.0
1331550 2140.1
1331560 2145.8
1331570 2145.8
1331580 2151.3
1331590 2155.7
1331600 2155.7
1331610 2161.1
1331620 2163.3
1331630 2163.3
1331640 2164.3
1331650 2168.6
1331660 2168.6
1331670 2173.9
1331680 2179.0
1331690 2179.0
1331700 2184.0
1331710 2189.2
1331720 2189.2
1331730 2192.4
1331740 2193.8
1331750 2193.8
1331760 2198.6
1331770 2202.1
1331780 2202.1
1331790 2203.6
1331800 2205.0
1331810 2208.2
1331820 2208.2
1331830 2210.8
1331840 2213.2
1331850 2213.2
1331860 2214.4
1331870 2213.8
1331880 2213.8
1331890 2212.8
1331900 2213.7
1331910 2213.7
1331920 2213.3
1331930 2214.5
1331940 2214.5
1331950 2217.7
1331960 2221.1
1331970 2221.1
1331980 2223.9
1331990 2227.3
1332000 2227.3
1332010 2231.4
1332020 2235.5
1332030 2235.5
1332040 2239.5
1332050 2242.9
1332060 2242.9
1332070 2246.2
1332080 2250.9
1332090 2254.7
1332100 2254.7
1332110 2259.0
1332120 2264.3
1332130 2264.3
1332140 2269.8
1332150 2276.0
1332160 2276.0
1332170 2282.9
1332180 2289.8
1332190 2289.8
1332200 2305.8
1332210 2324.4
1332220 2324.4
1332230 2341.7
1332240 2351.2
1332250 2351.2
1332260 2350.3
1332270 2345.6
1332280 2345.6
1332290 2349.1
1332300 2347.8
1332310 2347.8
1332320 2351.7
1332330 2359.8
1332340 2359.3
1332350 2359.3
1332360 2353.7
1332370 2351.3
1332380 2351.3
1332390 2353.2
1332400 2355.6
1332410 2355.6
1332420 2360.6
1332430 2363.9
1332440 2363.9
1332450 2364.4
1332460 2364.7
1332470 2364.7
1332480 2364.5
1332490 2360.5
1332500 2360.5
1332510 2354.8
1332520 2349.8
1332530 2349.8
1332540 2345.8
1332550 2343.6
1332560 2343.6
1332570 2343.9
1332580 2344.1
1332590 2344.1
1332600 2343.3
1332610 2346.8
1332620 2348.2
1332630 2348.2
1332640 2348.1
1332650 2346.3
1332660 2346.3
1332670 2342.7
1332680 2336.5
1332690 2336.5
1332700 2330.0
1332710 2328.6
1332720 2328.6
1332730 2328.1
1332740 2327.4
1332750 2327.4
1332760 2325.3
1332770 2324.6
1332780 2324.6
1332790 2323.6
1332800 2322.6
1332810 2322.6
1332820 2321.5
1332830 2318.0
1332840 2318.0
1332850 2315.5
1332860 2315.6
1332870 2316.2
1332880 2316.2
1332890 2317.2
1332900 2318.1
1332910 2318.1
1332920 2320.1
1332930 2323.4
1332940 2323.4
1332950 2327.4
1332960 2331.2
1332970 2331.2
1332980 2334.6
1332990 2337.6
1333000 2337.6
1333010 2341.4
1333020 2346.5
1333030 2346.5
1333040 2351.4
1333050 2355.4
1333060 2355.4
1333070 2358.5
1333080 2363.3
1333090 2363.3
1333100 2370.1
1333110 2376.7
1333120 2383.5
1333130 2383.5
1333140 2390.8
1333150 2396.2
1333160 2396.2
1333170 2401.1
1333180 2405.4
1333190 2405.4
1333200 2409.6
1333210 2413.4
1333220 2413.4
1333230 2416.1
1333240 2419.7
1333250 2419.7
1333260 2424.2
1333270 2427.8
1333280 2427.8
1333290 2429.6
1333300 2432.3
1333310 2432.3
1333320 2435.5
1333330 2439.6
1333340 2439.6
1333350 2442.4
1333360 2441.3
1333370 2441.3
1333380 2439.8
1333390 2440.2
1333400 2437.9
1333410 2437.9
1333420 2435.6
1333430 2434.3
1333440 2433.8
1333450 2432.4
1333460 2432.2
1333470 2432.2
1333480 2430.8
1333490 2428.5
1333500 2428.5
1333510 2429.5
1333520 2431.6
1333530 2431.6
1333540 2434.7
1333550 2438.7
1333560 2438.7
1333570 2440.9
1333580 2441.4
1333590 2441.4
1333600 2441.0
1333610 2439.5
1333620 2439.5
1333630 2437.6
1333640 2436.4
1333650 2435.6
1333660 2435.6
1333670 2434.8
1333680 2434.1
1333690 2434.1
1333700 2433.3
1333710 2430.1
1333720 2430.1
1333730 2425.0
1333740 2418.0
1333750 2418.0
1333760 2411.7
1333770 2398.8
1333780 2398.8
1333790 2388.0
1333800 2378.9
1333810 2378.9
1333820 2371.7
1333830 2357.0
1333840 2357.0
1333850 2344.1
1333860 2338.0
1333870 2338.0
1333880 2332.9
1333890 2328.6
1333900 2326.0
1333910 2326.0
1333920 2324.6
1333930 2323.5
1333940 2323.5
1333950 2317.8
1333960 2312.6
1333970 2312.6
1333980 2309.6
1333990 2311.5
1334000 2311.5
1334010 2315.5
1334020 2317.0
1334030 2317.0
1334040 2319.1
1334050 2319.0
1334060 2319.0
1334070 2314.0
1334080 2307.3
1334090 2307.3
1334100 2303.8
1334110 2298.6
1334120 2298.6
1334130 2297.7
1334140 2297.8
1334150 2297.8
1334160 2297.8
1334170 2297.4
1334180 2296.7
1334190 2296.7
1334200 2295.5
1334210 2293.7
1334220 2293.7
1334230 2291.7
1334240 2290.3
1334250 2290.3
1334260 2288.5
1334270 2286.3
1334280 2284.8
1334290 2284.1
1334300 2284.1
1334310 2284.1
1334320 2286.2
1334330 2289.2
1334340 2289.2
1334350 2291.7
1334360 2294.5
1334370 2294.5
1334380 2299.1
1334390 2305.0
1334400 2305.0
1334410 2305.7
1334420 2302.5
1334430 2297.2
1334440 2297.2
1334450 2290.9
1334460 2284.7
1334470 2284.7
1334480 2276.5
1334490 2273.6
1334500 2273.6
1334510 2272.4
1334520 2270.5
1334530 2270.5
1334540 2269.0
1334550 2266.6
1334560 2266.6
1334570 2264.8
1334580 2263.3
1334590 2263.3
1334600 2260.8
1334610 2260.3
1334620 2260.3
1334630 2260.8
1334640 2261.6
1334650 2261.6
1334660 2264.0
1334670 2264.8
1334680 2264.5
1334690 2264.5
1334700 2263.9
1334710 2263.3
1334720 2263.3
1334730 2261.8
1334740 2259.6
1334750 2259.6
1334760 2256.8
1334770 2252.3
1334780 2252.3
1334790 2247.0
1334800 2243.1
1334810 2243.1
1334820 2240.9
1334830 2238.8
1334840 2238.8
1334850 2237.1
1334860 2235.9
1334870 2235.9
1334880 2234.8
1334890 2234.9
1334900 2234.9
1334910 2239.1
1334920 2242.5
1334930 2242.5
1334940 2237.8
1334950 2236.5
1334960 2234.7
1334970 2234.7
1334980 2234.7
1334990 2234.8
1335000 2234.8
1335010 2236.2
1335020 2236.2
1335030 2236.2
1335040 2235.4
1335050 2236.4
1335060 2236.4
1335070 2239.6
1335080 2245.9
1335090 2245.9
1335100 2246.8
1335110 2245.0
1335120 2245.0
1335130 2231.9
1335140 2228.3
1335150 2228.3
1335160 2224.9
1335170 2223.4
1335180 2223.4
1335190 2222.9
1335200 2222.0
1335210 2223.0
1335220 2223.0
1335230 2225.5
1335240 2229.1
1335250 2229.1
1335260 2232.3
1335270 2235.5
1335280 2235.5
1335290 2238.9
1335300 2239.5
1335310 2239.5
1335320 2238.5
1335330 2238.0
1335340 2238.0
1335350 2239.1
1335360 2238.3
1335370 2238.3
1335380 2238.9
1335390 2240.4
1335400 2240.4
1335410 2241.9
1335420 2245.0
1335430 2245.0
1335440 2248.3
1335450 2251.2
1335460 2252.5
1335470 2252.5
1335480 2250.5
1335490 2248.6
1335500 2248.6
1335510 2249.3
1335520 2250.4
1335530 2250.4
1335540 2254.3
1335550 2260.1
1335560 2260.1
1335570 2265.9
1335580 2271.3
1335590 2271.3
1335600 2275.5
1335610 2278.8
1335620 2278.8
1335630 2281.7
1335640 2284.1
1335650 2284.1
1335660 2286.4
1335670 2287.2
1335680 2287.2
1335690 2287.2
1335700 2287.4
1335710 2287.4
1335720 2287.9
1335730 2288.2
1335740 2288.5
1335750 2288.5
1335760 2288.4
1335770 2287.5
1335780 2287.5
1335790 2286.5
1335800 2286.6
1335810 2286.6
1335820 2287.2
1335830 2287.9
1335840 2287.9
1335850 2292.3
1335860 2298.1
1335870 2298.1
1335880 2301.8
1335890 2306.4
1335900 2306.4
1335910 2308.9
1335920 2310.3
1335930 2310.3
1335940 2310.8
1335950 2309.0
1335960 2309.0
1335970 2307.9
1335980 2307.6
1335990 2308.2
1336000 2308.2
1336010 2309.4
1336020 2309.7
1336030 2309.7
1336040 2310.3
1336050 2310.7
1336060 2310.7
1336070 2311.2
1336080 2313.1
1336090 2313.1
1336100 2316.1
1336110 2318.7
1336120 2318.7
1336130 2320.2
1336140 2322.6
1336150 2322.6
1336160 2327.6
1336170 2334.2
1336180 2334.2
1336190 2341.4
1336200 2345.2
1336210 2345.2
1336220 2349.8
1336230 2355.0
1336240 2357.6
1336250 2357.6
1336260 2357.8
1336270 2357.5
1336280 2357.5
1336290 2359.6
1336300 2365.0
1336310 2365.0
1336320 2370.2
1336330 2376.8
1336340 2376.8
1336350 2383.0
1336360 2390.6
1336370 2390.6
1336380 2398.5
1336390 2402.0
1336400 2402.0
1336410 2394.9
1336420 2384.5
1336430 2384.5
1336440 2375.3
1336450 2367.6
1336460 2367.6
1336470 2360.9
1336480 2354.5
1336490 2354.5
1336500 2349.0
1336510 2345.1
1336520 2341.2
1336530 2341.2
1336540 2336.6
1336550 2331.3
1336560 2331.3
1336570 2326.5
1336580 2322.3
1336590 2322.3
1336600 2318.9
1336610 2318.0
1336620 2318.0
1336630 2318.2
1336640 2318.1
1336650 2318.1
1336660 2317.6
1336670 2317.4
1336680 2317.4
1336690 2316.1
1336700 2308.3
1336710 2308.3
1336720 2300.4
1336730 2297.2
1336740 2297.2
1336750 2296.6
1336760 2296.0
1336770 2293.4
1336780 2293.4
1336790 2290.5
1336800 2290.7
1336810 2290.7
1336820 2295.6
1336830 2301.2
1336840 2301.2
1336850 2300.4
1336860 2305.7
1336870 2305.7
1336880 2312.9
1336890 2321.2
1336900 2321.2
1336910 2327.9
1336920 2335.1
1336930 2335.1
1336940 2339.4
1336950 2340.5
1336960 2340.5
1336970 2339.8
1336980 2339.2
1336990 2339.2
1337000 2340.3
1337010 2344.0
1337020 2348.7
1337030 2348.7
1337040 2354.6
1337050 2362.3
1337060 2362.3
1337070 2369.0
1337080 2372.8
1337090 2372.8
1337100 2370.5
1337110 2368.6
1337120 2368.6
1337130 2368.8
1337140 2368.0
1337150 2368.0
1337160 2363.9
1337170 2359.7
1337180 2359.7
1337190 2357.0
1337200 2354.6
1337210 2354.6
1337220 2353.9
1337230 2352.1
1337240 2352.1
1337250 2349.4
1337260 2346.9
1337270 2346.9
1337280 2343.8
1337290 2339.8
1337300 2333.1
1337310 2333.1
1337320 2327.9
1337330 2324.7
1337340 2324.7
1337350 2319.1
1337360 2314.8
1337370 2314.8
1337380 2310.4
1337390 2304.6
1337400 2304.6
1337410 2301.4
1337420 2299.1
1337430 2299.1
1337440 2297.7
1337450 2297.8
1337460 2297.8
1337470 2297.3
1337480 2297.1
1337490 2297.1
1337500 2300.7
1337510 2305.7
1337520 2305.7
1337530 2310.4
1337540 2315.4
1337550 2321.0
1337560 2321.0
1337570 2324.5
1337580 2327.1
1337590 2327.1
1337600 2330.3
1337610 2332.2
1337620 2332.2
1337630 2333.1
1337640 2333.6
1337650 2333.6
1337660 2334.2
1337670 2335.5
1337680 2335.5
1337690 2338.4
1337700 2339.1
1337710 2346.4
1337720 2345.0
1337730 2341.1
1337740 2341.1
1337750 2336.9
1337760 2333.0
1337770 2333.0
1337780 2330.2
1337790 2327.2
1337800 2327.2
1337810 2322.4
1337820 2317.9
1337830 2316.0
1337840 2316.0
1337850 2318.1
1337860 2321.3
1337870 2321.3
1337880 2321.9
1337890 2321.8
1337900 2321.8
1337910 2324.3
1337920 2329.3
1337930 2329.3
1337940 2331.1
1337950 2332.4
1337960 2332.4
1337970 2330.9
1337980 2327.9
1337990 2327.9
1338000 2325.7
1338010 2328.2
1338020 2328.2
1338030 2331.3
1338040 2327.7
1338050 2327.7
1338060 2326.2
1338070 2325.2
1338080 2324.8
1338090 2324.8
1338100 2324.3
1338110 2322.7
1338120 2322.7
1338130 2317.9
1338140 2311.2
1338150 2311.2
1338160 2305.7
1338170 2301.6
1338180 2301.6
1338190 2296.7
1338200 2291.5
1338210 2291.5
1338220 2286.8
1338230 2281.2
1338240 2281.2
1338250 2276.5
1338260 2270.7
1338270 2270.7
1338280 2265.6
1338290 2261.2
1338300 2261.2
1338310 2256.3
1338320 2252.3
1338330 2248.7
1338340 2248.7
1338350 2244.9
1338360 2238.5
1338370 2238.5
1338380 2229.7
1338390 2224.0
1338400 2224.0
1338410 2219.7
1338420 2215.8
1338430 2215.8
1338440 2211.1
1338450 2209.7
1338460 2209.7
1338470 2211.3
1338480 2216.9
1338490 2216.9
1338500 2221.9
1338510 2225.6
1338520 2225.6
1338530 2227.7
1338540 2228.9
1338550 2228.9
1338560 2230.2
1338570 2232.6
1338580 2238.0
1338590 2238.6
1338600 2240.9
1338610 2243.6
1338620 2243.6
1338630 2246.4
1338640 2247.4
1338650 2247.4
1338660 2249.9
1338670 2253.5
1338680 2253.5
1338690 2254.0
1338700 2256.5
1338710 2256.5
1338720 2260.6
1338730 2265.8
1338740 2265.8
1338750 2269.3
1338760 2269.9
1338770 2269.9
1338780 2267.0
1338790 2263.7
1338800 2263.7
1338810 2261.3
1338820 2255.5
1338830 2255.5
1338840 2249.0
1338850 2242.3
1338860 2235.1
1338870 2235.1
1338880 2227.4
1338890 2220.4
1338900 2220.4
1338910 2214.2
1338920 2207.9
1338930 2207.9
1338940 2202.6
1338950 2196.6
1338960 2196.6
1338970 2190.5
1338980 2184.7
1338990 2184.7
1339000 2178.4
1339010 2172.7
1339020 2172.7
1339030 2169.1
1339040 2165.9
1339050 2165.9
1339060 2162.6
1339070 2158.8
1339080 2158.8
1339090 2155.9
1339100 2153.9
1339110 2158.1
1339120 2158.1
1339130 2163.2
1339140 2167.0
1339150 2167.0
1339160 2169.9
1339170 2171.6
1339180 2171.6
1339190 2174.7
1339200 2180.7
1339210 2180.7
1339220 2187.6
1339230 2194.9
1339240 2194.9
1339250 2202.3
1339260 2209.7
1339270 2209.7
1339280 2218.3
1339290 2226.9
1339300 2226.9
1339310 2236.7
1339320 2243.1
1339330 2243.1
1339340 2250.8
1339350 2257.8
1339360 2257.8
1339370 2259.9
1339380 2261.7
1339390 2266.8
1339400 2266.8
1339410 2267.1
1339420 2260.5
1339430 2260.5
1339440 2252.9
1339450 2243.9
1339460 2240.5
1339470 2234.7
1339480 2235.6
1339490 2235.6
1339500 2236.5
1339510 2236.9
1339520 2236.9
1339530 2234.7
1339540 2231.5
1339550 2231.5
1339560 2226.2
1339570 2223.3
1339580 2223.3
1339590 2216.9
1339600 2207.7
1339610 2207.7
1339620 2203.6
1339630 2202.9
1339640 2203.8
1339650 2203.8
1339660 2204.5
1339670 2209.0
1339680 2209.0
1339690 2212.2
1339700 2212.5
1339710 2212.5
1339720 2209.6
1339730 2206.8
1339740 2206.8
1339750 2204.2
1339760 2200.6
1339770 2200.6
1339780 2197.2
1339790 2193.8
1339800 2193.8
1339810 2189.1
1339820 2186.9
1339830 2186.9
1339840 2183.9
1339850 2180.6
1339860 2180.6
1339870 2177.5
1339880 2173.7
1339890 2167.7
1339900 2167.7
1339910 2162.9
1339920 2155.5
1339930 2155.5
1339940 2150.2
1339950 2147.4
1339960 2147.4
1339970 2146.0
1339980 2144.8
1339990 2144.8
