1320000 1378.6
1320010 1378.4
1320020 1378.4
1320030 1374.1
1320040 1368.6
1320050 1368.6
1320060 1364.6
1320070 1362.0
1320080 1362.0
1320090 1360.2
1320100 1357.6
1320110 1357.6
1320120 1354.8
1320130 1351.6
1320140 1351.6
1320150 1348.2
1320160 1344.6
1320170 1344.6
1320180 1340.3
1320190 1336.5
1320200 1336.5
1320210 1333.7
1320220 1330.9
1320230 1335.3
1320240 1335.1
1320250 1336.3
1320260 1333.9
1320270 1333.9
1320280 1329.0
1320290 1324.1
1320300 1324.1
1320310 1319.3
1320320 1315.0
1320330 1315.0
1320340 1309.9
1320350 1303.9
1320360 1303.9
1320370 1300.0
1320380 1296.8
1320390 1296.8
1320400 1294.1
1320410 1291.5
1320420 1291.5
1320430 1288.0
1320440 1284.6
1320450 1284.6
1320460 1281.5
1320470 1280.2
1320480 1280.2
1320490 1279.5
1320500 1276.8
1320510 1276.8
1320520 1273.5
1320530 1269.2
1320540 1266.6
1320550 1266.6
1320560 1264.8
1320570 1263.1
1320580 1263.1
1320590 1259.2
1320600 1256.0
1320610 1256.0
1320620 1252.7
1320630 1248.1
1320640 1248.1
1320650 1244.3
1320660 1240.0
1320670 1240.0
1320680 1236.1
1320690 1230.0
1320700 1230.0
1320710 1225.4
1320720 1219.8
1320730 1219.8
1320740 1214.0
1320750 1208.3
1320760 1208.3
1320770 1203.1
1320780 1198.0
1320790 1193.0
1320800 1193.0
1320810 1188.8
1320820 1184.9
1320830 1184.9
1320840 1181.0
1320850 1176.8
1320860 1176.8
1320870 1172.0
1320880 1167.6
1320890 1167.6
1320900 1163.0
1320910 1157.9
1320920 1157.9
1320930 1152.8
1320940 1147.8
1320950 1147.8
1320960 1142.3
1320970 1136.5
1320980 1136.5
1320990 1132.4
1321000 1128.6
1321010 1131.1
1321020 1126.6
1321030 1122.3
1321040 1122.3
1321050 1118.2
1321060 1113.8
1321070 1109.6
1321080 1109.6
1321090 1105.3
1321100 1100.9
1321110 1100.9
1321120 1096.2
1321130 1091.4
1321140 1091.4
1321150 1086.9
1321160 1082.5
1321170 1082.5
1321180 1078.6
1321190 1074.9
1321200 1074.9
1321210 1071.6
1321220 1068.6
1321230 1068.6
1321240 1065.1
1321250 1061.9
1321260 1061.9
1321270 1059.7
1321280 1057.4
1321290 1057.4
1321300 1055.0
1321310 1050.6
1321320 1045.5
1321330 1045.5
1321340 1041.4
1321350 1036.4
1321360 1036.4
1321370 1032.4
1321380 1029.0
1321390 1029.0
1321400 1025.3
1321410 1021.9
1321420 1021.9
1321430 1018.4
1321440 1014.6
1321450 1014.6
1321460 1011.4
1321470 1008.4
1321480 1008.4
1321490 1004.8
1321500 999.8
1321510 999.8
1321520 994.1
1321530 989.2
1321540 989.2
1321550 984.0
1321560 979.2
1321570 974.9
1321580 974.9
1321590 970.7
1321600 967.1
1321610 967.1
1321620 964.4
1321630 959.9
1321640 959.9
1321650 953.6
1321660 947.6
1321670 947.6
1321680 942.9
1321690 938.8
1321700 938.8
1321710 936.5
1321720 933.1
1321730 933.1
1321740 926.9
1321750 921.8
1321760 921.8
1321770 916.5
1321780 909.5
1321790 913.6
1321800 907.1
1321810 901.1
1321820 901.1
1321830 894.9
1321840 887.3
1321850 882.0
1321860 882.0
1321870 878.1
1321880 875.2
1321890 875.2
1321900 872.0
1321910 869.2
1321920 869.2
1321930 866.5
1321940 864.0
1321950 864.0
1321960 860.9
1321970 857.2
1321980 857.2
1321990 854.3
1322000 852.0
1322010 852.0
1322020 849.1
1322030 846.3
1322040 846.3
1322050 843.3
1322060 839.9
1322070 839.9
1322080 836.2
1322090 832.0
1322100 827.5
1322110 827.5
1322120 823.9
1322130 820.6
1322140 820.6
1322150 817.0
1322160 812.4
1322170 812.4
1322180 808.3
1322190 804.4
1322200 804.4
1322210 801.3
1322220 798.3
1322230 798.3
1322240 795.5
1322250 793.2
1322260 793.2
1322270 790.5
1322280 787.3
1322290 787.3
1322300 783.3
1322310 779.3
1322320 779.3
1322330 775.2
1322340 772.3
1322350 769.9
1322360 769.9
1322370 768.2
1322380 765.6
1322390 765.6
1322400 764.2
1322410 763.3
1322420 763.3
1322430 762.4
1322440 761.8
1322450 761.8
1322460 762.0
1322470 763.5
1322480 763.5
1322490 764.4
1322500 764.2
1322510 764.2
1322520 763.4
1322530 762.3
1322540 762.3
1322550 760.4
1322560 758.0
1322570 760.4
1322580 758.2
1322590 756.0
1322600 756.0
1322610 751.6
1322620 746.6
1322630 743.6
1322640 743.6
1322650 742.0
1322660 740.5
1322670 740.5
1322680 739.6
1322690 738.6
1322700 738.6
1322710 737.1
1322720 735.9
1322730 735.9
1322740 735.2
1322750 735.7
1322760 735.7
1322770 736.7
1322780 737.8
1322790 737.8
1322800 739.5
1322810 739.5
1322820 739.5
1322830 739.8
1322840 737.4
1322850 737.4
1322860 732.9
1322870 729.2
1322880 726.1
1322890 726.1
1322900 722.2
1322910 718.9
1322920 718.9
1322930 714.6
1322940 709.0
1322950 709.0
1322960 704.7
1322970 699.8
1322980 699.8
1322990 695.5
1323000 692.8
1323010 692.8
1323020 690.9
1323030 689.6
1323040 689.6
1323050 688.6
1323060 686.2
1323070 686.2
1323080 683.9
1323090 682.0
1323100 682.0
1323110 679.0
1323120 676.3
1323130 676.3
1323140 672.9
1323150 670.3
1323160 667.8
1323170 667.8
1323180 664.0
1323190 660.3
1323200 660.3
1323210 657.1
1323220 654.1
1323230 654.1
1323240 651.0
1323250 646.6
1323260 646.6
1323270 641.4
1323280 637.7
1323290 637.7
1323300 636.0
1323310 634.7
1323320 634.7
1323330 633.1
1323340 632.8
1323350 632.8
1323360 631.3
1323370 630.9
1323380 630.9
1323390 630.1
1323400 628.6
1323410 626.6
1323420 626.6
1323430 624.3
1323440 621.5
1323450 621.5
1323460 618.0
1323470 614.5
1323480 614.5
1323490 611.0
1323500 606.0
1323510 606.0
1323520 599.1
1323530 591.8
1323540 591.8
1323550 586.7
1323560 583.9
1323570 583.9
1323580 578.9
1323590 574.9
1323600 574.9
1323610 571.0
1323620 567.0
1323630 567.0
1323640 563.9
1323650 561.2
1323660 557.7
1323670 557.7
1323680 557.2
1323690 557.8
1323700 557.8
1323710 557.7
1323720 557.8
1323730 557.8
1323740 557.7
1323750 557.7
1323760 557.7
1323770 557.8
1323780 557.9
1323790 557.9
1323800 557.9
1323810 557.9
1323820 557.9
1323830 558.0
1323840 558.0
1323850 558.0
1323860 557.9
1323870 557.8
1323880 557.8
1323890 557.8
1323900 557.8
1323910 557.8
1323920 557.8
1323930 557.8
1323940 557.7
1323950 557.7
1323960 557.7
1323970 557.7
1323980 557.7
1323990 557.6
1324000 557.7
1324010 557.7
1324020 557.7
1324030 557.8
1324040 557.8
1324050 557.9
1324060 557.9
1324070 557.9
1324080 558.0
1324090 558.0
1324100 558.0
1324110 558.1
1324120 558.2
1324130 558.2
1324140 558.3
1324150 558.3
1324160 558.3
1324170 558.4
1324180 558.4
1324190 558.4
1324200 558.4
1324210 558.4
1324220 558.5
1324230 558.5
1324240 558.7
1324250 558.7
1324260 558.7
1324270 558.7
1324280 558.6
1324290 558.6
1324300 558.7
1324310 558.7
1324320 558.7
1324330 558.7
1324340 558.8
1324350 558.8
1324360 558.9
1324370 559.1
1324380 559.1
1324390 559.3
1324400 559.5
1324410 559.5
1324420 559.2
1324430 558.1
1324440 558.1
1324450 557.0
1324460 555.6
1324470 555.1
1324480 555.1
1324490 555.1
1324500 555.2
1324510 555.2
1324520 556.5
1324530 559.2
1324540 559.2
1324550 560.7
1324560 561.2
1324570 561.2
1324580 561.3
1324590 561.7
1324600 561.7
1324610 561.9
1324620 562.0
1324630 562.0
1324640 560.7
1324650 558.7
1324660 558.7
1324670 559.4
1324680 560.3
1324690 560.3
1324700 560.8
1324710 561.1
1324720 560.9
1324730 560.9
1324740 560.9
1324750 561.1
1324760 561.1
1324770 561.3
1324780 561.8
1324790 561.8
1324800 561.3
1324810 561.9
1324820 561.9
1324830 563.4
1324840 566.4
1324850 566.4
1324860 570.2
1324870 574.7
1324880 574.7
1324890 579.9
1324900 585.1
1324910 585.1
1324920 591.1
1324930 600.2
1324940 600.2
1324950 605.9
1324960 616.3
1324970 627.7
1324980 627.7
1324990 641.4
1325000 649.9
1325010 649.9
1325020 657.5
1325030 665.4
1325040 665.4
1325050 673.4
1325060 680.5
1325070 680.5
1325080 686.2
1325090 692.0
1325100 692.0
1325110 698.5
1325120 704.5
1325130 704.5
1325140 709.7
1325150 714.0
1325160 714.0
1325170 717.9
1325180 721.7
1325190 721.7
1325200 725.8
1325210 731.9
1325220 731.9
1325230 737.4
1325240 741.8
1325250 745.8
1325260 745.8
1325270 750.1
1325280 755.6
1325290 755.6
1325300 758.3
1325310 762.5
1325320 762.5
1325330 766.3
1325340 769.3
1325350 769.3
1325360 775.4
1325370 782.3
1325380 782.3
1325390 786.7
1325400 792.7
1325410 792.7
1325420 797.5
1325430 802.7
1325440 802.7
1325450 808.8
1325460 815.1
1325470 815.1
1325480 820.9
1325490 827.1
1325500 833.6
1325510 833.6
1325520 839.1
1325530 844.1
1325540 844.1
1325550 848.7
1325560 853.4
1325570 853.4
1325580 859.3
1325590 866.0
1325600 866.0
1325610 872.3
1325620 878.5
1325630 878.5
1325640 884.2
1325650 890.4
1325660 890.4
1325670 896.4
1325680 901.9
1325690 901.9
1325700 905.6
1325710 911.7
1325720 911.7
1325730 920.4
1325740 927.7
1325750 933.1
1325760 933.1
1325770 940.4
1325780 949.6
1325790 949.6
1325800 957.4
1325810 962.9
1325820 962.9
1325830 967.7
1325840 974.4
1325850 974.4
1325860 981.2
1325870 987.8
1325880 987.8
1325890 994.4
1325900 1000.7
1325910 1000.7
1325920 1005.7
1325930 1010.9
1325940 1010.9
1325950 1017.3
1325960 1023.2
1325970 1023.2
1325980 1029.5
1325990 1035.0
1326000 1035.0
1326010 1041.1
1326020 1049.8
1326030 1059.4
1326040 1059.4
1326050 1069.7
1326060 1076.5
1326070 1076.5
1326080 1081.5
1326090 1088.1
1326100 1088.1
1326110 1095.4
1326120 1105.1
1326130 1105.1
1326140 1113.6
1326150 1119.3
1326160 1119.3
1326170 1125.5
1326180 1131.2
1326190 1131.2
1326200 1138.6
1326210 1145.8
1326220 1145.8
1326230 1151.7
1326240 1156.4
1326250 1156.4
1326260 1161.4
1326270 1165.5
1326280 1167.9
1326290 1167.9
1326300 1171.8
1326310 1178.3
1326320 1178.3
1326330 1182.8
1326340 1187.1
1326350 1187.1
1326360 1190.1
1326370 1191.6
1326380 1191.6
1326390 1195.0
1326400 1202.9
1326410 1202.9
1326420 1211.2
1326430 1217.4
1326440 1217.4
1326450 1220.9
1326460 1224.9
1326470 1224.9
1326480 1230.3
1326490 1235.5
1326500 1235.5
1326510 1239.4
1326520 1242.8
1326530 1242.8
1326540 1246.2
1326550 1252.4
1326560 1258.0
1326570 1258.0
1326580 1262.3
1326590 1265.0
1326600 1265.0
1326610 1267.6
1326620 1270.2
1326630 1270.2
1326640 1273.8
1326650 1279.1
1326660 1279.1
1326670 1283.7
1326680 1288.7
1326690 1288.7
1326700 1294.2
1326710 1298.7
1326720 1298.7
1326730 1302.7
1326740 1305.6
1326750 1305.6
1326760 1309.7
1326770 1314.8
1326780 1314.8
1326790 1319.2
1326800 1322.3
1326810 1324.9
1326820 1324.9
1326830 1327.1
1326840 1329.2
1326850 1329.2
1326860 1332.1
1326870 1334.8
1326880 1334.8
1326890 1338.8
1326900 1343.2
1326910 1343.2
1326920 1348.2
1326930 1353.0
1326940 1353.0
1326950 1357.4
1326960 1363.0
1326970 1363.0
1326980 1367.5
1326990 1371.9
1327000 1371.9
1327010 1375.6
1327020 1378.4
1327030 1378.4
1327040 1382.3
1327050 1387.5
1327060 1393.1
1327070 1393.1
1327080 1397.5
1327090 1403.0
1327100 1403.0
1327110 1410.3
1327120 1418.5
1327130 1418.5
1327140 1424.6
1327150 1429.9
1327160 1429.9
1327170 1435.2
1327180 1440.8
1327190 1440.8
1327200 1447.5
1327210 1454.2
1327220 1454.2
1327230 1457.9
1327240 1462.2
1327250 1462.2
1327260 1467.5
1327270 1470.7
1327280 1470.7
1327290 1472.4
1327300 1474.0
1327310 1474.0
1327320 1476.0
1327330 1479.2
1327340 1483.5
1327350 1483.5
1327360 1486.3
1327370 1490.9
1327380 1490.9
1327390 1494.9
1327400 1498.2
1327410 1498.2
1327420 1500.7
1327430 1502.6
1327440 1502.6
1327450 1504.4
1327460 1506.4
1327470 1506.4
1327480 1508.9
1327490 1511.9
1327500 1511.9
1327510 1515.3
1327520 1519.6
1327530 1519.6
1327540 1524.9
1327550 1529.3
1327560 1529.3
1327570 1532.5
1327580 1534.7
1327590 1537.6
1327600 1537.6
1327610 1540.3
1327620 1543.7
1327630 1543.7
1327640 1548.1
1327650 1552.8
1327660 1552.8
1327670 1557.7
1327680 1562.5
1327690 1562.5
1327700 1566.6
1327710 1570.3
1327720 1570.3
1327730 1573.6
1327740 1576.6
1327750 1576.6
1327760 1579.7
1327770 1582.8
1327780 1582.8
1327790 1585.2
1327800 1587.4
1327810 1587.4
1327820 1590.0
1327830 1592.2
1327840 1592.2
1327850 1594.4
1327860 1597.0
1327870 1599.6
1327880 1599.6
1327890 1602.2
1327900 1605.1
1327910 1605.1
1327920 1608.0
1327930 1611.4
1327940 1611.4
1327950 1615.4
1327960 1619.6
1327970 1619.6
1327980 1623.4
1327990 1626.7
1328000 1626.7
1328010 1630.4
1328020 1635.0
1328030 1635.0
1328040 1639.3
1328050 1643.4
1328060 1643.4
1328070 1646.8
1328080 1649.2
1328090 1649.2
1328100 1650.8
1328110 1653.4
1328120 1656.4
1328130 1656.4
1328140 1658.9
1328150 1662.7
1328160 1662.7
1328170 1666.4
1328180 1669.8
1328190 1669.8
1328200 1672.4
1328210 1675.5
1328220 1675.5
1328230 1679.0
1328240 1682.3
1328250 1682.3
1328260 1685.2
1328270 1687.7
1328280 1687.7
1328290 1689.6
1328300 1691.5
1328310 1691.5
1328320 1693.3
1328330 1694.7
1328340 1694.7
1328350 1696.2
1328360 1697.7
1328370 1699.8
1328380 1699.8
1328390 1702.5
1328400 1706.0
1328410 1706.0
1328420 1708.4
1328430 1712.0
1328440 1712.0
1328450 1716.5
1328460 1721.8
1328470 1721.8
1328480 1726.3
1328490 1730.2
1328500 1730.2
1328510 1734.3
1328520 1738.9
1328530 1738.9
1328540 1743.2
1328550 1746.1
1328560 1746.1
1328570 1747.7
1328580 1748.6
1328590 1748.6
1328600 1750.5
1328610 1752.7
1328620 1752.7
1328630 1755.0
1328640 1756.9
1328650 1758.6
1328660 1758.6
1328670 1761.4
1328680 1764.8
1328690 1764.8
1328700 1768.7
1328710 1772.7
1328720 1772.7
1328730 1776.6
1328740 1780.4
1328750 1780.4
1328760 1785.2
1328770 1791.1
1328780 1791.1
1328790 1797.1
1328800 1802.5
1328810 1802.5
1328820 1808.7
1328830 1815.5
1328840 1815.5
1328850 1821.5
1328860 1827.0
1328870 1827.0
1328880 1832.1
1328890 1837.2
1328900 1842.8
1328910 1842.8
1328920 1847.7
1328930 1851.9
1328940 1851.9
1328950 1855.9
1328960 1859.9
1328970 1859.9
1328980 1863.4
1328990 1865.0
1329000 1865.0
1329010 1869.0
1329020 1871.8
1329030 1871.8
1329040 1873.4
1329050 1874.3
1329060 1874.3
1329070 1876.2
1329080 1879.0
1329090 1879.0
1329100 1881.7
1329110 1885.3
1329120 1885.3
1329130 1889.2
1329140 1892.4
1329150 1892.4
1329160 1896.4
1329170 1900.2
1329180 1903.4
1329190 1903.4
1329200 1906.2
1329210 1909.0
1329220 1909.0
1329230 1912.3
1329240 1916.2
1329250 1916.2
1329260 1920.1
1329270 1923.9
1329280 1923.9
1329290 1927.1
1329300 1930.2
1329310 1930.2
1329320 1933.3
1329330 1936.0
1329340 1936.0
1329350 1937.7
1329360 1940.1
1329370 1940.1
1329380 1940.8
1329390 1941.9
1329400 1941.9
1329410 1945.2
1329420 1947.1
1329430 1949.5
1329440 1949.5
1329450 1952.7
1329460 1956.1
1329470 1956.1
1329480 1959.1
1329490 1961.7
1329500 1961.7
1329510 1964.9
1329520 1968.4
1329530 1968.4
1329540 1970.5
1329550 1974.0
1329560 1974.0
1329570 1979.4
1329580 1984.7
1329590 1984.7
1329600 1987.4
1329610 1990.1
1329620 1990.1
1329630 1994.1
1329640 1997.7
1329650 1997.7
1329660 2000.0
1329670 2001.8
1329680 2003.4
1329690 2003.4
1329700 2004.6
1329710 2006.0
1329720 2006.0
1329730 2007.5
1329740 2009.4
1329750 2009.4
1329760 2011.5
1329770 2013.2
1329780 2013.2
1329790 2014.7
1329800 2016.8
1329810 2015.3
1329820 2017.3
1329830 2019.0
1329840 2019.0
1329850 2020.6
1329860 2021.9
1329870 2021.9
1329880 2022.8
1329890 2025.7
1329900 2025.7
1329910 2031.0
1329920 2035.5
1329930 2035.5
1329940 2040.2
1329950 2044.7
1329960 2049.7
1329970 2049.7
1329980 2054.1
1329990 2057.9
1330000 2057.9
1330010 2062.2
1330020 2067.6
1330030 2067.6
1330040 2072.4
1330050 2075.4
1330060 2075.4
1330070 2079.1
1330080 2082.6
1330090 2082.6
1330100 2086.0
1330110 2090.1
1330120 2090.1
1330130 2095.1
1330140 2100.0
1330150 2100.0
1330160 2105.2
1330170 2110.3
1330180 2110.3
1330190 2115.1
1330200 2119.6
1330210 2124.0
1330220 2124.0
1330230 2127.1
1330240 2130.3
1330250 2130.3
1330260 2134.7
1330270 2139.1
1330280 2139.1
1330290 2143.5
1330300 2146.9
1330310 2146.9
1330320 2149.1
1330330 2152.1
1330340 2152.1
1330350 2155.4
1330360 2158.5
1330370 2158.5
1330380 2161.6
1330390 2164.7
1330400 2164.7
1330410 2167.3
1330420 2169.2
1330430 2169.2
1330440 2170.2
1330450 2170.5
1330460 2169.6
1330470 2169.6
1330480 2169.7
1330490 2170.7
1330500 2170.7
1330510 2173.2
1330520 2177.5
1330530 2177.5
1330540 2181.4
1330550 2184.3
1330560 2184.3
1330570 2187.3
1330580 2191.4
1330590 2191.4
1330600 2194.8
1330610 2198.2
1330620 2198.2
1330630 2200.1
1330640 2194.8
1330650 2194.8
1330660 2193.2
1330670 2191.9
1330680 2191.9
1330690 2192.4
1330700 2192.4
1330710 2192.4
1330720 2193.5
1330730 2193.3
1330740 2193.4
1330750 2193.4
1330760 2194.9
1330770 2196.6
1330780 2196.6
1330790 2197.9
1330800 2199.3
1330810 2199.3
1330820 2200.3
1330830 2200.7
1330840 2200.7
1330850 2202.5
1330860 2204.4
1330870 2204.4
1330880 2205.8
1330890 2209.4
1330900 2209.4
1330910 2213.1
1330920 2215.2
1330930 2215.2
1330940 2217.7
1330950 2219.7
1330960 2219.7
1330970 2222.9
1330980 2227.4
1330990 2231.4
1331000 2231.4
1331010 2234.7
1331020 2238.5
1331030 2238.5
1331040 2240.8
1331050 2241.5
1331060 2241.5
1331070 2241.9
1331080 2240.7
1331090 2240.7
1331100 2239.0
1331110 2237.0
1331120 2237.0
1331130 2235.7
1331140 2236.0
1331150 2236.0
1331160 2236.1
1331170 2238.1
1331180 2238.1
1331190 2240.8
1331200 2243.8
1331210 2243.8
1331220 2247.6
1331230 2251.9
1331240 2251.9
1331250 2255.5
1331260 2259.0
1331270 2263.9
1331280 2263.9
1331290 2269.1
1331300 2272.5
1331310 2272.5
1331320 2276.3
1331330 2278.4
1331340 2278.4
1331350 2280.5
1331360 2285.6
1331370 2285.6
1331380 2290.5
1331390 2288.0
1331400 2288.0
1331410 2287.5
1331420 2287.7
1331430 2287.7
1331440 2287.4
1331450 2288.9
1331460 2280.9
1331470 2284.7
1331480 2289.9
1331490 2289.9
1331500 2294.8
1331510 2299.6
1331520 2304.8
1331530 2304.8
1331540 2309.0
1331550 2312.7
1331560 2312.7
1331570 2315.6
1331580 2317.1
1331590 2317.1
1331600 2314.7
1331610 2311.1
1331620 2311.1
1331630 2309.9
1331640 2309.3
1331650 2309.3
1331660 2309.1
1331670 2308.0
1331680 2308.0
1331690 2309.7
1331700 2311.5
1331710 2311.5
1331720 2311.8
1331730 2311.9
1331740 2311.9
1331750 2312.4
1331760 2310.4
1331770 2308.5
1331780 2308.5
1331790 2313.1
1331800 2314.3
1331810 2314.3
1331820 2310.4
1331830 2307.0
1331840 2307.0
1331850 2308.9
1331860 2305.9
1331870 2305.9
1331880 2299.8
1331890 2287.1
1331900 2287.1
1331910 2277.6
1331920 2270.8
1331930 2270.8
1331940 2265.7
1331950 2262.9
1331960 2262.9
1331970 2263.0
1331980 2262.9
1331990 2262.9
1332000 2260.2
1332010 2257.6
1332020 2257.6
1332030 2255.4
1332040 2250.4
1332050 2241.7
1332060 2241.7
1332070 2236.0
1332080 2231.1
1332090 2231.1
1332100 2226.5
1332110 2223.4
1332120 2223.4
1332130 2220.8
1332140 2217.5
1332150 2217.5
1332160 2213.7
1332170 2210.7
1332180 2210.7
1332190 2209.3
1332200 2208.0
1332210 2208.0
1332220 2206.8
1332230 2205.2
1332240 2205.2
1332250 2203.8
1332260 2202.8
1332270 2202.8
1332280 2204.2
1332290 2208.1
1332300 2216.4
1332310 2216.4
1332320 2220.0
1332330 2221.4
1332340 2221.4
1332350 2218.3
1332360 2213.2
1332370 2213.2
1332380 2209.8
1332390 2204.9
1332400 2204.9
1332410 2199.5
1332420 2197.4
1332430 2197.4
1332440 2196.9
1332450 2194.9
1332460 2194.9
1332470 2191.2
1332480 2187.2
1332490 2187.2
1332500 2181.8
1332510 2176.8
1332520 2176.8
1332530 2173.5
1332540 2171.3
1332550 2171.3
1332560 2170.1
1332570 2170.0
1332580 2170.1
1332590 2170.1
1332600 2168.6
1332610 2166.4
1332620 2166.4
1332630 2163.2
1332640 2160.6
1332650 2160.6
1332660 2159.7
1332670 2157.9
1332680 2157.9
1332690 2155.3
1332700 2152.3
1332710 2152.3
1332720 2149.6
1332730 2146.0
1332740 2146.0
1332750 2142.1
1332760 2138.9
1332770 2138.9
1332780 2139.2
1332790 2141.5
1332800 2141.5
1332810 2143.2
1332820 2143.8
1332830 2143.7
1332840 2143.7
1332850 2143.0
1332860 2142.0
1332870 2142.0
1332880 2140.3
1332890 2138.2
1332900 2138.2
1332910 2137.7
1332920 2138.0
1332930 2138.0
1332940 2138.1
1332950 2137.7
1332960 2137.7
1332970 2137.2
1332980 2135.3
1332990 2135.3
1333000 2133.8
1333010 2135.6
1333020 2135.6
1333030 2140.1
1333040 2144.6
1333050 2144.6
1333060 2145.4
1333070 2146.1
1333080 2147.0
1333090 2147.0
1333100 2147.3
1333110 2147.6
1333120 2147.6
1333130 2152.1
1333140 2155.8
1333150 2155.8
1333160 2161.5
1333170 2166.9
1333180 2166.9
1333190 2171.8
1333200 2177.0
1333210 2177.0
1333220 2182.0
1333230 2187.2
1333240 2187.2
1333250 2192.0
1333260 2196.3
1333270 2196.3
1333280 2199.2
1333290 2201.6
1333300 2201.6
1333310 2203.8
1333320 2204.1
1333330 2204.1
1333340 2204.8
1333350 2205.7
1333360 2207.6
1333370 2207.6
1333380 2210.0
1333390 2212.1
1333400 2212.1
1333410 2214.1
1333420 2216.7
1333430 2216.7
1333440 2219.7
1333450 2222.8
1333460 2222.8
1333470 2225.9
1333480 2229.2
1333490 2229.2
1333500 2232.6
1333510 2236.8
1333520 2236.8
1333530 2241.9
1333540 2248.4
1333550 2248.4
1333560 2255.7
1333570 2262.2
1333580 2262.2
1333590 2268.8
1333600 2276.4
1333610 2283.7
1333620 2283.7
1333630 2290.2
1333640 2301.1
1333650 2301.1
1333660 2309.5
1333670 2314.3
1333680 2314.3
1333690 2314.9
1333700 2309.7
1333710 2309.7
1333720 2307.2
1333730 2302.8
1333740 2302.8
1333750 2299.5
1333760 2295.8
1333770 2295.8
1333780 2295.5
1333790 2296.2
1333800 2296.2
1333810 2297.9
1333820 2298.8
1333830 2298.8
1333840 2300.6
1333850 2302.9
1333860 2302.9
1333870 2304.2
1333880 2307.1
1333890 2311.4
1333900 2311.4
1333910 2315.0
1333920 2319.3
1333930 2319.3
1333940 2324.9
1333950 2330.9
1333960 2330.9
1333970 2337.2
1333980 2346.3
1333990 2346.3
1334000 2354.4
1334010 2362.9
1334020 2362.9
1334030 2370.6
1334040 2377.9
1334050 2377.9
1334060 2386.0
1334070 2393.5
1334080 2393.5
1334090 2402.2
1334100 2411.4
1334110 2411.4
1334120 2421.4
1334130 2426.3
1334140 2428.2
1334150 2428.2
1334160 2424.9
1334170 2423.3
1334180 2423.3
1334190 2423.3
1334200 2422.1
1334210 2422.1
1334220 2418.0
1334230 2414.4
1334240 2414.4
1334250 2413.8
1334260 2414.1
1334270 2414.1
1334280 2413.7
1334290 2412.3
1334300 2412.3
1334310 2412.4
1334320 2412.9
1334330 2412.9
1334340 2413.0
1334350 2413.1
1334360 2413.1
1334370 2413.6
1334380 2414.5
1334390 2414.0
1334400 2414.0
1334410 2413.6
1334420 2415.5
1334430 2415.5
1334440 2416.2
1334450 2416.1
1334460 2416.1
1334470 2417.2
1334480 2420.0
1334490 2420.0
1334500 2421.4
1334510 2419.8
1334520 2419.8
1334530 2419.0
1334540 2419.0
1334550 2419.0
1334560 2419.1
1334570 2417.2
1334580 2417.2
1334590 2415.1
1334600 2414.0
1334610 2414.0
1334620 2412.1
1334630 2408.0
1334640 2408.0
1334650 2401.2
1334660 2397.3
1334670 2394.7
1334680 2394.7
1334690 2392.8
1334700 2390.9
1334710 2390.9
1334720 2389.2
1334730 2388.4
1334740 2388.4
1334750 2386.1
1334760 2383.5
1334770 2383.5
1334780 2382.8
1334790 2382.8
1334800 2382.8
1334810 2382.9
1334820 2382.8
1334830 2382.8
1334840 2382.8
1334850 2382.8
1334860 2382.8
1334870 2382.8
1334880 2382.8
1334890 2382.8
1334900 2382.9
1334910 2382.8
1334920 2382.9
1334930 2382.9
1334940 2383.2
1334950 2383.2
1334960 2383.2
1334970 2383.3
1334980 2383.0
1334990 2383.0
1335000 2383.1
1335010 2383.4
1335020 2383.4
1335030 2384.2
1335040 2385.0
1335050 2385.0
1335060 2387.7
1335070 2388.6
1335080 2388.6
1335090 2386.9
1335100 2387.0
1335110 2387.0
1335120 2387.4
1335130 2387.9
1335140 2387.9
1335150 2388.6
1335160 2389.8
1335170 2390.2
1335180 2390.2
1335190 2391.1
1335200 2392.5
1335210 2392.5
1335220 2394.1
1335230 2394.8
1335240 2394.8
1335250 2395.8
1335260 2396.9
1335270 2396.9
1335280 2397.8
1335290 2399.1
1335300 2399.1
1335310 2403.4
1335320 2408.2
1335330 2408.2
1335340 2414.9
1335350 2417.0
1335360 2417.0
1335370 2414.8
1335380 2412.7
1335390 2412.7
1335400 2410.3
1335410 2409.0
1335420 2409.0
1335430 2408.0
1335440 2410.6
1335450 2416.8
1335460 2416.8
1335470 2419.5
1335480 2418.0
1335490 2418.0
1335500 2414.1
1335510 2406.6
1335520 2406.6
1335530 2399.2
1335540 2393.9
1335550 2393.9
1335560 2386.9
1335570 2379.9
1335580 2379.9
1335590 2375.6
1335600 2370.5
1335610 2370.5
1335620 2367.0
1335630 2365.3
1335640 2365.3
1335650 2359.9
1335660 2352.5
1335670 2352.5
1335680 2350.9
1335690 2344.4
1335700 2339.1
1335710 2339.1
1335720 2332.8
1335730 2327.1
1335740 2327.1
1335750 2326.7
1335760 2328.5
1335770 2328.5
1335780 2325.8
1335790 2316.9
1335800 2316.9
1335810 2309.3
1335820 2302.1
1335830 2302.1
1335840 2296.0
1335850 2293.2
1335860 2293.2
1335870 2292.5
1335880 2293.7
1335890 2293.7
1335900 2297.2
1335910 2301.2
1335920 2301.2
1335930 2303.0
1335940 2305.1
1335950 2305.1
1335960 2307.7
1335970 2310.7
1335980 2314.1
1335990 2314.1
1336000 2318.1
1336010 2322.2
1336020 2322.2
1336030 2326.6
1336040 2331.4
1336050 2331.4
1336060 2336.2
1336070 2341.9
1336080 2341.9
1336090 2346.4
1336100 2349.8
1336110 2349.8
1336120 2354.2
1336130 2358.8
1336140 2358.8
1336150 2366.8
1336160 2366.5
1336170 2366.5
1336180 2366.2
1336190 2369.1
1336200 2369.1
1336210 2374.7
1336220 2380.5
1336230 2387.2
1336240 2387.2
1336250 2393.6
1336260 2396.6
1336270 2396.6
1336280 2392.6
1336290 2388.4
1336300 2388.4
1336310 2385.5
1336320 2377.5
1336330 2377.5
1336340 2370.6
1336350 2367.8
1336360 2367.8
1336370 2366.8
1336380 2366.5
1336390 2366.5
1336400 2367.2
1336410 2368.5
1336420 2368.5
1336430 2369.1
1336440 2368.8
1336450 2368.8
1336460 2368.0
1336470 2365.8
1336480 2365.1
1336490 2365.1
1336500 2366.0
1336510 2370.1
1336520 2370.1
1336530 2371.6
1336540 2368.9
1336550 2368.9
1336560 2363.7
1336570 2358.3
1336580 2358.3
1336590 2351.3
1336600 2343.1
1336610 2343.1
1336620 2337.0
1336630 2332.9
1336640 2332.9
1336650 2328.8
1336660 2324.8
1336670 2324.8
1336680 2321.3
1336690 2317.9
1336700 2317.9
1336710 2314.6
1336720 2310.9
1336730 2310.9
1336740 2308.0
1336750 2304.3
1336760 2299.7
1336770 2299.7
1336780 2296.8
1336790 2294.3
1336800 2294.3
1336810 2290.6
1336820 2286.4
1336830 2286.4
1336840 2282.8
1336850 2283.0
1336860 2283.0
1336870 2284.8
1336880 2285.7
1336890 2285.7
1336900 2286.4
1336910 2287.7
1336920 2287.7
1336930 2289.3
1336940 2290.0
1336950 2290.0
1336960 2288.4
1336970 2285.4
1336980 2285.4
1336990 2282.4
1337000 2280.6
1337010 2280.7
1337020 2280.7
1337030 2280.1
1337040 2279.9
1337050 2279.9
1337060 2276.9
1337070 2268.6
1337080 2268.6
1337090 2260.3
1337100 2251.2
1337110 2251.2
1337120 2242.9
1337130 2237.2
1337140 2237.2
1337150 2233.4
1337160 2233.1
1337170 2233.1
1337180 2235.9
1337190 2235.0
1337200 2235.0
1337210 2232.6
1337220 2232.1
1337230 2232.1
1337240 2234.1
1337250 2230.5
1337260 2223.7
1337270 2223.7
1337280 2218.8
1337290 2213.3
1337300 2213.3
1337310 2208.4
1337320 2203.6
1337330 2203.6
1337340 2199.9
1337350 2194.2
1337360 2194.2
1337370 2191.1
1337380 2187.2
1337390 2187.2
1337400 2184.4
1337410 2180.6
1337420 2180.6
1337430 2180.5
1337440 2180.9
1337450 2180.9
1337460 2178.0
1337470 2171.7
1337480 2171.7
1337490 2162.4
1337500 2154.2
1337510 2154.2
1337520 2143.0
1337530 2136.6
1337540 2133.3
1337550 2133.3
1337560 2130.9
1337570 2130.5
1337580 2130.5
1337590 2128.7
1337600 2124.1
1337610 2124.1
1337620 2123.7
1337630 2123.2
1337640 2123.2
1337650 2123.7
1337660 2127.0
1337670 2127.0
1337680 2128.4
1337690 2126.5
1337700 2126.5
1337710 2124.6
1337720 2124.8
1337730 2124.8
1337740 2124.3
1337750 2126.4
1337760 2126.4
1337770 2129.5
1337780 2128.7
1337790 2123.8
1337800 2123.8
1337810 2118.6
1337820 2113.1
1337830 2113.1
1337840 2107.2
1337850 2103.1
1337860 2103.1
1337870 2098.8
1337880 2091.6
1337890 2091.6
1337900 2087.2
1337910 2084.3
1337920 2084.3
1337930 2079.6
1337940 2076.9
1337950 2076.9
1337960 2074.7
1337970 2073.9
1337980 2073.9
1337990 2074.2
1338000 2074.4
1338010 2074.4
1338020 2074.2
1338030 2073.3
1338040 2073.3
1338050 2072.2
1338060 2068.5
1338070 2062.6
1338080 2062.6
1338090 2056.9
1338100 2051.2
1338110 2051.2
1338120 2046.2
1338130 2043.2
1338140 2043.2
1338150 2041.5
1338160 2039.4
1338170 2039.4
1338180 2036.9
1338190 2034.9
1338200 2034.9
1338210 2031.8
1338220 2026.2
1338230 2026.2
1338240 2020.2
1338250 2015.0
1338260 2015.0
1338270 2017.3
1338280 2015.8
1338290 2015.8
1338300 2016.4
1338310 2016.6
1338320 2016.9
1338330 2016.9
1338340 2017.4
1338350 2018.7
1338360 2018.7
1338370 2021.4
1338380 2025.2
1338390 2025.2
1338400 2030.5
1338410 2036.6
1338420 2036.6
1338430 2041.4
1338440 2044.4
1338450 2044.4
1338460 2046.4
1338470 2049.9
1338480 2049.9
1338490 2055.8
1338500 2061.8
1338510 2061.8
1338520 2060.9
1338530 2056.2
1338540 2056.2
1338550 2053.3
1338560 2051.9
1338570 2051.4
1338580 2051.4
1338590 2051.8
1338600 2049.7
1338610 2049.7
1338620 2048.2
1338630 2045.7
1338640 2045.7
1338650 2039.8
1338660 2034.5
1338670 2034.5
1338680 2030.0
1338690 2026.5
1338700 2026.5
1338710 2022.9
1338720 2019.5
1338730 2019.5
1338740 2016.9
1338750 2014.9
1338760 2014.9
1338770 2012.8
1338780 2011.6
1338790 2011.6
1338800 2011.1
1338810 2010.8
1338820 2010.8
1338830 2009.8
1338840 2008.3
1338850 2006.2
1338860 2006.2
1338870 2004.3
1338880 2002.9
1338890 2002.9
1338900 2002.5
1338910 2001.5
1338920 2001.5
1338930 1999.7
1338940 1998.1
1338950 1998.1
1338960 1997.1
1338970 1997.0
1338980 1997.0
1338990 1998.0
1339000 1998.5
1339010 1998.5
1339020 1998.7
1339030 1997.5
1339040 1997.5
1339050 1996.1
1339060 1995.2
1339070 1995.2
1339080 1993.8
1339090 1992.8
1339100 1993.8
1339110 1993.8
1339120 1995.9
1339130 1998.7
1339140 2005.2
1339150 2008.2
1339160 2009.8
1339170 2009.8
1339180 2012.0
1339190 2015.0
1339200 2015.0
1339210 2018.0
1339220 2021.9
1339230 2021.9
1339240 2025.9
1339250 2028.9
1339260 2028.9
1339270 2034.8
1339280 2037.0
1339290 2037.0
1339300 2039.1
1339310 2043.2
1339320 2043.2
1339330 2051.6
1339340 2059.1
1339350 2059.1
1339360 2064.0
1339370 2069.3
1339380 2075.9
1339390 2075.9
1339400 2081.5
1339410 2084.7
1339420 2084.7
1339430 2089.9
1339440 2094.6
1339450 2094.6
1339460 2099.4
1339470 2104.3
1339480 2104.3
1339490 2109.0
1339500 2113.0
1339510 2113.0
1339520 2117.6
1339530 2123.2
1339540 2123.2
1339550 2124.3
1339560 2122.6
1339570 2122.6
1339580 2123.5
1339590 2122.6
1339600 2122.6
1339610 2122.0
1339620 2120.9
1339630 2121.4
1339640 2121.4
1339650 2123.3
1339660 2126.3
1339670 2126.3
1339680 2129.1
1339690 2129.0
1339700 2129.0
1339710 2130.7
1339720 2131.3
1339730 2131.3
1339740 2131.8
1339750 2133.9
1339760 2133.9
1339770 2136.5
1339780 2136.8
1339790 2136.8
1339800 2136.6
1339810 2135.9
1339820 2135.9
1339830 2136.5
1339840 2137.5
1339850 2137.5
1339860 2141.9
1339870 2148.3
1339880 2153.1
1339890 2153.1
1339900 2159.9
1339910 2166.9
1339920 2166.9
1339930 2172.3
1339940 2176.1
1339950 2176.1
1339960 2180.2
1339970 2184.1
1339980 2184.1
1339990 2190.4
