1320000 1284.1
1320010 1284.1
1320020 1282.3
1320030 1279.1
1320040 1279.1
1320050 1276.8
1320060 1274.5
1320070 1274.5
1320080 1271.9
1320090 1268.4
1320100 1268.4
1320110 1265.3
1320120 1262.3
1320130 1262.3
1320140 1258.4
1320150 1252.9
1320160 1252.9
1320170 1248.2
1320180 1243.0
1320190 1243.0
1320200 1238.6
1320210 1234.2
1320220 1228.9
1320230 1228.9
1320240 1224.1
1320250 1220.3
1320260 1220.3
1320270 1216.9
1320280 1213.6
1320290 1213.6
1320300 1211.1
1320310 1208.0
1320320 1208.0
1320330 1204.6
1320340 1200.3
1320350 1200.3
1320360 1196.2
1320370 1192.8
1320380 1192.8
1320390 1189.7
1320400 1187.5
1320410 1187.5
1320420 1182.9
1320430 1179.4
1320440 1179.4
1320450 1176.6
1320460 1174.0
1320470 1174.0
1320480 1171.6
1320490 1169.1
1320500 1166.4
1320510 1166.4
1320520 1163.0
1320530 1159.6
1320540 1159.6
1320550 1155.4
1320560 1152.6
1320570 1152.6
1320580 1149.3
1320590 1143.8
1320600 1143.8
1320610 1136.2
1320620 1128.0
1320630 1128.0
1320640 1121.7
1320650 1114.7
1320660 1114.7
1320670 1108.0
1320680 1102.6
1320690 1102.6
1320700 1098.1
1320710 1094.7
1320720 1094.7
1320730 1092.3
1320740 1090.4
1320750 1087.8
1320760 1087.8
1320770 1084.9
1320780 1082.1
1320790 1082.1
1320800 1078.9
1320810 1075.2
1320820 1075.2
1320830 1071.9
1320840 1068.8
1320850 1068.8
1320860 1065.9
1320870 1063.6
1320880 1063.6
1320890 1061.9
1320900 1060.1
1320910 1060.1
1320920 1058.4
1320930 1056.7
1320940 1056.7
1320950 1054.3
1320960 1051.8
1320970 1051.8
1320980 1050.1
1320990 1047.7
1321000 1047.7
1321010 1043.0
1321020 1037.0
1321030 1031.4
1321040 1031.4
1321050 1027.3
1321060 1023.4
1321070 1023.4
1321080 1018.6
1321090 1013.8
1321100 1013.8
1321110 1009.0
1321120 1005.0
1321130 1005.0
1321140 1001.0
1321150 997.8
1321160 997.8
1321170 994.5
1321180 991.0
1321190 991.0
1321200 987.7
1321210 984.8
1321220 984.8
1321230 982.0
1321240 979.9
1321250 979.9
1321260 977.9
1321270 975.9
1321280 973.3
1321290 973.3
1321300 971.3
1321310 969.7
1321320 969.7
1321330 968.1
1321340 966.3
1321350 966.3
1321360 963.4
1321370 958.3
1321380 958.3
1321390 954.9
1321400 950.9
1321410 950.9
1321420 948.1
1321430 945.7
1321440 945.7
1321450 941.9
1321460 938.1
1321470 938.1
1321480 934.0
1321490 929.1
1321500 929.1
1321510 924.2
1321520 919.8
1321530 914.2
1321540 914.2
1321550 907.9
1321560 903.0
1321570 903.0
1321580 898.2
1321590 893.0
1321600 893.0
1321610 887.8
1321620 882.4
1321630 882.4
1321640 876.5
1321650 871.4
1321660 871.4
1321670 865.5
1321680 858.4
1321690 858.4
1321700 852.7
1321710 846.8
1321720 846.8
1321730 841.2
1321740 835.5
1321750 835.5
1321760 831.3
1321770 826.7
1321780 826.7
1321790 822.0
1321800 817.3
1321810 812.2
1321820 812.2
1321830 808.3
1321840 804.9
1321850 804.9
1321860 801.6
1321870 798.5
1321880 798.5
1321890 793.9
1321900 787.5
1321910 787.5
1321920 781.8
1321930 777.0
1321940 777.0
1321950 773.6
1321960 769.5
1321970 769.5
1321980 765.1
1321990 762.5
1322000 762.5
1322010 762.1
1322020 757.2
1322030 757.2
1322040 749.4
1322050 744.4
1322060 740.1
1322070 740.1
1322080 736.0
1322090 732.4
1322100 732.4
1322110 729.2
1322120 725.3
1322130 725.3
1322140 721.8
1322150 718.3
1322160 718.3
1322170 715.2
1322180 712.1
1322190 712.1
1322200 709.3
1322210 706.3
1322220 706.3
1322230 702.5
1322240 698.4
1322250 698.4
1322260 696.2
1322270 693.9
1322280 693.9
1322290 691.0
1322300 688.1
1322310 688.1
1322320 685.7
1322330 683.3
1322340 680.2
1322350 680.2
1322360 676.5
1322370 671.6
1322380 671.6
1322390 668.1
1322400 665.6
1322410 665.6
1322420 662.6
1322430 656.9
1322440 656.9
1322450 652.9
1322460 651.1
1322470 651.1
1322480 649.6
1322490 647.6
1322500 647.6
1322510 645.6
1322520 646.8
1322530 646.8
1322540 645.7
1322550 644.7
1322560 644.7
1322570 642.7
1322580 639.6
1322590 635.8
1322600 635.8
1322610 632.1
1322620 629.6
1322630 629.6
1322640 627.4
1322650 624.8
1322660 624.8
1322670 623.4
1322680 622.3
1322690 622.3
1322700 620.7
1322710 619.6
1322720 619.6
1322730 618.5
1322740 616.8
1322750 616.8
1322760 615.0
1322770 613.8
1322780 613.8
1322790 613.0
1322800 611.0
1322810 611.0
1322820 609.8
1322830 608.5
1322840 605.7
1322850 605.7
1322860 603.8
1322870 602.5
1322880 602.5
1322890 600.8
1322900 599.1
1322910 599.1
1322920 597.6
1322930 595.7
1322940 595.7
1322950 594.1
1322960 593.1
1322970 593.1
1322980 592.6
1322990 592.5
1323000 592.5
1323010 592.3
1323020 591.0
1323030 591.0
1323040 588.0
1323050 584.5
1323060 584.5
1323070 581.4
1323080 580.8
1323090 580.8
1323100 580.3
1323110 579.9
1323120 579.2
1323130 579.2
1323140 577.4
1323150 575.8
1323160 575.8
1323170 578.3
1323180 581.0
1323190 581.0
1323200 579.0
1323210 575.5
1323220 575.5
1323230 571.4
1323240 568.7
1323250 568.7
1323260 566.6
1323270 564.5
1323280 564.5
1323290 561.5
1323300 562.4
1323310 562.4
1323320 560.0
1323330 558.4
1323340 558.4
1323350 557.4
1323360 557.2
1323370 557.2
1323380 557.2
1323390 557.2
1323400 557.2
1323410 557.2
1323420 557.3
1323430 557.6
1323440 557.6
1323450 557.3
1323460 555.6
1323470 555.6
1323480 553.6
1323490 553.2
1323500 553.2
1323510 553.2
1323520 553.4
1323530 553.4
1323540 554.8
1323550 556.5
1323560 556.5
1323570 558.1
1323580 558.9
1323590 558.9
1323600 558.7
1323610 557.7
1323620 557.7
1323630 557.4
1323640 557.3
1323650 557.3
1323660 557.3
1323670 557.5
1323680 557.8
1323690 557.8
1323700 557.9
1323710 558.1
1323720 558.1
1323730 558.1
1323740 558.3
1323750 558.3
1323760 558.6
1323770 558.9
1323780 558.9
1323790 559.0
1323800 559.2
1323810 559.2
1323820 559.3
1323830 559.4
1323840 559.4
1323850 559.4
1323860 559.5
1323870 559.5
1323880 559.5
1323890 559.4
1323900 559.0
1323910 559.0
1323920 558.8
1323930 558.9
1323940 558.9
1323950 559.1
1323960 559.1
1323970 559.1
1323980 559.3
1323990 559.4
1324000 559.4
1324010 559.3
1324020 559.4
1324030 559.4
1324040 559.1
1324050 559.0
1324060 559.0
1324070 559.0
1324080 559.2
1324090 559.2
1324100 558.9
1324110 558.9
1324120 558.9
1324130 558.8
1324140 558.8
1324150 558.8
1324160 558.9
1324170 559.6
1324180 561.1
1324190 561.1
1324200 562.7
1324210 563.4
1324220 563.4
1324230 563.9
1324240 564.3
1324250 564.3
1324260 564.8
1324270 565.7
1324280 565.7
1324290 566.8
1324300 566.9
1324310 566.9
1324320 567.0
1324330 567.8
1324340 567.8
1324350 568.7
1324360 568.9
1324370 568.9
1324380 570.0
1324390 570.7
1324400 570.7
1324410 570.6
1324420 571.1
1324430 571.7
1324440 571.7
1324450 573.1
1324460 575.2
1324470 575.2
1324480 578.7
1324490 582.0
1324500 582.0
1324510 586.0
1324520 589.4
1324530 589.4
1324540 592.3
1324550 593.8
1324560 593.8
1324570 595.9
1324580 597.9
1324590 597.9
1324600 602.2
1324610 606.6
1324620 606.6
1324630 610.7
1324640 615.0
1324650 615.0
1324660 619.2
1324670 623.3
1324680 627.4
1324690 627.4
1324700 631.2
1324710 634.3
1324720 634.3
1324730 638.2
1324740 642.6
1324750 642.6
1324760 648.1
1324770 651.5
1324780 651.5
1324790 655.5
1324800 659.6
1324810 659.6
1324820 663.6
1324830 667.6
1324840 667.6
1324850 671.1
1324860 674.2
1324870 674.2
1324880 677.2
1324890 680.4
1324900 680.4
1324910 685.7
1324920 692.1
1324930 692.1
1324940 698.7
1324950 704.1
1324960 708.2
1324970 708.2
1324980 710.5
1324990 713.1
1325000 713.1
1325010 716.0
1325020 719.2
1325030 719.2
1325040 722.4
1325050 731.0
1325060 731.0
1325070 740.5
1325080 747.2
1325090 747.2
1325100 753.2
1325110 759.1
1325120 759.1
1325130 763.5
1325140 769.0
1325150 769.0
1325160 773.6
1325170 777.7
1325180 777.7
1325190 781.7
1325200 783.1
1325210 779.0
1325220 779.0
1325230 777.4
1325240 779.8
1325250 779.8
1325260 783.3
1325270 787.5
1325280 787.5
1325290 790.5
1325300 793.6
1325310 793.6
1325320 796.8
1325330 798.5
1325340 798.5
1325350 801.4
1325360 806.6
1325370 806.6
1325380 809.9
1325390 811.1
1325400 811.1
1325410 817.2
1325420 827.9
1325430 827.9
1325440 833.5
1325450 836.2
1325460 836.2
1325470 840.1
1325480 844.3
1325490 852.5
1325500 852.5
1325510 857.7
1325520 860.6
1325530 860.6
1325540 865.8
1325550 870.7
1325560 870.7
1325570 873.4
1325580 875.4
1325590 875.4
1325600 879.5
1325610 886.4
1325620 886.4
1325630 895.3
1325640 903.6
1325650 903.6
1325660 910.5
1325670 915.4
1325680 915.4
1325690 921.5
1325700 926.5
1325710 926.5
1325720 932.0
1325730 935.4
1325740 940.4
1325750 940.4
1325760 945.1
1325770 950.4
1325780 950.4
1325790 957.1
1325800 965.5
1325810 965.5
1325820 974.4
1325830 982.1
1325840 982.1
1325850 987.3
1325860 991.2
1325870 991.2
1325880 994.6
1325890 997.8
1325900 997.8
1325910 1001.8
1325920 1006.2
1325930 1006.2
1325940 1010.7
1325950 1015.4
1325960 1015.4
1325970 1020.1
1325980 1025.5
1325990 1030.0
1326000 1030.0
1326010 1033.8
1326020 1038.5
1326030 1038.5
1326040 1041.7
1326050 1044.7
1326060 1044.7
1326070 1048.5
1326080 1052.9
1326090 1052.9
1326100 1057.5
1326110 1062.8
1326120 1062.8
1326130 1069.5
1326140 1077.3
1326150 1077.3
1326160 1085.6
1326170 1092.5
1326180 1092.5
1326190 1098.1
1326200 1104.6
1326210 1104.6
1326220 1109.8
1326230 1113.0
1326240 1113.0
1326250 1117.5
1326260 1120.3
1326270 1123.4
1326280 1123.4
1326290 1126.2
1326300 1127.3
1326310 1127.3
1326320 1126.2
1326330 1127.2
1326340 1127.2
1326350 1130.4
1326360 1133.8
1326370 1133.8
1326380 1137.3
1326390 1141.3
1326400 1141.3
1326410 1146.6
1326420 1151.8
1326430 1151.8
1326440 1156.9
1326450 1162.5
1326460 1162.5
1326470 1167.9
1326480 1172.8
1326490 1172.8
1326500 1179.5
1326510 1183.6
1326520 1186.3
1326530 1186.3
1326540 1187.8
1326550 1188.8
1326560 1188.8
1326570 1191.3
1326580 1192.4
1326590 1192.4
1326600 1191.6
1326610 1193.0
1326620 1193.0
1326630 1197.0
1326640 1200.0
1326650 1200.0
1326660 1202.8
1326670 1205.7
1326680 1205.7
1326690 1209.0
1326700 1213.2
1326710 1213.2
1326720 1216.3
1326730 1218.3
1326740 1218.3
1326750 1222.2
1326760 1227.4
1326770 1227.4
1326780 1231.6
1326790 1237.6
1326800 1244.6
1326810 1244.6
1326820 1248.1
1326830 1252.8
1326840 1252.8
1326850 1257.4
1326860 1262.9
1326870 1262.9
1326880 1269.9
1326890 1275.7
1326900 1275.7
1326910 1281.6
1326920 1288.0
1326930 1288.0
1326940 1296.0
1326950 1304.4
1326960 1304.4
1326970 1312.3
1326980 1316.7
1326990 1316.7
1327000 1320.6
1327010 1328.6
1327020 1328.6
1327030 1333.0
1327040 1339.4
1327050 1346.6
1327060 1346.6
1327070 1352.8
1327080 1359.8
1327090 1359.8
1327100 1367.2
1327110 1375.2
1327120 1375.2
1327130 1382.9
1327140 1388.7
1327150 1388.7
1327160 1393.0
1327170 1398.0
1327180 1398.0
1327190 1403.4
1327200 1407.4
1327210 1407.4
1327220 1410.0
1327230 1417.1
1327240 1417.1
1327250 1426.3
1327260 1434.8
1327270 1434.8
1327280 1440.7
1327290 1446.9
1327300 1449.4
1327310 1455.9
1327320 1461.7
1327330 1467.7
1327340 1467.7
1327350 1473.8
1327360 1479.1
1327370 1479.1
1327380 1483.3
1327390 1487.9
1327400 1487.9
1327410 1491.3
1327420 1495.3
1327430 1495.3
1327440 1502.1
1327450 1509.5
1327460 1509.5
1327470 1519.4
1327480 1530.9
1327490 1530.9
1327500 1539.1
1327510 1544.7
1327520 1544.7
1327530 1549.2
1327540 1551.2
1327550 1551.2
1327560 1551.3
1327570 1552.1
1327580 1552.8
1327590 1552.8
1327600 1554.1
1327610 1557.9
1327620 1557.9
1327630 1562.5
1327640 1566.6
1327650 1566.6
1327660 1571.0
1327670 1575.2
1327680 1575.2
1327690 1578.8
1327700 1583.0
1327710 1583.0
1327720 1586.6
1327730 1590.2
1327740 1590.2
1327750 1595.8
1327760 1602.5
1327770 1602.5
1327780 1608.1
1327790 1609.8
1327800 1609.8
1327810 1611.7
1327820 1614.6
1327830 1618.5
1327840 1618.5
1327850 1621.0
1327860 1623.1
1327870 1623.1
1327880 1624.6
1327890 1624.8
1327900 1624.8
1327910 1626.5
1327920 1630.4
1327930 1630.4
1327940 1635.0
1327950 1639.0
1327960 1639.0
1327970 1642.1
1327980 1645.5
1327990 1645.5
1328000 1648.9
1328010 1652.7
1328020 1652.7
1328030 1656.9
1328040 1661.5
1328050 1661.5
1328060 1666.5
1328070 1670.7
1328080 1670.7
1328090 1674.4
1328100 1678.5
1328110 1682.5
1328120 1680.7
1328130 1683.8
1328140 1686.2
1328150 1686.2
1328160 1688.6
1328170 1692.1
1328180 1692.1
1328190 1696.5
1328200 1700.6
1328210 1700.6
1328220 1704.9
1328230 1709.4
1328240 1709.4
1328250 1714.8
1328260 1719.7
1328270 1719.7
1328280 1723.7
1328290 1727.6
1328300 1727.6
1328310 1732.1
1328320 1736.8
1328330 1736.8
1328340 1740.6
1328350 1743.2
1328360 1744.8
1328370 1744.8
1328380 1746.7
1328390 1749.6
1328400 1749.6
1328410 1752.7
1328420 1755.9
1328430 1755.9
1328440 1759.1
1328450 1762.5
1328460 1762.5
1328470 1765.3
1328480 1767.5
1328490 1767.5
1328500 1769.7
1328510 1772.6
1328520 1772.6
1328530 1775.4
1328540 1778.1
1328550 1778.1
1328560 1781.0
1328570 1783.4
1328580 1783.4
1328590 1786.4
1328600 1789.6
1328610 1789.6
1328620 1792.9
1328630 1796.3
1328640 1800.1
1328650 1800.1
1328660 1802.4
1328670 1804.4
1328680 1804.4
1328690 1806.3
1328700 1808.4
1328710 1808.4
1328720 1810.5
1328730 1812.2
1328740 1812.2
1328750 1814.6
1328760 1816.5
1328770 1816.5
1328780 1818.5
1328790 1820.9
1328800 1820.9
1328810 1824.2
1328820 1828.3
1328830 1828.3
1328840 1832.4
1328850 1835.0
1328860 1835.0
1328870 1838.9
1328880 1843.4
1328890 1847.8
1328900 1847.8
1328910 1852.9
1328920 1858.0
1328930 1857.0
1328940 1862.6
1328950 1867.8
1328960 1867.8
1328970 1872.9
1328980 1878.0
1328990 1878.0
1329000 1883.3
1329010 1888.5
1329020 1888.5
1329030 1892.7
1329040 1896.8
1329050 1896.8
1329060 1900.9
1329070 1904.9
1329080 1904.9
1329090 1909.5
1329100 1913.8
1329110 1913.8
1329120 1917.5
1329130 1920.9
1329140 1924.6
1329150 1924.6
1329160 1928.6
1329170 1933.6
1329180 1933.6
1329190 1937.5
1329200 1939.7
1329210 1939.7
1329220 1941.5
1329230 1942.9
1329240 1942.9
1329250 1941.9
1329260 1940.9
1329270 1940.9
1329280 1941.0
1329290 1942.1
1329300 1942.1
1329310 1942.9
1329320 1943.8
1329330 1943.8
1329340 1946.2
1329350 1952.8
1329360 1952.8
1329370 1960.4
1329380 1962.8
1329390 1962.8
1329400 1964.7
1329410 1967.5
1329420 1968.5
1329430 1968.5
1329440 1968.7
1329450 1969.6
1329460 1969.6
1329470 1972.0
1329480 1974.8
1329490 1974.8
1329500 1975.7
1329510 1975.9
1329520 1975.9
1329530 1975.5
1329540 1976.1
1329550 1976.1
1329560 1976.1
1329570 1978.1
1329580 1978.1
1329590 1980.4
1329600 1982.4
1329610 1982.4
1329620 1983.9
1329630 1985.4
1329640 1985.4
1329650 1986.9
1329660 1988.5
1329670 1990.0
1329680 1990.0
1329690 1990.2
1329700 1989.8
1329710 1989.8
1329720 1990.1
1329730 1990.6
1329740 1990.6
1329750 1992.9
1329760 1993.5
1329770 1993.5
1329780 1993.9
1329790 1994.3
1329800 1994.3
1329810 1994.7
1329820 1995.2
1329830 1995.2
1329840 1995.5
1329850 1995.6
1329860 1995.6
1329870 1995.8
1329880 1996.3
1329890 1996.3
1329900 1997.1
1329910 1997.7
1329920 1997.7
1329930 1998.7
1329940 2000.4
1329950 2002.5
1329960 2002.5
1329970 2005.6
1329980 2008.3
1329990 2008.3
1330000 2011.1
1330010 2013.7
1330020 2013.7
1330030 2017.1
1330040 2020.8
1330050 2020.8
1330060 2024.1
1330070 2027.5
1330080 2027.5
1330090 2031.3
1330100 2036.2
1330110 2036.2
1330120 2040.8
1330130 2044.7
1330140 2044.7
1330150 2048.7
1330160 2052.5
1330170 2052.5
1330180 2056.1
1330190 2059.2
1330200 2061.6
1330210 2061.6
1330220 2065.1
1330230 2068.6
1330240 2068.6
1330250 2071.7
1330260 2077.1
1330270 2077.1
1330280 2083.2
1330290 2090.2
1330300 2090.2
1330310 2098.7
1330320 2109.2
1330330 2109.2
1330340 2117.7
1330350 2120.1
1330360 2120.1
1330370 2121.4
1330380 2122.9
1330390 2122.9
1330400 2126.1
1330410 2129.7
1330420 2129.7
1330430 2133.7
1330440 2134.9
1330450 2134.9
1330460 2134.5
1330470 2132.5
1330480 2129.3
1330490 2129.3
1330500 2127.5
1330510 2126.2
1330520 2126.2
1330530 2125.0
1330540 2127.2
1330550 2127.2
1330560 2130.5
1330570 2131.3
1330580 2134.2
1330590 2134.8
1330600 2136.6
1330610 2136.6
1330620 2140.1
1330630 2145.5
1330640 2145.5
1330650 2148.4
1330660 2149.4
1330670 2149.4
1330680 2151.3
1330690 2152.6
1330700 2152.6
1330710 2153.6
1330720 2156.5
1330730 2161.6
1330740 2161.6
1330750 2163.4
1330760 2165.6
1330770 2165.6
1330780 2169.4
1330790 2174.0
1330800 2174.0
1330810 2180.2
1330820 2186.0
1330830 2186.0
1330840 2186.4
1330850 2187.3
1330860 2187.3
1330870 2190.7
1330880 2195.8
1330890 2195.8
1330900 2202.9
1330910 2211.1
1330920 2211.1
1330930 2217.3
1330940 2219.4
1330950 2219.4
1330960 2221.2
1330970 2223.1
1330980 2226.3
1330990 2226.3
1331000 2233.3
1331010 2237.6
1331020 2237.6
1331030 2241.2
1331040 2246.7
1331050 2246.7
1331060 2254.1
1331070 2263.3
1331080 2263.3
1331090 2269.3
1331100 2275.7
1331110 2275.7
1331120 2280.4
1331130 2284.6
1331140 2284.6
1331150 2285.1
1331160 2281.1
1331170 2281.1
1331180 2277.7
1331190 2279.7
1331200 2279.7
1331210 2285.9
1331220 2289.1
1331230 2289.1
1331240 2291.5
1331250 2294.5
1331260 2298.0
1331270 2298.0
1331280 2302.3
1331290 2307.0
1331300 2307.0
1331310 2312.3
1331320 2317.7
1331330 2317.7
1331340 2321.1
1331350 2322.1
1331360 2322.1
1331370 2320.0
1331380 2316.3
1331390 2316.3
1331400 2309.8
1331410 2303.3
1331420 2303.3
1331430 2298.7
1331440 2295.5
1331450 2295.5
1331460 2292.7
1331470 2289.0
1331480 2289.0
1331490 2282.9
1331500 2277.5
1331510 2274.1
1331520 2274.1
1331530 2272.0
1331540 2271.6
1331550 2271.6
1331560 2270.9
1331570 2269.6
1331580 2269.6
1331590 2268.4
1331600 2264.1
1331610 2264.1
1331620 2259.9
1331630 2257.0
1331640 2257.0
1331650 2256.1
1331660 2256.4
1331670 2256.4
1331680 2256.7
1331690 2257.5
1331700 2257.5
1331710 2258.8
1331720 2257.5
1331730 2257.5
1331740 2253.8
1331750 2249.8
1331760 2249.8
1331770 2248.0
1331780 2245.4
1331790 2242.2
1331800 2242.2
1331810 2239.4
1331820 2236.2
1331830 2236.2
1331840 2232.4
1331850 2229.9
1331860 2229.9
1331870 2227.8
1331880 2226.0
1331890 2226.0
1331900 2223.6
1331910 2218.9
1331920 2218.9
1331930 2213.5
1331940 2209.2
1331950 2209.2
1331960 2206.3
1331970 2203.8
1331980 2203.8
1331990 2201.4
1332000 2197.5
1332010 2197.5
1332020 2192.5
1332030 2187.7
1332040 2182.6
1332050 2182.6
1332060 2177.4
1332070 2172.7
1332080 2172.7
1332090 2171.4
1332100 2172.2
1332110 2172.2
1332120 2171.3
1332130 2171.4
1332140 2171.4
1332150 2169.9
1332160 2167.9
1332170 2167.9
1332180 2166.1
1332190 2164.1
1332200 2164.1
1332210 2163.8
1332220 2164.1
1332230 2164.1
1332240 2165.4
1332250 2162.6
1332260 2162.6
1332270 2156.4
1332280 2149.8
1332290 2149.8
1332300 2143.8
1332310 2136.2
1332320 2128.5
1332330 2128.5
1332340 2123.0
1332350 2118.6
1332360 2118.6
1332370 2115.2
1332380 2114.1
1332390 2114.1
1332400 2113.7
1332410 2113.2
1332420 2113.2
1332430 2111.9
1332440 2106.3
1332450 2106.3
1332460 2100.3
1332470 2099.1
1332480 2099.1
1332490 2098.5
1332500 2094.2
1332510 2094.2
1332520 2087.3
1332530 2084.2
1332540 2084.2
1332550 2081.7
1332560 2078.6
1332570 2076.7
1332580 2076.7
1332590 2074.8
1332600 2072.0
1332610 2072.0
1332620 2069.2
1332630 2066.6
1332640 2066.6
1332650 2063.8
1332660 2061.0
1332670 2061.0
1332680 2058.0
1332690 2055.3
1332700 2055.3
1332710 2052.8
1332720 2049.8
1332730 2049.8
1332740 2046.2
1332750 2043.3
1332760 2043.3
1332770 2039.5
1332780 2035.3
1332790 2035.3
1332800 2031.0
1332810 2029.1
1332820 2028.1
1332830 2028.1
1332840 2028.1
1332850 2029.1
1332860 2029.1
1332870 2030.7
1332880 2032.8
1332890 2032.8
1332900 2032.1
1332910 2032.0
1332920 2032.0
1332930 2036.0
1332940 2041.9
1332950 2041.9
1332960 2047.8
1332970 2051.8
1332980 2051.8
1332990 2056.4
1333000 2061.7
1333010 2061.7
1333020 2067.2
1333030 2072.4
1333040 2072.4
1333050 2077.9
1333060 2084.3
1333070 2085.9
1333080 2094.3
1333090 2100.1
1333100 2106.2
1333110 2106.2
1333120 2111.6
1333130 2116.2
1333140 2116.2
1333150 2120.9
1333160 2125.3
1333170 2125.3
1333180 2129.3
1333190 2133.5
1333200 2133.5
1333210 2139.6
1333220 2147.0
1333230 2147.0
1333240 2152.5
1333250 2155.1
1333260 2155.1
1333270 2156.9
1333280 2160.2
1333290 2160.2
1333300 2164.8
1333310 2171.0
1333320 2171.0
1333330 2177.3
1333340 2183.4
1333350 2188.9
1333360 2188.9
1333370 2193.8
1333380 2199.1
1333390 2199.1
1333400 2205.0
1333410 2211.3
1333420 2211.3
1333430 2217.4
1333440 2223.5
1333450 2223.5
1333460 2230.6
1333470 2239.6
1333480 2239.6
1333490 2248.9
1333500 2254.5
1333510 2254.5
1333520 2259.7
1333530 2266.3
1333540 2266.3
1333550 2274.1
1333560 2285.1
1333570 2285.1
1333580 2296.4
1333590 2308.7
1333600 2308.7
1333610 2315.3
1333620 2320.2
1333630 2323.9
1333640 2323.9
1333650 2322.4
1333660 2323.4
1333670 2323.4
1333680 2327.1
1333690 2329.7
1333700 2329.7
1333710 2332.1
1333720 2334.1
1333730 2334.1
1333740 2336.8
1333750 2339.9
1333760 2339.9
1333770 2342.2
1333780 2347.1
1333790 2347.1
1333800 2353.0
1333810 2360.4
1333820 2360.4
1333830 2369.6
1333840 2378.4
1333850 2378.4
1333860 2386.8
1333870 2390.2
1333880 2390.8
1333890 2390.8
1333900 2390.9
1333910 2390.3
1333920 2393.3
1333930 2391.8
1333940 2388.9
1333950 2388.9
1333960 2385.9
1333970 2384.1
1333980 2384.1
1333990 2383.4
1334000 2383.4
1334010 2383.4
1334020 2385.8
1334030 2387.7
1334040 2387.7
1334050 2389.0
1334060 2394.0
1334070 2394.0
1334080 2398.7
1334090 2399.8
1334100 2399.8
1334110 2401.6
1334120 2405.5
1334130 2406.7
1334140 2406.7
1334150 2408.6
1334160 2410.6
1334170 2410.6
1334180 2414.9
1334190 2421.6
1334200 2421.6
1334210 2427.7
1334220 2433.8
1334230 2433.8
1334240 2441.2
1334250 2449.0
1334260 2449.0
1334270 2454.1
1334280 2458.5
1334290 2458.5
1334300 2464.1
1334310 2469.9
1334320 2469.9
1334330 2476.8
1334340 2476.5
1334350 2476.5
1334360 2467.6
1334370 2460.2
1334380 2460.2
1334390 2450.9
1334400 2440.4
1334410 2429.9
1334420 2429.9
1334430 2421.5
1334440 2414.1
1334450 2414.1
1334460 2406.8
1334470 2400.0
1334480 2400.0
1334490 2393.9
1334500 2387.8
1334510 2387.8
1334520 2381.2
1334530 2374.2
1334540 2374.2
1334550 2368.1
1334560 2362.7
1334570 2362.7
1334580 2358.0
1334590 2353.4
1334600 2353.4
1334610 2349.3
1334620 2345.4
1334630 2345.4
1334640 2341.5
1334650 2337.6
1334660 2334.2
1334670 2334.2
1334680 2332.1
1334690 2330.4
1334700 2330.4
1334710 2328.6
1334720 2329.7
1334730 2329.7
1334740 2331.2
1334750 2330.7
1334760 2334.4
1334770 2334.0
1334780 2333.0
1334790 2333.0
1334800 2332.8
1334810 2333.7
1334820 2333.7
1334830 2335.1
1334840 2336.3
1334850 2336.3
1334860 2335.2
1334870 2336.2
1334880 2336.2
1334890 2337.3
1334900 2339.9
1334910 2339.9
1334920 2342.3
1334930 2342.8
1334940 2342.2
1334950 2342.2
1334960 2341.2
1334970 2340.6
1334980 2340.6
1334990 2344.6
1335000 2354.8
1335010 2354.8
1335020 2362.8
1335030 2366.8
1335040 2366.8
1335050 2366.6
1335060 2362.5
1335070 2362.5
1335080 2360.2
1335090 2352.9
1335100 2352.9
1335110 2337.2
1335120 2321.3
1335130 2321.3
1335140 2307.7
1335150 2294.8
1335160 2294.8
1335170 2286.5
1335180 2279.1
1335190 2271.9
1335200 2271.9
1335210 2264.7
1335220 2258.1
1335230 2258.1
1335240 2252.3
1335250 2247.2
1335260 2247.2
1335270 2243.2
1335280 2242.1
1335290 2242.1
1335300 2242.0
1335310 2240.2
1335320 2240.2
1335330 2237.0
1335340 2233.9
1335350 2233.9
1335360 2233.3
1335370 2235.2
1335380 2235.2
1335390 2237.0
1335400 2237.2
1335410 2237.2
1335420 2235.4
1335430 2231.8
1335440 2231.8
1335450 2228.3
1335460 2226.1
1335470 2223.5
1335480 2223.5
1335490 2219.8
1335500 2214.8
1335510 2214.8
1335520 2210.6
1335530 2203.9
1335540 2203.9
1335550 2200.1
1335560 2199.0
1335570 2199.0
1335580 2196.0
1335590 2189.4
1335600 2189.4
1335610 2182.6
1335620 2186.8
1335630 2186.8
1335640 2181.4
1335650 2180.0
1335660 2180.0
1335670 2180.1
1335680 2179.4
1335690 2179.4
1335700 2177.7
1335710 2174.8
1335720 2171.0
1335730 2171.0
1335740 2168.2
1335750 2164.0
1335760 2164.0
1335770 2159.7
1335780 2157.5
1335790 2157.5
1335800 2156.6
1335810 2157.5
1335820 2157.5
1335830 2158.0
1335840 2158.8
1335850 2158.8
1335860 2160.5
1335870 2162.8
1335880 2162.8
1335890 2165.3
1335900 2168.5
1335910 2168.5
1335920 2171.3
1335930 2172.4
1335940 2172.4
1335950 2171.0
1335960 2168.5
1335970 2165.2
1335980 2165.2
1335990 2162.0
1336000 2161.0
1336010 2161.0
1336020 2160.8
1336030 2160.8
1336040 2160.8
1336050 2162.7
1336060 2166.3
1336070 2166.3
1336080 2170.0
1336090 2173.6
1336100 2173.6
1336110 2177.7
1336120 2183.5
1336130 2183.5
1336140 2188.9
1336150 2195.2
1336160 2195.2
1336170 2201.6
1336180 2207.5
1336190 2207.5
1336200 2211.9
1336210 2214.5
1336220 2214.5
1336230 2214.5
1336240 2213.2
1336250 2213.1
1336260 2213.1
1336270 2213.1
1336280 2213.1
1336290 2213.1
1336300 2213.1
1336310 2213.0
1336320 2213.0
1336330 2213.1
1336340 2213.1
1336350 2213.1
1336360 2213.1
1336370 2213.1
1336380 2213.1
1336390 2214.4
1336400 2219.4
1336410 2219.4
1336420 2224.8
1336430 2229.0
1336440 2229.0
1336450 2233.0
1336460 2237.7
1336470 2239.7
1336480 2243.4
1336490 2248.1
1336500 2252.0
1336510 2252.0
1336520 2257.1
1336530 2266.4
1336540 2266.4
1336550 2277.5
1336560 2279.2
1336570 2279.2
1336580 2272.1
1336590 2268.5
1336600 2268.5
1336610 2270.5
1336620 2278.6
1336630 2278.6
1336640 2276.7
1336650 2268.4
1336660 2268.4
1336670 2261.5
1336680 2252.8
1336690 2252.8
1336700 2245.8
1336710 2240.5
1336720 2240.5
1336730 2235.5
1336740 2230.0
1336750 2230.0
1336760 2223.0
1336770 2217.2
1336780 2212.8
1336790 2212.8
1336800 2208.3
1336810 2202.3
1336820 2202.3
1336830 2196.2
1336840 2189.3
1336850 2189.3
1336860 2183.0
1336870 2176.8
1336880 2176.8
1336890 2170.5
1336900 2164.1
1336910 2164.1
1336920 2156.8
1336930 2149.8
1336940 2149.8
1336950 2143.9
1336960 2137.8
1336970 2137.8
1336980 2131.1
1336990 2123.9
1337000 2123.9
1337010 2116.0
1337020 2109.6
1337030 2102.7
1337040 2102.7
1337050 2094.6
1337060 2086.4
1337070 2086.4
1337080 2080.0
1337090 2073.5
1337100 2073.5
1337110 2066.7
1337120 2060.6
1337130 2060.6
1337140 2055.3
1337150 2051.5
1337160 2051.5
1337170 2048.2
1337180 2044.3
1337190 2044.3
1337200 2040.1
1337210 2036.0
1337220 2036.0
1337230 2031.9
1337240 2029.6
1337250 2029.6
1337260 2030.0
1337270 2029.8
1337280 2028.3
1337290 2028.3
1337300 2026.2
1337310 2024.2
1337320 2024.2
1337330 2023.7
1337340 2027.2
1337350 2027.2
1337360 2027.9
1337370 2029.4
1337380 2029.4
1337390 2030.8
1337400 2031.0
1337410 2031.0
1337420 2030.4
1337430 2028.8
1337440 2028.8
1337450 2027.0
1337460 2024.9
1337470 2024.9
1337480 2021.9
1337490 2017.8
1337500 2017.8
1337510 2014.1
1337520 2012.2
1337530 2012.2
1337540 2010.1
1337550 2007.9
1337560 2005.7
1337570 2005.7
1337580 2003.4
1337590 2001.2
1337600 2001.2
1337610 1999.6
1337620 1998.3
1337630 1998.3
1337640 1997.2
1337650 1996.0
1337660 1996.0
1337670 1995.2
1337680 1994.0
1337690 1994.0
1337700 1990.8
1337710 1987.4
1337720 1987.4
1337730 1985.5
1337740 1983.2
1337750 1983.2
1337760 1981.8
1337770 1981.6
1337780 1981.6
1337790 1982.1
1337800 1981.7
1337810 1981.5
1337820 1981.5
1337830 1980.2
1337840 1975.2
1337850 1975.2
1337860 1969.2
1337870 1963.4
1337880 1963.4
1337890 1958.8
1337900 1955.3
1337910 1955.3
1337920 1952.7
1337930 1950.9
1337940 1950.9
1337950 1947.4
1337960 1943.4
1337970 1943.4
1337980 1940.3
1337990 1936.8
1338000 1936.8
1338010 1933.4
1338020 1929.9
1338030 1929.9
1338040 1926.7
1338050 1923.1
1338060 1923.1
1338070 1920.2
1338080 1917.1
1338090 1913.4
1338100 1913.4
1338110 1909.6
1338120 1905.9
1338130 1905.9
1338140 1902.3
1338150 1898.5
1338160 1898.5
1338170 1893.8
1338180 1888.7
1338190 1888.7
1338200 1883.9
1338210 1874.7
1338220 1874.7
1338230 1870.1
1338240 1866.3
1338250 1866.3
1338260 1863.8
1338270 1861.7
1338280 1861.7
1338290 1860.3
1338300 1859.1
1338310 1859.1
1338320 1858.3
1338330 1857.9
1338340 1855.8
1338350 1855.8
1338360 1851.8
1338370 1848.3
1338380 1848.3
1338390 1845.6
1338400 1844.1
1338410 1844.1
1338420 1842.7
1338430 1841.0
1338440 1841.0
1338450 1840.6
1338460 1840.9
1338470 1840.9
1338480 1840.4
1338490 1839.7
1338500 1839.7
1338510 1839.3
1338520 1839.1
1338530 1839.1
1338540 1838.9
1338550 1836.6
1338560 1836.6
1338570 1834.0
1338580 1832.8
1338590 1831.4
1338600 1831.4
1338610 1830.3
1338620 1829.1
1338630 1829.1
1338640 1830.5
1338650 1834.5
1338660 1834.5
1338670 1836.7
1338680 1839.0
1338690 1839.0
1338700 1844.0
1338710 1845.1
1338720 1845.1
1338730 1846.5
1338740 1847.3
1338750 1847.3
1338760 1847.4
1338770 1847.7
1338780 1847.7
1338790 1849.5
1338800 1850.3
1338810 1850.3
1338820 1851.1
1338830 1853.8
1338840 1853.8
1338850 1856.5
1338860 1857.3
1338870 1856.7
1338880 1856.7
1338890 1857.9
1338900 1860.0
1338910 1860.0
1338920 1863.1
1338930 1864.4
1338940 1864.4
1338950 1864.7
1338960 1866.6
1338970 1866.6
1338980 1869.3
1338990 1870.4
1339000 1870.4
1339010 1871.2
1339020 1872.9
1339030 1872.9
1339040 1875.6
1339050 1876.2
1339060 1876.2
1339070 1874.9
1339080 1876.0
1339090 1876.0
1339100 1874.6
1339110 1874.5
1339120 1873.4
1339130 1873.4
1339140 1871.5
1339150 1871.9
1339160 1871.9
1339170 1872.1
1339180 1872.4
1339190 1872.4
1339200 1874.9
1339210 1878.3
1339220 1878.3
1339230 1882.5
1339240 1887.7
1339250 1887.7
1339260 1893.4
1339270 1899.3
1339280 1899.3
1339290 1904.9
1339300 1907.6
1339310 1907.6
1339320 1910.8
1339330 1913.5
1339340 1913.5
1339350 1911.8
1339360 1908.0
1339370 1908.0
1339380 1905.0
1339390 1903.5
1339400 1902.5
1339410 1902.5
1339420 1900.7
1339430 1900.2
1339440 1900.2
1339450 1900.2
1339460 1901.8
1339470 1901.8
1339480 1903.3
1339490 1906.2
1339500 1906.2
1339510 1909.7
1339520 1913.5
1339530 1913.5
1339540 1919.6
1339550 1925.5
1339560 1925.5
1339570 1929.5
1339580 1932.7
1339590 1932.7
1339600 1937.8
1339610 1947.1
1339620 1947.1
1339630 1959.4
1339640 1965.7
1339650 1969.8
1339660 1969.8
1339670 1974.7
1339680 1977.1
1339690 1977.1
1339700 1978.0
1339710 1978.2
1339720 1978.2
1339730 1977.4
1339740 1975.7
1339750 1975.7
1339760 1973.2
1339770 1971.2
1339780 1971.2
1339790 1973.2
1339800 1977.3
1339810 1977.3
1339820 1983.6
1339830 1989.8
1339840 1989.8
1339850 1995.6
1339860 2004.4
1339870 2004.4
1339880 2013.4
1339890 2022.8
1339900 2033.4
1339910 2033.4
1339920 2044.4
1339930 2054.0
1339940 2054.0
1339950 2061.3
1339960 2073.5
1339970 2073.5
1339980 2076.2
1339990 2077.6
