1320000 1190.5
1320010 1190.5
1320020 1184.6
1320030 1178.1
1320040 1178.1
1320050 1172.1
1320060 1164.3
1320070 1164.3
1320080 1157.1
1320090 1152.4
1320100 1152.4
1320110 1149.3
1320120 1146.0
1320130 1146.0
1320140 1142.7
1320150 1139.8
1320160 1139.8
1320170 1137.0
1320180 1133.8
1320190 1133.8
1320200 1130.4
1320210 1127.1
1320220 1127.1
1320230 1124.3
1320240 1121.6
1320250 1121.6
1320260 1119.3
1320270 1117.1
1320280 1114.2
1320290 1114.2
1320300 1112.3
1320310 1110.7
1320320 1110.7
1320330 1108.8
1320340 1105.8
1320350 1105.8
1320360 1099.7
1320370 1094.6
1320380 1094.6
1320390 1093.7
1320400 1090.4
1320410 1090.4
1320420 1083.9
1320430 1077.6
1320440 1077.6
1320450 1071.9
1320460 1066.3
1320470 1066.3
1320480 1060.8
1320490 1056.4
1320500 1056.4
1320510 1052.5
1320520 1049.1
1320530 1047.1
1320540 1047.1
1320550 1043.8
1320560 1039.6
1320570 1039.6
1320580 1036.0
1320590 1032.9
1320600 1032.9
1320610 1030.0
1320620 1027.7
1320630 1027.7
1320640 1027.8
1320650 1028.9
1320660 1028.9
1320670 1032.4
1320680 1037.0
1320690 1037.0
1320700 1040.5
1320710 1042.7
1320720 1042.7
1320730 1042.9
1320740 1042.3
1320750 1042.3
1320760 1040.8
1320770 1038.0
1320780 1037.0
1320790 1037.0
1320800 1035.9
1320810 1034.1
1320820 1034.1
1320830 1033.2
1320840 1031.8
1320850 1031.8
1320860 1030.3
1320870 1028.4
1320880 1028.4
1320890 1025.6
1320900 1022.4
1320910 1022.4
1320920 1019.5
1320930 1017.7
1320940 1017.7
1320950 1015.0
1320960 1012.4
1320970 1012.4
1320980 1010.1
1320990 1006.5
1321000 1006.5
1321010 1001.1
1321020 993.8
1321030 993.8
1321040 986.3
1321050 979.8
1321060 973.7
1321070 973.7
1321080 966.8
1321090 960.4
1321100 960.4
1321110 954.8
1321120 949.1
1321130 949.1
1321140 944.1
1321150 939.4
1321160 939.4
1321170 935.0
1321180 930.7
1321190 930.7
1321200 926.3
1321210 922.0
1321220 922.0
1321230 919.0
1321240 916.3
1321250 916.3
1321260 911.6
1321270 906.4
1321280 906.4
1321290 901.7
1321300 896.5
1321310 890.7
1321320 890.7
1321330 884.7
1321340 878.8
1321350 878.8
1321360 873.3
1321370 868.0
1321380 868.0
1321390 862.9
1321400 857.2
1321410 857.2
1321420 851.9
1321430 847.3
1321440 847.3
1321450 843.9
1321460 839.4
1321470 839.4
1321480 834.1
1321490 829.2
1321500 829.2
1321510 824.0
1321520 818.8
1321530 818.8
1321540 814.0
1321550 809.4
1321560 809.4
1321570 805.3
1321580 801.5
1321590 798.1
1321600 798.1
1321610 795.3
1321620 792.6
1321630 792.6
1321640 789.2
1321650 785.0
1321660 785.0
1321670 781.0
1321680 775.3
1321690 775.3
1321700 767.3
1321710 759.9
1321720 759.9
1321730 754.4
1321740 749.8
1321750 749.8
1321760 746.1
1321770 743.9
1321780 743.9
1321790 741.7
1321800 738.5
1321810 738.5
1321820 736.4
1321830 731.6
1321840 726.1
1321850 726.1
1321860 720.5
1321870 715.6
1321880 715.6
1321890 711.6
1321900 707.6
1321910 707.6
1321920 703.4
1321930 700.4
1321940 700.4
1321950 697.6
1321960 695.7
1321970 695.7
1321980 693.2
1321990 689.5
1322000 689.5
1322010 687.1
1322020 685.5
1322030 685.5
1322040 683.6
1322050 680.7
1322060 680.7
1322070 676.9
1322080 674.8
1322090 674.8
1322100 670.8
1322110 668.2
1322120 664.6
1322130 664.6
1322140 661.1
1322150 657.7
1322160 657.7
1322170 654.3
1322180 650.7
1322190 650.7
1322200 648.1
1322210 644.6
1322220 644.6
1322230 642.1
1322240 638.7
1322250 638.7
1322260 634.7
1322270 630.4
1322280 630.4
1322290 625.9
1322300 621.6
1322310 621.6
1322320 617.4
1322330 613.1
1322340 613.1
1322350 607.8
1322360 603.5
1322370 598.5
1322380 598.5
1322390 593.6
1322400 589.3
1322410 589.3
1322420 585.3
1322430 580.9
1322440 580.9
1322450 577.3
1322460 575.2
1322470 575.2
1322480 573.1
1322490 571.1
1322500 571.1
1322510 570.1
1322520 567.8
1322530 567.8
1322540 560.6
1322550 554.8
1322560 554.8
1322570 554.2
1322580 553.8
1322590 553.8
1322600 553.8
1322610 553.9
1322620 553.9
1322630 553.9
1322640 553.9
1322650 554.0
1322660 554.0
1322670 554.0
1322680 554.1
1322690 554.1
1322700 554.1
1322710 554.1
1322720 554.1
1322730 554.2
1322740 554.3
1322750 554.3
1322760 554.5
1322770 554.6
1322780 554.6
1322790 554.8
1322800 555.3
1322810 555.3
1322820 556.2
1322830 556.2
1322840 556.2
1322850 556.5
1322860 556.3
1322870 556.3
1322880 554.8
1322890 552.5
1322900 551.7
1322910 551.7
1322920 551.7
1322930 552.7
1322940 552.7
1322950 554.2
1322960 556.1
1322970 556.1
1322980 556.9
1322990 555.6
1323000 555.6
1323010 554.8
1323020 554.7
1323030 554.7
1323040 554.7
1323050 554.6
1323060 554.6
1323070 554.6
1323080 554.6
1323090 554.6
1323100 554.6
1323110 554.6
1323120 554.6
1323130 554.6
1323140 554.6
1323150 554.6
1323160 554.5
1323170 554.6
1323180 554.6
1323190 554.6
1323200 554.5
1323210 554.6
1323220 554.6
1323230 554.7
1323240 554.8
1323250 554.8
1323260 554.8
1323270 554.7
1323280 554.7
1323290 554.7
1323300 554.6
1323310 554.6
1323320 554.6
1323330 554.6
1323340 554.6
1323350 554.5
1323360 554.5
1323370 554.5
1323380 554.5
1323390 554.5
1323400 554.5
1323410 554.5
1323420 554.4
1323430 554.3
1323440 554.3
1323450 554.3
1323460 554.2
1323470 554.2
1323480 554.2
1323490 554.3
1323500 554.3
1323510 554.4
1323520 554.4
1323530 554.4
1323540 554.5
1323550 554.6
1323560 554.6
1323570 554.7
1323580 554.9
1323590 554.9
1323600 555.0
1323610 555.0
1323620 555.0
1323630 555.0
1323640 555.0
1323650 555.0
1323660 555.0
1323670 555.1
1323680 555.2
1323690 555.2
1323700 555.5
1323710 555.8
1323720 555.8
1323730 556.1
1323740 556.4
1323750 556.4
1323760 557.0
1323770 558.0
1323780 558.0
1323790 558.8
1323800 559.4
1323810 559.4
1323820 560.0
1323830 560.7
1323840 560.7
1323850 561.3
1323860 562.0
1323870 562.0
1323880 562.7
1323890 563.3
1323900 563.3
1323910 564.1
1323920 565.3
1323930 565.3
1323940 567.2
1323950 567.3
1323960 567.6
1323970 567.6
1323980 568.6
1323990 569.2
1324000 569.2
1324010 569.7
1324020 570.6
1324030 570.6
1324040 571.6
1324050 572.7
1324060 572.7
1324070 574.6
1324080 575.4
1324090 575.4
1324100 575.8
1324110 576.0
1324120 576.0
1324130 576.6
1324140 578.0
1324150 578.0
1324160 579.1
1324170 580.5
1324180 580.5
1324190 581.5
1324200 582.3
1324210 583.1
1324220 583.1
1324230 583.9
1324240 585.0
1324250 585.0
1324260 586.3
1324270 587.4
1324280 587.4
1324290 588.5
1324300 589.6
1324310 589.6
1324320 590.7
1324330 592.0
1324340 592.0
1324350 593.2
1324360 594.4
1324370 594.4
1324380 595.5
1324390 596.7
1324400 596.7
1324410 598.0
1324420 599.6
1324430 599.6
1324440 601.0
1324450 602.5
1324460 602.5
1324470 604.1
1324480 605.8
1324490 607.6
1324500 607.6
1324510 609.5
1324520 611.0
1324530 611.0
1324540 611.3
1324550 610.9
1324560 610.9
1324570 611.8
1324580 614.4
1324590 614.4
1324600 616.0
1324610 617.1
1324620 617.1
1324630 618.5
1324640 619.5
1324650 619.5
1324660 620.4
1324670 621.0
1324680 621.0
1324690 621.1
1324700 621.4
1324710 621.4
1324720 622.4
1324730 625.2
1324740 630.3
1324750 630.3
1324760 634.9
1324770 640.2
1324780 640.2
1324790 646.1
1324800 653.1
1324810 653.1
1324820 659.8
1324830 665.1
1324840 665.1
1324850 669.9
1324860 674.5
1324870 674.5
1324880 678.3
1324890 683.1
1324900 683.1
1324910 687.9
1324920 693.0
1324930 693.0
1324940 697.1
1324950 703.7
1324960 703.7
1324970 708.2
1324980 713.1
1324990 713.1
1325000 716.5
1325010 719.1
1325020 721.1
1325030 721.1
1325040 722.9
1325050 726.4
1325060 726.4
1325070 730.9
1325080 736.7
1325090 736.7
1325100 743.0
1325110 747.8
1325120 747.8
1325130 752.9
1325140 757.6
1325150 757.6
1325160 761.7
1325170 765.6
1325180 765.6
1325190 771.9
1325200 781.2
1325210 781.2
1325220 791.2
1325230 798.9
1325240 798.9
1325250 806.1
1325260 812.0
1325270 817.4
1325280 817.4
1325290 822.6
1325300 827.0
1325310 827.0
1325320 830.2
1325330 833.0
1325340 833.0
1325350 836.0
1325360 839.0
1325370 839.0
1325380 841.6
1325390 844.7
1325400 844.7
1325410 848.0
1325420 852.5
1325430 852.5
1325440 855.3
1325450 858.7
1325460 858.7
1325470 861.7
1325480 863.0
1325490 863.0
1325500 865.3
1325510 868.4
1325520 868.4
1325530 870.0
1325540 873.7
1325550 879.7
1325560 879.7
1325570 884.4
1325580 887.9
1325590 887.9
1325600 890.4
1325610 893.1
1325620 893.1
1325630 896.1
1325640 898.7
1325650 898.7
1325660 900.8
1325670 903.1
1325680 903.1
1325690 905.9
1325700 908.2
1325710 908.2
1325720 909.5
1325730 909.9
1325740 909.9
1325750 909.5
1325760 910.1
1325770 910.1
1325780 916.2
1325790 918.4
1325800 924.7
1325810 924.7
1325820 931.3
1325830 935.7
1325840 935.7
1325850 939.9
1325860 945.3
1325870 945.3
1325880 949.1
1325890 953.1
1325900 953.1
1325910 957.3
1325920 961.6
1325930 961.6
1325940 966.1
1325950 971.0
1325960 971.0
1325970 976.6
1325980 982.5
1325990 982.5
1326000 987.1
1326010 990.9
1326020 990.9
1326030 996.0
1326040 1001.6
1326050 1001.6
1326060 1007.5
1326070 1012.4
1326080 1017.8
1326090 1017.8
1326100 1019.9
1326110 1020.1
1326120 1020.1
1326130 1020.7
1326140 1022.3
1326150 1022.3
1326160 1024.5
1326170 1026.9
1326180 1026.9
1326190 1029.2
1326200 1031.3
1326210 1031.3
1326220 1034.4
1326230 1038.1
1326240 1038.1
1326250 1044.7
1326260 1054.0
1326270 1054.0
1326280 1062.5
1326290 1069.0
1326300 1069.0
1326310 1075.0
1326320 1080.9
1326330 1086.3
1326340 1086.3
1326350 1094.0
1326360 1100.5
1326370 1100.5
1326380 1105.5
1326390 1111.3
1326400 1111.3
1326410 1118.4
1326420 1124.1
1326430 1124.1
1326440 1129.8
1326450 1138.0
1326460 1138.0
1326470 1145.5
1326480 1149.4
1326490 1149.4
1326500 1155.7
1326510 1163.2
1326520 1163.2
1326530 1169.6
1326540 1175.1
1326550 1175.1
1326560 1181.5
1326570 1189.4
1326580 1189.4
1326590 1196.8
1326600 1202.6
1326610 1205.5
1326620 1205.5
1326630 1207.1
1326640 1209.2
1326650 1209.2
1326660 1214.0
1326670 1216.0
1326680 1216.0
1326690 1218.0
1326700 1217.1
1326710 1217.1
1326720 1217.3
1326730 1224.2
1326740 1224.2
1326750 1232.6
1326760 1241.0
1326770 1241.0
1326780 1249.3
1326790 1255.7
1326800 1255.7
1326810 1261.8
1326820 1268.3
1326830 1268.3
1326840 1273.1
1326850 1276.4
1326860 1278.6
1326870 1278.6
1326880 1279.5
1326890 1279.6
1326900 1279.6
1326910 1279.7
1326920 1278.6
1326930 1278.6
1326940 1280.5
1326950 1285.4
1326960 1285.4
1326970 1290.1
1326980 1294.4
1326990 1294.4
1327000 1297.6
1327010 1300.4
1327020 1300.4
1327030 1304.7
1327040 1308.5
1327050 1308.5
1327060 1311.1
1327070 1317.4
1327080 1317.4
1327090 1325.8
1327100 1334.8
1327110 1342.2
1327120 1342.2
1327130 1348.0
1327140 1352.3
1327150 1352.3
1327160 1356.6
1327170 1359.7
1327180 1359.7
1327190 1359.8
1327200 1359.9
1327210 1359.9
1327220 1362.3
1327230 1365.2
1327240 1365.2
1327250 1366.6
1327260 1370.2
1327270 1370.2
1327280 1372.9
1327290 1376.5
1327300 1376.5
1327310 1380.1
1327320 1385.3
1327330 1385.3
1327340 1391.0
1327350 1394.2
1327360 1394.2
1327370 1396.5
1327380 1400.4
1327390 1402.9
1327400 1407.8
1327410 1413.0
1327420 1417.2
1327430 1417.2
1327440 1419.5
1327450 1418.3
1327460 1418.3
1327470 1417.6
1327480 1419.6
1327490 1419.6
1327500 1423.6
1327510 1425.3
1327520 1425.3
1327530 1427.2
1327540 1431.0
1327550 1431.0
1327560 1437.5
1327570 1445.9
1327580 1445.9
1327590 1453.8
1327600 1461.8
1327610 1461.8
1327620 1470.5
1327630 1481.8
1327640 1496.6
1327650 1496.6
1327660 1508.4
1327670 1521.6
1327680 1521.6
1327690 1532.1
1327700 1538.2
1327710 1538.2
1327720 1541.6
1327730 1543.0
1327740 1543.0
1327750 1544.4
1327760 1549.3
1327770 1549.3
1327780 1553.6
1327790 1556.4
1327800 1556.4
1327810 1558.5
1327820 1561.7
1327830 1561.7
1327840 1565.1
1327850 1568.6
1327860 1568.6
1327870 1572.3
1327880 1577.8
1327890 1577.8
1327900 1583.2
1327910 1586.7
1327920 1587.9
1327930 1587.9
1327940 1587.5
1327950 1589.3
1327960 1589.3
1327970 1590.5
1327980 1589.9
1327990 1589.9
1328000 1591.6
1328010 1593.6
1328020 1593.6
1328030 1599.2
1328040 1605.1
1328050 1605.1
1328060 1608.8
1328070 1612.0
1328080 1612.0
1328090 1615.1
1328100 1618.1
1328110 1618.1
1328120 1620.4
1328130 1620.7
1328140 1620.7
1328150 1621.6
1328160 1625.1
1328170 1628.5
1328180 1628.5
1328190 1630.1
1328200 1632.3
1328210 1635.7
1328220 1638.4
1328230 1640.3
1328240 1640.3
1328250 1641.6
1328260 1642.9
1328270 1642.9
1328280 1644.0
1328290 1644.9
1328300 1644.9
1328310 1645.7
1328320 1647.3
1328330 1647.3
1328340 1649.6
1328350 1651.3
1328360 1651.3
1328370 1652.9
1328380 1655.2
1328390 1655.2
1328400 1657.6
1328410 1660.7
1328420 1660.7
1328430 1664.7
1328440 1671.8
1328450 1678.3
1328460 1678.3
1328470 1684.4
1328480 1686.5
1328490 1686.5
1328500 1688.3
1328510 1689.7
1328520 1689.7
1328530 1691.3
1328540 1694.1
1328550 1694.1
1328560 1697.7
1328570 1700.8
1328580 1700.8
1328590 1703.2
1328600 1705.4
1328610 1705.4
1328620 1708.5
1328630 1711.3
1328640 1711.3
1328650 1713.3
1328660 1715.8
1328670 1715.8
1328680 1718.9
1328690 1721.3
1328700 1723.5
1328710 1723.5
1328720 1725.6
1328730 1727.2
1328740 1727.2
1328750 1728.6
1328760 1728.9
1328770 1728.9
1328780 1730.7
1328790 1731.9
1328800 1731.9
1328810 1730.9
1328820 1733.0
1328830 1733.0
1328840 1736.3
1328850 1740.0
1328860 1740.0
1328870 1744.4
1328880 1747.6
1328890 1747.6
1328900 1751.8
1328910 1756.1
1328920 1756.1
1328930 1760.4
1328940 1763.6
1328950 1763.6
1328960 1765.9
1328970 1767.9
1328980 1769.3
1328990 1769.3
1329000 1771.5
1329010 1776.4
1329020 1776.4
1329030 1778.6
1329040 1782.1
1329050 1782.1
1329060 1786.3
1329070 1791.1
1329080 1791.1
1329090 1796.9
1329100 1803.4
1329110 1803.4
1329120 1808.0
1329130 1812.0
1329140 1812.0
1329150 1816.3
1329160 1819.3
1329170 1819.3
1329180 1822.1
1329190 1826.2
1329200 1826.2
1329210 1829.8
1329220 1832.1
1329230 1834.4
1329240 1834.4
1329250 1840.9
1329260 1846.5
1329270 1846.5
1329280 1850.9
1329290 1856.2
1329300 1856.2
1329310 1859.2
1329320 1861.8
1329330 1861.8
1329340 1862.8
1329350 1863.0
1329360 1863.0
1329370 1866.8
1329380 1869.9
1329390 1869.9
1329400 1873.0
1329410 1875.7
1329420 1875.7
1329430 1879.8
1329440 1884.2
1329450 1884.2
1329460 1887.0
1329470 1890.4
1329480 1890.4
1329490 1894.6
1329500 1898.4
1329510 1901.9
1329520 1901.9
1329530 1905.4
1329540 1908.4
1329550 1908.4
1329560 1911.2
1329570 1914.2
1329580 1914.2
1329590 1916.4
1329600 1918.7
1329610 1918.7
1329620 1920.2
1329630 1921.7
1329640 1921.7
1329650 1926.0
1329660 1931.2
1329670 1931.2
1329680 1934.5
1329690 1937.3
1329700 1937.3
1329710 1940.3
1329720 1944.3
1329730 1944.3
1329740 1949.1
1329750 1956.2
1329760 1963.1
1329770 1963.1
1329780 1969.3
1329790 1975.0
1329800 1975.0
1329810 1979.6
1329820 1983.6
1329830 1983.6
1329840 1987.8
1329850 1989.6
1329860 1989.6
1329870 1994.6
1329880 2000.1
1329890 2000.1
1329900 2006.6
1329910 2014.2
1329920 2014.2
1329930 2021.3
1329940 2026.1
1329950 2026.1
1329960 2026.5
1329970 2027.4
1329980 2027.4
1329990 2029.8
1330000 2033.1
1330010 2033.1
1330020 2035.8
1330030 2038.4
1330040 2040.9
1330050 2040.9
1330060 2043.5
1330070 2046.8
1330080 2046.8
1330090 2050.3
1330100 2054.8
1330110 2054.8
1330120 2060.0
1330130 2064.9
1330140 2064.9
1330150 2069.4
1330160 2073.5
1330170 2073.5
1330180 2077.6
1330190 2081.2
1330200 2081.2
1330210 2084.7
1330220 2087.4
1330230 2087.4
1330240 2089.0
1330250 2090.6
1330260 2090.6
1330270 2092.1
1330280 2093.0
1330290 2092.9
1330300 2092.9
1330310 2092.1
1330320 2092.9
1330330 2092.9
1330340 2095.2
1330350 2098.3
1330360 2098.3
1330370 2101.7
1330380 2105.0
1330390 2105.0
1330400 2108.1
1330410 2110.8
1330420 2110.8
1330430 2113.8
1330440 2116.9
1330450 2116.9
1330460 2118.4
1330470 2119.0
1330480 2119.0
1330490 2121.2
1330500 2125.8
1330510 2125.8
1330520 2128.4
1330530 2129.0
1330540 2129.0
1330550 2129.0
1330560 2130.4
1330570 2131.6
1330580 2131.6
1330590 2132.5
1330600 2133.5
1330610 2133.5
1330620 2135.5
1330630 2137.8
1330640 2137.8
1330650 2138.9
1330660 2141.3
1330670 2141.0
1330680 2143.1
1330690 2146.7
1330700 2146.7
1330710 2151.0
1330720 2155.4
1330730 2155.4
1330740 2160.1
1330750 2163.4
1330760 2163.4
1330770 2165.9
1330780 2168.0
1330790 2168.0
1330800 2169.1
1330810 2170.4
1330820 2173.3
1330830 2173.3
1330840 2177.7
1330850 2182.4
1330860 2182.4
1330870 2186.0
1330880 2189.2
1330890 2189.2
1330900 2194.7
1330910 2198.5
1330920 2198.5
1330930 2200.4
1330940 2202.0
1330950 2202.0
1330960 2204.9
1330970 2208.3
1330980 2208.3
1330990 2211.4
1331000 2214.9
1331010 2214.9
1331020 2220.1
1331030 2225.9
1331040 2225.9
1331050 2230.6
1331060 2234.4
1331070 2235.8
1331080 2235.8
1331090 2238.0
1331100 2240.3
1331110 2240.3
1331120 2242.9
1331130 2245.5
1331140 2245.5
1331150 2248.2
1331160 2250.9
1331170 2250.9
1331180 2253.7
1331190 2256.3
1331200 2256.3
1331210 2258.6
1331220 2260.9
1331230 2260.9
1331240 2262.5
1331250 2263.9
1331260 2263.9
1331270 2263.1
1331280 2260.5
1331290 2260.5
1331300 2258.7
1331310 2256.7
1331320 2256.7
1331330 2255.1
1331340 2255.3
1331350 2257.0
1331360 2257.0
1331370 2259.6
1331380 2261.5
1331390 2261.5
1331400 2260.5
1331410 2258.6
1331420 2258.6
1331430 2253.9
1331440 2249.7
1331450 2249.7
1331460 2245.7
1331470 2242.6
1331480 2242.6
1331490 2240.0
1331500 2238.4
1331510 2238.4
1331520 2236.1
1331530 2233.2
1331540 2233.2
1331550 2226.9
1331560 2223.5
1331570 2223.5
1331580 2222.2
1331590 2222.4
1331600 2222.9
1331610 2222.9
1331620 2222.0
1331630 2217.8
1331640 2217.8
1331650 2213.4
1331660 2209.6
1331670 2209.6
1331680 2205.6
1331690 2201.0
1331700 2201.0
1331710 2196.7
1331720 2191.8
1331730 2191.8
1331740 2184.5
1331750 2178.9
1331760 2178.9
1331770 2169.6
1331780 2160.4
1331790 2160.4
1331800 2155.1
1331810 2150.0
1331820 2150.0
1331830 2145.0
1331840 2141.6
1331850 2141.6
1331860 2140.0
1331870 2137.6
1331880 2135.0
1331890 2135.0
1331900 2132.2
1331910 2129.3
1331920 2129.3
1331930 2126.5
1331940 2124.2
1331950 2124.2
1331960 2121.1
1331970 2117.5
1331980 2117.5
1331990 2113.8
1332000 2110.9
1332010 2110.9
1332020 2109.4
1332030 2106.4
1332040 2106.4
1332050 2099.2
1332060 2092.0
1332070 2092.0
1332080 2085.6
1332090 2077.2
1332100 2077.2
1332110 2070.0
1332120 2064.9
1332130 2060.8
1332140 2060.8
1332150 2058.0
1332160 2056.4
1332170 2056.4
1332180 2056.1
1332190 2055.7
1332200 2055.7
1332210 2055.1
1332220 2052.7
1332230 2052.7
1332240 2048.4
1332250 2043.8
1332260 2043.8
1332270 2040.5
1332280 2038.5
1332290 2038.5
1332300 2032.8
1332310 2028.0
1332320 2028.0
1332330 2028.9
1332340 2025.8
1332350 2025.8
1332360 2020.7
1332370 2017.4
1332380 2017.4
1332390 2015.0
1332400 2011.1
1332410 2007.8
1332420 2007.8
1332430 2003.9
1332440 2000.0
1332450 2000.0
1332460 1995.9
1332470 1991.2
1332480 1991.2
1332490 1986.8
1332500 1981.9
1332510 1981.9
1332520 1977.3
1332530 1972.1
1332540 1972.1
1332550 1964.7
1332560 1958.1
1332570 1958.1
1332580 1951.5
1332590 1945.1
1332600 1945.1
1332610 1939.8
1332620 1934.9
1332630 1934.9
1332640 1930.4
1332650 1925.5
1332660 1921.9
1332670 1921.9
1332680 1919.3
1332690 1917.3
1332700 1917.3
1332710 1917.1
1332720 1919.8
1332730 1919.8
1332740 1923.9
1332750 1928.4
1332760 1928.4
1332770 1933.9
1332780 1940.0
1332790 1940.0
1332800 1945.4
1332810 1951.1
1332820 1951.1
1332830 1957.0
1332840 1961.9
1332850 1961.9
1332860 1966.6
1332870 1971.0
1332880 1971.0
1332890 1975.3
1332900 1979.2
1332910 1979.2
1332920 1983.1
1332930 1987.5
1332940 1994.4
1332950 1994.4
1332960 2002.5
1332970 2009.7
1332980 2009.7
1332990 2016.9
1333000 2022.5
1333010 2022.5
1333020 2026.6
1333030 2031.5
1333040 2031.5
1333050 2037.2
1333060 2042.3
1333070 2042.3
1333080 2046.9
1333090 2052.5
1333100 2052.5
1333110 2058.7
1333120 2064.7
1333130 2064.7
1333140 2070.5
1333150 2075.5
1333160 2075.5
1333170 2079.3
1333180 2084.2
1333190 2089.6
1333200 2089.6
1333210 2095.2
1333220 2100.4
1333230 2100.4
1333240 2105.6
1333250 2111.2
1333260 2111.2
1333270 2116.5
1333280 2122.2
1333290 2122.2
1333300 2128.9
1333310 2134.2
1333320 2134.2
1333330 2138.3
1333340 2141.9
1333350 2141.9
1333360 2145.8
1333370 2149.5
1333380 2149.5
1333390 2153.6
1333400 2158.1
1333410 2158.1
1333420 2163.1
1333430 2167.4
1333440 2170.4
1333450 2170.4
1333460 2171.8
1333470 2171.1
1333480 2171.1
1333490 2172.5
1333500 2173.4
1333510 2173.4
1333520 2175.5
1333530 2177.2
1333540 2177.2
1333550 2179.3
1333560 2181.6
1333570 2181.6
1333580 2186.9
1333590 2193.9
1333600 2193.9
1333610 2201.5
1333620 2210.1
1333630 2210.1
1333640 2218.8
1333650 2227.5
1333660 2227.5
1333670 2238.1
1333680 2244.7
1333690 2244.7
1333700 2251.7
1333710 2259.7
1333720 2267.3
1333730 2267.3
1333740 2273.0
1333750 2276.2
1333760 2276.2
1333770 2279.7
1333780 2283.1
1333790 2283.1
1333800 2286.6
1333810 2289.3
1333820 2289.3
1333830 2292.3
1333840 2296.9
1333850 2296.9
1333860 2302.8
1333870 2309.3
1333880 2309.3
1333890 2315.2
1333900 2320.8
1333910 2320.8
1333920 2326.3
1333930 2331.8
1333940 2331.8
1333950 2338.0
1333960 2343.9
1333970 2347.9
1333980 2347.9
1333990 2352.6
1334000 2361.0
1334010 2361.8
1334020 2371.8
1334030 2382.9
1334040 2382.9
1334050 2388.6
1334060 2393.7
1334070 2393.7
1334080 2399.6
1334090 2402.6
1334100 2402.6
1334110 2404.5
1334120 2408.1
1334130 2408.1
1334140 2411.6
1334150 2415.1
1334160 2415.1
1334170 2418.4
1334180 2421.2
1334190 2421.2
1334200 2424.9
1334210 2428.8
1334220 2428.8
1334230 2433.3
1334240 2431.1
1334250 2425.3
1334260 2425.3
1334270 2419.4
1334280 2415.4
1334290 2415.4
1334300 2412.6
1334310 2408.6
1334320 2408.6
1334330 2404.4
1334340 2400.8
1334350 2400.8
1334360 2396.4
1334370 2393.4
1334380 2393.4
1334390 2391.8
1334400 2388.9
1334410 2388.9
1334420 2384.7
1334430 2380.9
1334440 2380.9
1334450 2375.3
1334460 2371.3
1334470 2371.3
1334480 2366.9
1334490 2361.7
1334500 2355.8
1334510 2355.8
1334520 2350.0
1334530 2344.8
1334540 2344.8
1334550 2340.2
1334560 2337.0
1334570 2337.0
1334580 2334.7
1334590 2331.9
1334600 2331.9
1334610 2329.0
1334620 2324.7
1334630 2324.7
1334640 2320.7
1334650 2316.6
1334660 2316.6
1334670 2310.2
1334680 2299.4
1334690 2299.4
1334700 2282.6
1334710 2266.4
1334720 2266.4
1334730 2256.8
1334740 2248.7
1334750 2248.7
1334760 2241.3
1334770 2234.3
1334780 2227.6
1334790 2227.6
1334800 2221.4
1334810 2215.1
1334820 2215.1
1334830 2208.1
1334840 2201.6
1334850 2201.6
1334860 2195.5
1334870 2190.8
1334880 2190.8
1334890 2187.0
1334900 2185.4
1334910 2185.4
1334920 2185.5
1334930 2185.7
1334940 2185.7
1334950 2185.6
1334960 2184.7
1334970 2184.7
1334980 2183.7
1334990 2183.2
1335000 2183.2
1335010 2183.1
1335020 2183.3
1335030 2183.2
1335040 2183.2
1335050 2183.4
1335060 2184.1
1335070 2184.1
1335080 2183.9
1335090 2183.0
1335100 2183.0
1335110 2181.0
1335120 2177.9
1335130 2177.9
1335140 2175.2
1335150 2173.0
1335160 2173.0
1335170 2170.7
1335180 2168.1
1335190 2168.1
1335200 2165.2
1335210 2162.2
1335220 2162.2
1335230 2159.5
1335240 2156.3
1335250 2156.3
1335260 2151.4
1335270 2144.9
1335280 2144.9
1335290 2137.8
1335300 2130.4
1335310 2123.3
1335320 2123.3
1335330 2116.0
1335340 2109.7
1335350 2109.7
1335360 2105.9
1335370 2103.8
1335380 2103.8
1335390 2104.1
1335400 2105.8
1335410 2105.8
1335420 2108.3
1335430 2111.4
1335440 2111.4
1335450 2111.4
1335460 2106.5
1335470 2106.5
1335480 2098.6
1335490 2091.5
1335500 2091.5
1335510 2087.4
1335520 2085.0
1335530 2085.0
1335540 2083.3
1335550 2083.5
1335560 2083.1
1335570 2083.1
1335580 2081.4
1335590 2078.4
1335600 2078.4
1335610 2075.0
1335620 2072.1
1335630 2072.1
1335640 2069.4
1335650 2066.9
1335660 2066.9
1335670 2065.2
1335680 2063.1
1335690 2063.1
1335700 2061.0
1335710 2058.9
1335720 2060.1
1335730 2058.2
1335740 2056.0
1335750 2056.0
1335760 2053.5
1335770 2052.2
1335780 2052.2
1335790 2053.3
1335800 2054.6
1335810 2054.6
1335820 2056.0
1335830 2056.8
1335840 2058.3
1335850 2058.3
1335860 2059.4
1335870 2059.6
1335880 2059.6
1335890 2062.0
1335900 2066.5
1335910 2066.5
1335920 2072.0
1335930 2078.0
1335940 2078.0
1335950 2083.8
1335960 2088.1
1335970 2088.1
1335980 2091.0
1335990 2094.7
1336000 2094.7
1336010 2098.9
1336020 2103.6
1336030 2103.6
1336040 2108.2
1336050 2109.8
1336060 2109.8
1336070 2109.0
1336080 2112.4
1336090 2117.3
1336100 2117.3
1336110 2121.1
1336120 2124.4
1336130 2124.4
1336140 2127.5
1336150 2130.9
1336160 2130.9
1336170 2134.3
1336180 2138.0
1336190 2138.0
1336200 2143.1
1336210 2151.1
1336220 2151.1
1336230 2155.4
1336240 2156.0
1336250 2156.0
1336260 2156.8
1336270 2160.0
1336280 2160.0
1336290 2165.7
1336300 2172.0
1336310 2172.0
1336320 2178.5
1336330 2185.4
1336340 2194.4
1336350 2194.4
1336360 2205.7
1336370 2216.6
1336380 2216.6
1336390 2224.7
1336400 2231.3
1336410 2231.3
1336420 2237.1
1336430 2242.4
1336440 2242.4
1336450 2247.9
1336460 2254.9
1336470 2254.9
1336480 2262.4
1336490 2267.9
1336500 2267.9
1336510 2270.3
1336520 2274.4
1336530 2274.4
1336540 2275.8
1336550 2277.1
1336560 2277.1
1336570 2285.4
1336580 2287.3
1336590 2287.3
1336600 2288.1
1336610 2288.9
1336620 2292.3
1336630 2292.3
1336640 2296.4
1336650 2298.6
1336660 2298.6
1336670 2300.6
1336680 2305.6
1336690 2305.6
1336700 2311.5
1336710 2317.3
1336720 2317.3
1336730 2322.9
1336740 2329.0
1336750 2329.0
1336760 2330.9
1336770 2331.8
1336780 2331.8
1336790 2328.5
1336800 2316.0
1336810 2316.0
1336820 2307.7
1336830 2295.0
1336840 2295.0
1336850 2280.3
1336860 2268.7
1336870 2255.0
1336880 2255.0
1336890 2247.9
1336900 2241.3
1336910 2241.3
1336920 2234.8
1336930 2229.4
1336940 2229.4
1336950 2224.9
1336960 2220.4
1336970 2220.4
1336980 2216.7
1336990 2214.4
1337000 2214.4
1337010 2213.3
1337020 2212.2
1337030 2212.2
1337040 2210.5
1337050 2208.8
1337060 2208.8
1337070 2206.9
1337080 2204.0
1337090 2204.0
1337100 2201.0
1337110 2198.0
1337120 2198.0
1337130 2196.1
1337140 2193.9
1337150 2190.3
1337160 2190.3
1337170 2186.0
1337180 2181.6
1337190 2181.6
1337200 2177.0
1337210 2172.9
1337220 2172.9
1337230 2170.2
1337240 2167.9
1337250 2167.9
1337260 2164.5
1337270 2160.5
1337280 2160.5
1337290 2156.7
1337300 2153.0
1337310 2153.0
1337320 2150.4
1337330 2147.9
1337340 2147.9
1337350 2144.3
1337360 2138.8
1337370 2138.8
1337380 2132.1
1337390 2126.2
1337400 2120.2
1337410 2120.2
1337420 2114.4
1337430 2109.3
1337440 2109.2
1337450 2106.2
1337460 2105.1
1337470 2105.1
1337480 2102.2
1337490 2096.8
1337500 2096.8
1337510 2092.2
1337520 2089.5
1337530 2089.5
1337540 2087.2
1337550 2077.8
1337560 2077.8
1337570 2067.5
1337580 2061.3
1337590 2061.3
1337600 2056.9
1337610 2053.4
1337620 2053.4
1337630 2049.4
1337640 2044.8
1337650 2044.8
1337660 2040.9
1337670 2036.8
1337680 2032.5
1337690 2032.5
1337700 2028.4
1337710 2024.6
1337720 2024.6
1337730 2021.7
1337740 2019.3
1337750 2019.3
1337760 2016.2
1337770 2013.5
1337780 2013.5
1337790 2011.7
1337800 2009.8
1337810 2009.8
1337820 2006.1
1337830 2001.0
1337840 2001.0
1337850 1996.0
1337860 1990.7
1337870 1990.7
1337880 1984.7
1337890 1979.3
1337900 1979.3
1337910 1975.1
1337920 1971.5
1337930 1968.3
1337940 1968.3
1337950 1965.6
1337960 1963.2
1337970 1963.2
1337980 1960.5
1337990 1957.3
1338000 1957.3
1338010 1953.4
1338020 1950.0
1338030 1950.0
1338040 1945.5
1338050 1944.0
1338060 1944.0
1338070 1942.7
1338080 1940.2
1338090 1940.2
1338100 1937.3
1338110 1934.9
1338120 1934.9
1338130 1932.2
1338140 1929.3
1338150 1929.3
1338160 1926.1
1338170 1923.0
1338180 1923.0
1338190 1920.0
1338200 1918.5
1338210 1917.3
1338220 1917.3
1338230 1914.7
1338240 1910.5
1338250 1910.5
1338260 1903.9
1338270 1898.6
1338280 1898.6
1338290 1893.5
1338300 1888.8
1338310 1886.8
1338320 1881.2
1338330 1877.2
1338340 1877.2
1338350 1873.7
1338360 1868.2
1338370 1868.2
1338380 1863.2
1338390 1859.0
1338400 1859.0
1338410 1854.2
1338420 1848.3
1338430 1848.3
1338440 1841.6
1338450 1835.0
1338460 1828.2
1338470 1828.2
1338480 1822.0
1338490 1816.3
1338500 1816.3
1338510 1810.8
1338520 1805.5
1338530 1805.5
1338540 1800.6
1338550 1795.9
1338560 1795.9
1338570 1791.2
1338580 1785.2
1338590 1785.2
1338600 1780.0
1338610 1775.2
1338620 1775.2
1338630 1769.8
1338640 1765.8
1338650 1765.8
1338660 1761.8
1338670 1756.3
1338680 1756.3
1338690 1750.5
1338700 1744.7
1338710 1738.3
1338720 1738.3
1338730 1731.0
1338740 1723.5
1338750 1723.5
1338760 1714.5
1338770 1706.3
1338780 1706.3
1338790 1698.9
1338800 1693.1
1338810 1693.1
1338820 1688.2
1338830 1683.2
1338840 1683.2
1338850 1678.1
1338860 1673.6
1338870 1673.6
1338880 1668.5
1338890 1663.4
1338900 1663.4
1338910 1659.4
1338920 1657.1
1338930 1657.1
1338940 1655.4
1338950 1653.3
1338960 1653.3
1338970 1652.1
1338980 1651.9
1338990 1651.3
1339000 1651.3
1339010 1650.0
1339020 1648.0
1339030 1648.0
1339040 1648.4
1339050 1648.7
1339060 1648.7
1339070 1648.4
1339080 1649.1
1339090 1649.1
1339100 1651.6
1339110 1653.5
1339120 1653.5
1339130 1656.4
1339140 1660.0
1339150 1660.0
1339160 1665.5
1339170 1671.1
1339180 1672.6
1339190 1677.4
1339200 1681.7
1339210 1681.7
1339220 1687.4
1339230 1695.1
1339240 1704.1
1339250 1704.1
1339260 1711.9
1339270 1718.2
1339280 1718.2
1339290 1723.3
1339300 1728.6
1339310 1728.6
1339320 1732.2
1339330 1735.6
1339340 1735.6
1339350 1741.7
1339360 1748.4
1339370 1748.4
1339380 1753.5
1339390 1758.7
1339400 1758.7
1339410 1764.7
1339420 1772.4
1339430 1772.4
1339440 1777.9
1339450 1783.5
1339460 1783.5
1339470 1789.5
1339480 1794.6
1339490 1794.6
1339500 1801.3
1339510 1809.4
1339520 1817.6
1339530 1817.6
1339540 1825.1
1339550 1829.8
1339560 1829.8
1339570 1835.3
1339580 1842.5
1339590 1842.5
1339600 1848.7
1339610 1853.5
1339620 1853.5
1339630 1857.6
1339640 1860.2
1339650 1860.2
1339660 1861.5
1339670 1863.2
1339680 1863.2
1339690 1865.5
1339700 1864.0
1339710 1864.0
1339720 1862.7
1339730 1863.2
1339740 1863.2
1339750 1864.6
1339760 1867.6
1339770 1869.9
1339780 1869.9
1339790 1872.3
1339800 1877.4
1339810 1877.4
1339820 1882.5
1339830 1886.1
1339840 1886.1
1339850 1888.3
1339860 1890.2
1339870 1890.2
1339880 1893.4
1339890 1898.0
1339900 1898.0
1339910 1904.3
1339920 1908.3
1339930 1908.3
1339940 1911.5
1339950 1915.5
1339960 1915.5
1339970 1917.0
1339980 1919.2
1339990 1919.2
