1320000 996.5
1320010 996.5
1320020 990.4
1320030 989.0
1320040 989.0
1320050 990.5
1320060 988.7
1320070 988.7
1320080 985.9
1320090 982.3
1320100 982.3
1320110 977.7
1320120 974.5
1320130 974.5
1320140 973.0
1320150 971.5
1320160 971.5
1320170 969.5
1320180 967.3
1320190 967.3
1320200 964.6
1320210 963.6
1320220 962.9
1320230 962.9
1320240 962.3
1320250 961.8
1320260 961.8
1320270 961.3
1320280 959.7
1320290 959.7
1320300 957.0
1320310 954.4
1320320 954.4
1320330 953.8
1320340 952.6
1320350 952.6
1320360 949.4
1320370 945.3
1320380 945.3
1320390 944.7
1320400 944.8
1320410 944.8
1320420 944.0
1320430 942.5
1320440 942.5
1320450 939.5
1320460 935.5
1320470 935.5
1320480 931.3
1320490 927.7
1320500 925.0
1320510 925.0
1320520 922.8
1320530 920.5
1320540 920.5
1320550 916.7
1320560 912.4
1320570 912.4
1320580 908.6
1320590 905.6
1320600 905.6
1320610 902.7
1320620 899.7
1320630 899.7
1320640 896.9
1320650 895.2
1320660 895.2
1320670 896.0
1320680 891.5
1320690 891.5
1320700 887.5
1320710 883.9
1320720 883.9
1320730 881.3
1320740 879.0
1320750 876.9
1320760 876.9
1320770 874.9
1320780 872.6
1320790 872.6
1320800 869.2
1320810 865.6
1320820 865.6
1320830 863.0
1320840 861.0
1320850 861.0
1320860 860.0
1320870 858.0
1320880 858.0
1320890 855.7
1320900 852.1
1320910 852.1
1320920 847.2
1320930 843.0
1320940 843.0
1320950 839.0
1320960 834.7
1320970 834.7
1320980 831.1
1320990 827.9
1321000 827.9
1321010 825.4
1321020 823.4
1321030 820.6
1321040 820.6
1321050 816.4
1321060 812.9
1321070 812.9
1321080 808.8
1321090 803.0
1321100 803.0
1321110 797.8
1321120 792.9
1321130 792.9
1321140 789.7
1321150 786.5
1321160 786.5
1321170 783.1
1321180 780.2
1321190 780.2
1321200 777.9
1321210 775.6
1321220 775.6
1321230 770.1
1321240 762.4
1321250 762.4
1321260 754.6
1321270 751.0
1321280 749.9
1321290 749.9
1321300 750.3
1321310 749.0
1321320 749.0
1321330 746.7
1321340 746.1
1321350 746.1
1321360 744.0
1321370 739.6
1321380 739.6
1321390 734.6
1321400 727.5
1321410 727.5
1321420 717.6
1321430 711.3
1321440 711.3
1321450 709.1
1321460 704.8
1321470 704.8
1321480 699.8
1321490 695.5
1321500 695.5
1321510 691.0
1321520 685.8
1321530 685.8
1321540 679.8
1321550 673.3
1321560 665.0
1321570 665.0
1321580 653.7
1321590 646.5
1321600 646.5
1321610 643.5
1321620 639.7
1321630 639.7
1321640 633.0
1321650 629.9
1321660 629.9
1321670 623.7
1321680 612.4
1321690 612.4
1321700 602.3
1321710 595.6
1321720 595.6
1321730 591.8
1321740 586.5
1321750 586.5
1321760 580.5
1321770 575.5
1321780 575.5
1321790 571.9
1321800 568.7
1321810 566.5
1321820 566.5
1321830 565.2
1321840 564.6
1321850 564.6
1321860 563.8
1321870 562.7
1321880 562.7
1321890 561.6
1321900 560.5
1321910 560.5
1321920 560.3
1321930 559.7
1321940 559.7
1321950 558.4
1321960 557.9
1321970 557.9
1321980 556.8
1321990 555.9
1322000 555.9
1322010 555.2
1322020 554.6
1322030 554.6
1322040 554.0
1322050 553.4
1322060 553.4
1322070 553.1
1322080 553.1
1322090 552.7
1322100 552.7
1322110 552.5
1322120 552.5
1322130 552.5
1322140 552.6
1322150 552.6
1322160 552.6
1322170 552.6
1322180 552.6
1322190 552.6
1322200 552.6
1322210 552.6
1322220 552.6
1322230 552.5
1322240 552.4
1322250 552.4
1322260 552.4
1322270 552.5
1322280 552.5
1322290 552.8
1322300 552.9
1322310 552.9
1322320 553.1
1322330 553.6
1322340 554.0
1322350 554.0
1322360 554.3
1322370 554.4
1322380 554.4
1322390 554.4
1322400 554.2
1322410 554.2
1322420 554.0
1322430 553.9
1322440 553.9
1322450 553.7
1322460 553.6
1322470 553.6
1322480 554.2
1322490 554.2
1322500 554.2
1322510 552.2
1322520 550.3
1322530 550.3
1322540 550.1
1322550 550.3
1322560 550.3
1322570 551.7
1322580 553.1
1322590 553.1
1322600 554.2
1322610 554.7
1322620 554.8
1322630 554.8
1322640 554.0
1322650 553.5
1322660 553.5
1322670 553.4
1322680 553.4
1322690 553.4
1322700 553.4
1322710 553.5
1322720 553.5
1322730 553.5
1322740 553.4
1322750 553.4
1322760 553.4
1322770 553.3
1322780 553.3
1322790 553.2
1322800 553.3
1322810 553.3
1322820 553.3
1322830 553.3
1322840 553.3
1322850 553.3
1322860 553.4
1322870 553.4
1322880 553.4
1322890 553.4
1322900 553.4
1322910 553.4
1322920 553.3
1322930 553.2
1322940 553.2
1322950 553.2
1322960 553.1
1322970 553.1
1322980 553.1
1322990 553.1
1323000 553.1
1323010 553.1
1323020 553.2
1323030 553.2
1323040 553.3
1323050 553.2
1323060 553.2
1323070 553.0
1323080 553.0
1323090 553.0
1323100 553.1
1323110 553.0
1323120 553.0
1323130 553.1
1323140 553.1
1323150 553.2
1323160 553.2
1323170 553.2
1323180 553.1
1323190 553.1
1323200 553.1
1323210 553.1
1323220 553.1
1323230 553.0
1323240 552.9
1323250 552.9
1323260 552.8
1323270 552.7
1323280 552.7
1323290 552.7
1323300 552.7
1323310 552.7
1323320 552.7
1323330 552.7
1323340 552.7
1323350 552.7
1323360 552.7
1323370 552.7
1323380 552.7
1323390 552.8
1323400 552.8
1323410 552.8
1323420 553.2
1323430 553.7
1323440 553.7
1323450 553.9
1323460 553.7
1323470 553.7
1323480 553.5
1323490 552.9
1323500 552.9
1323510 552.6
1323520 552.5
1323530 552.5
1323540 552.5
1323550 552.5
1323560 552.5
1323570 552.6
1323580 552.8
1323590 552.8
1323600 552.9
1323610 553.0
1323620 553.0
1323630 553.1
1323640 553.2
1323650 553.2
1323660 553.2
1323670 553.4
1323680 553.6
1323690 553.6
1323700 554.0
1323710 554.4
1323720 554.4
1323730 554.7
1323740 554.9
1323750 554.9
1323760 555.2
1323770 555.7
1323780 555.7
1323790 556.4
1323800 557.1
1323810 557.5
1323820 558.4
1323830 559.3
1323840 559.3
1323850 560.3
1323860 561.4
1323870 561.4
1323880 562.3
1323890 563.0
1323900 563.0
1323910 564.2
1323920 565.6
1323930 567.3
1323940 567.3
1323950 569.7
1323960 571.6
1323970 571.6
1323980 574.0
1323990 575.9
1324000 575.9
1324010 579.5
1324020 580.9
1324030 580.9
1324040 582.0
1324050 583.5
1324060 583.5
1324070 586.0
1324080 588.6
1324090 588.6
1324100 591.2
1324110 594.0
1324120 594.0
1324130 599.4
1324140 605.6
1324150 605.6
1324160 611.6
1324170 618.1
1324180 618.1
1324190 624.9
1324200 632.1
1324210 637.6
1324220 637.6
1324230 640.1
1324240 643.2
1324250 643.2
1324260 648.2
1324270 651.8
1324280 651.8
1324290 654.7
1324300 658.3
1324310 658.3
1324320 660.8
1324330 663.9
1324340 663.9
1324350 667.0
1324360 668.8
1324370 668.8
1324380 670.9
1324390 675.5
1324400 675.5
1324410 680.9
1324420 686.4
1324430 686.4
1324440 692.1
1324450 699.8
1324460 707.0
1324470 707.0
1324480 710.4
1324490 713.5
1324500 713.5
1324510 717.5
1324520 721.6
1324530 721.6
1324540 726.2
1324550 728.6
1324560 728.6
1324570 730.8
1324580 734.4
1324590 734.4
1324600 737.3
1324610 739.2
1324620 739.2
1324630 742.1
1324640 745.2
1324650 745.2
1324660 748.1
1324670 750.1
1324680 750.1
1324690 751.7
1324700 754.9
1324710 754.9
1324720 759.8
1324730 764.2
1324740 769.2
1324750 769.2
1324760 772.8
1324770 776.9
1324780 776.9
1324790 781.6
1324800 785.4
1324810 785.4
1324820 788.9
1324830 793.6
1324840 793.6
1324850 797.0
1324860 798.4
1324870 798.4
1324880 800.0
1324890 801.9
1324900 801.9
1324910 804.5
1324920 807.4
1324930 807.4
1324940 810.4
1324950 813.5
1324960 813.5
1324970 816.8
1324980 819.9
1324990 822.7
1325000 822.7
1325010 825.7
1325020 829.9
1325030 829.9
1325040 835.5
1325050 841.2
1325060 841.2
1325070 846.4
1325080 849.9
1325090 849.9
1325100 852.2
1325110 856.3
1325120 856.3
1325130 862.0
1325140 868.7
1325150 868.7
1325160 873.2
1325170 876.0
1325180 876.0
1325190 879.4
1325200 882.7
1325210 882.7
1325220 885.8
1325230 887.8
1325240 887.8
1325250 889.3
1325260 890.1
1325270 891.2
1325280 891.2
1325290 892.1
1325300 889.8
1325310 889.8
1325320 890.8
1325330 895.1
1325340 895.1
1325350 899.9
1325360 902.9
1325370 902.9
1325380 907.0
1325390 910.7
1325400 910.7
1325410 911.0
1325420 913.6
1325430 913.6
1325440 916.3
1325450 918.5
1325460 918.5
1325470 920.2
1325480 921.5
1325490 921.5
1325500 923.3
1325510 925.4
1325520 927.2
1325530 927.2
1325540 929.0
1325550 932.0
1325560 932.0
1325570 936.2
1325580 940.6
1325590 940.6
1325600 944.0
1325610 947.6
1325620 947.6
1325630 951.9
1325640 954.5
1325650 954.5
1325660 956.7
1325670 959.3
1325680 959.3
1325690 961.1
1325700 962.4
1325710 962.4
1325720 964.3
1325730 965.5
1325740 965.5
1325750 966.5
1325760 968.8
1325770 968.8
1325780 971.9
1325790 975.2
1325800 977.7
1325810 977.7
1325820 978.8
1325830 979.4
1325840 979.4
1325850 980.6
1325860 981.7
1325870 981.7
1325880 981.8
1325890 977.9
1325900 977.9
1325910 972.1
1325920 968.6
1325930 968.6
1325940 966.3
1325950 964.5
1325960 964.5
1325970 963.7
1325980 963.5
1325990 963.5
1326000 964.6
1326010 969.4
1326020 969.4
1326030 975.6
1326040 981.4
1326050 986.1
1326060 986.1
1326070 989.2
1326080 993.3
1326090 993.3
1326100 1000.2
1326110 1007.1
1326120 1007.1
1326130 1012.3
1326140 1020.7
1326150 1020.7
1326160 1027.6
1326170 1032.6
1326180 1032.6
1326190 1037.8
1326200 1043.1
1326210 1048.1
1326220 1052.8
1326230 1057.2
1326240 1057.2
1326250 1060.3
1326260 1064.1
1326270 1064.1
1326280 1067.9
1326290 1071.6
1326300 1071.6
1326310 1075.9
1326320 1081.3
1326330 1085.4
1326340 1085.4
1326350 1088.5
1326360 1091.4
1326370 1091.4
1326380 1094.5
1326390 1099.0
1326400 1099.0
1326410 1103.2
1326420 1108.3
1326430 1108.3
1326440 1114.0
1326450 1120.0
1326460 1120.0
1326470 1126.2
1326480 1132.4
1326490 1132.4
1326500 1138.5
1326510 1144.6
1326520 1144.6
1326530 1150.6
1326540 1156.8
1326550 1156.8
1326560 1161.2
1326570 1164.9
1326580 1171.7
1326590 1171.7
1326600 1177.4
1326610 1181.8
1326620 1181.8
1326630 1186.2
1326640 1191.1
1326650 1191.1
1326660 1196.9
1326670 1203.0
1326680 1203.0
1326690 1209.1
1326700 1215.3
1326710 1215.3
1326720 1221.8
1326730 1227.9
1326740 1227.9
1326750 1233.0
1326760 1237.6
1326770 1237.6
1326780 1242.2
1326790 1246.9
1326800 1246.9
1326810 1251.5
1326820 1255.4
1326830 1255.4
1326840 1259.2
1326850 1263.5
1326860 1267.2
1326870 1267.2
1326880 1270.5
1326890 1273.6
1326900 1273.6
1326910 1277.4
1326920 1281.2
1326930 1281.2
1326940 1284.9
1326950 1288.2
1326960 1288.2
1326970 1291.7
1326980 1295.7
1326990 1295.7
1327000 1300.4
1327010 1304.5
1327020 1304.5
1327030 1309.3
1327040 1314.3
1327050 1314.3
1327060 1319.6
1327070 1324.7
1327080 1324.7
1327090 1329.8
1327100 1334.3
1327110 1337.7
1327120 1337.7
1327130 1341.0
1327140 1343.4
1327150 1343.4
1327160 1345.6
1327170 1347.7
1327180 1347.7
1327190 1350.5
1327200 1353.6
1327210 1353.6
1327220 1356.9
1327230 1360.9
1327240 1360.9
1327250 1364.8
1327260 1369.5
1327270 1369.5
1327280 1373.3
1327290 1376.9
1327300 1376.9
1327310 1379.7
1327320 1381.7
1327330 1381.7
1327340 1383.4
1327350 1385.0
1327360 1385.0
1327370 1386.9
1327380 1389.6
1327390 1393.4
1327400 1393.4
1327410 1397.9
1327420 1401.8
1327430 1401.8
1327440 1405.0
1327450 1406.6
1327460 1406.6
1327470 1408.3
1327480 1410.5
1327490 1410.5
1327500 1413.3
1327510 1416.7
1327520 1416.7
1327530 1420.3
1327540 1424.1
1327550 1424.1
1327560 1428.1
1327570 1432.2
1327580 1432.2
1327590 1436.0
1327600 1440.0
1327610 1440.0
1327620 1444.0
1327630 1448.5
1327640 1453.5
1327650 1453.5
1327660 1458.6
1327670 1463.8
1327680 1463.8
1327690 1469.0
1327700 1474.3
1327710 1474.3
1327720 1478.9
1327730 1483.7
1327740 1483.7
1327750 1488.7
1327760 1493.3
1327770 1493.3
1327780 1498.0
1327790 1501.4
1327800 1501.4
1327810 1504.5
1327820 1508.0
1327830 1507.4
1327840 1510.8
1327850 1515.2
1327860 1515.2
1327870 1519.8
1327880 1523.5
1327890 1523.5
1327900 1527.0
1327910 1529.5
1327920 1532.7
1327930 1532.7
1327940 1536.6
1327950 1540.2
1327960 1540.2
1327970 1543.3
1327980 1546.8
1327990 1546.8
1328000 1551.3
1328010 1555.9
1328020 1555.9
1328030 1559.9
1328040 1563.9
1328050 1563.9
1328060 1568.7
1328070 1573.0
1328080 1573.0
1328090 1576.1
1328100 1575.6
1328110 1575.6
1328120 1576.8
1328130 1579.9
1328140 1579.9
1328150 1583.8
1328160 1587.6
1328170 1591.3
1328180 1591.3
1328190 1595.1
1328200 1599.2
1328210 1599.2
1328220 1604.0
1328230 1608.8
1328240 1608.8
1328250 1613.1
1328260 1617.2
1328270 1617.2
1328280 1621.1
1328290 1624.2
1328300 1624.2
1328310 1626.6
1328320 1629.4
1328330 1629.4
1328340 1632.0
1328350 1634.5
1328360 1634.5
1328370 1635.7
1328380 1637.4
1328390 1637.4
1328400 1639.1
1328410 1642.3
1328420 1642.3
1328430 1648.1
1328440 1654.1
1328450 1660.1
1328460 1660.1
1328470 1665.4
1328480 1669.0
1328490 1669.0
1328500 1672.4
1328510 1676.1
1328520 1676.1
1328530 1679.5
1328540 1680.6
1328550 1680.6
1328560 1683.9
1328570 1689.4
1328580 1689.4
1328590 1695.0
1328600 1701.5
1328610 1701.5
1328620 1708.4
1328630 1713.2
1328640 1711.6
1328650 1712.9
1328660 1713.6
1328670 1713.6
1328680 1716.1
1328690 1719.1
1328700 1724.7
1328710 1724.7
1328720 1729.0
1328730 1732.1
1328740 1732.1
1328750 1736.1
1328760 1741.6
1328770 1741.6
1328780 1747.8
1328790 1753.6
1328800 1753.6
1328810 1758.7
1328820 1764.9
1328830 1764.9
1328840 1769.7
1328850 1774.7
1328860 1774.7
1328870 1782.1
1328880 1789.0
1328890 1789.0
1328900 1794.7
1328910 1799.2
1328920 1799.2
1328930 1803.2
1328940 1806.8
1328950 1806.8
1328960 1809.7
1328970 1813.7
1328980 1816.8
1328990 1816.8
1329000 1819.7
1329010 1822.5
1329020 1822.5
1329030 1825.5
1329040 1829.9
1329050 1829.9
1329060 1834.6
1329070 1839.0
1329080 1839.0
1329090 1844.2
1329100 1849.3
1329110 1849.3
1329120 1853.5
1329130 1856.7
1329140 1856.7
1329150 1861.6
1329160 1866.6
1329170 1866.6
1329180 1872.0
1329190 1878.7
1329200 1878.7
1329210 1886.2
1329220 1891.7
1329230 1894.8
1329240 1894.8
1329250 1898.5
1329260 1903.3
1329270 1903.3
1329280 1907.6
1329290 1913.9
1329300 1913.9
1329310 1922.8
1329320 1930.6
1329330 1930.6
1329340 1935.8
1329350 1941.2
1329360 1941.2
1329370 1946.3
1329380 1949.7
1329390 1949.7
1329400 1952.9
1329410 1956.1
1329420 1956.1
1329430 1959.3
1329440 1962.8
1329450 1962.8
1329460 1966.3
1329470 1969.6
1329480 1969.6
1329490 1972.9
1329500 1976.4
1329510 1979.5
1329520 1979.5
1329530 1982.3
1329540 1985.7
1329550 1985.7
1329560 1989.1
1329570 1992.4
1329580 1992.4
1329590 1996.6
1329600 2000.4
1329610 2000.4
1329620 2003.0
1329630 2007.2
1329640 2007.2
1329650 2012.3
1329660 2016.8
1329670 2016.8
1329680 2020.5
1329690 2024.8
1329700 2024.8
1329710 2028.8
1329720 2032.5
1329730 2032.5
1329740 2036.0
1329750 2039.1
1329760 2042.0
1329770 2042.0
1329780 2044.9
1329790 2047.3
1329800 2047.3
1329810 2048.4
1329820 2049.2
1329830 2049.2
1329840 2051.4
1329850 2054.0
1329860 2054.0
1329870 2056.7
1329880 2060.3
1329890 2060.3
1329900 2065.4
1329910 2070.6
1329920 2070.6
1329930 2075.2
1329940 2079.6
1329950 2079.6
1329960 2084.6
1329970 2090.6
1329980 2090.6
1329990 2097.6
1330000 2105.8
1330010 2105.8
1330020 2115.2
1330030 2122.7
1330040 2128.0
1330050 2128.0
1330060 2133.5
1330070 2139.7
1330080 2139.7
1330090 2145.3
1330100 2151.0
1330110 2151.0
1330120 2157.8
1330130 2164.5
1330140 2164.5
1330150 2171.1
1330160 2176.1
1330170 2176.1
1330180 2180.2
1330190 2185.4
1330200 2185.4
1330210 2189.4
1330220 2191.6
1330230 2191.6
1330240 2193.5
1330250 2196.2
1330260 2196.2
1330270 2199.3
1330280 2201.6
1330290 2204.4
1330300 2204.4
1330310 2206.6
1330320 2207.9
1330330 2207.9
1330340 2209.2
1330350 2209.8
1330360 2209.8
1330370 2209.4
1330380 2208.7
1330390 2208.7
1330400 2207.7
1330410 2204.1
1330420 2204.1
1330430 2199.8
1330440 2198.9
1330450 2198.9
1330460 2200.2
1330470 2199.5
1330480 2199.5
1330490 2195.4
1330500 2188.8
1330510 2188.8
1330520 2183.0
1330530 2177.2
1330540 2177.2
1330550 2172.4
1330560 2167.9
1330570 2163.3
1330580 2163.3
1330590 2159.4
1330600 2156.9
1330610 2156.9
1330620 2155.7
1330630 2156.9
1330640 2156.9
1330650 2157.4
1330660 2156.9
1330670 2156.9
1330680 2157.2
1330690 2156.5
1330700 2156.5
1330710 2155.3
1330720 2154.0
1330730 2154.0
1330740 2155.0
1330750 2155.6
1330760 2155.6
1330770 2154.8
1330780 2154.4
1330790 2154.4
1330800 2155.2
1330810 2154.8
1330820 2154.9
1330830 2154.9
1330840 2156.2
1330850 2157.5
1330860 2157.5
1330870 2158.1
1330880 2158.4
1330890 2158.4
1330900 2159.2
1330910 2158.5
1330920 2158.5
1330930 2155.8
1330940 2155.0
1330950 2155.0
1330960 2156.6
1330970 2159.5
1330980 2159.5
1330990 2162.6
1331000 2164.3
1331010 2164.3
1331020 2165.5
1331030 2164.8
1331040 2164.8
1331050 2164.8
1331060 2166.4
1331070 2166.4
1331080 2167.0
1331090 2165.6
1331100 2162.6
1331110 2169.0
1331120 2167.1
1331130 2162.2
1331140 2162.2
1331150 2155.2
1331160 2149.0
1331170 2149.0
1331180 2146.6
1331190 2145.4
1331200 2145.4
1331210 2142.5
1331220 2140.7
1331230 2140.7
1331240 2140.7
1331250 2139.2
1331260 2139.2
1331270 2134.4
1331280 2128.6
1331290 2128.6
1331300 2125.4
1331310 2124.2
1331320 2124.2
1331330 2124.5
1331340 2126.2
1331350 2128.7
1331360 2128.7
1331370 2130.6
1331380 2131.8
1331390 2131.8
1331400 2132.8
1331410 2133.9
1331420 2133.9
1331430 2134.5
1331440 2134.8
1331450 2134.8
1331460 2135.7
1331470 2136.0
1331480 2136.0
1331490 2133.2
1331500 2129.0
1331510 2129.0
1331520 2124.5
1331530 2116.9
1331540 2116.9
1331550 2110.9
1331560 2108.2
1331570 2108.2
1331580 2107.1
1331590 2105.2
1331600 2105.2
1331610 2102.4
1331620 2100.0
1331630 2100.8
1331640 2100.8
1331650 2099.9
1331660 2096.1
1331670 2096.1
1331680 2097.9
1331690 2102.1
1331700 2102.1
1331710 2103.5
1331720 2102.3
1331730 2102.3
1331740 2103.4
1331750 2105.1
1331760 2105.1
1331770 2108.3
1331780 2112.2
1331790 2112.2
1331800 2112.0
1331810 2109.6
1331820 2109.6
1331830 2106.4
1331840 2103.8
1331850 2103.8
1331860 2100.9
1331870 2098.8
1331880 2097.5
1331890 2097.5
1331900 2096.8
1331910 2095.9
1331920 2095.9
1331930 2095.5
1331940 2096.2
1331950 2096.2
1331960 2095.4
1331970 2094.9
1331980 2094.9
1331990 2094.1
1332000 2093.0
1332010 2093.0
1332020 2092.0
1332030 2090.8
1332040 2090.8
1332050 2089.0
1332060 2087.1
1332070 2087.1
1332080 2085.7
1332090 2084.1
1332100 2084.1
1332110 2082.5
1332120 2080.9
1332130 2080.9
1332140 2079.0
1332150 2077.0
1332160 2075.4
1332170 2075.4
1332180 2073.8
1332190 2071.3
1332200 2071.3
1332210 2067.0
1332220 2062.1
1332230 2062.1
1332240 2057.4
1332250 2051.7
1332260 2051.7
1332270 2044.9
1332280 2037.7
1332290 2037.7
1332300 2030.4
1332310 2022.4
1332320 2022.4
1332330 2015.3
1332340 2009.6
1332350 2009.6
1332360 2005.4
1332370 2002.7
1332380 2002.7
1332390 2000.7
1332400 1998.5
1332410 1996.1
1332420 1996.1
1332430 1992.6
1332440 1987.6
1332450 1987.6
1332460 1981.8
1332470 1975.3
1332480 1975.3
1332490 1968.2
1332500 1961.0
1332510 1961.0
1332520 1953.4
1332530 1945.3
1332540 1945.3
1332550 1935.7
1332560 1926.8
1332570 1926.8
1332580 1919.0
1332590 1911.5
1332600 1911.5
1332610 1904.6
1332620 1898.3
1332630 1898.3
1332640 1892.4
1332650 1886.2
1332660 1886.2
1332670 1880.3
1332680 1874.8
1332690 1869.3
1332700 1869.3
1332710 1864.8
1332720 1860.5
1332730 1860.5
1332740 1861.2
1332750 1865.1
1332760 1865.1
1332770 1867.6
1332780 1871.7
1332790 1871.7
1332800 1873.2
1332810 1875.0
1332820 1875.0
1332830 1878.8
1332840 1882.9
1332850 1882.9
1332860 1886.1
1332870 1891.4
1332880 1891.4
1332890 1896.5
1332900 1901.9
1332910 1901.9
1332920 1907.6
1332930 1912.6
1332940 1917.8
1332950 1917.8
1332960 1923.2
1332970 1928.4
1332980 1928.4
1332990 1935.4
1333000 1944.9
1333010 1944.9
1333020 1952.9
1333030 1959.3
1333040 1959.3
1333050 1968.8
1333060 1978.2
1333070 1978.2
1333080 1987.4
1333090 1994.3
1333100 1994.3
1333110 2000.4
1333120 2006.4
1333130 2006.4
1333140 2012.5
1333150 2020.8
1333160 2020.8
1333170 2029.2
1333180 2035.3
1333190 2035.3
1333200 2042.2
1333210 2050.1
1333220 2056.8
1333230 2056.8
1333240 2063.1
1333250 2070.0
1333260 2070.0
1333270 2076.7
1333280 2083.6
1333290 2083.6
1333300 2092.2
1333310 2100.7
1333320 2100.7
1333330 2106.0
1333340 2109.6
1333350 2109.6
1333360 2114.4
1333370 2119.2
1333380 2119.2
1333390 2121.5
1333400 2123.0
1333410 2123.0
1333420 2126.7
1333430 2130.7
1333440 2130.7
1333450 2136.2
1333460 2142.2
1333470 2147.7
1333480 2147.7
1333490 2151.1
1333500 2154.9
1333510 2154.9
1333520 2159.9
1333530 2169.0
1333540 2169.0
1333550 2182.6
1333560 2193.5
1333570 2193.5
1333580 2194.9
1333590 2198.2
1333600 2198.2
1333610 2199.6
1333620 2203.4
1333630 2203.4
1333640 2202.1
1333650 2201.4
1333660 2201.4
1333670 2199.8
1333680 2197.6
1333690 2197.6
1333700 2196.5
1333710 2196.1
1333720 2196.1
1333730 2196.7
1333740 2201.1
1333750 2204.8
1333760 2204.8
1333770 2206.4
1333780 2206.9
1333790 2206.9
1333800 2208.1
1333810 2209.2
1333820 2209.2
1333830 2211.7
1333840 2215.7
1333850 2215.7
1333860 2220.5
1333870 2224.7
1333880 2224.7
1333890 2229.5
1333900 2235.5
1333910 2235.5
1333920 2242.1
1333930 2248.9
1333940 2248.9
1333950 2256.2
1333960 2261.5
1333970 2261.5
1333980 2265.2
1333990 2267.8
1334000 2271.4
1334010 2271.4
1334020 2276.0
1334030 2280.2
1334040 2280.2
1334050 2285.3
1334060 2294.6
1334070 2294.6
1334080 2300.2
1334090 2308.8
1334100 2308.8
1334110 2320.3
1334120 2325.2
1334130 2325.2
1334140 2329.4
1334150 2335.3
1334160 2335.3
1334170 2341.7
1334180 2349.1
1334190 2349.1
1334200 2356.5
1334210 2363.6
1334220 2363.6
1334230 2368.8
1334240 2373.8
1334250 2373.8
1334260 2380.9
1334270 2388.6
1334280 2391.5
1334290 2391.5
1334300 2389.5
1334310 2386.1
1334320 2386.1
1334330 2382.2
1334340 2376.8
1334350 2376.8
1334360 2372.4
1334370 2367.5
1334380 2367.5
1334390 2365.7
1334400 2363.9
1334410 2363.9
1334420 2362.0
1334430 2362.3
1334440 2362.3
1334450 2364.1
1334460 2347.6
1334470 2347.6
1334480 2344.3
1334490 2339.8
1334500 2339.8
1334510 2335.0
1334520 2332.3
1334530 2329.6
1334540 2329.6
1334550 2327.4
1334560 2324.0
1334570 2324.0
1334580 2317.6
1334590 2307.9
1334600 2307.9
1334610 2302.5
1334620 2297.4
1334630 2297.4
1334640 2293.9
1334650 2292.1
1334660 2292.1
1334670 2289.2
1334680 2285.8
1334690 2285.8
1334700 2283.7
1334710 2280.7
1334720 2280.7
1334730 2275.6
1334740 2270.2
1334750 2270.2
1334760 2265.3
1334770 2252.9
1334780 2252.9
1334790 2246.9
1334800 2241.5
1334810 2235.1
1334820 2235.1
1334830 2229.0
1334840 2223.9
1334850 2223.9
1334860 2218.8
1334870 2213.5
1334880 2213.5
1334890 2207.6
1334900 2201.3
1334910 2201.3
1334920 2195.0
1334930 2189.6
1334940 2189.6
1334950 2184.7
1334960 2181.0
1334970 2181.0
1334980 2177.5
1334990 2174.2
1335000 2174.2
1335010 2171.2
1335020 2168.5
1335030 2168.5
1335040 2166.0
1335050 2164.1
1335060 2161.9
1335070 2161.9
1335080 2159.0
1335090 2156.2
1335100 2156.2
1335110 2153.5
1335120 2151.7
1335130 2151.7
1335140 2148.8
1335150 2145.0
1335160 2145.0
1335170 2141.0
1335180 2136.4
1335190 2136.4
1335200 2132.1
1335210 2128.0
1335220 2128.0
1335230 2124.1
1335240 2120.1
1335250 2120.1
1335260 2116.5
1335270 2112.7
1335280 2112.7
1335290 2109.6
1335300 2106.1
1335310 2099.1
1335320 2095.4
1335330 2092.4
1335340 2090.1
1335350 2090.1
1335360 2087.0
1335370 2083.7
1335380 2083.7
1335390 2080.5
1335400 2077.6
1335410 2077.6
1335420 2076.0
1335430 2074.5
1335440 2074.5
1335450 2072.2
1335460 2069.6
1335470 2069.6
1335480 2066.3
1335490 2062.5
1335500 2062.5
1335510 2059.5
1335520 2055.7
1335530 2055.7
1335540 2051.2
1335550 2047.9
1335560 2047.9
1335570 2046.0
1335580 2043.3
1335590 2040.2
1335600 2040.2
1335610 2036.5
1335620 2032.6
1335630 2032.6
1335640 2029.7
1335650 2028.5
1335660 2028.5
1335670 2028.2
1335680 2026.6
1335690 2026.6
1335700 2024.1
1335710 2020.1
1335720 2020.1
1335730 2016.5
1335740 2013.8
1335750 2013.8
1335760 2011.1
1335770 2008.7
1335780 2008.7
1335790 2006.1
1335800 2003.6
1335810 2003.6
1335820 2000.6
1335830 1998.3
1335840 1998.3
1335850 1997.1
1335860 1994.8
1335870 1991.7
1335880 1991.7
1335890 1989.0
1335900 1986.4
1335910 1986.4
1335920 1983.8
1335930 1981.1
1335940 1981.1
1335950 1980.1
1335960 1979.6
1335970 1979.6
1335980 1979.0
1335990 1977.7
1336000 1977.7
1336010 1975.4
1336020 1972.6
1336030 1972.6
1336040 1972.3
1336050 1972.5
1336060 1972.5
1336070 1971.3
1336080 1970.2
1336090 1970.2
1336100 1969.4
1336110 1968.4
1336120 1966.4
1336130 1966.4
1336140 1964.4
1336150 1966.3
1336160 1966.3
1336170 1970.1
1336180 1972.6
1336190 1972.6
1336200 1974.8
1336210 1976.4
1336220 1976.4
1336230 1976.7
1336240 1976.4
1336250 1976.4
1336260 1977.0
1336270 1978.7
1336280 1978.7
1336290 1982.2
1336300 1985.6
1336310 1985.6
1336320 1988.6
1336330 1991.4
1336340 1991.4
1336350 1994.8
1336360 1998.6
1336370 1998.6
1336380 2003.4
1336390 2009.5
1336400 2015.3
1336410 2015.3
1336420 2019.8
1336430 2024.1
1336440 2024.1
1336450 2029.2
1336460 2035.8
1336470 2035.8
1336480 2041.0
1336490 2045.1
1336500 2045.1
1336510 2049.2
1336520 2052.8
1336530 2052.8
1336540 2056.6
1336550 2061.8
1336560 2061.8
1336570 2066.8
1336580 2070.7
1336590 2070.7
1336600 2073.7
1336610 2079.6
1336620 2079.6
1336630 2084.2
1336640 2091.3
1336650 2096.3
1336660 2096.3
1336670 2098.7
1336680 2100.3
1336690 2100.3
1336700 2103.5
1336710 2109.3
1336720 2109.3
1336730 2117.5
1336740 2123.4
1336750 2123.4
1336760 2127.4
1336770 2131.4
1336780 2131.4
1336790 2134.9
1336800 2136.1
1336810 2136.1
1336820 2135.2
1336830 2133.5
1336840 2133.5
1336850 2134.6
1336860 2137.3
1336870 2137.3
1336880 2139.8
1336890 2142.9
1336900 2142.9
1336910 2146.8
1336920 2150.3
1336930 2153.2
1336940 2153.2
1336950 2154.9
1336960 2157.4
1336970 2157.4
1336980 2161.5
1336990 2168.0
1337000 2168.0
1337010 2175.3
1337020 2182.7
1337030 2182.5
1337040 2192.9
1337050 2200.7
1337060 2200.7
1337070 2209.1
1337080 2218.8
1337090 2218.8
1337100 2222.5
1337110 2224.1
1337120 2224.1
1337130 2227.5
1337140 2235.7
1337150 2235.7
1337160 2242.8
1337170 2245.3
1337180 2246.9
1337190 2246.9
1337200 2249.6
1337210 2254.1
1337220 2254.1
1337230 2263.0
1337240 2270.8
1337250 2270.8
1337260 2276.6
1337270 2283.9
1337280 2283.9
1337290 2288.2
1337300 2292.9
1337310 2292.9
1337320 2298.6
1337330 2304.6
1337340 2304.6
1337350 2300.9
1337360 2297.4
1337370 2297.4
1337380 2293.8
1337390 2286.9
1337400 2286.9
1337410 2279.3
1337420 2270.1
1337430 2270.1
1337440 2263.3
1337450 2257.8
1337460 2252.1
1337470 2252.1
1337480 2246.8
1337490 2242.2
1337500 2242.2
1337510 2238.9
1337520 2234.9
1337530 2234.9
1337540 2230.0
1337550 2225.3
1337560 2225.3
1337570 2219.4
1337580 2213.3
1337590 2213.3
1337600 2209.9
1337610 2206.8
1337620 2206.8
1337630 2202.9
1337640 2198.3
1337650 2198.3
1337660 2195.0
1337670 2189.7
1337680 2189.7
1337690 2184.7
1337700 2180.0
1337710 2174.1
1337720 2174.1
1337730 2167.6
1337740 2162.5
1337750 2162.5
1337760 2157.7
1337770 2152.7
1337780 2152.7
1337790 2147.9
1337800 2143.7
1337810 2143.7
1337820 2140.3
1337830 2136.3
1337840 2136.3
1337850 2131.9
1337860 2126.8
1337870 2126.8
1337880 2119.1
1337890 2111.7
1337900 2112.0
1337910 2107.0
1337920 2102.5
1337930 2102.5
1337940 2095.4
1337950 2089.3
1337960 2089.3
1337970 2086.4
1337980 2083.7
1337990 2080.6
1338000 2080.6
1338010 2076.3
1338020 2071.7
1338030 2071.7
1338040 2067.1
1338050 2059.0
1338060 2059.0
1338070 2050.7
1338080 2042.4
1338090 2042.4
1338100 2035.9
1338110 2033.3
1338120 2033.3
1338130 2031.5
1338140 2030.4
1338150 2030.4
1338160 2029.0
1338170 2026.1
1338180 2026.1
1338190 2024.0
1338200 2023.7
1338210 2023.7
1338220 2026.9
1338230 2025.0
1338240 2017.1
1338250 2017.1
1338260 2004.7
1338270 1997.9
1338280 1997.9
1338290 1993.6
1338300 1991.9
1338310 1991.9
1338320 1984.8
1338330 1973.2
1338340 1973.2
1338350 1964.5
1338360 1954.4
1338370 1954.4
1338380 1944.9
1338390 1936.4
1338400 1936.4
1338410 1929.4
1338420 1921.6
1338430 1921.6
1338440 1913.2
1338450 1902.2
1338460 1902.2
1338470 1893.8
1338480 1888.0
1338490 1888.0
1338500 1880.1
1338510 1871.9
1338520 1865.4
1338530 1865.4
1338540 1860.1
1338550 1852.9
1338560 1852.9
1338570 1845.0
1338580 1837.1
1338590 1837.1
1338600 1831.6
1338610 1827.8
1338620 1827.8
1338630 1823.6
1338640 1819.1
1338650 1819.1
1338660 1815.8
1338670 1811.1
1338680 1811.1
1338690 1806.7
1338700 1802.5
1338710 1802.5
1338720 1800.8
1338730 1798.0
1338740 1798.0
1338750 1793.7
1338760 1787.8
1338770 1783.2
1338780 1783.2
1338790 1775.1
1338800 1766.6
1338810 1766.6
1338820 1759.7
1338830 1755.1
1338840 1755.1
1338850 1754.2
1338860 1754.2
1338870 1754.2
1338880 1751.0
1338890 1745.2
1338900 1745.2
1338910 1738.6
1338920 1732.7
1338930 1732.7
1338940 1726.1
1338950 1718.8
1338960 1718.8
1338970 1712.6
1338980 1707.9
1338990 1707.9
1339000 1705.8
1339010 1703.0
1339020 1703.0
1339030 1698.0
1339040 1690.7
1339050 1683.5
1339060 1683.5
1339070 1679.4
1339080 1675.5
1339090 1675.5
1339100 1671.9
1339110 1668.7
1339120 1668.7
1339130 1665.9
1339140 1662.5
1339150 1662.5
1339160 1658.5
1339170 1655.4
1339180 1655.4
1339190 1652.1
1339200 1647.4
1339210 1647.4
1339220 1642.0
1339230 1636.0
1339240 1636.0
1339250 1627.7
1339260 1620.2
1339270 1620.2
1339280 1614.1
1339290 1607.1
1339300 1600.8
1339310 1600.8
1339320 1593.1
1339330 1589.0
1339340 1589.0
1339350 1587.4
1339360 1585.8
1339370 1585.8
1339380 1586.0
1339390 1584.4
1339400 1584.4
1339410 1581.5
1339420 1582.1
1339430 1582.1
1339440 1583.1
1339450 1588.2
1339460 1588.2
1339470 1595.2
1339480 1602.0
1339490 1602.0
1339500 1608.6
1339510 1615.1
1339520 1615.1
1339530 1621.8
1339540 1628.6
1339550 1628.6
1339560 1635.3
1339570 1641.6
1339580 1648.3
1339590 1648.3
1339600 1656.3
1339610 1669.3
1339620 1669.3
1339630 1683.4
1339640 1687.3
1339650 1687.3
1339660 1698.8
1339670 1711.0
1339680 1711.0
1339690 1721.0
1339700 1726.4
1339710 1726.4
1339720 1731.4
1339730 1736.9
1339740 1736.9
1339750 1743.3
1339760 1750.2
1339770 1750.2
1339780 1757.1
1339790 1763.6
1339800 1763.6
1339810 1768.9
1339820 1774.4
1339830 1782.4
1339840 1782.4
1339850 1790.6
1339860 1795.5
1339870 1795.5
1339880 1802.1
1339890 1801.8
1339900 1801.8
1339910 1804.8
1339920 1814.0
1339930 1814.0
1339940 1820.1
1339950 1823.6
1339960 1823.6
1339970 1827.9
1339980 1829.9
1339990 1829.9
