1320000 842.3
1320010 842.0
1320020 842.0
1320030 842.6
1320040 843.1
1320050 843.1
1320060 842.2
1320070 840.7
1320080 840.7
1320090 837.4
1320100 832.9
1320110 832.9
1320120 828.5
1320130 824.2
1320140 824.2
1320150 820.1
1320160 816.1
1320170 816.1
1320180 812.4
1320190 809.0
1320200 809.0
1320210 806.4
1320220 804.2
1320230 804.2
1320240 801.3
1320250 798.1
1320260 794.8
1320270 794.8
1320280 791.5
1320290 788.5
1320300 788.5
1320310 786.7
1320320 786.2
1320330 786.2
1320340 785.5
1320350 782.7
1320360 782.7
1320370 778.9
1320380 774.8
1320390 774.8
1320400 771.0
1320410 767.7
1320420 767.7
1320430 764.4
1320440 760.9
1320450 760.9
1320460 757.6
1320470 754.6
1320480 754.6
1320490 752.0
1320500 749.4
1320510 749.4
1320520 746.4
1320530 744.1
1320540 742.6
1320550 742.6
1320560 740.5
1320570 737.9
1320580 737.9
1320590 736.3
1320600 735.6
1320610 735.6
1320620 733.8
1320630 731.1
1320640 731.1
1320650 728.3
1320660 725.8
1320670 725.8
1320680 724.0
1320690 720.8
1320700 722.7
1320710 718.7
1320720 715.5
1320730 715.5
1320740 713.0
1320750 711.5
1320760 711.5
1320770 710.3
1320780 708.5
1320790 705.9
1320800 705.9
1320810 703.1
1320820 700.6
1320830 700.6
1320840 696.7
1320850 692.9
1320860 692.9
1320870 688.2
1320880 683.8
1320890 683.8
1320900 680.2
1320910 676.2
1320920 676.2
1320930 673.1
1320940 670.8
1320950 670.8
1320960 668.0
1320970 665.7
1320980 665.7
1320990 663.0
1321000 660.4
1321010 660.4
1321020 657.3
1321030 653.2
1321040 653.2
1321050 649.2
1321060 646.1
1321070 644.7
1321080 644.7
1321090 644.0
1321100 642.9
1321110 642.9
1321120 640.8
1321130 638.4
1321140 638.4
1321150 636.0
1321160 633.5
1321170 633.5
1321180 630.9
1321190 626.3
1321200 626.3
1321210 619.8
1321220 613.8
1321230 613.8
1321240 608.5
1321250 603.4
1321260 603.4
1321270 598.2
1321280 595.1
1321290 595.1
1321300 594.2
1321310 593.0
1321320 593.0
1321330 590.8
1321340 588.7
1321350 586.1
1321360 586.1
1321370 583.9
1321380 582.7
1321390 582.7
1321400 582.2
1321410 581.9
1321420 581.9
1321430 581.4
1321440 580.8
1321450 580.8
1321460 580.2
1321470 579.3
1321480 578.5
1321490 577.5
1321500 576.2
1321510 576.2
1321520 575.1
1321530 574.2
1321540 574.2
1321550 573.5
1321560 572.1
1321570 572.1
1321580 570.5
1321590 569.3
1321600 568.4
1321610 568.4
1321620 567.9
1321630 566.3
1321640 566.3
1321650 565.2
1321660 564.8
1321670 564.8
1321680 564.4
1321690 563.3
1321700 563.3
1321710 562.4
1321720 561.6
1321730 561.6
1321740 561.2
1321750 560.9
1321760 560.9
1321770 559.9
1321780 559.0
1321790 559.0
1321800 558.3
1321810 557.6
1321820 557.6
1321830 556.9
1321840 556.2
1321850 556.2
1321860 555.7
1321870 555.2
1321880 554.9
1321890 554.9
1321900 554.5
1321910 554.1
1321920 554.1
1321930 553.8
1321940 553.7
1321950 553.7
1321960 553.4
1321970 553.3
1321980 553.3
1321990 553.4
1322000 553.4
1322010 553.4
1322020 553.4
1322030 553.3
1322040 553.3
1322050 553.2
1322060 553.2
1322070 553.2
1322080 553.0
1322090 553.0
1322100 553.0
1322110 552.7
1322120 551.4
1322130 551.1
1322140 551.1
1322150 549.5
1322160 548.4
1322170 548.4
1322180 548.4
1322190 548.5
1322200 548.5
1322210 549.9
1322220 551.9
1322230 551.9
1322240 552.8
1322250 552.7
1322260 552.9
1322270 553.2
1322280 552.7
1322290 552.7
1322300 552.6
1322310 552.5
1322320 552.5
1322330 552.9
1322340 554.2
1322350 554.2
1322360 553.1
1322370 552.1
1322380 552.1
1322390 552.1
1322400 552.0
1322410 552.0
1322420 552.0
1322430 552.0
1322440 552.1
1322450 552.1
1322460 552.0
1322470 552.1
1322480 552.1
1322490 552.2
1322500 552.2
1322510 552.2
1322520 552.4
1322530 552.4
1322540 552.4
1322550 552.4
1322560 552.4
1322570 552.4
1322580 552.2
1322590 551.3
1322600 551.3
1322610 550.5
1322620 551.0
1322630 551.0
1322640 553.1
1322650 555.3
1322660 555.6
1322670 555.6
1322680 554.9
1322690 554.7
1322700 554.7
1322710 554.7
1322720 555.4
1322730 555.4
1322740 555.5
1322750 555.8
1322760 555.8
1322770 556.1
1322780 556.2
1322790 556.2
1322800 555.8
1322810 556.0
1322820 556.0
1322830 556.5
1322840 556.5
1322850 556.5
1322860 556.5
1322870 557.3
1322880 557.3
1322890 558.0
1322900 558.1
1322910 558.1
1322920 558.2
1322930 557.0
1322940 556.9
1322950 556.9
1322960 557.6
1322970 558.6
1322980 558.6
1322990 558.8
1323000 559.1
1323010 559.1
1323020 559.5
1323030 559.4
1323040 559.4
1323050 559.5
1323060 559.4
1323070 559.4
1323080 559.5
1323090 559.8
1323100 559.8
1323110 559.9
1323120 559.6
1323130 559.6
1323140 559.5
1323150 559.5
1323160 559.5
1323170 559.5
1323180 559.4
1323190 559.7
1323200 559.7
1323210 559.9
1323220 559.5
1323230 559.5
1323240 559.4
1323250 559.6
1323260 559.6
1323270 559.2
1323280 558.9
1323290 558.9
1323300 558.9
1323310 559.0
1323320 559.0
1323330 559.0
1323340 558.9
1323350 558.9
1323360 558.8
1323370 558.6
1323380 558.6
1323390 558.4
1323400 558.2
1323410 558.2
1323420 558.0
1323430 557.8
1323440 557.8
1323450 557.6
1323460 557.6
1323470 557.7
1323480 557.7
1323490 558.2
1323500 559.6
1323510 559.6
1323520 563.1
1323530 569.0
1323540 569.0
1323550 574.7
1323560 579.7
1323570 579.7
1323580 584.5
1323590 588.1
1323600 588.1
1323610 593.5
1323620 599.2
1323630 599.2
1323640 604.9
1323650 610.4
1323660 610.4
1323670 616.8
1323680 623.4
1323690 623.4
1323700 630.6
1323710 638.1
1323720 638.1
1323730 645.5
1323740 652.9
1323750 667.0
1323760 667.0
1323770 676.1
1323780 680.4
1323790 680.4
1323800 684.3
1323810 687.7
1323820 687.7
1323830 690.0
1323840 689.9
1323850 689.9
1323860 694.9
1323870 699.1
1323880 699.1
1323890 703.3
1323900 708.6
1323910 708.6
1323920 714.4
1323930 719.5
1323940 719.5
1323950 725.8
1323960 732.9
1323970 732.9
1323980 742.0
1323990 750.9
1324000 762.1
1324010 762.1
1324020 773.7
1324030 779.0
1324040 779.0
1324050 785.7
1324060 790.3
1324070 790.3
1324080 791.1
1324090 791.8
1324100 791.8
1324110 792.6
1324120 792.1
1324130 792.1
1324140 790.8
1324150 789.9
1324160 789.9
1324170 790.0
1324180 791.4
1324190 791.4
1324200 792.1
1324210 790.8
1324220 790.8
1324230 786.8
1324240 782.8
1324250 782.8
1324260 780.7
1324270 780.9
1324280 781.7
1324290 781.7
1324300 783.0
1324310 784.0
1324320 784.0
1324330 785.4
1324340 787.7
1324350 787.7
1324360 790.8
1324370 795.9
1324380 795.9
1324390 800.5
1324400 804.1
1324410 804.1
1324420 808.5
1324430 814.2
1324440 814.2
1324450 820.0
1324460 825.0
1324470 825.0
1324480 829.5
1324490 833.0
1324500 833.0
1324510 835.9
1324520 838.1
1324530 840.0
1324540 840.0
1324550 841.6
1324560 843.2
1324570 843.2
1324580 845.8
1324590 848.9
1324600 848.9
1324610 849.6
1324620 850.5
1324630 850.8
1324640 853.2
1324650 858.1
1324660 858.1
1324670 861.6
1324680 864.6
1324690 864.6
1324700 867.9
1324710 871.1
1324720 871.1
1324730 874.5
1324740 876.6
1324750 876.6
1324760 880.2
1324770 885.0
1324780 885.0
1324790 889.4
1324800 893.1
1324810 896.2
1324820 896.2
1324830 898.5
1324840 901.0
1324850 901.0
1324860 904.0
1324870 906.8
1324880 906.8
1324890 910.3
1324900 912.3
1324910 912.3
1324920 914.9
1324930 918.0
1324940 918.0
1324950 921.5
1324960 924.6
1324970 924.6
1324980 928.3
1324990 932.4
1325000 932.4
1325010 936.9
1325020 941.4
1325030 941.4
1325040 945.4
1325050 949.5
1325060 953.9
1325070 953.9
1325080 957.6
1325090 959.5
1325100 959.5
1325110 960.8
1325120 962.1
1325130 962.1
1325140 963.8
1325150 966.1
1325160 966.1
1325170 968.5
1325180 970.7
1325190 970.7
1325200 972.6
1325210 974.8
1325220 974.8
1325230 977.9
1325240 981.3
1325250 981.3
1325260 984.1
1325270 987.2
1325280 987.2
1325290 990.1
1325300 992.9
1325310 992.9
1325320 994.7
1325330 998.4
1325340 1003.4
1325350 1003.4
1325360 1007.7
1325370 1011.7
1325380 1011.7
1325390 1016.3
1325400 1022.8
1325410 1022.8
1325420 1027.5
1325430 1029.2
1325440 1029.2
1325450 1032.0
1325460 1035.1
1325470 1035.1
1325480 1037.9
1325490 1040.1
1325500 1040.1
1325510 1042.2
1325520 1044.2
1325530 1044.2
1325540 1046.2
1325550 1048.6
1325560 1048.6
1325570 1051.0
1325580 1052.9
1325590 1054.9
1325600 1054.9
1325610 1056.8
1325620 1059.2
1325630 1059.2
1325640 1061.9
1325650 1065.2
1325660 1065.2
1325670 1068.5
1325680 1072.1
1325690 1072.1
1325700 1076.1
1325710 1079.6
1325720 1079.6
1325730 1082.3
1325740 1086.0
1325750 1086.0
1325760 1088.3
1325770 1091.2
1325780 1091.2
1325790 1094.3
1325800 1097.1
1325810 1097.1
1325820 1099.7
1325830 1101.8
1325840 1101.8
1325850 1103.8
1325860 1106.6
1325870 1108.8
1325880 1108.8
1325890 1110.4
1325900 1111.6
1325910 1111.6
1325920 1112.9
1325930 1114.6
1325940 1114.6
1325950 1116.9
1325960 1119.3
1325970 1119.3
1325980 1122.0
1325990 1124.7
1326000 1124.7
1326010 1127.6
1326020 1130.5
1326030 1130.5
1326040 1133.7
1326050 1137.0
1326060 1137.0
1326070 1140.2
1326080 1144.0
1326090 1144.0
1326100 1148.0
1326110 1152.4
1326120 1152.4
1326130 1156.7
1326140 1160.8
1326150 1164.9
1326160 1164.9
1326170 1168.6
1326180 1171.8
1326190 1171.8
1326200 1175.0
1326210 1178.0
1326220 1178.0
1326230 1179.6
1326240 1181.6
1326250 1181.6
1326260 1183.7
1326270 1185.7
1326280 1185.7
1326290 1187.5
1326300 1189.5
1326310 1189.5
1326320 1191.4
1326330 1193.2
1326340 1193.2
1326350 1194.7
1326360 1196.2
1326370 1196.2
1326380 1198.2
1326390 1201.7
1326400 1205.2
1326410 1205.2
1326420 1208.9
1326430 1210.8
1326440 1210.8
1326450 1213.0
1326460 1215.2
1326470 1215.2
1326480 1217.2
1326490 1219.1
1326500 1219.1
1326510 1220.9
1326520 1222.7
1326530 1222.7
1326540 1224.4
1326550 1226.8
1326560 1226.8
1326570 1230.2
1326580 1233.1
1326590 1233.1
1326600 1236.7
1326610 1240.4
1326620 1240.4
1326630 1244.6
1326640 1248.7
1326650 1248.7
1326660 1251.8
1326670 1257.2
1326680 1262.4
1326690 1262.4
1326700 1269.0
1326710 1275.5
1326720 1275.5
1326730 1281.6
1326740 1284.9
1326750 1284.9
1326760 1287.4
1326770 1290.4
1326780 1290.4
1326790 1295.0
1326800 1301.7
1326810 1301.7
1326820 1308.8
1326830 1313.6
1326840 1313.6
1326850 1317.2
1326860 1321.5
1326870 1321.5
1326880 1324.5
1326890 1326.9
1326900 1326.9
1326910 1328.4
1326920 1329.9
1326930 1331.6
1326940 1331.6
1326950 1332.4
1326960 1333.1
1326970 1333.1
1326980 1333.9
1326990 1336.4
1327000 1336.4
1327010 1339.3
1327020 1341.5
1327030 1341.5
1327040 1338.6
1327050 1341.2
1327060 1341.2
1327070 1342.2
1327080 1342.9
1327090 1342.9
1327100 1343.9
1327110 1346.1
1327120 1346.1
1327130 1347.3
1327140 1347.7
1327150 1347.7
1327160 1347.8
1327170 1349.3
1327180 1349.3
1327190 1353.4
1327200 1356.8
1327210 1360.4
1327220 1360.4
1327230 1364.1
1327240 1366.3
1327250 1366.3
1327260 1368.4
1327270 1370.9
1327280 1370.9
1327290 1373.7
1327300 1378.1
1327310 1378.1
1327320 1383.6
1327330 1388.6
1327340 1388.6
1327350 1393.2
1327360 1397.8
1327370 1397.8
1327380 1401.6
1327390 1405.3
1327400 1405.3
1327410 1410.1
1327420 1415.3
1327430 1415.3
1327440 1418.4
1327450 1421.8
1327460 1427.8
1327470 1427.8
1327480 1435.7
1327490 1441.9
1327500 1441.9
1327510 1449.9
1327520 1460.9
1327530 1460.9
1327540 1472.1
1327550 1484.3
1327560 1484.3
1327570 1493.6
1327580 1500.5
1327590 1500.5
1327600 1505.1
1327610 1511.3
1327620 1511.3
1327630 1519.8
1327640 1530.2
1327650 1530.2
1327660 1539.8
1327670 1547.9
1327680 1547.9
1327690 1554.4
1327700 1559.1
1327710 1559.1
1327720 1562.8
1327730 1565.7
1327740 1568.5
1327750 1568.5
1327760 1570.8
1327770 1572.7
1327780 1572.7
1327790 1575.6
1327800 1580.0
1327810 1580.0
1327820 1584.5
1327830 1588.2
1327840 1588.2
1327850 1588.4
1327860 1592.2
1327870 1592.2
1327880 1595.5
1327890 1599.2
1327900 1599.2
1327910 1602.2
1327920 1604.2
1327930 1604.2
1327940 1606.0
1327950 1607.9
1327960 1607.9
1327970 1610.4
1327980 1614.0
1327990 1614.0
1328000 1618.8
1328010 1622.7
1328020 1626.8
1328030 1626.8
1328040 1630.8
1328050 1634.3
1328060 1634.3
1328070 1638.1
1328080 1641.8
1328090 1641.8
1328100 1645.8
1328110 1650.1
1328120 1650.1
1328130 1654.3
1328140 1657.2
1328150 1657.2
1328160 1659.7
1328170 1662.7
1328180 1662.7
1328190 1665.4
1328200 1666.6
1328210 1666.6
1328220 1669.1
1328230 1673.6
1328240 1673.6
1328250 1676.4
1328260 1678.5
1328270 1683.0
1328280 1683.0
1328290 1687.7
1328300 1691.7
1328310 1691.7
1328320 1695.8
1328330 1700.0
1328340 1700.0
1328350 1704.1
1328360 1707.9
1328370 1707.9
1328380 1713.2
1328390 1718.9
1328400 1718.9
1328410 1722.1
1328420 1726.0
1328430 1726.0
1328440 1728.6
1328450 1730.6
1328460 1730.6
1328470 1734.2
1328480 1738.9
1328490 1738.9
1328500 1742.4
1328510 1748.9
1328520 1748.9
1328530 1754.3
1328540 1757.6
1328550 1760.4
1328560 1760.4
1328570 1763.9
1328580 1765.0
1328590 1765.0
1328600 1767.3
1328610 1770.6
1328620 1770.6
1328630 1773.9
1328640 1777.8
1328650 1777.8
1328660 1781.4
1328670 1783.2
1328680 1783.2
1328690 1786.7
1328700 1790.4
1328710 1790.4
1328720 1792.8
1328730 1796.4
1328740 1796.4
1328750 1802.7
1328760 1806.6
1328770 1806.6
1328780 1810.5
1328790 1813.3
1328800 1816.2
1328810 1816.2
1328820 1819.4
1328830 1823.2
1328840 1823.2
1328850 1827.0
1328860 1831.0
1328870 1831.0
1328880 1835.9
1328890 1840.8
1328900 1840.8
1328910 1845.5
1328920 1850.6
1328930 1850.6
1328940 1854.6
1328950 1854.8
1328960 1854.8
1328970 1854.6
1328980 1859.2
1328990 1859.2
1329000 1864.9
1329010 1869.6
1329020 1869.6
1329030 1875.2
1329040 1880.6
1329050 1880.6
1329060 1883.1
1329070 1884.8
1329080 1889.6
1329090 1889.6
1329100 1896.5
1329110 1901.0
1329120 1901.0
1329130 1899.9
1329140 1902.0
1329150 1902.0
1329160 1907.3
1329170 1911.9
1329180 1911.9
1329190 1916.1
1329200 1920.1
1329210 1920.1
1329220 1923.9
1329230 1927.5
1329240 1927.5
1329250 1929.9
1329260 1932.0
1329270 1932.0
1329280 1934.9
1329290 1938.3
1329300 1938.3
1329310 1939.3
1329320 1940.0
1329330 1940.9
1329340 1940.9
1329350 1943.0
1329360 1945.4
1329370 1945.4
1329380 1947.0
1329390 1948.0
1329400 1948.0
1329410 1949.4
1329420 1950.9
1329430 1950.9
1329440 1952.3
1329450 1952.1
1329460 1952.1
1329470 1951.4
1329480 1954.2
1329490 1954.2
1329500 1957.4
1329510 1961.0
1329520 1961.0
1329530 1963.6
1329540 1966.4
1329550 1966.4
1329560 1969.3
1329570 1972.6
1329580 1972.6
1329590 1975.6
1329600 1978.0
1329610 1980.8
1329620 1980.8
1329630 1985.0
1329640 1990.3
1329650 1990.3
1329660 1995.7
1329670 2001.6
1329680 2001.6
1329690 2007.4
1329700 2013.3
1329710 2013.3
1329720 2019.7
1329730 2026.4
1329740 2026.4
1329750 2033.3
1329760 2040.0
1329770 2040.0
1329780 2047.0
1329790 2055.1
1329800 2055.1
1329810 2064.1
1329820 2072.5
1329830 2072.5
1329840 2080.1
1329850 2086.9
1329860 2093.0
1329870 2093.0
1329880 2098.4
1329890 2102.3
1329900 2102.3
1329910 2103.8
1329920 2105.7
1329930 2105.7
1329940 2107.6
1329950 2109.9
1329960 2109.9
1329970 2112.8
1329980 2116.1
1329990 2116.1
1330000 2119.3
1330010 2122.0
1330020 2122.0
1330030 2124.9
1330040 2129.1
1330050 2129.1
1330060 2133.2
1330070 2136.4
1330080 2136.4
1330090 2138.7
1330100 2140.9
1330110 2140.9
1330120 2143.0
1330130 2145.6
1330140 2148.1
1330150 2148.1
1330160 2150.7
1330170 2153.5
1330180 2153.5
1330190 2154.8
1330200 2153.9
1330210 2153.9
1330220 2154.1
1330230 2153.6
1330240 2153.6
1330250 2153.8
1330260 2152.3
1330270 2152.3
1330280 2148.4
1330290 2142.1
1330300 2142.1
1330310 2133.0
1330320 2127.2
1330330 2127.2
1330340 2121.7
1330350 2116.2
1330360 2116.2
1330370 2112.1
1330380 2109.7
1330390 2109.7
1330400 2107.0
1330410 2103.7
1330420 2100.1
1330430 2100.1
1330440 2095.5
1330450 2091.7
1330460 2091.7
1330470 2090.2
1330480 2090.2
1330490 2090.2
1330500 2091.4
1330510 2093.6
1330520 2093.6
1330530 2095.0
1330540 2096.0
1330550 2096.0
1330560 2096.6
1330570 2096.5
1330580 2096.5
1330590 2096.3
1330600 2096.5
1330610 2096.5
1330620 2097.4
1330630 2098.1
1330640 2098.1
1330650 2097.8
1330660 2096.8
1330670 2095.7
1330680 2095.7
1330690 2094.4
1330700 2092.2
1330710 2092.2
1330720 2090.2
1330730 2087.6
1330740 2087.6
1330750 2085.2
1330760 2084.1
1330770 2084.1
1330780 2082.2
1330790 2080.5
1330800 2080.5
1330810 2079.3
1330820 2077.8
1330830 2077.8
1330840 2076.4
1330850 2074.3
1330860 2074.3
1330870 2072.4
1330880 2070.2
1330890 2070.2
1330900 2068.6
1330910 2066.7
1330920 2066.7
1330930 2065.0
1330940 2063.7
1330950 2062.4
1330960 2062.4
1330970 2059.5
1330980 2056.8
1330990 2056.8
1331000 2055.4
1331010 2053.4
1331020 2053.4
1331030 2051.0
1331040 2048.2
1331050 2048.2
1331060 2044.5
1331070 2037.9
1331080 2037.9
1331090 2030.7
1331100 2026.0
1331110 2026.0
1331120 2022.0
1331130 2023.5
1331140 2023.5
1331150 2022.1
1331160 2020.0
1331170 2020.0
1331180 2017.9
1331190 2016.1
1331200 2013.9
1331210 2013.9
1331220 2011.8
1331230 2010.6
1331240 2010.6
1331250 2010.4
1331260 2010.4
1331270 2010.4
1331280 2009.8
1331290 2006.9
1331300 2006.9
1331310 1999.1
1331320 1992.6
1331330 1992.6
1331340 1992.2
1331350 1991.9
1331360 1991.9
1331370 1989.1
1331380 1990.7
1331390 1990.7
1331400 1993.4
1331410 1992.6
1331420 1992.6
1331430 1991.3
1331440 1990.0
1331450 1990.0
1331460 1986.8
1331470 1983.6
1331480 1980.7
1331490 1980.7
1331500 1978.6
1331510 1976.9
1331520 1976.9
1331530 1974.5
1331540 1973.1
1331550 1973.1
1331560 1972.5
1331570 1971.3
1331580 1971.3
1331590 1968.9
1331600 1965.9
1331610 1965.9
1331620 1962.4
1331630 1959.3
1331640 1959.3
1331650 1956.7
1331660 1954.3
1331670 1954.3
1331680 1951.4
1331690 1950.1
1331700 1950.1
1331710 1948.3
1331720 1945.9
1331730 1941.4
1331740 1941.4
1331750 1936.3
1331760 1933.6
1331770 1933.6
1331780 1930.9
1331790 1928.4
1331800 1928.4
1331810 1925.8
1331820 1923.7
1331830 1923.7
1331840 1921.9
1331850 1919.8
1331860 1919.8
1331870 1916.9
1331880 1913.6
1331890 1913.6
1331900 1908.0
1331910 1901.0
1331920 1901.0
1331930 1891.7
1331940 1883.6
1331950 1883.6
1331960 1877.4
1331970 1876.3
1331980 1876.3
1331990 1873.3
1332000 1870.5
1332010 1867.3
1332020 1867.3
1332030 1864.2
1332040 1860.6
1332050 1860.6
1332060 1857.6
1332070 1855.0
1332080 1855.0
1332090 1853.0
1332100 1851.6
1332110 1851.6
1332120 1849.9
1332130 1843.4
1332140 1843.4
1332150 1836.2
1332160 1839.4
1332170 1839.4
1332180 1842.8
1332190 1840.9
1332200 1840.9
1332210 1838.5
1332220 1836.1
1332230 1836.1
1332240 1832.4
1332250 1828.1
1332260 1828.6
1332270 1828.6
1332280 1831.0
1332290 1832.3
1332300 1832.3
1332310 1832.4
1332320 1833.0
1332330 1833.0
1332340 1833.9
1332350 1834.8
1332360 1834.8
1332370 1835.2
1332380 1838.1
1332390 1838.1
1332400 1843.3
1332410 1850.0
1332420 1850.0
1332430 1857.2
1332440 1864.4
1332450 1864.4
1332460 1866.6
1332470 1866.3
1332480 1866.3
1332490 1868.2
1332500 1873.2
1332510 1873.2
1332520 1877.6
1332530 1879.8
1332540 1878.6
1332550 1878.6
1332560 1875.1
1332570 1872.0
1332580 1872.0
1332590 1869.0
1332600 1864.9
1332610 1864.9
1332620 1858.2
1332630 1849.4
1332640 1849.4
1332650 1841.6
1332660 1835.5
1332670 1835.5
1332680 1830.5
1332690 1825.6
1332700 1825.6
1332710 1821.6
1332720 1818.1
1332730 1818.1
1332740 1814.2
1332750 1809.9
1332760 1809.9
1332770 1808.0
1332780 1810.6
1332790 1810.6
1332800 1813.4
1332810 1814.8
1332820 1818.0
1332830 1818.0
1332840 1820.7
1332850 1822.5
1332860 1822.5
1332870 1824.3
1332880 1826.6
1332890 1826.6
1332900 1829.2
1332910 1831.7
1332920 1831.7
1332930 1833.5
1332940 1835.8
1332950 1835.8
1332960 1838.8
1332970 1841.2
1332980 1841.2
1332990 1844.0
1333000 1848.6
1333010 1848.6
1333020 1854.5
1333030 1861.0
1333040 1861.0
1333050 1867.4
1333060 1873.8
1333070 1880.1
1333080 1880.1
1333090 1885.9
1333100 1892.5
1333110 1892.5
1333120 1899.4
1333130 1906.8
1333140 1906.8
1333150 1913.3
1333160 1920.1
1333170 1920.1
1333180 1927.2
1333190 1934.1
1333200 1934.1
1333210 1940.6
1333220 1946.7
1333230 1946.7
1333240 1954.0
1333250 1961.8
1333260 1961.8
1333270 1968.9
1333280 1975.6
1333290 1975.6
1333300 1983.2
1333310 1991.2
1333320 1991.2
1333330 1998.3
1333340 2003.7
1333350 2009.3
1333360 2009.3
1333370 2015.9
1333380 2024.4
1333390 2024.4
1333400 2033.5
1333410 2041.6
1333420 2041.6
1333430 2049.6
1333440 2056.8
1333450 2056.8
1333460 2064.1
1333470 2070.1
1333480 2070.1
1333490 2076.1
1333500 2082.6
1333510 2082.6
1333520 2087.6
1333530 2093.5
1333540 2093.5
1333550 2101.5
1333560 2111.3
1333570 2111.3
1333580 2119.3
1333590 2129.9
1333600 2140.2
1333610 2140.2
1333620 2149.5
1333630 2158.8
1333640 2158.8
1333650 2168.8
1333660 2178.7
1333670 2178.7
1333680 2187.8
1333690 2197.3
1333700 2197.3
1333710 2206.3
1333720 2214.4
1333730 2214.4
1333740 2225.2
1333750 2236.3
1333760 2236.3
1333770 2244.1
1333780 2255.0
1333790 2255.0
1333800 2258.5
1333810 2263.2
1333820 2263.2
1333830 2270.4
1333840 2278.9
1333850 2278.9
1333860 2289.9
1333870 2302.3
1333880 2316.0
1333890 2316.0
1333900 2322.6
1333910 2325.5
1333920 2325.5
1333930 2329.7
1333940 2338.2
1333950 2338.2
1333960 2344.0
1333970 2345.8
1333980 2345.8
1333990 2349.2
1334000 2353.7
1334010 2353.7
1334020 2357.7
1334030 2363.0
1334040 2363.0
1334050 2369.1
1334060 2371.4
1334070 2371.4
1334080 2371.4
1334090 2372.2
1334100 2372.2
1334110 2377.0
1334120 2381.0
1334130 2379.6
1334140 2379.6
1334150 2375.3
1334160 2375.1
1334170 2375.1
1334180 2377.5
1334190 2378.0
1334200 2378.0
1334210 2377.9
1334220 2378.7
1334230 2378.7
1334240 2380.9
1334250 2387.6
1334260 2387.6
1334270 2388.4
1334280 2380.6
1334290 2380.6
1334300 2369.8
1334310 2356.2
1334320 2356.2
1334330 2346.5
1334340 2338.9
1334350 2338.9
1334360 2332.2
1334370 2327.5
1334380 2327.5
1334390 2323.9
1334400 2320.9
1334410 2317.4
1334420 2317.4
1334430 2313.5
1334440 2309.9
1334450 2309.9
1334460 2307.4
1334470 2305.5
1334480 2305.5
1334490 2304.7
1334500 2304.4
1334510 2304.4
1334520 2304.2
1334530 2304.2
1334540 2304.2
1334550 2304.1
1334560 2304.0
1334570 2304.0
1334580 2303.8
1334590 2303.9
1334600 2303.9
1334610 2305.1
1334620 2307.2
1334630 2307.2
1334640 2306.8
1334650 2304.8
1334660 2301.7
1334670 2301.7
1334680 2298.1
1334690 2295.2
1334700 2295.2
1334710 2295.3
1334720 2296.4
1334730 2296.4
1334740 2297.8
1334750 2297.6
1334760 2297.6
1334770 2294.7
1334780 2287.0
1334790 2287.0
1334800 2272.9
1334810 2266.0
1334820 2266.0
1334830 2260.2
1334840 2254.7
1334850 2254.7
1334860 2248.9
1334870 2243.5
1334880 2243.5
1334890 2239.2
1334900 2235.7
1334910 2235.7
1334920 2232.8
1334930 2229.5
1334940 2226.2
1334950 2226.2
1334960 2223.6
1334970 2218.8
1334980 2218.8
1334990 2215.2
1335000 2211.2
1335010 2211.2
1335020 2204.5
1335030 2199.0
1335040 2199.0
1335050 2194.9
1335060 2191.2
1335070 2191.2
1335080 2188.3
1335090 2184.6
1335100 2184.6
1335110 2178.6
1335120 2174.3
1335130 2174.3
1335140 2170.7
1335150 2166.1
1335160 2166.1
1335170 2160.7
1335180 2155.8
1335190 2155.8
1335200 2151.6
1335210 2144.9
1335220 2135.1
1335230 2135.1
1335240 2130.1
1335250 2127.6
1335260 2127.6
1335270 2125.4
1335280 2120.3
1335290 2120.3
1335300 2115.9
1335310 2112.3
1335320 2112.3
1335330 2109.2
1335340 2109.3
1335350 2109.3
1335360 2109.9
1335370 2110.6
1335380 2110.6
1335390 2110.6
1335400 2108.2
1335410 2108.2
1335420 2107.1
1335430 2104.4
1335440 2104.4
1335450 2100.4
1335460 2097.1
1335470 2092.0
1335480 2092.0
1335490 2086.0
1335500 2079.6
1335510 2079.6
1335520 2075.8
1335530 2072.6
1335540 2072.6
1335550 2069.9
1335560 2067.1
1335570 2067.1
1335580 2063.1
1335590 2058.6
1335600 2058.6
1335610 2053.7
1335620 2048.9
1335630 2048.9
1335640 2043.3
1335650 2037.2
1335660 2037.2
1335670 2032.7
1335680 2030.4
1335690 2030.4
1335700 2027.7
1335710 2025.1
1335720 2025.1
1335730 2023.1
1335740 2020.9
1335750 2018.4
1335760 2018.4
1335770 2015.9
1335780 2013.6
1335790 2013.6
1335800 2010.9
1335810 2008.0
1335820 2008.0
1335830 2004.8
1335840 2001.3
1335850 2001.3
1335860 1997.7
1335870 1994.3
1335880 1994.3
1335890 1990.8
1335900 1987.3
1335910 1987.3
1335920 1983.1
1335930 1979.4
1335940 1979.4
1335950 1976.2
1335960 1973.0
1335970 1973.0
1335980 1969.3
1335990 1966.2
1336000 1964.0
1336010 1964.0
1336020 1962.5
1336030 1961.5
1336040 1961.5
1336050 1960.5
1336060 1959.3
1336070 1959.3
1336080 1958.3
1336090 1957.3
1336100 1957.3
1336110 1955.6
1336120 1954.0
1336130 1954.0
1336140 1952.7
1336150 1951.6
1336160 1951.6
1336170 1950.4
1336180 1948.4
1336190 1948.4
1336200 1946.1
1336210 1944.3
1336220 1944.3
1336230 1943.3
1336240 1943.1
1336250 1943.1
1336260 1943.1
1336270 1943.7
1336280 1943.9
1336290 1943.9
1336300 1943.6
1336310 1942.8
1336320 1942.8
1336330 1941.1
1336340 1939.2
1336350 1939.2
1336360 1937.4
1336370 1935.8
1336380 1935.8
1336390 1934.1
1336400 1932.3
1336410 1932.3
1336420 1932.6
1336430 1932.7
1336440 1932.7
1336450 1933.6
1336460 1933.2
1336470 1933.2
1336480 1929.6
1336490 1925.5
1336500 1925.5
1336510 1922.4
1336520 1920.0
1336530 1916.6
1336540 1916.6
1336550 1910.2
1336560 1912.3
1336570 1912.3
1336580 1919.4
1336590 1926.4
1336600 1926.4
1336610 1933.0
1336620 1938.8
1336630 1938.8
1336640 1944.2
1336650 1949.6
1336660 1949.6
1336670 1955.7
1336680 1961.3
1336690 1961.3
1336700 1966.5
1336710 1972.0
1336720 1972.0
1336730 1978.1
1336740 1984.7
1336750 1984.7
1336760 1990.5
1336770 1995.4
1336780 1995.4
1336790 2000.8
1336800 2007.5
1336810 2014.4
1336820 2014.4
1336830 2021.0
1336840 2027.1
1336850 2027.1
1336860 2032.6
1336870 2037.9
1336880 2037.9
1336890 2042.9
1336900 2048.3
1336910 2048.3
1336920 2054.0
1336930 2059.0
1336940 2059.0
1336950 2064.3
1336960 2070.2
1336970 2070.2
1336980 2076.4
1336990 2083.0
1337000 2083.0
1337010 2090.7
1337020 2099.6
1337030 2099.6
1337040 2108.7
1337050 2117.8
1337060 2129.5
1337070 2129.5
1337080 2138.9
1337090 2147.0
1337100 2147.0
1337110 2156.7
1337120 2164.4
1337130 2164.4
1337140 2169.0
1337150 2171.1
1337160 2171.1
1337170 2174.9
1337180 2177.8
1337190 2177.8
1337200 2181.3
1337210 2183.3
1337220 2183.3
1337230 2185.7
1337240 2188.3
1337250 2188.3
1337260 2191.0
1337270 2195.0
1337280 2195.0
1337290 2196.9
1337300 2196.9
1337310 2196.9
1337320 2197.5
1337330 2196.1
1337340 2192.3
1337350 2192.3
1337360 2186.2
1337370 2176.6
1337380 2176.6
1337390 2167.5
1337400 2159.8
1337410 2159.8
1337420 2152.9
1337430 2144.3
1337440 2144.3
1337450 2136.3
1337460 2129.4
1337470 2129.4
1337480 2123.3
1337490 2117.5
1337500 2117.5
1337510 2111.9
1337520 2105.8
1337530 2105.8
1337540 2100.3
1337550 2096.3
1337560 2096.3
1337570 2092.4
1337580 2089.2
1337590 2085.8
1337600 2085.8
1337610 2083.4
1337620 2081.1
1337630 2081.1
1337640 2078.7
1337650 2076.4
1337660 2076.4
1337670 2075.7
1337680 2076.0
1337690 2076.0
1337700 2075.4
1337710 2073.3
1337720 2073.3
1337730 2070.7
1337740 2068.9
1337750 2068.9
1337760 2068.7
1337770 2068.7
1337780 2068.7
1337790 2068.4
1337800 2069.0
1337810 2069.0
1337820 2069.7
1337830 2069.9
1337840 2069.9
1337850 2069.9
1337860 2068.9
1337870 2067.5
1337880 2067.5
1337890 2065.1
1337900 2061.6
1337910 2061.6
1337920 2057.4
1337930 2054.5
1337940 2054.5
1337950 2052.4
1337960 2049.7
1337970 2049.7
1337980 2047.1
1337990 2044.4
1338000 2044.4
1338010 2041.3
1338020 2038.1
1338030 2038.1
1338040 2036.1
1338050 2034.4
1338060 2034.4
1338070 2031.9
1338080 2027.2
1338090 2027.2
1338100 2021.6
1338110 2015.0
1338120 2015.0
1338130 2010.4
1338140 2006.5
1338150 2008.7
1338160 2008.7
1338170 2011.5
1338180 2010.8
1338190 2010.8
1338200 2010.8
1338210 2010.3
1338220 2010.3
1338230 2008.1
1338240 1999.5
1338250 1999.5
1338260 1992.4
1338270 1990.0
1338280 1990.0
1338290 1983.9
1338300 1975.3
1338310 1975.3
1338320 1963.5
1338330 1956.0
1338340 1956.0
1338350 1950.6
1338360 1946.4
1338370 1946.4
1338380 1941.3
1338390 1937.7
1338400 1935.9
1338410 1935.9
1338420 1931.2
1338430 1926.3
1338440 1926.3
1338450 1922.5
1338460 1919.0
1338470 1919.0
1338480 1914.1
1338490 1908.7
1338500 1908.7
1338510 1903.9
1338520 1899.7
1338530 1899.7
1338540 1897.2
1338550 1894.8
1338560 1894.8
1338570 1890.7
1338580 1887.0
1338590 1887.0
1338600 1883.7
1338610 1878.8
1338620 1878.8
1338630 1873.8
1338640 1871.2
1338650 1871.2
1338660 1868.7
1338670 1866.7
1338680 1865.5
1338690 1865.5
1338700 1863.2
1338710 1858.8
1338720 1858.8
1338730 1853.4
1338740 1847.8
1338750 1847.8
1338760 1841.2
1338770 1831.2
1338780 1831.2
1338790 1820.8
1338800 1812.6
1338810 1812.6
1338820 1807.4
1338830 1803.4
1338840 1803.4
1338850 1799.9
1338860 1791.3
1338870 1791.3
1338880 1780.5
1338890 1770.5
1338900 1770.5
1338910 1758.9
1338920 1748.4
1338930 1740.7
1338940 1740.7
1338950 1734.8
1338960 1729.8
1338970 1729.8
1338980 1719.1
1338990 1707.2
1339000 1707.2
1339010 1698.3
1339020 1689.5
1339030 1689.5
1339040 1680.3
1339050 1672.5
1339060 1672.5
1339070 1666.7
1339080 1660.3
1339090 1660.3
1339100 1654.3
1339110 1648.7
1339120 1648.7
1339130 1641.5
1339140 1633.1
1339150 1633.1
1339160 1625.9
1339170 1619.9
1339180 1619.9
1339190 1613.8
1339200 1607.4
1339210 1601.0
1339220 1601.0
1339230 1593.5
1339240 1587.3
1339250 1587.3
1339260 1581.3
1339270 1574.4
1339280 1574.4
1339290 1567.3
1339300 1560.9
1339310 1560.9
1339320 1555.8
1339330 1550.9
1339340 1550.9
1339350 1546.1
1339360 1541.7
1339370 1541.7
1339380 1537.0
1339390 1531.1
1339400 1531.1
1339410 1525.3
1339420 1520.2
1339430 1520.2
1339440 1515.4
1339450 1509.5
1339460 1503.9
1339470 1503.9
1339480 1500.4
1339490 1497.2
1339500 1497.2
1339510 1494.6
1339520 1492.7
1339530 1492.7
1339540 1491.4
1339550 1490.9
1339560 1490.9
1339570 1490.8
1339580 1490.5
1339590 1490.5
1339600 1490.1
1339610 1489.8
1339620 1489.8
1339630 1489.8
1339640 1489.6
1339650 1489.6
1339660 1489.6
1339670 1492.5
1339680 1492.5
1339690 1494.1
1339700 1495.5
1339710 1495.5
1339720 1497.0
1339730 1499.8
1339740 1503.6
1339750 1503.6
1339760 1507.2
1339770 1511.1
1339780 1511.1
1339790 1515.3
1339800 1517.6
1339810 1517.6
1339820 1520.5
1339830 1526.1
1339840 1526.1
1339850 1532.6
1339860 1540.5
1339870 1540.5
1339880 1548.4
1339890 1557.0
1339900 1557.0
1339910 1569.2
1339920 1584.3
1339930 1584.3
1339940 1597.3
1339950 1611.3
1339960 1611.3
1339970 1618.9
1339980 1625.3
1339990 1632.8
