1320000 721.5
1320010 716.2
1320020 716.2
1320030 711.7
1320040 708.3
1320050 708.3
1320060 705.5
1320070 702.7
1320080 699.2
1320090 699.2
1320100 697.1
1320110 695.0
1320120 695.0
1320130 692.1
1320140 688.7
1320150 688.7
1320160 683.9
1320170 674.4
1320180 674.4
1320190 668.1
1320200 662.8
1320210 662.8
1320220 658.1
1320230 654.9
1320240 654.9
1320250 653.3
1320260 650.4
1320270 650.4
1320280 645.9
1320290 643.7
1320300 643.7
1320310 642.6
1320320 642.0
1320330 642.0
1320340 641.6
1320350 638.5
1320360 636.9
1320370 636.9
1320380 634.1
1320390 631.3
1320400 631.3
1320410 630.3
1320420 629.9
1320430 629.9
1320440 630.0
1320450 630.8
1320460 630.8
1320470 629.9
1320480 628.3
1320490 628.3
1320500 625.8
1320510 624.1
1320520 624.1
1320530 623.6
1320540 622.9
1320550 622.9
1320560 622.3
1320570 621.2
1320580 621.2
1320590 621.1
1320600 620.6
1320610 620.6
1320620 619.6
1320630 618.3
1320640 617.1
1320650 617.1
1320660 616.2
1320670 615.1
1320680 615.1
1320690 614.7
1320700 614.2
1320710 614.2
1320720 613.1
1320730 612.1
1320740 612.1
1320750 611.4
1320760 610.5
1320770 610.5
1320780 609.7
1320790 608.8
1320800 608.8
1320810 608.0
1320820 607.1
1320830 607.1
1320840 606.3
1320850 606.1
1320860 606.1
1320870 605.7
1320880 605.6
1320890 606.1
1320900 606.1
1320910 606.2
1320920 605.7
1320930 605.7
1320940 604.4
1320950 603.7
1320960 603.7
1320970 602.8
1320980 601.7
1320990 601.7
1321000 600.6
1321010 599.9
1321020 599.9
1321030 599.2
1321040 598.0
1321050 598.0
1321060 597.2
1321070 596.4
1321080 596.4
1321090 595.2
1321100 594.3
1321110 594.3
1321120 593.4
1321130 592.5
1321140 592.5
1321150 591.6
1321160 590.6
1321170 590.1
1321180 590.1
1321190 588.9
1321200 588.1
1321210 588.1
1321220 587.3
1321230 586.6
1321240 586.6
1321250 585.8
1321260 585.1
1321270 585.1
1321280 584.5
1321290 583.7
1321300 583.7
1321310 582.9
1321320 581.9
1321330 581.9
1321340 581.0
1321350 580.2
1321360 580.2
1321370 579.7
1321380 578.7
1321390 578.7
1321400 577.7
1321410 577.0
1321420 576.3
1321430 576.3
1321440 575.5
1321450 574.9
1321460 574.9
1321470 574.2
1321480 573.5
1321490 573.5
1321500 572.6
1321510 571.5
1321520 571.5
1321530 570.8
1321540 570.0
1321550 570.0
1321560 569.3
1321570 568.6
1321580 568.6
1321590 567.7
1321600 566.9
1321610 566.9
1321620 566.2
1321630 565.6
1321640 565.6
1321650 565.0
1321660 564.1
1321670 564.1
1321680 563.1
1321690 562.6
1321700 561.8
1321710 561.8
1321720 561.1
1321730 559.6
1321740 559.6
1321750 558.7
1321760 558.1
1321770 558.1
1321780 557.6
1321790 557.4
1321800 557.4
1321810 557.1
1321820 556.4
1321830 556.4
1321840 555.4
1321850 554.3
1321860 554.3
1321870 554.0
1321880 553.9
1321890 553.9
1321900 553.9
1321910 553.7
1321920 553.7
1321930 553.5
1321940 553.3
1321950 553.3
1321960 552.8
1321970 552.4
1321980 552.2
1321990 552.2
1322000 552.0
1322010 550.9
1322020 550.9
1322030 548.9
1322040 547.1
1322050 547.1
1322060 546.9
1322070 547.0
1322080 547.0
1322090 549.0
1322100 551.0
1322110 551.0
1322120 550.4
1322130 550.4
1322140 550.4
1322150 552.6
1322160 553.2
1322170 553.2
1322180 553.5
1322190 553.8
1322200 553.8
1322210 554.1
1322220 554.4
1322230 554.7
1322240 554.7
1322250 555.1
1322260 555.5
1322270 555.5
1322280 555.8
1322290 556.0
1322300 556.0
1322310 556.2
1322320 556.7
1322330 556.7
1322340 557.2
1322350 557.5
1322360 557.5
1322370 557.8
1322380 558.2
1322390 558.2
1322400 558.5
1322410 558.7
1322420 558.7
1322430 558.9
1322440 559.1
1322450 559.1
1322460 559.4
1322470 559.7
1322480 559.7
1322490 560.0
1322500 560.3
1322510 560.5
1322520 560.5
1322530 561.1
1322540 561.7
1322550 561.7
1322560 562.2
1322570 562.5
1322580 562.5
1322590 562.7
1322600 562.8
1322610 562.8
1322620 562.9
1322630 563.0
1322640 563.0
1322650 563.3
1322660 563.9
1322670 563.9
1322680 564.4
1322690 564.8
1322700 564.8
1322710 565.3
1322720 566.1
1322730 566.1
1322740 566.5
1322750 567.1
1322760 568.2
1322770 568.2
1322780 570.1
1322790 571.4
1322800 571.4
1322810 571.9
1322820 572.3
1322830 572.3
1322840 572.9
1322850 573.3
1322860 573.3
1322870 573.7
1322880 574.1
1322890 574.1
1322900 574.5
1322910 574.8
1322920 574.8
1322930 575.1
1322940 575.0
1322950 575.0
1322960 574.7
1322970 574.7
1322980 574.7
1322990 575.1
1323000 576.4
1323010 576.4
1323020 576.6
1323030 577.6
1323040 577.9
1323050 577.9
1323060 577.9
1323070 578.2
1323080 578.2
1323090 578.7
1323100 578.9
1323110 578.9
1323120 579.5
1323130 579.7
1323140 579.7
1323150 580.1
1323160 580.3
1323170 580.3
1323180 580.5
1323190 580.9
1323200 580.9
1323210 581.7
1323220 582.5
1323230 582.5
1323240 583.0
1323250 583.7
1323260 583.7
1323270 584.3
1323280 585.4
1323290 585.4
1323300 585.7
1323310 587.2
1323320 589.3
1323330 589.3
1323340 592.7
1323350 597.3
1323360 597.3
1323370 601.9
1323380 612.5
1323390 612.5
1323400 623.6
1323410 630.9
1323420 630.9
1323430 636.0
1323440 642.0
1323450 642.0
1323460 646.0
1323470 650.7
1323480 650.7
1323490 657.7
1323500 664.1
1323510 664.1
1323520 666.7
1323530 669.2
1323540 669.2
1323550 672.5
1323560 678.9
1323570 683.9
1323580 683.9
1323590 688.6
1323600 694.1
1323610 694.1
1323620 699.2
1323630 705.4
1323640 705.4
1323650 711.0
1323660 714.8
1323670 714.8
1323680 718.5
1323690 721.9
1323700 721.9
1323710 723.0
1323720 725.9
1323730 725.9
1323740 728.5
1323750 728.8
1323760 728.8
1323770 726.5
1323780 722.8
1323790 722.8
1323800 720.3
1323810 722.4
1323820 722.4
1323830 727.9
1323840 737.1
1323850 743.9
1323860 743.9
1323870 751.4
1323880 755.8
1323890 755.8
1323900 752.2
1323910 746.9
1323920 746.9
1323930 743.3
1323940 740.2
1323950 740.2
1323960 734.4
1323970 729.2
1323980 729.2
1323990 725.5
1324000 723.4
1324010 723.4
1324020 720.9
1324030 712.3
1324040 712.3
1324050 699.4
1324060 688.5
1324070 688.5
1324080 687.1
1324090 699.6
1324100 699.6
1324110 700.9
1324120 702.4
1324130 706.3
1324140 706.3
1324150 709.6
1324160 711.8
1324170 711.8
1324180 710.3
1324190 709.3
1324200 709.3
1324210 709.4
1324220 711.3
1324230 711.3
1324240 713.1
1324250 716.7
1324260 716.7
1324270 709.9
1324280 701.9
1324290 701.9
1324300 699.1
1324310 698.9
1324320 698.9
1324330 704.6
1324340 711.9
1324350 711.9
1324360 721.7
1324370 728.5
1324380 738.2
1324390 738.2
1324400 746.5
1324410 752.3
1324420 752.3
1324430 753.3
1324440 751.3
1324450 751.3
1324460 747.7
1324470 738.1
1324480 738.1
1324490 726.7
1324500 717.2
1324510 717.2
1324520 713.1
1324530 714.8
1324540 714.8
1324550 715.8
1324560 717.0
1324570 717.0
1324580 721.4
1324590 726.1
1324600 726.1
1324610 730.5
1324620 736.4
1324630 736.4
1324640 740.4
1324650 744.2
1324660 746.2
1324670 746.2
1324680 751.8
1324690 753.5
1324700 753.5
1324710 763.7
1324720 773.2
1324730 773.2
1324740 773.8
1324750 772.5
1324760 772.5
1324770 771.2
1324780 771.3
1324790 771.3
1324800 771.5
1324810 774.1
1324820 774.1
1324830 781.0
1324840 790.3
1324850 790.3
1324860 799.5
1324870 802.9
1324880 802.9
1324890 814.2
1324900 813.5
1324910 813.8
1324920 813.8
1324930 816.1
1324940 819.0
1324950 819.0
1324960 822.8
1324970 829.1
1324980 829.1
1324990 836.0
1325000 839.6
1325010 839.6
1325020 842.5
1325030 843.6
1325040 843.6
1325050 845.5
1325060 851.0
1325070 851.0
1325080 857.7
1325090 863.7
1325100 863.7
1325110 870.2
1325120 877.0
1325130 877.0
1325140 883.7
1325150 889.3
1325160 889.3
1325170 894.7
1325180 903.7
1325190 911.3
1325200 911.3
1325210 914.8
1325220 920.9
1325230 920.9
1325240 928.8
1325250 933.7
1325260 933.7
1325270 935.6
1325280 936.0
1325290 936.0
1325300 936.6
1325310 939.8
1325320 939.8
1325330 943.9
1325340 947.0
1325350 947.0
1325360 950.6
1325370 954.4
1325380 954.4
1325390 956.6
1325400 959.4
1325410 959.4
1325420 962.5
1325430 966.2
1325440 966.2
1325450 970.0
1325460 973.6
1325470 977.7
1325480 977.7
1325490 980.9
1325500 984.0
1325510 984.0
1325520 987.1
1325530 991.3
1325540 991.3
1325550 995.1
1325560 998.1
1325570 998.1
1325580 1000.8
1325590 1003.4
1325600 1003.4
1325610 1005.3
1325620 1007.3
1325630 1007.3
1325640 1009.7
1325650 1012.3
1325660 1012.3
1325670 1014.3
1325680 1016.3
1325690 1018.9
1325700 1020.5
1325710 1022.1
1325720 1023.7
1325730 1023.7
1325740 1025.5
1325750 1027.2
1325760 1027.2
1325770 1029.1
1325780 1031.6
1325790 1031.6
1325800 1034.6
1325810 1037.7
1325820 1037.7
1325830 1040.7
1325840 1042.4
1325850 1042.4
1325860 1044.1
1325870 1046.1
1325880 1046.1
1325890 1048.9
1325900 1052.1
1325910 1052.1
1325920 1055.0
1325930 1058.1
1325940 1058.1
1325950 1061.4
1325960 1064.1
1325970 1064.1
1325980 1066.6
1325990 1069.6
1326000 1073.4
1326010 1073.4
1326020 1077.2
1326030 1080.7
1326040 1080.7
1326050 1083.4
1326060 1085.9
1326070 1085.9
1326080 1089.0
1326090 1092.4
1326100 1092.4
1326110 1096.1
1326120 1100.2
1326130 1100.2
1326140 1104.2
1326150 1108.3
1326160 1108.3
1326170 1112.5
1326180 1116.8
1326190 1116.8
1326200 1121.2
1326210 1125.8
1326220 1125.8
1326230 1130.7
1326240 1135.9
1326250 1141.2
1326260 1141.2
1326270 1146.1
1326280 1150.6
1326290 1150.6
1326300 1154.7
1326310 1159.3
1326320 1159.3
1326330 1164.2
1326340 1169.0
1326350 1169.0
1326360 1173.1
1326370 1176.2
1326380 1176.2
1326390 1181.4
1326400 1187.2
1326410 1187.2
1326420 1192.7
1326430 1198.0
1326440 1198.0
1326450 1202.6
1326460 1206.9
1326470 1206.9
1326480 1210.3
1326490 1220.2
1326500 1220.2
1326510 1223.8
1326520 1227.3
1326530 1230.6
1326540 1230.6
1326550 1234.6
1326560 1237.9
1326570 1237.9
1326580 1241.6
1326590 1245.6
1326600 1245.6
1326610 1250.3
1326620 1254.1
1326630 1254.1
1326640 1257.8
1326650 1261.5
1326660 1261.5
1326670 1264.9
1326680 1268.7
1326690 1268.7
1326700 1272.5
1326710 1276.3
1326720 1276.3
1326730 1279.9
1326740 1283.4
1326750 1283.4
1326760 1286.8
1326770 1290.7
1326780 1290.7
1326790 1294.6
1326800 1298.4
1326810 1301.7
1326820 1301.7
1326830 1304.9
1326840 1308.6
1326850 1308.6
1326860 1311.8
1326870 1314.5
1326880 1314.5
1326890 1317.8
1326900 1321.0
1326910 1321.0
1326920 1324.4
1326930 1328.0
1326940 1328.0
1326950 1331.4
1326960 1334.6
1326970 1334.6
1326980 1337.4
1326990 1339.8
1327000 1339.8
1327010 1342.4
1327020 1345.0
1327030 1345.0
1327040 1347.0
1327050 1348.3
1327060 1350.0
1327070 1350.0
1327080 1352.3
1327090 1353.9
1327100 1353.9
1327110 1355.0
1327120 1356.7
1327130 1356.7
1327140 1357.6
1327150 1357.9
1327160 1357.9
1327170 1359.0
1327180 1361.0
1327190 1361.0
1327200 1363.5
1327210 1366.6
1327220 1366.6
1327230 1368.7
1327240 1369.3
1327250 1369.3
1327260 1370.6
1327270 1372.0
1327280 1372.0
1327290 1371.9
1327300 1375.3
1327310 1375.3
1327320 1374.9
1327330 1373.1
1327340 1372.1
1327350 1372.1
1327360 1375.9
1327370 1382.3
1327380 1382.3
1327390 1388.3
1327400 1391.5
1327410 1391.5
1327420 1391.8
1327430 1392.8
1327440 1392.8
1327450 1396.0
1327460 1398.1
1327470 1398.1
1327480 1400.5
1327490 1403.0
1327500 1403.0
1327510 1403.8
1327520 1403.0
1327530 1403.0
1327540 1401.6
1327550 1403.2
1327560 1403.2
1327570 1404.6
1327580 1404.0
1327590 1404.0
1327600 1403.6
1327610 1401.0
1327620 1404.0
1327630 1404.0
1327640 1411.4
1327650 1418.2
1327660 1418.2
1327670 1424.0
1327680 1429.4
1327690 1429.4
1327700 1434.8
1327710 1440.3
1327720 1440.3
1327730 1445.4
1327740 1450.0
1327750 1450.0
1327760 1454.4
1327770 1457.8
1327780 1457.8
1327790 1456.8
1327800 1455.6
1327810 1455.6
1327820 1458.7
1327830 1464.8
1327840 1464.8
1327850 1472.0
1327860 1478.8
1327870 1484.7
1327880 1484.7
1327890 1490.3
1327900 1495.6
1327910 1495.6
1327920 1500.8
1327930 1506.1
1327940 1506.1
1327950 1512.0
1327960 1516.9
1327970 1516.9
1327980 1520.7
1327990 1525.1
1328000 1525.1
1328010 1530.5
1328020 1535.3
1328030 1535.3
1328040 1539.2
1328050 1543.7
1328060 1543.7
1328070 1549.0
1328080 1554.5
1328090 1554.5
1328100 1559.1
1328110 1565.0
1328120 1565.0
1328130 1569.4
1328140 1573.8
1328150 1578.2
1328160 1578.2
1328170 1582.2
1328180 1586.1
1328190 1586.1
1328200 1590.5
1328210 1594.7
1328220 1594.7
1328230 1598.4
1328240 1603.0
1328250 1603.0
1328260 1608.6
1328270 1613.5
1328280 1613.5
1328290 1617.8
1328300 1622.0
1328310 1622.0
1328320 1626.2
1328330 1630.4
1328340 1630.4
1328350 1634.7
1328360 1638.7
1328370 1638.7
1328380 1642.8
1328390 1647.3
1328400 1651.0
1328410 1651.0
1328420 1654.2
1328430 1656.6
1328440 1656.6
1328450 1658.7
1328460 1660.6
1328470 1660.6
1328480 1662.2
1328490 1663.7
1328500 1663.7
1328510 1665.3
1328520 1666.7
1328530 1666.7
1328540 1667.9
1328550 1669.3
1328560 1669.3
1328570 1670.3
1328580 1670.9
1328590 1670.9
1328600 1671.5
1328610 1672.1
1328620 1672.1
1328630 1672.3
1328640 1670.6
1328650 1670.6
1328660 1667.3
1328670 1663.5
1328680 1661.3
1328690 1661.3
1328700 1657.8
1328710 1650.0
1328720 1650.0
1328730 1648.7
1328740 1652.8
1328750 1652.8
1328760 1655.4
1328770 1659.0
1328780 1659.0
1328790 1664.5
1328800 1670.5
1328810 1670.5
1328820 1676.3
1328830 1679.7
1328840 1679.7
1328850 1682.9
1328860 1686.2
1328870 1686.2
1328880 1689.3
1328890 1692.0
1328900 1692.0
1328910 1694.5
1328920 1700.9
1328930 1700.9
1328940 1702.8
1328950 1704.5
1328960 1705.4
1328970 1705.4
1328980 1706.3
1328990 1708.1
1329000 1708.1
1329010 1710.2
1329020 1712.0
1329030 1712.0
1329040 1714.0
1329050 1718.5
1329060 1718.5
1329070 1723.9
1329080 1730.7
1329090 1730.7
1329100 1737.3
1329110 1743.2
1329120 1743.2
1329130 1749.5
1329140 1757.6
1329150 1757.6
1329160 1765.0
1329170 1771.7
1329180 1771.7
1329190 1777.3
1329200 1782.2
1329210 1787.8
1329220 1787.8
1329230 1794.2
1329240 1800.4
1329250 1800.4
1329260 1806.8
1329270 1812.5
1329280 1812.5
1329290 1817.8
1329300 1823.6
1329310 1823.6
1329320 1830.4
1329330 1836.0
1329340 1836.0
1329350 1841.1
1329360 1846.2
1329370 1846.2
1329380 1850.5
1329390 1854.6
1329400 1854.6
1329410 1859.1
1329420 1864.1
1329430 1864.1
1329440 1868.4
1329450 1873.2
1329460 1873.2
1329470 1878.8
1329480 1884.1
1329490 1889.5
1329500 1889.5
1329510 1895.1
1329520 1900.8
1329530 1900.8
1329540 1906.9
1329550 1913.4
1329560 1913.4
1329570 1920.0
1329580 1925.0
1329590 1925.0
1329600 1928.8
1329610 1931.7
1329620 1931.7
1329630 1933.8
1329640 1935.6
1329650 1935.6
1329660 1936.1
1329670 1934.5
1329680 1934.5
1329690 1929.0
1329700 1922.6
1329710 1922.6
1329720 1916.3
1329730 1910.2
1329740 1907.3
1329750 1910.3
1329760 1910.2
1329770 1911.5
1329780 1911.5
1329790 1914.4
1329800 1918.2
1329810 1918.2
1329820 1921.2
1329830 1923.4
1329840 1923.4
1329850 1926.2
1329860 1929.2
1329870 1929.2
1329880 1931.9
1329890 1933.8
1329900 1933.8
1329910 1935.0
1329920 1936.3
1329930 1936.3
1329940 1937.8
1329950 1940.7
1329960 1940.7
1329970 1944.3
1329980 1948.9
1329990 1948.9
1330000 1953.6
1330010 1957.7
1330020 1960.7
1330030 1960.7
1330040 1964.2
1330050 1968.2
1330060 1968.2
1330070 1972.3
1330080 1975.7
1330090 1975.7
1330100 1978.3
1330110 1981.1
1330120 1981.1
1330130 1983.5
1330140 1986.5
1330150 1986.5
1330160 1989.4
1330170 1991.2
1330180 1991.2
1330190 1993.0
1330200 1997.1
1330210 1997.1
1330220 2002.1
1330230 2005.6
1330240 2005.6
1330250 2010.7
1330260 2016.9
1330270 2016.9
1330280 2023.0
1330290 2030.0
1330300 2037.8
1330310 2037.8
1330320 2045.3
1330330 2051.0
1330340 2051.0
1330350 2055.6
1330360 2061.9
1330370 2061.9
1330380 2066.9
1330390 2072.0
1330400 2072.0
1330410 2077.0
1330420 2080.2
1330430 2080.2
1330440 2082.7
1330450 2085.3
1330460 2085.3
1330470 2088.1
1330480 2090.1
1330490 2090.1
1330500 2092.7
1330510 2094.6
1330520 2094.6
1330530 2096.3
1330540 2094.9
1330550 2091.1
1330560 2091.1
1330570 2097.4
1330580 2094.8
1330590 2094.8
1330600 2092.8
1330610 2091.6
1330620 2091.6
1330630 2089.4
1330640 2086.0
1330650 2086.0
1330660 2082.5
1330670 2078.1
1330680 2078.1
1330690 2072.2
1330700 2066.5
1330710 2066.5
1330720 2061.0
1330730 2054.6
1330740 2054.6
1330750 2048.1
1330760 2042.3
1330770 2042.3
1330780 2036.1
1330790 2030.3
1330800 2030.3
1330810 2025.5
1330820 2020.6
1330830 2014.4
1330840 2014.4
1330850 2009.9
1330860 2007.2
1330870 2007.2
1330880 2006.2
1330890 2003.6
1330900 2003.6
1330910 1996.9
1330920 1991.7
1330930 1991.7
1330940 1988.1
1330950 1984.2
1330960 1984.2
1330970 1981.0
1330980 1977.6
1330990 1977.6
1331000 1974.6
1331010 1970.8
1331020 1970.8
1331030 1966.6
1331040 1961.2
1331050 1961.2
1331060 1956.2
1331070 1951.6
1331080 1951.6
1331090 1948.0
1331100 1943.7
1331110 1939.0
1331120 1939.0
1331130 1933.1
1331140 1926.6
1331150 1926.6
1331160 1918.6
1331170 1910.8
1331180 1910.8
1331190 1904.1
1331200 1897.4
1331210 1897.4
1331220 1891.5
1331230 1886.7
1331240 1886.7
1331250 1882.2
1331260 1878.7
1331270 1878.7
1331280 1875.2
1331290 1870.7
1331300 1870.7
1331310 1865.8
1331320 1860.1
1331330 1860.1
1331340 1854.8
1331350 1850.3
1331360 1844.5
1331370 1844.5
1331380 1838.8
1331390 1833.6
1331400 1835.3
1331410 1829.3
1331420 1822.3
1331430 1822.3
1331440 1814.7
1331450 1808.5
1331460 1808.5
1331470 1803.0
1331480 1798.1
1331490 1798.1
1331500 1793.6
1331510 1788.9
1331520 1788.9
1331530 1781.6
1331540 1771.5
1331550 1771.5
1331560 1762.7
1331570 1754.4
1331580 1754.4
1331590 1746.5
1331600 1738.8
1331610 1738.8
1331620 1733.1
1331630 1726.8
1331640 1720.4
1331650 1720.4
1331660 1714.7
1331670 1709.8
1331680 1709.8
1331690 1704.6
1331700 1699.4
1331710 1699.4
1331720 1694.5
1331730 1689.6
1331740 1689.6
1331750 1685.1
1331760 1681.4
1331770 1681.4
1331780 1678.1
1331790 1674.6
1331800 1674.6
1331810 1671.3
1331820 1668.5
1331830 1668.5
1331840 1665.0
1331850 1660.9
1331860 1660.9
1331870 1656.9
1331880 1653.3
1331890 1649.5
1331900 1649.5
1331910 1645.3
1331920 1643.3
1331930 1643.3
1331940 1639.2
1331950 1636.1
1331960 1636.1
1331970 1639.2
1331980 1640.1
1331990 1640.1
1332000 1644.1
1332010 1647.7
1332020 1647.7
1332030 1651.7
1332040 1655.2
1332050 1655.2
1332060 1658.2
1332070 1661.5
1332080 1661.5
1332090 1661.4
1332100 1663.2
1332110 1663.2
1332120 1666.6
1332130 1669.3
1332140 1669.3
1332150 1671.7
1332160 1674.8
1332170 1676.1
1332180 1676.1
1332190 1677.5
1332200 1676.8
1332210 1676.8
1332220 1673.8
1332230 1681.1
1332240 1681.1
1332250 1677.0
1332260 1674.9
1332270 1674.9
1332280 1671.5
1332290 1666.7
1332300 1666.7
1332310 1663.3
1332320 1660.3
1332330 1660.3
1332340 1657.1
1332350 1656.0
1332360 1656.0
1332370 1658.6
1332380 1662.8
1332390 1662.8
1332400 1669.0
1332410 1676.5
1332420 1676.5
1332430 1683.8
1332440 1689.3
1332450 1694.4
1332460 1694.4
1332470 1699.2
1332480 1703.0
1332490 1703.0
1332500 1707.2
1332510 1711.1
1332520 1711.1
1332530 1714.7
1332540 1718.4
1332550 1718.4
1332560 1722.5
1332570 1727.0
1332580 1727.0
1332590 1730.8
1332600 1734.8
1332610 1734.8
1332620 1739.4
1332630 1743.5
1332640 1743.5
1332650 1747.4
1332660 1751.6
1332670 1751.6
1332680 1756.0
1332690 1759.4
1332700 1764.1
1332710 1764.1
1332720 1768.9
1332730 1773.5
1332740 1773.5
1332750 1777.5
1332760 1781.9
1332770 1781.9
1332780 1787.0
1332790 1791.5
1332800 1791.5
1332810 1795.8
1332820 1800.1
1332830 1800.1
1332840 1804.6
1332850 1809.6
1332860 1809.6
1332870 1814.1
1332880 1818.5
1332890 1818.5
1332900 1823.0
1332910 1827.9
1332920 1827.9
1332930 1833.5
1332940 1839.4
1332950 1839.4
1332960 1845.4
1332970 1852.5
1332980 1859.9
1332990 1859.9
1333000 1867.0
1333010 1873.9
1333020 1873.9
1333030 1881.1
1333040 1888.2
1333050 1888.2
1333060 1895.2
1333070 1901.5
1333080 1901.5
1333090 1910.2
1333100 1918.2
1333110 1918.2
1333120 1927.3
1333130 1937.7
1333140 1937.7
1333150 1949.8
1333160 1958.4
1333170 1958.4
1333180 1962.5
1333190 1967.7
1333200 1967.7
1333210 1972.8
1333220 1978.2
1333230 1983.9
1333240 1983.9
1333250 1990.3
1333260 1996.9
1333270 1996.9
1333280 2002.7
1333290 2007.7
1333300 2007.7
1333310 2012.4
1333320 2018.2
1333330 2018.2
1333340 2025.1
1333350 2031.0
1333360 2031.0
1333370 2034.3
1333380 2037.2
1333390 2037.2
1333400 2040.7
1333410 2044.7
1333420 2044.7
1333430 2049.8
1333440 2056.1
1333450 2056.1
1333460 2062.2
1333470 2066.8
1333480 2066.8
1333490 2071.9
1333500 2077.4
1333510 2084.9
1333520 2084.9
1333530 2091.4
1333540 2097.0
1333550 2097.0
1333560 2101.6
1333570 2107.6
1333580 2107.6
1333590 2116.8
1333600 2125.2
1333610 2125.2
1333620 2132.6
1333630 2139.3
1333640 2139.3
1333650 2143.9
1333660 2150.1
1333670 2150.1
1333680 2157.6
1333690 2163.1
1333700 2163.1
1333710 2165.9
1333720 2166.9
1333730 2166.9
1333740 2167.6
1333750 2170.0
1333760 2170.0
1333770 2171.6
1333780 2171.2
1333790 2170.8
1333800 2170.8
1333810 2169.9
1333820 2166.1
1333830 2166.1
1333840 2161.9
1333850 2157.4
1333860 2157.4
1333870 2153.4
1333880 2149.9
1333890 2149.9
1333900 2146.6
1333910 2150.6
1333920 2150.6
1333930 2150.1
1333940 2147.3
1333950 2147.3
1333960 2145.6
1333970 2145.2
1333980 2145.2
1333990 2147.0
1334000 2150.1
1334010 2150.1
1334020 2153.3
1334030 2157.3
1334040 2164.3
1334050 2164.3
1334060 2171.4
1334070 2170.3
1334080 2170.3
1334090 2170.3
1334100 2171.9
1334110 2171.9
1334120 2171.1
1334130 2171.3
1334140 2171.3
1334150 2174.8
1334160 2177.8
1334170 2177.8
1334180 2183.6
1334190 2192.1
1334200 2192.1
1334210 2194.7
1334220 2194.1
1334230 2194.1
1334240 2194.3
1334250 2192.7
1334260 2192.7
1334270 2190.3
1334280 2188.0
1334290 2188.0
1334300 2184.7
1334310 2180.3
1334320 2177.9
1334330 2177.9
1334340 2178.4
1334350 2178.8
1334360 2178.8
1334370 2179.3
1334380 2180.0
1334390 2180.0
1334400 2181.3
1334410 2182.7
1334420 2182.7
1334430 2183.8
1334440 2184.3
1334450 2184.3
1334460 2184.7
1334470 2185.9
1334480 2185.9
1334490 2187.6
1334500 2189.0
1334510 2189.0
1334520 2189.8
1334530 2190.2
1334540 2190.2
1334550 2189.6
1334560 2189.3
1334570 2189.2
1334580 2189.2
1334590 2189.5
1334600 2189.6
1334610 2189.6
1334620 2188.8
1334630 2186.1
1334640 2186.1
1334650 2181.4
1334660 2177.1
1334670 2177.1
1334680 2173.7
1334690 2170.7
1334700 2170.7
1334710 2167.6
1334720 2162.9
1334730 2162.9
1334740 2160.3
1334750 2159.0
1334760 2163.6
1334770 2154.8
1334780 2148.4
1334790 2148.4
1334800 2143.4
1334810 2139.5
1334820 2139.5
1334830 2136.8
1334840 2134.5
1334850 2134.0
1334860 2134.0
1334870 2134.3
1334880 2134.0
1334890 2134.0
1334900 2134.0
1334910 2136.2
1334920 2136.2
1334930 2139.4
1334940 2143.6
1334950 2143.6
1334960 2145.1
1334970 2144.9
1334980 2144.9
1334990 2144.8
1335000 2144.5
1335010 2144.5
1335020 2143.2
1335030 2141.8
1335040 2141.8
1335050 2140.0
1335060 2136.8
1335070 2136.8
1335080 2133.5
1335090 2130.6
1335100 2130.6
1335110 2129.4
1335120 2128.8
1335130 2128.6
1335140 2128.6
1335150 2127.9
1335160 2125.7
1335170 2125.7
1335180 2122.8
1335190 2119.1
1335200 2119.1
1335210 2116.3
1335220 2112.5
1335230 2112.5
1335240 2108.5
1335250 2103.8
1335260 2103.8
1335270 2098.5
1335280 2094.2
1335290 2094.2
1335300 2088.5
1335310 2084.9
1335320 2084.9
1335330 2081.6
1335340 2078.7
1335350 2078.7
1335360 2075.5
1335370 2069.1
1335380 2060.9
1335390 2060.9
1335400 2054.1
1335410 2049.7
1335420 2049.7
1335430 2046.5
1335440 2042.8
1335450 2042.8
1335460 2039.6
1335470 2036.7
1335480 2036.7
1335490 2031.7
1335500 2024.8
1335510 2024.8
1335520 2017.7
1335530 2011.4
1335540 2011.4
1335550 2005.3
1335560 2001.4
1335570 2001.4
1335580 1998.1
1335590 1992.0
1335600 1992.0
1335610 1986.8
1335620 1978.9
1335630 1978.9
1335640 1972.2
1335650 1965.9
1335660 1960.9
1335670 1960.9
1335680 1957.3
1335690 1953.0
1335700 1953.0
1335710 1949.0
1335720 1947.1
1335730 1947.1
1335740 1946.1
1335750 1945.3
1335760 1945.3
1335770 1944.3
1335780 1943.5
1335790 1943.5
1335800 1943.6
1335810 1943.4
1335820 1943.4
1335830 1941.9
1335840 1939.4
1335850 1939.4
1335860 1936.3
1335870 1931.2
1335880 1931.2
1335890 1925.7
1335900 1920.1
1335910 1914.4
1335920 1914.4
1335930 1908.4
1335940 1898.3
1335950 1898.3
1335960 1887.6
1335970 1879.8
1335980 1879.8
1335990 1874.6
1336000 1869.5
1336010 1869.5
1336020 1864.8
1336030 1861.5
1336040 1861.5
1336050 1858.1
1336060 1855.4
1336070 1855.4
1336080 1853.7
1336090 1851.9
1336100 1851.9
1336110 1849.1
1336120 1846.4
1336130 1846.4
1336140 1841.5
1336150 1838.0
1336160 1838.0
1336170 1840.0
1336180 1838.8
1336190 1835.0
1336200 1835.0
1336210 1829.9
1336220 1825.4
1336230 1825.4
1336240 1823.2
1336250 1823.9
1336260 1823.9
1336270 1826.1
1336280 1827.7
1336290 1827.7
1336300 1827.8
1336310 1825.9
1336320 1825.9
1336330 1823.9
1336340 1820.0
1336350 1820.0
1336360 1815.6
1336370 1813.7
1336380 1813.7
1336390 1813.9
1336400 1815.5
1336410 1815.5
1336420 1816.7
1336430 1818.3
1336440 1818.3
1336450 1820.1
1336460 1824.9
1336470 1830.8
1336480 1830.8
1336490 1836.4
1336500 1839.7
1336510 1839.7
1336520 1842.2
1336530 1844.4
1336540 1844.4
1336550 1846.7
1336560 1848.6
1336570 1848.6
1336580 1850.6
1336590 1851.8
1336600 1851.8
1336610 1853.8
1336620 1854.5
1336630 1854.5
1336640 1854.7
1336650 1855.0
1336660 1855.0
1336670 1855.7
1336680 1855.7
1336690 1855.7
1336700 1855.7
1336710 1855.9
1336720 1854.8
1336730 1854.8
1336740 1853.8
1336750 1855.9
1336760 1855.9
1336770 1859.0
1336780 1863.2
1336790 1863.2
1336800 1869.5
1336810 1876.1
1336820 1876.1
1336830 1882.2
1336840 1888.3
1336850 1888.3
1336860 1895.2
1336870 1903.1
1336880 1903.1
1336890 1911.9
1336900 1916.7
1336910 1916.7
1336920 1919.3
1336930 1922.2
1336940 1922.2
1336950 1927.3
1336960 1931.0
1336970 1931.0
1336980 1934.3
1336990 1937.9
1337000 1942.2
1337010 1942.2
1337020 1947.2
1337030 1951.8
1337040 1951.8
1337050 1956.6
1337060 1961.4
1337070 1961.4
1337080 1965.5
1337090 1968.8
1337100 1968.8
1337110 1973.4
1337120 1979.0
1337130 1979.0
1337140 1985.8
1337150 1993.3
1337160 1993.3
1337170 2000.9
1337180 2008.1
1337190 2008.1
1337200 2013.7
1337210 2016.9
1337220 2016.9
1337230 2021.0
1337240 2025.4
1337250 2028.8
1337260 2028.8
1337270 2032.1
1337280 2036.0
1337290 2036.0
1337300 2040.8
1337310 2044.9
1337320 2044.9
1337330 2051.2
1337340 2052.8
1337350 2052.8
1337360 2054.1
1337370 2057.5
1337380 2057.5
1337390 2062.2
1337400 2068.3
1337410 2068.3
1337420 2075.1
1337430 2081.6
1337440 2081.6
1337450 2088.4
1337460 2098.9
1337470 2098.9
1337480 2109.5
1337490 2118.3
1337500 2118.3
1337510 2130.2
1337520 2138.8
1337530 2148.3
1337540 2148.3
1337550 2156.5
1337560 2159.7
1337570 2159.7
1337580 2162.0
1337590 2166.5
1337600 2166.5
1337610 2172.2
1337620 2177.7
1337630 2177.7
1337640 2183.7
1337650 2191.0
1337660 2191.0
1337670 2199.9
1337680 2205.2
1337690 2205.2
1337700 2206.0
1337710 2207.9
1337720 2207.9
1337730 2211.8
1337740 2215.2
1337750 2215.2
1337760 2215.9
1337770 2212.8
1337780 2212.8
1337790 2209.9
1337800 2208.2
1337810 2209.1
1337820 2209.1
1337830 2209.8
1337840 2208.9
1337850 2208.9
1337860 2209.9
1337870 2210.2
1337880 2210.2
1337890 2210.1
1337900 2210.5
1337910 2210.5
1337920 2209.7
1337930 2208.1
1337940 2208.1
1337950 2206.5
1337960 2204.0
1337970 2204.0
1337980 2203.1
1337990 2200.4
1338000 2200.4
1338010 2199.3
1338020 2197.9
1338030 2197.9
1338040 2195.9
1338050 2194.0
1338060 2192.0
1338070 2192.0
1338080 2187.0
1338090 2182.1
1338100 2182.1
1338110 2180.3
1338120 2179.4
1338130 2179.4
1338140 2174.6
1338150 2165.2
1338160 2165.2
1338170 2156.0
1338180 2148.8
1338190 2148.8
1338200 2146.9
1338210 2148.4
1338220 2148.4
1338230 2147.8
1338240 2142.9
1338250 2142.9
1338260 2136.9
1338270 2128.7
1338280 2128.7
1338290 2121.0
1338300 2117.3
1338310 2117.3
1338320 2118.0
1338330 2114.1
1338340 2109.7
1338350 2109.7
1338360 2104.6
1338370 2100.3
1338380 2100.3
1338390 2094.0
1338400 2086.1
1338410 2086.1
1338420 2076.8
1338430 2068.9
1338440 2068.9
1338450 2061.4
1338460 2054.1
1338470 2054.1
1338480 2048.9
1338490 2044.3
1338500 2044.3
1338510 2039.9
1338520 2037.6
1338530 2037.6
1338540 2035.4
1338550 2031.4
1338560 2031.4
1338570 2028.8
1338580 2025.0
1338590 2020.1
1338600 2020.1
1338610 2015.6
1338620 2011.5
1338630 2011.5
1338640 2006.3
1338650 2000.9
1338660 2000.9
1338670 1998.0
1338680 1996.3
1338690 1996.3
1338700 1992.7
1338710 1989.4
1338720 1989.4
1338730 1987.9
1338740 1985.2
1338750 1985.2
1338760 1981.8
1338770 1978.0
1338780 1978.0
1338790 1973.0
1338800 1968.7
1338810 1968.7
1338820 1964.2
1338830 1958.8
1338840 1958.8
1338850 1954.8
1338860 1952.3
1338870 1949.9
1338880 1949.9
1338890 1945.8
1338900 1938.7
1338910 1938.7
1338920 1934.7
1338930 1931.8
1338940 1931.8
1338950 1929.9
1338960 1926.9
1338970 1926.9
1338980 1921.4
1338990 1917.8
1339000 1917.8
1339010 1914.7
1339020 1910.7
1339030 1910.7
1339040 1904.9
1339050 1900.2
1339060 1900.2
1339070 1894.7
1339080 1889.0
1339090 1889.0
1339100 1883.7
1339110 1878.2
1339120 1878.2
1339130 1870.1
1339140 1862.0
1339150 1856.0
1339160 1856.0
1339170 1849.6
1339180 1845.0
1339190 1845.0
1339200 1838.1
1339210 1832.8
1339220 1832.8
1339230 1828.3
1339240 1820.5
1339250 1820.5
1339260 1813.0
1339270 1805.4
1339280 1805.4
1339290 1797.0
1339300 1788.8
1339310 1788.8
1339320 1779.9
1339330 1768.5
1339340 1768.5
1339350 1756.4
1339360 1743.2
1339370 1743.2
1339380 1733.1
1339390 1723.8
1339400 1713.9
1339410 1713.9
1339420 1704.0
1339430 1692.5
1339440 1692.5
1339450 1682.6
1339460 1672.3
1339470 1672.3
1339480 1660.8
1339490 1650.5
1339500 1650.5
1339510 1640.8
1339520 1630.7
1339530 1630.7
1339540 1622.0
1339550 1614.3
1339560 1614.3
1339570 1607.5
1339580 1599.8
1339590 1599.8
1339600 1592.8
1339610 1586.0
1339620 1586.0
1339630 1579.4
1339640 1572.5
1339650 1572.5
1339660 1565.8
1339670 1560.0
1339680 1553.3
1339690 1553.3
1339700 1543.7
1339710 1531.4
1339720 1531.4
1339730 1524.2
1339740 1518.5
1339750 1518.5
1339760 1512.2
1339770 1505.6
1339780 1505.6
1339790 1500.2
1339800 1494.9
1339810 1494.9
1339820 1488.5
1339830 1483.1
1339840 1483.1
1339850 1478.9
1339860 1474.3
1339870 1474.3
1339880 1469.6
1339890 1466.2
1339900 1466.2
1339910 1463.6
1339920 1460.9
1339930 1457.9
1339940 1457.9
1339950 1455.2
1339960 1451.2
1339970 1451.2
1339980 1448.3
1339990 1446.0
