1320000 732.3
1320010 727.3
1320020 727.3
1320030 723.6
1320040 720.5
1320050 716.5
1320060 716.5
1320070 712.0
1320080 709.2
1320090 709.2
1320100 705.4
1320110 701.4
1320120 701.4
1320130 698.3
1320140 695.8
1320150 695.8
1320160 691.9
1320170 687.4
1320180 687.4
1320190 682.8
1320200 677.9
1320210 677.9
1320220 673.2
1320230 666.4
1320240 666.4
1320250 658.1
1320260 651.6
1320270 651.6
1320280 649.0
1320290 647.9
1320300 646.7
1320310 646.7
1320320 645.3
1320330 643.9
1320340 643.9
1320350 643.3
1320360 642.4
1320370 642.4
1320380 641.1
1320390 640.0
1320400 640.0
1320410 639.1
1320420 638.4
1320430 638.4
1320440 637.2
1320450 635.8
1320460 635.8
1320470 634.9
1320480 634.0
1320490 634.0
1320500 632.5
1320510 631.3
1320520 631.3
1320530 630.2
1320540 629.4
1320550 629.4
1320560 628.1
1320570 626.8
1320580 625.8
1320590 625.8
1320600 624.8
1320610 623.6
1320620 623.6
1320630 621.9
1320640 620.1
1320650 620.1
1320660 619.2
1320670 618.4
1320680 618.4
1320690 617.7
1320700 616.9
1320710 616.9
1320720 616.3
1320730 615.6
1320740 615.6
1320750 614.5
1320760 613.5
1320770 613.5
1320780 612.9
1320790 612.2
1320800 612.2
1320810 611.3
1320820 610.4
1320830 609.7
1320840 609.7
1320850 609.0
1320860 608.2
1320870 608.2
1320880 607.4
1320890 606.6
1320900 606.6
1320910 605.7
1320920 604.8
1320930 604.8
1320940 603.8
1320950 602.7
1320960 602.7
1320970 601.9
1320980 601.1
1320990 601.1
1321000 600.2
1321010 599.2
1321020 599.2
1321030 597.9
1321040 596.4
1321050 596.4
1321060 595.0
1321070 593.7
1321080 593.7
1321090 593.0
1321100 592.7
1321110 592.1
1321120 592.1
1321130 591.3
1321140 590.9
1321150 590.9
1321160 590.1
1321170 589.4
1321180 589.4
1321190 588.8
1321200 588.3
1321210 588.3
1321220 588.5
1321230 588.0
1321240 587.8
1321250 586.9
1321260 586.2
1321270 586.2
1321280 585.4
1321290 584.7
1321300 584.7
1321310 583.8
1321320 583.0
1321330 583.0
1321340 582.2
1321350 581.4
1321360 581.4
1321370 580.8
1321380 580.3
1321390 579.3
1321400 579.3
1321410 578.1
1321420 577.2
1321430 577.2
1321440 576.1
1321450 575.1
1321460 575.1
1321470 574.5
1321480 574.0
1321490 574.0
1321500 573.2
1321510 572.5
1321520 572.5
1321530 571.7
1321540 570.9
1321550 570.9
1321560 569.8
1321570 568.8
1321580 568.8
1321590 568.2
1321600 567.8
1321610 567.8
1321620 567.1
1321630 566.1
1321640 564.6
1321650 564.6
1321660 564.5
1321670 563.9
1321680 563.9
1321690 563.1
1321700 562.4
1321710 562.4
1321720 561.9
1321730 561.3
1321740 561.3
1321750 560.7
1321760 560.2
1321770 560.2
1321780 559.6
1321790 558.9
1321800 558.9
1321810 558.3
1321820 557.5
1321830 557.5
1321840 556.9
1321850 556.5
1321860 556.5
1321870 556.0
1321880 555.5
1321890 555.5
1321900 555.1
1321910 554.6
1321920 554.2
1321930 554.2
1321940 553.7
1321950 553.4
1321960 553.4
1321970 553.4
1321980 552.6
1321990 552.6
1322000 552.1
1322010 551.6
1322020 551.6
1322030 549.5
1322040 547.9
1322050 547.9
1322060 546.8
1322070 546.8
1322080 546.8
1322090 547.7
1322100 550.2
1322110 550.2
1322120 550.8
1322130 549.9
1322140 549.9
1322150 551.8
1322160 552.6
1322170 552.6
1322180 552.6
1322190 552.8
1322200 553.2
1322210 553.2
1322220 553.6
1322230 553.9
1322240 553.9
1322250 554.1
1322260 554.2
1322270 554.2
1322280 554.3
1322290 554.6
1322300 554.6
1322310 555.0
1322320 555.8
1322330 555.8
1322340 556.7
1322350 557.4
1322360 557.4
1322370 557.6
1322380 557.7
1322390 557.7
1322400 558.0
1322410 558.1
1322420 558.1
1322430 558.1
1322440 558.5
1322450 559.0
1322460 559.0
1322470 559.4
1322480 559.7
1322490 559.7
1322500 560.2
1322510 560.8
1322520 560.8
1322530 561.2
1322540 561.8
1322550 561.8
1322560 562.6
1322570 563.2
1322580 563.2
1322590 563.8
1322600 564.2
1322610 564.2
1322620 564.4
1322630 564.9
1322640 564.9
1322650 565.7
1322660 566.8
1322670 566.8
1322680 567.2
1322690 567.2
1322700 567.2
1322710 567.3
1322720 567.4
1322730 567.4
1322740 567.4
1322750 568.5
1322760 569.1
1322770 569.1
1322780 569.4
1322790 569.8
1322800 569.8
1322810 570.2
1322820 570.7
1322830 570.7
1322840 571.2
1322850 571.7
1322860 571.7
1322870 572.1
1322880 572.3
1322890 572.3
1322900 572.4
1322910 572.5
1322920 572.5
1322930 572.6
1322940 573.0
1322950 573.0
1322960 573.7
1322970 574.2
1322980 574.4
1322990 574.4
1323000 575.1
1323010 575.6
1323020 575.6
1323030 576.3
1323040 576.6
1323050 576.6
1323060 576.9
1323070 577.2
1323080 577.2
1323090 577.4
1323100 576.2
1323110 576.2
1323120 575.2
1323130 576.4
1323140 576.4
1323150 577.8
1323160 578.9
1323170 578.9
1323180 579.7
1323190 580.4
1323200 580.4
1323210 581.5
1323220 582.2
1323230 582.2
1323240 582.0
1323250 581.7
1323260 581.3
1323270 581.3
1323280 582.4
1323290 582.4
1323300 582.4
1323310 582.1
1323320 582.3
1323330 582.3
1323340 582.8
1323350 583.8
1323360 583.8
1323370 585.2
1323380 586.5
1323390 586.5
1323400 588.9
1323410 595.3
1323420 595.3
1323430 601.9
1323440 605.6
1323450 605.6
1323460 613.2
1323470 619.3
1323480 619.3
1323490 617.9
1323500 632.1
1323510 632.1
1323520 640.5
1323530 647.0
1323540 652.0
1323550 652.0
1323560 650.8
1323570 654.7
1323580 654.7
1323590 660.3
1323600 678.6
1323610 678.6
1323620 677.0
1323630 675.9
1323640 675.9
1323650 678.3
1323660 682.8
1323670 682.8
1323680 685.3
1323690 689.3
1323700 689.3
1323710 696.4
1323720 699.0
1323730 699.0
1323740 695.5
1323750 692.6
1323760 692.6
1323770 690.0
1323780 691.2
1323790 695.5
1323800 695.5
1323810 699.9
1323820 707.0
1323830 707.0
1323840 720.9
1323850 731.4
1323860 731.4
1323870 740.7
1323880 741.6
1323890 741.6
1323900 737.8
1323910 733.9
1323920 733.9
1323930 729.4
1323940 726.8
1323950 726.8
1323960 723.8
1323970 717.3
1323980 717.3
1323990 708.7
1324000 696.8
1324010 696.8
1324020 684.7
1324030 677.6
1324040 677.6
1324050 679.5
1324060 685.9
1324070 684.4
1324080 684.4
1324090 680.2
1324100 680.8
1324110 680.8
1324120 682.0
1324130 683.4
1324140 683.4
1324150 685.3
1324160 688.4
1324170 688.4
1324180 691.8
1324190 694.5
1324200 694.5
1324210 698.8
1324220 706.9
1324230 706.9
1324240 717.7
1324250 717.7
1324260 717.7
1324270 727.6
1324280 729.7
1324290 729.7
1324300 727.1
1324310 722.8
1324320 716.4
1324330 716.4
1324340 712.5
1324350 713.5
1324360 713.5
1324370 714.8
1324380 715.1
1324390 715.1
1324400 706.4
1324410 707.3
1324420 707.3
1324430 707.2
1324440 707.4
1324450 707.4
1324460 715.0
1324470 727.2
1324480 727.2
1324490 739.4
1324500 742.3
1324510 742.3
1324520 743.8
1324530 741.2
1324540 741.2
1324550 741.3
1324560 740.3
1324570 740.3
1324580 739.7
1324590 736.1
1324600 732.6
1324610 732.6
1324620 727.0
1324630 723.0
1324640 723.0
1324650 723.5
1324660 724.9
1324670 724.9
1324680 725.5
1324690 728.2
1324700 728.2
1324710 729.9
1324720 731.1
1324730 731.1
1324740 739.2
1324750 750.0
1324760 750.0
1324770 752.4
1324780 748.8
1324790 748.8
1324800 746.5
1324810 745.4
1324820 745.4
1324830 745.7
1324840 749.0
1324850 749.0
1324860 754.6
1324870 753.3
1324880 752.8
1324890 752.8
1324900 754.9
1324910 761.0
1324920 761.0
1324930 772.0
1324940 775.8
1324950 775.8
1324960 784.6
1324970 796.6
1324980 796.6
1324990 803.2
1325000 809.4
1325010 809.4
1325020 812.5
1325030 816.6
1325040 816.6
1325050 823.8
1325060 829.9
1325070 829.9
1325080 833.8
1325090 837.9
1325100 837.9
1325110 844.9
1325120 852.5
1325130 861.0
1325140 861.0
1325150 870.1
1325160 880.1
1325170 880.1
1325180 884.6
1325190 891.4
1325200 891.4
1325210 893.1
1325220 897.5
1325230 897.5
1325240 902.8
1325250 908.1
1325260 908.1
1325270 915.0
1325280 917.4
1325290 917.4
1325300 917.8
1325310 920.2
1325320 920.2
1325330 923.5
1325340 925.9
1325350 925.9
1325360 928.6
1325370 933.1
1325380 933.1
1325390 937.7
1325400 940.4
1325410 942.6
1325420 942.6
1325430 945.1
1325440 949.3
1325450 949.3
1325460 956.4
1325470 964.3
1325480 964.3
1325490 968.6
1325500 972.0
1325510 972.0
1325520 975.3
1325530 980.5
1325540 980.5
1325550 984.5
1325560 987.6
1325570 987.6
1325580 990.0
1325590 991.8
1325600 991.8
1325610 994.0
1325620 996.0
1325630 996.0
1325640 997.3
1325650 998.6
1325660 998.6
1325670 999.3
1325680 999.9
1325690 1001.6
1325700 1001.6
1325710 1004.0
1325720 1005.6
1325730 1005.6
1325740 1007.4
1325750 1010.6
1325760 1010.6
1325770 1014.7
1325780 1018.4
1325790 1018.4
1325800 1021.7
1325810 1025.3
1325820 1025.3
1325830 1029.2
1325840 1032.3
1325850 1032.3
1325860 1034.6
1325870 1037.8
1325880 1037.8
1325890 1041.4
1325900 1043.4
1325910 1043.4
1325920 1045.6
1325930 1048.3
1325940 1050.9
1325950 1050.9
1325960 1053.9
1325970 1056.8
1325980 1056.8
1325990 1062.1
1326000 1064.9
1326010 1064.9
1326020 1067.6
1326030 1070.7
1326040 1070.7
1326050 1074.0
1326060 1076.8
1326070 1076.8
1326080 1079.6
1326090 1082.3
1326100 1082.3
1326110 1085.6
1326120 1089.2
1326130 1089.2
1326140 1093.6
1326150 1097.5
1326160 1097.5
1326170 1101.2
1326180 1105.6
1326190 1105.6
1326200 1110.4
1326210 1115.0
1326220 1119.8
1326230 1119.8
1326240 1124.3
1326250 1128.4
1326260 1128.4
1326270 1132.9
1326280 1137.7
1326290 1137.7
1326300 1142.0
1326310 1146.9
1326320 1146.9
1326330 1151.9
1326340 1155.9
1326350 1155.9
1326360 1158.0
1326370 1160.5
1326380 1160.5
1326390 1165.3
1326400 1170.9
1326410 1170.9
1326420 1175.9
1326430 1179.7
1326440 1179.7
1326450 1183.3
1326460 1187.3
1326470 1190.4
1326480 1190.4
1326490 1194.1
1326500 1197.9
1326510 1197.9
1326520 1201.2
1326530 1204.4
1326540 1204.4
1326550 1207.8
1326560 1211.2
1326570 1211.2
1326580 1214.9
1326590 1219.1
1326600 1219.1
1326610 1223.2
1326620 1227.4
1326630 1227.4
1326640 1231.4
1326650 1235.3
1326660 1235.3
1326670 1239.3
1326680 1243.0
1326690 1243.0
1326700 1246.3
1326710 1250.1
1326720 1250.1
1326730 1254.0
1326740 1258.2
1326750 1262.6
1326760 1262.6
1326770 1266.9
1326780 1270.8
1326790 1270.8
1326800 1280.6
1326810 1284.1
1326820 1284.1
1326830 1287.6
1326840 1291.0
1326850 1291.0
1326860 1294.2
1326870 1296.7
1326880 1296.7
1326890 1299.7
1326900 1303.0
1326910 1303.0
1326920 1306.2
1326930 1309.1
1326940 1309.1
1326950 1312.3
1326960 1315.2
1326970 1315.2
1326980 1318.2
1326990 1321.2
1327000 1321.2
1327010 1324.2
1327020 1327.2
1327030 1329.1
1327040 1329.1
1327050 1330.9
1327060 1333.1
1327070 1333.1
1327080 1335.6
1327090 1337.5
1327100 1337.5
1327110 1338.5
1327120 1339.0
1327130 1339.0
1327140 1340.2
1327150 1342.5
1327160 1342.5
1327170 1345.2
1327180 1347.7
1327190 1347.7
1327200 1349.9
1327210 1352.2
1327220 1352.2
1327230 1353.9
1327240 1355.5
1327250 1355.5
1327260 1357.6
1327270 1358.6
1327280 1356.3
1327290 1356.3
1327300 1353.1
1327310 1348.0
1327320 1348.0
1327330 1348.3
1327340 1354.9
1327350 1354.9
1327360 1360.9
1327370 1364.9
1327380 1364.9
1327390 1366.5
1327400 1367.9
1327410 1367.9
1327420 1369.3
1327430 1371.1
1327440 1371.1
1327450 1372.5
1327460 1373.4
1327470 1373.4
1327480 1374.1
1327490 1373.1
1327500 1373.1
1327510 1370.1
1327520 1369.5
1327530 1369.5
1327540 1370.5
1327550 1373.0
1327560 1378.0
1327570 1378.0
1327580 1384.6
1327590 1389.8
1327600 1389.8
1327610 1396.3
1327620 1402.1
1327630 1402.1
1327640 1407.8
1327650 1413.2
1327660 1413.2
1327670 1418.3
1327680 1423.6
1327690 1423.6
1327700 1429.0
1327710 1434.4
1327720 1434.4
1327730 1439.4
1327740 1443.7
1327750 1443.7
1327760 1444.7
1327770 1443.7
1327780 1443.7
1327790 1445.9
1327800 1450.6
1327810 1456.3
1327820 1456.3
1327830 1460.6
1327840 1465.5
1327850 1465.5
1327860 1471.6
1327870 1477.5
1327880 1477.5
1327890 1482.9
1327900 1487.7
1327910 1487.7
1327920 1493.4
1327930 1500.0
1327940 1500.0
1327950 1506.0
1327960 1511.3
1327970 1511.3
1327980 1515.9
1327990 1519.8
1328000 1519.8
1328010 1523.6
1328020 1527.5
1328030 1527.5
1328040 1532.0
1328050 1536.4
1328060 1536.4
1328070 1541.5
1328080 1546.2
1328090 1550.2
1328100 1550.2
1328110 1554.7
1328120 1559.4
1328130 1559.4
1328140 1564.2
1328150 1570.6
1328160 1570.6
1328170 1576.3
1328180 1580.6
1328190 1580.6
1328200 1584.6
1328210 1588.5
1328220 1588.5
1328230 1592.8
1328240 1597.6
1328250 1597.6
1328260 1602.5
1328270 1606.4
1328280 1606.4
1328290 1609.9
1328300 1613.5
1328310 1613.5
1328320 1617.0
1328330 1620.8
1328340 1620.8
1328350 1624.3
1328360 1627.1
1328370 1630.6
1328380 1630.6
1328390 1633.8
1328400 1636.5
1328410 1636.5
1328420 1642.4
1328430 1645.3
1328440 1645.3
1328450 1648.2
1328460 1650.4
1328470 1650.4
1328480 1651.8
1328490 1653.6
1328500 1653.6
1328510 1655.6
1328520 1658.2
1328530 1658.2
1328540 1660.5
1328550 1662.1
1328560 1662.1
1328570 1663.0
1328580 1663.2
1328590 1663.2
1328600 1662.9
1328610 1661.9
1328620 1660.7
1328630 1660.7
1328640 1658.6
1328650 1655.3
1328660 1655.3
1328670 1651.2
1328680 1647.6
1328690 1647.6
1328700 1644.4
1328710 1640.7
1328720 1640.7
1328730 1633.6
1328740 1634.5
1328750 1634.5
1328760 1639.7
1328770 1644.7
1328780 1644.7
1328790 1649.1
1328800 1654.0
1328810 1654.0
1328820 1658.2
1328830 1663.4
1328840 1663.4
1328850 1667.3
1328860 1671.1
1328870 1671.1
1328880 1674.4
1328890 1677.1
1328900 1679.9
1328910 1679.9
1328920 1682.3
1328930 1682.9
1328940 1682.9
1328950 1683.9
1328960 1687.3
1328970 1687.3
1328980 1690.7
1328990 1691.0
1329000 1691.0
1329010 1692.7
1329020 1699.4
1329030 1699.4
1329040 1707.4
1329050 1714.0
1329060 1714.0
1329070 1716.8
1329080 1720.2
1329090 1720.2
1329100 1725.7
1329110 1731.7
1329120 1731.7
1329130 1739.2
1329140 1746.8
1329150 1746.8
1329160 1752.9
1329170 1760.2
1329180 1766.0
1329190 1766.0
1329200 1772.0
1329210 1778.1
1329220 1778.1
1329230 1784.1
1329240 1792.0
1329250 1792.0
1329260 1797.6
1329270 1803.4
1329280 1803.4
1329290 1809.4
1329300 1815.4
1329310 1815.4
1329320 1821.1
1329330 1826.1
1329340 1826.1
1329350 1831.7
1329360 1837.8
1329370 1837.8
1329380 1844.0
1329390 1849.5
1329400 1849.5
1329410 1854.1
1329420 1858.2
1329430 1862.2
1329440 1862.2
1329450 1866.5
1329460 1870.9
1329470 1870.9
1329480 1875.4
1329490 1880.9
1329500 1880.9
1329510 1886.1
1329520 1891.8
1329530 1891.8
1329540 1898.0
1329550 1904.5
1329560 1904.5
1329570 1910.3
1329580 1915.3
1329590 1915.3
1329600 1919.2
1329610 1921.6
1329620 1921.6
1329630 1922.5
1329640 1923.1
1329650 1923.1
1329660 1923.1
1329670 1923.1
1329680 1923.1
1329690 1920.0
1329700 1914.7
1329710 1908.0
1329720 1908.0
1329730 1901.5
1329740 1898.6
1329750 1898.6
1329760 1898.1
1329770 1899.1
1329780 1899.1
1329790 1900.4
1329800 1901.1
1329810 1901.1
1329820 1902.7
1329830 1906.5
1329840 1906.5
1329850 1910.9
1329860 1914.6
1329870 1914.6
1329880 1917.8
1329890 1920.3
1329900 1920.3
1329910 1923.1
1329920 1926.4
1329930 1926.4
1329940 1929.7
1329950 1932.8
1329960 1936.1
1329970 1936.1
1329980 1939.6
1329990 1943.5
1330000 1943.5
1330010 1947.7
1330020 1951.7
1330030 1951.7
1330040 1955.5
1330050 1959.3
1330060 1962.4
1330070 1965.6
1330080 1968.5
1330090 1968.5
1330100 1971.9
1330110 1975.0
1330120 1975.0
1330130 1977.4
1330140 1979.8
1330150 1979.8
1330160 1982.6
1330170 1986.4
1330180 1986.4
1330190 1990.6
1330200 1993.8
1330210 1993.8
1330220 1998.1
1330230 2002.9
1330240 2009.3
1330250 2009.3
1330260 2015.4
1330270 2022.3
1330280 2022.3
1330290 2030.1
1330300 2038.3
1330310 2038.3
1330320 2047.2
1330330 2053.8
1330340 2053.8
1330350 2058.7
1330360 2065.0
1330370 2065.0
1330380 2068.2
1330390 2070.9
1330400 2070.9
1330410 2074.2
1330420 2077.3
1330430 2077.3
1330440 2079.3
1330450 2082.2
1330460 2082.2
1330470 2084.2
1330480 2085.8
1330490 2085.8
1330500 2087.0
1330510 2083.5
1330520 2079.1
1330530 2079.1
1330540 2074.1
1330550 2069.0
1330560 2069.0
1330570 2065.6
1330580 2062.7
1330590 2062.7
1330600 2059.5
1330610 2057.1
1330620 2057.1
1330630 2054.5
1330640 2052.0
1330650 2052.0
1330660 2049.8
1330670 2046.0
1330680 2046.0
1330690 2042.8
1330700 2039.4
1330710 2039.4
1330720 2035.7
1330730 2032.2
1330740 2032.2
1330750 2028.1
1330760 2024.6
1330770 2021.9
1330780 2021.9
1330790 2018.6
1330800 2014.7
1330810 2014.7
1330820 2011.7
1330830 2008.9
1330840 2008.9
1330850 2004.9
1330860 2000.7
1330870 2000.7
1330880 1997.7
1330890 1997.4
1330900 1997.4
1330910 1995.1
1330920 1992.2
1330930 1992.2
1330940 1988.1
1330950 1984.9
1330960 1984.9
1330970 1981.9
1330980 1979.1
1330990 1979.1
1331000 1976.2
1331010 1973.2
1331020 1973.2
1331030 1968.7
1331040 1964.5
1331050 1960.0
1331060 1960.0
1331070 1954.5
1331080 1948.9
1331090 1948.9
1331100 1941.1
1331110 1933.1
1331120 1933.1
1331130 1926.3
1331140 1919.6
1331150 1919.6
1331160 1913.0
1331170 1906.2
1331180 1906.2
1331190 1899.6
1331200 1893.2
1331210 1893.2
1331220 1888.0
1331230 1882.8
1331240 1882.8
1331250 1878.1
1331260 1874.3
1331270 1874.3
1331280 1869.0
1331290 1863.4
1331300 1863.4
1331310 1858.2
1331320 1853.0
1331330 1847.5
1331340 1847.5
1331350 1841.2
1331360 1835.4
1331370 1835.4
1331380 1829.8
1331390 1824.0
1331400 1824.0
1331410 1818.1
1331420 1813.3
1331430 1813.3
1331440 1807.7
1331450 1801.2
1331460 1801.2
1331470 1795.0
1331480 1788.0
1331490 1788.0
1331500 1781.2
1331510 1775.0
1331520 1775.0
1331530 1768.8
1331540 1761.8
1331550 1761.8
1331560 1754.2
1331570 1746.7
1331580 1738.9
1331590 1738.9
1331600 1730.9
1331610 1723.0
1331620 1723.0
1331630 1715.3
1331640 1708.4
1331650 1708.4
1331660 1702.2
1331670 1695.9
1331680 1695.9
1331690 1690.3
1331700 1685.7
1331710 1685.7
1331720 1683.9
1331730 1679.1
1331740 1679.1
1331750 1675.2
1331760 1672.1
1331770 1672.1
1331780 1669.3
1331790 1666.2
1331800 1666.2
1331810 1663.1
1331820 1660.0
1331830 1660.0
1331840 1656.7
1331850 1653.4
1331860 1650.7
1331870 1650.7
1331880 1648.0
1331890 1645.1
1331900 1645.1
1331910 1642.4
1331920 1639.1
1331930 1639.1
1331940 1634.3
1331950 1629.4
1331960 1629.4
1331970 1627.4
1331980 1630.6
1331990 1630.6
1332000 1636.1
1332010 1638.3
1332020 1638.3
1332030 1637.7
1332040 1638.2
1332050 1638.2
1332060 1639.0
1332070 1640.3
1332080 1640.3
1332090 1642.6
1332100 1644.9
1332110 1648.1
1332120 1648.1
1332130 1651.3
1332140 1654.1
1332150 1654.1
1332160 1653.1
1332170 1651.8
1332180 1651.8
1332190 1650.9
1332200 1648.9
1332210 1648.9
1332220 1647.7
1332230 1645.2
1332240 1645.2
1332250 1641.2
1332260 1639.5
1332270 1639.5
1332280 1640.8
1332290 1644.6
1332300 1644.6
1332310 1650.4
1332320 1656.1
1332330 1656.1
1332340 1662.4
1332350 1668.5
1332360 1668.5
1332370 1675.3
1332380 1682.3
1332390 1688.5
1332400 1688.5
1332410 1693.0
1332420 1696.9
1332430 1696.9
1332440 1701.3
1332450 1705.5
1332460 1705.5
1332470 1708.3
1332480 1712.4
1332490 1712.4
1332500 1716.8
1332510 1720.6
1332520 1720.6
1332530 1724.0
1332540 1727.4
1332550 1725.2
1332560 1728.7
1332570 1732.1
1332580 1732.1
1332590 1735.3
1332600 1738.8
1332610 1738.8
1332620 1742.7
1332630 1746.5
1332640 1746.5
1332650 1751.0
1332660 1754.8
1332670 1759.2
1332680 1759.2
1332690 1763.4
1332700 1767.6
1332710 1767.6
1332720 1771.6
1332730 1775.5
1332740 1775.5
1332750 1779.6
1332760 1783.6
1332770 1783.6
1332780 1787.8
1332790 1792.5
1332800 1792.5
1332810 1797.6
1332820 1802.6
1332830 1802.6
1332840 1807.4
1332850 1812.6
1332860 1812.6
1332870 1818.2
1332880 1822.3
1332890 1822.3
1332900 1827.1
1332910 1832.2
1332920 1837.5
1332930 1837.5
1332940 1843.2
1332950 1850.1
1332960 1850.1
1332970 1856.8
1332980 1863.0
1332990 1863.0
1333000 1869.5
1333010 1878.0
1333020 1878.0
1333030 1887.2
1333040 1896.1
1333050 1896.1
1333060 1904.4
1333070 1911.6
1333080 1911.6
1333090 1919.4
1333100 1926.3
1333110 1926.3
1333120 1934.3
1333130 1944.0
1333140 1944.0
1333150 1958.8
1333160 1966.8
1333170 1966.8
1333180 1971.5
1333190 1976.2
1333200 1980.8
1333210 1980.8
1333220 1985.4
1333230 1989.8
1333240 1989.8
1333250 1993.9
1333260 1998.2
1333270 1998.2
1333280 2003.2
1333290 2008.8
1333300 2008.8
1333310 2014.1
1333320 2019.3
1333330 2019.3
1333340 2024.3
1333350 2029.2
1333360 2029.2
1333370 2034.4
1333380 2039.6
1333390 2037.9
1333400 2043.3
1333410 2049.3
1333420 2049.3
1333430 2054.7
1333440 2060.0
1333450 2065.2
1333460 2065.2
1333470 2070.7
1333480 2076.0
1333490 2076.0
1333500 2081.4
1333510 2087.4
1333520 2087.4
1333530 2093.4
1333540 2100.6
1333550 2100.6
1333560 2109.3
1333570 2116.5
1333580 2116.5
1333590 2122.7
1333600 2129.7
1333610 2129.7
1333620 2134.7
1333630 2139.1
1333640 2139.1
1333650 2144.5
1333660 2144.7
1333670 2144.7
1333680 2144.4
1333690 2146.6
1333700 2146.6
1333710 2148.1
1333720 2149.4
1333730 2151.8
1333740 2151.8
1333750 2154.0
1333760 2156.2
1333770 2156.2
1333780 2158.2
1333790 2159.2
1333800 2159.2
1333810 2157.2
1333820 2155.0
1333830 2155.0
1333840 2152.6
1333850 2149.7
1333860 2149.7
1333870 2147.0
1333880 2142.7
1333890 2142.7
1333900 2139.9
1333910 2137.1
1333920 2137.1
1333930 2133.9
1333940 2131.4
1333950 2131.4
1333960 2129.9
1333970 2129.2
1333980 2129.2
1333990 2129.0
1334000 2130.3
1334010 2133.6
1334020 2133.6
1334030 2137.4
1334040 2141.0
1334050 2141.0
1334060 2143.0
1334070 2145.8
1334080 2145.8
1334090 2149.0
1334100 2152.2
1334110 2152.2
1334120 2156.2
1334130 2161.1
1334140 2161.1
1334150 2164.9
1334160 2167.7
1334170 2167.7
1334180 2171.3
1334190 2179.2
1334200 2179.2
1334210 2184.0
1334220 2183.0
1334230 2183.0
1334240 2184.5
1334250 2181.8
1334260 2179.7
1334270 2179.7
1334280 2178.8
1334290 2175.8
1334300 2175.8
1334310 2172.4
1334320 2172.5
1334330 2172.5
1334340 2173.7
1334350 2175.0
1334360 2175.0
1334370 2175.8
1334380 2177.1
1334390 2177.1
1334400 2179.5
1334410 2181.4
1334420 2181.4
1334430 2182.6
1334440 2183.7
1334450 2183.7
1334460 2184.8
1334470 2186.1
1334480 2186.1
1334490 2187.4
1334500 2188.5
1334510 2188.5
1334520 2189.0
1334530 2188.7
1334540 2187.7
1334550 2187.7
1334560 2184.8
1334570 2182.8
1334580 2182.8
1334590 2180.9
1334600 2180.5
1334610 2180.5
1334620 2181.1
1334630 2180.8
1334640 2180.8
1334650 2176.8
1334660 2171.8
1334670 2171.8
1334680 2168.1
1334690 2167.4
1334700 2167.4
1334710 2166.6
1334720 2161.2
1334730 2161.2
1334740 2153.0
1334750 2147.2
1334760 2147.2
1334770 2142.9
1334780 2140.0
1334790 2138.1
1334800 2138.1
1334810 2135.8
1334820 2132.7
1334830 2132.7
1334840 2130.9
1334850 2129.0
1334860 2129.0
1334870 2128.4
1334880 2130.0
1334890 2130.0
1334900 2131.6
1334910 2132.8
1334920 2132.8
1334930 2133.0
1334940 2132.4
1334950 2132.4
1334960 2133.0
1334970 2134.1
1334980 2134.1
1334990 2134.1
1335000 2132.6
1335010 2132.6
1335020 2130.8
1335030 2127.6
1335040 2127.6
1335050 2124.7
1335060 2122.8
1335070 2122.7
1335080 2122.7
1335090 2124.7
1335100 2125.2
1335110 2125.2
1335120 2125.7
1335130 2125.1
1335140 2125.1
1335150 2123.8
1335160 2121.5
1335170 2121.5
1335180 2119.0
1335190 2116.1
1335200 2116.1
1335210 2113.1
1335220 2110.5
1335230 2110.5
1335240 2107.4
1335250 2103.2
1335260 2103.2
1335270 2098.6
1335280 2095.8
1335290 2095.8
1335300 2094.0
1335310 2092.6
1335320 2092.6
1335330 2088.4
1335340 2082.5
1335350 2075.2
1335360 2075.2
1335370 2065.9
1335380 2058.5
1335390 2058.5
1335400 2051.7
1335410 2045.0
1335420 2045.0
1335430 2041.1
1335440 2038.6
1335450 2038.6
1335460 2035.0
1335470 2029.2
1335480 2029.2
1335490 2023.1
1335500 2017.3
1335510 2017.3
1335520 2011.4
1335530 2005.2
1335540 2005.2
1335550 2000.5
1335560 1999.0
1335570 1999.0
1335580 1998.5
1335590 1993.0
1335600 1983.4
1335610 1983.4
1335620 1975.7
1335630 1968.4
1335640 1968.4
1335650 1962.0
1335660 1957.5
1335670 1957.5
1335680 1953.6
1335690 1952.1
1335700 1952.1
1335710 1951.4
1335720 1950.6
1335730 1950.6
1335740 1949.8
1335750 1947.5
1335760 1947.5
1335770 1943.7
1335780 1938.8
1335790 1938.8
1335800 1933.0
1335810 1925.9
1335820 1925.9
1335830 1919.8
1335840 1914.4
1335850 1914.4
1335860 1911.1
1335870 1907.5
1335880 1903.3
1335890 1903.3
1335900 1896.8
1335910 1890.9
1335920 1890.9
1335930 1886.3
1335940 1883.6
1335950 1883.6
1335960 1878.9
1335970 1873.2
1335980 1873.2
1335990 1868.5
1336000 1864.6
1336010 1864.6
1336020 1861.2
1336030 1858.0
1336040 1858.0
1336050 1855.1
1336060 1850.5
1336070 1850.5
1336080 1846.0
1336090 1842.7
1336100 1842.7
1336110 1839.8
1336120 1838.1
1336130 1835.5
1336140 1835.5
1336150 1830.7
1336160 1827.6
1336170 1827.6
1336180 1824.4
1336190 1822.2
1336200 1822.2
1336210 1820.5
1336220 1816.9
1336230 1816.9
1336240 1817.1
1336250 1821.2
1336260 1821.2
1336270 1824.1
1336280 1823.8
1336290 1823.8
1336300 1821.7
1336310 1818.7
1336320 1818.7
1336330 1812.7
1336340 1806.2
1336350 1806.2
1336360 1807.3
1336370 1813.5
1336380 1813.5
1336390 1814.2
1336400 1815.0
1336410 1818.7
1336420 1818.7
1336430 1821.1
1336440 1823.2
1336450 1823.2
1336460 1824.9
1336470 1825.8
1336480 1825.8
1336490 1827.6
1336500 1829.5
1336510 1829.5
1336520 1831.8
1336530 1835.0
1336540 1835.0
1336550 1837.5
1336560 1840.0
1336570 1840.0
1336580 1842.4
1336590 1844.5
1336600 1844.5
1336610 1846.7
1336620 1848.5
1336630 1848.5
1336640 1848.7
1336650 1848.2
1336660 1848.2
1336670 1848.3
1336680 1848.0
1336690 1846.8
1336700 1846.8
1336710 1845.6
1336720 1844.4
1336730 1844.4
1336740 1844.0
1336750 1844.3
1336760 1844.3
1336770 1847.6
1336780 1854.6
1336790 1854.6
1336800 1864.6
1336810 1870.8
1336820 1870.8
1336830 1877.1
1336840 1882.6
1336850 1882.6
1336860 1888.8
1336870 1897.8
1336880 1897.8
1336890 1907.9
1336900 1915.6
1336910 1915.6
1336920 1918.2
1336930 1918.8
1336940 1919.0
1336950 1919.0
1336960 1923.1
1336970 1927.5
1336980 1927.5
1336990 1931.5
1337000 1936.4
1337010 1936.4
1337020 1941.6
1337030 1945.9
1337040 1945.9
1337050 1949.4
1337060 1953.1
1337070 1953.1
1337080 1957.4
1337090 1962.0
1337100 1962.0
1337110 1967.4
1337120 1973.7
1337130 1973.7
1337140 1980.1
1337150 1986.5
1337160 1986.5
1337170 1993.0
1337180 1998.8
1337190 1998.8
1337200 2003.9
1337210 2008.5
1337220 2013.5
1337230 2013.5
1337240 2018.4
1337250 2023.1
1337260 2023.1
1337270 2027.1
1337280 2031.4
1337290 2031.4
1337300 2035.6
1337310 2039.8
1337320 2039.8
1337330 2044.2
1337340 2048.2
1337350 2048.2
1337360 2051.9
1337370 2054.9
1337380 2054.9
1337390 2057.7
1337400 2062.3
1337410 2062.3
1337420 2067.3
1337430 2072.4
1337440 2072.4
1337450 2077.4
1337460 2081.7
1337470 2086.5
1337480 2086.5
1337490 2092.8
1337500 2102.6
1337510 2102.6
1337520 2113.5
1337530 2121.1
1337540 2121.1
1337550 2128.7
1337560 2137.5
1337570 2137.5
1337580 2144.7
1337590 2153.3
1337600 2153.3
1337610 2161.2
1337620 2168.5
1337630 2168.5
1337640 2172.9
1337650 2177.2
1337660 2177.2
1337670 2183.7
1337680 2187.1
1337690 2187.1
1337700 2190.7
1337710 2194.5
1337720 2194.5
1337730 2199.4
1337740 2203.4
1337750 2204.9
1337760 2204.9
1337770 2204.6
1337780 2202.8
1337790 2202.8
1337800 2200.8
1337810 2199.8
1337820 2199.8
1337830 2197.6
1337840 2196.6
1337850 2196.6
1337860 2196.2
1337870 2198.4
1337880 2198.4
1337890 2199.8
1337900 2199.0
1337910 2199.0
1337920 2200.5
1337930 2200.9
1337940 2200.9
1337950 2198.0
1337960 2194.9
1337970 2194.9
1337980 2191.2
1337990 2187.7
1338000 2187.7
1338010 2184.8
1338020 2181.8
1338030 2179.8
1338040 2179.8
1338050 2179.7
1338060 2180.0
1338070 2180.0
1338080 2175.3
1338090 2170.6
1338100 2170.6
1338110 2168.0
1338120 2166.4
1338130 2166.4
1338140 2162.3
1338150 2156.7
1338160 2156.7
1338170 2148.2
1338180 2141.6
1338190 2141.6
1338200 2140.9
1338210 2141.1
1338220 2141.1
1338230 2138.6
1338240 2137.9
1338250 2137.9
1338260 2132.2
1338270 2126.2
1338280 2121.1
1338290 2121.1
1338300 2112.6
1338310 2104.0
1338320 2104.0
1338330 2097.8
1338340 2093.0
1338350 2093.0
1338360 2089.0
1338370 2084.7
1338380 2084.7
1338390 2078.6
1338400 2072.7
1338410 2072.7
1338420 2066.2
1338430 2059.8
1338440 2059.8
1338450 2054.3
1338460 2049.9
1338470 2049.9
1338480 2047.3
1338490 2047.6
1338500 2047.6
1338510 2048.5
1338520 2046.1
1338530 2046.1
1338540 2042.6
1338550 2036.9
1338560 2029.8
1338570 2029.8
1338580 2023.2
1338590 2014.8
1338600 2014.8
1338610 2007.0
1338620 1999.8
1338630 1999.8
1338640 1993.6
1338650 1989.1
1338660 1989.1
1338670 1983.2
1338680 1977.2
1338690 1977.2
1338700 1974.4
1338710 1974.9
1338720 1974.9
1338730 1976.7
1338740 1976.9
1338750 1976.9
1338760 1974.6
1338770 1971.8
1338780 1971.8
1338790 1969.5
1338800 1967.9
1338810 1959.8
1338820 1959.8
1338830 1951.6
1338840 1945.1
1338850 1945.1
1338860 1939.8
1338870 1934.1
1338880 1934.1
1338890 1928.6
1338900 1927.1
1338910 1927.1
1338920 1927.3
1338930 1923.6
1338940 1923.6
1338950 1919.7
1338960 1915.9
1338970 1915.9
1338980 1912.5
1338990 1908.2
1339000 1908.2
1339010 1904.8
1339020 1902.4
1339030 1902.4
1339040 1900.9
1339050 1898.3
1339060 1898.3
1339070 1891.5
1339080 1883.8
1339090 1875.0
1339100 1875.0
1339110 1867.2
1339120 1859.8
1339130 1859.8
1339140 1853.3
1339150 1846.4
1339160 1846.4
1339170 1841.1
1339180 1837.1
1339190 1837.1
1339200 1832.2
1339210 1824.3
1339220 1824.3
1339230 1816.1
1339240 1807.7
1339250 1807.7
1339260 1795.0
1339270 1782.1
1339280 1782.1
1339290 1773.6
1339300 1765.9
1339310 1765.9
1339320 1758.4
1339330 1751.6
1339340 1751.6
1339350 1744.6
1339360 1736.2
1339370 1728.0
1339380 1728.0
1339390 1719.2
1339400 1709.5
1339410 1711.2
1339420 1701.3
1339430 1692.0
1339440 1692.0
1339450 1682.7
1339460 1673.8
1339470 1673.8
1339480 1664.0
1339490 1653.4
1339500 1653.4
1339510 1644.3
1339520 1635.7
1339530 1635.7
1339540 1627.8
1339550 1620.9
1339560 1620.9
1339570 1613.9
1339580 1606.6
1339590 1606.6
1339600 1600.1
1339610 1593.5
1339620 1585.6
1339630 1585.6
1339640 1575.9
1339650 1566.6
1339660 1566.6
1339670 1559.3
1339680 1552.8
1339690 1552.8
1339700 1546.7
1339710 1538.3
1339720 1538.3
1339730 1530.2
1339740 1524.2
1339750 1524.2
1339760 1518.0
1339770 1511.4
1339780 1511.4
1339790 1505.3
1339800 1498.6
1339810 1498.6
1339820 1493.4
1339830 1488.7
1339840 1488.7
1339850 1483.1
1339860 1479.0
1339870 1479.0
1339880 1475.8
1339890 1472.4
1339900 1468.5
1339910 1468.5
1339920 1464.8
1339930 1461.3
1339940 1461.3
1339950 1458.2
1339960 1455.2
1339970 1455.2
1339980 1451.9
1339990 1449.0
