1320000 748.8
1320010 748.8
1320020 747.0
1320030 744.1
1320040 744.1
1320050 742.0
1320060 740.2
1320070 740.2
1320080 738.3
1320090 734.9
1320100 734.9
1320110 732.6
1320120 728.6
1320130 728.6
1320140 724.6
1320150 719.5
1320160 719.5
1320170 716.7
1320180 713.0
1320190 713.0
1320200 707.1
1320210 701.0
1320220 701.0
1320230 694.9
1320240 690.9
1320250 690.1
1320260 690.1
1320270 689.3
1320280 687.7
1320290 687.7
1320300 686.2
1320310 684.8
1320320 684.8
1320330 683.7
1320340 683.5
1320350 683.5
1320360 686.6
1320370 687.6
1320380 687.6
1320390 684.7
1320400 681.1
1320410 681.1
1320420 678.0
1320430 674.5
1320440 674.5
1320450 670.0
1320460 664.8
1320470 664.8
1320480 659.3
1320490 654.0
1320500 648.9
1320510 648.9
1320520 642.2
1320530 637.3
1320540 637.3
1320550 639.8
1320560 639.9
1320570 639.9
1320580 638.3
1320590 635.4
1320600 635.4
1320610 632.6
1320620 630.2
1320630 630.2
1320640 627.7
1320650 625.0
1320660 625.0
1320670 622.3
1320680 619.8
1320690 619.8
1320700 614.3
1320710 610.8
1320720 610.8
1320730 608.4
1320740 606.2
1320750 606.2
1320760 604.1
1320770 602.8
1320780 602.3
1320790 602.3
1320800 601.8
1320810 601.1
1320820 601.1
1320830 600.2
1320840 599.4
1320850 599.4
1320860 598.3
1320870 597.3
1320880 597.2
1320890 596.3
1320900 595.5
1320910 595.5
1320920 594.3
1320930 592.8
1320940 592.8
1320950 591.4
1320960 590.3
1320970 590.3
1320980 589.2
1320990 588.2
1321000 588.2
1321010 587.4
1321020 586.8
1321030 586.3
1321040 586.3
1321050 585.8
1321060 585.2
1321070 585.2
1321080 584.6
1321090 583.9
1321100 583.9
1321110 583.1
1321120 582.3
1321130 582.3
1321140 581.7
1321150 581.1
1321160 581.1
1321170 580.3
1321180 579.5
1321190 579.5
1321200 578.6
1321210 577.9
1321220 577.9
1321230 577.2
1321240 576.6
1321250 576.6
1321260 576.1
1321270 574.8
1321280 574.8
1321290 574.2
1321300 573.5
1321310 572.6
1321320 572.6
1321330 571.9
1321340 571.1
1321350 571.1
1321360 570.3
1321370 569.7
1321380 569.7
1321390 569.1
1321400 568.7
1321410 568.7
1321420 568.5
1321430 568.2
1321440 568.2
1321450 567.4
1321460 566.5
1321470 566.5
1321480 565.9
1321490 565.4
1321500 565.4
1321510 564.8
1321520 564.4
1321530 564.4
1321540 564.0
1321550 563.4
1321560 562.8
1321570 562.8
1321580 562.1
1321590 561.5
1321600 561.5
1321610 561.0
1321620 560.4
1321630 560.4
1321640 559.9
1321650 559.4
1321660 559.2
1321670 558.7
1321680 558.0
1321690 558.0
1321700 557.4
1321710 556.7
1321720 556.7
1321730 556.2
1321740 555.5
1321750 555.5
1321760 554.7
1321770 554.3
1321780 554.3
1321790 554.5
1321800 554.7
1321810 554.7
1321820 554.0
1321830 553.4
1321840 553.2
1321850 553.2
1321860 553.6
1321870 553.7
1321880 553.7
1321890 553.3
1321900 552.7
1321910 552.7
1321920 553.0
1321930 552.1
1321940 552.1
1321950 550.7
1321960 549.9
1321970 549.9
1321980 547.7
1321990 547.4
1322000 547.4
1322010 547.6
1322020 549.2
1322030 549.2
1322040 551.2
1322050 551.8
1322060 551.8
1322070 551.5
1322080 552.8
1322090 552.8
1322100 551.8
1322110 551.8
1322120 551.9
1322130 551.9
1322140 551.9
1322150 552.1
1322160 552.1
1322170 552.4
1322180 552.8
1322190 552.8
1322200 553.3
1322210 553.7
1322220 553.7
1322230 554.2
1322240 554.7
1322250 554.7
1322260 555.1
1322270 555.4
1322280 555.4
1322290 555.6
1322300 555.9
1322310 555.9
1322320 556.2
1322330 556.5
1322340 556.5
1322350 556.8
1322360 557.2
1322370 557.7
1322380 557.7
1322390 558.1
1322400 558.4
1322410 558.4
1322420 558.7
1322430 559.1
1322440 559.1
1322450 559.3
1322460 559.7
1322470 559.7
1322480 560.1
1322490 560.4
1322500 560.4
1322510 561.0
1322520 561.6
1322530 561.6
1322540 562.0
1322550 562.4
1322560 562.4
1322570 562.9
1322580 563.5
1322590 563.5
1322600 564.0
1322610 564.2
1322620 564.2
1322630 564.5
1322640 564.8
1322650 565.2
1322660 565.2
1322670 565.5
1322680 565.8
1322690 565.8
1322700 566.2
1322710 566.6
1322720 566.6
1322730 567.1
1322740 567.4
1322750 567.4
1322760 567.6
1322770 567.8
1322780 567.8
1322790 568.1
1322800 568.4
1322810 568.4
1322820 568.6
1322830 569.1
1322840 569.1
1322850 569.7
1322860 570.0
1322870 570.0
1322880 570.9
1322890 571.6
1322900 571.4
1322910 571.4
1322920 571.5
1322930 571.7
1322940 571.7
1322950 572.0
1322960 572.2
1322970 572.2
1322980 572.4
1322990 572.5
1323000 572.5
1323010 572.6
1323020 572.6
1323030 572.6
1323040 572.4
1323050 572.8
1323060 572.8
1323070 573.5
1323080 573.7
1323090 573.7
1323100 574.5
1323110 574.4
1323120 574.4
1323130 573.7
1323140 573.7
1323150 573.7
1323160 573.9
1323170 574.1
1323180 573.9
1323190 573.9
1323200 573.9
1323210 574.0
1323220 574.0
1323230 573.7
1323240 574.1
1323250 574.1
1323260 574.8
1323270 575.7
1323280 575.7
1323290 576.8
1323300 578.3
1323310 578.3
1323320 580.7
1323330 584.7
1323340 584.7
1323350 589.7
1323360 594.9
1323370 594.9
1323380 600.4
1323390 606.0
1323400 606.0
1323410 610.4
1323420 612.5
1323430 612.5
1323440 616.5
1323450 621.1
1323460 625.4
1323470 625.4
1323480 629.5
1323490 633.4
1323500 633.4
1323510 639.4
1323520 644.5
1323530 644.5
1323540 649.7
1323550 654.5
1323560 654.5
1323570 659.3
1323580 665.1
1323590 665.1
1323600 671.7
1323610 678.3
1323620 678.3
1323630 685.0
1323640 691.6
1323650 691.6
1323660 696.7
1323670 698.9
1323680 698.9
1323690 700.8
1323700 703.8
1323710 708.1
1323720 708.1
1323730 712.9
1323740 717.6
1323750 717.6
1323760 724.4
1323770 730.4
1323780 730.4
1323790 736.0
1323800 742.6
1323810 742.6
1323820 746.2
1323830 749.8
1323840 749.8
1323850 753.1
1323860 757.8
1323870 757.8
1323880 763.6
1323890 767.3
1323900 767.3
1323910 769.8
1323920 771.1
1323930 771.1
1323940 772.1
1323950 772.9
1323960 772.9
1323970 773.5
1323980 774.3
1323990 775.2
1324000 775.2
1324010 775.9
1324020 776.6
1324030 775.9
1324040 776.6
1324050 777.3
1324060 777.3
1324070 778.2
1324080 778.9
1324090 778.9
1324100 779.8
1324110 780.8
1324120 780.8
1324130 780.6
1324140 777.8
1324150 777.8
1324160 776.1
1324170 775.2
1324180 775.2
1324190 774.7
1324200 774.8
1324210 774.8
1324220 776.0
1324230 778.5
1324240 782.8
1324250 782.8
1324260 787.4
1324270 790.1
1324280 790.1
1324290 792.9
1324300 796.2
1324310 796.2
1324320 799.4
1324330 802.2
1324340 802.2
1324350 805.2
1324360 808.2
1324370 808.2
1324380 811.0
1324390 813.9
1324400 813.9
1324410 816.8
1324420 820.0
1324430 820.0
1324440 822.1
1324450 824.2
1324460 824.2
1324470 826.7
1324480 830.0
1324490 830.0
1324500 834.3
1324510 837.3
1324520 839.1
1324530 839.1
1324540 840.9
1324550 842.4
1324560 842.4
1324570 843.5
1324580 844.8
1324590 844.8
1324600 845.7
1324610 845.7
1324620 845.7
1324630 846.6
1324640 847.3
1324650 847.3
1324660 848.1
1324670 849.1
1324680 849.1
1324690 850.2
1324700 851.2
1324710 851.2
1324720 852.4
1324730 854.0
1324740 854.0
1324750 856.1
1324760 858.6
1324770 858.6
1324780 862.5
1324790 866.1
1324800 867.9
1324810 867.9
1324820 869.4
1324830 871.3
1324840 871.3
1324850 874.0
1324860 876.9
1324870 876.9
1324880 880.1
1324890 883.4
1324900 883.4
1324910 886.6
1324920 889.7
1324930 889.7
1324940 893.0
1324950 896.6
1324960 896.6
1324970 899.3
1324980 902.2
1324990 902.2
1325000 905.3
1325010 908.6
1325020 908.6
1325030 912.4
1325040 916.4
1325050 921.3
1325060 921.3
1325070 923.7
1325080 927.8
1325090 927.8
1325100 932.4
1325110 936.1
1325120 936.1
1325130 940.5
1325140 944.9
1325150 944.9
1325160 949.6
1325170 954.4
1325180 954.4
1325190 959.6
1325200 963.5
1325210 963.5
1325220 967.7
1325230 972.6
1325240 972.6
1325250 977.5
1325260 982.6
1325270 982.6
1325280 988.3
1325290 995.4
1325300 995.4
1325310 1000.2
1325320 1005.0
1325330 1010.0
1325340 1010.0
1325350 1013.6
1325360 1016.8
1325370 1016.8
1325380 1019.4
1325390 1022.8
1325400 1022.8
1325410 1026.3
1325420 1029.1
1325430 1029.1
1325440 1032.2
1325450 1035.4
1325460 1035.4
1325470 1037.7
1325480 1039.9
1325490 1039.9
1325500 1042.2
1325510 1044.3
1325520 1044.3
1325530 1046.5
1325540 1048.8
1325550 1048.8
1325560 1050.5
1325570 1052.1
1325580 1054.3
1325590 1054.3
1325600 1056.5
1325610 1058.0
1325620 1058.2
1325630 1059.0
1325640 1059.4
1325650 1059.4
1325660 1061.0
1325670 1064.2
1325680 1064.2
1325690 1068.8
1325700 1073.6
1325710 1073.6
1325720 1077.6
1325730 1080.6
1325740 1080.6
1325750 1083.3
1325760 1086.9
1325770 1086.9
1325780 1091.6
1325790 1096.6
1325800 1096.6
1325810 1102.5
1325820 1107.5
1325830 1107.5
1325840 1111.6
1325850 1115.2
1325860 1118.6
1325870 1118.6
1325880 1124.5
1325890 1131.3
1325900 1131.3
1325910 1136.6
1325920 1141.2
1325930 1141.2
1325940 1146.8
1325950 1150.4
1325960 1150.4
1325970 1152.9
1325980 1156.4
1325990 1156.4
1326000 1160.3
1326010 1164.7
1326020 1164.7
1326030 1170.6
1326040 1177.2
1326050 1177.2
1326060 1183.9
1326070 1189.8
1326080 1189.8
1326090 1194.5
1326100 1199.2
1326110 1199.2
1326120 1204.1
1326130 1208.5
1326140 1213.5
1326150 1213.5
1326160 1218.6
1326170 1223.7
1326180 1223.7
1326190 1228.6
1326200 1233.0
1326210 1233.0
1326220 1237.0
1326230 1241.4
1326240 1241.4
1326250 1246.2
1326260 1250.8
1326270 1250.8
1326280 1255.5
1326290 1260.0
1326300 1260.0
1326310 1264.9
1326320 1268.9
1326330 1268.9
1326340 1272.7
1326350 1276.6
1326360 1276.6
1326370 1280.6
1326380 1284.5
1326390 1288.5
1326400 1288.5
1326410 1292.1
1326420 1295.7
1326430 1295.7
1326440 1299.2
1326450 1302.6
1326460 1302.6
1326470 1306.0
1326480 1309.3
1326490 1309.3
1326500 1313.2
1326510 1318.3
1326520 1318.3
1326530 1323.8
1326540 1327.4
1326550 1327.4
1326560 1331.1
1326570 1335.5
1326580 1335.5
1326590 1339.8
1326600 1344.5
1326610 1344.5
1326620 1349.9
1326630 1354.5
1326640 1354.5
1326650 1358.6
1326660 1361.7
1326670 1361.3
1326680 1361.3
1326690 1360.5
1326700 1360.2
1326710 1360.2
1326720 1360.3
1326730 1361.4
1326740 1361.4
1326750 1362.5
1326760 1365.0
1326770 1365.0
1326780 1368.9
1326790 1373.2
1326800 1373.2
1326810 1376.6
1326820 1379.0
1326830 1379.0
1326840 1380.7
1326850 1383.0
1326860 1383.0
1326870 1386.6
1326880 1389.1
1326890 1389.1
1326900 1390.3
1326910 1392.4
1326920 1396.6
1326930 1396.6
1326940 1400.9
1326950 1403.6
1326960 1403.6
1326970 1407.2
1326980 1412.3
1326990 1412.3
1327000 1416.2
1327010 1420.3
1327020 1420.3
1327030 1425.6
1327040 1431.9
1327050 1431.9
1327060 1437.0
1327070 1439.7
1327080 1439.7
1327090 1441.9
1327100 1444.0
1327110 1444.0
1327120 1445.9
1327130 1447.7
1327140 1447.7
1327150 1450.7
1327160 1453.3
1327170 1453.3
1327180 1456.3
1327190 1459.9
1327200 1463.8
1327210 1463.8
1327220 1468.1
1327230 1469.7
1327240 1469.7
1327250 1470.8
1327260 1471.0
1327270 1471.0
1327280 1473.5
1327290 1477.6
1327300 1477.6
1327310 1479.5
1327320 1480.6
1327330 1480.6
1327340 1482.1
1327350 1484.7
1327360 1484.7
1327370 1487.4
1327380 1489.8
1327390 1489.8
1327400 1492.6
1327410 1496.8
1327420 1496.8
1327430 1500.2
1327440 1503.4
1327450 1503.4
1327460 1507.3
1327470 1510.7
1327480 1514.1
1327490 1514.1
1327500 1516.0
1327510 1517.3
1327520 1517.3
1327530 1519.0
1327540 1521.9
1327550 1521.9
1327560 1524.8
1327570 1527.1
1327580 1527.1
1327590 1529.9
1327600 1532.6
1327610 1532.6
1327620 1535.6
1327630 1538.2
1327640 1538.2
1327650 1540.6
1327660 1543.3
1327670 1543.3
1327680 1546.8
1327690 1550.1
1327700 1550.1
1327710 1551.7
1327720 1553.2
1327730 1554.6
1327740 1554.6
1327750 1556.2
1327760 1557.4
1327770 1557.4
1327780 1559.1
1327790 1561.5
1327800 1561.5
1327810 1563.0
1327820 1563.8
1327830 1563.8
1327840 1563.4
1327850 1562.7
1327860 1562.7
1327870 1563.4
1327880 1566.7
1327890 1566.7
1327900 1571.0
1327910 1575.1
1327920 1575.1
1327930 1578.3
1327940 1582.0
1327950 1582.0
1327960 1585.9
1327970 1590.6
1327980 1590.6
1327990 1595.1
1328000 1598.6
1328010 1602.5
1328020 1602.5
1328030 1606.6
1328040 1614.6
1328050 1614.6
1328060 1618.1
1328070 1621.5
1328080 1621.5
1328090 1624.9
1328100 1628.3
1328110 1628.3
1328120 1631.8
1328130 1635.3
1328140 1635.3
1328150 1639.3
1328160 1643.8
1328170 1643.8
1328180 1648.8
1328190 1653.7
1328200 1653.7
1328210 1658.7
1328220 1663.6
1328230 1663.6
1328240 1669.1
1328250 1675.2
1328260 1680.9
1328270 1680.9
1328280 1686.7
1328290 1693.0
1328300 1693.0
1328310 1698.7
1328320 1704.4
1328330 1704.4
1328340 1709.7
1328350 1715.1
1328360 1715.1
1328370 1720.6
1328380 1726.2
1328390 1726.2
1328400 1731.6
1328410 1736.5
1328420 1736.5
1328430 1741.1
1328440 1745.0
1328450 1745.0
1328460 1748.7
1328470 1753.1
1328480 1753.1
1328490 1757.5
1328500 1762.1
1328510 1762.1
1328520 1767.3
1328530 1772.6
1328540 1777.4
1328550 1777.4
1328560 1781.4
1328570 1784.3
1328580 1784.3
1328590 1787.3
1328600 1790.7
1328610 1790.7
1328620 1792.4
1328630 1793.0
1328640 1793.0
1328650 1794.2
1328660 1793.6
1328670 1793.6
1328680 1791.3
1328690 1787.0
1328700 1787.0
1328710 1781.1
1328720 1775.2
1328730 1775.2
1328740 1770.4
1328750 1767.0
1328760 1767.0
1328770 1764.6
1328780 1762.7
1328790 1760.9
1328800 1760.9
1328810 1759.6
1328820 1759.6
1328830 1759.6
1328840 1760.0
1328850 1760.2
1328860 1763.6
1328870 1763.3
1328880 1765.3
1328890 1765.3
1328900 1767.0
1328910 1769.1
1328920 1769.1
1328930 1769.5
1328940 1770.4
1328950 1770.4
1328960 1773.2
1328970 1775.9
1328980 1775.9
1328990 1778.3
1329000 1781.7
1329010 1781.7
1329020 1784.7
1329030 1787.6
1329040 1787.6
1329050 1791.3
1329060 1794.7
1329070 1797.3
1329080 1797.3
1329090 1799.4
1329100 1802.6
1329110 1802.6
1329120 1805.2
1329130 1807.3
1329140 1807.3
1329150 1810.3
1329160 1813.7
1329170 1813.7
1329180 1819.4
1329190 1825.7
1329200 1825.7
1329210 1832.6
1329220 1840.4
1329230 1840.4
1329240 1849.5
1329250 1856.8
1329260 1856.8
1329270 1860.2
1329280 1864.9
1329290 1864.9
1329300 1869.8
1329310 1874.9
1329320 1874.9
1329330 1879.5
1329340 1884.6
1329350 1891.1
1329360 1891.1
1329370 1898.2
1329380 1906.1
1329390 1906.1
1329400 1912.5
1329410 1918.2
1329420 1918.2
1329430 1923.5
1329440 1928.5
1329450 1928.5
1329460 1933.4
1329470 1937.7
1329480 1937.7
1329490 1940.1
1329500 1946.0
1329510 1946.0
1329520 1954.7
1329530 1963.2
1329540 1963.2
1329550 1968.8
1329560 1973.3
1329570 1973.3
1329580 1977.3
1329590 1981.7
1329600 1985.8
1329610 1985.8
1329620 1990.2
1329630 1994.9
1329640 1994.9
1329650 1999.6
1329660 2004.4
1329670 2004.4
1329680 2011.6
1329690 2016.9
1329700 2016.9
1329710 2021.2
1329720 2025.0
1329730 2025.0
1329740 2027.2
1329750 2027.3
1329760 2027.3
1329770 2024.1
1329780 2020.8
1329790 2020.8
1329800 2018.6
1329810 2014.2
1329820 2014.2
1329830 2010.7
1329840 2008.4
1329850 2008.4
1329860 2006.8
1329870 2007.2
1329880 2008.9
1329890 2008.9
1329900 2011.9
1329910 2014.8
1329920 2014.8
1329930 2013.8
1329940 2015.5
1329950 2015.5
1329960 2018.8
1329970 2023.9
1329980 2023.9
1329990 2028.1
1330000 2032.4
1330010 2032.4
1330020 2036.7
1330030 2041.1
1330040 2041.1
1330050 2046.5
1330060 2053.2
1330070 2053.2
1330080 2061.1
1330090 2070.1
1330100 2070.1
1330110 2078.8
1330120 2087.8
1330130 2095.9
1330140 2095.9
1330150 2100.6
1330160 2101.3
1330170 2101.3
1330180 2100.0
1330190 2096.1
1330200 2096.1
1330210 2091.1
1330220 2087.5
1330230 2087.5
1330240 2083.8
1330250 2078.9
1330260 2078.9
1330270 2074.4
1330280 2070.8
1330290 2070.8
1330300 2069.0
1330310 2068.5
1330320 2068.5
1330330 2067.2
1330340 2067.8
1330350 2067.8
1330360 2069.0
1330370 2070.9
1330380 2070.9
1330390 2074.3
1330400 2078.6
1330410 2084.1
1330420 2084.1
1330430 2089.9
1330440 2094.7
1330450 2094.7
1330460 2099.2
1330470 2103.6
1330480 2103.6
1330490 2107.2
1330500 2107.5
1330510 2107.5
1330520 2101.9
1330530 2095.9
1330540 2095.9
1330550 2090.8
1330560 2086.6
1330570 2086.6
1330580 2083.0
1330590 2079.9
1330600 2079.9
1330610 2076.4
1330620 2072.9
1330630 2072.9
1330640 2070.5
1330650 2067.8
1330660 2067.8
1330670 2063.6
1330680 2059.4
1330690 2054.7
1330700 2054.7
1330710 2051.7
1330720 2050.9
1330730 2050.9
1330740 2050.0
1330750 2049.0
1330760 2049.0
1330770 2046.4
1330780 2044.2
1330790 2044.2
1330800 2043.5
1330810 2043.2
1330820 2043.2
1330830 2042.0
1330840 2040.2
1330850 2040.2
1330860 2039.6
1330870 2037.9
1330880 2037.9
1330890 2034.5
1330900 2029.9
1330910 2029.9
1330920 2025.3
1330930 2022.2
1330940 2018.5
1330950 2018.5
1330960 2012.9
1330970 2005.0
1330980 2005.0
1330990 1997.0
1331000 1991.7
1331010 1991.7
1331020 1988.3
1331030 1986.0
1331040 1986.0
1331050 1983.2
1331060 1980.1
1331070 1980.1
1331080 1976.9
1331090 1972.8
1331100 1972.8
1331110 1967.6
1331120 1961.9
1331130 1961.9
1331140 1956.7
1331150 1951.6
1331160 1951.6
1331170 1946.0
1331180 1939.7
1331190 1939.7
1331200 1933.4
1331210 1926.7
1331220 1919.1
1331230 1919.1
1331240 1912.5
1331250 1907.1
1331260 1907.1
1331270 1902.5
1331280 1898.6
1331290 1898.6
1331300 1894.3
1331310 1889.8
1331320 1889.8
1331330 1882.8
1331340 1878.7
1331350 1878.7
1331360 1874.7
1331370 1870.6
1331380 1870.6
1331390 1865.5
1331400 1859.8
1331410 1859.8
1331420 1854.0
1331430 1848.1
1331440 1848.1
1331450 1842.8
1331460 1837.0
1331470 1830.6
1331480 1830.6
1331490 1824.4
1331500 1819.9
1331510 1819.9
1331520 1814.8
1331530 1809.5
1331540 1809.5
1331550 1806.8
1331560 1804.2
1331570 1804.2
1331580 1800.8
1331590 1796.9
1331600 1796.9
1331610 1790.0
1331620 1787.2
1331630 1787.2
1331640 1784.6
1331650 1773.9
1331660 1773.9
1331670 1769.5
1331680 1773.2
1331690 1773.2
1331700 1777.5
1331710 1783.0
1331720 1783.0
1331730 1784.0
1331740 1782.5
1331750 1780.4
1331760 1780.4
1331770 1778.5
1331780 1777.3
1331790 1777.3
1331800 1776.3
1331810 1774.7
1331820 1774.7
1331830 1770.9
1331840 1765.8
1331850 1765.8
1331860 1760.4
1331870 1754.7
1331880 1754.7
1331890 1750.0
1331900 1751.2
1331910 1751.2
1331920 1752.5
1331930 1752.3
1331940 1752.3
1331950 1751.3
1331960 1750.1
1331970 1750.1
1331980 1748.5
1331990 1747.5
1332000 1747.5
1332010 1747.0
1332020 1746.8
1332030 1747.0
1332040 1747.0
1332050 1747.9
1332060 1749.1
1332070 1749.1
1332080 1750.4
1332090 1752.3
1332100 1752.3
1332110 1753.8
1332120 1753.7
1332130 1753.7
1332140 1752.9
1332150 1751.5
1332160 1751.5
1332170 1753.7
1332180 1753.1
1332190 1753.1
1332200 1751.0
1332210 1749.0
1332220 1749.0
1332230 1747.2
1332240 1746.0
1332250 1746.0
1332260 1744.7
1332270 1743.0
1332280 1740.8
1332290 1740.8
1332300 1736.5
1332310 1733.1
1332320 1733.1
1332330 1735.1
1332340 1735.6
1332350 1735.6
1332360 1735.9
1332370 1738.4
1332380 1738.4
1332390 1742.7
1332400 1745.7
1332410 1745.7
1332420 1748.8
1332430 1752.2
1332440 1752.2
1332450 1756.0
1332460 1760.1
1332470 1760.1
1332480 1764.5
1332490 1769.6
1332500 1769.6
1332510 1775.1
1332520 1780.1
1332530 1780.1
1332540 1784.4
1332550 1787.4
1332560 1787.2
1332570 1787.2
1332580 1785.2
1332590 1777.0
1332600 1777.0
1332610 1769.7
1332620 1772.6
1332630 1772.6
1332640 1778.7
1332650 1784.6
1332660 1784.6
1332670 1788.8
1332680 1789.9
1332690 1789.9
1332700 1791.2
1332710 1794.6
1332720 1794.6
1332730 1799.7
1332740 1806.3
1332750 1806.3
1332760 1812.3
1332770 1817.3
1332780 1817.3
1332790 1822.8
1332800 1829.4
1332810 1835.2
1332820 1835.2
1332830 1840.7
1332840 1846.1
1332850 1846.1
1332860 1851.3
1332870 1856.3
1332880 1856.3
1332890 1860.4
1332900 1865.9
1332910 1865.9
1332920 1872.1
1332930 1877.5
1332940 1877.5
1332950 1882.3
1332960 1886.6
1332970 1886.6
1332980 1891.3
1332990 1895.3
1333000 1896.9
1333010 1900.9
1333020 1904.7
1333030 1904.7
1333040 1908.3
1333050 1910.7
1333060 1910.7
1333070 1912.9
1333080 1915.2
1333090 1918.5
1333100 1918.5
1333110 1923.5
1333120 1929.6
1333130 1929.6
1333140 1934.9
1333150 1940.0
1333160 1940.0
1333170 1944.6
1333180 1949.3
1333190 1949.3
1333200 1953.5
1333210 1957.2
1333220 1957.2
1333230 1960.9
1333240 1964.0
1333250 1964.0
1333260 1967.8
1333270 1971.7
1333280 1971.7
1333290 1976.7
1333300 1981.4
1333310 1981.4
1333320 1986.9
1333330 1991.3
1333340 1996.0
1333350 1996.0
1333360 2000.5
1333370 2004.8
1333380 2004.8
1333390 2008.6
1333400 2012.0
1333410 2012.0
1333420 2015.3
1333430 2018.4
1333440 2018.4
1333450 2021.3
1333460 2024.7
1333470 2024.7
1333480 2029.4
1333490 2035.1
1333500 2035.1
1333510 2042.1
1333520 2050.1
1333530 2050.1
1333540 2058.2
1333550 2065.7
1333560 2065.7
1333570 2072.6
1333580 2080.0
1333590 2080.0
1333600 2085.8
1333610 2091.2
1333620 2096.1
1333630 2096.1
1333640 2100.3
1333650 2104.6
1333660 2104.6
1333670 2109.6
1333680 2115.2
1333690 2115.2
1333700 2121.6
1333710 2130.0
1333720 2130.0
1333730 2137.8
1333740 2146.8
1333750 2146.8
1333760 2155.7
1333770 2164.8
1333780 2164.8
1333790 2172.3
1333800 2179.4
1333810 2179.4
1333820 2186.7
1333830 2194.2
1333840 2194.2
1333850 2197.9
1333860 2203.2
1333870 2203.2
1333880 2207.9
1333890 2213.2
1333900 2218.5
1333910 2218.5
1333920 2223.9
1333930 2229.8
1333940 2229.8
1333950 2234.7
1333960 2237.6
1333970 2237.6
1333980 2241.6
1333990 2246.2
1334000 2246.2
1334010 2251.2
1334020 2256.2
1334030 2256.2
1334040 2260.5
1334050 2258.3
1334060 2258.3
1334070 2254.4
1334080 2251.9
1334090 2251.9
1334100 2251.8
1334110 2255.0
1334120 2255.0
1334130 2257.6
1334140 2258.9
1334150 2259.4
1334160 2259.4
1334170 2260.6
1334180 2263.1
1334190 2263.1
1334200 2264.5
1334210 2266.4
1334220 2266.4
1334230 2269.7
1334240 2274.2
1334250 2274.2
1334260 2279.2
1334270 2279.4
1334280 2279.4
1334290 2274.1
1334300 2268.1
1334310 2268.1
1334320 2264.1
1334330 2259.2
1334340 2259.2
1334350 2253.2
1334360 2251.5
1334370 2251.5
1334380 2252.1
1334390 2251.2
1334400 2251.2
1334410 2249.4
1334420 2247.0
1334430 2243.8
1334440 2243.8
1334450 2241.6
1334460 2240.8
1334470 2240.8
1334480 2240.5
1334490 2240.2
1334500 2240.2
1334510 2239.1
1334520 2236.9
1334530 2236.9
1334540 2234.4
1334550 2231.7
1334560 2231.7
1334570 2231.0
1334580 2232.2
1334590 2232.2
1334600 2234.6
1334610 2237.2
1334620 2237.2
1334630 2237.9
1334640 2240.2
1334650 2240.2
1334660 2242.5
1334670 2243.8
1334680 2244.0
1334690 2244.4
1334700 2244.6
1334710 2244.4
1334720 2244.4
1334730 2243.0
1334740 2241.5
1334750 2241.5
1334760 2240.1
1334770 2239.5
1334780 2239.5
1334790 2239.6
1334800 2239.6
1334810 2239.6
1334820 2238.3
1334830 2234.9
1334840 2234.9
1334850 2229.6
1334860 2224.2
1334870 2224.2
1334880 2219.8
1334890 2215.1
1334900 2215.1
1334910 2211.2
1334920 2207.5
1334930 2207.5
1334940 2204.8
1334950 2201.8
1334960 2198.7
1334970 2198.7
1334980 2194.8
1334990 2191.7
1335000 2191.7
1335010 2189.2
1335020 2185.6
1335030 2185.6
1335040 2183.3
1335050 2181.9
1335060 2181.9
1335070 2179.3
1335080 2177.5
1335090 2177.5
1335100 2175.2
1335110 2170.8
1335120 2170.8
1335130 2164.7
1335140 2159.5
1335150 2159.5
1335160 2154.9
1335170 2149.2
1335180 2149.2
1335190 2142.0
1335200 2136.0
1335210 2136.0
1335220 2130.9
1335230 2125.8
1335240 2121.0
1335250 2121.0
1335260 2114.7
1335270 2109.6
1335280 2109.6
1335290 2105.0
1335300 2099.8
1335310 2099.8
1335320 2095.7
1335330 2091.6
1335340 2091.6
1335350 2087.8
1335360 2084.3
1335370 2084.3
1335380 2082.3
1335390 2081.7
1335400 2081.7
1335410 2079.1
1335420 2072.7
1335430 2072.7
1335440 2065.4
1335450 2057.9
1335460 2057.9
1335470 2050.8
1335480 2044.3
1335490 2038.3
1335500 2038.3
1335510 2034.4
1335520 2029.3
1335530 2029.3
1335540 2020.5
1335550 2008.8
1335560 2008.8
1335570 2000.7
1335580 1997.0
1335590 1997.0
1335600 1993.5
1335610 1991.1
1335620 1991.1
1335630 1987.7
1335640 1982.6
1335650 1982.6
1335660 1978.8
1335670 1975.6
1335680 1975.6
1335690 1974.6
1335700 1972.9
1335710 1972.9
1335720 1970.6
1335730 1967.4
1335740 1967.4
1335750 1964.7
1335760 1961.5
1335770 1957.7
1335780 1957.7
1335790 1953.5
1335800 1948.2
1335810 1948.2
1335820 1941.1
1335830 1934.5
1335840 1934.5
1335850 1930.0
1335860 1926.4
1335870 1926.4
1335880 1922.9
1335890 1919.5
1335900 1919.5
1335910 1915.7
1335920 1912.1
1335930 1912.1
1335940 1908.6
1335950 1907.3
1335960 1907.3
1335970 1907.7
1335980 1908.1
1335990 1908.1
1336000 1908.4
1336010 1908.6
1336020 1909.0
1336030 1909.0
1336040 1909.8
1336050 1910.6
1336060 1910.6
1336070 1911.2
1336080 1911.7
1336090 1911.7
1336100 1912.9
1336110 1914.1
1336120 1914.1
1336130 1915.5
1336140 1917.5
1336150 1917.5
1336160 1919.2
1336170 1920.4
1336180 1920.4
1336190 1921.0
1336200 1920.0
1336210 1920.0
1336220 1919.4
1336230 1918.8
1336240 1918.8
1336250 1918.1
1336260 1916.9
1336270 1916.9
1336280 1915.2
1336290 1911.7
1336300 1906.5
1336310 1906.5
1336320 1899.8
1336330 1894.6
1336340 1894.6
1336350 1891.8
1336360 1889.6
1336370 1889.6
1336380 1887.9
1336390 1886.7
1336400 1889.1
1336410 1888.1
1336420 1887.2
1336430 1887.2
1336440 1886.1
1336450 1885.4
1336460 1885.4
1336470 1884.5
1336480 1882.2
1336490 1882.2
1336500 1878.9
1336510 1875.0
1336520 1875.0
1336530 1872.8
1336540 1871.4
1336550 1868.7
1336560 1868.7
1336570 1867.1
1336580 1866.4
1336590 1866.4
1336600 1866.5
1336610 1867.7
1336620 1867.7
1336630 1871.0
1336640 1872.9
1336650 1872.9
1336660 1874.6
1336670 1876.7
1336680 1876.7
1336690 1879.1
1336700 1881.9
1336710 1881.9
1336720 1885.2
1336730 1889.6
1336740 1889.6
1336750 1893.9
1336760 1898.3
1336770 1898.3
1336780 1902.9
1336790 1907.5
1336800 1907.5
1336810 1912.1
1336820 1917.1
1336830 1922.3
1336840 1922.3
1336850 1927.6
1336860 1933.1
1336870 1933.1
1336880 1940.2
1336890 1947.9
1336900 1947.9
1336910 1954.6
1336920 1960.6
1336930 1960.6
1336940 1965.8
1336950 1971.0
1336960 1971.0
1336970 1976.1
1336980 1981.4
1336990 1981.4
1337000 1986.6
1337010 1991.7
1337020 1991.7
1337030 1997.6
1337040 2004.3
1337050 2004.3
1337060 2011.6
1337070 2018.5
1337080 2018.5
1337090 2024.5
1337100 2030.5
1337110 2036.8
1337120 2036.8
1337130 2043.4
1337140 2050.3
1337150 2050.3
1337160 2057.2
1337170 2064.0
1337180 2064.0
1337190 2071.3
1337200 2081.0
1337210 2081.0
1337220 2092.3
1337230 2100.9
1337240 2100.9
1337250 2109.6
1337260 2120.7
1337270 2120.7
1337280 2129.5
1337290 2139.0
1337300 2139.0
1337310 2148.4
1337320 2158.9
1337330 2158.9
1337340 2168.2
1337350 2177.1
1337360 2185.8
1337370 2185.8
1337380 2195.0
1337390 2202.9
1337400 2202.9
1337410 2210.5
1337420 2217.3
1337430 2217.3
1337440 2222.8
1337450 2227.1
1337460 2227.1
1337470 2229.9
1337480 2231.6
1337490 2231.6
1337500 2232.5
1337510 2236.5
1337520 2236.5
1337530 2241.1
1337540 2246.7
1337550 2246.7
1337560 2249.9
1337570 2249.8
1337580 2249.8
1337590 2244.6
1337600 2237.9
1337610 2237.9
1337620 2235.3
1337630 2231.0
1337640 2224.4
1337650 2224.4
1337660 2217.2
1337670 2209.7
1337680 2209.7
1337690 2208.7
1337700 2205.9
1337710 2205.9
1337720 2204.9
1337730 2204.7
1337740 2204.7
1337750 2203.1
1337760 2198.9
1337770 2198.9
1337780 2194.4
1337790 2188.6
1337800 2188.6
1337810 2181.1
1337820 2174.0
1337830 2174.0
1337840 2169.2
1337850 2164.0
1337860 2164.0
1337870 2159.3
1337880 2154.3
1337890 2149.4
1337900 2149.4
1337910 2146.4
1337920 2145.5
1337930 2145.5
1337940 2141.6
1337950 2136.2
1337960 2136.2
1337970 2131.1
1337980 2125.8
1337990 2125.8
1338000 2119.6
1338010 2114.5
1338020 2114.5
1338030 2110.5
1338040 2106.6
1338050 2106.6
1338060 2102.0
1338070 2098.2
1338080 2098.2
1338090 2095.3
1338100 2092.6
1338110 2092.6
1338120 2091.5
1338130 2086.5
1338140 2086.5
1338150 2090.9
1338160 2092.0
1338170 2088.6
1338180 2088.6
1338190 2084.2
1338200 2080.0
1338210 2080.0
1338220 2075.6
1338230 2071.0
1338240 2071.0
1338250 2066.3
1338260 2060.7
1338270 2060.7
1338280 2054.1
1338290 2048.2
1338300 2048.2
1338310 2043.4
1338320 2038.7
1338330 2038.7
1338340 2034.9
1338350 2031.2
1338360 2031.2
1338370 2027.2
1338380 2023.4
1338390 2023.4
1338400 2019.7
1338410 2015.5
1338420 2010.8
1338430 2010.8
1338440 2005.6
1338450 2001.3
1338460 2001.3
1338470 1997.3
1338480 1994.2
1338490 1994.2
1338500 1991.5
1338510 1989.3
1338520 1989.3
1338530 1987.5
1338540 1984.8
1338550 1984.8
1338560 1981.6
1338570 1979.6
1338580 1979.6
1338590 1977.7
1338600 1975.7
1338610 1975.7
1338620 1973.4
1338630 1971.4
1338640 1971.4
1338650 1969.8
1338660 1967.6
1338670 1967.6
1338680 1965.4
1338690 1964.0
1338700 1959.1
1338710 1959.1
1338720 1955.7
1338730 1953.0
1338740 1953.0
1338750 1949.8
1338760 1946.2
1338770 1946.2
1338780 1941.6
1338790 1936.4
1338800 1936.4
1338810 1931.4
1338820 1925.4
1338830 1925.4
1338840 1919.8
1338850 1914.3
1338860 1914.3
1338870 1909.1
1338880 1905.4
1338890 1905.4
1338900 1906.2
1338910 1901.1
1338920 1901.1
1338930 1890.3
1338940 1877.2
1338950 1877.2
1338960 1865.9
1338970 1856.0
1338980 1847.8
1338990 1847.8
1339000 1842.0
1339010 1832.1
1339020 1832.1
1339030 1829.0
1339040 1819.3
1339050 1819.3
1339060 1809.2
1339070 1799.3
1339080 1799.3
1339090 1787.5
1339100 1778.9
1339110 1778.9
1339120 1771.6
1339130 1764.5
1339140 1764.5
1339150 1757.7
1339160 1752.5
1339170 1752.5
1339180 1747.3
1339190 1739.3
1339200 1739.3
1339210 1731.9
1339220 1722.0
1339230 1710.8
1339240 1710.8
1339250 1702.2
1339260 1694.0
1339270 1694.0
1339280 1685.3
1339290 1677.4
1339300 1677.4
1339310 1670.9
1339320 1665.0
1339330 1665.0
1339340 1659.2
1339350 1652.7
1339360 1652.7
1339370 1647.4
1339380 1644.2
1339390 1644.2
1339400 1642.1
1339410 1639.9
1339420 1639.9
1339430 1638.2
1339440 1632.6
1339450 1632.6
1339460 1623.4
1339470 1613.1
1339480 1613.1
1339490 1603.2
1339500 1593.8
1339510 1584.6
1339520 1584.6
1339530 1575.8
1339540 1567.6
1339550 1567.6
1339560 1559.2
1339570 1551.3
1339580 1551.3
1339590 1544.3
1339600 1538.8
1339610 1538.8
1339620 1533.5
1339630 1526.9
1339640 1526.9
1339650 1519.0
1339660 1511.8
1339670 1511.8
1339680 1504.7
1339690 1498.4
1339700 1498.4
1339710 1492.7
1339720 1486.6
1339730 1486.6
1339740 1480.3
1339750 1475.0
1339760 1469.4
1339770 1469.4
1339780 1464.9
1339790 1459.7
1339800 1459.7
1339810 1453.8
1339820 1451.6
1339830 1451.6
1339840 1455.7
1339850 1460.6
1339860 1460.6
1339870 1466.0
1339880 1475.7
1339890 1475.7
1339900 1479.8
1339910 1483.0
1339920 1483.0
1339930 1484.7
1339940 1484.0
1339950 1484.0
1339960 1482.4
1339970 1480.9
1339980 1480.9
1339990 1482.7
