1320000 740.6
1320010 737.6
1320020 734.3
1320030 734.3
1320040 730.4
1320050 725.8
1320060 725.8
1320070 721.7
1320080 717.8
1320090 713.5
1320100 713.5
1320110 709.9
1320120 704.6
1320130 704.6
1320140 697.4
1320150 688.8
1320160 688.8
1320170 679.1
1320180 671.1
1320190 671.1
1320200 664.4
1320210 657.7
1320220 657.7
1320230 652.5
1320240 647.9
1320250 647.9
1320260 644.8
1320270 642.0
1320280 642.0
1320290 639.0
1320300 634.8
1320310 634.8
1320320 630.2
1320330 626.7
1320340 626.7
1320350 624.7
1320360 623.4
1320370 622.5
1320380 622.5
1320390 622.0
1320400 621.8
1320410 621.8
1320420 621.5
1320430 621.2
1320440 621.2
1320450 620.3
1320460 619.4
1320470 619.4
1320480 618.7
1320490 618.4
1320500 618.4
1320510 618.2
1320520 617.6
1320530 617.6
1320540 617.2
1320550 616.8
1320560 616.8
1320570 615.9
1320580 615.3
1320590 615.3
1320600 615.0
1320610 614.5
1320620 613.4
1320630 614.8
1320640 613.3
1320650 612.4
1320660 612.4
1320670 611.4
1320680 610.5
1320690 610.5
1320700 609.7
1320710 608.7
1320720 608.7
1320730 607.4
1320740 606.2
1320750 606.2
1320760 605.4
1320770 604.5
1320780 604.5
1320790 603.6
1320800 602.6
1320810 602.6
1320820 601.6
1320830 600.7
1320840 600.7
1320850 599.7
1320860 598.5
1320870 598.5
1320880 597.6
1320890 596.8
1320900 596.1
1320910 596.1
1320920 595.4
1320930 594.5
1320940 594.5
1320950 593.9
1320960 593.4
1320970 593.4
1320980 593.0
1320990 592.5
1321000 592.5
1321010 591.5
1321020 590.5
1321030 590.5
1321040 589.6
1321050 589.0
1321060 589.0
1321070 588.4
1321080 587.7
1321090 587.7
1321100 586.8
1321110 586.0
1321120 586.0
1321130 585.2
1321140 584.3
1321150 583.4
1321160 583.4
1321170 582.5
1321180 581.6
1321190 581.6
1321200 580.9
1321210 580.0
1321220 580.0
1321230 579.2
1321240 578.3
1321250 578.3
1321260 577.6
1321270 577.0
1321280 577.0
1321290 576.5
1321300 576.0
1321310 576.0
1321320 575.6
1321330 575.2
1321340 575.2
1321350 574.5
1321360 574.1
1321370 574.1
1321380 573.9
1321390 573.6
1321400 573.6
1321410 574.0
1321420 573.3
1321430 572.5
1321440 572.5
1321450 571.8
1321460 571.1
1321470 571.1
1321480 570.6
1321490 570.2
1321500 570.2
1321510 569.7
1321520 569.1
1321530 569.1
1321540 569.1
1321550 568.1
1321560 568.1
1321570 567.0
1321580 566.4
1321590 566.4
1321600 564.9
1321610 564.3
1321620 564.3
1321630 563.8
1321640 563.7
1321650 563.7
1321660 563.0
1321670 562.4
1321680 562.4
1321690 562.0
1321700 561.6
1321710 560.9
1321720 560.9
1321730 560.1
1321740 560.0
1321750 560.0
1321760 560.1
1321770 559.5
1321780 559.5
1321790 559.1
1321800 559.0
1321810 559.0
1321820 559.3
1321830 559.3
1321840 559.3
1321850 559.0
1321860 557.6
1321870 557.6
1321880 555.4
1321890 555.3
1321900 555.3
1321910 555.3
1321920 555.1
1321930 555.1
1321940 555.0
1321950 554.8
1321960 554.6
1321970 554.6
1321980 554.5
1321990 552.9
1322000 552.9
1322010 550.5
1322020 548.7
1322030 548.7
1322040 546.8
1322050 546.4
1322060 546.4
1322070 546.5
1322080 549.0
1322090 549.0
1322100 553.2
1322110 557.0
1322120 557.0
1322130 556.9
1322140 553.6
1322150 553.6
1322160 553.5
1322170 553.8
1322180 553.8
1322190 554.1
1322200 554.2
1322210 554.2
1322220 554.6
1322230 554.7
1322240 554.6
1322250 554.6
1322260 554.2
1322270 554.0
1322280 554.0
1322290 554.0
1322300 554.4
1322310 554.4
1322320 554.9
1322330 555.2
1322340 555.2
1322350 555.6
1322360 556.0
1322370 556.0
1322380 556.6
1322390 556.9
1322400 556.9
1322410 557.1
1322420 557.5
1322430 557.5
1322440 557.9
1322450 558.3
1322460 558.3
1322470 558.7
1322480 559.2
1322490 559.2
1322500 559.5
1322510 559.8
1322520 560.2
1322530 560.2
1322540 560.5
1322550 560.6
1322560 560.6
1322570 560.8
1322580 561.7
1322590 561.7
1322600 562.8
1322610 563.4
1322620 563.4
1322630 563.9
1322640 564.2
1322650 564.2
1322660 564.5
1322670 564.7
1322680 564.7
1322690 564.7
1322700 564.9
1322710 564.9
1322720 565.3
1322730 565.2
1322740 565.2
1322750 565.7
1322760 566.2
1322770 566.4
1322780 566.4
1322790 566.8
1322800 567.4
1322810 567.4
1322820 568.6
1322830 569.1
1322840 569.1
1322850 569.4
1322860 569.8
1322870 569.8
1322880 570.0
1322890 570.0
1322900 570.0
1322910 569.9
1322920 569.8
1322930 569.8
1322940 570.0
1322950 570.3
1322960 570.3
1322970 570.7
1322980 571.4
1322990 571.4
1323000 572.0
1323010 572.4
1323020 572.4
1323030 572.5
1323040 572.9
1323050 573.3
1323060 573.3
1323070 573.7
1323080 574.0
1323090 574.0
1323100 574.3
1323110 574.8
1323120 574.8
1323130 575.2
1323140 575.9
1323150 575.9
1323160 577.0
1323170 577.9
1323180 577.9
1323190 578.3
1323200 578.6
1323210 578.6
1323220 579.5
1323230 582.7
1323240 582.7
1323250 588.0
1323260 594.5
1323270 594.5
1323280 601.7
1323290 606.9
1323300 610.2
1323310 610.2
1323320 614.0
1323330 618.2
1323340 618.2
1323350 622.4
1323360 627.4
1323370 627.4
1323380 633.4
1323390 639.5
1323400 639.5
1323410 645.6
1323420 651.6
1323430 651.6
1323440 657.3
1323450 663.5
1323460 663.5
1323470 669.9
1323480 676.8
1323490 676.8
1323500 683.2
1323510 689.4
1323520 689.4
1323530 695.9
1323540 700.6
1323550 700.6
1323560 703.3
1323570 704.1
1323580 705.4
1323590 705.4
1323600 707.9
1323610 710.8
1323620 710.8
1323630 714.1
1323640 717.4
1323650 717.4
1323660 722.1
1323670 725.9
1323680 725.9
1323690 728.5
1323700 729.9
1323710 729.9
1323720 730.0
1323730 733.3
1323740 733.3
1323750 735.8
1323760 736.8
1323770 729.8
1323780 728.3
1323790 727.4
1323800 727.4
1323810 726.5
1323820 725.4
1323830 725.4
1323840 723.2
1323850 722.3
1323860 722.6
1323870 722.6
1323880 725.4
1323890 731.2
1323900 731.2
1323910 736.4
1323920 743.8
1323930 743.8
1323940 747.2
1323950 749.6
1323960 749.6
1323970 752.4
1323980 753.7
1323990 753.7
1324000 754.0
1324010 753.9
1324020 753.9
1324030 755.1
1324040 754.2
1324050 754.2
1324060 753.8
1324070 754.6
1324080 754.6
1324090 761.2
1324100 768.3
1324110 774.5
1324120 774.5
1324130 779.9
1324140 785.0
1324150 785.0
1324160 790.7
1324170 797.4
1324180 797.4
1324190 806.1
1324200 812.7
1324210 812.7
1324220 814.8
1324230 817.1
1324240 817.1
1324250 818.7
1324260 819.2
1324270 819.2
1324280 819.6
1324290 820.6
1324300 820.6
1324310 821.8
1324320 823.3
1324330 823.3
1324340 824.4
1324350 827.0
1324360 827.0
1324370 828.9
1324380 832.3
1324390 835.2
1324400 835.2
1324410 835.7
1324420 833.7
1324430 833.7
1324440 831.9
1324450 833.1
1324460 833.1
1324470 838.2
1324480 845.4
1324490 845.4
1324500 851.0
1324510 856.4
1324520 856.4
1324530 861.0
1324540 864.9
1324550 864.9
1324560 868.2
1324570 867.5
1324580 867.5
1324590 869.0
1324600 870.5
1324610 870.5
1324620 872.1
1324630 873.7
1324640 873.7
1324650 875.2
1324660 876.8
1324670 878.4
1324680 878.4
1324690 879.6
1324700 879.7
1324710 879.7
1324720 878.1
1324730 874.6
1324740 874.6
1324750 871.9
1324760 865.0
1324770 865.0
1324780 858.9
1324790 857.0
1324800 857.0
1324810 854.8
1324820 850.8
1324830 850.8
1324840 849.3
1324850 848.0
1324860 848.0
1324870 847.1
1324880 845.7
1324890 845.7
1324900 844.7
1324910 841.3
1324920 838.3
1324930 838.3
1324940 835.4
1324950 830.2
1324960 830.2
1324970 827.0
1324980 829.9
1324990 829.9
1325000 832.9
1325010 830.1
1325020 830.1
1325030 831.9
1325040 835.5
1325050 835.5
1325060 830.0
1325070 823.0
1325080 823.0
1325090 816.5
1325100 814.3
1325110 814.3
1325120 821.9
1325130 825.1
1325140 825.1
1325150 819.0
1325160 811.4
1325170 811.4
1325180 808.2
1325190 807.0
1325200 802.9
1325210 802.9
1325220 802.9
1325230 801.6
1325240 801.6
1325250 794.8
1325260 791.1
1325270 791.1
1325280 793.2
1325290 793.6
1325300 793.6
1325310 793.3
1325320 795.2
1325330 795.2
1325340 804.1
1325350 813.7
1325360 813.7
1325370 825.2
1325380 831.2
1325390 831.2
1325400 837.9
1325410 844.6
1325420 844.6
1325430 853.1
1325440 860.9
1325450 860.9
1325460 868.6
1325470 876.2
1325480 883.1
1325490 883.1
1325500 887.6
1325510 888.6
1325520 888.6
1325530 888.4
1325540 895.4
1325550 895.4
1325560 902.1
1325570 903.9
1325580 903.9
1325590 905.4
1325600 907.1
1325610 907.1
1325620 906.7
1325630 903.4
1325640 903.4
1325650 904.2
1325660 909.2
1325670 909.2
1325680 912.0
1325690 912.8
1325700 912.8
1325710 914.7
1325720 918.3
1325730 923.0
1325740 923.0
1325750 927.9
1325760 932.8
1325770 932.8
1325780 937.9
1325790 942.8
1325800 942.8
1325810 948.8
1325820 955.1
1325830 955.1
1325840 961.3
1325850 967.6
1325860 967.6
1325870 973.4
1325880 978.7
1325890 978.7
1325900 984.9
1325910 992.9
1325920 992.9
1325930 1002.6
1325940 1008.6
1325950 1008.6
1325960 1013.7
1325970 1019.1
1325980 1019.1
1325990 1024.3
1326000 1028.3
1326010 1031.1
1326020 1031.1
1326030 1033.6
1326040 1036.1
1326050 1036.1
1326060 1038.7
1326070 1041.2
1326080 1041.2
1326090 1045.2
1326100 1049.9
1326110 1049.9
1326120 1054.1
1326130 1057.7
1326140 1057.7
1326150 1061.3
1326160 1064.1
1326170 1065.3
1326180 1067.8
1326190 1068.7
1326200 1068.7
1326210 1069.7
1326220 1071.4
1326230 1071.4
1326240 1073.5
1326250 1076.5
1326260 1079.3
1326270 1079.3
1326280 1082.6
1326290 1086.3
1326300 1086.3
1326310 1090.2
1326320 1093.4
1326330 1093.4
1326340 1096.5
1326350 1099.7
1326360 1099.7
1326370 1103.4
1326380 1107.2
1326390 1107.2
1326400 1111.1
1326410 1114.1
1326420 1114.1
1326430 1117.4
1326440 1121.6
1326450 1121.6
1326460 1125.6
1326470 1129.2
1326480 1129.2
1326490 1132.5
1326500 1136.2
1326510 1136.2
1326520 1140.6
1326530 1144.5
1326540 1147.1
1326550 1147.1
1326560 1149.7
1326570 1152.7
1326580 1152.7
1326590 1157.1
1326600 1161.7
1326610 1161.7
1326620 1166.2
1326630 1171.9
1326640 1171.9
1326650 1176.7
1326660 1180.2
1326670 1180.2
1326680 1182.9
1326690 1186.3
1326700 1186.3
1326710 1190.6
1326720 1194.7
1326730 1194.7
1326740 1197.9
1326750 1199.6
1326760 1199.6
1326770 1203.9
1326780 1209.4
1326790 1209.4
1326800 1213.7
1326810 1217.6
1326820 1221.2
1326830 1221.2
1326840 1225.0
1326850 1228.8
1326860 1228.8
1326870 1231.8
1326880 1233.3
1326890 1233.3
1326900 1234.8
1326910 1236.3
1326920 1236.3
1326930 1238.2
1326940 1241.1
1326950 1241.1
1326960 1243.8
1326970 1250.5
1326980 1250.5
1326990 1251.9
1327000 1252.9
1327010 1252.9
1327020 1253.6
1327030 1253.3
1327040 1253.3
1327050 1251.2
1327060 1249.6
1327070 1249.7
1327080 1249.7
1327090 1250.4
1327100 1251.5
1327110 1251.5
1327120 1253.8
1327130 1255.7
1327140 1255.7
1327150 1257.5
1327160 1259.0
1327170 1259.0
1327180 1258.7
1327190 1257.1
1327200 1257.1
1327210 1255.5
1327220 1258.9
1327230 1258.9
1327240 1264.8
1327250 1270.5
1327260 1270.5
1327270 1275.7
1327280 1280.8
1327290 1280.8
1327300 1285.4
1327310 1291.0
1327320 1291.0
1327330 1297.4
1327340 1304.6
1327350 1310.8
1327360 1310.8
1327370 1315.9
1327380 1321.1
1327390 1321.1
1327400 1326.1
1327410 1331.1
1327420 1331.1
1327430 1335.7
1327440 1340.6
1327450 1340.6
1327460 1344.0
1327470 1343.3
1327480 1343.3
1327490 1343.2
1327500 1344.1
1327510 1344.1
1327520 1347.3
1327530 1351.1
1327540 1351.1
1327550 1352.2
1327560 1356.3
1327570 1356.3
1327580 1359.2
1327590 1358.7
1327600 1358.7
1327610 1360.6
1327620 1367.5
1327630 1374.7
1327640 1374.7
1327650 1382.1
1327660 1389.0
1327670 1389.0
1327680 1396.4
1327690 1405.1
1327700 1405.1
1327710 1410.7
1327720 1414.6
1327730 1414.6
1327740 1418.2
1327750 1421.1
1327760 1421.1
1327770 1424.3
1327780 1427.4
1327790 1427.4
1327800 1431.6
1327810 1437.1
1327820 1437.1
1327830 1442.8
1327840 1448.3
1327850 1448.3
1327860 1453.4
1327870 1457.5
1327880 1459.6
1327890 1459.6
1327900 1464.1
1327910 1467.7
1327920 1467.7
1327930 1470.8
1327940 1473.6
1327950 1473.6
1327960 1476.6
1327970 1480.2
1327980 1480.2
1327990 1483.9
1328000 1487.2
1328010 1487.2
1328020 1490.4
1328030 1495.7
1328040 1495.7
1328050 1501.0
1328060 1504.6
1328070 1504.6
1328080 1508.1
1328090 1511.0
1328100 1511.0
1328110 1514.3
1328120 1518.4
1328130 1518.4
1328140 1522.5
1328150 1526.8
1328160 1530.9
1328170 1530.9
1328180 1534.6
1328190 1538.1
1328200 1538.1
1328210 1541.1
1328220 1544.3
1328230 1544.3
1328240 1548.0
1328250 1551.5
1328260 1551.5
1328270 1554.5
1328280 1557.5
1328290 1557.5
1328300 1560.3
1328310 1562.8
1328320 1562.8
1328330 1564.6
1328340 1565.3
1328350 1565.3
1328360 1566.4
1328370 1567.6
1328380 1567.6
1328390 1569.0
1328400 1571.4
1328410 1573.5
1328420 1573.5
1328430 1575.6
1328440 1577.6
1328450 1577.6
1328460 1579.3
1328470 1580.5
1328480 1580.5
1328490 1581.7
1328500 1582.5
1328510 1582.5
1328520 1583.7
1328530 1585.1
1328540 1585.1
1328550 1586.3
1328560 1587.4
1328570 1587.4
1328580 1588.8
1328590 1589.3
1328600 1595.0
1328610 1594.9
1328620 1593.7
1328630 1593.7
1328640 1590.6
1328650 1587.1
1328660 1587.1
1328670 1584.3
1328680 1582.3
1328690 1579.3
1328700 1579.3
1328710 1573.1
1328720 1570.8
1328730 1570.8
1328740 1577.3
1328750 1583.7
1328760 1583.7
1328770 1588.7
1328780 1594.4
1328790 1594.4
1328800 1596.2
1328810 1595.1
1328820 1595.1
1328830 1601.7
1328840 1608.0
1328850 1608.0
1328860 1614.4
1328870 1620.8
1328880 1620.8
1328890 1626.8
1328900 1632.1
1328910 1632.1
1328920 1636.6
1328930 1640.4
1328940 1640.4
1328950 1644.8
1328960 1649.5
1328970 1653.5
1328980 1653.5
1328990 1656.7
1329000 1659.7
1329010 1659.7
1329020 1663.8
1329030 1668.8
1329040 1668.8
1329050 1673.2
1329060 1676.4
1329070 1676.4
1329080 1679.6
1329090 1684.5
1329100 1684.5
1329110 1688.5
1329120 1691.8
1329130 1691.8
1329140 1695.6
1329150 1701.2
1329160 1701.2
1329170 1709.5
1329180 1716.5
1329190 1716.5
1329200 1721.3
1329210 1725.2
1329220 1728.8
1329230 1728.8
1329240 1732.2
1329250 1735.5
1329260 1735.5
1329270 1742.5
1329280 1749.8
1329290 1749.8
1329300 1755.7
1329310 1761.5
1329320 1761.5
1329330 1767.2
1329340 1772.1
1329350 1772.1
1329360 1775.4
1329370 1780.6
1329380 1780.6
1329390 1786.3
1329400 1792.7
1329410 1792.7
1329420 1802.6
1329430 1808.8
1329440 1808.8
1329450 1815.2
1329460 1821.1
1329470 1821.1
1329480 1825.8
1329490 1831.0
1329500 1836.3
1329510 1836.3
1329520 1841.1
1329530 1845.1
1329540 1845.1
1329550 1849.0
1329560 1853.2
1329570 1853.2
1329580 1857.5
1329590 1861.1
1329600 1861.1
1329610 1863.9
1329620 1866.7
1329630 1866.7
1329640 1868.4
1329650 1868.6
1329660 1868.6
1329670 1867.3
1329680 1862.9
1329690 1862.9
1329700 1865.7
1329710 1871.1
1329720 1871.1
1329730 1875.3
1329740 1878.8
1329750 1878.8
1329760 1882.7
1329770 1887.4
1329780 1892.2
1329790 1892.2
1329800 1896.1
1329810 1899.1
1329820 1899.1
1329830 1901.5
1329840 1903.5
1329850 1903.5
1329860 1905.1
1329870 1906.7
1329880 1906.7
1329890 1908.3
1329900 1909.9
1329910 1909.9
1329920 1911.6
1329930 1913.2
1329940 1913.2
1329950 1914.8
1329960 1915.8
1329970 1915.8
1329980 1916.6
1329990 1918.9
1330000 1918.9
1330010 1920.8
1330020 1923.5
1330030 1926.8
1330040 1926.8
1330050 1929.8
1330060 1933.2
1330070 1933.2
1330080 1937.7
1330090 1942.7
1330100 1942.7
1330110 1948.3
1330120 1954.2
1330130 1954.2
1330140 1960.1
1330150 1966.2
1330160 1966.2
1330170 1972.2
1330180 1978.1
1330190 1978.1
1330200 1984.1
1330210 1989.8
1330220 1989.8
1330230 1995.1
1330240 2002.3
1330250 2002.3
1330260 2008.0
1330270 2014.3
1330280 2014.3
1330290 2020.3
1330300 2025.6
1330310 2030.6
1330320 2030.6
1330330 2035.0
1330340 2038.5
1330350 2038.5
1330360 2042.1
1330370 2043.0
1330380 2043.0
1330390 2041.3
1330400 2042.4
1330410 2042.4
1330420 2039.5
1330430 2032.2
1330440 2032.2
1330450 2025.7
1330460 2019.0
1330470 2019.0
1330480 2013.1
1330490 2007.1
1330500 2007.1
1330510 2002.2
1330520 1997.1
1330530 1997.1
1330540 1993.6
1330550 1992.1
1330560 1989.5
1330570 1989.5
1330580 1987.7
1330590 1984.2
1330600 1984.2
1330610 1983.6
1330620 1983.9
1330630 1983.9
1330640 1982.6
1330650 1980.6
1330660 1980.6
1330670 1978.7
1330680 1975.3
1330690 1975.3
1330700 1973.6
1330710 1973.7
1330720 1973.7
1330730 1972.8
1330740 1970.8
1330750 1970.8
1330760 1969.8
1330770 1969.4
1330780 1969.4
1330790 1971.0
1330800 1972.5
1330810 1972.5
1330820 1973.5
1330830 1974.5
1330840 1973.5
1330850 1973.5
1330860 1972.3
1330870 1971.8
1330880 1971.8
1330890 1969.6
1330900 1967.6
1330910 1967.6
1330920 1965.3
1330930 1962.7
1330940 1962.7
1330950 1960.2
1330960 1958.5
1330970 1958.5
1330980 1956.0
1330990 1952.5
1331000 1952.5
1331010 1949.6
1331020 1945.3
1331030 1945.3
1331040 1938.7
1331050 1933.0
1331060 1933.0
1331070 1928.8
1331080 1922.0
1331090 1922.0
1331100 1915.3
1331110 1908.5
1331120 1902.2
1331130 1902.2
1331140 1896.2
1331150 1890.8
1331160 1890.8
1331170 1885.4
1331180 1881.4
1331190 1881.4
1331200 1876.4
1331210 1868.4
1331220 1868.4
1331230 1860.6
1331240 1853.5
1331250 1853.5
1331260 1846.7
1331270 1840.7
1331280 1840.7
1331290 1835.0
1331300 1829.3
1331310 1829.3
1331320 1823.5
1331330 1817.5
1331340 1817.5
1331350 1811.0
1331360 1804.6
1331370 1798.4
1331380 1798.4
1331390 1792.8
1331400 1786.9
1331410 1786.9
1331420 1780.7
1331430 1774.1
1331440 1774.1
1331450 1767.1
1331460 1760.9
1331470 1760.9
1331480 1754.8
1331490 1748.8
1331500 1748.8
1331510 1742.3
1331520 1735.7
1331530 1735.7
1331540 1729.9
1331550 1723.6
1331560 1723.6
1331570 1716.5
1331580 1709.2
1331590 1709.2
1331600 1702.0
1331610 1695.2
1331620 1695.2
1331630 1688.5
1331640 1681.7
1331650 1675.2
1331660 1675.2
1331670 1668.3
1331680 1661.8
1331690 1661.8
1331700 1655.9
1331710 1648.9
1331720 1648.9
1331730 1641.4
1331740 1636.2
1331750 1636.2
1331760 1632.0
1331770 1628.6
1331780 1628.6
1331790 1625.5
1331800 1622.2
1331810 1622.2
1331820 1618.7
1331830 1615.2
1331840 1615.2
1331850 1611.6
1331860 1609.1
1331870 1609.1
1331880 1606.2
1331890 1602.9
1331900 1605.6
1331910 1601.1
1331920 1594.3
1331930 1587.8
1331940 1587.8
1331950 1582.4
1331960 1578.0
1331970 1578.0
1331980 1573.7
1331990 1573.7
1332000 1573.7
1332010 1583.5
1332020 1592.9
1332030 1592.9
1332040 1600.3
1332050 1605.1
1332060 1605.1
1332070 1608.8
1332080 1612.6
1332090 1612.6
1332100 1617.6
1332110 1622.5
1332120 1622.5
1332130 1627.2
1332140 1631.4
1332150 1631.4
1332160 1634.9
1332170 1638.0
1332180 1641.3
1332190 1641.3
1332200 1644.9
1332210 1649.7
1332220 1649.7
1332230 1654.0
1332240 1656.8
1332250 1656.8
1332260 1659.8
1332270 1662.8
1332280 1662.8
1332290 1665.9
1332300 1669.3
1332310 1669.3
1332320 1673.2
1332330 1677.6
1332340 1677.6
1332350 1682.3
1332360 1686.9
1332370 1686.9
1332380 1691.8
1332390 1696.8
1332400 1696.8
1332410 1700.9
1332420 1705.6
1332430 1705.6
1332440 1710.5
1332450 1715.7
1332460 1720.9
1332470 1720.9
1332480 1725.3
1332490 1730.0
1332500 1730.0
1332510 1735.8
1332520 1740.6
1332530 1740.6
1332540 1745.3
1332550 1749.9
1332560 1749.9
1332570 1754.6
1332580 1759.1
1332590 1759.1
1332600 1763.6
1332610 1768.0
1332620 1768.0
1332630 1772.4
1332640 1776.4
1332650 1776.4
1332660 1780.0
1332670 1783.8
1332680 1783.8
1332690 1788.1
1332700 1793.0
1332710 1797.9
1332720 1797.9
1332730 1802.8
1332740 1805.6
1332750 1805.6
1332760 1810.8
1332770 1816.1
1332780 1816.1
1332790 1821.9
1332800 1829.1
1332810 1829.1
1332820 1836.2
1332830 1841.2
1332840 1841.2
1332850 1845.5
1332860 1851.5
1332870 1851.5
1332880 1859.0
1332890 1865.6
1332900 1865.6
1332910 1871.5
1332920 1877.6
1332930 1877.6
1332940 1883.1
1332950 1888.3
1332960 1888.3
1332970 1893.4
1332980 1898.5
1332990 1904.1
1333000 1904.1
1333010 1910.4
1333020 1917.0
1333030 1917.0
1333040 1924.0
1333050 1930.8
1333060 1930.8
1333070 1937.7
1333080 1944.2
1333090 1944.2
1333100 1951.4
1333110 1958.1
1333120 1958.1
1333130 1963.9
1333140 1969.5
1333150 1969.5
1333160 1974.6
1333170 1979.8
1333180 1979.8
1333190 1984.5
1333200 1989.3
1333210 1989.3
1333220 1993.6
1333230 1996.9
1333240 1996.9
1333250 2001.5
1333260 2007.4
1333270 2013.4
1333280 2013.4
1333290 2018.0
1333300 2020.7
1333310 2020.7
1333320 2023.1
1333330 2027.1
1333340 2027.1
1333350 2031.8
1333360 2036.6
1333370 2036.6
1333380 2041.2
1333390 2046.2
1333400 2046.2
1333410 2050.5
1333420 2054.1
1333430 2054.1
1333440 2058.3
1333450 2062.4
1333460 2062.4
1333470 2065.5
1333480 2068.4
1333490 2068.4
1333500 2071.1
1333510 2073.2
1333520 2075.2
1333530 2075.2
1333540 2076.7
1333550 2078.2
1333560 2078.2
1333570 2078.8
1333580 2084.5
1333590 2084.5
1333600 2085.0
1333610 2085.4
1333620 2085.4
1333630 2086.0
1333640 2086.8
1333650 2086.8
1333660 2087.8
1333670 2088.9
1333680 2088.9
1333690 2089.0
1333700 2089.4
1333710 2089.4
1333720 2089.1
1333730 2089.2
1333740 2089.2
1333750 2088.8
1333760 2087.9
1333770 2087.9
1333780 2088.0
1333790 2090.7
1333800 2091.2
1333810 2091.2
1333820 2090.1
1333830 2092.2
1333840 2092.2
1333850 2094.9
1333860 2097.4
1333870 2097.4
1333880 2098.1
1333890 2098.2
1333900 2098.2
1333910 2097.5
1333920 2097.7
1333930 2097.7
1333940 2098.1
1333950 2097.8
1333960 2097.8
1333970 2098.4
1333980 2098.6
1333990 2098.6
1334000 2099.8
1334010 2102.3
1334020 2102.3
1334030 2105.5
1334040 2108.8
1334050 2108.8
1334060 2111.6
1334070 2114.9
1334080 2119.5
1334090 2119.5
1334100 2123.9
1334110 2129.9
1334120 2129.9
1334130 2134.7
1334140 2140.6
1334150 2140.6
1334160 2144.5
1334170 2144.3
1334180 2144.3
1334190 2144.2
1334200 2144.2
1334210 2144.2
1334220 2145.2
1334230 2146.9
1334240 2146.9
1334250 2148.6
1334260 2148.9
1334270 2148.9
1334280 2147.8
1334290 2146.2
1334300 2146.2
1334310 2143.6
1334320 2140.8
1334330 2138.4
1334340 2138.4
1334350 2136.6
1334360 2137.3
1334370 2137.3
1334380 2138.9
1334390 2141.6
1334400 2141.6
1334410 2144.1
1334420 2149.7
1334430 2149.7
1334440 2153.8
1334450 2157.7
1334460 2157.7
1334470 2161.3
1334480 2162.8
1334490 2162.8
1334500 2164.6
1334510 2167.3
1334520 2167.3
1334530 2167.7
1334540 2167.1
1334550 2167.1
1334560 2164.7
1334570 2160.5
1334580 2160.5
1334590 2157.8
1334600 2154.7
1334610 2151.2
1334620 2151.2
1334630 2149.0
1334640 2148.4
1334650 2148.4
1334660 2148.3
1334670 2148.9
1334680 2148.9
1334690 2149.0
1334700 2146.4
1334710 2146.4
1334720 2144.1
1334730 2142.5
1334740 2142.5
1334750 2137.5
1334760 2130.8
1334770 2130.8
1334780 2125.8
1334790 2121.4
1334800 2121.4
1334810 2116.7
1334820 2112.7
1334830 2112.7
1334840 2110.2
1334850 2109.0
1334860 2108.3
1334870 2108.3
1334880 2108.4
1334890 2108.5
1334900 2108.5
1334910 2108.8
1334920 2108.8
1334930 2108.8
1334940 2108.4
1334950 2107.3
1334960 2107.3
1334970 2106.3
1334980 2105.0
1334990 2105.0
1335000 2102.9
1335010 2101.8
1335020 2101.8
1335030 2100.9
1335040 2101.2
1335050 2101.2
1335060 2102.4
1335070 2102.9
1335080 2102.9
1335090 2103.0
1335100 2103.1
1335110 2103.1
1335120 2103.3
1335130 2103.2
1335140 2103.0
1335150 2103.0
1335160 2102.2
1335170 2100.1
1335180 2100.1
1335190 2096.9
1335200 2092.2
1335210 2092.2
1335220 2088.7
1335230 2085.2
1335240 2085.2
1335250 2082.7
1335260 2082.1
1335270 2087.4
1335280 2084.9
1335290 2082.2
1335300 2082.2
1335310 2079.9
1335320 2076.8
1335330 2076.8
1335340 2069.8
1335350 2059.6
1335360 2059.6
1335370 2048.4
1335380 2040.5
1335390 2040.5
1335400 2034.2
1335410 2028.1
1335420 2023.7
1335430 2023.7
1335440 2020.7
1335450 2018.3
1335460 2018.3
1335470 2016.4
1335480 2015.7
1335490 2015.7
1335500 2014.7
1335510 2013.3
1335520 2013.3
1335530 2012.0
1335540 2009.8
1335550 2009.8
1335560 2009.1
1335570 2008.8
1335580 2008.8
1335590 2007.9
1335600 2004.0
1335610 2004.0
1335620 1997.8
1335630 1992.8
1335640 1992.8
1335650 1987.3
1335660 1981.3
1335670 1976.0
1335680 1976.0
1335690 1971.0
1335700 1965.3
1335710 1965.3
1335720 1958.4
1335730 1951.1
1335740 1951.1
1335750 1944.0
1335760 1934.4
1335770 1934.4
1335780 1924.9
1335790 1915.0
1335800 1915.0
1335810 1909.0
1335820 1907.0
1335830 1907.0
1335840 1906.5
1335850 1904.9
1335860 1904.9
1335870 1898.3
1335880 1890.6
1335890 1890.6
1335900 1884.1
1335910 1878.1
1335920 1878.1
1335930 1872.7
1335940 1868.3
1335950 1864.5
1335960 1864.5
1335970 1862.9
1335980 1861.9
1335990 1861.9
1336000 1859.0
1336010 1854.9
1336020 1854.9
1336030 1850.7
1336040 1846.8
1336050 1846.8
1336060 1843.6
1336070 1841.7
1336080 1841.7
1336090 1839.1
1336100 1836.3
1336110 1836.3
1336120 1834.1
1336130 1829.9
1336140 1829.9
1336150 1826.7
1336160 1824.6
1336170 1824.6
1336180 1822.4
1336190 1819.0
1336200 1819.0
1336210 1815.5
1336220 1812.5
1336230 1809.5
1336240 1809.5
1336250 1806.9
1336260 1803.8
1336270 1803.8
1336280 1801.2
1336290 1799.5
1336300 1799.5
1336310 1798.2
1336320 1797.3
1336330 1797.3
1336340 1797.8
1336350 1797.1
1336360 1797.1
1336370 1795.5
1336380 1793.1
1336390 1793.1
1336400 1790.8
1336410 1785.2
1336420 1785.2
1336430 1778.8
1336440 1782.5
1336450 1782.5
1336460 1783.7
1336470 1782.7
1336480 1782.1
1336490 1782.1
1336500 1783.1
1336510 1784.0
1336520 1784.0
1336530 1783.4
1336540 1782.5
1336550 1782.5
1336560 1782.2
1336570 1783.9
1336580 1783.9
1336590 1786.0
1336600 1789.1
1336610 1789.1
1336620 1792.2
1336630 1792.9
1336640 1792.9
1336650 1793.3
1336660 1796.7
1336670 1796.7
1336680 1801.3
1336690 1804.4
1336700 1804.4
1336710 1806.3
1336720 1807.7
1336730 1807.7
1336740 1810.0
1336750 1812.8
1336760 1816.4
1336770 1816.4
1336780 1819.8
1336790 1822.7
1336800 1822.7
1336810 1824.6
1336820 1825.4
1336830 1825.4
1336840 1824.4
1336850 1825.7
1336860 1825.7
1336870 1829.9
1336880 1834.2
1336890 1834.2
1336900 1838.8
1336910 1846.2
1336920 1846.2
1336930 1854.5
1336940 1859.8
1336950 1859.8
1336960 1865.3
1336970 1872.7
1336980 1872.7
1336990 1885.2
1337000 1888.7
1337010 1891.9
1337020 1891.9
1337030 1895.8
1337040 1899.3
1337050 1899.3
1337060 1904.5
1337070 1908.7
1337080 1908.7
1337090 1913.8
1337100 1920.0
1337110 1920.0
1337120 1925.7
1337130 1929.9
1337140 1929.9
1337150 1934.8
1337160 1938.6
1337170 1938.6
1337180 1943.7
1337190 1949.3
1337200 1949.3
1337210 1953.6
1337220 1957.7
1337230 1957.7
1337240 1960.0
1337250 1961.3
1337260 1961.3
1337270 1963.0
1337280 1964.3
1337290 1965.5
1337300 1965.5
1337310 1967.3
1337320 1968.7
1337330 1968.7
1337340 1970.3
1337350 1973.4
1337360 1973.4
1337370 1976.8
1337380 1984.6
1337390 1984.6
1337400 1994.9
1337410 2001.8
1337420 2001.8
1337430 2008.1
1337440 2015.3
1337450 2015.3
1337460 2023.1
1337470 2031.9
1337480 2031.9
1337490 2039.5
1337500 2046.0
1337510 2046.0
1337520 2052.1
1337530 2061.3
1337540 2061.3
1337550 2071.4
1337560 2082.3
1337570 2091.7
1337580 2091.7
1337590 2099.2
1337600 2106.6
1337610 2106.6
1337620 2110.9
1337630 2115.0
1337640 2115.0
1337650 2118.2
1337660 2121.2
1337670 2121.2
1337680 2124.6
1337690 2129.9
1337700 2129.9
1337710 2136.2
1337720 2142.8
1337730 2142.8
1337740 2148.7
1337750 2153.0
1337760 2153.0
1337770 2154.8
1337780 2157.1
1337790 2157.1
1337800 2160.4
1337810 2163.0
1337820 2165.0
1337830 2165.0
1337840 2166.4
1337850 2166.9
1337860 2168.6
1337870 2171.2
1337880 2174.6
1337890 2174.6
1337900 2177.0
1337910 2179.5
1337920 2179.5
1337930 2178.6
1337940 2175.0
1337950 2175.0
1337960 2170.1
1337970 2168.5
1337980 2168.5
1337990 2166.7
1338000 2160.8
1338010 2160.8
1338020 2158.6
1338030 2156.3
1338040 2156.3
1338050 2152.5
1338060 2146.8
1338070 2146.8
1338080 2141.9
1338090 2141.1
1338100 2141.8
1338110 2141.8
1338120 2142.9
1338130 2144.1
1338140 2144.1
1338150 2145.0
1338160 2143.7
1338170 2143.7
1338180 2137.5
1338190 2129.1
1338200 2129.1
1338210 2124.8
1338220 2116.9
1338230 2116.9
1338240 2109.6
1338250 2102.1
1338260 2102.1
1338270 2096.6
1338280 2096.4
1338290 2096.4
1338300 2097.4
1338310 2099.5
1338320 2099.5
1338330 2099.8
1338340 2100.1
1338350 2098.5
1338360 2098.5
1338370 2095.7
1338380 2091.9
1338390 2091.9
1338400 2086.7
1338410 2074.8
1338420 2074.8
1338430 2064.1
1338440 2056.1
1338450 2056.1
1338460 2049.7
1338470 2042.9
1338480 2042.9
1338490 2036.2
1338500 2030.1
1338510 2030.1
1338520 2025.1
1338530 2019.4
1338540 2019.4
1338550 2015.3
1338560 2011.8
1338570 2011.8
1338580 2008.7
1338590 2005.4
1338600 2005.4
1338610 2002.5
1338620 1998.7
1338630 1993.3
1338640 1993.3
1338650 1987.7
1338660 1984.7
1338670 1984.7
1338680 1978.0
1338690 1967.0
1338700 1967.0
1338710 1958.7
1338720 1955.6
1338730 1955.7
1338740 1954.3
1338750 1950.8
1338760 1950.8
1338770 1948.0
1338780 1947.7
1338790 1947.7
1338800 1948.6
1338810 1947.9
1338820 1947.9
1338830 1945.8
1338840 1940.1
1338850 1940.1
1338860 1927.8
1338870 1918.2
1338880 1918.2
1338890 1911.9
1338900 1904.6
1338910 1898.0
1338920 1898.0
1338930 1891.7
1338940 1885.8
1338950 1885.8
1338960 1878.4
1338970 1869.8
1338980 1869.8
1338990 1862.6
1339000 1856.5
1339010 1856.5
1339020 1850.8
1339030 1845.3
1339040 1845.3
1339050 1839.5
1339060 1833.9
1339070 1833.9
1339080 1828.6
1339090 1822.7
1339100 1822.7
1339110 1814.5
1339120 1806.8
1339130 1806.8
1339140 1800.3
1339150 1795.5
1339160 1791.1
1339170 1791.1
1339180 1786.9
1339190 1782.5
1339200 1782.5
1339210 1777.3
1339220 1771.4
1339230 1771.4
1339240 1765.8
1339250 1760.8
1339260 1760.8
1339270 1754.8
1339280 1749.6
1339290 1749.6
1339300 1744.6
1339310 1738.8
1339320 1738.8
1339330 1732.3
1339340 1726.0
1339350 1726.0
1339360 1720.1
1339370 1714.0
1339380 1714.0
1339390 1707.4
1339400 1703.2
1339410 1703.2
1339420 1698.4
1339430 1693.4
1339440 1689.5
1339450 1689.5
1339460 1685.6
1339470 1682.0
1339480 1682.0
1339490 1677.1
1339500 1672.3
1339510 1672.3
1339520 1667.9
1339530 1664.0
1339540 1664.0
1339550 1658.6
1339560 1652.6
1339570 1652.6
1339580 1646.6
1339590 1640.1
1339600 1634.1
1339610 1629.0
1339620 1623.5
1339630 1623.5
1339640 1618.5
1339650 1613.7
1339660 1613.7
1339670 1606.1
1339680 1597.5
1339690 1597.5
1339700 1589.1
1339710 1581.5
1339720 1574.1
1339730 1574.1
1339740 1566.0
1339750 1558.4
1339760 1558.4
1339770 1551.1
1339780 1544.7
1339790 1544.7
1339800 1538.9
1339810 1533.1
1339820 1533.1
1339830 1527.1
1339840 1520.6
1339850 1520.6
1339860 1514.2
1339870 1508.2
1339880 1508.2
1339890 1501.1
1339900 1493.4
1339910 1493.4
1339920 1486.5
1339930 1479.7
1339940 1479.7
1339950 1472.5
1339960 1466.1
1339970 1460.8
1339980 1460.8
1339990 1456.8
