1320000 679.8
1320010 675.7
1320020 675.7
1320030 671.5
1320040 668.5
1320050 668.5
1320060 665.5
1320070 661.7
1320080 661.7
1320090 657.9
1320100 653.4
1320110 653.4
1320120 648.3
1320130 643.4
1320140 643.4
1320150 639.1
1320160 634.4
1320170 634.4
1320180 629.8
1320190 625.7
1320200 625.7
1320210 621.2
1320220 616.6
1320230 613.4
1320240 613.4
1320250 613.7
1320260 610.7
1320270 610.7
1320280 606.4
1320290 602.2
1320300 602.2
1320310 597.5
1320320 593.0
1320330 593.0
1320340 588.4
1320350 584.5
1320360 584.5
1320370 581.0
1320380 578.1
1320390 578.1
1320400 574.9
1320410 570.6
1320420 570.6
1320430 567.5
1320440 564.8
1320450 564.8
1320460 561.7
1320470 559.5
1320480 559.5
1320490 557.9
1320500 556.8
1320510 556.2
1320520 556.2
1320530 555.7
1320540 555.6
1320550 555.6
1320560 555.5
1320570 555.3
1320580 555.3
1320590 555.2
1320600 554.8
1320610 554.8
1320620 554.6
1320630 554.5
1320640 554.5
1320650 554.4
1320660 554.4
1320670 554.4
1320680 554.2
1320690 554.2
1320700 554.2
1320710 554.1
1320720 554.0
1320730 554.0
1320740 553.9
1320750 553.8
1320760 553.8
1320770 553.6
1320780 553.4
1320790 553.3
1320800 553.3
1320810 553.2
1320820 553.1
1320830 553.1
1320840 553.1
1320850 553.3
1320860 553.3
1320870 553.2
1320880 552.6
1320890 552.6
1320900 552.3
1320910 552.0
1320920 552.0
1320930 551.8
1320940 551.6
1320950 551.6
1320960 551.5
1320970 551.3
1320980 551.3
1320990 551.1
1321000 550.9
1321010 550.9
1321020 550.8
1321030 550.7
1321040 550.6
1321050 550.6
1321060 550.6
1321070 550.5
1321080 550.5
1321090 550.3
1321100 550.1
1321110 550.1
1321120 549.8
1321130 549.6
1321140 549.6
1321150 549.5
1321160 549.1
1321170 549.1
1321180 548.7
1321190 548.6
1321200 548.6
1321210 548.6
1321220 548.5
1321230 548.5
1321240 548.4
1321250 548.3
1321260 548.3
1321270 547.4
1321280 546.3
1321290 546.9
1321300 546.9
1321310 546.5
1321320 546.3
1321330 546.3
1321340 546.2
1321350 546.2
1321360 546.2
1321370 546.2
1321380 546.1
1321390 546.1
1321400 546.1
1321410 546.1
1321420 546.1
1321430 546.0
1321440 546.2
1321450 546.2
1321460 546.5
1321470 546.3
1321480 546.3
1321490 546.0
1321500 546.1
1321510 546.1
1321520 546.1
1321530 546.2
1321540 546.2
1321550 546.3
1321560 546.4
1321570 546.4
1321580 546.5
1321590 546.6
1321600 546.6
1321610 546.6
1321620 546.7
1321630 546.8
1321640 546.8
1321650 547.1
1321660 547.4
1321670 547.4
1321680 547.8
1321690 547.9
1321700 547.9
1321710 548.3
1321720 548.7
1321730 548.7
1321740 549.1
1321750 549.1
1321760 549.1
1321770 549.1
1321780 548.9
1321790 548.9
1321800 547.8
1321810 546.7
1321820 546.7
1321830 546.3
1321840 544.3
1321850 544.3
1321860 544.1
1321870 544.1
1321880 545.5
1321890 545.5
1321900 546.6
1321910 548.6
1321920 548.6
1321930 551.7
1321940 554.2
1321950 554.2
1321960 552.2
1321970 548.8
1321980 548.8
1321990 548.5
1322000 548.2
1322010 548.2
1322020 547.9
1322030 547.6
1322040 547.6
1322050 547.3
1322060 547.0
1322070 547.0
1322080 547.1
1322090 546.9
1322100 546.9
1322110 546.7
1322120 546.5
1322130 546.5
1322140 546.5
1322150 546.5
1322160 546.4
1322170 546.4
1322180 546.4
1322190 546.3
1322200 546.3
1322210 546.3
1322220 546.4
1322230 546.4
1322240 546.4
1322250 546.4
1322260 546.4
1322270 546.2
1322280 545.8
1322290 545.8
1322300 546.3
1322310 546.6
1322320 546.6
1322330 547.0
1322340 547.6
1322350 547.6
1322360 548.3
1322370 549.0
1322380 549.0
1322390 549.8
1322400 550.6
1322410 551.0
1322420 551.0
1322430 551.5
1322440 552.3
1322450 552.3
1322460 553.2
1322470 554.0
1322480 554.0
1322490 554.9
1322500 555.9
1322510 555.9
1322520 556.9
1322530 557.8
1322540 557.8
1322550 558.6
1322560 559.5
1322570 559.5
1322580 560.4
1322590 561.3
1322600 561.3
1322610 562.3
1322620 563.3
1322630 563.3
1322640 564.3
1322650 565.2
1322660 565.2
1322670 565.2
1322680 566.5
1322690 568.2
1322700 568.2
1322710 569.8
1322720 571.6
1322730 571.6
1322740 573.9
1322750 577.4
1322760 577.4
1322770 580.2
1322780 579.5
1322790 579.5
1322800 579.7
1322810 581.0
1322820 581.0
1322830 582.5
1322840 584.7
1322850 584.7
1322860 586.9
1322870 589.6
1322880 589.6
1322890 592.5
1322900 595.3
1322910 595.3
1322920 598.2
1322930 600.8
1322940 603.5
1322950 603.5
1322960 606.8
1322970 611.8
1322980 611.8
1322990 615.9
1323000 618.8
1323010 618.8
1323020 620.4
1323030 620.0
1323040 620.0
1323050 619.4
1323060 618.4
1323070 618.4
1323080 617.5
1323090 618.3
1323100 618.3
1323110 619.1
1323120 620.4
1323130 620.4
1323140 622.3
1323150 625.3
1323160 625.3
1323170 622.3
1323180 622.1
1323190 622.1
1323200 623.8
1323210 625.6
1323220 627.4
1323230 627.4
1323240 629.5
1323250 631.3
1323260 631.3
1323270 632.8
1323280 634.5
1323290 634.5
1323300 636.3
1323310 638.2
1323320 638.2
1323330 639.9
1323340 642.1
1323350 642.1
1323360 645.8
1323370 650.5
1323380 650.5
1323390 654.6
1323400 659.7
1323410 659.7
1323420 666.5
1323430 673.6
1323440 673.6
1323450 679.8
1323460 685.6
1323470 685.6
1323480 691.6
1323490 698.4
1323500 705.0
1323510 705.0
1323520 711.3
1323530 718.0
1323540 718.0
1323550 724.1
1323560 726.7
1323570 726.7
1323580 727.6
1323590 728.9
1323600 728.9
1323610 730.9
1323620 732.7
1323630 732.7
1323640 734.4
1323650 733.3
1323660 733.3
1323670 740.9
1323680 748.4
1323690 748.4
1323700 755.7
1323710 761.6
1323720 761.6
1323730 767.5
1323740 774.9
1323750 781.6
1323760 781.6
1323770 786.8
1323780 791.9
1323790 791.9
1323800 796.9
1323810 803.2
1323820 803.2
1323830 809.8
1323840 816.3
1323850 816.3
1323860 821.8
1323870 826.8
1323880 826.8
1323890 831.5
1323900 835.9
1323910 835.9
1323920 840.7
1323930 845.3
1323940 845.3
1323950 848.0
1323960 849.4
1323970 849.4
1323980 850.4
1323990 852.0
1324000 852.0
1324010 857.1
1324020 863.9
1324030 870.2
1324040 870.2
1324050 876.5
1324060 884.1
1324070 884.1
1324080 892.3
1324090 899.5
1324100 899.5
1324110 905.2
1324120 911.3
1324130 911.3
1324140 917.6
1324150 923.7
1324160 923.7
1324170 929.4
1324180 934.5
1324190 934.5
1324200 939.5
1324210 944.9
1324220 944.9
1324230 950.4
1324240 955.1
1324250 955.1
1324260 958.2
1324270 960.7
1324280 960.7
1324290 965.1
1324300 968.2
1324310 970.3
1324320 970.3
1324330 972.0
1324340 974.1
1324350 974.1
1324360 976.3
1324370 978.4
1324380 978.4
1324390 980.4
1324400 982.2
1324410 982.2
1324420 982.7
1324430 982.2
1324440 979.0
1324450 980.0
1324460 982.8
1324470 982.8
1324480 986.2
1324490 990.1
1324500 990.1
1324510 994.3
1324520 998.4
1324530 998.4
1324540 1002.0
1324550 1004.7
1324560 1006.6
1324570 1006.6
1324580 1008.8
1324590 1013.0
1324600 1013.0
1324610 1017.0
1324620 1020.8
1324630 1020.8
1324640 1024.7
1324650 1028.5
1324660 1028.5
1324670 1032.9
1324680 1038.4
1324690 1038.4
1324700 1044.4
1324710 1050.8
1324720 1050.8
1324730 1057.8
1324740 1065.5
1324750 1065.5
1324760 1071.2
1324770 1075.3
1324780 1075.3
1324790 1078.7
1324800 1082.3
1324810 1082.3
1324820 1086.4
1324830 1090.7
1324840 1094.6
1324850 1094.6
1324860 1098.6
1324870 1102.6
1324880 1102.6
1324890 1106.7
1324900 1111.8
1324910 1111.8
1324920 1116.8
1324930 1120.2
1324940 1120.2
1324950 1121.9
1324960 1124.7
1324970 1124.7
1324980 1127.3
1324990 1129.6
1325000 1129.6
1325010 1132.0
1325020 1134.3
1325030 1134.3
1325040 1136.9
1325050 1139.2
1325060 1139.2
1325070 1141.7
1325080 1144.6
1325090 1144.6
1325100 1147.9
1325110 1150.9
1325120 1153.1
1325130 1153.1
1325140 1155.1
1325150 1157.7
1325160 1157.7
1325170 1161.0
1325180 1164.1
1325190 1164.1
1325200 1167.3
1325210 1170.3
1325220 1170.3
1325230 1173.6
1325240 1172.9
1325250 1172.9
1325260 1174.0
1325270 1175.1
1325280 1175.1
1325290 1177.1
1325300 1177.6
1325310 1177.6
1325320 1177.8
1325330 1179.6
1325340 1179.6
1325350 1180.5
1325360 1180.7
1325370 1180.7
1325380 1181.1
1325390 1181.7
1325400 1183.3
1325410 1183.3
1325420 1185.0
1325430 1186.9
1325440 1186.9
1325450 1188.6
1325460 1190.0
1325470 1190.0
1325480 1191.4
1325490 1192.4
1325500 1192.4
1325510 1193.3
1325520 1194.2
1325530 1194.2
1325540 1194.9
1325550 1195.0
1325560 1195.0
1325570 1193.3
1325580 1192.0
1325590 1192.0
1325600 1191.8
1325610 1192.7
1325620 1192.7
1325630 1193.2
1325640 1193.4
1325650 1193.2
1325660 1193.2
1325670 1192.3
1325680 1191.4
1325690 1191.4
1325700 1190.9
1325710 1190.5
1325720 1190.5
1325730 1189.6
1325740 1188.9
1325750 1188.9
1325760 1188.7
1325770 1188.1
1325780 1188.1
1325790 1187.2
1325800 1186.2
1325810 1186.2
1325820 1183.7
1325830 1180.1
1325840 1180.1
1325850 1176.6
1325860 1175.1
1325870 1175.1
1325880 1174.8
1325890 1175.5
1325900 1175.5
1325910 1174.7
1325920 1172.9
1325930 1169.9
1325940 1169.9
1325950 1166.0
1325960 1163.6
1325970 1163.6
1325980 1162.1
1325990 1160.6
1326000 1160.6
1326010 1159.7
1326020 1159.2
1326030 1159.2
1326040 1155.9
1326050 1155.7
1326060 1155.7
1326070 1155.7
1326080 1155.1
1326090 1155.1
1326100 1153.6
1326110 1152.8
1326120 1152.8
1326130 1151.2
1326140 1148.4
1326150 1148.4
1326160 1144.0
1326170 1137.4
1326180 1137.4
1326190 1133.4
1326200 1130.4
1326210 1128.1
1326220 1128.1
1326230 1126.5
1326240 1125.5
1326250 1125.5
1326260 1125.0
1326270 1125.9
1326280 1125.9
1326290 1126.8
1326300 1126.8
1326310 1126.8
1326320 1126.6
1326330 1126.8
1326340 1126.8
1326350 1126.7
1326360 1126.2
1326370 1126.2
1326380 1125.0
1326390 1123.1
1326400 1123.1
1326410 1120.5
1326420 1119.1
1326430 1119.1
1326440 1118.2
1326450 1117.3
1326460 1116.6
1326470 1116.6
1326480 1113.9
1326490 1110.0
1326500 1110.0
1326510 1108.0
1326520 1107.8
1326530 1107.8
1326540 1109.0
1326550 1110.3
1326560 1110.3
1326570 1109.9
1326580 1108.1
1326590 1108.1
1326600 1105.7
1326610 1103.2
1326620 1103.2
1326630 1101.6
1326640 1101.7
1326650 1101.7
1326660 1102.9
1326670 1104.1
1326680 1104.1
1326690 1104.7
1326700 1102.2
1326710 1102.2
1326720 1096.8
1326730 1092.5
1326740 1087.7
1326750 1087.7
1326760 1083.7
1326770 1080.3
1326780 1080.3
1326790 1077.5
1326800 1077.8
1326810 1077.8
1326820 1078.6
1326830 1079.5
1326840 1079.5
1326850 1071.8
1326860 1072.4
1326870 1072.4
1326880 1070.9
1326890 1067.3
1326900 1067.3
1326910 1063.7
1326920 1060.3
1326930 1060.3
1326940 1056.6
1326950 1057.7
1326960 1057.7
1326970 1056.2
1326980 1055.7
1326990 1055.7
1327000 1054.7
1327010 1049.6
1327020 1043.7
1327030 1043.7
1327040 1043.4
1327050 1043.2
1327060 1043.2
1327070 1036.7
1327080 1031.1
1327090 1031.1
1327100 1027.0
1327110 1020.7
1327120 1020.7
1327130 1017.0
1327140 1014.7
1327150 1014.7
1327160 1013.7
1327170 1012.2
1327180 1012.2
1327190 1011.4
1327200 1012.5
1327210 1012.5
1327220 1011.1
1327230 1009.4
1327240 1009.4
1327250 1008.5
1327260 1006.9
1327270 1004.2
1327280 1004.2
1327290 1000.3
1327300 995.3
1327310 995.3
1327320 991.8
1327330 990.2
1327340 990.2
1327350 990.8
1327360 992.3
1327370 992.3
1327380 993.5
1327390 996.9
1327400 996.9
1327410 1000.0
1327420 1002.2
1327430 1002.2
1327440 1003.6
1327450 1005.1
1327460 1005.1
1327470 1005.9
1327480 1005.4
1327490 1005.4
1327500 1005.2
1327510 1006.0
1327520 1006.0
1327530 1007.0
1327540 1010.2
1327550 1014.5
1327560 1014.5
1327570 1016.0
1327580 1018.1
1327590 1018.1
1327600 1019.9
1327610 1024.6
1327620 1024.6
1327630 1034.1
1327640 1044.9
1327650 1044.9
1327660 1057.0
1327670 1066.4
1327680 1066.4
1327690 1073.9
1327700 1081.8
1327710 1081.8
1327720 1089.0
1327730 1096.1
1327740 1096.1
1327750 1102.7
1327760 1109.0
1327770 1109.0
1327780 1115.0
1327790 1121.1
1327800 1121.1
1327810 1128.4
1327820 1135.5
1327830 1142.1
1327840 1142.1
1327850 1148.3
1327860 1154.7
1327870 1154.7
1327880 1159.6
1327890 1162.4
1327900 1162.4
1327910 1164.0
1327920 1164.9
1327930 1164.9
1327940 1166.4
1327950 1169.4
1327960 1169.4
1327970 1170.6
1327980 1172.2
1327990 1172.2
1328000 1174.2
1328010 1174.2
1328020 1174.2
1328030 1176.1
1328040 1179.7
1328050 1179.7
1328060 1185.2
1328070 1193.5
1328080 1193.5
1328090 1200.6
1328100 1207.4
1328110 1213.8
1328120 1213.8
1328130 1217.7
1328140 1220.3
1328150 1220.3
1328160 1222.3
1328170 1223.5
1328180 1223.5
1328190 1223.8
1328200 1226.7
1328210 1226.7
1328220 1230.9
1328230 1234.2
1328240 1234.2
1328250 1235.9
1328260 1236.4
1328270 1236.4
1328280 1239.2
1328290 1244.1
1328300 1244.1
1328310 1250.1
1328320 1253.5
1328330 1253.5
1328340 1256.0
1328350 1263.3
1328360 1268.5
1328370 1268.5
1328380 1271.4
1328390 1273.9
1328400 1273.9
1328410 1277.6
1328420 1281.4
1328430 1281.4
1328440 1284.5
1328450 1286.3
1328460 1286.3
1328470 1296.1
1328480 1300.4
1328490 1300.4
1328500 1306.6
1328510 1313.5
1328520 1313.5
1328530 1319.5
1328540 1323.5
1328550 1323.5
1328560 1328.3
1328570 1333.3
1328580 1333.3
1328590 1340.1
1328600 1348.2
1328610 1348.2
1328620 1355.6
1328630 1362.3
1328640 1368.4
1328650 1368.4
1328660 1373.4
1328670 1377.4
1328680 1377.4
1328690 1381.0
1328700 1384.1
1328710 1384.1
1328720 1391.3
1328730 1398.8
1328740 1398.8
1328750 1404.8
1328760 1410.9
1328770 1410.9
1328780 1416.5
1328790 1423.1
1328800 1423.1
1328810 1430.8
1328820 1439.7
1328830 1439.7
1328840 1446.3
1328850 1450.7
1328860 1450.7
1328870 1455.7
1328880 1460.9
1328890 1460.9
1328900 1467.4
1328910 1474.6
1328920 1482.1
1328930 1482.1
1328940 1489.2
1328950 1495.4
1328960 1495.4
1328970 1501.5
1328980 1506.1
1328990 1506.1
1329000 1509.9
1329010 1515.2
1329020 1515.2
1329030 1520.1
1329040 1524.6
1329050 1524.6
1329060 1529.6
1329070 1533.7
1329080 1533.7
1329090 1538.5
1329100 1544.1
1329110 1544.1
1329120 1551.3
1329130 1558.0
1329140 1558.0
1329150 1561.8
1329160 1564.8
1329170 1571.2
1329180 1571.2
1329190 1576.8
1329200 1582.2
1329210 1582.2
1329220 1587.3
1329230 1592.5
1329240 1592.5
1329250 1598.4
1329260 1602.5
1329270 1602.5
1329280 1606.8
1329290 1611.9
1329300 1611.9
1329310 1614.3
1329320 1616.4
1329330 1616.4
1329340 1619.8
1329350 1625.9
1329360 1625.9
1329370 1630.4
1329380 1636.4
1329390 1636.4
1329400 1641.8
1329410 1646.2
1329420 1646.2
1329430 1650.4
1329440 1655.6
1329450 1659.8
1329460 1659.8
1329470 1663.7
1329480 1667.0
1329490 1667.0
1329500 1669.1
1329510 1671.6
1329520 1671.6
1329530 1675.2
1329540 1679.4
1329550 1679.4
1329560 1683.4
1329570 1687.0
1329580 1687.0
1329590 1690.2
1329600 1693.2
1329610 1693.2
1329620 1695.6
1329630 1697.8
1329640 1697.8
1329650 1699.7
1329660 1701.8
1329670 1701.8
1329680 1704.1
1329690 1706.7
1329700 1706.7
1329710 1708.7
1329720 1710.7
1329730 1713.2
1329740 1713.2
1329750 1715.2
1329760 1717.1
1329770 1717.1
1329780 1718.9
1329790 1721.6
1329800 1721.6
1329810 1724.2
1329820 1726.4
1329830 1726.4
1329840 1728.0
1329850 1729.4
1329860 1729.4
1329870 1730.5
1329880 1731.4
1329890 1731.4
1329900 1731.9
1329910 1732.8
1329920 1732.8
1329930 1734.5
1329940 1736.3
1329950 1736.3
1329960 1737.1
1329970 1737.8
1329980 1738.9
1329990 1738.9
1330000 1740.2
1330010 1740.7
1330020 1740.7
1330030 1740.3
1330040 1738.9
1330050 1738.9
1330060 1734.7
1330070 1728.4
1330080 1728.4
1330090 1722.9
1330100 1719.4
1330110 1722.6
1330120 1720.9
1330130 1718.6
1330140 1718.6
1330150 1716.5
1330160 1714.1
1330170 1714.1
1330180 1712.0
1330190 1710.2
1330200 1710.2
1330210 1709.1
1330220 1708.2
1330230 1708.2
1330240 1707.6
1330250 1706.8
1330260 1704.6
1330270 1704.6
1330280 1703.2
1330290 1703.4
1330300 1703.4
1330310 1705.2
1330320 1706.0
1330330 1706.0
1330340 1706.7
1330350 1707.4
1330360 1707.4
1330370 1707.4
1330380 1704.8
1330390 1704.8
1330400 1701.3
1330410 1699.8
1330420 1699.8
1330430 1699.9
1330440 1700.4
1330450 1700.4
1330460 1699.7
1330470 1697.8
1330480 1697.8
1330490 1696.3
1330500 1696.0
1330510 1696.0
1330520 1695.9
1330530 1694.8
1330540 1694.8
1330550 1694.8
1330560 1696.4
1330570 1698.1
1330580 1698.1
1330590 1698.6
1330600 1698.4
1330610 1698.4
1330620 1697.2
1330630 1695.4
1330640 1695.4
1330650 1695.7
1330660 1697.5
1330670 1697.5
1330680 1699.6
1330690 1701.3
1330700 1701.3
1330710 1702.6
1330720 1704.6
1330730 1704.6
1330740 1707.4
1330750 1710.3
1330760 1710.3
1330770 1712.3
1330780 1712.4
1330790 1713.4
1330800 1713.4
1330810 1713.3
1330820 1714.6
1330830 1714.6
1330840 1714.1
1330850 1710.7
1330860 1710.7
1330870 1708.5
1330880 1707.8
1330890 1707.8
1330900 1707.2
1330910 1706.4
1330920 1706.4
1330930 1706.5
1330940 1716.7
1330950 1716.7
1330960 1718.1
1330970 1718.5
1330980 1718.5
1330990 1717.8
1331000 1718.7
1331010 1718.7
1331020 1719.3
1331030 1719.6
1331040 1719.6
1331050 1721.1
1331060 1720.2
1331070 1718.9
1331080 1718.9
1331090 1719.1
1331100 1720.7
1331110 1720.7
1331120 1723.6
1331130 1728.0
1331140 1728.0
1331150 1730.1
1331160 1728.3
1331170 1728.3
1331180 1724.3
1331190 1719.6
1331200 1719.6
1331210 1715.1
1331220 1711.4
1331230 1711.4
1331240 1707.9
1331250 1703.5
1331260 1703.5
1331270 1699.8
1331280 1696.4
1331290 1696.4
1331300 1692.7
1331310 1688.3
1331320 1688.3
1331330 1684.3
1331340 1681.2
1331350 1678.0
1331360 1678.0
1331370 1674.1
1331380 1669.9
1331390 1669.9
1331400 1666.0
1331410 1662.5
1331420 1662.5
1331430 1658.9
1331440 1655.3
1331450 1655.3
1331460 1652.3
1331470 1650.0
1331480 1650.0
1331490 1646.6
1331500 1641.7
1331510 1641.7
1331520 1636.3
1331530 1630.8
1331540 1630.8
1331550 1625.4
1331560 1619.1
1331570 1619.1
1331580 1612.6
1331590 1605.4
1331600 1598.4
1331610 1598.4
1331620 1592.0
1331630 1585.2
1331640 1585.2
1331650 1577.7
1331660 1569.5
1331670 1569.5
1331680 1561.5
1331690 1553.6
1331700 1553.6
1331710 1545.8
1331720 1538.7
1331730 1538.7
1331740 1531.5
1331750 1524.2
1331760 1524.2
1331770 1512.6
1331780 1500.2
1331790 1500.2
1331800 1489.9
1331810 1481.5
1331820 1481.5
1331830 1471.5
1331840 1463.2
1331850 1463.2
1331860 1456.7
1331870 1452.3
1331880 1455.0
1331890 1455.0
1331900 1463.4
1331910 1472.8
1331920 1472.8
1331930 1476.7
1331940 1477.6
1331950 1477.6
1331960 1478.5
1331970 1479.1
1331980 1479.1
1331990 1480.1
1332000 1481.5
1332010 1481.5
1332020 1483.0
1332030 1483.3
1332040 1483.3
1332050 1483.5
1332060 1485.8
1332070 1485.8
1332080 1489.6
1332090 1492.5
1332100 1492.5
1332110 1494.4
1332120 1494.8
1332130 1494.8
1332140 1496.9
1332150 1500.9
1332160 1505.1
1332170 1505.1
1332180 1507.9
1332190 1509.6
1332200 1509.6
1332210 1512.1
1332220 1515.9
1332230 1515.9
1332240 1520.5
1332250 1524.6
1332260 1524.6
1332270 1527.4
1332280 1530.3
1332290 1530.3
1332300 1533.3
1332310 1536.3
1332320 1536.3
1332330 1537.9
1332340 1539.1
1332350 1539.1
1332360 1541.8
1332370 1544.7
1332380 1544.7
1332390 1548.1
1332400 1551.0
1332410 1551.0
1332420 1551.3
1332430 1552.6
1332440 1555.7
1332450 1555.7
1332460 1559.5
1332470 1563.6
1332480 1563.6
1332490 1570.1
1332500 1578.6
1332510 1578.6
1332520 1586.2
1332530 1591.3
1332540 1591.3
1332550 1595.9
1332560 1601.0
1332570 1601.0
1332580 1605.5
1332590 1608.2
1332600 1608.2
1332610 1613.7
1332620 1617.6
1332630 1617.6
1332640 1620.8
1332650 1623.7
1332660 1623.7
1332670 1627.3
1332680 1631.2
1332690 1635.2
1332700 1635.2
1332710 1639.1
1332720 1643.7
1332730 1643.7
1332740 1650.0
1332750 1657.5
1332760 1657.5
1332770 1664.9
1332780 1671.3
1332790 1671.3
1332800 1677.3
1332810 1683.2
1332820 1683.2
1332830 1689.3
1332840 1694.9
1332850 1694.9
1332860 1700.9
1332870 1707.3
1332880 1707.3
1332890 1712.8
1332900 1718.3
1332910 1718.3
1332920 1722.6
1332930 1727.7
1332940 1727.7
1332950 1733.4
1332960 1738.2
1332970 1741.9
1332980 1741.9
1332990 1746.9
1333000 1753.0
1333010 1753.0
1333020 1759.0
1333030 1764.4
1333040 1764.4
1333050 1770.1
1333060 1776.1
1333070 1776.1
1333080 1780.4
1333090 1784.7
1333100 1784.7
1333110 1787.8
1333120 1790.1
1333130 1790.1
1333140 1791.9
1333150 1794.3
1333160 1794.3
1333170 1797.4
1333180 1802.6
1333190 1802.6
1333200 1807.2
1333210 1810.6
1333220 1810.6
1333230 1814.1
1333240 1818.3
1333250 1823.6
1333260 1823.6
1333270 1826.6
1333280 1830.5
1333290 1830.5
1333300 1836.9
1333310 1842.1
1333320 1842.1
1333330 1845.7
1333340 1846.9
1333350 1846.9
1333360 1846.8
1333370 1846.8
1333380 1846.8
1333390 1846.8
1333400 1847.0
1333410 1847.0
1333420 1847.6
1333430 1848.4
1333440 1848.4
1333450 1852.2
1333460 1852.6
1333470 1852.6
1333480 1854.4
1333490 1856.7
1333500 1858.8
1333510 1858.8
1333520 1861.0
1333530 1863.5
1333540 1863.5
1333550 1865.2
1333560 1865.7
1333570 1865.7
1333580 1865.2
1333590 1865.0
1333600 1865.0
1333610 1869.0
1333620 1872.1
1333630 1872.1
1333640 1871.9
1333650 1871.2
1333660 1871.2
1333670 1867.6
1333680 1860.9
1333690 1860.9
1333700 1853.4
1333710 1855.4
1333720 1855.4
1333730 1870.4
1333740 1876.3
1333750 1876.3
1333760 1876.6
1333770 1877.0
1333780 1877.4
1333790 1877.4
1333800 1878.3
1333810 1878.7
1333820 1878.7
1333830 1880.5
1333840 1881.7
1333850 1881.7
1333860 1881.5
1333870 1882.6
1333880 1882.6
1333890 1884.9
1333900 1886.0
1333910 1886.0
1333920 1887.3
1333930 1889.5
1333940 1889.5
1333950 1888.6
1333960 1887.5
1333970 1887.5
1333980 1882.9
1333990 1882.8
1334000 1882.8
1334010 1889.7
1334020 1892.9
1334030 1892.9
1334040 1894.9
1334050 1897.0
1334060 1899.1
1334070 1899.1
1334080 1901.8
1334090 1905.3
1334100 1905.3
1334110 1909.0
1334120 1913.5
1334130 1913.5
1334140 1918.3
1334150 1922.6
1334160 1922.6
1334170 1924.8
1334180 1924.0
1334190 1924.0
1334200 1919.5
1334210 1914.7
1334220 1914.7
1334230 1910.9
1334240 1908.3
1334250 1908.3
1334260 1906.5
1334270 1904.4
1334280 1904.4
1334290 1906.8
1334300 1904.3
1334310 1902.2
1334320 1902.2
1334330 1901.0
1334340 1899.7
1334350 1899.7
1334360 1898.5
1334370 1896.9
1334380 1896.9
1334390 1894.2
1334400 1896.5
1334410 1896.5
1334420 1897.5
1334430 1898.6
1334440 1898.6
1334450 1898.0
1334460 1894.5
1334470 1894.5
1334480 1898.4
1334490 1900.9
1334500 1900.9
1334510 1902.2
1334520 1903.6
1334530 1903.6
1334540 1904.1
1334550 1903.1
1334560 1903.1
1334570 1902.6
1334580 1902.2
1334590 1902.2
1334600 1902.2
1334610 1902.8
1334620 1903.5
1334630 1903.5
1334640 1903.9
1334650 1904.8
1334660 1904.8
1334670 1905.8
1334680 1907.1
1334690 1907.1
1334700 1908.4
1334710 1909.9
1334720 1909.9
1334730 1912.1
1334740 1914.2
1334750 1914.2
1334760 1915.5
1334770 1916.6
1334780 1916.6
1334790 1918.4
1334800 1920.5
1334810 1920.5
1334820 1922.6
1334830 1925.2
1334840 1925.2
1334850 1928.0
1334860 1930.6
1334870 1933.8
1334880 1933.8
1334890 1937.7
1334900 1941.0
1334910 1941.0
1334920 1944.0
1334930 1946.2
1334940 1946.2
1334950 1947.9
1334960 1949.4
1334970 1949.4
1334980 1951.3
1334990 1953.9
1335000 1953.9
1335010 1956.1
1335020 1958.3
1335030 1958.3
1335040 1960.2
1335050 1962.1
1335060 1962.1
1335070 1963.8
1335080 1965.7
1335090 1965.7
1335100 1968.1
1335110 1970.4
1335120 1973.4
1335130 1973.4
1335140 1976.4
1335150 1978.2
1335160 1978.2
1335170 1978.2
1335180 1978.0
1335190 1978.0
1335200 1977.5
1335210 1977.0
1335220 1977.0
1335230 1976.0
1335240 1974.8
1335250 1974.8
1335260 1973.8
1335270 1973.5
1335280 1973.5
1335290 1972.9
1335300 1972.2
1335310 1972.2
1335320 1971.0
1335330 1969.8
1335340 1969.8
1335350 1969.1
1335360 1967.4
1335370 1967.4
1335380 1965.8
1335390 1964.6
1335400 1964.3
1335410 1964.3
1335420 1964.0
1335430 1963.6
1335440 1963.6
1335450 1963.3
1335460 1963.6
1335470 1963.6
1335480 1963.5
1335490 1962.9
1335500 1962.9
1335510 1961.9
1335520 1959.7
1335530 1959.7
1335540 1957.2
1335550 1954.8
1335560 1954.8
1335570 1953.1
1335580 1952.0
1335590 1952.0
1335600 1951.5
1335610 1950.8
1335620 1950.8
1335630 1950.4
1335640 1950.0
1335650 1950.0
1335660 1948.5
1335670 1947.6
1335680 1946.9
1335690 1946.9
1335700 1945.4
1335710 1943.9
1335720 1943.9
1335730 1942.8
1335740 1941.7
1335750 1941.7
1335760 1939.0
1335770 1935.0
1335780 1935.0
1335790 1930.9
1335800 1928.7
1335810 1928.7
1335820 1925.3
1335830 1920.6
1335840 1920.6
1335850 1916.3
1335860 1911.9
1335870 1911.9
1335880 1907.3
1335890 1904.7
1335900 1904.7
1335910 1902.5
1335920 1900.0
1335930 1897.8
1335940 1897.8
1335950 1895.7
1335960 1893.4
1335970 1893.4
1335980 1891.3
1335990 1889.4
1336000 1888.6
1336010 1886.7
1336020 1884.6
1336030 1884.6
1336040 1882.0
1336050 1880.3
1336060 1880.3
1336070 1878.7
1336080 1876.9
1336090 1876.9
1336100 1874.3
1336110 1871.9
1336120 1871.9
1336130 1869.7
1336140 1867.7
1336150 1867.7
1336160 1865.4
1336170 1863.1
1336180 1863.1
1336190 1860.4
1336200 1854.2
1336210 1845.3
1336220 1845.3
1336230 1838.6
1336240 1834.4
1336250 1834.4
1336260 1831.0
1336270 1827.6
1336280 1827.6
1336290 1822.4
1336300 1818.3
1336310 1818.3
1336320 1814.1
1336330 1809.3
1336340 1809.3
1336350 1804.2
1336360 1796.7
1336370 1796.7
1336380 1790.2
1336390 1784.8
1336400 1784.8
1336410 1779.5
1336420 1775.1
1336430 1775.1
1336440 1772.3
1336450 1768.2
1336460 1768.2
1336470 1762.3
1336480 1756.6
1336490 1753.6
1336500 1753.6
1336510 1751.6
1336520 1747.4
1336530 1747.4
1336540 1742.4
1336550 1738.9
1336560 1738.9
1336570 1737.0
1336580 1735.7
1336590 1735.7
1336600 1734.7
1336610 1734.1
1336620 1734.1
1336630 1734.9
1336640 1737.6
1336650 1737.6
1336660 1739.1
1336670 1738.5
1336680 1738.5
1336690 1735.4
1336700 1731.1
1336710 1731.1
1336720 1726.7
1336730 1722.6
1336740 1722.6
1336750 1718.9
1336760 1714.6
1336770 1709.1
1336780 1709.1
1336790 1704.2
1336800 1698.2
1336810 1698.2
1336820 1694.1
1336830 1697.6
1336840 1697.6
1336850 1703.3
1336860 1714.3
1336870 1714.3
1336880 1716.0
1336890 1719.3
1336900 1719.3
1336910 1722.9
1336920 1727.7
1336930 1727.7
1336940 1731.8
1336950 1735.2
1336960 1735.2
1336970 1737.7
1336980 1740.2
1336990 1740.2
1337000 1742.2
1337010 1744.3
1337020 1745.8
1337030 1745.8
1337040 1746.6
1337050 1747.6
1337060 1747.6
1337070 1749.3
1337080 1751.4
1337090 1751.4
1337100 1754.5
1337110 1757.1
1337120 1757.1
1337130 1761.5
1337140 1766.6
1337150 1766.6
1337160 1773.1
1337170 1778.5
1337180 1778.5
1337190 1781.4
1337200 1783.4
1337210 1783.4
1337220 1787.7
1337230 1792.7
1337240 1792.7
1337250 1796.4
1337260 1800.2
1337270 1800.2
1337280 1804.8
1337290 1809.0
1337300 1812.7
1337310 1812.7
1337320 1817.3
1337330 1822.7
1337340 1822.7
1337350 1827.1
1337360 1831.0
1337370 1831.0
1337380 1834.6
1337390 1838.1
1337400 1838.1
1337410 1841.0
1337420 1844.8
1337430 1844.8
1337440 1852.4
1337450 1860.9
1337460 1860.9
1337470 1868.9
1337480 1875.2
1337490 1875.2
1337500 1880.0
1337510 1886.5
1337520 1886.5
1337530 1894.4
1337540 1898.9
1337550 1898.9
1337560 1902.6
1337570 1908.5
1337580 1914.4
1337590 1914.4
1337600 1920.6
1337610 1928.8
1337620 1928.8
1337630 1936.1
1337640 1941.1
1337650 1941.1
1337660 1947.3
1337670 1954.6
1337680 1954.6
1337690 1961.5
1337700 1966.0
1337710 1966.0
1337720 1969.3
1337730 1974.5
1337740 1974.5
1337750 1978.9
1337760 1982.8
1337770 1982.8
1337780 1986.1
1337790 1988.7
1337800 1988.7
1337810 1991.1
1337820 1993.3
1337830 1995.3
1337840 1995.3
1337850 1997.7
1337860 1999.0
1337870 1999.0
1337880 1998.2
1337890 1997.2
1337900 1997.2
1337910 1996.1
1337920 1994.2
1337930 1994.2
1337940 1993.3
1337950 1993.3
1337960 1993.3
1337970 1993.5
1337980 1993.9
1337990 1993.9
1338000 1994.2
1338010 1994.0
1338020 1994.0
1338030 1993.1
1338040 1992.2
1338050 1992.2
1338060 1990.6
1338070 1988.7
1338080 1988.7
1338090 1988.0
1338100 1988.3
1338110 1988.4
1338120 1988.4
1338130 1988.5
1338140 1988.6
1338150 1988.6
1338160 1988.8
1338170 1988.5
1338180 1988.5
1338190 1988.1
1338200 1988.3
1338210 1988.3
1338220 1988.5
1338230 1987.7
1338240 1987.7
1338250 1985.7
1338260 1983.9
1338270 1983.9
1338280 1980.6
1338290 1976.3
1338300 1976.3
1338310 1973.1
1338320 1970.6
1338330 1970.6
1338340 1968.1
1338350 1966.5
1338360 1966.5
1338370 1965.7
1338380 1964.7
1338390 1963.0
1338400 1963.0
1338410 1961.2
1338420 1958.7
1338430 1958.7
1338440 1955.9
1338450 1953.6
1338460 1953.6
1338470 1952.1
1338480 1950.7
1338490 1950.7
1338500 1949.8
1338510 1949.2
1338520 1949.2
1338530 1948.3
1338540 1947.2
1338550 1947.2
1338560 1946.2
1338570 1944.5
1338580 1944.5
1338590 1941.5
1338600 1938.8
1338610 1938.8
1338620 1934.9
1338630 1930.4
1338640 1926.2
1338650 1926.2
1338660 1921.7
1338670 1916.4
1338680 1916.4
1338690 1912.1
1338700 1908.0
1338710 1908.0
1338720 1904.6
1338730 1901.6
1338740 1901.6
1338750 1900.1
1338760 1898.0
1338770 1898.0
1338780 1896.1
1338790 1894.7
1338800 1894.7
1338810 1892.7
1338820 1891.6
1338830 1891.6
1338840 1889.3
1338850 1887.7
1338860 1887.7
1338870 1885.8
1338880 1883.6
1338890 1883.6
1338900 1880.0
1338910 1876.0
1338920 1873.0
1338930 1873.0
1338940 1869.7
1338950 1866.7
1338960 1866.7
1338970 1863.6
1338980 1859.9
1338990 1859.9
1339000 1856.9
1339010 1854.9
1339020 1854.9
1339030 1853.3
1339040 1850.9
1339050 1850.9
1339060 1847.7
1339070 1844.3
1339080 1844.3
1339090 1841.7
1339100 1838.8
1339110 1838.8
1339120 1836.4
1339130 1834.4
1339140 1834.4
1339150 1833.8
1339160 1833.3
1339170 1833.3
1339180 1831.0
1339190 1829.6
1339200 1829.6
1339210 1829.6
1339220 1830.8
1339230 1832.0
1339240 1832.0
1339250 1832.9
1339260 1832.7
1339270 1832.7
1339280 1832.9
1339290 1833.3
1339300 1833.3
1339310 1833.1
1339320 1832.8
1339330 1832.8
1339340 1833.5
1339350 1833.4
1339360 1833.4
1339370 1833.2
1339380 1832.4
1339390 1832.4
1339400 1831.0
1339410 1828.7
1339420 1828.7
1339430 1824.9
1339440 1822.4
1339450 1820.4
1339460 1820.4
1339470 1810.4
1339480 1807.4
1339490 1807.4
1339500 1803.9
1339510 1800.7
1339520 1800.7
1339530 1796.8
1339540 1792.6
1339550 1792.6
1339560 1788.7
1339570 1784.8
1339580 1784.8
1339590 1781.4
1339600 1778.6
1339610 1778.6
1339620 1776.2
1339630 1773.2
1339640 1773.2
1339650 1770.7
1339660 1767.6
1339670 1767.6
1339680 1763.9
1339690 1759.8
1339700 1759.8
1339710 1755.8
1339720 1752.2
1339730 1748.1
1339740 1748.1
1339750 1744.4
1339760 1740.8
1339770 1740.8
1339780 1737.4
1339790 1732.5
1339800 1732.5
1339810 1726.5
1339820 1720.3
1339830 1720.3
1339840 1715.2
1339850 1711.0
1339860 1711.0
1339870 1707.4
1339880 1703.6
1339890 1703.6
1339900 1698.2
1339910 1693.9
1339920 1693.9
1339930 1690.9
1339940 1686.8
1339950 1686.8
1339960 1682.2
1339970 1677.3
1339980 1677.3
1339990 1671.6
