1320000 551.0
1320010 550.9
1320020 550.9
1320030 550.7
1320040 550.6
1320050 550.6
1320060 550.5
1320070 550.4
1320080 550.4
1320090 550.3
1320100 550.0
1320110 550.0
1320120 549.8
1320130 549.6
1320140 549.6
1320150 549.4
1320160 549.4
1320170 549.4
1320180 549.7
1320190 549.3
1320200 548.8
1320210 548.8
1320220 548.6
1320230 548.4
1320240 548.4
1320250 548.2
1320260 548.0
1320270 548.0
1320280 547.7
1320290 547.1
1320300 547.1
1320310 546.0
1320320 544.5
1320330 544.5
1320340 543.1
1320350 542.2
1320360 542.2
1320370 540.8
1320380 540.5
1320390 540.5
1320400 541.2
1320410 541.2
1320420 541.2
1320430 541.3
1320440 541.3
1320450 541.3
1320460 541.2
1320470 541.2
1320480 541.3
1320490 541.3
1320500 541.7
1320510 542.3
1320520 542.3
1320530 542.5
1320540 541.8
1320550 541.8
1320560 541.7
1320570 541.8
1320580 541.8
1320590 541.8
1320600 541.8
1320610 541.8
1320620 541.7
1320630 541.4
1320640 541.4
1320650 541.4
1320660 541.4
1320670 541.4
1320680 541.4
1320690 541.5
1320700 541.5
1320710 541.5
1320720 541.5
1320730 541.5
1320740 541.4
1320750 541.6
1320760 541.7
1320770 541.7
1320780 541.8
1320790 541.8
1320800 541.8
1320810 541.9
1320820 542.0
1320830 542.0
1320840 542.0
1320850 542.1
1320860 542.1
1320870 542.2
1320880 542.3
1320890 542.3
1320900 542.6
1320910 542.9
1320920 542.9
1320930 542.7
1320940 542.3
1320950 542.3
1320960 542.2
1320970 542.2
1320980 542.2
1320990 542.2
1321000 542.2
1321010 542.3
1321020 542.3
1321030 542.3
1321040 542.3
1321050 542.3
1321060 542.2
1321070 542.2
1321080 542.2
1321090 542.4
1321100 541.5
1321110 541.5
1321120 541.3
1321130 542.5
1321140 542.5
1321150 542.6
1321160 542.6
1321170 542.6
1321180 542.5
1321190 542.4
1321200 542.4
1321210 542.3
1321220 542.3
1321230 542.3
1321240 542.3
1321250 542.4
1321260 542.4
1321270 542.4
1321280 542.4
1321290 542.6
1321300 542.6
1321310 542.5
1321320 542.4
1321330 542.4
1321340 542.4
1321350 542.5
1321360 542.5
1321370 542.6
1321380 542.6
1321390 542.6
1321400 542.7
1321410 542.7
1321420 542.7
1321430 542.7
1321440 542.9
1321450 542.9
1321460 543.0
1321470 543.2
1321480 543.2
1321490 543.2
1321500 543.4
1321510 543.4
1321520 543.2
1321530 543.3
1321540 543.3
1321550 543.5
1321560 543.6
1321570 543.6
1321580 543.6
1321590 543.7
1321600 543.8
1321610 543.8
1321620 543.7
1321630 543.5
1321640 543.5
1321650 543.6
1321660 543.6
1321670 543.6
1321680 543.7
1321690 543.8
1321700 543.8
1321710 543.9
1321720 544.0
1321730 544.0
1321740 544.2
1321750 544.6
1321760 544.6
1321770 545.1
1321780 542.4
1321790 542.4
1321800 540.9
1321810 540.8
1321820 540.8
1321830 541.0
1321840 542.7
1321850 544.4
1321860 544.4
1321870 545.7
1321880 546.0
1321890 546.0
1321900 546.2
1321910 546.1
1321920 546.1
1321930 546.0
1321940 546.1
1321950 546.1
1321960 550.1
1321970 557.4
1321980 557.4
1321990 564.6
1322000 571.5
1322010 571.5
1322020 579.4
1322030 587.5
1322040 587.5
1322050 595.2
1322060 603.5
1322070 603.5
1322080 611.6
1322090 618.9
1322100 627.1
1322110 627.1
1322120 634.1
1322130 642.1
1322140 642.1
1322150 650.3
1322160 658.4
1322170 658.4
1322180 669.7
1322190 678.1
1322200 678.1
1322210 683.8
1322220 688.6
1322230 688.6
1322240 693.4
1322250 698.6
1322260 698.6
1322270 704.5
1322280 712.3
1322290 712.3
1322300 725.3
1322310 729.3
1322320 729.3
1322330 736.4
1322340 747.8
1322350 747.8
1322360 752.9
1322370 761.1
1322380 769.1
1322390 769.1
1322400 776.7
1322410 783.8
1322420 783.8
1322430 791.6
1322440 799.7
1322450 799.7
1322460 810.6
1322470 819.7
1322480 819.7
1322490 828.3
1322500 844.6
1322510 844.6
1322520 853.0
1322530 857.1
1322540 857.1
1322550 861.4
1322560 868.6
1322570 868.6
1322580 878.5
1322590 887.1
1322600 887.1
1322610 893.0
1322620 895.3
1322630 895.3
1322640 896.2
1322650 895.8
1322660 896.0
1322670 896.0
1322680 897.3
1322690 900.4
1322700 900.4
1322710 905.9
1322720 912.1
1322730 912.1
1322740 915.0
1322750 915.7
1322760 915.7
1322770 914.7
1322780 916.2
1322790 916.2
1322800 919.7
1322810 920.2
1322820 920.2
1322830 919.8
1322840 919.9
1322850 919.9
1322860 920.0
1322870 921.9
1322880 921.9
1322890 924.6
1322900 927.6
1322910 927.6
1322920 930.9
1322930 934.9
1322940 940.1
1322950 940.1
1322960 945.6
1322970 950.9
1322980 950.9
1322990 956.3
1323000 961.0
1323010 961.0
1323020 967.0
1323030 976.1
1323040 976.1
1323050 986.4
1323060 997.5
1323070 997.5
1323080 1004.6
1323090 1007.1
1323100 1007.1
1323110 1008.3
1323120 1010.2
1323130 1010.2
1323140 1012.9
1323150 1016.0
1323160 1016.0
1323170 1020.2
1323180 1024.4
1323190 1027.9
1323200 1027.9
1323210 1033.1
1323220 1036.8
1323230 1036.8
1323240 1043.0
1323250 1049.9
1323260 1049.9
1323270 1056.8
1323280 1065.5
1323290 1065.5
1323300 1076.2
1323310 1082.8
1323320 1082.8
1323330 1087.2
1323340 1090.0
1323350 1090.0
1323360 1093.2
1323370 1097.1
1323380 1097.1
1323390 1100.9
1323400 1105.8
1323410 1105.8
1323420 1112.0
1323430 1117.6
1323440 1117.6
1323450 1124.1
1323460 1130.3
1323470 1135.0
1323480 1135.0
1323490 1140.6
1323500 1149.4
1323510 1149.4
1323520 1159.7
1323530 1167.9
1323540 1167.9
1323550 1171.8
1323560 1174.9
1323570 1174.9
1323580 1179.3
1323590 1183.0
1323600 1183.0
1323610 1184.5
1323620 1185.6
1323630 1185.6
1323640 1187.7
1323650 1191.9
1323660 1191.9
1323670 1197.3
1323680 1201.1
1323690 1201.1
1323700 1204.7
1323710 1210.1
1323720 1210.1
1323730 1216.1
1323740 1222.5
1323750 1229.1
1323760 1229.1
1323770 1234.4
1323780 1241.0
1323790 1241.0
1323800 1247.6
1323810 1253.7
1323820 1253.7
1323830 1259.7
1323840 1265.1
1323850 1265.1
1323860 1269.8
1323870 1270.5
1323880 1264.9
1323890 1266.0
1323900 1268.8
1323910 1268.8
1323920 1271.3
1323930 1275.0
1323940 1275.0
1323950 1279.9
1323960 1283.5
1323970 1283.5
1323980 1286.3
1323990 1287.5
1324000 1287.5
1324010 1289.4
1324020 1291.4
1324030 1293.1
1324040 1293.1
1324050 1291.1
1324060 1286.8
1324070 1286.8
1324080 1282.7
1324090 1279.8
1324100 1279.8
1324110 1278.1
1324120 1276.2
1324130 1276.2
1324140 1274.0
1324150 1271.6
1324160 1271.6
1324170 1267.7
1324180 1260.6
1324190 1260.6
1324200 1261.5
1324210 1265.4
1324220 1265.4
1324230 1267.0
1324240 1269.0
1324250 1269.0
1324260 1270.2
1324270 1270.4
1324280 1270.4
1324290 1271.1
1324300 1269.8
1324310 1268.2
1324320 1268.2
1324330 1267.8
1324340 1268.1
1324350 1268.1
1324360 1270.5
1324370 1277.9
1324380 1277.9
1324390 1286.9
1324400 1294.9
1324410 1294.9
1324420 1302.2
1324430 1307.6
1324440 1307.6
1324450 1310.2
1324460 1312.3
1324470 1312.3
1324480 1315.2
1324490 1317.5
1324500 1317.5
1324510 1319.0
1324520 1320.8
1324530 1320.8
1324540 1323.4
1324550 1327.3
1324560 1332.5
1324570 1332.5
1324580 1338.6
1324590 1343.9
1324600 1343.9
1324610 1349.1
1324620 1354.2
1324630 1354.2
1324640 1361.2
1324650 1370.6
1324660 1370.6
1324670 1379.9
1324680 1376.5
1324690 1376.5
1324700 1380.2
1324710 1385.3
1324720 1385.3
1324730 1388.9
1324740 1392.7
1324750 1392.7
1324760 1395.6
1324770 1397.4
1324780 1397.4
1324790 1398.4
1324800 1397.5
1324810 1397.5
1324820 1394.6
1324830 1392.1
1324840 1392.0
1324850 1392.0
1324860 1395.0
1324870 1400.7
1324880 1400.7
1324890 1407.8
1324900 1414.2
1324910 1414.2
1324920 1420.2
1324930 1425.5
1324940 1425.5
1324950 1431.2
1324960 1435.9
1324970 1435.9
1324980 1440.8
1324990 1442.7
1325000 1442.7
1325010 1444.3
1325020 1443.4
1325030 1443.4
1325040 1437.8
1325050 1434.6
1325060 1434.6
1325070 1436.0
1325080 1442.9
1325090 1442.9
1325100 1451.6
1325110 1458.6
1325120 1465.7
1325130 1465.7
1325140 1473.9
1325150 1482.7
1325160 1482.7
1325170 1490.7
1325180 1497.1
1325190 1497.1
1325200 1503.0
1325210 1510.3
1325220 1510.3
1325230 1517.7
1325240 1524.9
1325250 1524.9
1325260 1532.5
1325270 1540.0
1325280 1540.0
1325290 1545.7
1325300 1551.5
1325310 1551.5
1325320 1557.6
1325330 1563.9
1325340 1563.9
1325350 1570.5
1325360 1577.1
1325370 1577.1
1325380 1583.6
1325390 1589.9
1325400 1595.4
1325410 1595.4
1325420 1598.9
1325430 1599.8
1325440 1599.8
1325450 1600.6
1325460 1602.0
1325470 1598.6
1325480 1600.8
1325490 1603.3
1325500 1603.3
1325510 1605.6
1325520 1607.1
1325530 1607.1
1325540 1608.2
1325550 1609.2
1325560 1609.2
1325570 1611.2
1325580 1614.4
1325590 1614.4
1325600 1619.4
1325610 1625.1
1325620 1625.1
1325630 1629.8
1325640 1632.9
1325650 1632.9
1325660 1634.9
1325670 1635.8
1325680 1635.3
1325690 1635.3
1325700 1633.9
1325710 1633.2
1325720 1633.2
1325730 1632.4
1325740 1632.5
1325750 1632.5
1325760 1634.0
1325770 1636.0
1325780 1636.0
1325790 1638.5
1325800 1641.5
1325810 1641.5
1325820 1643.8
1325830 1645.0
1325840 1645.0
1325850 1645.4
1325860 1644.7
1325870 1644.7
1325880 1642.7
1325890 1640.5
1325900 1640.5
1325910 1638.9
1325920 1637.1
1325930 1634.6
1325940 1634.6
1325950 1632.3
1325960 1630.7
1325970 1630.7
1325980 1629.1
1325990 1626.8
1326000 1626.8
1326010 1625.0
1326020 1623.3
1326030 1623.3
1326040 1621.2
1326050 1619.6
1326060 1619.6
1326070 1618.5
1326080 1618.1
1326090 1618.1
1326100 1617.9
1326110 1619.2
1326120 1619.2
1326130 1621.6
1326140 1623.5
1326150 1623.5
1326160 1625.1
1326170 1626.5
1326180 1626.5
1326190 1628.0
1326200 1629.1
1326210 1629.7
1326220 1629.7
1326230 1629.9
1326240 1629.9
1326250 1629.9
1326260 1629.4
1326270 1628.4
1326280 1625.0
1326290 1624.5
1326300 1623.9
1326310 1623.9
1326320 1623.3
1326330 1622.4
1326340 1622.4
1326350 1621.0
1326360 1619.1
1326370 1619.1
1326380 1617.0
1326390 1614.6
1326400 1614.6
1326410 1611.8
1326420 1608.2
1326430 1608.2
1326440 1604.5
1326450 1601.0
1326460 1601.0
1326470 1597.2
1326480 1593.5
1326490 1590.4
1326500 1590.4
1326510 1587.2
1326520 1584.3
1326530 1584.3
1326540 1581.2
1326550 1577.7
1326560 1577.7
1326570 1573.4
1326580 1568.7
1326590 1568.7
1326600 1564.8
1326610 1560.5
1326620 1560.5
1326630 1556.4
1326640 1552.1
1326650 1552.1
1326660 1549.3
1326670 1546.4
1326680 1546.4
1326690 1542.9
1326700 1537.8
1326710 1537.8
1326720 1532.2
1326730 1526.8
1326740 1526.8
1326750 1522.8
1326760 1521.0
1326770 1518.7
1326780 1518.7
1326790 1515.4
1326800 1511.2
1326810 1511.2
1326820 1506.4
1326830 1502.5
1326840 1502.5
1326850 1499.6
1326860 1496.3
1326870 1496.3
1326880 1492.5
1326890 1488.0
1326900 1488.0
1326910 1481.4
1326920 1473.3
1326930 1473.3
1326940 1465.5
1326950 1458.6
1326960 1458.6
1326970 1451.5
1326980 1445.2
1326990 1445.2
1327000 1439.6
1327010 1434.1
1327020 1429.9
1327030 1429.9
1327040 1428.0
1327050 1424.8
1327060 1424.8
1327070 1431.5
1327080 1425.9
1327090 1425.9
1327100 1425.4
1327110 1426.7
1327120 1426.7
1327130 1428.2
1327140 1430.0
1327150 1430.0
1327160 1432.0
1327170 1432.9
1327180 1432.9
1327190 1431.1
1327200 1431.4
1327210 1431.4
1327220 1437.1
1327230 1439.9
1327240 1439.9
1327250 1439.8
1327260 1440.4
1327270 1440.4
1327280 1444.4
1327290 1448.2
1327300 1454.1
1327310 1454.1
1327320 1457.5
1327330 1458.8
1327340 1458.8
1327350 1457.9
1327360 1456.6
1327370 1456.6
1327380 1454.2
1327390 1451.5
1327400 1451.5
1327410 1449.3
1327420 1449.7
1327430 1449.7
1327440 1451.4
1327450 1452.2
1327460 1452.2
1327470 1452.4
1327480 1452.8
1327490 1452.8
1327500 1454.0
1327510 1457.1
1327520 1457.1
1327530 1459.8
1327540 1460.2
1327550 1460.2
1327560 1459.5
1327570 1459.7
1327580 1458.8
1327590 1458.8
1327600 1457.3
1327610 1455.6
1327620 1455.6
1327630 1454.0
1327640 1452.5
1327650 1452.5
1327660 1450.0
1327670 1446.3
1327680 1446.3
1327690 1443.1
1327700 1441.4
1327710 1441.4
1327720 1440.3
1327730 1439.7
1327740 1439.7
1327750 1436.1
1327760 1431.1
1327770 1431.1
1327780 1427.2
1327790 1424.9
1327800 1424.9
1327810 1422.1
1327820 1419.2
1327830 1419.2
1327840 1415.6
1327850 1411.9
1327860 1410.9
1327870 1410.9
1327880 1412.2
1327890 1406.1
1327900 1406.1
1327910 1408.0
1327920 1408.9
1327930 1408.9
1327940 1409.9
1327950 1410.8
1327960 1410.8
1327970 1411.3
1327980 1408.4
1327990 1408.4
1328000 1403.9
1328010 1399.6
1328020 1399.6
1328030 1395.7
1328040 1392.0
1328050 1392.0
1328060 1386.8
1328070 1380.4
1328080 1380.4
1328090 1374.2
1328100 1368.4
1328110 1368.4
1328120 1363.6
1328130 1358.9
1328140 1352.9
1328150 1352.9
1328160 1348.5
1328170 1348.1
1328180 1348.1
1328190 1347.9
1328200 1346.4
1328210 1346.4
1328220 1343.8
1328230 1340.7
1328240 1340.7
1328250 1337.5
1328260 1332.3
1328270 1332.3
1328280 1328.9
1328290 1325.7
1328300 1325.7
1328310 1318.7
1328320 1310.1
1328330 1310.1
1328340 1304.2
1328350 1299.9
1328360 1299.9
1328370 1302.2
1328380 1310.6
1328390 1316.9
1328400 1316.9
1328410 1320.0
1328420 1320.1
1328430 1320.1
1328440 1319.6
1328450 1319.2
1328460 1319.2
1328470 1318.2
1328480 1317.5
1328490 1317.5
1328500 1316.9
1328510 1316.4
1328520 1316.4
1328530 1315.4
1328540 1312.7
1328550 1312.7
1328560 1306.0
1328570 1302.0
1328580 1302.0
1328590 1302.2
1328600 1303.2
1328610 1303.2
1328620 1305.3
1328630 1304.5
1328640 1304.5
1328650 1300.3
1328660 1301.9
1328670 1303.6
1328680 1303.6
1328690 1303.2
1328700 1301.3
1328710 1296.0
1328720 1294.4
1328730 1292.6
1328740 1292.6
1328750 1289.3
1328760 1283.4
1328770 1283.4
1328780 1278.7
1328790 1273.7
1328800 1273.7
1328810 1268.4
1328820 1262.6
1328830 1262.6
1328840 1256.8
1328850 1252.7
1328860 1252.7
1328870 1250.4
1328880 1250.4
1328890 1250.4
1328900 1257.5
1328910 1266.7
1328920 1266.7
1328930 1275.4
1328940 1278.2
1328950 1278.1
1328960 1278.1
1328970 1277.3
1328980 1275.0
1328990 1275.0
1329000 1268.5
1329010 1261.9
1329020 1261.9
1329030 1257.2
1329040 1253.0
1329050 1253.0
1329060 1250.5
1329070 1247.5
1329080 1247.5
1329090 1242.7
1329100 1239.9
1329110 1239.9
1329120 1240.4
1329130 1242.6
1329140 1242.6
1329150 1245.0
1329160 1248.6
1329170 1248.6
1329180 1253.0
1329190 1257.2
1329200 1257.2
1329210 1262.0
1329220 1264.7
1329230 1264.6
1329240 1264.6
1329250 1262.4
1329260 1258.9
1329270 1258.9
1329280 1256.6
1329290 1255.9
1329300 1255.9
1329310 1254.3
1329320 1250.3
1329330 1250.3
1329340 1247.1
1329350 1245.3
1329360 1245.3
1329370 1243.5
1329380 1239.8
1329390 1239.8
1329400 1237.3
1329410 1239.6
1329420 1239.6
1329430 1244.5
1329440 1246.1
1329450 1246.1
1329460 1246.9
1329470 1248.2
1329480 1248.2
1329490 1248.6
1329500 1248.3
1329510 1244.8
1329520 1244.8
1329530 1233.5
1329540 1225.4
1329550 1225.4
1329560 1219.2
1329570 1216.7
1329580 1216.7
1329590 1217.4
1329600 1219.7
1329610 1219.7
1329620 1219.0
1329630 1216.6
1329640 1216.6
1329650 1216.7
1329660 1220.2
1329670 1220.2
1329680 1224.2
1329690 1228.4
1329700 1228.4
1329710 1231.5
1329720 1233.9
1329730 1233.9
1329740 1234.4
1329750 1234.6
1329760 1234.8
1329770 1234.8
1329780 1238.1
1329790 1243.9
1329800 1243.9
1329810 1248.6
1329820 1251.7
1329830 1251.7
1329840 1254.4
1329850 1259.2
1329860 1259.2
1329870 1265.0
1329880 1270.8
1329890 1270.8
1329900 1275.5
1329910 1278.8
1329920 1278.8
1329930 1281.0
1329940 1282.9
1329950 1282.9
1329960 1284.1
1329970 1285.4
1329980 1285.4
1329990 1285.3
1330000 1284.7
1330010 1284.7
1330020 1284.1
1330030 1283.0
1330040 1282.3
1330050 1282.3
1330060 1282.5
1330070 1282.9
1330080 1282.9
1330090 1283.5
1330100 1283.8
1330110 1283.8
1330120 1284.0
1330130 1284.0
1330140 1284.0
1330150 1284.3
1330160 1286.4
1330170 1286.4
1330180 1288.9
1330190 1290.5
1330200 1290.5
1330210 1292.1
1330220 1294.3
1330230 1294.3
1330240 1297.0
1330250 1300.2
1330260 1300.2
1330270 1304.4
1330280 1308.8
1330290 1308.8
1330300 1311.7
1330310 1312.8
1330320 1314.3
1330330 1314.3
1330340 1318.2
1330350 1314.3
1330360 1314.3
1330370 1315.8
1330380 1317.2
1330390 1317.2
1330400 1319.7
1330410 1321.1
1330420 1321.1
1330430 1321.7
1330440 1324.1
1330450 1324.1
1330460 1326.4
1330470 1328.3
1330480 1328.3
1330490 1329.8
1330500 1328.7
1330510 1328.7
1330520 1325.7
1330530 1322.9
1330540 1322.9
1330550 1321.4
1330560 1321.5
1330570 1321.5
1330580 1322.1
1330590 1323.1
1330600 1325.0
1330610 1325.0
1330620 1328.4
1330630 1332.5
1330640 1332.5
1330650 1336.7
1330660 1340.5
1330670 1340.5
1330680 1343.6
1330690 1346.2
1330700 1346.2
1330710 1349.1
1330720 1353.5
1330730 1353.5
1330740 1356.6
1330750 1362.2
1330760 1362.2
1330770 1367.1
1330780 1372.0
1330790 1372.0
1330800 1377.7
1330810 1379.9
1330820 1379.9
1330830 1381.1
1330840 1381.7
1330850 1381.9
1330860 1381.9
1330870 1382.0
1330880 1382.8
1330890 1382.8
1330900 1383.9
1330910 1384.3
1330920 1384.3
1330930 1384.0
1330940 1383.4
1330950 1383.4
1330960 1383.0
1330970 1382.7
1330980 1382.7
1330990 1382.1
1331000 1381.5
1331010 1381.5
1331020 1380.4
1331030 1379.5
1331040 1379.5
1331050 1379.4
1331060 1379.4
1331070 1379.4
1331080 1379.4
1331090 1379.6
1331100 1379.6
1331110 1380.1
1331120 1382.8
1331130 1386.3
1331140 1386.3
1331150 1389.3
1331160 1391.8
1331170 1391.8
1331180 1391.3
1331190 1393.6
1331200 1393.6
1331210 1395.8
1331220 1397.1
1331230 1397.1
1331240 1397.0
1331250 1395.8
1331260 1395.8
1331270 1396.3
1331280 1397.2
1331290 1397.2
1331300 1398.9
1331310 1400.0
1331320 1400.0
1331330 1401.0
1331340 1402.6
1331350 1402.6
1331360 1405.2
1331370 1407.3
1331380 1407.3
1331390 1408.4
1331400 1409.4
1331410 1410.9
1331420 1410.9
1331430 1412.1
1331440 1413.6
1331450 1413.6
1331460 1415.2
1331470 1417.5
1331480 1417.5
1331490 1419.1
1331500 1420.8
1331510 1420.8
1331520 1423.4
1331530 1426.0
1331540 1426.0
1331550 1429.4
1331560 1433.9
1331570 1433.9
1331580 1437.5
1331590 1439.6
1331600 1439.6
1331610 1441.6
1331620 1443.5
1331630 1443.5
1331640 1445.6
1331650 1447.8
1331660 1447.8
1331670 1447.8
1331680 1447.6
1331690 1447.8
1331700 1447.8
1331710 1448.4
1331720 1449.6
1331730 1449.6
1331740 1451.1
1331750 1453.2
1331760 1453.2
1331770 1455.2
1331780 1456.6
1331790 1456.6
1331800 1457.4
1331810 1457.8
1331820 1457.8
1331830 1457.7
1331840 1457.7
1331850 1457.7
1331860 1457.6
1331870 1458.2
1331880 1458.2
1331890 1459.0
1331900 1460.0
1331910 1460.0
1331920 1460.4
1331930 1461.0
1331940 1461.0
1331950 1461.7
1331960 1462.5
1331970 1463.2
1331980 1463.2
1331990 1464.3
1332000 1464.9
1332010 1464.9
1332020 1458.5
1332030 1457.8
1332040 1457.8
1332050 1457.8
1332060 1457.4
1332070 1457.4
1332080 1456.9
1332090 1456.7
1332100 1456.7
1332110 1457.3
1332120 1457.7
1332130 1457.7
1332140 1457.8
1332150 1458.3
1332160 1458.3
1332170 1457.8
1332180 1457.5
1332190 1457.5
1332200 1457.7
1332210 1457.7
1332220 1457.4
1332230 1457.4
1332240 1457.3
1332250 1458.6
1332260 1458.6
1332270 1459.8
1332280 1460.5
1332290 1460.5
1332300 1461.1
1332310 1461.4
1332320 1461.4
1332330 1461.3
1332340 1461.2
1332350 1461.2
1332360 1461.3
1332370 1461.4
1332380 1461.4
1332390 1461.5
1332400 1460.9
1332410 1460.9
1332420 1459.4
1332430 1458.0
1332440 1458.0
1332450 1456.1
1332460 1454.0
1332470 1454.0
1332480 1450.9
1332490 1449.3
1332500 1450.8
1332510 1450.8
1332520 1450.7
1332530 1448.9
1332540 1448.9
1332550 1446.6
1332560 1442.4
1332570 1442.4
1332580 1439.5
1332590 1439.9
1332600 1439.9
1332610 1437.3
1332620 1433.4
1332630 1433.4
1332640 1429.9
1332650 1427.8
1332660 1427.8
1332670 1426.6
1332680 1424.6
1332690 1424.6
1332700 1423.6
1332710 1423.0
1332720 1423.0
1332730 1422.8
1332740 1423.5
1332750 1423.5
1332760 1423.6
1332770 1421.7
1332780 1419.2
1332790 1419.2
1332800 1416.1
1332810 1413.4
1332820 1413.4
1332830 1412.6
1332840 1417.0
1332850 1411.6
1332860 1411.8
1332870 1411.9
1332880 1411.9
1332890 1411.9
1332900 1411.9
1332910 1411.9
1332920 1412.1
1332930 1412.5
1332940 1412.5
1332950 1412.4
1332960 1411.3
1332970 1411.3
1332980 1411.4
1332990 1411.6
1333000 1411.6
1333010 1410.3
1333020 1409.3
1333030 1409.3
1333040 1408.4
1333050 1407.2
1333060 1406.2
1333070 1406.2
1333080 1404.2
1333090 1402.3
1333100 1402.3
1333110 1401.6
1333120 1403.1
1333130 1403.1
1333140 1405.7
1333150 1407.7
1333160 1407.7
1333170 1409.0
1333180 1409.1
1333190 1409.1
1333200 1409.4
1333210 1410.3
1333220 1410.3
1333230 1408.9
1333240 1405.4
1333250 1405.4
1333260 1405.7
1333270 1406.5
1333280 1406.5
1333290 1408.5
1333300 1409.6
1333310 1409.6
1333320 1410.5
1333330 1411.4
1333340 1412.2
1333350 1412.2
1333360 1413.8
1333370 1415.7
1333380 1415.7
1333390 1416.2
1333400 1416.5
1333410 1416.5
1333420 1416.0
1333430 1415.9
1333440 1415.9
1333450 1418.0
1333460 1420.0
1333470 1420.0
1333480 1422.1
1333490 1423.8
1333500 1423.8
1333510 1425.3
1333520 1426.7
1333530 1426.7
1333540 1427.4
1333550 1427.4
1333560 1427.4
1333570 1427.6
1333580 1427.8
1333590 1429.0
1333600 1429.0
1333610 1430.8
1333620 1432.5
1333630 1432.5
1333640 1434.2
1333650 1435.3
1333660 1435.3
1333670 1436.5
1333680 1438.0
1333690 1438.0
1333700 1430.8
1333710 1430.2
1333720 1430.2
1333730 1429.6
1333740 1429.2
1333750 1429.2
1333760 1429.2
1333770 1428.3
1333780 1428.3
1333790 1427.5
1333800 1427.6
1333810 1427.6
1333820 1427.5
1333830 1427.9
1333840 1427.9
1333850 1429.6
1333860 1430.7
1333870 1431.0
1333880 1431.0
1333890 1431.6
1333900 1434.5
1333910 1434.5
1333920 1436.0
1333930 1437.2
1333940 1437.2
1333950 1438.6
1333960 1439.7
1333970 1439.7
1333980 1436.7
1333990 1435.7
1334000 1435.7
1334010 1441.1
1334020 1442.5
1334030 1442.5
1334040 1441.8
1334050 1439.0
1334060 1439.0
1334070 1440.9
1334080 1442.4
1334090 1442.4
1334100 1442.6
1334110 1441.9
1334120 1441.9
1334130 1441.3
1334140 1441.4
1334150 1442.0
1334160 1442.0
1334170 1442.6
1334180 1442.6
1334190 1442.6
1334200 1441.8
1334210 1441.8
1334220 1441.8
1334230 1442.9
1334240 1444.5
1334250 1444.5
1334260 1448.2
1334270 1449.9
1334280 1449.9
1334290 1451.2
1334300 1452.5
1334310 1452.5
1334320 1453.7
1334330 1454.3
1334340 1454.3
1334350 1454.6
1334360 1454.5
1334370 1454.5
1334380 1449.7
1334390 1450.3
1334400 1450.3
1334410 1452.5
1334420 1451.4
1334430 1449.1
1334440 1449.1
1334450 1445.8
1334460 1444.2
1334470 1444.2
1334480 1445.0
1334490 1447.3
1334500 1447.3
1334510 1449.5
1334520 1451.0
1334530 1451.0
1334540 1447.7
1334550 1450.4
1334560 1450.4
1334570 1453.4
1334580 1455.4
1334590 1455.4
1334600 1456.6
1334610 1457.8
1334620 1457.8
1334630 1458.8
1334640 1459.9
1334650 1459.9
1334660 1460.9
1334670 1461.8
1334680 1462.8
1334690 1462.8
1334700 1463.5
1334710 1464.1
1334720 1464.1
1334730 1464.6
1334740 1465.3
1334750 1465.3
1334760 1465.4
1334770 1465.1
1334780 1465.1
1334790 1464.6
1334800 1464.0
1334810 1464.0
1334820 1463.5
1334830 1463.0
1334840 1463.0
1334850 1462.1
1334860 1461.4
1334870 1461.4
1334880 1460.2
1334890 1458.8
1334900 1458.8
1334910 1457.1
1334920 1454.2
1334930 1454.2
1334940 1451.8
1334950 1451.5
1334960 1451.7
1334970 1451.7
1334980 1451.9
1334990 1452.2
1335000 1452.2
1335010 1452.7
1335020 1453.1
1335030 1453.1
1335040 1453.5
1335050 1454.0
1335060 1454.0
1335070 1454.5
1335080 1455.0
1335090 1455.0
1335100 1455.6
1335110 1456.3
1335120 1456.3
1335130 1456.9
1335140 1457.5
1335150 1457.5
1335160 1458.1
1335170 1459.2
1335180 1459.2
1335190 1461.0
1335200 1462.9
1335210 1462.9
1335220 1465.0
1335230 1467.5
1335240 1470.3
1335250 1470.3
1335260 1471.3
1335270 1472.8
1335280 1472.8
1335290 1475.9
1335300 1479.2
1335310 1479.2
1335320 1480.1
1335330 1482.3
1335340 1482.3
1335350 1487.1
1335360 1490.8
1335370 1490.8
1335380 1495.2
1335390 1493.0
1335400 1493.0
1335410 1498.6
1335420 1504.2
1335430 1504.2
1335440 1507.2
1335450 1509.7
1335460 1509.7
1335470 1512.8
1335480 1514.5
1335490 1514.5
1335500 1514.4
1335510 1515.6
1335520 1514.9
1335530 1514.9
1335540 1513.0
1335550 1511.4
1335560 1511.4
1335570 1510.4
1335580 1510.4
1335590 1510.4
1335600 1510.1
1335610 1510.4
1335620 1510.4
1335630 1510.1
1335640 1507.1
1335650 1507.1
1335660 1503.4
1335670 1499.4
1335680 1499.4
1335690 1496.2
1335700 1496.6
1335710 1496.6
1335720 1498.6
1335730 1500.9
1335740 1500.9
1335750 1504.5
1335760 1507.5
1335770 1507.5
1335780 1509.9
1335790 1511.8
1335800 1513.2
1335810 1513.2
1335820 1514.3
1335830 1515.7
1335840 1515.7
1335850 1517.5
1335860 1519.0
1335870 1519.0
1335880 1520.6
1335890 1522.4
1335900 1522.4
1335910 1525.2
1335920 1527.7
1335930 1527.7
1335940 1531.2
1335950 1534.9
1335960 1534.9
1335970 1537.8
1335980 1541.2
1335990 1541.2
1336000 1541.6
1336010 1542.0
1336020 1542.0
1336030 1544.1
1336040 1544.0
1336050 1544.8
1336060 1544.8
1336070 1547.7
1336080 1552.6
1336090 1552.6
1336100 1558.9
1336110 1564.0
1336120 1564.0
1336130 1568.2
1336140 1572.7
1336150 1572.7
1336160 1578.0
1336170 1580.8
1336180 1580.8
1336190 1581.6
1336200 1582.1
1336210 1582.1
1336220 1582.7
1336230 1583.4
1336240 1583.4
1336250 1581.6
1336260 1583.5
1336270 1583.5
1336280 1585.3
1336290 1585.8
1336300 1585.8
1336310 1586.9
1336320 1589.3
1336330 1591.2
1336340 1591.2
1336350 1593.2
1336360 1597.2
1336370 1597.2
1336380 1602.9
1336390 1606.0
1336400 1606.0
1336410 1608.1
1336420 1610.0
1336430 1610.0
1336440 1611.8
1336450 1613.8
1336460 1613.8
1336470 1615.7
1336480 1617.2
1336490 1617.2
1336500 1618.8
1336510 1620.6
1336520 1620.6
1336530 1621.5
1336540 1622.6
1336550 1622.6
1336560 1625.6
1336570 1629.1
1336580 1629.1
1336590 1632.7
1336600 1636.4
1336610 1640.2
1336620 1640.2
1336630 1643.9
1336640 1647.4
1336650 1647.4
1336660 1651.5
1336670 1655.2
1336680 1655.2
1336690 1658.1
1336700 1660.9
1336710 1660.9
1336720 1664.9
1336730 1669.4
1336740 1669.4
1336750 1673.8
1336760 1679.5
1336770 1679.5
1336780 1685.3
1336790 1690.2
1336800 1690.2
1336810 1694.0
1336820 1696.8
1336830 1696.8
1336840 1699.6
1336850 1703.5
1336860 1703.5
1336870 1708.1
1336880 1712.0
1336890 1717.8
1336900 1717.8
1336910 1723.4
1336920 1728.5
1336930 1728.5
1336940 1731.9
1336950 1734.4
1336960 1734.4
1336970 1739.0
1336980 1744.5
1336990 1744.5
1337000 1749.8
1337010 1754.7
1337020 1754.7
1337030 1759.2
1337040 1765.2
1337050 1765.2
1337060 1772.6
1337070 1779.4
1337080 1779.4
1337090 1787.1
1337100 1795.0
1337110 1796.2
1337120 1803.2
1337130 1809.0
1337140 1814.6
1337150 1814.6
1337160 1819.6
1337170 1824.8
1337180 1824.8
1337190 1829.7
1337200 1833.4
1337210 1833.4
1337220 1836.3
1337230 1838.5
1337240 1838.5
1337250 1839.8
1337260 1842.3
1337270 1842.3
1337280 1844.3
1337290 1847.8
1337300 1847.8
1337310 1853.9
1337320 1859.3
1337330 1859.3
1337340 1863.4
1337350 1868.6
1337360 1868.6
1337370 1873.4
1337380 1878.2
1337390 1878.2
1337400 1883.4
1337410 1887.7
1337420 1893.0
1337430 1893.0
1337440 1899.0
1337450 1905.9
1337460 1905.9
1337470 1913.8
1337480 1920.9
1337490 1920.9
1337500 1926.7
1337510 1930.7
1337520 1930.7
1337530 1934.7
1337540 1941.3
1337550 1941.3
1337560 1948.7
1337570 1955.6
1337580 1955.6
1337590 1959.2
1337600 1960.8
1337610 1960.8
1337620 1961.9
1337630 1965.1
1337640 1965.1
1337650 1970.2
1337660 1975.4
1337670 1975.4
1337680 1979.2
1337690 1983.4
1337700 1987.4
1337710 1987.4
1337720 1993.1
1337730 2000.0
1337740 2000.0
1337750 2006.4
1337760 2014.6
1337770 2014.6
1337780 2023.4
1337790 2029.9
1337800 2029.9
1337810 2035.9
1337820 2043.4
1337830 2043.4
1337840 2051.8
1337850 2060.5
1337860 2060.5
1337870 2067.1
1337880 2071.5
1337890 2071.5
1337900 2076.6
1337910 2081.6
1337920 2081.6
1337930 2086.5
1337940 2091.4
1337950 2091.4
1337960 2095.9
1337970 2099.8
1337980 2103.0
1337990 2103.0
1338000 2107.3
1338010 2110.9
1338020 2110.9
1338030 2115.7
1338040 2121.7
1338050 2121.7
1338060 2128.1
1338070 2133.0
1338080 2133.0
1338090 2135.3
1338100 2137.5
1338110 2137.5
1338120 2140.0
1338130 2142.1
1338140 2142.1
1338150 2142.9
1338160 2142.5
1338170 2142.5
1338180 2140.6
1338190 2139.8
1338200 2139.8
1338210 2141.3
1338220 2143.2
1338230 2145.0
1338240 2145.0
1338250 2146.1
1338260 2147.4
1338270 2147.4
1338280 2148.5
1338290 2149.2
1338300 2149.2
1338310 2149.4
1338320 2146.6
1338330 2146.6
1338340 2140.5
1338350 2134.5
1338360 2134.5
1338370 2128.5
1338380 2121.6
1338390 2121.6
1338400 2115.2
1338410 2111.0
1338420 2111.0
1338430 2108.7
1338440 2104.3
1338450 2104.3
1338460 2099.7
1338470 2095.4
1338480 2095.4
1338490 2090.1
1338500 2086.1
1338510 2083.3
1338520 2083.3
1338530 2080.2
1338540 2078.4
1338550 2078.4
1338560 2078.0
1338570 2078.6
1338580 2078.6
1338590 2072.4
1338600 2062.8
1338610 2062.8
1338620 2054.0
1338630 2047.9
1338640 2047.9
1338650 2042.6
1338660 2037.0
1338670 2037.0
1338680 2031.1
1338690 2026.3
1338700 2026.3
1338710 2022.8
1338720 2019.4
1338730 2019.4
1338740 2017.5
1338750 2019.4
1338760 2019.4
1338770 2017.5
1338780 2008.2
1338790 1999.1
1338800 1999.1
1338810 1997.7
1338820 1995.7
1338830 1995.7
1338840 1991.1
1338850 1972.3
1338860 1972.3
1338870 1970.5
1338880 1968.7
1338890 1968.7
1338900 1961.0
1338910 1956.5
1338920 1956.5
1338930 1955.3
1338940 1953.5
1338950 1953.5
1338960 1950.7
1338970 1947.2
1338980 1947.2
1338990 1943.2
1339000 1939.6
1339010 1939.6
1339020 1936.9
1339030 1933.2
1339040 1933.2
1339050 1929.6
1339060 1928.6
1339070 1928.3
1339080 1928.3
1339090 1925.6
1339100 1921.7
1339110 1921.7
1339120 1917.4
1339130 1913.2
1339140 1913.2
1339150 1910.2
1339160 1908.2
1339170 1908.2
1339180 1906.5
1339190 1905.4
1339200 1905.4
1339210 1904.6
1339220 1902.6
1339230 1902.6
1339240 1899.2
1339250 1895.3
1339260 1895.3
1339270 1891.6
1339280 1888.9
1339290 1888.9
1339300 1886.8
1339310 1884.7
1339320 1884.7
1339330 1882.5
1339340 1879.9
1339350 1878.2
1339360 1878.2
1339370 1875.7
1339380 1873.2
1339390 1873.2
1339400 1871.7
1339410 1869.7
1339420 1869.7
1339430 1867.6
1339440 1865.7
1339450 1865.7
1339460 1863.1
1339470 1861.6
1339480 1861.6
1339490 1861.5
1339500 1860.8
1339510 1860.8
1339520 1859.5
1339530 1856.8
1339540 1856.8
1339550 1854.1
1339560 1852.8
1339570 1852.8
1339580 1852.0
1339590 1849.0
1339600 1846.7
1339610 1846.7
1339620 1844.8
1339630 1843.3
1339640 1843.3
1339650 1841.5
1339660 1840.1
1339670 1840.1
1339680 1837.5
1339690 1835.8
1339700 1835.8
1339710 1831.8
1339720 1824.8
1339730 1820.3
1339740 1816.0
1339750 1813.5
1339760 1813.5
1339770 1810.6
1339780 1809.2
1339790 1809.2
1339800 1808.7
1339810 1808.0
1339820 1808.0
1339830 1806.9
1339840 1805.7
1339850 1805.7
1339860 1803.8
1339870 1801.7
1339880 1798.7
1339890 1798.7
1339900 1795.5
1339910 1792.1
1339920 1792.1
1339930 1788.1
1339940 1784.5
1339950 1784.5
1339960 1780.9
1339970 1780.5
1339980 1780.5
1339990 1783.9
