1320000 557.9
1320010 557.7
1320020 557.7
1320030 557.2
1320040 556.7
1320050 556.7
1320060 556.3
1320070 555.9
1320080 555.9
1320090 555.3
1320100 555.1
1320110 555.1
1320120 554.8
1320130 554.5
1320140 554.3
1320150 554.3
1320160 554.0
1320170 553.7
1320180 553.7
1320190 553.4
1320200 553.1
1320210 553.1
1320220 552.8
1320230 552.6
1320240 552.6
1320250 552.4
1320260 552.4
1320270 552.4
1320280 552.1
1320290 551.5
1320300 551.5
1320310 551.2
1320320 550.9
1320330 550.9
1320340 550.6
1320350 550.3
1320360 550.3
1320370 550.1
1320380 549.8
1320390 549.8
1320400 549.5
1320410 549.3
1320420 549.5
1320430 549.5
1320440 549.6
1320450 549.3
1320460 549.3
1320470 548.8
1320480 548.5
1320490 548.5
1320500 548.4
1320510 548.0
1320520 548.0
1320530 547.5
1320540 547.3
1320550 547.3
1320560 546.9
1320570 546.7
1320580 546.7
1320590 546.4
1320600 546.2
1320610 546.2
1320620 546.0
1320630 545.8
1320640 545.8
1320650 545.6
1320660 545.4
1320670 545.4
1320680 545.2
1320690 544.9
1320700 544.2
1320710 544.2
1320720 543.2
1320730 541.7
1320740 541.7
1320750 541.4
1320760 541.4
1320770 541.4
1320780 541.3
1320790 540.1
1320800 540.1
1320810 541.1
1320820 542.9
1320830 542.9
1320840 542.7
1320850 542.0
1320860 542.0
1320870 541.4
1320880 541.3
1320890 541.3
1320900 541.5
1320910 541.5
1320920 541.5
1320930 541.4
1320940 541.5
1320950 541.7
1320960 541.7
1320970 541.8
1320980 541.8
1320990 541.8
1321000 541.8
1321010 540.7
1321020 540.7
1321030 540.2
1321040 541.3
1321050 541.3
1321060 541.5
1321070 541.5
1321080 541.5
1321090 541.6
1321100 541.6
1321110 541.6
1321120 541.7
1321130 541.8
1321140 541.8
1321150 541.8
1321160 541.9
1321170 541.9
1321180 542.0
1321190 542.0
1321200 542.0
1321210 542.1
1321220 542.2
1321230 542.4
1321240 542.4
1321250 542.3
1321260 542.2
1321270 542.2
1321280 542.0
1321290 542.0
1321300 542.0
1321310 541.9
1321320 541.8
1321330 541.8
1321340 541.8
1321350 542.0
1321360 542.0
1321370 542.1
1321380 542.1
1321390 542.1
1321400 542.3
1321410 542.5
1321420 542.5
1321430 542.6
1321440 542.5
1321450 542.5
1321460 542.6
1321470 543.2
1321480 543.2
1321490 543.1
1321500 543.8
1321510 543.1
1321520 543.1
1321530 539.9
1321540 539.6
1321550 539.6
1321560 539.6
1321570 540.8
1321580 540.8
1321590 542.1
1321600 543.9
1321610 543.9
1321620 544.6
1321630 545.2
1321640 545.2
1321650 547.0
1321660 550.7
1321670 550.7
1321680 555.7
1321690 561.1
1321700 561.1
1321710 567.7
1321720 573.9
1321730 573.9
1321740 578.6
1321750 581.8
1321760 581.8
1321770 586.6
1321780 591.6
1321790 597.1
1321800 597.1
1321810 602.6
1321820 607.7
1321830 607.7
1321840 613.4
1321850 619.6
1321860 619.6
1321870 626.0
1321880 632.5
1321890 632.5
1321900 639.1
1321910 646.2
1321920 646.2
1321930 653.7
1321940 661.0
1321950 661.0
1321960 667.9
1321970 675.1
1321980 675.1
1321990 682.1
1322000 689.1
1322010 689.1
1322020 696.4
1322030 703.5
1322040 703.5
1322050 710.5
1322060 717.7
1322070 725.1
1322080 725.1
1322090 732.7
1322100 740.3
1322110 740.3
1322120 748.6
1322130 757.3
1322140 757.3
1322150 766.3
1322160 777.4
1322170 777.4
1322180 789.8
1322190 799.1
1322200 799.1
1322210 807.5
1322220 816.8
1322230 816.8
1322240 825.9
1322250 836.7
1322260 836.7
1322270 846.7
1322280 856.7
1322290 856.7
1322300 864.4
1322310 868.2
1322320 868.2
1322330 871.7
1322340 875.4
1322350 879.0
1322360 879.0
1322370 883.4
1322380 887.0
1322390 887.0
1322400 889.7
1322410 893.2
1322420 893.2
1322430 895.2
1322440 900.7
1322450 900.7
1322460 911.3
1322470 920.7
1322480 920.7
1322490 927.5
1322500 932.6
1322510 932.6
1322520 937.7
1322530 944.5
1322540 944.5
1322550 951.3
1322560 959.2
1322570 959.2
1322580 967.1
1322590 973.4
1322600 978.5
1322610 978.5
1322620 981.4
1322630 982.7
1322640 982.7
1322650 984.6
1322660 987.7
1322670 987.7
1322680 991.2
1322690 994.5
1322700 994.5
1322710 998.4
1322720 1003.3
1322730 1003.3
1322740 1010.0
1322750 1016.2
1322760 1016.2
1322770 1021.9
1322780 1027.3
1322790 1027.3
1322800 1031.9
1322810 1035.1
1322820 1035.1
1322830 1039.5
1322840 1045.0
1322850 1045.0
1322860 1048.3
1322870 1050.6
1322880 1054.1
1322890 1054.1
1322900 1058.2
1322910 1062.2
1322920 1062.2
1322930 1066.6
1322940 1071.0
1322950 1071.0
1322960 1075.6
1322970 1080.8
1322980 1080.8
1322990 1084.7
1323000 1086.6
1323010 1086.6
1323020 1090.8
1323030 1095.5
1323040 1095.5
1323050 1099.8
1323060 1103.3
1323070 1103.3
1323080 1107.4
1323090 1114.5
1323100 1114.5
1323110 1118.0
1323120 1122.6
1323130 1122.6
1323140 1128.7
1323150 1133.3
1323160 1137.3
1323170 1137.3
1323180 1140.8
1323190 1143.6
1323200 1143.6
1323210 1147.5
1323220 1147.6
1323230 1147.6
1323240 1152.0
1323250 1156.9
1323260 1156.9
1323270 1161.8
1323280 1167.4
1323290 1167.4
1323300 1174.9
1323310 1181.5
1323320 1181.5
1323330 1188.0
1323340 1193.3
1323350 1193.3
1323360 1199.2
1323370 1205.6
1323380 1205.6
1323390 1210.5
1323400 1214.4
1323410 1214.4
1323420 1219.3
1323430 1223.8
1323440 1226.3
1323450 1226.3
1323460 1229.1
1323470 1232.7
1323480 1232.7
1323490 1236.8
1323500 1241.8
1323510 1241.8
1323520 1248.8
1323530 1257.5
1323540 1257.5
1323550 1266.2
1323560 1272.9
1323570 1272.9
1323580 1278.7
1323590 1285.7
1323600 1285.7
1323610 1292.4
1323620 1297.7
1323630 1297.7
1323640 1299.3
1323650 1299.8
1323660 1299.8
1323670 1299.1
1323680 1301.4
1323690 1301.4
1323700 1304.0
1323710 1306.2
1323720 1308.7
1323730 1308.7
1323740 1311.9
1323750 1315.6
1323760 1315.6
1323770 1319.0
1323780 1322.0
1323790 1322.0
1323800 1326.0
1323810 1330.0
1323820 1330.0
1323830 1332.7
1323840 1335.5
1323850 1335.5
1323860 1338.6
1323870 1342.3
1323880 1342.3
1323890 1345.8
1323900 1348.3
1323910 1348.3
1323920 1351.0
1323930 1354.7
1323940 1354.7
1323950 1360.1
1323960 1366.4
1323970 1366.4
1323980 1373.5
1323990 1380.8
1324000 1387.1
1324010 1385.3
1324020 1391.6
1324030 1399.5
1324040 1399.5
1324050 1409.5
1324060 1415.8
1324070 1415.8
1324080 1422.9
1324090 1429.5
1324100 1429.5
1324110 1436.6
1324120 1445.0
1324130 1445.0
1324140 1456.3
1324150 1466.3
1324160 1466.3
1324170 1476.0
1324180 1484.9
1324190 1484.9
1324200 1491.4
1324210 1497.1
1324220 1497.1
1324230 1500.3
1324240 1504.2
1324250 1504.2
1324260 1509.9
1324270 1516.9
1324280 1522.3
1324290 1522.3
1324300 1527.1
1324310 1532.5
1324320 1532.5
1324330 1539.4
1324340 1544.3
1324350 1544.3
1324360 1552.6
1324370 1561.4
1324380 1561.4
1324390 1570.4
1324400 1576.9
1324410 1576.9
1324420 1586.2
1324430 1590.4
1324440 1590.4
1324450 1591.5
1324460 1595.4
1324470 1595.4
1324480 1602.8
1324490 1608.7
1324500 1608.7
1324510 1614.3
1324520 1619.2
1324530 1622.4
1324540 1622.4
1324550 1624.6
1324560 1627.2
1324570 1627.2
1324580 1633.3
1324590 1639.3
1324600 1639.3
1324610 1641.6
1324620 1643.6
1324630 1643.6
1324640 1647.6
1324650 1651.5
1324660 1651.5
1324670 1653.9
1324680 1658.5
1324690 1658.5
1324700 1665.2
1324710 1672.5
1324720 1672.5
1324730 1680.6
1324740 1687.3
1324750 1687.3
1324760 1688.1
1324770 1684.8
1324780 1684.8
1324790 1683.0
1324800 1684.5
1324810 1681.7
1324820 1681.7
1324830 1684.7
1324840 1688.2
1324850 1688.2
1324860 1694.0
1324870 1701.7
1324880 1701.7
1324890 1711.7
1324900 1721.2
1324910 1721.2
1324920 1727.9
1324930 1733.0
1324940 1733.0
1324950 1738.1
1324960 1742.5
1324970 1742.5
1324980 1742.3
1324990 1740.8
1325000 1740.8
1325010 1742.1
1325020 1746.2
1325030 1746.2
1325040 1751.7
1325050 1760.4
1325060 1760.4
1325070 1770.2
1325080 1776.1
1325090 1781.2
1325100 1781.2
1325110 1785.6
1325120 1788.1
1325130 1788.1
1325140 1788.6
1325150 1786.0
1325160 1786.0
1325170 1785.3
1325180 1786.5
1325190 1786.5
1325200 1791.0
1325210 1801.1
1325220 1801.1
1325230 1807.4
1325240 1813.1
1325250 1813.1
1325260 1817.7
1325270 1821.1
1325280 1821.1
1325290 1825.7
1325300 1829.6
1325310 1829.6
1325320 1832.9
1325330 1835.8
1325340 1835.8
1325350 1837.7
1325360 1839.2
1325370 1839.7
1325380 1839.7
1325390 1839.9
1325400 1840.8
1325410 1840.8
1325420 1842.1
1325430 1843.9
1325440 1843.9
1325450 1846.5
1325460 1848.9
1325470 1848.9
1325480 1852.5
1325490 1857.0
1325500 1857.0
1325510 1859.8
1325520 1863.0
1325530 1863.0
1325540 1864.8
1325550 1864.9
1325560 1864.9
1325570 1863.8
1325580 1864.0
1325590 1864.0
1325600 1865.6
1325610 1860.9
1325620 1860.9
1325630 1862.7
1325640 1866.2
1325650 1870.0
1325660 1870.0
1325670 1873.1
1325680 1875.7
1325690 1875.7
1325700 1878.1
1325710 1879.7
1325720 1879.7
1325730 1879.9
1325740 1880.2
1325750 1880.2
1325760 1881.4
1325770 1882.1
1325780 1882.1
1325790 1881.3
1325800 1880.5
1325810 1880.5
1325820 1880.2
1325830 1879.9
1325840 1879.9
1325850 1879.6
1325860 1880.8
1325870 1880.8
1325880 1881.6
1325890 1881.2
1325900 1881.2
1325910 1881.5
1325920 1881.2
1325930 1880.1
1325940 1880.1
1325950 1879.3
1325960 1878.7
1325970 1878.7
1325980 1877.7
1325990 1876.5
1326000 1876.5
1326010 1875.3
1326020 1874.2
1326030 1874.2
1326040 1873.7
1326050 1873.5
1326060 1873.5
1326070 1872.1
1326080 1869.9
1326090 1869.9
1326100 1868.5
1326110 1866.2
1326120 1866.2
1326130 1863.9
1326140 1862.0
1326150 1862.0
1326160 1860.7
1326170 1860.5
1326180 1859.9
1326190 1859.9
1326200 1857.5
1326210 1855.1
1326220 1855.1
1326230 1852.0
1326240 1848.5
1326250 1848.5
1326260 1845.1
1326270 1841.2
1326280 1841.2
1326290 1837.1
1326300 1833.4
1326310 1833.4
1326320 1830.1
1326330 1826.9
1326340 1826.9
1326350 1823.5
1326360 1821.4
1326370 1821.4
1326380 1820.3
1326390 1820.1
1326400 1820.1
1326410 1816.7
1326420 1814.6
1326430 1814.6
1326440 1812.3
1326450 1809.4
1326460 1806.2
1326470 1806.2
1326480 1804.1
1326490 1802.6
1326500 1802.6
1326510 1800.8
1326520 1798.8
1326530 1798.8
1326540 1795.3
1326550 1791.8
1326560 1791.8
1326570 1788.1
1326580 1785.7
1326590 1785.7
1326600 1785.0
1326610 1783.3
1326620 1783.3
1326630 1779.7
1326640 1778.6
1326650 1778.6
1326660 1779.4
1326670 1780.7
1326680 1780.7
1326690 1782.5
1326700 1782.7
1326710 1782.7
1326720 1782.2
1326730 1781.7
1326740 1777.9
1326750 1777.9
1326760 1773.7
1326770 1770.4
1326780 1770.4
1326790 1767.5
1326800 1766.0
1326810 1766.0
1326820 1765.8
1326830 1766.5
1326840 1766.5
1326850 1767.4
1326860 1767.0
1326870 1767.0
1326880 1766.7
1326890 1767.4
1326900 1767.4
1326910 1767.6
1326920 1768.1
1326930 1768.1
1326940 1766.6
1326950 1764.5
1326960 1764.5
1326970 1763.9
1326980 1762.5
1326990 1762.5
1327000 1759.6
1327010 1758.3
1327020 1757.7
1327030 1757.7
1327040 1757.3
1327050 1755.7
1327060 1755.7
1327070 1752.1
1327080 1750.6
1327090 1750.6
1327100 1748.7
1327110 1744.4
1327120 1744.4
1327130 1742.1
1327140 1739.3
1327150 1739.3
1327160 1736.8
1327170 1734.5
1327180 1734.5
1327190 1731.9
1327200 1729.1
1327210 1729.1
1327220 1717.4
1327230 1710.2
1327240 1710.2
1327250 1714.6
1327260 1723.5
1327270 1723.5
1327280 1727.6
1327290 1728.2
1327300 1728.8
1327310 1728.8
1327320 1729.1
1327330 1728.3
1327340 1728.3
1327350 1725.7
1327360 1723.4
1327370 1723.4
1327380 1722.6
1327390 1722.4
1327400 1722.4
1327410 1724.0
1327420 1723.0
1327430 1723.0
1327440 1722.8
1327450 1724.6
1327460 1724.6
1327470 1724.2
1327480 1723.5
1327490 1723.5
1327500 1723.9
1327510 1724.5
1327520 1724.5
1327530 1725.3
1327540 1724.5
1327550 1724.5
1327560 1723.1
1327570 1723.0
1327580 1722.6
1327590 1722.6
1327600 1722.1
1327610 1721.2
1327620 1721.2
1327630 1722.1
1327640 1723.0
1327650 1723.0
1327660 1724.0
1327670 1724.7
1327680 1724.7
1327690 1727.7
1327700 1735.9
1327710 1735.9
1327720 1741.2
1327730 1740.8
1327740 1740.8
1327750 1740.1
1327760 1736.9
1327770 1736.9
1327780 1732.3
1327790 1726.9
1327800 1726.9
1327810 1722.2
1327820 1719.5
1327830 1716.6
1327840 1716.6
1327850 1713.1
1327860 1708.6
1327870 1708.6
1327880 1702.8
1327890 1696.9
1327900 1696.9
1327910 1695.6
1327920 1695.6
1327930 1695.6
1327940 1696.5
1327950 1697.3
1327960 1697.3
1327970 1698.0
1327980 1699.4
1327990 1699.4
1328000 1699.3
1328010 1697.2
1328020 1697.2
1328030 1688.8
1328040 1684.3
1328050 1684.3
1328060 1679.5
1328070 1675.2
1328080 1675.2
1328090 1671.3
1328100 1667.0
1328110 1666.7
1328120 1666.7
1328130 1670.0
1328140 1669.7
1328150 1669.7
1328160 1667.2
1328170 1664.2
1328180 1664.2
1328190 1660.0
1328200 1656.3
1328210 1656.3
1328220 1652.2
1328230 1644.6
1328240 1644.6
1328250 1637.1
1328260 1635.5
1328270 1635.5
1328280 1642.1
1328290 1651.4
1328300 1651.4
1328310 1653.9
1328320 1655.1
1328330 1655.1
1328340 1652.6
1328350 1649.8
1328360 1649.8
1328370 1649.2
1328380 1649.0
1328390 1649.3
1328400 1649.3
1328410 1650.2
1328420 1651.4
1328430 1651.4
1328440 1650.9
1328450 1647.8
1328460 1647.8
1328470 1644.4
1328480 1640.8
1328490 1640.8
1328500 1636.8
1328510 1631.1
1328520 1631.1
1328530 1624.0
1328540 1614.3
1328550 1614.3
1328560 1607.0
1328570 1606.5
1328580 1606.5
1328590 1606.7
1328600 1607.0
1328610 1607.0
1328620 1606.9
1328630 1607.4
1328640 1607.4
1328650 1608.4
1328660 1608.5
1328670 1608.2
1328680 1608.2
1328690 1607.4
1328700 1606.8
1328710 1606.8
1328720 1605.4
1328730 1604.2
1328740 1604.2
1328750 1603.6
1328760 1602.4
1328770 1602.4
1328780 1601.4
1328790 1597.8
1328800 1597.8
1328810 1600.2
1328820 1606.1
1328830 1606.1
1328840 1611.2
1328850 1609.1
1328860 1609.1
1328870 1611.5
1328880 1614.3
1328890 1614.3
1328900 1616.9
1328910 1619.6
1328920 1619.6
1328930 1621.7
1328940 1623.6
1328950 1625.3
1328960 1625.3
1328970 1627.1
1328980 1628.0
1328990 1628.0
1329000 1628.8
1329010 1628.5
1329020 1628.5
1329030 1627.8
1329040 1628.4
1329050 1628.4
1329060 1629.7
1329070 1631.1
1329080 1631.1
1329090 1631.3
1329100 1631.7
1329110 1631.7
1329120 1632.0
1329130 1631.9
1329140 1631.9
1329150 1630.9
1329160 1627.7
1329170 1627.7
1329180 1623.2
1329190 1618.7
1329200 1618.7
1329210 1614.4
1329220 1610.5
1329230 1606.4
1329240 1606.4
1329250 1600.5
1329260 1594.3
1329270 1594.3
1329280 1589.7
1329290 1585.5
1329300 1585.5
1329310 1581.0
1329320 1577.2
1329330 1577.2
1329340 1572.6
1329350 1568.0
1329360 1568.0
1329370 1562.9
1329380 1558.2
1329390 1558.2
1329400 1552.9
1329410 1549.0
1329420 1549.0
1329430 1546.2
1329440 1540.8
1329450 1540.8
1329460 1534.5
1329470 1531.4
1329480 1537.7
1329490 1537.7
1329500 1538.1
1329510 1537.2
1329520 1537.2
1329530 1537.7
1329540 1539.7
1329550 1539.7
1329560 1542.2
1329570 1543.2
1329580 1543.2
1329590 1542.0
1329600 1539.3
1329610 1539.3
1329620 1536.5
1329630 1533.9
1329640 1533.9
1329650 1532.5
1329660 1531.5
1329670 1528.8
1329680 1526.5
1329690 1524.1
1329700 1524.1
1329710 1523.7
1329720 1526.0
1329730 1526.0
1329740 1529.8
1329750 1533.7
1329760 1535.6
1329770 1535.6
1329780 1536.5
1329790 1537.0
1329800 1537.0
1329810 1537.6
1329820 1538.8
1329830 1538.8
1329840 1540.3
1329850 1541.0
1329860 1541.0
1329870 1540.2
1329880 1537.3
1329890 1537.3
1329900 1533.7
1329910 1530.4
1329920 1530.4
1329930 1528.2
1329940 1530.0
1329950 1530.0
1329960 1533.8
1329970 1537.8
1329980 1537.8
1329990 1539.2
1330000 1539.3
1330010 1539.3
1330020 1541.1
1330030 1543.9
1330040 1547.2
1330050 1547.2
1330060 1550.9
1330070 1554.3
1330080 1554.3
1330090 1556.8
1330100 1559.7
1330110 1559.7
1330120 1562.9
1330130 1565.5
1330140 1565.5
1330150 1567.6
1330160 1569.2
1330170 1569.2
1330180 1571.2
1330190 1573.0
1330200 1573.0
1330210 1574.1
1330220 1575.1
1330230 1575.1
1330240 1576.6
1330250 1577.7
1330260 1577.7
1330270 1578.4
1330280 1579.3
1330290 1579.3
1330300 1583.3
1330310 1587.7
1330320 1589.7
1330330 1589.7
1330340 1590.3
1330350 1589.9
1330360 1589.9
1330370 1589.5
1330380 1589.0
1330390 1589.0
1330400 1587.8
1330410 1586.2
1330420 1586.2
1330430 1584.6
1330440 1583.2
1330450 1583.2
1330460 1582.3
1330470 1581.6
1330480 1581.6
1330490 1576.9
1330500 1574.7
1330510 1574.7
1330520 1573.8
1330530 1576.7
1330540 1576.7
1330550 1577.9
1330560 1578.7
1330570 1578.7
1330580 1580.2
1330590 1581.4
1330600 1581.3
1330610 1581.3
1330620 1581.0
1330630 1581.1
1330640 1581.1
1330650 1583.2
1330660 1585.1
1330670 1585.1
1330680 1586.5
1330690 1586.6
1330700 1586.6
1330710 1585.3
1330720 1584.9
1330730 1584.9
1330740 1585.4
1330750 1585.4
1330760 1585.4
1330770 1585.3
1330780 1585.3
1330790 1585.3
1330800 1585.0
1330810 1584.1
1330820 1584.1
1330830 1583.5
1330840 1582.4
1330850 1582.4
1330860 1581.5
1330870 1580.8
1330880 1580.5
1330890 1580.5
1330900 1580.2
1330910 1580.2
1330920 1580.2
1330930 1580.3
1330940 1579.3
1330950 1579.3
1330960 1577.8
1330970 1575.7
1330980 1575.7
1330990 1573.1
1331000 1571.1
1331010 1571.1
1331020 1569.6
1331030 1567.9
1331040 1567.9
1331050 1566.1
1331060 1563.9
1331070 1563.9
1331080 1561.3
1331090 1559.4
1331100 1559.4
1331110 1559.3
1331120 1559.9
1331130 1560.8
1331140 1560.8
1331150 1561.7
1331160 1562.5
1331170 1562.5
1331180 1562.6
1331190 1561.9
1331200 1561.9
1331210 1561.0
1331220 1560.1
1331230 1560.1
1331240 1559.1
1331250 1558.3
1331260 1558.3
1331270 1557.6
1331280 1556.7
1331290 1556.7
1331300 1555.7
1331310 1556.5
1331320 1552.9
1331330 1555.7
1331340 1557.6
1331350 1557.6
1331360 1556.2
1331370 1555.6
1331380 1555.6
1331390 1559.0
1331400 1562.0
1331410 1564.2
1331420 1564.2
1331430 1567.5
1331440 1570.8
1331450 1570.8
1331460 1573.4
1331470 1576.5
1331480 1576.5
1331490 1580.2
1331500 1583.4
1331510 1583.4
1331520 1586.4
1331530 1589.2
1331540 1589.2
1331550 1592.0
1331560 1593.6
1331570 1593.6
1331580 1594.5
1331590 1595.3
1331600 1595.3
1331610 1595.8
1331620 1596.6
1331630 1596.6
1331640 1597.9
1331650 1598.5
1331660 1598.5
1331670 1598.5
1331680 1597.6
1331690 1596.5
1331700 1596.5
1331710 1598.2
1331720 1603.8
1331730 1603.8
1331740 1609.6
1331750 1614.4
1331760 1614.4
1331770 1618.3
1331780 1621.6
1331790 1621.6
1331800 1625.1
1331810 1628.9
1331820 1628.9
1331830 1632.5
1331840 1635.8
1331850 1635.8
1331860 1639.1
1331870 1642.5
1331880 1642.5
1331890 1645.3
1331900 1648.9
1331910 1648.9
1331920 1653.6
1331930 1659.8
1331940 1659.8
1331950 1665.8
1331960 1669.7
1331970 1671.2
1331980 1671.2
1331990 1671.8
1332000 1672.5
1332010 1672.5
1332020 1673.4
1332030 1674.1
1332040 1674.1
1332050 1675.3
1332060 1677.2
1332070 1677.2
1332080 1678.9
1332090 1680.7
1332100 1680.7
1332110 1681.9
1332120 1682.3
1332130 1682.3
1332140 1682.7
1332150 1683.3
1332160 1680.4
1332170 1681.1
1332180 1683.9
1332190 1683.9
1332200 1687.7
1332210 1690.7
1332220 1690.7
1332230 1691.9
1332240 1692.5
1332250 1693.6
1332260 1693.6
1332270 1694.9
1332280 1697.0
1332290 1697.0
1332300 1698.8
1332310 1699.5
1332320 1699.5
1332330 1699.6
1332340 1699.5
1332350 1699.5
1332360 1699.6
1332370 1700.8
1332380 1700.8
1332390 1702.8
1332400 1704.5
1332410 1704.5
1332420 1705.5
1332430 1705.9
1332440 1705.9
1332450 1705.2
1332460 1704.6
1332470 1704.6
1332480 1705.3
1332490 1706.5
1332500 1708.0
1332510 1708.0
1332520 1709.4
1332530 1711.5
1332540 1711.5
1332550 1714.3
1332560 1717.8
1332570 1717.8
1332580 1721.1
1332590 1724.4
1332600 1724.4
1332610 1727.5
1332620 1729.9
1332630 1729.9
1332640 1732.1
1332650 1734.0
1332660 1734.0
1332670 1735.7
1332680 1737.5
1332690 1737.5
1332700 1739.9
1332710 1743.4
1332720 1743.4
1332730 1744.7
1332740 1744.9
1332750 1744.9
1332760 1745.4
1332770 1745.3
1332780 1745.3
1332790 1745.3
1332800 1745.5
1332810 1747.2
1332820 1747.2
1332830 1749.8
1332840 1750.2
1332850 1750.2
1332860 1752.4
1332870 1756.9
1332880 1756.9
1332890 1760.7
1332900 1763.8
1332910 1763.8
1332920 1767.2
1332930 1770.3
1332940 1770.3
1332950 1770.0
1332960 1766.6
1332970 1766.6
1332980 1761.6
1332990 1757.4
1333000 1751.9
1333010 1748.0
1333020 1746.0
1333030 1746.0
1333040 1743.9
1333050 1739.9
1333060 1737.1
1333070 1737.1
1333080 1734.0
1333090 1729.2
1333100 1729.2
1333110 1723.2
1333120 1721.8
1333130 1721.8
1333140 1724.0
1333150 1728.6
1333160 1728.6
1333170 1731.4
1333180 1733.1
1333190 1733.1
1333200 1734.4
1333210 1734.3
1333220 1734.3
1333230 1734.0
1333240 1733.7
1333250 1733.7
1333260 1736.4
1333270 1741.3
1333280 1741.3
1333290 1745.5
1333300 1748.6
1333310 1748.6
1333320 1751.3
1333330 1753.3
1333340 1754.3
1333350 1754.3
1333360 1753.5
1333370 1752.0
1333380 1752.0
1333390 1751.2
1333400 1750.8
1333410 1750.8
1333420 1750.2
1333430 1749.1
1333440 1749.1
1333450 1747.7
1333460 1747.3
1333470 1747.3
1333480 1747.9
1333490 1748.4
1333500 1748.4
1333510 1748.1
1333520 1745.4
1333530 1745.4
1333540 1741.4
1333550 1739.5
1333560 1739.5
1333570 1739.5
1333580 1740.0
1333590 1740.0
1333600 1740.1
1333610 1740.1
1333620 1740.0
1333630 1740.0
1333640 1740.4
1333650 1741.1
1333660 1741.1
1333670 1741.6
1333680 1741.6
1333690 1741.6
1333700 1742.6
1333710 1743.1
1333720 1743.1
1333730 1743.0
1333740 1744.3
1333750 1744.3
1333760 1745.6
1333770 1745.9
1333780 1745.9
1333790 1746.8
1333800 1748.1
1333810 1748.1
1333820 1749.9
1333830 1751.7
1333840 1743.6
1333850 1745.1
1333860 1746.4
1333870 1746.4
1333880 1746.8
1333890 1746.9
1333900 1744.4
1333910 1744.4
1333920 1743.1
1333930 1742.1
1333940 1742.1
1333950 1740.2
1333960 1740.5
1333970 1740.5
1333980 1747.5
1333990 1754.9
1334000 1754.9
1334010 1762.3
1334020 1769.5
1334030 1769.5
1334040 1775.1
1334050 1778.6
1334060 1778.6
1334070 1782.1
1334080 1784.8
1334090 1784.8
1334100 1786.9
1334110 1787.3
1334120 1787.3
1334130 1784.6
1334140 1782.5
1334150 1780.5
1334160 1780.5
1334170 1778.8
1334180 1778.6
1334190 1778.6
1334200 1778.7
1334210 1780.1
1334220 1780.1
1334230 1781.8
1334240 1783.3
1334250 1783.3
1334260 1783.9
1334270 1781.3
1334280 1781.3
1334290 1778.7
1334300 1779.0
1334310 1779.0
1334320 1780.4
1334330 1782.0
1334340 1782.0
1334350 1782.7
1334360 1783.2
1334370 1783.2
1334380 1783.6
1334390 1782.6
1334400 1782.6
1334410 1781.2
1334420 1779.5
1334430 1777.5
1334440 1777.5
1334450 1776.7
1334460 1776.1
1334470 1776.1
1334480 1775.2
1334490 1774.1
1334500 1774.1
1334510 1772.4
1334520 1770.5
1334530 1770.5
1334540 1766.7
1334550 1768.3
1334560 1768.3
1334570 1773.7
1334580 1778.1
1334590 1778.1
1334600 1780.8
1334610 1781.3
1334620 1781.3
1334630 1781.3
1334640 1781.3
1334650 1781.3
1334660 1782.2
1334670 1782.9
1334680 1782.9
1334690 1779.6
1334700 1779.8
1334710 1778.7
1334720 1778.7
1334730 1776.2
1334740 1774.8
1334750 1774.8
1334760 1775.0
1334770 1775.3
1334780 1775.3
1334790 1775.8
1334800 1777.2
1334810 1777.2
1334820 1778.9
1334830 1780.5
1334840 1780.5
1334850 1781.7
1334860 1782.9
1334870 1782.9
1334880 1784.7
1334890 1786.6
1334900 1786.6
1334910 1789.0
1334920 1792.8
1334930 1792.8
1334940 1796.4
1334950 1798.9
1334960 1798.9
1334970 1801.3
1334980 1803.4
1334990 1805.7
1335000 1805.7
1335010 1806.7
1335020 1809.0
1335030 1809.0
1335040 1811.9
1335050 1814.4
1335060 1814.4
1335070 1817.8
1335080 1820.8
1335090 1820.8
1335100 1823.7
1335110 1826.4
1335120 1826.4
1335130 1827.5
1335140 1831.9
1335150 1831.9
1335160 1837.1
1335170 1841.4
1335180 1841.4
1335190 1846.4
1335200 1852.2
1335210 1852.2
1335220 1857.3
1335230 1861.9
1335240 1861.9
1335250 1864.8
1335260 1866.8
1335270 1868.5
1335280 1868.5
1335290 1866.8
1335300 1862.8
1335310 1862.8
1335320 1858.7
1335330 1856.7
1335340 1856.7
1335350 1855.9
1335360 1854.0
1335370 1854.0
1335380 1852.1
1335390 1850.2
1335400 1850.2
1335410 1849.8
1335420 1851.3
1335430 1851.3
1335440 1853.7
1335450 1856.0
1335460 1856.0
1335470 1856.7
1335480 1858.4
1335490 1858.4
1335500 1861.0
1335510 1862.6
1335520 1862.6
1335530 1864.2
1335540 1856.5
1335550 1857.1
1335560 1857.1
1335570 1858.2
1335580 1860.1
1335590 1860.1
1335600 1862.6
1335610 1864.2
1335620 1864.2
1335630 1866.6
1335640 1866.1
1335650 1866.1
1335660 1862.3
1335670 1857.9
1335680 1857.9
1335690 1856.7
1335700 1853.5
1335710 1853.5
1335720 1848.6
1335730 1847.1
1335740 1847.1
1335750 1845.7
1335760 1843.7
1335770 1843.7
1335780 1841.0
1335790 1838.6
1335800 1836.5
1335810 1836.5
1335820 1834.7
1335830 1831.7
1335840 1831.7
1335850 1827.5
1335860 1824.5
1335870 1824.5
1335880 1821.6
1335890 1820.4
1335900 1820.4
1335910 1820.5
1335920 1820.3
1335930 1820.3
1335940 1821.0
1335950 1822.6
1335960 1822.6
1335970 1824.1
1335980 1825.4
1335990 1825.4
1336000 1828.6
1336010 1831.7
1336020 1831.7
1336030 1832.8
1336040 1831.8
1336050 1831.8
1336060 1830.3
1336070 1829.8
1336080 1829.3
1336090 1829.3
1336100 1828.8
1336110 1828.3
1336120 1828.3
1336130 1828.3
1336140 1828.9
1336150 1828.9
1336160 1830.1
1336170 1830.0
1336180 1830.0
1336190 1830.3
1336200 1832.1
1336210 1832.1
1336220 1833.9
1336230 1835.8
1336240 1835.8
1336250 1837.3
1336260 1839.5
1336270 1839.5
1336280 1841.1
1336290 1843.1
1336300 1843.1
1336310 1845.5
1336320 1848.9
1336330 1848.9
1336340 1851.9
1336350 1853.8
1336360 1856.6
1336370 1856.6
1336380 1860.1
1336390 1857.3
1336400 1857.3
1336410 1858.2
1336420 1858.1
1336430 1858.1
1336440 1858.6
1336450 1859.7
1336460 1859.7
1336470 1861.1
1336480 1862.5
1336490 1862.5
1336500 1864.5
1336510 1868.1
1336520 1868.1
1336530 1872.5
1336540 1875.2
1336550 1875.2
1336560 1876.4
1336570 1877.9
1336580 1877.9
1336590 1880.0
1336600 1881.3
1336610 1881.3
1336620 1880.0
1336630 1880.5
1336640 1883.5
1336650 1883.5
1336660 1887.5
1336670 1889.1
1336680 1889.1
1336690 1889.8
1336700 1889.9
1336710 1889.9
1336720 1890.0
1336730 1890.8
1336740 1890.8
1336750 1892.2
1336760 1893.5
1336770 1893.5
1336780 1893.1
1336790 1894.7
1336800 1894.7
1336810 1896.9
1336820 1898.3
1336830 1898.3
1336840 1899.7
1336850 1900.5
1336860 1900.5
1336870 1901.4
1336880 1903.2
1336890 1903.2
1336900 1905.7
1336910 1907.0
1336920 1907.4
1336930 1907.4
1336940 1909.4
1336950 1912.8
1336960 1912.8
1336970 1915.6
1336980 1917.9
1336990 1917.9
1337000 1920.3
1337010 1923.2
1337020 1923.2
1337030 1927.6
1337040 1932.2
1337050 1932.2
1337060 1933.8
1337070 1936.0
1337080 1936.0
1337090 1940.3
1337100 1944.6
1337110 1944.6
1337120 1949.0
1337130 1952.8
1337140 1952.8
1337150 1955.5
1337160 1958.5
1337170 1958.5
1337180 1961.2
1337190 1964.9
1337200 1969.6
1337210 1969.6
1337220 1973.9
1337230 1978.7
1337240 1978.7
1337250 1983.8
1337260 1985.8
1337270 1985.8
1337280 1991.4
1337290 1996.5
1337300 1996.5
1337310 2001.6
1337320 2006.2
1337330 2006.2
1337340 2009.2
1337350 2011.2
1337360 2011.2
1337370 2015.4
1337380 2019.6
1337390 2019.6
1337400 2022.1
1337410 2025.7
1337420 2025.7
1337430 2028.1
1337440 2029.2
1337450 2030.7
1337460 2030.7
1337470 2032.6
1337480 2034.6
1337490 2034.6
1337500 2037.0
1337510 2039.4
1337520 2039.4
1337530 2041.5
1337540 2045.5
1337550 2045.5
1337560 2049.0
1337570 2052.4
1337580 2052.4
1337590 2057.2
1337600 2061.9
1337610 2061.9
1337620 2065.6
1337630 2069.8
1337640 2069.8
1337650 2073.5
1337660 2078.0
1337670 2078.0
1337680 2082.5
1337690 2085.1
1337700 2085.1
1337710 2084.9
1337720 2083.4
1337730 2085.0
1337740 2085.0
1337750 2088.0
1337760 2091.9
1337770 2091.9
1337780 2096.5
1337790 2101.8
1337800 2101.8
1337810 2106.3
1337820 2111.5
1337830 2111.5
1337840 2116.8
1337850 2121.2
1337860 2121.2
1337870 2123.8
1337880 2125.7
1337890 2125.7
1337900 2127.9
1337910 2130.4
1337920 2130.4
1337930 2132.4
1337940 2135.3
1337950 2135.3
1337960 2138.9
1337970 2142.9
1337980 2142.9
1337990 2148.1
1338000 2155.1
1338010 2162.7
1338020 2162.7
1338030 2169.0
1338040 2175.0
1338050 2175.0
1338060 2180.4
1338070 2185.6
1338080 2185.6
1338090 2192.7
1338100 2200.2
1338110 2200.2
1338120 2207.1
1338130 2212.5
1338140 2212.5
1338150 2220.7
1338160 2229.0
1338170 2229.0
1338180 2238.4
1338190 2243.3
1338200 2243.3
1338210 2247.2
1338220 2253.8
1338230 2253.8
1338240 2260.6
1338250 2265.9
1338260 2265.9
1338270 2269.0
1338280 2273.0
1338290 2277.9
1338300 2277.9
1338310 2279.9
1338320 2279.6
1338330 2279.6
1338340 2277.4
1338350 2275.8
1338360 2275.8
1338370 2274.5
1338380 2274.4
1338390 2274.4
1338400 2274.4
1338410 2274.5
1338420 2274.5
1338430 2274.7
1338440 2274.0
1338450 2274.0
1338460 2272.4
1338470 2271.1
1338480 2271.1
1338490 2270.3
1338500 2268.3
1338510 2268.3
1338520 2265.9
1338530 2263.6
1338540 2263.6
1338550 2262.5
1338560 2262.3
1338570 2263.1
1338580 2263.1
1338590 2265.0
1338600 2264.6
1338610 2264.6
1338620 2260.5
1338630 2259.3
1338640 2259.3
1338650 2259.7
1338660 2260.6
1338670 2260.6
1338680 2259.8
1338690 2258.4
1338700 2258.4
1338710 2257.4
1338720 2255.5
1338730 2255.5
1338740 2251.8
1338750 2249.0
1338760 2249.0
1338770 2246.9
1338780 2244.5
1338790 2244.5
1338800 2239.8
1338810 2235.8
1338820 2230.5
1338830 2230.5
1338840 2222.2
1338850 2211.1
1338860 2211.1
1338870 2202.0
1338880 2194.2
1338890 2194.2
1338900 2185.7
1338910 2178.5
1338920 2178.5
1338930 2173.3
1338940 2168.7
1338950 2168.7
1338960 2164.0
1338970 2157.9
1338980 2157.9
1338990 2151.8
1339000 2147.0
1339010 2147.0
1339020 2142.9
1339030 2140.7
1339040 2140.7
1339050 2139.9
1339060 2139.9
1339070 2139.9
1339080 2138.7
1339090 2136.5
1339100 2134.8
1339110 2134.8
1339120 2132.5
1339130 2127.5
1339140 2127.5
1339150 2119.2
1339160 2117.3
1339170 2117.3
1339180 2114.4
1339190 2108.3
1339200 2108.3
1339210 2103.3
1339220 2097.8
1339230 2097.8
1339240 2094.4
1339250 2087.6
1339260 2087.6
1339270 2080.4
1339280 2075.0
1339290 2075.0
1339300 2070.0
1339310 2065.6
1339320 2065.6
1339330 2061.4
1339340 2058.5
1339350 2058.5
1339360 2056.9
1339370 2056.0
1339380 2056.6
1339390 2056.6
1339400 2058.2
1339410 2057.5
1339420 2057.5
1339430 2054.8
1339440 2050.8
1339450 2050.8
1339460 2044.7
1339470 2040.4
1339480 2040.4
1339490 2038.1
1339500 2036.4
1339510 2036.4
1339520 2035.2
1339530 2033.4
1339540 2033.4
1339550 2032.0
1339560 2031.3
1339570 2031.3
1339580 2030.1
1339590 2029.5
1339600 2029.5
1339610 2030.2
1339620 2030.6
1339630 2030.6
1339640 2030.9
1339650 2031.0
1339660 2030.5
1339670 2030.5
1339680 2029.5
1339690 2029.0
1339700 2029.0
1339710 2028.8
1339720 2027.6
1339730 2027.6
1339740 2026.8
1339750 2027.8
1339760 2027.8
1339770 2028.6
1339780 2029.2
1339790 2029.2
1339800 2030.2
1339810 2031.3
1339820 2031.3
1339830 2031.8
1339840 2032.1
1339850 2032.1
1339860 2033.3
1339870 2035.3
1339880 2028.9
1339890 2031.8
1339900 2034.7
1339910 2034.7
1339920 2037.7
1339930 2041.6
1339940 2046.2
1339950 2046.2
1339960 2049.9
1339970 2054.4
1339980 2054.4
1339990 2056.9
