1320000 553.5
1320010 553.3
1320020 553.0
1320030 553.0
1320040 552.9
1320050 552.8
1320060 552.7
1320070 552.7
1320080 552.6
1320090 552.5
1320100 552.5
1320110 552.3
1320120 552.1
1320130 552.1
1320140 551.8
1320150 551.4
1320160 551.4
1320170 551.1
1320180 550.9
1320190 550.9
1320200 550.8
1320210 551.1
1320220 551.1
1320230 550.7
1320240 550.0
1320250 550.0
1320260 549.8
1320270 549.5
1320280 549.5
1320290 549.2
1320300 549.0
1320310 549.0
1320320 548.7
1320330 548.5
1320340 548.2
1320350 548.2
1320360 548.0
1320370 547.9
1320380 547.9
1320390 547.7
1320400 547.5
1320410 547.5
1320420 547.3
1320430 546.7
1320440 546.7
1320450 545.7
1320460 545.3
1320470 545.3
1320480 544.0
1320490 542.8
1320500 542.8
1320510 541.8
1320520 540.3
1320530 540.3
1320540 540.6
1320550 540.8
1320560 540.8
1320570 540.8
1320580 540.8
1320590 540.8
1320600 540.8
1320610 540.9
1320620 541.0
1320630 541.0
1320640 541.0
1320650 541.3
1320660 541.3
1320670 541.3
1320680 541.3
1320690 541.3
1320700 541.3
1320710 541.3
1320720 541.3
1320730 541.4
1320740 541.5
1320750 541.5
1320760 541.6
1320770 542.0
1320780 542.0
1320790 542.4
1320800 542.6
1320810 542.6
1320820 542.5
1320830 542.8
1320840 542.8
1320850 542.5
1320860 542.1
1320870 542.1
1320880 541.8
1320890 541.8
1320900 541.8
1320910 541.8
1320920 541.9
1320930 542.0
1320940 542.0
1320950 542.0
1320960 542.0
1320970 542.0
1320980 542.0
1320990 542.0
1321000 542.0
1321010 542.1
1321020 541.2
1321030 541.2
1321040 540.7
1321050 541.9
1321060 541.9
1321070 542.0
1321080 542.0
1321090 542.0
1321100 542.1
1321110 542.1
1321120 542.1
1321130 542.1
1321140 542.0
1321150 542.0
1321160 542.0
1321170 542.0
1321180 542.0
1321190 542.0
1321200 542.0
1321210 542.0
1321220 542.0
1321230 542.1
1321240 542.1
1321250 542.1
1321260 542.1
1321270 542.1
1321280 542.1
1321290 542.2
1321300 542.5
1321310 542.5
1321320 542.7
1321330 542.9
1321340 542.9
1321350 542.6
1321360 542.5
1321370 542.5
1321380 542.4
1321390 542.3
1321400 542.3
1321410 542.3
1321420 542.5
1321430 542.5
1321440 542.5
1321450 542.5
1321460 542.6
1321470 542.6
1321480 542.6
1321490 542.7
1321500 542.7
1321510 542.7
1321520 542.8
1321530 542.8
1321540 542.8
1321550 542.9
1321560 542.9
1321570 543.0
1321580 543.2
1321590 543.2
1321600 543.3
1321610 544.4
1321620 544.4
1321630 542.5
1321640 540.2
1321650 540.2
1321660 540.1
1321670 540.3
1321680 540.3
1321690 542.0
1321700 543.3
1321710 544.8
1321720 544.8
1321730 545.0
1321740 544.7
1321750 544.7
1321760 544.7
1321770 545.2
1321780 545.2
1321790 545.8
1321800 546.6
1321810 546.6
1321820 548.1
1321830 549.3
1321840 549.3
1321850 550.6
1321860 555.0
1321870 555.0
1321880 562.2
1321890 569.3
1321900 569.3
1321910 576.4
1321920 584.7
1321930 584.7
1321940 592.6
1321950 600.3
1321960 600.3
1321970 607.5
1321980 614.2
1321990 619.9
1322000 619.9
1322010 625.8
1322020 631.7
1322030 631.7
1322040 637.4
1322050 643.4
1322060 643.4
1322070 649.1
1322080 654.6
1322090 654.6
1322100 660.2
1322110 665.7
1322120 665.7
1322130 671.4
1322140 677.4
1322150 677.4
1322160 682.6
1322170 686.8
1322180 686.8
1322190 691.9
1322200 697.7
1322210 697.7
1322220 703.5
1322230 709.5
1322240 709.5
1322250 716.2
1322260 723.8
1322270 730.9
1322280 730.9
1322290 737.8
1322300 744.0
1322310 744.0
1322320 749.9
1322330 756.4
1322340 756.4
1322350 763.4
1322360 770.7
1322370 770.7
1322380 781.1
1322390 792.7
1322400 792.7
1322410 801.7
1322420 810.6
1322430 810.6
1322440 818.1
1322450 823.8
1322460 823.8
1322470 829.6
1322480 837.0
1322490 837.0
1322500 845.3
1322510 851.2
1322520 851.2
1322530 855.8
1322540 861.9
1322550 868.6
1322560 868.6
1322570 874.3
1322580 880.4
1322590 880.4
1322600 887.2
1322610 894.1
1322620 894.1
1322630 901.3
1322640 907.6
1322650 907.6
1322660 914.0
1322670 921.1
1322680 921.1
1322690 928.7
1322700 935.1
1322710 935.1
1322720 942.7
1322730 950.9
1322740 950.9
1322750 957.5
1322760 962.3
1322770 962.3
1322780 967.1
1322790 974.1
1322800 980.2
1322810 980.2
1322820 981.4
1322830 982.8
1322840 982.8
1322850 986.1
1322860 991.7
1322870 986.0
1322880 991.2
1322890 996.7
1322900 996.7
1322910 1003.3
1322920 1007.7
1322930 1007.7
1322940 1009.7
1322950 1013.2
1322960 1013.2
1322970 1015.4
1322980 1015.3
1322990 1015.3
1323000 1014.2
1323010 1016.8
1323020 1016.8
1323030 1023.0
1323040 1029.9
1323050 1029.9
1323060 1038.9
1323070 1045.4
1323080 1049.3
1323090 1049.3
1323100 1053.7
1323110 1058.0
1323120 1058.0
1323130 1062.2
1323140 1067.4
1323150 1067.4
1323160 1074.3
1323170 1081.8
1323180 1081.8
1323190 1088.2
1323200 1093.4
1323210 1093.4
1323220 1098.4
1323230 1103.7
1323240 1103.7
1323250 1109.9
1323260 1114.8
1323270 1114.8
1323280 1118.3
1323290 1122.4
1323300 1122.4
1323310 1127.9
1323320 1134.4
1323330 1134.4
1323340 1141.8
1323350 1149.0
1323360 1156.5
1323370 1156.5
1323380 1164.6
1323390 1172.7
1323400 1172.7
1323410 1180.6
1323420 1190.1
1323430 1190.1
1323440 1198.3
1323450 1204.7
1323460 1204.7
1323470 1209.9
1323480 1215.3
1323490 1215.3
1323500 1220.8
1323510 1225.0
1323520 1225.0
1323530 1229.2
1323540 1231.6
1323550 1231.6
1323560 1232.8
1323570 1234.0
1323580 1234.0
1323590 1236.1
1323600 1240.1
1323610 1240.1
1323620 1242.8
1323630 1242.7
1323640 1242.7
1323650 1241.3
1323660 1242.1
1323670 1244.4
1323680 1244.4
1323690 1247.8
1323700 1251.1
1323710 1251.1
1323720 1255.4
1323730 1257.8
1323740 1257.8
1323750 1266.5
1323760 1277.0
1323770 1277.0
1323780 1288.4
1323790 1300.0
1323800 1300.0
1323810 1307.8
1323820 1316.0
1323830 1316.0
1323840 1325.0
1323850 1333.3
1323860 1333.3
1323870 1341.6
1323880 1347.5
1323890 1347.5
1323900 1349.4
1323910 1351.9
1323920 1355.8
1323930 1355.8
1323940 1361.3
1323950 1365.7
1323960 1365.7
1323970 1369.0
1323980 1372.5
1323990 1372.5
1324000 1375.7
1324010 1381.6
1324020 1381.6
1324030 1386.8
1324040 1388.3
1324050 1388.3
1324060 1388.5
1324070 1387.6
1324080 1387.6
1324090 1387.7
1324100 1390.0
1324110 1390.0
1324120 1394.1
1324130 1399.4
1324140 1399.4
1324150 1405.9
1324160 1414.9
1324170 1423.4
1324180 1423.4
1324190 1427.4
1324200 1429.5
1324210 1429.5
1324220 1431.9
1324230 1437.0
1324240 1437.0
1324250 1442.1
1324260 1445.5
1324270 1445.5
1324280 1445.9
1324290 1447.2
1324300 1447.2
1324310 1448.6
1324320 1454.4
1324330 1454.4
1324340 1460.3
1324350 1463.6
1324360 1463.6
1324370 1466.3
1324380 1469.0
1324390 1469.0
1324400 1466.1
1324410 1460.6
1324420 1460.6
1324430 1458.6
1324440 1458.8
1324450 1453.3
1324460 1453.3
1324470 1452.4
1324480 1452.7
1324490 1452.7
1324500 1453.8
1324510 1456.5
1324520 1456.5
1324530 1462.5
1324540 1467.2
1324550 1467.2
1324560 1469.8
1324570 1472.1
1324580 1472.1
1324590 1476.3
1324600 1482.3
1324610 1482.3
1324620 1484.1
1324630 1485.0
1324640 1485.0
1324650 1487.2
1324660 1490.4
1324670 1490.4
1324680 1495.1
1324690 1499.3
1324700 1499.3
1324710 1502.0
1324720 1503.4
1324730 1505.1
1324740 1505.1
1324750 1508.3
1324760 1513.7
1324770 1513.7
1324780 1521.9
1324790 1529.7
1324800 1529.7
1324810 1539.4
1324820 1550.0
1324830 1550.0
1324840 1559.9
1324850 1569.7
1324860 1569.7
1324870 1576.1
1324880 1581.2
1324890 1581.2
1324900 1585.9
1324910 1590.1
1324920 1590.1
1324930 1594.4
1324940 1597.6
1324950 1597.6
1324960 1597.5
1324970 1596.2
1324980 1596.2
1324990 1594.8
1325000 1592.4
1325010 1590.0
1325020 1590.0
1325030 1588.0
1325040 1587.4
1325050 1587.4
1325060 1588.1
1325070 1588.7
1325080 1588.7
1325090 1591.2
1325100 1594.1
1325110 1594.1
1325120 1598.6
1325130 1607.6
1325140 1607.6
1325150 1617.3
1325160 1625.4
1325170 1625.4
1325180 1629.9
1325190 1633.3
1325200 1633.3
1325210 1636.8
1325220 1640.7
1325230 1640.7
1325240 1644.4
1325250 1641.2
1325260 1641.2
1325270 1645.6
1325280 1648.0
1325290 1649.2
1325300 1649.2
1325310 1649.3
1325320 1647.4
1325330 1647.4
1325340 1646.7
1325350 1646.8
1325360 1646.8
1325370 1645.8
1325380 1647.6
1325390 1647.6
1325400 1652.7
1325410 1658.2
1325420 1658.2
1325430 1663.4
1325440 1668.2
1325450 1668.2
1325460 1673.2
1325470 1678.6
1325480 1678.6
1325490 1684.0
1325500 1689.4
1325510 1689.4
1325520 1695.5
1325530 1700.7
1325540 1706.5
1325550 1706.5
1325560 1710.5
1325570 1714.3
1325580 1714.3
1325590 1718.0
1325600 1721.5
1325610 1721.5
1325620 1725.0
1325630 1727.8
1325640 1727.8
1325650 1730.6
1325660 1733.5
1325670 1733.5
1325680 1736.7
1325690 1739.5
1325700 1739.5
1325710 1742.5
1325720 1745.6
1325730 1745.6
1325740 1748.5
1325750 1751.2
1325760 1751.2
1325770 1753.3
1325780 1755.4
1325790 1755.4
1325800 1757.5
1325810 1759.4
1325820 1760.2
1325830 1760.2
1325840 1760.9
1325850 1761.1
1325860 1761.1
1325870 1761.9
1325880 1763.2
1325890 1763.2
1325900 1765.4
1325910 1767.6
1325920 1767.6
1325930 1769.0
1325940 1769.7
1325950 1769.7
1325960 1769.6
1325970 1768.7
1325980 1768.7
1325990 1767.9
1326000 1767.2
1326010 1767.2
1326020 1766.1
1326030 1764.8
1326040 1764.8
1326050 1757.7
1326060 1756.0
1326070 1756.0
1326080 1754.2
1326090 1752.8
1326100 1752.5
1326110 1752.5
1326120 1751.1
1326130 1747.8
1326140 1747.8
1326150 1744.6
1326160 1742.2
1326170 1742.2
1326180 1740.1
1326190 1738.6
1326200 1738.6
1326210 1737.1
1326220 1735.9
1326230 1735.9
1326240 1734.3
1326250 1732.8
1326260 1732.8
1326270 1731.5
1326280 1729.9
1326290 1729.9
1326300 1727.4
1326310 1725.5
1326320 1725.5
1326330 1722.9
1326340 1719.6
1326350 1719.6
1326360 1715.3
1326370 1710.9
1326380 1706.4
1326390 1706.4
1326400 1701.5
1326410 1696.5
1326420 1696.5
1326430 1690.7
1326440 1685.4
1326450 1685.4
1326460 1679.3
1326470 1675.2
1326480 1675.2
1326490 1673.3
1326500 1671.2
1326510 1671.2
1326520 1667.8
1326530 1664.5
1326540 1664.5
1326550 1661.0
1326560 1655.9
1326570 1655.9
1326580 1650.5
1326590 1644.8
1326600 1644.8
1326610 1638.9
1326620 1634.7
1326630 1634.7
1326640 1633.0
1326650 1631.2
1326660 1627.9
1326670 1627.9
1326680 1624.6
1326690 1621.1
1326700 1621.1
1326710 1616.9
1326720 1612.9
1326730 1612.9
1326740 1609.7
1326750 1612.8
1326760 1612.8
1326770 1614.4
1326780 1616.5
1326790 1616.5
1326800 1617.0
1326810 1615.8
1326820 1615.8
1326830 1615.2
1326840 1615.7
1326850 1610.4
1326860 1607.5
1326870 1605.1
1326880 1605.1
1326890 1600.0
1326900 1594.6
1326910 1590.5
1326920 1590.5
1326930 1586.4
1326940 1583.9
1326950 1583.9
1326960 1583.6
1326970 1584.1
1326980 1584.1
1326990 1584.6
1327000 1583.2
1327010 1583.2
1327020 1580.9
1327030 1579.1
1327040 1579.1
1327050 1577.1
1327060 1575.6
1327070 1575.6
1327080 1572.4
1327090 1569.6
1327100 1569.6
1327110 1565.6
1327120 1561.2
1327130 1561.2
1327140 1556.8
1327150 1554.5
1327160 1554.5
1327170 1551.7
1327180 1549.3
1327190 1548.4
1327200 1548.4
1327210 1548.8
1327220 1549.8
1327230 1549.8
1327240 1550.9
1327250 1543.6
1327260 1543.6
1327270 1540.8
1327280 1545.4
1327290 1545.4
1327300 1551.8
1327310 1558.1
1327320 1558.1
1327330 1560.6
1327340 1561.2
1327350 1561.2
1327360 1561.9
1327370 1562.9
1327380 1562.9
1327390 1563.9
1327400 1566.3
1327410 1566.3
1327420 1569.5
1327430 1571.9
1327440 1571.9
1327450 1573.8
1327460 1576.0
1327470 1576.5
1327480 1576.5
1327490 1576.9
1327500 1577.2
1327510 1577.2
1327520 1576.8
1327530 1576.3
1327540 1576.3
1327550 1574.5
1327560 1572.5
1327570 1572.5
1327580 1570.6
1327590 1569.0
1327600 1569.0
1327610 1568.0
1327620 1567.7
1327630 1567.7
1327640 1568.1
1327650 1569.0
1327660 1562.9
1327670 1563.7
1327680 1564.1
1327690 1564.1
1327700 1563.9
1327710 1563.4
1327720 1563.4
1327730 1562.2
1327740 1563.3
1327750 1564.1
1327760 1564.1
1327770 1564.4
1327780 1565.9
1327790 1565.9
1327800 1565.8
1327810 1565.7
1327820 1565.7
1327830 1567.7
1327840 1570.5
1327850 1570.5
1327860 1572.4
1327870 1572.5
1327880 1572.5
1327890 1572.1
1327900 1575.1
1327910 1575.1
1327920 1582.2
1327930 1584.2
1327940 1584.2
1327950 1581.5
1327960 1578.0
1327970 1578.0
1327980 1573.4
1327990 1567.3
1328000 1567.3
1328010 1560.8
1328020 1555.2
1328030 1549.4
1328040 1549.4
1328050 1544.6
1328060 1540.6
1328070 1540.6
1328080 1537.5
1328090 1533.7
1328100 1533.7
1328110 1528.7
1328120 1524.1
1328130 1524.1
1328140 1519.0
1328150 1514.1
1328160 1514.1
1328170 1509.5
1328180 1503.4
1328190 1503.4
1328200 1496.9
1328210 1491.5
1328220 1491.5
1328230 1486.9
1328240 1482.4
1328250 1482.4
1328260 1478.2
1328270 1472.9
1328280 1474.0
1328290 1474.0
1328300 1472.1
1328310 1465.6
1328320 1465.6
1328330 1459.7
1328340 1461.8
1328350 1461.8
1328360 1480.5
1328370 1493.9
1328380 1493.9
1328390 1501.8
1328400 1501.2
1328410 1501.2
1328420 1502.2
1328430 1505.8
1328440 1505.8
1328450 1507.8
1328460 1508.8
1328470 1508.8
1328480 1505.1
1328490 1503.6
1328500 1503.6
1328510 1501.7
1328520 1499.5
1328530 1499.5
1328540 1496.7
1328550 1492.4
1328560 1486.4
1328570 1486.4
1328580 1481.6
1328590 1477.4
1328600 1477.4
1328610 1474.1
1328620 1472.3
1328630 1472.3
1328640 1469.5
1328650 1470.6
1328660 1470.6
1328670 1470.4
1328680 1469.3
1328690 1469.3
1328700 1468.0
1328710 1466.9
1328720 1466.9
1328730 1465.0
1328740 1461.3
1328750 1461.3
1328760 1455.7
1328770 1452.7
1328780 1452.7
1328790 1451.8
1328800 1449.4
1328810 1449.4
1328820 1447.7
1328830 1446.2
1328840 1444.4
1328850 1444.4
1328860 1442.1
1328870 1440.2
1328880 1440.2
1328890 1438.9
1328900 1437.2
1328910 1437.2
1328920 1435.8
1328930 1434.8
1328940 1434.8
1328950 1433.8
1328960 1430.3
1328970 1430.3
1328980 1426.3
1328990 1426.1
1329000 1426.1
1329010 1428.5
1329020 1428.0
1329030 1428.0
1329040 1424.2
1329050 1421.5
1329060 1421.5
1329070 1421.8
1329080 1422.1
1329090 1422.1
1329100 1424.2
1329110 1423.8
1329120 1421.9
1329130 1421.9
1329140 1422.9
1329150 1423.0
1329160 1423.0
1329170 1422.5
1329180 1420.7
1329190 1420.7
1329200 1417.5
1329210 1414.4
1329220 1414.4
1329230 1411.3
1329240 1407.5
1329250 1407.5
1329260 1405.5
1329270 1404.3
1329280 1404.3
1329290 1402.5
1329300 1392.3
1329310 1392.3
1329320 1388.8
1329330 1387.2
1329340 1387.2
1329350 1384.6
1329360 1382.2
1329370 1382.2
1329380 1382.5
1329390 1382.2
1329400 1380.1
1329410 1380.1
1329420 1377.4
1329430 1374.3
1329440 1374.3
1329450 1371.2
1329460 1369.1
1329470 1369.1
1329480 1367.7
1329490 1367.1
1329500 1367.1
1329510 1365.3
1329520 1361.4
1329530 1361.4
1329540 1355.8
1329550 1350.4
1329560 1350.4
1329570 1345.1
1329580 1336.5
1329590 1336.5
1329600 1330.6
1329610 1335.1
1329620 1335.1
1329630 1340.7
1329640 1344.8
1329650 1344.8
1329660 1348.3
1329670 1351.8
1329680 1356.5
1329690 1356.5
1329700 1362.9
1329710 1370.4
1329720 1370.4
1329730 1376.4
1329740 1379.5
1329750 1379.5
1329760 1383.4
1329770 1386.8
1329780 1386.8
1329790 1390.0
1329800 1390.6
1329810 1390.6
1329820 1390.5
1329830 1390.6
1329840 1390.6
1329850 1389.4
1329860 1389.1
1329870 1389.1
1329880 1391.0
1329890 1393.7
1329900 1393.7
1329910 1396.7
1329920 1398.6
1329930 1397.2
1329940 1397.2
1329950 1396.0
1329960 1394.3
1329970 1394.3
1329980 1393.1
1329990 1394.4
1330000 1394.4
1330010 1395.4
1330020 1395.3
1330030 1395.3
1330040 1395.7
1330050 1396.8
1330060 1396.8
1330070 1397.9
1330080 1400.3
1330090 1400.3
1330100 1404.8
1330110 1411.0
1330120 1407.5
1330130 1415.0
1330140 1420.3
1330150 1420.3
1330160 1424.6
1330170 1428.9
1330180 1428.9
1330190 1430.8
1330200 1432.8
1330210 1437.8
1330220 1437.8
1330230 1443.8
1330240 1449.6
1330250 1449.6
1330260 1454.7
1330270 1459.8
1330280 1459.8
1330290 1464.7
1330300 1472.1
1330310 1472.1
1330320 1476.5
1330330 1479.6
1330340 1479.6
1330350 1483.4
1330360 1483.8
1330370 1483.8
1330380 1482.3
1330390 1485.8
1330400 1485.8
1330410 1488.6
1330420 1490.1
1330430 1490.1
1330440 1490.7
1330450 1492.1
1330460 1492.1
1330470 1493.7
1330480 1495.5
1330490 1496.7
1330500 1496.7
1330510 1497.4
1330520 1498.2
1330530 1498.2
1330540 1499.4
1330550 1500.6
1330560 1500.6
1330570 1501.0
1330580 1501.4
1330590 1501.4
1330600 1502.5
1330610 1503.5
1330620 1503.5
1330630 1503.8
1330640 1504.2
1330650 1504.2
1330660 1504.6
1330670 1506.0
1330680 1506.0
1330690 1507.1
1330700 1506.7
1330710 1506.7
1330720 1506.4
1330730 1506.1
1330740 1506.1
1330750 1505.3
1330760 1503.6
1330770 1501.7
1330780 1501.7
1330790 1499.4
1330800 1498.1
1330810 1498.1
1330820 1497.7
1330830 1497.2
1330840 1497.2
1330850 1497.5
1330860 1496.0
1330870 1496.0
1330880 1494.4
1330890 1493.9
1330900 1493.9
1330910 1494.5
1330920 1496.5
1330930 1496.5
1330940 1498.6
1330950 1494.6
1330960 1494.6
1330970 1496.4
1330980 1498.6
1330990 1498.6
1331000 1501.0
1331010 1503.6
1331020 1503.6
1331030 1505.3
1331040 1506.2
1331050 1506.5
1331060 1506.5
1331070 1506.7
1331080 1507.1
1331090 1507.1
1331100 1507.0
1331110 1506.2
1331120 1506.2
1331130 1505.3
1331140 1504.7
1331150 1504.7
1331160 1503.8
1331170 1503.2
1331180 1503.2
1331190 1504.1
1331200 1504.9
1331210 1504.9
1331220 1505.1
1331230 1505.2
1331240 1505.2
1331250 1504.8
1331260 1504.4
1331270 1504.4
1331280 1503.4
1331290 1502.6
1331300 1503.7
1331310 1503.7
1331320 1503.5
1331330 1502.5
1331340 1502.5
1331350 1502.6
1331360 1501.8
1331370 1501.8
1331380 1500.6
1331390 1500.1
1331400 1500.1
1331410 1500.4
1331420 1499.3
1331430 1499.3
1331440 1493.0
1331450 1492.4
1331460 1492.4
1331470 1498.3
1331480 1501.7
1331490 1501.7
1331500 1502.5
1331510 1504.7
1331520 1504.7
1331530 1510.4
1331540 1515.5
1331550 1515.5
1331560 1518.6
1331570 1520.6
1331580 1522.2
1331590 1522.2
1331600 1523.3
1331610 1524.7
1331620 1524.7
1331630 1525.9
1331640 1526.9
1331650 1526.9
1331660 1527.4
1331670 1528.0
1331680 1528.0
1331690 1529.2
1331700 1531.1
1331710 1531.1
1331720 1533.2
1331730 1535.8
1331740 1535.8
1331750 1540.2
1331760 1546.4
1331770 1546.4
1331780 1548.8
1331790 1552.3
1331800 1552.3
1331810 1554.9
1331820 1556.4
1331830 1556.4
1331840 1558.2
1331850 1559.7
1331860 1561.2
1331870 1561.2
1331880 1562.7
1331890 1563.4
1331900 1563.4
1331910 1564.2
1331920 1564.8
1331930 1564.8
1331940 1565.5
1331950 1567.1
1331960 1567.1
1331970 1569.0
1331980 1570.8
1331990 1570.8
1332000 1572.7
1332010 1574.9
1332020 1574.9
1332030 1577.1
1332040 1579.9
1332050 1579.9
1332060 1582.8
1332070 1585.4
1332080 1585.4
1332090 1587.7
1332100 1589.6
1332110 1589.6
1332120 1591.6
1332130 1594.4
1332140 1596.1
1332150 1596.1
1332160 1597.5
1332170 1599.9
1332180 1599.9
1332190 1601.6
1332200 1602.3
1332210 1602.3
1332220 1601.6
1332230 1602.0
1332240 1602.0
1332250 1603.1
1332260 1602.6
1332270 1602.6
1332280 1601.8
1332290 1601.3
1332300 1601.3
1332310 1600.2
1332320 1598.6
1332330 1598.6
1332340 1595.8
1332350 1594.5
1332360 1594.5
1332370 1594.6
1332380 1591.5
1332390 1591.5
1332400 1588.3
1332410 1586.7
1332420 1586.3
1332430 1586.3
1332440 1586.7
1332450 1586.2
1332460 1586.2
1332470 1584.6
1332480 1582.5
1332490 1582.5
1332500 1580.4
1332510 1578.7
1332520 1578.7
1332530 1577.9
1332540 1577.3
1332550 1577.3
1332560 1578.3
1332570 1579.8
1332580 1579.8
1332590 1578.7
1332600 1575.1
1332610 1575.1
1332620 1566.8
1332630 1564.8
1332640 1564.8
1332650 1564.3
1332660 1564.7
1332670 1563.3
1332680 1563.3
1332690 1559.4
1332700 1554.6
1332710 1554.6
1332720 1552.8
1332730 1554.3
1332740 1554.3
1332750 1552.2
1332760 1548.3
1332770 1548.3
1332780 1549.3
1332790 1555.2
1332800 1555.2
1332810 1561.9
1332820 1567.8
1332830 1567.8
1332840 1572.8
1332850 1579.4
1332860 1579.4
1332870 1591.2
1332880 1601.3
1332890 1601.3
1332900 1608.3
1332910 1612.0
1332920 1612.0
1332930 1614.0
1332940 1614.4
1332950 1616.0
1332960 1616.0
1332970 1619.4
1332980 1621.1
1332990 1621.1
1333000 1621.8
1333010 1620.5
1333020 1620.5
1333030 1617.8
1333040 1614.7
1333050 1614.7
1333060 1612.3
1333070 1609.1
1333080 1609.1
1333090 1605.1
1333100 1601.3
1333110 1601.3
1333120 1597.4
1333130 1592.1
1333140 1592.1
1333150 1586.6
1333160 1578.3
1333170 1578.3
1333180 1569.0
1333190 1562.3
1333200 1562.3
1333210 1559.8
1333220 1557.6
1333230 1553.7
1333240 1553.7
1333250 1551.8
1333260 1552.5
1333270 1552.5
1333280 1558.6
1333290 1567.8
1333300 1567.8
1333310 1574.0
1333320 1578.7
1333330 1578.7
1333340 1582.2
1333350 1583.7
1333360 1583.7
1333370 1584.0
1333380 1584.3
1333390 1584.3
1333400 1584.8
1333410 1586.3
1333420 1586.3
1333430 1588.8
1333440 1591.9
1333450 1591.9
1333460 1589.0
1333470 1589.7
1333480 1589.7
1333490 1589.0
1333500 1588.8
1333510 1588.6
1333520 1588.6
1333530 1586.8
1333540 1587.2
1333550 1587.2
1333560 1587.3
1333570 1584.3
1333580 1584.3
1333590 1580.5
1333600 1579.3
1333610 1579.3
1333620 1580.3
1333630 1582.0
1333640 1582.0
1333650 1584.3
1333660 1586.0
1333670 1586.0
1333680 1587.2
1333690 1587.6
1333700 1587.6
1333710 1587.7
1333720 1588.0
1333730 1588.0
1333740 1589.4
1333750 1591.0
1333760 1591.0
1333770 1591.8
1333780 1591.6
1333790 1591.1
1333800 1591.1
1333810 1590.3
1333820 1587.5
1333830 1587.5
1333840 1584.0
1333850 1580.5
1333860 1580.5
1333870 1578.3
1333880 1575.2
1333890 1575.2
1333900 1571.2
1333910 1569.4
1333920 1569.4
1333930 1567.1
1333940 1565.3
1333950 1565.3
1333960 1565.5
1333970 1566.4
1333980 1566.4
1333990 1568.1
1334000 1570.7
1334010 1570.7
1334020 1573.9
1334030 1576.7
1334040 1578.6
1334050 1578.6
1334060 1578.8
1334070 1578.3
1334080 1578.3
1334090 1578.6
1334100 1580.3
1334110 1580.3
1334120 1582.2
1334130 1584.2
1334140 1584.2
1334150 1584.5
1334160 1582.3
1334170 1582.3
1334180 1580.0
1334190 1579.7
1334200 1579.7
1334210 1581.3
1334220 1582.0
1334230 1582.0
1334240 1582.4
1334250 1582.5
1334260 1582.5
1334270 1582.5
1334280 1582.3
1334290 1582.3
1334300 1572.7
1334310 1572.0
1334320 1570.8
1334330 1570.8
1334340 1570.1
1334350 1574.0
1334360 1574.0
1334370 1576.0
1334380 1573.0
1334390 1573.0
1334400 1566.4
1334410 1568.9
1334420 1568.9
1334430 1576.6
1334440 1583.5
1334450 1583.5
1334460 1585.4
1334470 1598.2
1334480 1598.2
1334490 1613.1
1334500 1618.5
1334510 1618.5
1334520 1620.1
1334530 1620.9
1334540 1620.9
1334550 1620.9
1334560 1618.0
1334570 1618.0
1334580 1612.4
1334590 1607.3
1334600 1604.6
1334610 1604.6
1334620 1606.8
1334630 1613.3
1334640 1613.3
1334650 1620.7
1334660 1623.0
1334670 1623.0
1334680 1620.7
1334690 1617.5
1334700 1617.5
1334710 1612.1
1334720 1604.6
1334730 1604.6
1334740 1593.6
1334750 1590.1
1334760 1590.1
1334770 1589.9
1334780 1585.2
1334790 1585.2
1334800 1585.0
1334810 1587.0
1334820 1587.0
1334830 1591.8
1334840 1600.7
1334850 1600.7
1334860 1610.7
1334870 1617.6
1334880 1622.2
1334890 1622.2
1334900 1626.8
1334910 1631.7
1334920 1631.7
1334930 1636.5
1334940 1640.8
1334950 1640.8
1334960 1644.7
1334970 1647.9
1334980 1647.9
1334990 1650.0
1335000 1651.3
1335010 1651.3
1335020 1652.7
1335030 1653.7
1335040 1653.7
1335050 1655.3
1335060 1657.3
1335070 1657.3
1335080 1659.5
1335090 1659.9
1335100 1659.9
1335110 1658.0
1335120 1656.4
1335130 1656.4
1335140 1656.4
1335150 1651.8
1335160 1653.4
1335170 1653.4
1335180 1655.3
1335190 1657.0
1335200 1657.0
1335210 1659.3
1335220 1658.6
1335230 1658.6
1335240 1658.6
1335250 1659.1
1335260 1659.1
1335270 1659.4
1335280 1654.0
1335290 1654.0
1335300 1652.4
1335310 1653.0
1335320 1653.0
1335330 1651.9
1335340 1648.9
1335350 1648.9
1335360 1645.0
1335370 1642.2
1335380 1642.2
1335390 1642.3
1335400 1643.1
1335410 1644.7
1335420 1644.7
1335430 1646.2
1335440 1647.7
1335450 1647.7
1335460 1649.2
1335470 1649.8
1335480 1649.8
1335490 1648.6
1335500 1646.4
1335510 1646.4
1335520 1645.7
1335530 1644.5
1335540 1644.5
1335550 1642.9
1335560 1641.5
1335570 1641.5
1335580 1640.9
1335590 1640.8
1335600 1640.8
1335610 1642.3
1335620 1645.6
1335630 1645.6
1335640 1648.7
1335650 1651.8
1335660 1651.8
1335670 1652.7
1335680 1650.4
1335690 1647.5
1335700 1647.5
1335710 1645.8
1335720 1644.3
1335730 1644.3
1335740 1643.1
1335750 1643.3
1335760 1643.3
1335770 1644.4
1335780 1643.9
1335790 1643.9
1335800 1643.2
1335810 1643.2
1335820 1643.2
1335830 1642.6
1335840 1642.7
1335850 1642.7
1335860 1643.8
1335870 1645.4
1335880 1645.4
1335890 1647.6
1335900 1649.0
1335910 1649.0
1335920 1649.6
1335930 1650.1
1335940 1650.1
1335950 1651.9
1335960 1652.9
1335970 1653.9
1335980 1653.9
1335990 1655.4
1336000 1656.5
1336010 1651.6
1336020 1651.9
1336030 1651.9
1336040 1651.9
1336050 1651.5
1336060 1651.3
1336070 1651.3
1336080 1653.9
1336090 1657.3
1336100 1657.3
1336110 1658.8
1336120 1660.4
1336130 1660.4
1336140 1659.0
1336150 1658.9
1336160 1658.9
1336170 1659.3
1336180 1660.2
1336190 1660.2
1336200 1662.3
1336210 1664.2
1336220 1664.2
1336230 1666.4
1336240 1669.4
1336250 1672.6
1336260 1672.6
1336270 1673.8
1336280 1674.8
1336290 1674.8
1336300 1675.8
1336310 1676.5
1336320 1676.5
1336330 1676.6
1336340 1677.3
1336350 1677.3
1336360 1677.9
1336370 1678.2
1336380 1678.2
1336390 1678.8
1336400 1679.5
1336410 1679.5
1336420 1679.7
1336430 1680.7
1336440 1680.7
1336450 1682.2
1336460 1684.5
1336470 1684.5
1336480 1687.4
1336490 1690.1
1336500 1690.1
1336510 1693.0
1336520 1695.0
1336530 1696.2
1336540 1696.2
1336550 1698.4
1336560 1702.8
1336570 1702.8
1336580 1706.4
1336590 1709.7
1336600 1709.7
1336610 1713.0
1336620 1716.1
1336630 1716.1
1336640 1719.6
1336650 1723.3
1336660 1723.3
1336670 1725.7
1336680 1728.8
1336690 1728.8
1336700 1732.8
1336710 1737.1
1336720 1737.1
1336730 1741.8
1336740 1746.3
1336750 1746.3
1336760 1751.2
1336770 1756.0
1336780 1761.3
1336790 1761.3
1336800 1765.9
1336810 1770.1
1336820 1770.1
1336830 1775.0
1336840 1779.4
1336850 1779.4
1336860 1782.9
1336870 1782.0
1336880 1782.0
1336890 1786.0
1336900 1790.7
1336910 1790.7
1336920 1795.7
1336930 1799.7
1336940 1799.7
1336950 1803.8
1336960 1806.6
1336970 1806.6
1336980 1808.1
1336990 1810.6
1337000 1810.6
1337010 1812.5
1337020 1816.1
1337030 1816.1
1337040 1822.6
1337050 1830.6
1337060 1836.1
1337070 1836.1
1337080 1840.7
1337090 1843.8
1337100 1843.8
1337110 1846.5
1337120 1849.0
1337130 1849.0
1337140 1851.6
1337150 1852.8
1337160 1852.8
1337170 1856.6
1337180 1861.3
1337190 1861.3
1337200 1865.7
1337210 1871.7
1337220 1871.7
1337230 1877.2
1337240 1882.5
1337250 1882.5
1337260 1887.4
1337270 1891.6
1337280 1891.6
1337290 1896.0
1337300 1901.2
1337310 1901.2
1337320 1906.6
1337330 1912.2
1337340 1918.2
1337350 1918.2
1337360 1923.9
1337370 1929.3
1337380 1929.3
1337390 1934.3
1337400 1938.7
1337410 1938.7
1337420 1943.2
1337430 1947.6
1337440 1947.6
1337450 1951.0
1337460 1956.0
1337470 1956.0
1337480 1961.0
1337490 1964.9
1337500 1964.9
1337510 1969.6
1337520 1973.6
1337530 1973.6
1337540 1977.7
1337550 1982.3
1337560 1982.3
1337570 1987.2
1337580 1993.1
1337590 1993.1
1337600 1999.0
1337610 2004.3
1337620 2008.7
1337630 2008.7
1337640 2012.3
1337650 2014.9
1337660 2014.9
1337670 2018.0
1337680 2022.5
1337690 2022.5
1337700 2027.5
1337710 2033.1
1337720 2033.1
1337730 2039.3
1337740 2046.2
1337750 2046.2
1337760 2052.7
1337770 2057.4
1337780 2057.4
1337790 2062.6
1337800 2069.2
1337810 2069.2
1337820 2075.5
1337830 2081.1
1337840 2081.1
1337850 2087.4
1337860 2095.0
1337870 2095.0
1337880 2099.2
1337890 2098.9
1337900 2096.5
1337910 2096.5
1337920 2095.2
1337930 2095.1
1337940 2095.1
1337950 2096.4
1337960 2099.3
1337970 2099.3
1337980 2102.3
1337990 2106.3
1338000 2106.3
1338010 2110.3
1338020 2113.0
1338030 2113.0
1338040 2116.2
1338050 2120.6
1338060 2120.6
1338070 2125.5
1338080 2131.0
1338090 2131.0
1338100 2137.3
1338110 2142.9
1338120 2142.9
1338130 2148.1
1338140 2153.7
1338150 2159.1
1338160 2159.1
1338170 2165.0
1338180 2171.0
1338190 2171.0
1338200 2178.4
1338210 2186.5
1338220 2186.5
1338230 2195.3
1338240 2203.9
1338250 2203.9
1338260 2211.8
1338270 2217.6
1338280 2217.6
1338290 2221.0
1338300 2221.8
1338310 2221.8
1338320 2223.9
1338330 2226.9
1338340 2226.9
1338350 2230.3
1338360 2234.1
1338370 2234.1
1338380 2237.3
1338390 2238.3
1338400 2238.3
1338410 2237.8
1338420 2236.7
1338430 2234.7
1338440 2234.7
1338450 2230.5
1338460 2227.0
1338470 2227.0
1338480 2226.0
1338490 2226.6
1338500 2226.6
1338510 2227.6
1338520 2226.1
1338530 2226.1
1338540 2223.7
1338550 2221.3
1338560 2221.3
1338570 2218.5
1338580 2215.8
1338590 2215.8
1338600 2210.6
1338610 2208.1
1338620 2208.1
1338630 2204.8
1338640 2201.6
1338650 2201.6
1338660 2198.7
1338670 2195.1
1338680 2195.1
1338690 2190.7
1338700 2186.8
1338710 2183.5
1338720 2183.5
1338730 2179.6
1338740 2176.1
1338750 2176.1
1338760 2172.0
1338770 2168.9
1338780 2168.9
1338790 2165.2
1338800 2162.3
1338810 2162.3
1338820 2158.0
1338830 2149.6
1338840 2149.6
1338850 2141.8
1338860 2135.0
1338870 2135.0
1338880 2128.2
1338890 2122.0
1338900 2122.0
1338910 2114.6
1338920 2106.9
1338930 2106.9
1338940 2097.1
1338950 2089.0
1338960 2089.0
1338970 2082.5
1338980 2076.3
1338990 2070.4
1339000 2070.4
1339010 2064.2
1339020 2058.4
1339030 2058.4
1339040 2053.5
1339050 2049.2
1339060 2049.2
1339070 2046.0
1339080 2043.8
1339090 2043.8
1339100 2041.7
1339110 2040.2
1339120 2040.2
1339130 2039.9
1339140 2039.8
1339150 2039.8
1339160 2039.3
1339170 2038.8
1339180 2038.8
1339190 2038.1
1339200 2037.6
1339210 2037.6
1339220 2038.1
1339230 2037.4
1339240 2037.4
1339250 2035.4
1339260 2034.3
1339270 2034.6
1339280 2034.6
1339290 2032.9
1339300 2029.2
1339310 2029.2
1339320 2023.9
1339330 2016.9
1339340 2016.9
1339350 2008.7
1339360 2000.7
1339370 2000.7
1339380 1993.9
1339390 1987.4
1339400 1987.4
1339410 1981.7
1339420 1975.7
1339430 1975.7
1339440 1969.7
1339450 1963.7
1339460 1963.7
1339470 1958.7
1339480 1950.3
1339490 1950.3
1339500 1945.9
1339510 1942.3
1339520 1939.4
1339530 1939.4
1339540 1935.9
1339550 1932.0
1339560 1932.0
1339570 1927.2
1339580 1922.1
1339590 1922.1
1339600 1916.8
1339610 1911.5
1339620 1911.5
1339630 1908.1
1339640 1905.4
1339650 1905.4
1339660 1902.6
1339670 1901.8
1339680 1901.8
1339690 1902.9
1339700 1905.0
1339710 1905.0
1339720 1906.2
1339730 1905.8
1339740 1905.8
1339750 1904.6
1339760 1902.9
1339770 1902.9
1339780 1900.1
1339790 1896.4
1339800 1891.8
1339810 1891.8
1339820 1887.2
1339830 1884.6
1339840 1884.6
1339850 1885.7
1339860 1886.3
1339870 1886.3
1339880 1886.9
1339890 1889.1
1339900 1889.1
1339910 1891.4
1339920 1891.2
1339930 1891.2
1339940 1889.1
1339950 1887.5
1339960 1887.5
1339970 1888.3
1339980 1889.4
1339990 1889.4
