1320000 555.3
1320010 555.3
1320020 554.9
1320030 554.6
1320040 554.6
1320050 554.2
1320060 553.7
1320070 553.3
1320080 553.3
1320090 552.9
1320100 552.6
1320110 552.6
1320120 552.3
1320130 552.0
1320140 552.0
1320150 551.7
1320160 551.3
1320170 551.3
1320180 551.0
1320190 550.8
1320200 550.8
1320210 550.6
1320220 550.2
1320230 550.2
1320240 549.8
1320250 549.5
1320260 549.5
1320270 549.1
1320280 548.6
1320290 548.6
1320300 548.2
1320310 547.9
1320320 547.9
1320330 547.6
1320340 547.7
1320350 547.2
1320360 547.2
1320370 546.8
1320380 546.5
1320390 546.5
1320400 546.3
1320410 546.0
1320420 546.0
1320430 545.7
1320440 545.4
1320450 545.4
1320460 545.2
1320470 545.1
1320480 545.1
1320490 544.9
1320500 544.8
1320510 544.8
1320520 544.6
1320530 544.3
1320540 544.3
1320550 544.2
1320560 543.9
1320570 543.9
1320580 543.7
1320590 543.8
1320600 544.1
1320610 544.1
1320620 543.9
1320630 544.0
1320640 543.6
1320650 543.4
1320660 543.2
1320670 543.2
1320680 543.7
1320690 544.4
1320700 544.4
1320710 542.7
1320720 539.3
1320730 539.3
1320740 539.3
1320750 541.3
1320760 541.3
1320770 541.3
1320780 541.3
1320790 541.3
1320800 541.6
1320810 541.7
1320820 541.7
1320830 541.5
1320840 541.5
1320850 541.5
1320860 541.6
1320870 541.4
1320880 541.4
1320890 541.4
1320900 541.0
1320910 538.7
1320920 538.7
1320930 537.7
1320940 537.6
1320950 537.6
1320960 537.7
1320970 538.8
1320980 538.8
1320990 539.8
1321000 541.9
1321010 541.9
1321020 543.7
1321030 545.7
1321040 545.7
1321050 546.8
1321060 547.3
1321070 547.3
1321080 548.0
1321090 548.9
1321100 548.9
1321110 550.1
1321120 551.2
1321130 551.2
1321140 551.7
1321150 552.1
1321160 552.7
1321170 552.7
1321180 553.5
1321190 554.4
1321200 554.4
1321210 555.4
1321220 556.1
1321230 556.1
1321240 557.0
1321250 557.7
1321260 557.7
1321270 558.3
1321280 559.3
1321290 559.3
1321300 559.2
1321310 559.0
1321320 559.0
1321330 559.7
1321340 560.0
1321350 560.0
1321360 560.3
1321370 560.7
1321380 560.7
1321390 561.0
1321400 561.2
1321410 559.9
1321420 560.4
1321430 561.3
1321440 561.5
1321450 561.5
1321460 561.7
1321470 564.3
1321480 564.3
1321490 569.0
1321500 573.3
1321510 573.3
1321520 577.6
1321530 581.2
1321540 581.2
1321550 584.5
1321560 587.6
1321570 587.6
1321580 590.9
1321590 593.4
1321600 593.4
1321610 597.6
1321620 600.3
1321630 600.3
1321640 602.9
1321650 605.6
1321660 605.6
1321670 608.5
1321680 611.6
1321690 611.6
1321700 615.3
1321710 619.3
1321720 623.7
1321730 623.7
1321740 628.8
1321750 634.1
1321760 634.1
1321770 639.7
1321780 645.3
1321790 645.3
1321800 650.6
1321810 654.1
1321820 654.1
1321830 657.6
1321840 662.1
1321850 662.1
1321860 667.4
1321870 672.9
1321880 672.9
1321890 677.9
1321900 682.7
1321910 682.7
1321920 687.3
1321930 691.0
1321940 691.0
1321950 694.8
1321960 698.9
1321970 698.9
1321980 703.9
1321990 709.4
1322000 714.8
1322010 714.8
1322020 720.5
1322030 726.0
1322040 726.0
1322050 732.1
1322060 738.5
1322070 738.5
1322080 745.4
1322090 752.8
1322100 752.8
1322110 760.7
1322120 769.0
1322130 769.0
1322140 777.8
1322150 786.6
1322160 786.6
1322170 795.6
1322180 807.4
1322190 807.4
1322200 822.1
1322210 830.8
1322220 830.8
1322230 839.3
1322240 849.1
1322250 849.1
1322260 857.1
1322270 864.6
1322280 872.1
1322290 872.1
1322300 879.9
1322310 888.3
1322320 888.3
1322330 896.8
1322340 905.5
1322350 905.5
1322360 915.7
1322370 925.7
1322380 925.7
1322390 935.7
1322400 944.2
1322410 944.2
1322420 954.5
1322430 967.9
1322440 967.9
1322450 975.3
1322460 981.6
1322470 981.6
1322480 989.1
1322490 997.2
1322500 997.2
1322510 1005.3
1322520 1013.3
1322530 1013.3
1322540 1021.1
1322550 1028.4
1322560 1035.5
1322570 1035.5
1322580 1041.3
1322590 1047.0
1322600 1047.0
1322610 1053.3
1322620 1060.9
1322630 1060.9
1322640 1069.3
1322650 1078.8
1322660 1078.8
1322670 1088.6
1322680 1096.7
1322690 1096.7
1322700 1102.9
1322710 1110.1
1322720 1110.1
1322730 1117.1
1322740 1123.0
1322750 1123.0
1322760 1127.8
1322770 1132.9
1322780 1132.9
1322790 1137.7
1322800 1143.4
1322810 1143.4
1322820 1147.9
1322830 1150.2
1322840 1151.9
1322850 1151.9
1322860 1153.5
1322870 1155.3
1322880 1155.3
1322890 1160.0
1322900 1167.2
1322910 1167.2
1322920 1175.5
1322930 1183.0
1322940 1183.0
1322950 1187.3
1322960 1189.8
1322970 1189.8
1322980 1192.8
1322990 1192.5
1323000 1192.5
1323010 1193.7
1323020 1198.5
1323030 1198.5
1323040 1205.0
1323050 1211.8
1323060 1211.8
1323070 1219.0
1323080 1226.2
1323090 1226.2
1323100 1233.0
1323110 1239.8
1323120 1247.1
1323130 1247.1
1323140 1250.2
1323150 1249.4
1323160 1249.4
1323170 1249.4
1323180 1249.9
1323190 1249.9
1323200 1251.9
1323210 1255.9
1323220 1255.9
1323230 1258.6
1323240 1263.8
1323250 1263.8
1323260 1261.8
1323270 1255.8
1323280 1255.8
1323290 1252.6
1323300 1253.7
1323310 1253.7
1323320 1253.7
1323330 1255.9
1323340 1255.9
1323350 1262.1
1323360 1266.6
1323370 1266.6
1323380 1270.2
1323390 1274.2
1323400 1277.5
1323410 1277.5
1323420 1280.4
1323430 1283.6
1323440 1283.6
1323450 1287.4
1323460 1290.3
1323470 1290.3
1323480 1287.4
1323490 1284.4
1323500 1284.4
1323510 1284.8
1323520 1287.6
1323530 1287.6
1323540 1291.8
1323550 1295.8
1323560 1295.8
1323570 1299.7
1323580 1304.0
1323590 1304.0
1323600 1308.9
1323610 1314.7
1323620 1314.7
1323630 1321.1
1323640 1326.3
1323650 1326.3
1323660 1327.7
1323670 1327.0
1323680 1326.6
1323690 1326.6
1323700 1326.7
1323710 1326.1
1323720 1326.1
1323730 1324.5
1323740 1323.6
1323750 1323.6
1323760 1323.5
1323770 1324.3
1323780 1324.3
1323790 1316.8
1323800 1308.8
1323810 1308.8
1323820 1304.6
1323830 1302.1
1323840 1302.1
1323850 1304.9
1323860 1309.0
1323870 1309.0
1323880 1310.4
1323890 1310.5
1323900 1310.5
1323910 1311.4
1323920 1316.6
1323930 1316.6
1323940 1322.0
1323950 1326.1
1323960 1331.3
1323970 1331.3
1323980 1338.0
1323990 1344.4
1324000 1344.4
1324010 1349.9
1324020 1355.2
1324030 1355.2
1324040 1361.1
1324050 1367.8
1324060 1367.8
1324070 1374.8
1324080 1380.8
1324090 1380.8
1324100 1384.9
1324110 1388.2
1324120 1388.2
1324130 1391.3
1324140 1394.2
1324150 1394.2
1324160 1396.8
1324170 1398.5
1324180 1398.5
1324190 1400.2
1324200 1402.5
1324210 1405.6
1324220 1405.6
1324230 1408.3
1324240 1410.5
1324250 1410.5
1324260 1412.6
1324270 1414.3
1324280 1414.3
1324290 1415.8
1324300 1419.1
1324310 1419.1
1324320 1423.0
1324330 1426.8
1324340 1426.8
1324350 1430.0
1324360 1433.2
1324370 1433.2
1324380 1435.2
1324390 1436.3
1324400 1436.3
1324410 1437.3
1324420 1439.3
1324430 1439.3
1324440 1442.0
1324450 1443.3
1324460 1443.3
1324470 1446.9
1324480 1453.6
1324490 1459.8
1324500 1459.8
1324510 1465.3
1324520 1471.2
1324530 1471.2
1324540 1476.8
1324550 1482.3
1324560 1482.3
1324570 1490.1
1324580 1493.1
1324590 1493.1
1324600 1496.7
1324610 1500.8
1324620 1500.8
1324630 1503.5
1324640 1504.3
1324650 1504.3
1324660 1502.9
1324670 1500.8
1324680 1500.8
1324690 1500.7
1324700 1503.5
1324710 1503.5
1324720 1508.2
1324730 1513.6
1324740 1513.6
1324750 1519.8
1324760 1526.3
1324770 1532.7
1324780 1532.7
1324790 1538.5
1324800 1543.0
1324810 1543.0
1324820 1546.4
1324830 1547.6
1324840 1547.6
1324850 1546.8
1324860 1546.3
1324870 1546.3
1324880 1545.6
1324890 1544.0
1324900 1544.0
1324910 1547.5
1324920 1556.1
1324930 1556.1
1324940 1564.9
1324950 1573.1
1324960 1573.1
1324970 1582.3
1324980 1591.2
1324990 1591.2
1325000 1600.9
1325010 1609.7
1325020 1609.7
1325030 1618.4
1325040 1626.8
1325050 1634.8
1325060 1634.8
1325070 1642.5
1325080 1650.1
1325090 1650.1
1325100 1657.8
1325110 1665.5
1325120 1665.5
1325130 1672.5
1325140 1678.5
1325150 1678.5
1325160 1683.7
1325170 1688.6
1325180 1688.6
1325190 1693.5
1325200 1699.4
1325210 1699.4
1325220 1705.7
1325230 1712.3
1325240 1712.3
1325250 1719.0
1325260 1725.6
1325270 1725.6
1325280 1731.5
1325290 1736.3
1325300 1736.3
1325310 1740.0
1325320 1742.2
1325330 1744.6
1325340 1744.6
1325350 1748.6
1325360 1753.2
1325370 1762.3
1325380 1764.0
1325390 1763.8
1325400 1763.8
1325410 1764.1
1325420 1764.8
1325430 1764.8
1325440 1765.7
1325450 1768.0
1325460 1768.0
1325470 1768.2
1325480 1769.6
1325490 1769.6
1325500 1771.7
1325510 1774.4
1325520 1774.4
1325530 1778.4
1325540 1783.4
1325550 1783.4
1325560 1787.8
1325570 1790.8
1325580 1790.8
1325590 1790.6
1325600 1794.8
1325610 1802.6
1325620 1802.6
1325630 1809.0
1325640 1813.4
1325650 1813.4
1325660 1817.1
1325670 1822.1
1325680 1822.1
1325690 1828.3
1325700 1834.6
1325710 1834.6
1325720 1840.7
1325730 1847.2
1325740 1847.2
1325750 1854.2
1325760 1861.5
1325770 1861.5
1325780 1869.3
1325790 1878.1
1325800 1878.1
1325810 1885.8
1325820 1893.3
1325830 1893.3
1325840 1902.0
1325850 1910.5
1325860 1910.5
1325870 1918.4
1325880 1927.6
1325890 1933.9
1325900 1933.9
1325910 1937.6
1325920 1944.5
1325930 1944.5
1325940 1951.1
1325950 1956.8
1325960 1956.8
1325970 1961.1
1325980 1965.3
1325990 1965.3
1326000 1970.3
1326010 1976.0
1326020 1976.0
1326030 1979.4
1326040 1980.1
1326050 1980.1
1326060 1980.4
1326070 1983.3
1326080 1983.3
1326090 1986.2
1326100 1988.9
1326110 1988.9
1326120 1990.2
1326130 1991.0
1326140 1991.0
1326150 1993.1
1326160 1993.8
1326170 2003.7
1326180 2003.7
1326190 2005.6
1326200 2005.9
1326210 2005.9
1326220 2005.0
1326230 2005.1
1326240 2005.1
1326250 2008.0
1326260 2011.5
1326270 2011.5
1326280 2014.7
1326290 2014.7
1326300 2014.7
1326310 2016.8
1326320 2020.0
1326330 2020.0
1326340 2023.6
1326350 2026.3
1326360 2026.3
1326370 2029.5
1326380 2035.2
1326390 2035.2
1326400 2042.0
1326410 2050.0
1326420 2050.0
1326430 2057.0
1326440 2061.8
1326450 2066.9
1326460 2066.9
1326470 2072.6
1326480 2078.6
1326490 2078.6
1326500 2085.1
1326510 2091.6
1326520 2091.6
1326530 2098.0
1326540 2103.4
1326550 2103.4
1326560 2108.0
1326570 2111.6
1326580 2111.6
1326590 2114.7
1326600 2117.9
1326610 2117.9
1326620 2117.5
1326630 2114.8
1326640 2114.8
1326650 2112.4
1326660 2110.7
1326670 2110.7
1326680 2109.2
1326690 2107.3
1326700 2107.3
1326710 2105.7
1326720 2105.1
1326730 2104.1
1326740 2104.1
1326750 2102.8
1326760 2101.4
1326770 2101.4
1326780 2101.0
1326790 2100.8
1326800 2100.8
1326810 2099.3
1326820 2095.6
1326830 2095.6
1326840 2090.0
1326850 2082.8
1326860 2082.8
1326870 2076.1
1326880 2071.3
1326890 2071.3
1326900 2064.9
1326910 2059.4
1326920 2059.4
1326930 2057.5
1326940 2057.5
1326950 2057.5
1326960 2056.4
1326970 2055.0
1326980 2055.0
1326990 2055.6
1327000 2054.3
1327010 2051.4
1327020 2051.4
1327030 2048.5
1327040 2046.1
1327050 2046.1
1327060 2043.4
1327070 2040.2
1327080 2040.2
1327090 2037.9
1327100 2036.2
1327110 2036.2
1327120 2035.8
1327130 2035.2
1327140 2035.2
1327150 2031.8
1327160 2027.4
1327170 2027.4
1327180 2024.2
1327190 2022.9
1327200 2022.9
1327210 2021.5
1327220 2019.0
1327230 2019.0
1327240 2016.2
1327250 2012.5
1327260 2012.5
1327270 2006.4
1327280 2008.0
1327290 2008.7
1327300 2008.7
1327310 2005.8
1327320 2001.6
1327330 2001.6
1327340 1997.7
1327350 1994.9
1327360 1994.9
1327370 1995.1
1327380 1993.3
1327390 1993.3
1327400 1990.0
1327410 1988.4
1327420 1988.4
1327430 1986.5
1327440 1984.8
1327450 1984.8
1327460 1983.8
1327470 1983.3
1327480 1983.3
1327490 1983.0
1327500 1982.7
1327510 1982.7
1327520 1982.8
1327530 1982.5
1327540 1982.0
1327550 1982.0
1327560 1981.5
1327570 1980.6
1327580 1980.6
1327590 1978.9
1327600 1977.6
1327610 1977.6
1327620 1976.2
1327630 1974.6
1327640 1974.6
1327650 1973.3
1327660 1972.2
1327670 1972.2
1327680 1972.9
1327690 1971.0
1327700 1971.0
1327710 1970.2
1327720 1970.8
1327730 1970.8
1327740 1972.3
1327750 1972.5
1327760 1972.5
1327770 1971.1
1327780 1969.7
1327790 1967.7
1327800 1966.5
1327810 1965.8
1327820 1968.6
1327830 1968.6
1327840 1970.2
1327850 1971.5
1327860 1971.5
1327870 1973.2
1327880 1975.0
1327890 1975.0
1327900 1976.5
1327910 1978.4
1327920 1978.4
1327930 1980.7
1327940 1982.4
1327950 1982.4
1327960 1983.9
1327970 1984.8
1327980 1984.8
1327990 1985.8
1328000 1986.7
1328010 1986.7
1328020 1988.1
1328030 1989.2
1328040 1989.2
1328050 1990.3
1328060 1991.9
1328070 1991.9
1328080 1994.1
1328090 1996.3
1328100 1998.7
1328110 1998.7
1328120 2001.7
1328130 2006.7
1328140 2006.7
1328150 2012.5
1328160 2017.7
1328170 2017.7
1328180 2023.7
1328190 2027.8
1328200 2027.8
1328210 2029.4
1328220 2031.8
1328230 2031.8
1328240 2035.3
1328250 2039.2
1328260 2039.2
1328270 2042.2
1328280 2044.3
1328290 2044.3
1328300 2046.1
1328310 2047.7
1328320 2047.7
1328330 2048.0
1328340 2048.4
1328350 2048.4
1328360 2050.0
1328370 2051.9
1328380 2053.4
1328390 2053.4
1328400 2056.8
1328410 2060.4
1328420 2060.4
1328430 2060.3
1328440 2059.3
1328450 2059.3
1328460 2057.9
1328470 2056.0
1328480 2056.0
1328490 2054.7
1328500 2055.4
1328510 2055.4
1328520 2055.2
1328530 2054.9
1328540 2054.9
1328550 2055.4
1328560 2056.8
1328570 2056.8
1328580 2057.6
1328590 2058.6
1328600 2058.0
1328610 2059.9
1328620 2062.3
1328630 2062.3
1328640 2064.7
1328650 2066.2
1328660 2065.9
1328670 2065.9
1328680 2063.9
1328690 2060.4
1328700 2060.4
1328710 2054.9
1328720 2047.0
1328730 2047.0
1328740 2038.9
1328750 2032.2
1328760 2032.2
1328770 2026.0
1328780 2021.1
1328790 2021.1
1328800 2019.5
1328810 2018.5
1328820 2018.5
1328830 2017.7
1328840 2017.3
1328850 2017.3
1328860 2015.4
1328870 2011.9
1328880 2011.9
1328890 2009.4
1328900 2008.6
1328910 2008.6
1328920 2009.4
1328930 2009.2
1328940 2009.6
1328950 2009.6
1328960 2009.8
1328970 2009.4
1328980 2009.4
1328990 2010.5
1329000 2012.6
1329010 2012.6
1329020 2015.3
1329030 2017.6
1329040 2017.6
1329050 2017.1
1329060 2014.8
1329070 2014.8
1329080 2011.7
1329090 2008.1
1329100 2008.1
1329110 2005.8
1329120 2004.7
1329130 2004.7
1329140 2002.8
1329150 2002.1
1329160 2002.1
1329170 2002.2
1329180 2005.7
1329190 2005.7
1329200 2012.1
1329210 2015.4
1329220 2020.2
1329230 2020.2
1329240 2026.5
1329250 2030.8
1329260 2030.8
1329270 2033.1
1329280 2032.3
1329290 2032.3
1329300 2029.5
1329310 2031.0
1329320 2031.0
1329330 2033.3
1329340 2035.3
1329350 2035.3
1329360 2032.3
1329370 2029.3
1329380 2029.3
1329390 2025.8
1329400 2026.0
1329410 2026.0
1329420 2019.4
1329430 2018.0
1329440 2018.0
1329450 2015.4
1329460 2012.4
1329470 2012.4
1329480 2009.2
1329490 2007.0
1329500 2005.2
1329510 2005.2
1329520 2001.7
1329530 1998.1
1329540 1998.1
1329550 1995.2
1329560 1992.8
1329570 1992.8
1329580 1991.8
1329590 1991.4
1329600 1991.4
1329610 1991.2
1329620 1992.4
1329630 1992.4
1329640 1994.1
1329650 1995.5
1329660 1995.5
1329670 1996.4
1329680 1996.8
1329690 1996.8
1329700 1997.0
1329710 1997.1
1329720 1997.1
1329730 1997.3
1329740 1996.9
1329750 1996.9
1329760 1994.8
1329770 1992.0
1329780 1990.0
1329790 1990.0
1329800 1989.7
1329810 1989.6
1329820 1989.6
1329830 1989.6
1329840 1989.9
1329850 1989.9
1329860 1990.9
1329870 1991.6
1329880 1991.6
1329890 1992.0
1329900 1992.2
1329910 1992.2
1329920 1992.3
1329930 1993.4
1329940 1993.4
1329950 1994.4
1329960 1994.3
1329970 1994.3
1329980 1992.8
1329990 1993.8
1330000 1993.8
1330010 1996.2
1330020 1999.5
1330030 1999.5
1330040 1996.4
1330050 1990.2
1330060 1984.6
1330070 1984.6
1330080 1979.2
1330090 1975.6
1330100 1975.6
1330110 1974.2
1330120 1973.5
1330130 1973.5
1330140 1974.7
1330150 1975.7
1330160 1975.7
1330170 1976.0
1330180 1976.7
1330190 1976.7
1330200 1977.6
1330210 1979.5
1330220 1979.5
1330230 1981.0
1330240 1981.1
1330250 1981.1
1330260 1982.3
1330270 1984.9
1330280 1984.9
1330290 1988.0
1330300 1988.9
1330310 1988.9
1330320 1988.2
1330330 1988.1
1330340 1988.6
1330350 1988.6
1330360 1989.2
1330370 1985.6
1330380 1985.6
1330390 1978.8
1330400 1972.1
1330410 1972.1
1330420 1971.4
1330430 1974.9
1330440 1974.9
1330450 1973.1
1330460 1965.2
1330470 1965.2
1330480 1956.5
1330490 1948.4
1330500 1948.4
1330510 1942.8
1330520 1939.3
1330530 1939.3
1330540 1940.4
1330550 1941.2
1330560 1941.2
1330570 1937.7
1330580 1939.7
1330590 1942.4
1330600 1942.4
1330610 1942.4
1330620 1939.7
1330630 1939.7
1330640 1939.8
1330650 1939.1
1330660 1939.1
1330670 1937.9
1330680 1940.1
1330690 1940.1
1330700 1943.9
1330710 1948.1
1330720 1948.1
1330730 1947.5
1330740 1948.4
1330750 1948.4
1330760 1951.7
1330770 1955.2
1330780 1955.2
1330790 1957.7
1330800 1965.6
1330810 1965.6
1330820 1976.0
1330830 1986.4
1330840 1986.4
1330850 1996.2
1330860 1998.3
1330870 1995.4
1330880 1995.4
1330890 1983.7
1330900 1973.4
1330910 1973.4
1330920 1974.0
1330930 1987.2
1330940 1987.2
1330950 1997.9
1330960 2004.0
1330970 2004.0
1330980 2010.8
1330990 2015.7
1331000 2015.7
1331010 2014.9
1331020 2004.8
1331030 2004.8
1331040 1984.8
1331050 1988.4
1331060 1988.4
1331070 1990.6
1331080 1999.3
1331090 1999.3
1331100 2010.3
1331110 2021.5
1331120 2021.5
1331130 2037.3
1331140 2046.6
1331150 2052.5
1331160 2052.5
1331170 2054.0
1331180 2049.2
1331190 2049.2
1331200 2038.3
1331210 2028.5
1331220 2028.5
1331230 2028.8
1331240 2033.6
1331250 2033.6
1331260 2040.5
1331270 2048.9
1331280 2048.9
1331290 2055.9
1331300 2058.0
1331310 2058.0
1331320 2056.1
1331330 2052.3
1331340 2052.3
1331350 2043.4
1331360 2040.7
1331370 2040.7
1331380 2047.2
1331390 2042.0
1331400 2042.0
1331410 2035.5
1331420 2029.3
1331430 2017.8
1331440 2017.8
1331450 2015.8
1331460 2007.9
1331470 2007.9
1331480 1999.0
1331490 1989.4
1331500 1989.4
1331510 1980.7
1331520 1974.6
1331530 1974.6
1331540 1968.2
1331550 1963.7
1331560 1963.7
1331570 1961.0
1331580 1957.7
1331590 1957.7
1331600 1955.2
1331610 1954.8
1331620 1954.8
1331630 1953.6
1331640 1952.9
1331650 1952.9
1331660 1952.8
1331670 1955.1
1331680 1955.1
1331690 1958.2
1331700 1961.6
1331710 1964.8
1331720 1964.8
1331730 1969.3
1331740 1974.0
1331750 1974.0
1331760 1975.8
1331770 1978.1
1331780 1978.1
1331790 1980.6
1331800 1983.9
1331810 1983.9
1331820 1987.6
1331830 1994.5
1331840 1994.5
1331850 2002.2
1331860 2009.4
1331870 2009.4
1331880 2017.3
1331890 2025.2
1331900 2021.4
1331910 2031.2
1331920 2038.5
1331930 2038.5
1331940 2038.5
1331950 2037.9
1331960 2037.9
1331970 2040.3
1331980 2042.3
1331990 2044.1
1332000 2044.1
1332010 2047.0
1332020 2051.7
1332030 2051.7
1332040 2057.1
1332050 2061.1
1332060 2061.1
1332070 2065.2
1332080 2069.1
1332090 2069.1
1332100 2074.9
1332110 2081.8
1332120 2081.8
1332130 2089.2
1332140 2095.5
1332150 2095.5
1332160 2101.3
1332170 2106.6
1332180 2106.6
1332190 2111.3
1332200 2116.2
1332210 2116.2
1332220 2121.1
1332230 2124.1
1332240 2124.1
1332250 2126.7
1332260 2128.3
1332270 2132.4
1332280 2132.4
1332290 2136.9
1332300 2140.7
1332310 2140.7
1332320 2147.0
1332330 2152.3
1332340 2152.3
1332350 2156.3
1332360 2160.2
1332370 2160.2
1332380 2161.9
1332390 2159.9
1332400 2159.9
1332410 2157.3
1332420 2158.1
1332430 2158.1
1332440 2158.6
1332450 2156.1
1332460 2156.1
1332470 2156.5
1332480 2157.4
1332490 2157.4
1332500 2158.8
1332510 2158.0
1332520 2158.0
1332530 2156.6
1332540 2155.7
1332550 2158.7
1332560 2158.7
1332570 2159.6
1332580 2163.0
1332590 2163.0
1332600 2168.6
1332610 2173.5
1332620 2173.5
1332630 2178.8
1332640 2186.5
1332650 2186.5
1332660 2195.4
1332670 2200.7
1332680 2200.7
1332690 2206.9
1332700 2213.6
1332710 2213.6
1332720 2220.2
1332730 2225.4
1332740 2218.5
1332750 2223.4
1332760 2229.1
1332770 2229.1
1332780 2233.5
1332790 2235.6
1332800 2235.6
1332810 2237.0
1332820 2235.6
1332830 2233.5
1332840 2233.5
1332850 2232.4
1332860 2231.6
1332870 2231.6
1332880 2230.7
1332890 2229.1
1332900 2229.1
1332910 2226.1
1332920 2224.6
1332930 2224.6
1332940 2223.1
1332950 2220.0
1332960 2220.0
1332970 2215.5
1332980 2207.5
1332990 2207.5
1333000 2196.4
1333010 2186.7
1333020 2186.7
1333030 2176.3
1333040 2170.9
1333050 2170.9
1333060 2169.0
1333070 2165.8
1333080 2165.8
1333090 2162.2
1333100 2158.0
1333110 2153.7
1333120 2153.7
1333130 2151.0
1333140 2148.6
1333150 2148.6
1333160 2144.8
1333170 2142.0
1333180 2142.0
1333190 2140.4
1333200 2139.5
1333210 2139.5
1333220 2138.3
1333230 2136.9
1333240 2136.9
1333250 2135.0
1333260 2136.7
1333270 2136.7
1333280 2139.4
1333290 2143.4
1333300 2143.4
1333310 2146.4
1333320 2147.1
1333330 2147.1
1333340 2146.5
1333350 2146.1
1333360 2146.1
1333370 2146.3
1333380 2147.1
1333390 2148.5
1333400 2148.5
1333410 2148.2
1333420 2148.1
1333430 2148.1
1333440 2149.0
1333450 2152.1
1333460 2152.1
1333470 2155.5
1333480 2157.8
1333490 2157.8
1333500 2159.6
1333510 2159.7
1333520 2159.7
1333530 2158.9
1333540 2155.8
1333550 2155.8
1333560 2157.9
1333570 2162.4
1333580 2164.8
1333590 2167.3
1333600 2167.6
1333610 2167.6
1333620 2168.1
1333630 2167.0
1333640 2167.0
1333650 2170.7
1333660 2173.8
1333670 2173.3
1333680 2173.3
1333690 2173.8
1333700 2174.4
1333710 2174.4
1333720 2173.6
1333730 2172.6
1333740 2172.6
1333750 2173.8
1333760 2176.0
1333770 2176.0
1333780 2175.9
1333790 2175.8
1333800 2175.8
1333810 2175.8
1333820 2175.9
1333830 2175.9
1333840 2178.3
1333850 2181.8
1333860 2181.8
1333870 2185.0
1333880 2187.7
1333890 2187.7
1333900 2190.1
1333910 2190.2
1333920 2187.0
1333930 2187.0
1333940 2186.0
1333950 2185.3
1333960 2185.3
1333970 2182.4
1333980 2177.1
1333990 2177.1
1334000 2172.3
1334010 2171.1
1334020 2171.1
1334030 2171.4
1334040 2171.7
1334050 2171.7
1334060 2171.5
1334070 2171.2
1334080 2171.2
1334090 2171.8
1334100 2174.4
1334110 2174.4
1334120 2176.8
1334130 2178.5
1334140 2178.5
1334150 2180.2
1334160 2182.2
1334170 2182.2
1334180 2184.7
1334190 2187.5
1334200 2190.6
1334210 2190.6
1334220 2194.8
1334230 2197.1
1334240 2197.1
1334250 2200.5
1334260 2204.3
1334270 2204.3
1334280 2206.5
1334290 2210.2
1334300 2210.2
1334310 2216.4
1334320 2223.4
1334330 2223.4
1334340 2228.9
1334350 2232.3
1334360 2232.3
1334370 2234.7
1334380 2235.7
1334390 2235.7
1334400 2239.7
1334410 2243.0
1334420 2243.0
1334430 2239.1
1334440 2240.6
1334450 2240.6
1334460 2240.4
1334470 2242.8
1334480 2243.4
1334490 2243.4
1334500 2243.9
1334510 2246.2
1334520 2246.2
1334530 2248.4
1334540 2249.6
1334550 2249.6
1334560 2251.2
1334570 2254.1
1334580 2254.1
1334590 2255.9
1334600 2257.7
1334610 2257.7
1334620 2259.4
1334630 2257.0
1334640 2257.0
1334650 2252.7
1334660 2251.0
1334670 2251.0
1334680 2249.6
1334690 2248.6
1334700 2248.6
1334710 2247.6
1334720 2246.9
1334730 2246.9
1334740 2247.1
1334750 2244.3
1334760 2239.7
1334770 2239.7
1334780 2236.0
1334790 2229.2
1334800 2229.2
1334810 2220.8
1334820 2216.9
1334830 2216.9
1334840 2216.9
1334850 2211.9
1334860 2211.9
1334870 2204.4
1334880 2198.5
1334890 2198.5
1334900 2201.2
1334910 2206.5
1334920 2206.5
1334930 2214.6
1334940 2223.9
1334950 2223.9
1334960 2227.0
1334970 2217.6
1334980 2217.6
1334990 2210.9
1335000 2201.1
1335010 2201.1
1335020 2190.9
1335030 2179.1
1335040 2159.5
1335050 2159.5
1335060 2139.8
1335070 2130.1
1335080 2130.1
1335090 2113.9
1335100 2098.5
1335110 2098.5
1335120 2088.7
1335130 2077.0
1335140 2077.0
1335150 2061.8
1335160 2055.4
1335170 2055.4
1335180 2051.8
1335190 2046.9
1335200 2046.9
1335210 2041.7
1335220 2035.8
1335230 2035.8
1335240 2029.5
1335250 2023.4
1335260 2023.4
1335270 2016.9
1335280 2013.9
1335290 2013.9
1335300 2007.4
1335310 2001.3
1335320 1995.5
1335330 1995.5
1335340 1990.1
1335350 1985.4
1335360 1985.4
1335370 1981.5
1335380 1978.5
1335390 1978.5
1335400 1976.0
1335410 1974.0
1335420 1974.0
1335430 1972.4
1335440 1971.1
1335450 1971.1
1335460 1969.3
1335470 1967.9
1335480 1967.9
1335490 1967.1
1335500 1967.0
1335510 1967.0
1335520 1968.7
1335530 1970.1
1335540 1970.1
1335550 1969.7
1335560 1968.2
1335570 1968.2
1335580 1968.6
1335590 1970.4
1335600 1973.7
1335610 1973.7
1335620 1975.0
1335630 1979.0
1335640 1979.0
1335650 1984.7
1335660 1988.0
1335670 1988.0
1335680 1986.8
1335690 1980.5
1335700 1980.5
1335710 1975.2
1335720 1971.4
1335730 1971.4
1335740 1967.4
1335750 1964.3
1335760 1964.3
1335770 1961.0
1335780 1956.5
1335790 1956.5
1335800 1950.3
1335810 1941.6
1335820 1941.6
1335830 1932.0
1335840 1923.6
1335850 1923.6
1335860 1916.7
1335870 1909.8
1335880 1903.2
1335890 1903.2
1335900 1897.0
1335910 1890.4
1335920 1890.4
1335930 1883.2
1335940 1876.3
1335950 1876.3
1335960 1869.5
1335970 1863.0
1335980 1863.0
1335990 1856.6
1336000 1849.9
1336010 1849.9
1336020 1843.4
1336030 1839.1
1336040 1839.1
1336050 1837.1
1336060 1835.1
1336070 1835.1
1336080 1835.0
1336090 1835.4
1336100 1835.4
1336110 1836.2
1336120 1836.2
1336130 1836.2
1336140 1829.0
1336150 1828.2
1336160 1826.2
1336170 1826.2
1336180 1825.3
1336190 1824.5
1336200 1824.5
1336210 1823.1
1336220 1820.3
1336230 1820.3
1336240 1815.3
1336250 1809.9
1336260 1809.9
1336270 1803.9
1336280 1797.8
1336290 1797.8
1336300 1791.9
1336310 1786.2
1336320 1786.2
1336330 1780.8
1336340 1775.3
1336350 1775.3
1336360 1770.2
1336370 1764.8
1336380 1764.8
1336390 1759.9
1336400 1755.0
1336410 1755.0
1336420 1750.2
1336430 1745.6
1336440 1740.9
1336450 1740.9
1336460 1735.4
1336470 1730.5
1336480 1730.5
1336490 1725.4
1336500 1719.9
1336510 1719.9
1336520 1714.6
1336530 1710.3
1336540 1710.3
1336550 1705.5
1336560 1700.2
1336570 1700.2
1336580 1694.6
1336590 1688.9
1336600 1688.9
1336610 1683.2
1336620 1678.5
1336630 1678.5
1336640 1676.1
1336650 1673.9
1336660 1673.9
1336670 1671.8
1336680 1670.0
1336690 1670.0
1336700 1667.8
1336710 1665.7
1336720 1663.5
1336730 1663.5
1336740 1661.5
1336750 1659.4
1336760 1659.4
1336770 1654.4
1336780 1651.4
1336790 1651.4
1336800 1652.6
1336810 1653.8
1336820 1653.8
1336830 1653.9
1336840 1654.3
1336850 1654.3
1336860 1655.3
1336870 1657.7
1336880 1657.7
1336890 1660.5
1336900 1662.0
1336910 1662.0
1336920 1663.7
1336930 1664.4
1336940 1664.4
1336950 1664.3
1336960 1665.9
1336970 1668.8
1336980 1668.8
1336990 1672.2
1337000 1678.8
1337010 1678.8
1337020 1679.8
1337030 1683.0
1337040 1683.0
1337050 1688.5
1337060 1694.4
1337070 1694.4
1337080 1699.2
1337090 1703.3
1337100 1703.3
1337110 1708.6
1337120 1714.2
1337130 1714.2
1337140 1718.1
1337150 1722.8
1337160 1722.8
1337170 1726.9
1337180 1730.0
1337190 1730.0
1337200 1733.5
1337210 1738.1
1337220 1738.1
1337230 1743.9
1337240 1750.4
1337250 1757.7
1337260 1757.7
1337270 1764.5
1337280 1771.4
1337290 1771.4
1337300 1778.0
1337310 1784.9
1337320 1784.9
1337330 1791.9
1337340 1799.4
1337350 1799.4
1337360 1807.0
1337370 1813.9
1337380 1813.9
1337390 1820.4
1337400 1826.8
1337410 1826.8
1337420 1832.7
1337430 1839.2
1337440 1839.2
1337450 1845.4
1337460 1850.9
1337470 1850.9
1337480 1855.8
1337490 1858.8
1337500 1858.8
1337510 1861.8
1337520 1865.4
1337530 1869.6
1337540 1869.6
1337550 1874.3
1337560 1879.5
1337570 1879.5
1337580 1884.6
1337590 1889.9
1337600 1889.9
1337610 1895.6
1337620 1902.0
1337630 1902.0
1337640 1909.0
1337650 1916.2
1337660 1916.2
1337670 1923.3
1337680 1930.3
1337690 1930.3
1337700 1936.7
1337710 1943.0
1337720 1943.0
1337730 1949.6
1337740 1956.5
1337750 1956.5
1337760 1963.7
1337770 1970.2
1337780 1970.2
1337790 1976.0
1337800 1981.5
1337810 1988.2
1337820 1988.2
1337830 1995.1
1337840 2001.9
1337850 2001.9
1337860 2004.3
1337870 2011.6
1337880 2011.6
1337890 2017.4
1337900 2021.9
1337910 2021.9
1337920 2026.9
1337930 2031.5
1337940 2031.5
1337950 2036.8
1337960 2041.5
1337970 2041.5
1337980 2046.3
1337990 2052.2
1338000 2052.2
1338010 2057.9
1338020 2063.9
1338030 2063.9
1338040 2070.2
1338050 2076.9
1338060 2076.9
1338070 2082.6
1338080 2087.6
1338090 2094.4
1338100 2094.4
1338110 2104.6
1338120 2113.6
1338130 2113.6
1338140 2122.1
1338150 2130.8
1338160 2130.8
1338170 2139.7
1338180 2148.9
1338190 2148.9
1338200 2154.8
1338210 2161.2
1338220 2161.2
1338230 2168.0
1338240 2175.1
1338250 2175.1
1338260 2182.0
1338270 2188.7
1338280 2188.7
1338290 2194.4
1338300 2199.5
1338310 2199.5
1338320 2202.4
1338330 2200.1
1338340 2200.1
1338350 2196.2
1338360 2192.8
1338370 2188.8
1338380 2188.8
1338390 2184.0
1338400 2176.3
1338410 2176.3
1338420 2169.2
1338430 2163.2
1338440 2163.2
1338450 2157.5
1338460 2150.6
1338470 2150.6
1338480 2141.8
1338490 2133.0
1338500 2133.0
1338510 2124.8
1338520 2116.5
1338530 2116.5
1338540 2108.0
1338550 2101.1
1338560 2101.1
1338570 2095.1
1338580 2091.1
1338590 2091.1
1338600 2088.1
1338610 2085.9
1338620 2085.9
1338630 2084.5
1338640 2083.4
1338650 2082.4
1338660 2082.4
1338670 2080.9
1338680 2078.3
1338690 2078.3
1338700 2074.9
1338710 2070.7
1338720 2070.7
1338730 2065.7
1338740 2062.5
1338750 2062.5
1338760 2057.0
1338770 2051.5
1338780 2051.5
1338790 2046.3
1338800 2041.5
1338810 2041.5
1338820 2038.1
1338830 2036.5
1338840 2036.5
1338850 2035.6
1338860 2034.6
1338870 2034.6
1338880 2033.8
1338890 2033.1
1338900 2033.1
1338910 2032.4
1338920 2032.1
1338930 2031.8
1338940 2031.8
1338950 2031.8
1338960 2032.0
1338970 2032.0
1338980 2031.7
1338990 2030.9
1339000 2030.9
1339010 2029.3
1339020 2027.2
1339030 2027.2
1339040 2025.3
1339050 2023.3
1339060 2023.3
1339070 2021.1
1339080 2019.0
1339090 2019.0
1339100 2016.9
1339110 2014.9
1339120 2014.9
1339130 2012.6
1339140 2009.9
1339150 2009.9
1339160 2007.4
1339170 2005.0
1339180 2005.0
1339190 2002.4
1339200 1999.6
1339210 1996.9
1339220 1996.9
1339230 1994.2
1339240 1990.6
1339250 1990.6
1339260 1987.8
1339270 1986.0
1339280 1986.0
1339290 1983.2
1339300 1980.0
1339310 1980.0
1339320 1977.3
1339330 1972.6
1339340 1972.6
1339350 1967.6
1339360 1963.9
1339370 1963.9
1339380 1961.1
1339390 1958.7
1339400 1958.7
1339410 1956.6
1339420 1954.3
1339430 1954.3
1339440 1951.9
1339450 1950.0
1339460 1950.0
1339470 1946.7
1339480 1943.2
1339490 1940.8
1339500 1940.8
1339510 1938.1
1339520 1934.8
1339530 1934.8
1339540 1930.3
1339550 1927.2
1339560 1927.2
1339570 1924.0
1339580 1921.4
1339590 1921.4
1339600 1919.8
1339610 1918.7
1339620 1918.4
1339630 1917.9
1339640 1919.8
1339650 1919.8
1339660 1922.6
1339670 1924.1
1339680 1924.1
1339690 1923.4
1339700 1921.7
1339710 1921.7
1339720 1920.7
1339730 1919.3
1339740 1918.4
1339750 1918.4
1339760 1918.4
1339770 1919.7
1339780 1919.7
1339790 1921.0
1339800 1921.8
1339810 1921.8
1339820 1919.0
1339830 1916.0
1339840 1916.0
1339850 1913.9
1339860 1911.7
1339870 1911.7
1339880 1909.9
1339890 1908.5
1339900 1908.5
1339910 1906.8
1339920 1904.3
1339930 1904.3
1339940 1902.5
1339950 1904.8
1339960 1904.8
1339970 1905.0
1339980 1903.8
1339990 1903.8
