1320000 551.7
1320010 551.3
1320020 550.9
1320030 550.9
1320040 550.5
1320050 550.3
1320060 550.3
1320070 550.2
1320080 550.0
1320090 550.0
1320100 549.9
1320110 549.7
1320120 549.7
1320130 549.4
1320140 549.2
1320150 549.2
1320160 548.9
1320170 548.6
1320180 548.6
1320190 548.3
1320200 548.0
1320210 548.0
1320220 547.7
1320230 547.4
1320240 547.3
1320250 547.3
1320260 547.3
1320270 547.2
1320280 547.2
1320290 547.0
1320300 546.6
1320310 546.6
1320320 546.2
1320330 545.8
1320340 545.8
1320350 545.3
1320360 545.1
1320370 545.1
1320380 544.7
1320390 544.5
1320400 544.5
1320410 544.1
1320420 543.8
1320430 543.8
1320440 543.6
1320450 543.3
1320460 543.3
1320470 543.1
1320480 542.9
1320490 542.9
1320500 542.6
1320510 542.4
1320520 542.2
1320530 542.2
1320540 542.1
1320550 542.3
1320560 542.3
1320570 542.3
1320580 541.7
1320590 541.7
1320600 541.4
1320610 541.4
1320620 541.4
1320630 541.2
1320640 541.1
1320650 541.1
1320660 541.2
1320670 540.9
1320680 540.9
1320690 538.3
1320700 539.8
1320710 539.8
1320720 540.5
1320730 540.6
1320740 540.6
1320750 540.7
1320760 540.8
1320770 540.8
1320780 539.8
1320790 537.1
1320800 536.8
1320810 536.8
1320820 536.8
1320830 537.5
1320840 537.5
1320850 539.1
1320860 540.2
1320870 540.2
1320880 541.9
1320890 542.9
1320900 542.9
1320910 543.7
1320920 545.0
1320930 545.0
1320940 546.0
1320950 546.9
1320960 546.9
1320970 547.9
1320980 548.8
1320990 548.8
1321000 549.9
1321010 550.9
1321020 550.9
1321030 551.9
1321040 552.8
1321050 552.8
1321060 553.8
1321070 554.4
1321080 555.3
1321090 555.3
1321100 556.1
1321110 557.1
1321120 557.1
1321130 558.0
1321140 559.0
1321150 559.0
1321160 560.0
1321170 561.3
1321180 561.3
1321190 561.9
1321200 563.1
1321210 563.1
1321220 564.5
1321230 565.8
1321240 565.8
1321250 567.2
1321260 568.3
1321270 568.3
1321280 569.1
1321290 570.2
1321300 570.2
1321310 571.4
1321320 572.5
1321330 572.5
1321340 573.7
1321350 575.0
1321360 576.5
1321370 576.5
1321380 577.8
1321390 578.9
1321400 578.9
1321410 580.0
1321420 581.0
1321430 581.0
1321440 582.0
1321450 583.2
1321460 583.2
1321470 584.3
1321480 585.3
1321490 585.3
1321500 586.4
1321510 587.3
1321520 587.3
1321530 588.0
1321540 589.4
1321550 589.4
1321560 591.7
1321570 593.8
1321580 593.8
1321590 595.9
1321600 597.6
1321610 597.6
1321620 598.7
1321630 598.6
1321640 598.5
1321650 598.5
1321660 599.0
1321670 600.4
1321680 600.4
1321690 601.3
1321700 609.1
1321710 609.1
1321720 620.5
1321730 625.6
1321740 625.6
1321750 630.6
1321760 636.5
1321770 636.5
1321780 640.1
1321790 642.9
1321800 642.9
1321810 645.2
1321820 647.0
1321830 647.0
1321840 649.1
1321850 652.1
1321860 652.1
1321870 655.4
1321880 658.6
1321890 658.6
1321900 661.3
1321910 664.0
1321920 667.4
1321930 667.4
1321940 671.1
1321950 676.1
1321960 676.1
1321970 682.8
1321980 688.2
1321990 688.2
1322000 692.6
1322010 699.9
1322020 699.9
1322030 707.1
1322040 714.0
1322050 714.0
1322060 721.2
1322070 728.8
1322080 728.8
1322090 736.1
1322100 743.8
1322110 743.8
1322120 751.6
1322130 762.8
1322140 762.8
1322150 772.5
1322160 780.5
1322170 780.5
1322180 788.5
1322190 795.9
1322200 802.6
1322210 802.6
1322220 809.7
1322230 815.4
1322240 815.4
1322250 821.1
1322260 827.7
1322270 827.7
1322280 835.3
1322290 842.9
1322300 842.9
1322310 851.1
1322320 859.6
1322330 859.6
1322340 868.1
1322350 876.8
1322360 876.8
1322370 885.1
1322380 893.3
1322390 893.3
1322400 901.6
1322410 909.7
1322420 909.7
1322430 917.6
1322440 926.3
1322450 926.3
1322460 937.2
1322470 945.1
1322480 951.7
1322490 951.7
1322500 958.4
1322510 966.1
1322520 966.1
1322530 971.3
1322540 977.1
1322550 977.1
1322560 983.1
1322570 988.4
1322580 988.4
1322590 992.7
1322600 996.4
1322610 996.4
1322620 1000.2
1322630 1004.9
1322640 1004.9
1322650 1009.5
1322660 1014.1
1322670 1014.1
1322680 1018.7
1322690 1023.3
1322700 1023.3
1322710 1027.5
1322720 1031.6
1322730 1038.0
1322740 1038.0
1322750 1041.7
1322760 1043.9
1322770 1043.9
1322780 1046.8
1322790 1049.8
1322800 1049.8
1322810 1050.4
1322820 1049.0
1322830 1049.0
1322840 1049.0
1322850 1050.2
1322860 1050.2
1322870 1051.5
1322880 1053.7
1322890 1053.7
1322900 1058.6
1322910 1063.5
1322920 1063.5
1322930 1068.3
1322940 1071.2
1322950 1071.2
1322960 1073.2
1322970 1076.8
1322980 1076.8
1322990 1077.3
1323000 1074.7
1323010 1075.9
1323020 1075.9
1323030 1078.1
1323040 1075.6
1323050 1075.6
1323060 1072.8
1323070 1071.2
1323080 1071.2
1323090 1070.2
1323100 1066.4
1323110 1066.4
1323120 1059.8
1323130 1057.9
1323140 1057.9
1323150 1056.9
1323160 1059.0
1323170 1059.0
1323180 1068.2
1323190 1078.8
1323200 1078.8
1323210 1090.8
1323220 1100.6
1323230 1100.6
1323240 1111.5
1323250 1123.4
1323260 1123.4
1323270 1132.3
1323280 1138.4
1323290 1142.8
1323300 1142.8
1323310 1144.3
1323320 1144.5
1323330 1144.5
1323340 1146.8
1323350 1149.5
1323360 1149.5
1323370 1148.0
1323380 1143.3
1323390 1143.3
1323400 1140.3
1323410 1139.5
1323420 1139.5
1323430 1139.5
1323440 1141.1
1323450 1141.1
1323460 1144.3
1323470 1147.5
1323480 1147.5
1323490 1152.1
1323500 1163.0
1323510 1163.0
1323520 1173.7
1323530 1182.8
1323540 1182.8
1323550 1188.7
1323560 1185.2
1323570 1176.9
1323580 1176.9
1323590 1169.0
1323600 1161.8
1323610 1161.8
1323620 1156.5
1323630 1150.5
1323640 1150.5
1323650 1146.9
1323660 1146.2
1323670 1146.2
1323680 1141.3
1323690 1141.5
1323700 1141.5
1323710 1150.5
1323720 1160.4
1323730 1160.4
1323740 1169.7
1323750 1180.8
1323760 1180.8
1323770 1193.2
1323780 1206.9
1323790 1206.9
1323800 1218.9
1323810 1232.1
1323820 1232.1
1323830 1240.7
1323840 1247.9
1323850 1254.2
1323860 1254.2
1323870 1258.7
1323880 1262.3
1323890 1262.3
1323900 1264.2
1323910 1261.7
1323920 1261.7
1323930 1258.0
1323940 1253.3
1323950 1253.3
1323960 1250.9
1323970 1252.1
1323980 1252.1
1323990 1254.0
1324000 1251.8
1324010 1251.8
1324020 1246.9
1324030 1241.7
1324040 1241.7
1324050 1237.1
1324060 1233.6
1324070 1233.6
1324080 1232.6
1324090 1231.5
1324100 1231.5
1324110 1225.7
1324120 1218.9
1324130 1219.6
1324140 1219.6
1324150 1228.7
1324160 1233.0
1324170 1233.0
1324180 1238.0
1324190 1241.8
1324200 1241.8
1324210 1238.3
1324220 1238.6
1324230 1238.6
1324240 1243.7
1324250 1251.6
1324260 1251.6
1324270 1259.5
1324280 1265.1
1324290 1265.1
1324300 1270.3
1324310 1277.0
1324320 1277.0
1324330 1283.0
1324340 1289.0
1324350 1289.0
1324360 1293.5
1324370 1297.3
1324380 1297.3
1324390 1300.4
1324400 1302.0
1324410 1304.0
1324420 1304.0
1324430 1307.3
1324440 1313.7
1324450 1313.7
1324460 1315.7
1324470 1317.0
1324480 1317.0
1324490 1317.1
1324500 1320.4
1324510 1320.4
1324520 1329.7
1324530 1338.0
1324540 1338.0
1324550 1343.4
1324560 1345.5
1324570 1345.5
1324580 1345.9
1324590 1346.8
1324600 1346.8
1324610 1349.3
1324620 1356.3
1324630 1356.3
1324640 1364.9
1324650 1373.4
1324660 1373.4
1324670 1380.5
1324680 1385.0
1324690 1379.3
1324700 1379.3
1324710 1370.9
1324720 1374.4
1324730 1374.4
1324740 1382.5
1324750 1391.1
1324760 1391.1
1324770 1399.9
1324780 1409.6
1324790 1409.6
1324800 1420.9
1324810 1432.4
1324820 1432.4
1324830 1444.7
1324840 1455.6
1324850 1455.6
1324860 1466.6
1324870 1477.3
1324880 1477.3
1324890 1487.5
1324900 1498.8
1324910 1498.8
1324920 1509.6
1324930 1518.7
1324940 1518.7
1324950 1525.4
1324960 1531.3
1324970 1537.4
1324980 1537.4
1324990 1543.0
1325000 1548.8
1325010 1548.8
1325020 1555.3
1325030 1561.6
1325040 1561.6
1325050 1568.5
1325060 1575.5
1325070 1575.5
1325080 1582.3
1325090 1588.8
1325100 1588.8
1325110 1595.9
1325120 1603.0
1325130 1603.0
1325140 1609.5
1325150 1615.9
1325160 1615.9
1325170 1622.2
1325180 1628.4
1325190 1628.4
1325200 1634.3
1325210 1640.0
1325220 1640.0
1325230 1645.7
1325240 1651.7
1325250 1658.2
1325260 1658.2
1325270 1664.2
1325280 1669.2
1325290 1669.2
1325300 1674.1
1325310 1678.8
1325320 1678.8
1325330 1684.2
1325340 1691.0
1325350 1691.0
1325360 1697.5
1325370 1703.4
1325380 1703.4
1325390 1709.0
1325400 1714.8
1325410 1714.8
1325420 1719.8
1325430 1723.9
1325440 1723.9
1325450 1729.8
1325460 1737.1
1325470 1737.1
1325480 1744.1
1325490 1751.0
1325500 1751.0
1325510 1758.4
1325520 1765.1
1325530 1770.9
1325540 1770.9
1325550 1777.5
1325560 1784.7
1325570 1784.7
1325580 1790.7
1325590 1797.0
1325600 1797.0
1325610 1803.5
1325620 1809.8
1325630 1809.8
1325640 1815.7
1325650 1821.1
1325660 1821.1
1325670 1825.3
1325680 1828.7
1325690 1828.7
1325700 1832.0
1325710 1835.0
1325720 1835.0
1325730 1836.8
1325740 1837.3
1325750 1837.3
1325760 1836.6
1325770 1836.4
1325780 1836.4
1325790 1837.4
1325800 1839.2
1325810 1841.1
1325820 1841.1
1325830 1843.0
1325840 1844.3
1325850 1844.3
1325860 1846.3
1325870 1848.0
1325880 1848.0
1325890 1849.3
1325900 1848.7
1325910 1851.4
1325920 1852.8
1325930 1854.4
1325940 1854.4
1325950 1856.9
1325960 1859.6
1325970 1859.6
1325980 1861.7
1325990 1864.0
1326000 1864.0
1326010 1865.7
1326020 1867.9
1326030 1867.9
1326040 1869.9
1326050 1871.6
1326060 1871.6
1326070 1873.9
1326080 1876.3
1326090 1878.8
1326100 1878.8
1326110 1881.7
1326120 1884.7
1326130 1884.7
1326140 1887.4
1326150 1890.2
1326160 1890.2
1326170 1892.7
1326180 1895.7
1326190 1895.7
1326200 1898.8
1326210 1901.2
1326220 1901.2
1326230 1903.4
1326240 1906.0
1326250 1906.0
1326260 1909.2
1326270 1912.3
1326280 1912.3
1326290 1915.4
1326300 1918.8
1326310 1918.8
1326320 1922.4
1326330 1926.2
1326340 1926.2
1326350 1930.0
1326360 1934.1
1326370 1938.3
1326380 1938.3
1326390 1942.6
1326400 1946.1
1326410 1946.1
1326420 1949.7
1326430 1953.5
1326440 1953.5
1326450 1957.0
1326460 1960.6
1326470 1960.6
1326480 1964.5
1326490 1968.6
1326500 1968.6
1326510 1972.8
1326520 1977.3
1326530 1977.3
1326540 1982.2
1326550 1987.2
1326560 1987.2
1326570 1992.8
1326580 1998.7
1326590 1998.7
1326600 2004.7
1326610 2010.6
1326620 2010.6
1326630 2017.3
1326640 2024.0
1326650 2031.2
1326660 2031.2
1326670 2039.8
1326680 2048.1
1326690 2048.1
1326700 2056.4
1326710 2064.7
1326720 2065.0
1326730 2072.3
1326740 2078.6
1326750 2078.6
1326760 2084.9
1326770 2089.3
1326780 2089.3
1326790 2093.1
1326800 2095.3
1326810 2095.3
1326820 2092.5
1326830 2089.5
1326840 2089.5
1326850 2085.9
1326860 2082.4
1326870 2082.4
1326880 2079.2
1326890 2076.2
1326900 2076.2
1326910 2074.7
1326920 2074.6
1326930 2074.8
1326940 2074.8
1326950 2073.2
1326960 2074.5
1326970 2074.5
1326980 2075.4
1326990 2074.1
1327000 2074.1
1327010 2073.1
1327020 2073.8
1327030 2073.8
1327040 2074.6
1327050 2073.3
1327060 2073.3
1327070 2070.7
1327080 2067.8
1327090 2067.8
1327100 2065.7
1327110 2065.6
1327120 2065.6
1327130 2065.3
1327140 2063.4
1327150 2063.4
1327160 2059.9
1327170 2056.1
1327180 2052.8
1327190 2052.8
1327200 2052.2
1327210 2052.0
1327220 2052.0
1327230 2051.0
1327240 2051.4
1327250 2051.4
1327260 2052.9
1327270 2054.1
1327280 2054.1
1327290 2056.5
1327300 2059.5
1327310 2059.5
1327320 2061.8
1327330 2063.3
1327340 2063.3
1327350 2063.1
1327360 2061.7
1327370 2061.7
1327380 2060.5
1327390 2061.0
1327400 2061.0
1327410 2063.0
1327420 2064.8
1327430 2064.8
1327440 2066.7
1327450 2069.0
1327460 2071.9
1327470 2071.9
1327480 2074.9
1327490 2077.6
1327500 2077.6
1327510 2081.9
1327520 2086.3
1327530 2080.6
1327540 2080.4
1327550 2080.7
1327560 2080.7
1327570 2081.9
1327580 2081.0
1327590 2081.0
1327600 2075.4
1327610 2068.9
1327620 2068.9
1327630 2063.6
1327640 2060.0
1327650 2060.0
1327660 2056.2
1327670 2053.0
1327680 2053.0
1327690 2050.6
1327700 2048.9
1327710 2048.9
1327720 2048.0
1327730 2046.4
1327740 2044.7
1327750 2044.7
1327760 2044.4
1327770 2044.2
1327780 2044.2
1327790 2043.8
1327800 2043.7
1327810 2043.7
1327820 2046.8
1327830 2052.5
1327840 2052.5
1327850 2054.8
1327860 2050.8
1327870 2050.8
1327880 2045.6
1327890 2043.8
1327900 2043.8
1327910 2041.8
1327920 2041.0
1327930 2041.0
1327940 2040.9
1327950 2040.7
1327960 2040.7
1327970 2040.2
1327980 2039.0
1327990 2039.0
1328000 2037.1
1328010 2035.8
1328020 2035.9
1328030 2035.9
1328040 2036.3
1328050 2036.9
1328060 2036.9
1328070 2037.0
1328080 2037.8
1328090 2037.8
1328100 2038.7
1328110 2038.3
1328120 2038.3
1328130 2038.2
1328140 2038.6
1328150 2038.6
1328160 2039.5
1328170 2042.3
1328180 2042.3
1328190 2046.2
1328200 2046.9
1328210 2046.9
1328220 2045.5
1328230 2047.7
1328240 2047.7
1328250 2049.0
1328260 2051.4
1328270 2051.4
1328280 2053.8
1328290 2054.3
1328300 2053.9
1328310 2053.9
1328320 2054.1
1328330 2054.5
1328340 2054.1
1328350 2058.3
1328360 2063.0
1328370 2063.0
1328380 2065.8
1328390 2068.7
1328400 2068.7
1328410 2073.5
1328420 2078.6
1328430 2078.6
1328440 2083.9
1328450 2090.0
1328460 2090.0
1328470 2096.4
1328480 2103.1
1328490 2103.1
1328500 2110.3
1328510 2117.8
1328520 2117.8
1328530 2125.6
1328540 2133.0
1328550 2133.0
1328560 2140.0
1328570 2146.3
1328580 2153.1
1328590 2153.1
1328600 2160.1
1328610 2164.7
1328620 2164.7
1328630 2162.9
1328640 2156.6
1328650 2156.6
1328660 2148.3
1328670 2140.1
1328680 2140.1
1328690 2132.8
1328700 2125.8
1328710 2125.8
1328720 2117.6
1328730 2110.0
1328740 2110.0
1328750 2103.6
1328760 2097.5
1328770 2097.5
1328780 2092.3
1328790 2087.5
1328800 2087.5
1328810 2083.7
1328820 2081.6
1328830 2081.6
1328840 2079.9
1328850 2079.0
1328860 2079.1
1328870 2079.1
1328880 2079.2
1328890 2078.7
1328900 2078.7
1328910 2078.1
1328920 2076.7
1328930 2076.7
1328940 2072.7
1328950 2070.3
1328960 2070.3
1328970 2070.2
1328980 2071.0
1328990 2071.0
1329000 2072.5
1329010 2074.3
1329020 2074.3
1329030 2075.9
1329040 2077.8
1329050 2077.8
1329060 2079.9
1329070 2082.4
1329080 2082.4
1329090 2085.6
1329100 2089.6
1329110 2089.6
1329120 2095.9
1329130 2108.3
1329140 2111.8
1329150 2111.8
1329160 2116.6
1329170 2117.2
1329180 2117.2
1329190 2111.5
1329200 2106.5
1329210 2106.5
1329220 2101.9
1329230 2099.1
1329240 2099.1
1329250 2097.8
1329260 2097.3
1329270 2097.3
1329280 2098.0
1329290 2099.4
1329300 2099.4
1329310 2101.7
1329320 2107.5
1329330 2107.5
1329340 2114.8
1329350 2120.8
1329360 2120.8
1329370 2126.1
1329380 2130.7
1329390 2130.7
1329400 2134.8
1329410 2139.3
1329420 2144.1
1329430 2144.1
1329440 2149.6
1329450 2154.6
1329460 2154.6
1329470 2159.1
1329480 2163.6
1329490 2163.6
1329500 2164.6
1329510 2155.8
1329520 2155.8
1329530 2144.9
1329540 2135.2
1329550 2135.2
1329560 2127.6
1329570 2119.6
1329580 2119.6
1329590 2113.9
1329600 2109.4
1329610 2109.4
1329620 2104.9
1329630 2102.5
1329640 2102.5
1329650 2100.0
1329660 2096.9
1329670 2096.9
1329680 2095.2
1329690 2092.1
1329700 2086.0
1329710 2086.0
1329720 2079.1
1329730 2072.5
1329740 2072.5
1329750 2067.6
1329760 2062.1
1329770 2062.1
1329780 2056.8
1329790 2051.2
1329800 2051.2
1329810 2046.9
1329820 2042.6
1329830 2042.6
1329840 2037.0
1329850 2031.0
1329860 2031.0
1329870 2025.6
1329880 2021.6
1329890 2021.6
1329900 2018.6
1329910 2015.2
1329920 2015.2
1329930 2010.9
1329940 2006.2
1329950 2006.2
1329960 2001.1
1329970 1994.2
1329980 1988.2
1329990 1988.2
1330000 1983.7
1330010 1979.6
1330020 1979.6
1330030 1974.3
1330040 1966.5
1330050 1966.5
1330060 1960.5
1330070 1956.8
1330080 1956.8
1330090 1949.1
1330100 1943.1
1330110 1943.1
1330120 1938.7
1330130 1935.2
1330140 1935.2
1330150 1931.2
1330160 1924.9
1330170 1924.9
1330180 1917.9
1330190 1909.2
1330200 1909.2
1330210 1900.6
1330220 1891.5
1330230 1891.5
1330240 1882.0
1330250 1874.9
1330260 1870.5
1330270 1870.5
1330280 1867.7
1330290 1865.4
1330300 1865.4
1330310 1863.1
1330320 1860.1
1330330 1860.1
1330340 1858.0
1330350 1856.4
1330360 1856.4
1330370 1855.1
1330380 1854.4
1330390 1854.4
1330400 1854.5
1330410 1858.1
1330420 1858.1
1330430 1864.6
1330440 1870.3
1330450 1870.3
1330460 1875.6
1330470 1880.4
1330480 1880.4
1330490 1885.1
1330500 1889.6
1330510 1889.6
1330520 1894.7
1330530 1900.3
1330540 1906.5
1330550 1906.5
1330560 1913.4
1330570 1921.9
1330580 1921.9
1330590 1929.2
1330600 1934.6
1330610 1934.6
1330620 1938.7
1330630 1942.4
1330640 1942.4
1330650 1945.9
1330660 1948.9
1330670 1948.9
1330680 1953.4
1330690 1959.5
1330700 1959.5
1330710 1964.6
1330720 1968.7
1330730 1968.7
1330740 1972.8
1330750 1977.3
1330760 1977.3
1330770 1981.4
1330780 1985.1
1330790 1985.1
1330800 1988.4
1330810 1994.3
1330820 1996.2
1330830 1996.2
1330840 1998.5
1330850 2001.1
1330860 2001.1
1330870 2004.6
1330880 2009.2
1330890 2009.2
1330900 2013.0
1330910 2017.0
1330920 2017.0
1330930 2020.5
1330940 2025.7
1330950 2025.7
1330960 2031.6
1330970 2036.9
1330980 2036.9
1330990 2041.4
1331000 2044.6
1331010 2044.6
1331020 2049.1
1331030 2056.2
1331040 2056.2
1331050 2064.2
1331060 2072.3
1331070 2072.3
1331080 2083.2
1331090 2091.4
1331100 2100.1
1331110 2100.1
1331120 2108.2
1331130 2113.7
1331140 2113.7
1331150 2111.7
1331160 2103.0
1331170 2103.0
1331180 2094.1
1331190 2079.4
1331200 2079.4
1331210 2066.6
1331220 2049.2
1331230 2049.2
1331240 2031.9
1331250 2019.4
1331260 2019.4
1331270 2008.9
1331280 1998.4
1331290 1998.4
1331300 1991.0
1331310 1984.4
1331320 1984.4
1331330 1980.0
1331340 1977.1
1331350 1977.1
1331360 1974.9
1331370 1973.3
1331380 1972.3
1331390 1972.3
1331400 1971.1
1331410 1969.7
1331420 1969.7
1331430 1970.9
1331440 1973.5
1331450 1973.5
1331460 1976.7
1331470 1978.8
1331480 1978.8
1331490 1979.6
1331500 1981.5
1331510 1981.5
1331520 1984.4
1331530 1986.9
1331540 1986.9
1331550 1988.0
1331560 1989.8
1331570 1989.8
1331580 1992.5
1331590 1995.2
1331600 1995.2
1331610 1997.7
1331620 2000.5
1331630 2003.4
1331640 2009.7
1331650 2013.3
1331660 2016.4
1331670 2016.4
1331680 2019.8
1331690 2022.2
1331700 2022.2
1331710 2023.5
1331720 2024.8
1331730 2024.8
1331740 2027.9
1331750 2030.0
1331760 2030.0
1331770 2031.9
1331780 2034.5
1331790 2034.5
1331800 2039.0
1331810 2044.7
1331820 2044.7
1331830 2052.9
1331840 2064.1
1331850 2064.1
1331860 2073.8
1331870 2076.5
1331880 2076.5
1331890 2075.7
1331900 2077.0
1331910 2082.7
1331920 2082.7
1331930 2084.6
1331940 2088.4
1331950 2088.4
1331960 2090.7
1331970 2091.9
1331980 2091.9
1331990 2096.8
1332000 2098.3
1332010 2098.3
1332020 2099.5
1332030 2107.9
1332040 2107.9
1332050 2114.0
1332060 2109.5
1332070 2109.5
1332080 2110.0
1332090 2113.4
1332100 2113.4
1332110 2118.9
1332120 2125.4
1332130 2125.4
1332140 2128.2
1332150 2130.3
1332160 2130.3
1332170 2133.4
1332180 2136.3
1332190 2141.0
1332200 2141.0
1332210 2145.6
1332220 2150.0
1332230 2150.0
1332240 2155.2
1332250 2160.7
1332260 2160.7
1332270 2166.1
1332280 2171.0
1332290 2171.0
1332300 2175.8
1332310 2181.2
1332320 2181.2
1332330 2187.1
1332340 2193.3
1332350 2193.3
1332360 2198.5
1332370 2205.4
1332380 2205.4
1332390 2212.2
1332400 2217.6
1332410 2217.6
1332420 2223.3
1332430 2227.9
1332440 2227.9
1332450 2231.5
1332460 2234.7
1332470 2243.6
1332480 2243.6
1332490 2245.3
1332500 2248.8
1332510 2248.8
1332520 2253.9
1332530 2260.5
1332540 2260.5
1332550 2265.5
1332560 2270.7
1332570 2270.7
1332580 2276.7
1332590 2284.2
1332600 2284.2
1332610 2289.3
1332620 2291.5
1332630 2291.5
1332640 2295.7
1332650 2300.1
1332660 2300.1
1332670 2296.7
1332680 2299.3
1332690 2299.3
1332700 2294.9
1332710 2290.0
1332720 2290.0
1332730 2286.9
1332740 2285.7
1332750 2285.5
1332760 2285.5
1332770 2286.3
1332780 2286.8
1332790 2286.8
1332800 2285.8
1332810 2286.0
1332820 2286.0
1332830 2284.0
1332840 2278.7
1332850 2278.7
1332860 2273.8
1332870 2269.8
1332880 2269.8
1332890 2266.0
1332900 2260.6
1332910 2260.6
1332920 2255.8
1332930 2258.2
1332940 2258.2
1332950 2263.7
1332960 2270.1
1332970 2270.1
1332980 2275.6
1332990 2279.4
1333000 2279.4
1333010 2281.7
1333020 2278.5
1333030 2274.0
1333040 2274.0
1333050 2270.1
1333060 2267.3
1333070 2267.3
1333080 2264.5
1333090 2261.8
1333100 2261.8
1333110 2258.7
1333120 2256.7
1333130 2256.7
1333140 2256.1
1333150 2255.6
1333160 2255.6
1333170 2255.3
1333180 2256.0
1333190 2256.0
1333200 2254.6
1333210 2252.3
1333220 2252.3
1333230 2253.1
1333240 2253.3
1333250 2253.3
1333260 2251.3
1333270 2250.6
1333280 2250.6
1333290 2253.1
1333300 2259.0
1333310 2254.4
1333320 2254.4
1333330 2251.8
1333340 2249.7
1333350 2249.7
1333360 2246.6
1333370 2242.0
1333380 2242.0
1333390 2240.8
1333400 2240.7
1333410 2240.7
1333420 2239.9
1333430 2238.7
1333440 2238.7
1333450 2241.7
1333460 2246.7
1333470 2246.7
1333480 2251.4
1333490 2255.6
1333500 2255.6
1333510 2258.4
1333520 2260.9
1333530 2260.9
1333540 2262.7
1333550 2265.2
1333560 2265.2
1333570 2269.0
1333580 2269.9
1333590 2269.1
1333600 2269.1
1333610 2273.1
1333620 2278.9
1333630 2278.9
1333640 2284.1
1333650 2287.8
1333660 2287.8
1333670 2291.0
1333680 2296.7
1333690 2296.7
1333700 2303.8
1333710 2306.6
1333720 2306.6
1333730 2306.0
1333740 2307.3
1333750 2307.3
1333760 2309.5
1333770 2311.4
1333780 2311.4
1333790 2312.4
1333800 2314.0
1333810 2314.0
1333820 2315.8
1333830 2316.2
1333840 2316.2
1333850 2315.9
1333860 2316.0
1333870 2317.5
1333880 2317.5
1333890 2319.3
1333900 2321.7
1333910 2321.7
1333920 2324.1
1333930 2327.1
1333940 2327.1
1333950 2328.8
1333960 2329.3
1333970 2329.3
1333980 2330.4
1333990 2333.0
1334000 2333.0
1334010 2337.6
1334020 2342.2
1334030 2342.2
1334040 2344.5
1334050 2346.4
1334060 2346.4
1334070 2348.1
1334080 2350.5
1334090 2350.5
1334100 2353.7
1334110 2354.9
1334120 2354.9
1334130 2352.1
1334140 2348.7
1334150 2348.0
1334160 2343.6
1334170 2344.2
1334180 2347.2
1334190 2347.2
1334200 2349.2
1334210 2347.9
1334220 2347.9
1334230 2347.4
1334240 2346.3
1334250 2346.3
1334260 2345.1
1334270 2342.1
1334280 2342.1
1334290 2340.2
1334300 2337.3
1334310 2337.3
1334320 2336.2
1334330 2336.3
1334340 2336.3
1334350 2336.8
1334360 2338.8
1334370 2338.8
1334380 2338.9
1334390 2337.2
1334400 2337.2
1334410 2333.4
1334420 2330.5
1334430 2324.9
1334440 2324.9
1334450 2319.6
1334460 2313.6
1334470 2313.6
1334480 2306.1
1334490 2296.7
1334500 2296.7
1334510 2287.2
1334520 2267.0
1334530 2267.0
1334540 2255.7
1334550 2249.2
1334560 2249.2
1334570 2245.0
1334580 2237.7
1334590 2237.7
1334600 2235.6
1334610 2237.1
1334620 2237.1
1334630 2232.1
1334640 2211.8
1334650 2211.8
1334660 2199.0
1334670 2180.9
1334680 2180.9
1334690 2164.8
1334700 2156.2
1334710 2148.6
1334720 2148.6
1334730 2141.4
1334740 2133.9
1334750 2133.9
1334760 2126.3
1334770 2119.0
1334780 2119.0
1334790 2111.9
1334800 2105.0
1334810 2105.0
1334820 2098.2
1334830 2091.9
1334840 2091.9
1334850 2085.5
1334860 2079.0
1334870 2079.0
1334880 2072.2
1334890 2065.7
1334900 2065.7
1334910 2059.3
1334920 2053.3
1334930 2053.3
1334940 2047.5
1334950 2041.9
1334960 2041.9
1334970 2036.3
1334980 2030.6
1334990 2025.5
1335000 2025.5
1335010 2021.2
1335020 2016.7
1335030 2016.7
1335040 2012.7
1335050 2009.1
1335060 2009.1
1335070 2006.0
1335080 2003.2
1335090 2003.2
1335100 2000.5
1335110 1998.2
1335120 1998.2
1335130 1996.0
1335140 1993.7
1335150 1993.7
1335160 1991.9
1335170 1990.5
1335180 1990.5
1335190 1989.5
1335200 1989.1
1335210 1989.1
1335220 1988.9
1335230 1989.2
1335240 1989.2
1335250 1990.7
1335260 1990.5
1335270 1989.7
1335280 1989.7
1335290 1989.4
1335300 1988.7
1335310 1988.7
1335320 1984.0
1335330 1977.6
1335340 1977.6
1335350 1972.9
1335360 1972.2
1335370 1972.2
1335380 1974.2
1335390 1976.4
1335400 1976.4
1335410 1978.0
1335420 1978.6
1335430 1978.6
1335440 1980.6
1335450 1980.6
1335460 1980.6
1335470 1978.8
1335480 1978.5
1335490 1978.5
1335500 1979.2
1335510 1978.3
1335520 1976.6
1335530 1976.6
1335540 1974.4
1335550 1973.4
1335560 1973.4
1335570 1974.5
1335580 1972.2
1335590 1972.2
1335600 1968.2
1335610 1966.4
1335620 1966.4
1335630 1967.4
1335640 1970.3
1335650 1970.3
1335660 1967.8
1335670 1964.4
1335680 1964.4
1335690 1960.0
1335700 1956.0
1335710 1956.0
1335720 1953.1
1335730 1950.6
1335740 1950.6
1335750 1948.8
1335760 1947.8
1335770 1947.8
1335780 1946.0
1335790 1942.3
1335800 1937.7
1335810 1937.7
1335820 1931.6
1335830 1923.2
1335840 1923.2
1335850 1915.1
1335860 1905.0
1335870 1905.0
1335880 1899.1
1335890 1893.7
1335900 1893.7
1335910 1888.7
1335920 1884.6
1335930 1884.6
1335940 1880.4
1335950 1876.7
1335960 1876.7
1335970 1872.7
1335980 1869.0
1335990 1869.0
1336000 1866.8
1336010 1866.0
1336020 1866.0
1336030 1866.2
1336040 1866.9
1336050 1866.9
1336060 1867.3
1336070 1866.5
1336080 1864.3
1336090 1864.3
1336100 1858.9
1336110 1844.5
1336120 1844.5
1336130 1828.7
1336140 1817.2
1336150 1817.2
1336160 1808.9
1336170 1800.9
1336180 1800.9
1336190 1793.5
1336200 1786.8
1336210 1786.8
1336220 1781.2
1336230 1775.4
1336240 1775.4
1336250 1765.8
1336260 1758.0
1336270 1758.0
1336280 1751.2
1336290 1744.6
1336300 1744.6
1336310 1738.3
1336320 1731.8
1336330 1731.8
1336340 1725.9
1336350 1720.8
1336360 1715.8
1336370 1715.8
1336380 1710.3
1336390 1704.8
1336400 1704.8
1336410 1699.2
1336420 1693.5
1336430 1693.5
1336440 1687.8
1336450 1682.1
1336460 1682.1
1336470 1676.4
1336480 1670.9
1336490 1670.9
1336500 1666.1
1336510 1662.2
1336520 1662.2
1336530 1659.2
1336540 1656.8
1336550 1656.8
1336560 1654.0
1336570 1650.7
1336580 1650.7
1336590 1648.1
1336600 1646.9
1336610 1646.9
1336620 1647.6
1336630 1645.6
1336640 1643.7
1336650 1643.7
1336660 1642.5
1336670 1642.4
1336680 1642.4
1336690 1639.8
1336700 1633.4
1336710 1633.4
1336720 1633.1
1336730 1633.4
1336740 1633.4
1336750 1633.9
1336760 1633.9
1336770 1633.9
1336780 1633.5
1336790 1633.6
1336800 1633.6
1336810 1634.8
1336820 1636.0
1336830 1636.0
1336840 1637.0
1336850 1638.1
1336860 1638.1
1336870 1639.2
1336880 1640.3
1336890 1640.3
1336900 1641.5
1336910 1642.8
1336920 1644.3
1336930 1644.3
1336940 1646.0
1336950 1647.9
1336960 1647.9
1336970 1650.1
1336980 1652.6
1336990 1652.6
1337000 1655.2
1337010 1657.3
1337020 1657.3
1337030 1660.5
1337040 1664.1
1337050 1664.1
1337060 1667.9
1337070 1671.9
1337080 1671.9
1337090 1675.9
1337100 1680.5
1337110 1680.5
1337120 1685.7
1337130 1691.2
1337140 1691.2
1337150 1697.0
1337160 1703.0
1337170 1703.0
1337180 1709.0
1337190 1715.0
1337200 1721.1
1337210 1721.1
1337220 1727.3
1337230 1733.2
1337240 1733.2
1337250 1739.0
1337260 1745.4
1337270 1745.4
1337280 1751.7
1337290 1757.7
1337300 1757.7
1337310 1763.2
1337320 1768.6
1337330 1768.6
1337340 1774.2
1337350 1780.4
1337360 1780.4
1337370 1786.2
1337380 1792.0
1337390 1792.0
1337400 1797.7
1337410 1803.6
1337420 1803.6
1337430 1809.1
1337440 1814.4
1337450 1814.4
1337460 1820.6
1337470 1826.3
1337480 1831.8
1337490 1831.8
1337500 1837.3
1337510 1842.6
1337520 1842.6
1337530 1847.4
1337540 1852.2
1337550 1852.2
1337560 1856.4
1337570 1860.4
1337580 1860.4
1337590 1865.2
1337600 1869.0
1337610 1869.0
1337620 1872.7
1337630 1876.5
1337640 1876.5
1337650 1880.4
1337660 1884.6
1337670 1884.6
1337680 1887.9
1337690 1891.2
1337700 1891.2
1337710 1895.0
1337720 1899.1
1337730 1899.1
1337740 1903.9
1337750 1909.8
1337760 1915.3
1337770 1915.3
1337780 1919.5
1337790 1923.7
1337800 1923.7
1337810 1927.9
1337820 1931.8
1337830 1931.8
1337840 1935.0
1337850 1938.1
1337860 1938.1
1337870 1941.4
1337880 1945.2
1337890 1945.2
1337900 1949.5
1337910 1954.2
1337920 1954.2
1337930 1958.9
1337940 1964.0
1337950 1964.0
1337960 1969.3
1337970 1974.9
1337980 1974.9
1337990 1980.4
1338000 1986.0
1338010 1986.0
1338020 1991.9
1338030 1997.1
1338040 2001.5
1338050 2001.5
1338060 2005.9
1338070 2011.2
1338080 2011.2
1338090 2017.7
1338100 2024.2
1338110 2024.2
1338120 2030.8
1338130 2038.6
1338140 2038.6
1338150 2046.3
1338160 2053.3
1338170 2053.3
1338180 2059.5
1338190 2063.3
1338200 2063.3
1338210 2064.2
1338220 2066.4
1338230 2066.4
1338240 2069.6
1338250 2073.6
1338260 2073.6
1338270 2078.1
1338280 2082.3
1338290 2082.3
1338300 2087.4
1338310 2093.0
1338320 2099.0
1338330 2099.0
1338340 2105.7
1338350 2113.4
1338360 2113.4
1338370 2123.6
1338380 2132.9
1338390 2132.9
1338400 2141.5
1338410 2149.4
1338420 2149.4
1338430 2156.5
1338440 2163.8
1338450 2163.8
1338460 2175.1
1338470 2182.5
1338480 2182.5
1338490 2189.2
1338500 2197.5
1338510 2197.5
1338520 2206.9
1338530 2211.4
1338540 2211.4
1338550 2206.3
1338560 2196.3
1338570 2196.3
1338580 2186.8
1338590 2176.1
1338600 2165.2
1338610 2165.2
1338620 2154.0
1338630 2143.4
1338640 2143.4
1338650 2134.8
1338660 2124.6
1338670 2124.6
1338680 2115.6
1338690 2108.5
1338700 2108.5
1338710 2101.8
1338720 2096.1
1338730 2096.1
1338740 2090.3
1338750 2085.9
1338760 2085.9
1338770 2082.1
1338780 2077.8
1338790 2077.8
1338800 2070.6
1338810 2063.9
1338820 2063.9
1338830 2059.5
1338840 2056.5
1338850 2056.5
1338860 2054.6
1338870 2052.7
1338880 2051.3
1338890 2051.3
1338900 2050.0
1338910 2048.4
1338920 2048.4
1338930 2046.6
1338940 2045.2
1338950 2045.2
1338960 2044.0
1338970 2043.1
1338980 2043.1
1338990 2042.6
1339000 2042.5
1339010 2042.5
1339020 2041.2
1339030 2037.2
1339040 2037.2
1339050 2033.3
1339060 2029.1
1339070 2029.1
1339080 2023.6
1339090 2018.3
1339100 2018.3
1339110 2013.6
1339120 2010.2
1339130 2010.2
1339140 2005.2
1339150 1999.6
1339160 1994.8
1339170 1994.8
1339180 1989.5
1339190 1984.6
1339200 1984.6
1339210 1981.8
1339220 1978.7
1339230 1978.7
1339240 1975.7
1339250 1972.0
1339260 1972.0
1339270 1968.7
1339280 1965.8
1339290 1965.8
1339300 1963.6
1339310 1962.2
1339320 1962.2
1339330 1960.3
1339340 1960.3
1339350 1960.3
1339360 1957.7
1339370 1955.8
1339380 1955.8
1339390 1954.5
1339400 1953.1
1339410 1951.9
1339420 1951.9
1339430 1951.1
1339440 1950.3
1339450 1950.3
1339460 1949.4
1339470 1948.7
1339480 1948.7
1339490 1947.5
1339500 1946.2
1339510 1946.2
1339520 1945.1
1339530 1943.9
1339540 1943.9
1339550 1942.8
1339560 1941.4
1339570 1941.4
1339580 1940.1
1339590 1938.9
1339600 1938.9
1339610 1936.9
1339620 1935.4
1339630 1935.4
1339640 1934.2
1339650 1931.6
1339660 1931.6
1339670 1928.7
1339680 1926.5
1339690 1924.2
1339700 1924.2
1339710 1921.7
1339720 1918.6
1339730 1918.6
1339740 1915.0
1339750 1911.3
1339760 1911.3
1339770 1907.0
1339780 1903.1
1339790 1903.1
1339800 1900.1
1339810 1896.9
1339820 1896.9
1339830 1894.5
1339840 1892.5
1339850 1892.5
1339860 1889.9
1339870 1886.8
1339880 1886.8
1339890 1884.1
1339900 1881.9
1339910 1881.9
1339920 1880.1
1339930 1878.3
1339940 1878.3
1339950 1875.2
1339960 1873.7
1339970 1872.5
1339980 1872.5
1339990 1870.3
