1320000 545.6
1320010 545.0
1320020 544.4
1320030 544.4
1320040 544.2
1320050 544.3
1320060 544.3
1320070 544.3
1320080 544.2
1320090 544.2
1320100 544.1
1320110 544.0
1320120 544.0
1320130 543.8
1320140 543.7
1320150 543.7
1320160 543.5
1320170 543.3
1320180 543.3
1320190 543.1
1320200 542.8
1320210 542.8
1320220 542.5
1320230 542.1
1320240 542.1
1320250 541.8
1320260 541.4
1320270 541.3
1320280 541.3
1320290 541.2
1320300 539.6
1320310 539.6
1320320 538.3
1320330 538.2
1320340 538.2
1320350 538.2
1320360 538.1
1320370 538.1
1320380 538.1
1320390 538.2
1320400 538.2
1320410 537.9
1320420 537.8
1320430 537.8
1320440 537.7
1320450 537.6
1320460 537.6
1320470 537.7
1320480 537.7
1320490 537.7
1320500 537.6
1320510 537.6
1320520 537.6
1320530 537.7
1320540 537.9
1320550 538.0
1320560 538.0
1320570 537.9
1320580 537.8
1320590 537.8
1320600 537.9
1320610 537.9
1320620 537.9
1320630 537.9
1320640 537.8
1320650 537.8
1320660 537.8
1320670 537.8
1320680 537.8
1320690 537.9
1320700 538.0
1320710 538.0
1320720 538.1
1320730 538.7
1320740 538.7
1320750 538.8
1320760 537.5
1320770 537.5
1320780 536.5
1320790 535.6
1320800 535.6
1320810 535.6
1320820 536.1
1320830 539.0
1320840 539.0
1320850 539.1
1320860 538.4
1320870 538.4
1320880 538.0
1320890 537.8
1320900 537.8
1320910 537.7
1320920 537.6
1320930 537.6
1320940 537.5
1320950 537.4
1320960 537.4
1320970 537.4
1320980 537.3
1320990 537.3
1321000 537.3
1321010 537.3
1321020 537.3
1321030 537.4
1321040 537.5
1321050 537.5
1321060 537.6
1321070 537.5
1321080 537.5
1321090 537.5
1321100 537.6
1321110 537.6
1321120 537.6
1321130 537.6
1321140 537.5
1321150 537.5
1321160 537.3
1321170 537.2
1321180 537.2
1321190 537.2
1321200 537.2
1321210 537.2
1321220 537.2
1321230 537.2
1321240 537.2
1321250 537.1
1321260 537.1
1321270 537.1
1321280 537.1
1321290 537.1
1321300 537.1
1321310 537.1
1321320 537.1
1321330 537.1
1321340 537.3
1321350 538.5
1321360 538.5
1321370 540.6
1321380 543.7
1321390 548.9
1321400 548.9
1321410 554.8
1321420 559.8
1321430 559.8
1321440 565.2
1321450 571.0
1321460 571.0
1321470 577.1
1321480 582.7
1321490 582.7
1321500 588.6
1321510 594.1
1321520 594.1
1321530 600.0
1321540 605.4
1321550 605.4
1321560 610.4
1321570 615.3
1321580 615.3
1321590 618.2
1321600 620.7
1321610 620.7
1321620 624.3
1321630 627.8
1321640 627.8
1321650 631.6
1321660 636.1
1321670 641.2
1321680 641.2
1321690 646.4
1321700 652.2
1321710 652.2
1321720 657.7
1321730 662.8
1321740 662.8
1321750 668.5
1321760 674.3
1321770 674.3
1321780 679.5
1321790 684.7
1321800 684.7
1321810 690.1
1321820 695.1
1321830 695.1
1321840 700.5
1321850 705.9
1321860 705.9
1321870 711.4
1321880 716.8
1321890 716.8
1321900 722.0
1321910 727.9
1321920 727.9
1321930 734.4
1321940 740.2
1321950 745.5
1321960 745.5
1321970 749.8
1321980 753.6
1321990 753.6
1322000 761.1
1322010 766.2
1322020 766.2
1322030 772.1
1322040 778.5
1322050 778.5
1322060 785.3
1322070 791.4
1322080 791.4
1322090 796.3
1322100 800.7
1322110 800.7
1322120 804.8
1322130 808.7
1322140 808.7
1322150 811.1
1322160 812.3
1322170 812.3
1322180 813.1
1322190 814.2
1322200 814.2
1322210 816.1
1322220 817.7
1322230 817.9
1322240 817.9
1322250 817.5
1322260 817.4
1322270 817.4
1322280 820.0
1322290 824.9
1322300 824.9
1322310 829.9
1322320 836.8
1322330 836.8
1322340 844.4
1322350 852.7
1322360 852.7
1322370 861.1
1322380 869.6
1322390 869.6
1322400 875.5
1322410 878.5
1322420 878.5
1322430 881.9
1322440 885.5
1322450 885.5
1322460 889.8
1322470 894.4
1322480 894.4
1322490 899.3
1322500 904.9
1322510 911.5
1322520 911.5
1322530 917.9
1322540 923.8
1322550 923.8
1322560 930.1
1322570 935.7
1322580 935.7
1322590 941.9
1322600 947.9
1322610 947.9
1322620 953.4
1322630 958.3
1322640 958.3
1322650 963.9
1322660 970.2
1322670 970.2
1322680 976.1
1322690 981.3
1322700 981.3
1322710 987.2
1322720 993.7
1322730 993.7
1322740 1001.6
1322750 1010.4
1322760 1010.4
1322770 1020.7
1322780 1031.2
1322790 1034.7
1322800 1034.7
1322810 1037.6
1322820 1041.0
1322830 1041.0
1322840 1043.5
1322850 1046.9
1322860 1046.9
1322870 1050.8
1322880 1054.0
1322890 1054.0
1322900 1058.3
1322910 1063.0
1322920 1063.0
1322930 1067.2
1322940 1071.2
1322950 1071.2
1322960 1074.0
1322970 1076.7
1322980 1076.7
1322990 1078.7
1323000 1081.0
1323010 1081.0
1323020 1082.4
1323030 1083.5
1323040 1083.5
1323050 1084.7
1323060 1085.6
1323070 1086.8
1323080 1086.8
1323090 1087.9
1323100 1089.4
1323110 1089.4
1323120 1091.9
1323130 1094.4
1323140 1094.4
1323150 1098.0
1323160 1102.6
1323170 1102.6
1323180 1107.4
1323190 1111.6
1323200 1111.6
1323210 1115.7
1323220 1120.7
1323230 1120.7
1323240 1126.9
1323250 1133.4
1323260 1133.4
1323270 1139.5
1323280 1145.5
1323290 1145.5
1323300 1149.7
1323310 1154.4
1323320 1154.4
1323330 1160.1
1323340 1165.3
1323350 1170.1
1323360 1170.1
1323370 1175.3
1323380 1180.9
1323390 1180.9
1323400 1186.9
1323410 1192.2
1323420 1192.2
1323430 1197.7
1323440 1205.2
1323450 1205.2
1323460 1212.2
1323470 1216.3
1323480 1216.3
1323490 1219.7
1323500 1225.5
1323510 1225.5
1323520 1230.1
1323530 1233.5
1323540 1233.5
1323550 1237.8
1323560 1242.0
1323570 1245.2
1323580 1247.6
1323590 1249.2
1323600 1249.2
1323610 1250.3
1323620 1252.4
1323630 1254.5
1323640 1254.5
1323650 1256.8
1323660 1259.2
1323670 1259.2
1323680 1261.1
1323690 1262.9
1323700 1262.9
1323710 1263.9
1323720 1265.3
1323730 1265.3
1323740 1267.8
1323750 1270.9
1323760 1270.9
1323770 1274.5
1323780 1277.3
1323790 1277.3
1323800 1279.9
1323810 1283.1
1323820 1283.1
1323830 1286.5
1323840 1290.1
1323850 1290.1
1323860 1294.3
1323870 1298.2
1323880 1298.2
1323890 1301.7
1323900 1305.7
1323910 1310.5
1323920 1310.5
1323930 1315.2
1323940 1319.9
1323950 1319.9
1323960 1325.4
1323970 1330.3
1323980 1330.3
1323990 1335.2
1324000 1341.2
1324010 1341.2
1324020 1347.6
1324030 1353.7
1324040 1353.7
1324050 1358.3
1324060 1361.3
1324070 1361.3
1324080 1363.4
1324090 1366.1
1324100 1366.1
1324110 1371.0
1324120 1377.4
1324130 1377.4
1324140 1383.5
1324150 1388.8
1324160 1388.8
1324170 1392.0
1324180 1394.4
1324190 1396.8
1324200 1396.8
1324210 1398.9
1324220 1401.3
1324230 1401.3
1324240 1405.4
1324250 1410.1
1324260 1410.1
1324270 1413.9
1324280 1417.4
1324290 1417.4
1324300 1420.9
1324310 1423.9
1324320 1423.9
1324330 1426.5
1324340 1428.7
1324350 1428.7
1324360 1428.1
1324370 1429.4
1324380 1429.4
1324390 1430.3
1324400 1431.3
1324410 1431.3
1324420 1433.1
1324430 1435.6
1324440 1435.6
1324450 1438.5
1324460 1442.6
1324470 1449.1
1324480 1449.1
1324490 1453.8
1324500 1455.1
1324510 1455.1
1324520 1457.9
1324530 1460.3
1324540 1460.3
1324550 1462.9
1324560 1466.2
1324570 1466.2
1324580 1470.1
1324590 1474.4
1324600 1474.4
1324610 1478.1
1324620 1481.7
1324630 1481.7
1324640 1485.6
1324650 1488.2
1324660 1488.2
1324670 1492.1
1324680 1496.6
1324690 1496.6
1324700 1501.0
1324710 1504.9
1324720 1504.9
1324730 1508.5
1324740 1511.9
1324750 1513.7
1324760 1513.7
1324770 1516.9
1324780 1520.3
1324790 1520.3
1324800 1522.9
1324810 1526.3
1324820 1526.3
1324830 1529.9
1324840 1533.1
1324850 1533.1
1324860 1535.8
1324870 1537.8
1324880 1537.8
1324890 1539.2
1324900 1539.9
1324910 1539.9
1324920 1541.9
1324930 1545.5
1324940 1545.5
1324950 1549.2
1324960 1553.2
1324970 1553.2
1324980 1557.5
1324990 1561.5
1325000 1561.5
1325010 1565.5
1325020 1569.2
1325030 1572.2
1325040 1572.2
1325050 1576.1
1325060 1581.3
1325070 1581.3
1325080 1586.1
1325090 1590.7
1325100 1590.7
1325110 1594.3
1325120 1595.2
1325130 1595.2
1325140 1596.3
1325150 1599.4
1325160 1592.1
1325170 1595.3
1325180 1599.7
1325190 1599.7
1325200 1603.7
1325210 1607.4
1325220 1607.4
1325230 1611.1
1325240 1614.9
1325250 1614.9
1325260 1618.7
1325270 1622.8
1325280 1622.8
1325290 1627.5
1325300 1633.0
1325310 1638.5
1325320 1638.5
1325330 1643.9
1325340 1648.4
1325350 1648.4
1325360 1651.0
1325370 1654.6
1325380 1654.6
1325390 1659.8
1325400 1666.7
1325410 1666.7
1325420 1672.3
1325430 1678.0
1325440 1678.0
1325450 1684.5
1325460 1691.4
1325470 1691.4
1325480 1697.0
1325490 1702.9
1325500 1702.9
1325510 1708.0
1325520 1711.3
1325530 1711.3
1325540 1713.7
1325550 1717.9
1325560 1717.9
1325570 1724.1
1325580 1729.7
1325590 1733.9
1325600 1733.9
1325610 1737.1
1325620 1740.5
1325630 1740.5
1325640 1743.9
1325650 1747.2
1325660 1747.2
1325670 1750.5
1325680 1753.9
1325690 1753.9
1325700 1757.6
1325710 1761.6
1325720 1761.6
1325730 1765.6
1325740 1768.0
1325750 1768.0
1325760 1770.6
1325770 1773.1
1325780 1773.1
1325790 1776.7
1325800 1781.1
1325810 1781.1
1325820 1785.6
1325830 1789.8
1325840 1789.8
1325850 1793.3
1325860 1796.3
1325870 1800.2
1325880 1800.2
1325890 1804.3
1325900 1807.2
1325910 1807.2
1325920 1809.5
1325930 1812.4
1325940 1812.4
1325950 1815.8
1325960 1820.4
1325970 1820.4
1325980 1823.5
1325990 1825.8
1326000 1825.8
1326010 1828.1
1326020 1830.3
1326030 1830.3
1326040 1832.8
1326050 1835.5
1326060 1835.5
1326070 1839.3
1326080 1844.5
1326090 1844.5
1326100 1850.8
1326110 1857.9
1326120 1857.9
1326130 1863.8
1326140 1868.9
1326150 1875.2
1326160 1875.2
1326170 1882.1
1326180 1888.0
1326190 1888.0
1326200 1890.7
1326210 1894.2
1326220 1894.2
1326230 1899.0
1326240 1904.4
1326250 1904.4
1326260 1908.8
1326270 1913.1
1326280 1913.1
1326290 1917.0
1326300 1920.9
1326310 1920.9
1326320 1924.1
1326330 1926.2
1326340 1926.2
1326350 1928.9
1326360 1933.3
1326370 1933.3
1326380 1938.4
1326390 1943.4
1326400 1943.4
1326410 1949.4
1326420 1956.0
1326430 1962.0
1326440 1962.0
1326450 1967.8
1326460 1972.2
1326470 1972.2
1326480 1975.4
1326490 1977.5
1326500 1977.5
1326510 1979.0
1326520 1980.3
1326530 1980.3
1326540 1981.4
1326550 1981.9
1326560 1981.9
1326570 1982.1
1326580 1983.6
1326590 1983.6
1326600 1986.6
1326610 1991.3
1326620 1991.3
1326630 1995.8
1326640 1996.3
1326650 1996.3
1326660 1995.3
1326670 1996.3
1326680 1996.3
1326690 1997.4
1326700 1998.8
1326710 2001.5
1326720 2001.5
1326730 2006.3
1326740 2013.0
1326750 2013.0
1326760 2017.3
1326770 2018.0
1326780 2018.0
1326790 2021.3
1326800 2025.7
1326810 2025.7
1326820 2030.1
1326830 2032.8
1326840 2032.8
1326850 2035.1
1326860 2037.7
1326870 2037.7
1326880 2040.5
1326890 2042.1
1326900 2042.1
1326910 2041.9
1326920 2040.0
1326930 2040.0
1326940 2042.9
1326950 2044.8
1326960 2044.8
1326970 2047.6
1326980 2050.2
1326990 2053.4
1327000 2053.4
1327010 2057.0
1327020 2059.2
1327030 2059.2
1327040 2061.1
1327050 2062.9
1327060 2062.9
1327070 2064.4
1327080 2065.8
1327090 2065.8
1327100 2066.9
1327110 2067.8
1327120 2067.8
1327130 2068.9
1327140 2070.0
1327150 2070.0
1327160 2070.7
1327170 2071.5
1327180 2071.5
1327190 2072.3
1327200 2073.4
1327210 2073.4
1327220 2074.2
1327230 2074.9
1327240 2074.9
1327250 2076.3
1327260 2078.4
1327270 2080.3
1327280 2080.3
1327290 2081.6
1327300 2083.9
1327310 2083.9
1327320 2086.4
1327330 2088.9
1327340 2088.9
1327350 2091.0
1327360 2091.5
1327370 2091.5
1327380 2092.2
1327390 2093.8
1327400 2093.8
1327410 2095.7
1327420 2098.1
1327430 2098.1
1327440 2100.8
1327450 2103.0
1327460 2103.0
1327470 2104.5
1327480 2105.7
1327490 2105.7
1327500 2107.4
1327510 2109.1
1327520 2109.1
1327530 2110.7
1327540 2113.4
1327550 2115.9
1327560 2115.9
1327570 2118.7
1327580 2118.8
1327590 2118.8
1327600 2122.0
1327610 2126.0
1327620 2126.0
1327630 2130.3
1327640 2134.1
1327650 2134.1
1327660 2138.2
1327670 2142.3
1327680 2142.3
1327690 2144.3
1327700 2146.3
1327710 2146.3
1327720 2149.1
1327730 2151.6
1327740 2151.6
1327750 2155.0
1327760 2158.8
1327770 2158.8
1327780 2163.7
1327790 2168.4
1327800 2168.4
1327810 2172.9
1327820 2177.8
1327830 2182.2
1327840 2182.2
1327850 2182.7
1327860 2176.5
1327870 2176.5
1327880 2169.8
1327890 2162.3
1327900 2162.3
1327910 2151.0
1327920 2143.9
1327930 2143.9
1327940 2135.8
1327950 2125.5
1327960 2125.5
1327970 2116.8
1327980 2112.2
1327990 2112.2
1328000 2106.8
1328010 2100.9
1328020 2100.9
1328030 2094.8
1328040 2088.8
1328050 2088.8
1328060 2085.6
1328070 2085.3
1328080 2085.3
1328090 2085.4
1328100 2085.8
1328110 2084.5
1328120 2084.5
1328130 2081.8
1328140 2078.3
1328150 2078.3
1328160 2074.1
1328170 2071.0
1328180 2071.0
1328190 2070.2
1328200 2068.5
1328210 2068.5
1328220 2065.4
1328230 2060.7
1328240 2060.7
1328250 2062.3
1328260 2072.2
1328270 2072.2
1328280 2078.7
1328290 2072.1
1328300 2072.1
1328310 2066.3
1328320 2065.5
1328330 2065.5
1328340 2062.8
1328350 2056.5
1328360 2056.5
1328370 2059.6
1328380 2068.5
1328390 2072.9
1328400 2072.9
1328410 2066.3
1328420 2065.4
1328430 2065.4
1328440 2056.5
1328450 2048.0
1328460 2048.0
1328470 2044.1
1328480 2042.9
1328490 2042.9
1328500 2040.1
1328510 2035.6
1328520 2035.6
1328530 2030.4
1328540 2025.4
1328550 2025.4
1328560 2020.5
1328570 2015.6
1328580 2015.6
1328590 2010.5
1328600 2005.9
1328610 2005.9
1328620 2002.3
1328630 1998.9
1328640 1998.9
1328650 1994.8
1328660 1990.9
1328670 1987.4
1328680 1987.4
1328690 1984.6
1328700 1981.9
1328710 1981.9
1328720 1978.9
1328730 1976.3
1328740 1976.3
1328750 1974.0
1328760 1971.9
1328770 1971.9
1328780 1969.4
1328790 1966.4
1328800 1966.4
1328810 1964.8
1328820 1965.2
1328830 1965.2
1328840 1967.8
1328850 1971.5
1328860 1971.5
1328870 1973.3
1328880 1967.8
1328890 1967.8
1328900 1961.7
1328910 1956.5
1328920 1956.5
1328930 1951.6
1328940 1947.1
1328950 1942.2
1328960 1942.2
1328970 1938.2
1328980 1935.1
1328990 1935.1
1329000 1929.8
1329010 1923.4
1329020 1923.4
1329030 1918.3
1329040 1917.6
1329050 1917.6
1329060 1915.9
1329070 1912.1
1329080 1912.1
1329090 1907.0
1329100 1903.2
1329110 1903.2
1329120 1900.4
1329130 1898.7
1329140 1898.7
1329150 1899.8
1329160 1904.1
1329170 1904.1
1329180 1907.1
1329190 1905.8
1329200 1905.8
1329210 1904.5
1329220 1900.6
1329230 1897.7
1329240 1897.7
1329250 1895.8
1329260 1893.8
1329270 1893.8
1329280 1891.2
1329290 1886.6
1329300 1886.6
1329310 1882.2
1329320 1879.5
1329330 1879.5
1329340 1877.7
1329350 1876.5
1329360 1876.5
1329370 1875.7
1329380 1875.6
1329390 1875.6
1329400 1875.5
1329410 1874.9
1329420 1874.9
1329430 1875.7
1329440 1878.4
1329450 1878.4
1329460 1881.7
1329470 1883.7
1329480 1883.7
1329490 1886.3
1329500 1892.4
1329510 1899.8
1329520 1899.8
1329530 1906.0
1329540 1909.1
1329550 1909.1
1329560 1909.0
1329570 1908.1
1329580 1908.1
1329590 1907.2
1329600 1906.0
1329610 1906.0
1329620 1904.4
1329630 1903.3
1329640 1903.3
1329650 1904.7
1329660 1907.5
1329670 1907.5
1329680 1909.7
1329690 1912.1
1329700 1912.1
1329710 1913.5
1329720 1916.0
1329730 1916.0
1329740 1922.3
1329750 1928.9
1329760 1928.9
1329770 1934.1
1329780 1933.8
1329790 1928.0
1329800 1928.0
1329810 1922.3
1329820 1918.2
1329830 1918.2
1329840 1914.6
1329850 1915.2
1329860 1915.2
1329870 1915.9
1329880 1915.3
1329890 1915.3
1329900 1911.1
1329910 1909.0
1329920 1909.0
1329930 1907.5
1329940 1903.0
1329950 1903.0
1329960 1898.9
1329970 1900.2
1329980 1900.2
1329990 1898.6
1330000 1894.8
1330010 1894.8
1330020 1894.1
1330030 1890.5
1330040 1890.5
1330050 1887.5
1330060 1882.0
1330070 1876.9
1330080 1876.9
1330090 1873.2
1330100 1867.7
1330110 1867.7
1330120 1862.2
1330130 1857.8
1330140 1857.8
1330150 1853.4
1330160 1847.6
1330170 1847.6
1330180 1841.2
1330190 1834.7
1330200 1834.7
1330210 1828.2
1330220 1823.0
1330230 1823.0
1330240 1817.4
1330250 1810.4
1330260 1810.4
1330270 1803.4
1330280 1796.5
1330290 1796.5
1330300 1790.2
1330310 1783.7
1330320 1783.7
1330330 1777.3
1330340 1770.5
1330350 1763.5
1330360 1763.5
1330370 1755.6
1330380 1748.3
1330390 1748.3
1330400 1741.6
1330410 1736.3
1330420 1736.3
1330430 1731.2
1330440 1728.4
1330450 1728.4
1330460 1723.5
1330470 1717.7
1330480 1717.7
1330490 1712.1
1330500 1706.3
1330510 1706.3
1330520 1700.7
1330530 1694.5
1330540 1694.5
1330550 1687.9
1330560 1683.1
1330570 1683.1
1330580 1678.8
1330590 1673.2
1330600 1673.2
1330610 1667.4
1330620 1662.2
1330630 1655.8
1330640 1655.8
1330650 1648.1
1330660 1641.5
1330670 1641.5
1330680 1637.5
1330690 1633.5
1330700 1633.5
1330710 1632.7
1330720 1632.5
1330730 1632.5
1330740 1633.2
1330750 1634.6
1330760 1634.6
1330770 1636.4
1330780 1637.6
1330790 1637.6
1330800 1638.2
1330810 1643.5
1330820 1643.5
1330830 1648.5
1330840 1652.8
1330850 1652.8
1330860 1661.3
1330870 1664.6
1330880 1664.6
1330890 1668.0
1330900 1671.1
1330910 1671.0
1330920 1671.0
1330930 1672.2
1330940 1673.1
1330950 1673.1
1330960 1673.7
1330970 1677.4
1330980 1677.4
1330990 1685.0
1331000 1691.5
1331010 1691.5
1331020 1697.7
1331030 1703.3
1331040 1703.3
1331050 1705.5
1331060 1704.5
1331070 1704.5
1331080 1701.4
1331090 1698.2
1331100 1698.2
1331110 1697.2
1331120 1699.3
1331130 1699.3
1331140 1704.4
1331150 1711.9
1331160 1711.9
1331170 1718.2
1331180 1721.2
1331190 1723.4
1331200 1723.4
1331210 1724.4
1331220 1725.6
1331230 1725.6
1331240 1727.4
1331250 1729.5
1331260 1729.5
1331270 1732.5
1331280 1735.3
1331290 1735.3
1331300 1737.1
1331310 1738.5
1331320 1738.5
1331330 1739.8
1331340 1741.1
1331350 1741.1
1331360 1742.3
1331370 1743.5
1331380 1743.5
1331390 1745.0
1331400 1745.3
1331410 1745.3
1331420 1744.9
1331430 1743.4
1331440 1743.4
1331450 1742.7
1331460 1742.8
1331470 1742.1
1331480 1742.1
1331490 1741.4
1331500 1740.3
1331510 1740.3
1331520 1738.1
1331530 1735.7
1331540 1735.7
1331550 1737.5
1331560 1742.0
1331570 1742.0
1331580 1748.3
1331590 1754.8
1331600 1754.8
1331610 1759.2
1331620 1763.3
1331630 1763.3
1331640 1764.6
1331650 1765.9
1331660 1765.9
1331670 1772.4
1331680 1780.4
1331690 1782.8
1331700 1790.7
1331710 1799.4
1331720 1799.4
1331730 1808.0
1331740 1814.1
1331750 1819.3
1331760 1819.3
1331770 1824.9
1331780 1828.9
1331790 1828.9
1331800 1833.7
1331810 1838.3
1331820 1838.3
1331830 1843.7
1331840 1851.2
1331850 1851.2
1331860 1858.4
1331870 1863.9
1331880 1863.9
1331890 1869.7
1331900 1875.7
1331910 1875.7
1331920 1880.9
1331930 1885.8
1331940 1885.8
1331950 1891.7
1331960 1898.2
1331970 1898.2
1331980 1902.6
1331990 1904.1
1332000 1904.1
1332010 1906.2
1332020 1911.4
1332030 1916.4
1332040 1916.4
1332050 1921.5
1332060 1926.1
1332070 1926.1
1332080 1930.7
1332090 1933.8
1332100 1933.8
1332110 1936.2
1332120 1939.3
1332130 1939.3
1332140 1941.1
1332150 1942.1
1332160 1942.1
1332170 1942.4
1332180 1945.3
1332190 1945.3
1332200 1952.9
1332210 1960.1
1332220 1960.1
1332230 1961.9
1332240 1964.0
1332250 1964.0
1332260 1967.5
1332270 1971.5
1332280 1971.5
1332290 1976.8
1332300 1981.3
1332310 1984.5
1332320 1984.5
1332330 1987.4
1332340 1991.6
1332350 1991.6
1332360 1995.8
1332370 2000.0
1332380 2000.0
1332390 2004.4
1332400 2008.7
1332410 2008.7
1332420 2013.1
1332430 2017.0
1332440 2017.0
1332450 2020.3
1332460 2022.8
1332470 2022.8
1332480 2026.5
1332490 2033.4
1332500 2033.4
1332510 2043.4
1332520 2051.1
1332530 2046.2
1332540 2053.5
1332550 2062.5
1332560 2062.5
1332570 2076.6
1332580 2091.0
1332590 2096.2
1332600 2096.2
1332610 2107.9
1332620 2111.0
1332630 2111.0
1332640 2116.5
1332650 2120.7
1332660 2120.7
1332670 2124.9
1332680 2132.1
1332690 2132.1
1332700 2141.7
1332710 2152.8
1332720 2152.8
1332730 2163.4
1332740 2169.8
1332750 2169.8
1332760 2176.5
1332770 2186.5
1332780 2186.5
1332790 2193.7
1332800 2201.4
1332810 2201.4
1332820 2211.1
1332830 2219.7
1332840 2219.7
1332850 2222.7
1332860 2226.5
1332870 2234.3
1332880 2234.3
1332890 2243.6
1332900 2256.2
1332910 2256.2
1332920 2264.9
1332930 2267.3
1332940 2267.3
1332950 2268.0
1332960 2272.5
1332970 2272.5
1332980 2281.5
1332990 2289.0
1333000 2289.0
1333010 2295.1
1333020 2301.4
1333030 2301.4
1333040 2308.5
1333050 2316.3
1333060 2316.3
1333070 2323.8
1333080 2332.4
1333090 2332.4
1333100 2341.8
1333110 2351.2
1333120 2351.2
1333130 2360.3
1333140 2368.8
1333150 2377.3
1333160 2377.3
1333170 2387.8
1333180 2398.7
1333190 2398.7
1333200 2405.0
1333210 2401.2
1333220 2401.2
1333230 2388.4
1333240 2374.3
1333250 2374.3
1333260 2359.9
1333270 2347.9
1333280 2347.9
1333290 2339.2
1333300 2330.5
1333310 2330.5
1333320 2320.9
1333330 2309.8
1333340 2309.8
1333350 2301.8
1333360 2295.4
1333370 2297.2
1333380 2291.6
1333390 2286.6
1333400 2286.6
1333410 2282.1
1333420 2277.8
1333430 2273.4
1333440 2273.4
1333450 2268.5
1333460 2264.7
1333470 2264.7
1333480 2261.7
1333490 2255.6
1333500 2255.6
1333510 2248.9
1333520 2241.0
1333530 2241.0
1333540 2234.7
1333550 2229.3
1333560 2229.3
1333570 2218.8
1333580 2193.5
1333590 2193.5
1333600 2177.4
1333610 2171.3
1333620 2171.3
1333630 2165.8
1333640 2162.2
1333650 2162.2
1333660 2160.7
1333670 2159.5
1333680 2155.8
1333690 2155.8
1333700 2150.7
1333710 2144.5
1333720 2144.5
1333730 2138.3
1333740 2131.6
1333750 2131.6
1333760 2124.3
1333770 2114.1
1333780 2114.1
1333790 2104.5
1333800 2096.4
1333810 2096.4
1333820 2089.5
1333830 2082.7
1333840 2082.7
1333850 2076.6
1333860 2071.7
1333870 2071.7
1333880 2066.9
1333890 2060.6
1333900 2060.6
1333910 2053.9
1333920 2048.0
1333930 2048.0
1333940 2042.8
1333950 2037.5
1333960 2034.3
1333970 2034.3
1333980 2031.7
1333990 2027.7
1334000 2027.7
1334010 2023.4
1334020 2019.7
1334030 2019.7
1334040 2015.5
1334050 2011.0
1334060 2011.0
1334070 2007.1
1334080 2003.0
1334090 2003.0
1334100 1998.9
1334110 1994.9
1334120 1994.9
1334130 1991.3
1334140 1987.7
1334150 1987.7
1334160 1984.9
1334170 1983.0
1334180 1983.0
1334190 1982.1
1334200 1982.7
1334210 1988.0
1334220 1987.7
1334230 1985.5
1334240 1983.4
1334250 1983.4
1334260 1981.3
1334270 1979.4
1334280 1979.4
1334290 1977.0
1334300 1974.9
1334310 1974.9
1334320 1973.3
1334330 1971.8
1334340 1971.8
1334350 1969.8
1334360 1968.4
1334370 1968.4
1334380 1965.9
1334390 1963.7
1334400 1963.7
1334410 1962.5
1334420 1962.8
1334430 1962.8
1334440 1964.5
1334450 1966.3
1334460 1966.3
1334470 1968.1
1334480 1968.7
1334490 1968.7
1334500 1969.0
1334510 1969.1
1334520 1969.1
1334530 1969.1
1334540 1968.8
1334550 1968.6
1334560 1968.6
1334570 1967.6
1334580 1965.8
1334590 1965.8
1334600 1963.7
1334610 1960.9
1334620 1960.9
1334630 1958.7
1334640 1956.4
1334650 1956.4
1334660 1953.9
1334670 1952.2
1334680 1952.2
1334690 1951.1
1334700 1949.8
1334710 1949.8
1334720 1949.0
1334730 1948.8
1334740 1948.8
1334750 1948.5
1334760 1948.2
1334770 1948.2
1334780 1948.2
1334790 1948.7
1334800 1951.6
1334810 1951.6
1334820 1954.9
1334830 1953.9
1334840 1953.9
1334850 1954.3
1334860 1957.9
1334870 1957.9
1334880 1963.1
1334890 1967.8
1334900 1967.8
1334910 1973.2
1334920 1978.8
1334930 1978.8
1334940 1984.6
1334950 1990.9
1334960 1990.9
1334970 1995.8
1334980 1998.6
1334990 1998.6
1335000 2002.0
1335010 2007.2
1335020 2007.2
1335030 2013.3
1335040 2019.9
1335050 2019.9
1335060 2030.8
1335070 2037.8
1335080 2044.1
1335090 2044.1
1335100 2049.2
1335110 2054.7
1335120 2054.7
1335130 2060.7
1335140 2067.2
1335150 2067.2
1335160 2074.0
1335170 2080.2
1335180 2080.2
1335190 2086.1
1335200 2091.8
1335210 2091.8
1335220 2097.5
1335230 2099.2
1335240 2099.2
1335250 2096.9
1335260 2091.9
1335270 2091.9
1335280 2086.8
1335290 2081.1
1335300 2081.1
1335310 2075.3
1335320 2072.0
1335330 2072.0
1335340 2066.1
1335350 2061.4
1335360 2058.4
1335370 2058.4
1335380 2057.7
1335390 2056.2
1335400 2056.2
1335410 2055.7
1335420 2052.4
1335430 2052.4
1335440 2042.0
1335450 2031.3
1335460 2031.3
1335470 2020.3
1335480 2009.8
1335490 2009.8
1335500 2000.2
1335510 1987.5
1335520 1987.5
1335530 1974.6
1335540 1962.9
1335550 1962.9
1335560 1951.9
1335570 1943.3
1335580 1943.3
1335590 1931.5
1335600 1920.4
1335610 1920.4
1335620 1911.1
1335630 1901.8
1335640 1893.2
1335650 1893.2
1335660 1885.1
1335670 1876.5
1335680 1876.5
1335690 1868.1
1335700 1860.2
1335710 1860.2
1335720 1852.9
1335730 1845.6
1335740 1845.6
1335750 1838.8
1335760 1831.6
1335770 1831.6
1335780 1824.6
1335790 1817.5
1335800 1817.5
1335810 1810.8
1335820 1804.5
1335830 1804.5
1335840 1797.8
1335850 1791.0
1335860 1791.0
1335870 1784.8
1335880 1779.0
1335890 1779.0
1335900 1773.5
1335910 1767.3
1335920 1762.6
1335930 1762.6
1335940 1756.2
1335950 1749.6
1335960 1749.6
1335970 1742.2
1335980 1735.1
1335990 1735.1
1336000 1727.9
1336010 1720.6
1336020 1720.6
1336030 1713.5
1336040 1707.2
1336050 1707.2
1336060 1702.5
1336070 1699.1
1336080 1699.1
1336090 1696.1
1336100 1692.0
1336110 1692.0
1336120 1687.2
1336130 1681.6
1336140 1681.6
1336150 1676.1
1336160 1670.0
1336170 1670.0
1336180 1664.4
1336190 1659.9
1336200 1656.0
1336210 1656.0
1336220 1652.4
1336230 1649.1
1336240 1649.1
1336250 1644.4
1336260 1639.0
1336270 1639.0
1336280 1632.7
1336290 1626.7
1336300 1626.7
1336310 1618.3
1336320 1611.6
1336330 1611.6
1336340 1606.9
1336350 1602.5
1336360 1602.5
1336370 1598.2
1336380 1593.9
1336390 1593.9
1336400 1589.8
1336410 1587.1
1336420 1587.1
1336430 1585.3
1336440 1583.8
1336450 1583.8
1336460 1582.2
1336470 1580.8
1336480 1580.0
1336490 1580.0
1336500 1578.8
1336510 1577.9
1336520 1577.9
1336530 1577.8
1336540 1580.3
1336550 1580.3
1336560 1582.9
1336570 1585.3
1336580 1585.3
1336590 1588.3
1336600 1591.1
1336610 1591.1
1336620 1584.9
1336630 1574.0
1336640 1574.0
1336650 1576.4
1336660 1580.7
1336670 1580.7
1336680 1581.8
1336690 1572.2
1336700 1572.2
1336710 1572.1
1336720 1577.4
1336730 1577.4
1336740 1578.0
1336750 1578.4
1336760 1578.4
1336770 1578.4
1336780 1580.1
1336790 1579.8
1336800 1579.8
1336810 1581.3
1336820 1583.8
1336830 1583.8
1336840 1585.6
1336850 1587.8
1336860 1587.8
1336870 1590.0
1336880 1593.5
1336890 1593.5
1336900 1599.5
1336910 1608.5
1336920 1608.5
1336930 1617.2
1336940 1625.9
1336950 1625.9
1336960 1633.6
1336970 1639.9
1336980 1639.9
1336990 1645.3
1337000 1651.4
1337010 1651.4
1337020 1659.4
1337030 1667.3
1337040 1674.1
1337050 1674.1
1337060 1680.6
1337070 1686.7
1337080 1686.7
1337090 1694.5
1337100 1703.8
1337110 1703.8
1337120 1711.9
1337130 1719.6
1337140 1719.6
1337150 1726.3
1337160 1732.0
1337170 1732.0
1337180 1736.7
1337190 1741.0
1337200 1741.0
1337210 1744.9
1337220 1749.9
1337230 1749.9
1337240 1755.1
1337250 1758.9
1337260 1758.9
1337270 1763.8
1337280 1770.9
1337290 1770.9
1337300 1779.2
1337310 1786.9
1337320 1793.6
1337330 1793.6
1337340 1801.0
1337350 1808.8
1337360 1808.8
1337370 1816.7
1337380 1824.9
1337390 1824.9
1337400 1832.1
1337410 1839.5
1337420 1839.5
1337430 1847.7
1337440 1855.0
1337450 1855.0
1337460 1859.6
1337470 1865.4
1337480 1865.4
1337490 1872.8
1337500 1882.3
1337510 1882.3
1337520 1891.9
1337530 1897.1
1337540 1897.1
1337550 1904.6
1337560 1912.7
1337570 1912.7
1337580 1920.1
1337590 1926.4
1337600 1932.4
1337610 1932.4
1337620 1940.6
1337630 1949.5
1337640 1949.9
1337650 1956.2
1337660 1961.9
1337670 1961.9
1337680 1964.2
1337690 1967.4
1337700 1967.4
1337710 1971.3
1337720 1974.7
1337730 1974.7
1337740 1978.2
1337750 1983.3
1337760 1983.3
1337770 1989.1
1337780 1994.6
1337790 1994.6
1337800 2003.0
1337810 2011.7
1337820 2011.7
1337830 2017.4
1337840 2020.3
1337850 2020.3
1337860 2024.9
1337870 2030.0
1337880 2033.5
1337890 2033.5
1337900 2039.6
1337910 2046.0
1337920 2046.0
1337930 2049.6
1337940 2054.9
1337950 2054.9
1337960 2058.9
1337970 2063.2
1337980 2063.2
1337990 2067.8
1338000 2071.9
1338010 2071.9
1338020 2075.0
1338030 2079.3
1338040 2079.3
1338050 2084.5
1338060 2090.5
1338070 2090.5
1338080 2096.9
1338090 2103.0
1338100 2103.0
1338110 2108.8
1338120 2113.4
1338130 2113.4
1338140 2118.1
1338150 2124.9
1338160 2134.1
1338170 2134.1
1338180 2136.3
1338190 2135.2
1338200 2135.2
1338210 2138.8
1338220 2141.7
1338230 2141.7
1338240 2143.9
1338250 2147.0
1338260 2147.0
1338270 2152.4
1338280 2158.7
1338290 2158.7
1338300 2166.0
1338310 2172.5
1338320 2172.5
1338330 2178.3
1338340 2182.8
1338350 2182.8
1338360 2185.7
1338370 2187.5
1338380 2187.5
1338390 2190.0
1338400 2190.9
1338410 2190.9
1338420 2187.9
1338430 2183.3
1338440 2179.2
1338450 2179.2
1338460 2174.7
1338470 2171.0
1338480 2171.0
1338490 2168.5
1338500 2164.7
1338510 2164.1
1338520 2160.0
1338530 2158.6
1338540 2158.6
1338550 2159.5
1338560 2161.6
1338570 2161.6
1338580 2164.5
1338590 2164.7
1338600 2164.7
1338610 2162.7
1338620 2161.1
1338630 2161.1
1338640 2162.2
1338650 2164.9
1338660 2164.9
1338670 2167.3
1338680 2170.1
1338690 2170.1
1338700 2173.4
1338710 2176.1
1338720 2177.8
1338730 2177.8
1338740 2178.7
1338750 2177.9
1338760 2177.9
1338770 2176.4
1338780 2174.9
1338790 2174.9
1338800 2168.9
1338810 2160.3
1338820 2160.3
1338830 2153.1
1338840 2147.8
1338850 2147.8
1338860 2144.3
1338870 2143.2
1338880 2143.2
1338890 2144.7
1338900 2145.5
1338910 2145.5
1338920 2145.3
1338930 2144.9
1338940 2144.9
1338950 2144.5
1338960 2143.4
1338970 2143.4
1338980 2141.8
1338990 2140.5
1339000 2138.7
1339010 2138.7
1339020 2136.1
1339030 2132.3
1339040 2132.3
1339050 2128.6
1339060 2126.0
1339070 2126.0
1339080 2124.7
1339090 2123.6
1339100 2123.6
1339110 2122.9
1339120 2119.9
1339130 2119.9
1339140 2118.4
1339150 2117.6
1339160 2117.6
1339170 2117.1
1339180 2117.7
1339190 2117.7
1339200 2117.1
1339210 2113.8
1339220 2113.8
1339230 2109.4
1339240 2105.0
1339250 2105.0
1339260 2101.9
1339270 2100.3
1339280 2096.9
1339290 2096.9
1339300 2093.1
1339310 2085.1
1339320 2085.1
1339330 2078.8
1339340 2073.9
1339350 2073.9
1339360 2069.0
1339370 2065.5
1339380 2065.5
1339390 2056.9
1339400 2053.3
1339410 2053.3
1339420 2049.2
1339430 2045.2
1339440 2045.2
1339450 2041.8
1339460 2038.1
1339470 2038.1
1339480 2035.9
1339490 2034.5
1339500 2034.5
1339510 2033.6
1339520 2033.7
1339530 2033.7
1339540 2035.6
1339550 2037.4
1339560 2038.9
1339570 2038.9
1339580 2040.6
1339590 2041.2
1339600 2041.2
1339610 2041.0
1339620 2039.6
1339630 2039.6
1339640 2037.9
1339650 2038.3
1339660 2038.3
1339670 2040.7
1339680 2045.5
1339690 2045.5
1339700 2050.1
1339710 2054.7
1339720 2054.7
1339730 2057.3
1339740 2057.9
1339750 2057.9
1339760 2061.5
1339770 2066.3
1339780 2066.3
1339790 2072.1
1339800 2079.2
1339810 2079.2
1339820 2086.6
1339830 2093.6
1339840 2099.9
1339850 2099.9
1339860 2105.8
1339870 2110.1
1339880 2110.1
1339890 2110.9
1339900 2108.7
1339910 2108.7
1339920 2106.2
1339930 2103.9
1339940 2103.9
1339950 2102.0
1339960 2099.7
1339970 2099.7
1339980 2097.1
1339990 2094.1
