1320000 533.9
1320010 533.9
1320020 533.7
1320030 533.6
1320040 533.6
1320050 533.5
1320060 533.4
1320070 533.4
1320080 533.3
1320090 533.3
1320100 533.3
1320110 533.4
1320120 533.4
1320130 533.4
1320140 533.4
1320150 533.4
1320160 533.5
1320170 533.5
1320180 533.4
1320190 533.5
1320200 533.5
1320210 534.3
1320220 534.7
1320230 534.7
1320240 534.7
1320250 534.7
1320260 534.7
1320270 534.5
1320280 534.1
1320290 534.1
1320300 534.2
1320310 533.9
1320320 533.9
1320330 534.0
1320340 534.7
1320350 534.7
1320360 533.9
1320370 533.8
1320380 533.8
1320390 533.9
1320400 534.0
1320410 534.0
1320420 533.9
1320430 534.0
1320440 534.2
1320450 534.2
1320460 534.1
1320470 534.1
1320480 534.1
1320490 534.1
1320500 534.1
1320510 534.1
1320520 534.0
1320530 534.1
1320540 534.1
1320550 534.1
1320560 534.1
1320570 534.1
1320580 534.2
1320590 534.2
1320600 534.2
1320610 534.4
1320620 534.7
1320630 534.7
1320640 535.7
1320650 534.3
1320660 534.3
1320670 533.0
1320680 533.0
1320690 533.0
1320700 532.9
1320710 533.0
1320720 533.5
1320730 533.5
1320740 535.9
1320750 538.3
1320760 538.3
1320770 538.5
1320780 538.7
1320790 538.7
1320800 539.2
1320810 539.7
1320820 539.7
1320830 540.1
1320840 540.6
1320850 540.6
1320860 541.0
1320870 541.6
1320880 541.6
1320890 542.2
1320900 542.8
1320910 542.8
1320920 543.5
1320930 544.3
1320940 544.3
1320950 545.1
1320960 545.9
1320970 545.9
1320980 546.6
1320990 547.3
1321000 547.9
1321010 547.9
1321020 548.5
1321030 549.3
1321040 549.3
1321050 550.5
1321060 551.8
1321070 551.8
1321080 552.3
1321090 552.7
1321100 552.7
1321110 553.3
1321120 554.2
1321130 554.2
1321140 555.2
1321150 556.1
1321160 556.1
1321170 556.8
1321180 557.6
1321190 557.6
1321200 558.3
1321210 558.9
1321220 558.9
1321230 559.6
1321240 560.4
1321250 560.4
1321260 561.2
1321270 561.9
1321280 562.6
1321290 562.6
1321300 563.4
1321310 564.0
1321320 564.0
1321330 564.7
1321340 565.4
1321350 565.4
1321360 566.1
1321370 566.3
1321380 566.3
1321390 567.7
1321400 568.3
1321410 568.3
1321420 569.1
1321430 569.3
1321440 569.3
1321450 569.8
1321460 570.5
1321470 570.5
1321480 571.5
1321490 573.1
1321500 573.1
1321510 575.4
1321520 579.7
1321530 579.7
1321540 586.1
1321550 589.5
1321560 593.5
1321570 593.5
1321580 598.7
1321590 606.9
1321600 606.9
1321610 613.5
1321620 619.3
1321630 619.3
1321640 625.0
1321650 630.3
1321660 630.3
1321670 635.1
1321680 640.0
1321690 640.0
1321700 644.8
1321710 650.5
1321720 650.5
1321730 656.4
1321740 661.8
1321750 661.8
1321760 666.6
1321770 670.8
1321780 670.8
1321790 672.2
1321800 676.5
1321810 676.5
1321820 682.3
1321830 684.8
1321840 686.8
1321850 686.8
1321860 690.0
1321870 693.0
1321880 693.0
1321890 695.1
1321900 695.8
1321910 695.8
1321920 697.0
1321930 699.4
1321940 699.4
1321950 702.7
1321960 706.1
1321970 706.1
1321980 709.2
1321990 712.4
1322000 712.4
1322010 716.1
1322020 718.9
1322030 718.9
1322040 721.6
1322050 725.4
1322060 725.4
1322070 729.7
1322080 731.7
1322090 731.7
1322100 730.7
1322110 728.6
1322120 727.1
1322130 727.1
1322140 729.4
1322150 736.1
1322160 736.1
1322170 739.0
1322180 740.8
1322190 740.8
1322200 742.6
1322210 744.4
1322220 744.4
1322230 746.2
1322240 749.6
1322250 749.6
1322260 754.0
1322270 758.6
1322280 758.6
1322290 763.1
1322300 767.4
1322310 767.4
1322320 771.5
1322330 775.8
1322340 775.8
1322350 780.8
1322360 785.2
1322370 785.2
1322380 788.3
1322390 789.8
1322400 790.5
1322410 790.5
1322420 791.3
1322430 792.6
1322440 792.6
1322450 794.3
1322460 796.9
1322470 796.9
1322480 800.7
1322490 805.1
1322500 805.1
1322510 810.5
1322520 815.5
1322530 815.5
1322540 818.9
1322550 818.7
1322560 818.7
1322570 818.6
1322580 818.4
1322590 818.4
1322600 818.6
1322610 818.4
1322620 818.4
1322630 820.6
1322640 828.3
1322650 828.3
1322660 836.7
1322670 844.5
1322680 849.7
1322690 849.7
1322700 852.2
1322710 854.7
1322720 854.7
1322730 858.3
1322740 862.5
1322750 862.5
1322760 866.3
1322770 870.5
1322780 870.5
1322790 876.3
1322800 883.1
1322810 883.1
1322820 889.4
1322830 896.0
1322840 896.0
1322850 902.9
1322860 909.7
1322870 909.7
1322880 916.3
1322890 922.4
1322900 922.4
1322910 928.7
1322920 935.2
1322930 935.2
1322940 941.8
1322950 948.2
1322960 948.7
1322970 955.9
1322980 961.6
1322990 966.1
1323000 966.1
1323010 973.2
1323020 976.7
1323030 976.7
1323040 975.8
1323050 973.2
1323060 973.2
1323070 972.8
1323080 974.2
1323090 974.2
1323100 977.6
1323110 982.8
1323120 982.8
1323130 986.0
1323140 986.2
1323150 986.2
1323160 983.2
1323170 983.5
1323180 983.5
1323190 986.2
1323200 989.9
1323210 989.9
1323220 994.2
1323230 997.8
1323240 997.8
1323250 1000.7
1323260 1002.6
1323270 1004.3
1323280 1004.3
1323290 1003.7
1323300 999.4
1323310 999.4
1323320 995.3
1323330 992.0
1323340 992.0
1323350 990.1
1323360 993.8
1323370 993.8
1323380 1001.6
1323390 1006.2
1323400 1006.2
1323410 1005.9
1323420 1004.6
1323430 1004.6
1323440 1003.6
1323450 1002.2
1323460 1002.2
1323470 1000.0
1323480 999.1
1323490 999.1
1323500 999.4
1323510 998.8
1323520 998.8
1323530 999.8
1323540 1003.1
1323550 1005.3
1323560 1005.3
1323570 1005.1
1323580 1006.0
1323590 1006.0
1323600 1011.2
1323610 1018.2
1323620 1018.2
1323630 1021.3
1323640 1021.9
1323650 1021.9
1323660 1025.0
1323670 1024.5
1323680 1024.5
1323690 1019.1
1323700 1014.3
1323710 1014.3
1323720 1010.2
1323730 1008.0
1323740 1008.0
1323750 998.9
1323760 998.8
1323770 998.8
1323780 996.9
1323790 994.7
1323800 994.7
1323810 995.1
1323820 991.4
1323830 992.1
1323840 992.1
1323850 993.2
1323860 988.2
1323870 988.2
1323880 987.0
1323890 995.0
1323900 995.0
1323910 1003.0
1323920 1008.3
1323930 1008.3
1323940 1017.2
1323950 1026.3
1323960 1026.3
1323970 1034.7
1323980 1039.1
1323990 1039.1
1324000 1042.3
1324010 1047.0
1324020 1047.0
1324030 1053.1
1324040 1057.1
1324050 1057.1
1324060 1065.8
1324070 1075.7
1324080 1075.7
1324090 1086.3
1324100 1090.0
1324110 1089.3
1324120 1089.3
1324130 1086.6
1324140 1086.0
1324150 1086.0
1324160 1091.5
1324170 1103.3
1324180 1103.3
1324190 1114.3
1324200 1126.3
1324210 1126.3
1324220 1136.9
1324230 1147.4
1324240 1147.4
1324250 1155.5
1324260 1157.3
1324270 1157.3
1324280 1154.4
1324290 1155.8
1324300 1155.8
1324310 1163.1
1324320 1170.6
1324330 1170.6
1324340 1177.9
1324350 1185.2
1324360 1185.2
1324370 1192.2
1324380 1198.8
1324390 1205.3
1324400 1205.3
1324410 1211.9
1324420 1218.9
1324430 1218.9
1324440 1225.6
1324450 1232.0
1324460 1232.0
1324470 1238.3
1324480 1243.6
1324490 1243.6
1324500 1248.3
1324510 1252.9
1324520 1252.9
1324530 1257.1
1324540 1259.5
1324550 1259.5
1324560 1265.2
1324570 1270.9
1324580 1270.9
1324590 1276.0
1324600 1280.3
1324610 1280.3
1324620 1284.8
1324630 1289.8
1324640 1289.8
1324650 1295.2
1324660 1300.2
1324670 1304.4
1324680 1304.4
1324690 1307.9
1324700 1312.1
1324710 1312.1
1324720 1317.0
1324730 1321.5
1324740 1321.5
1324750 1324.3
1324760 1327.3
1324770 1327.3
1324780 1331.8
1324790 1339.6
1324800 1339.6
1324810 1346.1
1324820 1351.9
1324830 1351.9
1324840 1357.2
1324850 1361.7
1324860 1361.7
1324870 1366.1
1324880 1369.6
1324890 1369.6
1324900 1373.5
1324910 1377.4
1324920 1377.4
1324930 1381.8
1324940 1385.9
1324950 1389.6
1324960 1389.6
1324970 1393.8
1324980 1398.1
1324990 1398.1
1325000 1402.4
1325010 1406.5
1325020 1406.5
1325030 1410.3
1325040 1414.7
1325050 1414.7
1325060 1418.7
1325070 1422.8
1325080 1422.8
1325090 1426.5
1325100 1430.5
1325110 1430.5
1325120 1435.6
1325130 1440.7
1325140 1440.7
1325150 1444.4
1325160 1445.3
1325170 1445.3
1325180 1444.5
1325190 1443.7
1325200 1443.7
1325210 1443.2
1325220 1442.5
1325230 1442.5
1325240 1442.5
1325250 1442.4
1325260 1442.2
1325270 1442.2
1325280 1443.3
1325290 1445.0
1325300 1445.0
1325310 1447.0
1325320 1448.7
1325330 1448.7
1325340 1454.9
1325350 1456.2
1325360 1456.2
1325370 1457.9
1325380 1459.7
1325390 1459.7
1325400 1461.9
1325410 1463.5
1325420 1463.5
1325430 1465.5
1325440 1466.8
1325450 1466.8
1325460 1467.4
1325470 1468.0
1325480 1468.0
1325490 1467.6
1325500 1465.8
1325510 1465.8
1325520 1463.5
1325530 1465.7
1325540 1469.2
1325550 1469.2
1325560 1469.4
1325570 1469.0
1325580 1469.0
1325590 1469.4
1325600 1473.8
1325610 1473.8
1325620 1477.3
1325630 1478.6
1325640 1478.6
1325650 1478.6
1325660 1477.9
1325670 1477.9
1325680 1478.7
1325690 1477.0
1325700 1477.0
1325710 1476.6
1325720 1480.8
1325730 1480.8
1325740 1482.2
1325750 1480.9
1325760 1480.9
1325770 1486.2
1325780 1489.9
1325790 1489.9
1325800 1485.9
1325810 1487.0
1325820 1492.4
1325830 1492.4
1325840 1493.0
1325850 1490.0
1325860 1490.0
1325870 1491.1
1325880 1494.4
1325890 1494.4
1325900 1495.8
1325910 1495.1
1325920 1495.1
1325930 1491.5
1325940 1486.8
1325950 1486.8
1325960 1490.5
1325970 1497.7
1325980 1497.7
1325990 1505.1
1326000 1511.5
1326010 1511.5
1326020 1517.2
1326030 1523.5
1326040 1523.5
1326050 1530.6
1326060 1535.8
1326070 1535.8
1326080 1539.8
1326090 1543.2
1326100 1547.8
1326110 1547.8
1326120 1553.8
1326130 1558.8
1326140 1557.0
1326150 1560.3
1326160 1565.9
1326170 1565.9
1326180 1572.2
1326190 1578.3
1326200 1578.3
1326210 1585.1
1326220 1591.5
1326230 1591.5
1326240 1598.6
1326250 1606.4
1326260 1606.4
1326270 1613.6
1326280 1620.4
1326290 1620.4
1326300 1627.3
1326310 1633.5
1326320 1633.5
1326330 1638.6
1326340 1643.8
1326350 1643.8
1326360 1648.9
1326370 1654.2
1326380 1659.0
1326390 1659.0
1326400 1663.5
1326410 1670.4
1326420 1670.4
1326430 1676.0
1326440 1681.3
1326450 1681.3
1326460 1687.8
1326470 1694.5
1326480 1694.5
1326490 1700.5
1326500 1707.0
1326510 1707.0
1326520 1712.7
1326530 1717.6
1326540 1717.6
1326550 1724.7
1326560 1729.6
1326570 1729.6
1326580 1732.7
1326590 1734.8
1326600 1734.8
1326610 1737.1
1326620 1739.1
1326630 1739.1
1326640 1741.4
1326650 1744.7
1326660 1750.3
1326670 1750.3
1326680 1757.0
1326690 1759.6
1326700 1759.6
1326710 1761.1
1326720 1764.2
1326730 1764.2
1326740 1767.9
1326750 1771.0
1326760 1771.0
1326770 1773.8
1326780 1777.1
1326790 1777.1
1326800 1780.4
1326810 1783.8
1326820 1783.8
1326830 1787.9
1326840 1792.4
1326850 1792.4
1326860 1796.5
1326870 1800.8
1326880 1800.8
1326890 1803.8
1326900 1806.8
1326910 1806.8
1326920 1811.2
1326930 1815.2
1326940 1819.5
1326950 1820.1
1326960 1825.6
1326970 1830.4
1326980 1830.4
1326990 1835.7
1327000 1841.2
1327010 1841.2
1327020 1845.6
1327030 1851.8
1327040 1851.8
1327050 1858.3
1327060 1862.9
1327070 1862.9
1327080 1867.4
1327090 1872.2
1327100 1872.2
1327110 1878.0
1327120 1884.8
1327130 1884.8
1327140 1892.0
1327150 1898.0
1327160 1898.0
1327170 1902.4
1327180 1905.1
1327190 1905.1
1327200 1907.3
1327210 1910.9
1327220 1917.7
1327230 1917.7
1327240 1926.8
1327250 1935.1
1327260 1935.1
1327270 1940.6
1327280 1947.6
1327290 1947.6
1327300 1955.3
1327310 1961.7
1327320 1961.7
1327330 1968.0
1327340 1974.9
1327350 1974.9
1327360 1981.9
1327370 1986.9
1327380 1986.9
1327390 1991.4
1327400 1997.5
1327410 1997.5
1327420 2004.8
1327430 2009.2
1327440 2009.2
1327450 2013.6
1327460 2017.7
1327470 2017.7
1327480 2021.2
1327490 2024.9
1327500 2027.9
1327510 2027.9
1327520 2031.6
1327530 2034.6
1327540 2034.6
1327550 2036.5
1327560 2041.5
1327570 2041.5
1327580 2046.6
1327590 2048.0
1327600 2048.0
1327610 2050.0
1327620 2051.8
1327630 2051.8
1327640 2047.8
1327650 2041.7
1327660 2041.7
1327670 2034.3
1327680 2026.3
1327690 2026.3
1327700 2019.5
1327710 2014.3
1327720 2014.3
1327730 2008.0
1327740 2000.2
1327750 2000.2
1327760 1991.5
1327770 1982.9
1327780 1974.1
1327790 1974.1
1327800 1966.2
1327810 1960.7
1327820 1960.7
1327830 1955.6
1327840 1951.5
1327850 1951.5
1327860 1949.5
1327870 1947.2
1327880 1947.2
1327890 1943.1
1327900 1937.3
1327910 1937.3
1327920 1931.4
1327930 1926.5
1327940 1926.5
1327950 1921.5
1327960 1917.6
1327970 1917.6
1327980 1913.4
1327990 1908.3
1328000 1908.3
1328010 1902.7
1328020 1896.1
1328030 1896.1
1328040 1889.3
1328050 1883.9
1328060 1881.0
1328070 1881.0
1328080 1877.6
1328090 1874.8
1328100 1874.8
1328110 1870.5
1328120 1866.0
1328130 1866.0
1328140 1862.8
1328150 1860.1
1328160 1860.1
1328170 1857.6
1328180 1853.8
1328190 1853.8
1328200 1849.8
1328210 1845.6
1328220 1845.6
1328230 1842.6
1328240 1839.3
1328250 1839.3
1328260 1834.0
1328270 1828.6
1328280 1828.6
1328290 1823.8
1328300 1819.8
1328310 1819.8
1328320 1816.1
1328330 1812.7
1328340 1812.7
1328350 1809.1
1328360 1805.8
1328370 1802.4
1328380 1802.4
1328390 1797.4
1328400 1791.8
1328410 1791.8
1328420 1786.8
1328430 1781.6
1328440 1781.6
1328450 1776.5
1328460 1772.8
1328470 1772.8
1328480 1770.2
1328490 1767.0
1328500 1767.0
1328510 1762.6
1328520 1757.9
1328530 1757.9
1328540 1752.2
1328550 1746.2
1328560 1746.2
1328570 1741.1
1328580 1738.3
1328590 1738.3
1328600 1734.8
1328610 1730.7
1328620 1730.7
1328630 1727.0
1328640 1720.5
1328650 1713.5
1328660 1713.5
1328670 1707.3
1328680 1703.1
1328690 1703.1
1328700 1699.0
1328710 1693.5
1328720 1693.5
1328730 1690.8
1328740 1687.5
1328750 1687.5
1328760 1683.6
1328770 1678.5
1328780 1678.5
1328790 1673.4
1328800 1668.9
1328810 1668.9
1328820 1664.8
1328830 1659.7
1328840 1659.7
1328850 1652.9
1328860 1645.5
1328870 1645.5
1328880 1640.4
1328890 1636.2
1328900 1636.2
1328910 1631.7
1328920 1627.2
1328930 1624.1
1328940 1624.1
1328950 1620.8
1328960 1616.3
1328970 1616.3
1328980 1610.1
1328990 1603.7
1329000 1603.7
1329010 1598.9
1329020 1595.0
1329030 1595.0
1329040 1591.0
1329050 1586.2
1329060 1586.2
1329070 1580.5
1329080 1576.3
1329090 1576.3
1329100 1573.6
1329110 1569.4
1329120 1569.4
1329130 1563.6
1329140 1557.3
1329150 1557.3
1329160 1550.0
1329170 1543.8
1329180 1543.8
1329190 1539.0
1329200 1536.1
1329210 1532.9
1329220 1532.9
1329230 1528.2
1329240 1522.6
1329250 1522.6
1329260 1517.3
1329270 1512.4
1329280 1512.4
1329290 1508.1
1329300 1503.5
1329310 1503.5
1329320 1498.2
1329330 1492.1
1329340 1492.1
1329350 1486.9
1329360 1481.7
1329370 1481.7
1329380 1476.8
1329390 1469.3
1329400 1469.3
1329410 1463.7
1329420 1457.4
1329430 1457.4
1329440 1452.4
1329450 1449.0
1329460 1449.0
1329470 1446.1
1329480 1442.5
1329490 1438.4
1329500 1438.4
1329510 1433.3
1329520 1427.4
1329530 1427.4
1329540 1421.4
1329550 1415.6
1329560 1415.6
1329570 1409.5
1329580 1402.2
1329590 1402.2
1329600 1394.6
1329610 1387.8
1329620 1387.8
1329630 1381.7
1329640 1375.8
1329650 1375.8
1329660 1370.3
1329670 1364.9
1329680 1364.9
1329690 1359.6
1329700 1354.5
1329710 1354.5
1329720 1349.4
1329730 1344.7
1329740 1344.7
1329750 1340.1
1329760 1335.2
1329770 1330.1
1329780 1330.1
1329790 1325.4
1329800 1320.7
1329810 1320.7
1329820 1316.1
1329830 1311.4
1329840 1311.4
1329850 1307.6
1329860 1303.7
1329870 1303.7
1329880 1299.5
1329890 1295.0
1329900 1295.0
1329910 1291.0
1329920 1288.5
1329930 1288.5
1329940 1287.1
1329950 1285.9
1329960 1285.9
1329970 1284.6
1329980 1284.3
1329990 1284.3
1330000 1283.9
1330010 1282.5
1330020 1282.5
1330030 1281.7
1330040 1280.7
1330050 1280.1
1330060 1280.1
1330070 1279.7
1330080 1279.3
1330090 1279.3
1330100 1278.9
1330110 1277.7
1330120 1277.7
1330130 1277.1
1330140 1277.8
1330150 1277.8
1330160 1278.5
1330170 1283.7
1330180 1283.7
1330190 1288.4
1330200 1290.9
1330210 1290.9
1330220 1293.6
1330230 1295.9
1330240 1295.9
1330250 1298.4
1330260 1301.1
1330270 1301.1
1330280 1303.6
1330290 1306.5
1330300 1306.5
1330310 1309.6
1330320 1312.4
1330330 1315.3
1330340 1315.3
1330350 1318.3
1330360 1321.1
1330370 1321.1
1330380 1324.1
1330390 1326.8
1330400 1326.8
1330410 1329.3
1330420 1332.4
1330430 1332.4
1330440 1335.6
1330450 1338.6
1330460 1338.6
1330470 1341.6
1330480 1344.2
1330490 1344.2
1330500 1346.7
1330510 1349.6
1330520 1349.6
1330530 1352.8
1330540 1355.4
1330550 1355.4
1330560 1357.9
1330570 1360.9
1330580 1360.9
1330590 1364.9
1330600 1369.5
1330610 1374.3
1330620 1374.3
1330630 1378.7
1330640 1383.4
1330650 1383.4
1330660 1388.0
1330670 1392.3
1330680 1392.3
1330690 1396.6
1330700 1401.5
1330710 1401.5
1330720 1406.0
1330730 1411.0
1330740 1411.0
1330750 1415.8
1330760 1420.9
1330770 1420.9
1330780 1426.1
1330790 1431.6
1330800 1431.6
1330810 1438.1
1330820 1444.9
1330830 1444.9
1330840 1451.6
1330850 1458.8
1330860 1458.8
1330870 1465.9
1330880 1472.3
1330890 1478.6
1330900 1478.6
1330910 1484.5
1330920 1489.5
1330930 1489.5
1330940 1493.9
1330950 1498.7
1330960 1498.7
1330970 1504.5
1330980 1510.0
1330990 1510.0
1331000 1515.1
1331010 1520.2
1331020 1520.2
1331030 1525.1
1331040 1530.6
1331050 1532.3
1331060 1538.0
1331070 1543.4
1331080 1543.4
1331090 1549.2
1331100 1554.9
1331110 1554.9
1331120 1560.3
1331130 1566.3
1331140 1566.3
1331150 1572.4
1331160 1577.4
1331170 1577.4
1331180 1582.1
1331190 1587.7
1331200 1593.7
1331210 1593.7
1331220 1599.1
1331230 1604.5
1331240 1604.5
1331250 1609.7
1331260 1614.8
1331270 1614.8
1331280 1619.4
1331290 1625.7
1331300 1625.7
1331310 1633.0
1331320 1639.8
1331330 1639.8
1331340 1646.8
1331350 1653.0
1331360 1653.0
1331370 1658.7
1331380 1665.8
1331390 1665.8
1331400 1672.7
1331410 1677.0
1331420 1677.0
1331430 1680.6
1331440 1685.5
1331450 1685.5
1331460 1688.9
1331470 1692.0
1331480 1695.4
1331490 1695.4
1331500 1699.6
1331510 1704.0
1331520 1704.0
1331530 1708.1
1331540 1711.8
1331550 1711.8
1331560 1717.2
1331570 1724.6
1331580 1724.6
1331590 1731.7
1331600 1737.8
1331610 1737.8
1331620 1745.8
1331630 1754.4
1331640 1754.4
1331650 1761.6
1331660 1770.4
1331670 1770.4
1331680 1779.8
1331690 1787.6
1331700 1787.6
1331710 1794.7
1331720 1802.3
1331730 1802.3
1331740 1809.6
1331750 1816.3
1331760 1823.0
1331770 1823.0
1331780 1830.4
1331790 1838.5
1331800 1838.5
1331810 1843.9
1331820 1851.6
1331830 1851.6
1331840 1858.5
1331850 1864.0
1331860 1864.0
1331870 1868.8
1331880 1873.4
1331890 1873.4
1331900 1878.9
1331910 1883.8
1331920 1883.8
1331930 1889.7
1331940 1895.2
1331950 1895.2
1331960 1900.8
1331970 1906.7
1331980 1906.7
1331990 1911.6
1332000 1916.4
1332010 1916.4
1332020 1921.6
1332030 1928.0
1332040 1936.1
1332050 1936.1
1332060 1943.7
1332070 1945.9
1332080 1945.9
1332090 1945.8
1332100 1949.1
1332110 1949.1
1332120 1946.3
1332130 1942.3
1332140 1942.3
1332150 1941.8
1332160 1941.2
1332170 1941.2
1332180 1937.6
1332190 1930.8
1332200 1930.8
1332210 1924.6
1332220 1917.0
1332230 1917.0
1332240 1910.3
1332250 1905.1
1332260 1905.1
1332270 1900.4
1332280 1894.7
1332290 1894.7
1332300 1887.4
1332310 1880.4
1332320 1874.5
1332330 1874.5
1332340 1869.0
1332350 1864.3
1332360 1864.3
1332370 1860.5
1332380 1856.9
1332390 1856.9
1332400 1852.9
1332410 1850.0
1332420 1850.0
1332430 1847.1
1332440 1844.1
1332450 1844.1
1332460 1838.1
1332470 1830.3
1332480 1830.3
1332490 1822.2
1332500 1814.6
1332510 1814.6
1332520 1806.8
1332530 1799.8
1332540 1799.8
1332550 1794.8
1332560 1790.3
1332570 1790.3
1332580 1785.3
1332590 1779.0
1332600 1771.7
1332610 1771.7
1332620 1769.0
1332630 1765.4
1332640 1765.4
1332650 1760.2
1332660 1754.9
1332670 1754.9
1332680 1749.4
1332690 1742.7
1332700 1742.7
1332710 1735.9
1332720 1732.3
1332730 1732.3
1332740 1725.9
1332750 1719.5
1332760 1719.5
1332770 1712.9
1332780 1706.1
1332790 1706.1
1332800 1699.6
1332810 1693.6
1332820 1693.6
1332830 1687.1
1332840 1680.8
1332850 1680.8
1332860 1674.2
1332870 1667.9
1332880 1662.2
1332890 1662.2
1332900 1656.7
1332910 1651.0
1332920 1651.0
1332930 1647.0
1332940 1644.6
1332950 1644.6
1332960 1642.0
1332970 1639.6
1332980 1639.6
1332990 1637.9
1333000 1635.9
1333010 1635.9
1333020 1634.4
1333030 1633.6
1333040 1633.6
1333050 1633.1
1333060 1632.9
1333070 1632.9
1333080 1633.9
1333090 1634.6
1333100 1634.6
1333110 1635.6
1333120 1636.9
1333130 1636.9
1333140 1641.0
1333150 1646.4
1333160 1651.6
1333170 1651.6
1333180 1656.6
1333190 1660.4
1333200 1660.4
1333210 1663.3
1333220 1667.4
1333230 1667.4
1333240 1673.1
1333250 1677.9
1333260 1677.9
1333270 1682.6
1333280 1687.8
1333290 1687.8
1333300 1693.0
1333310 1698.9
1333320 1698.9
1333330 1704.5
1333340 1711.0
1333350 1711.0
1333360 1716.9
1333370 1722.8
1333380 1722.8
1333390 1728.4
1333400 1734.1
1333410 1734.1
1333420 1739.9
1333430 1745.6
1333440 1751.6
1333450 1751.6
1333460 1758.0
1333470 1764.3
1333480 1764.3
1333490 1770.9
1333500 1777.2
1333510 1777.2
1333520 1783.3
1333530 1789.6
1333540 1789.6
1333550 1796.4
1333560 1803.9
1333570 1803.9
1333580 1811.5
1333590 1818.9
1333600 1818.9
1333610 1826.4
1333620 1834.3
1333630 1834.3
1333640 1840.8
1333650 1847.3
1333660 1847.3
1333670 1855.5
1333680 1864.3
1333690 1864.3
1333700 1873.4
1333710 1881.9
1333720 1890.3
1333730 1890.3
1333740 1899.0
1333750 1909.4
1333760 1909.4
1333770 1920.1
1333780 1928.6
1333790 1928.6
1333800 1936.4
1333810 1944.4
1333820 1944.4
1333830 1951.5
1333840 1959.1
1333850 1959.1
1333860 1966.8
1333870 1973.9
1333880 1973.9
1333890 1982.1
1333900 1987.8
1333910 1987.8
1333920 1986.6
1333930 1981.5
1333940 1981.5
1333950 1975.4
1333960 1969.5
1333970 1969.5
1333980 1964.1
1333990 1955.8
1334000 1955.8
1334010 1947.2
1334020 1934.6
1334030 1924.3
1334040 1924.3
1334050 1913.2
1334060 1904.0
1334070 1904.0
1334080 1898.9
1334090 1895.4
1334100 1895.4
1334110 1894.2
1334120 1890.2
1334130 1890.2
1334140 1887.1
1334150 1885.2
1334160 1885.2
1334170 1884.0
1334180 1880.9
1334190 1880.9
1334200 1878.0
1334210 1874.7
1334220 1874.7
1334230 1870.7
1334240 1866.6
1334250 1866.6
1334260 1863.4
1334270 1860.8
1334280 1860.8
1334290 1855.4
1334300 1850.3
1334310 1844.0
1334320 1844.0
1334330 1839.1
1334340 1835.1
1334350 1835.1
1334360 1833.1
1334370 1831.4
1334380 1831.4
1334390 1829.0
1334400 1826.4
1334410 1826.3
1334420 1822.8
1334430 1818.8
1334440 1818.8
1334450 1814.7
1334460 1808.9
1334470 1808.9
1334480 1804.3
1334490 1799.2
1334500 1799.2
1334510 1793.5
1334520 1788.1
1334530 1788.1
1334540 1783.6
1334550 1779.1
1334560 1779.1
1334570 1774.4
1334580 1767.5
1334590 1759.1
1334600 1759.1
1334610 1753.2
1334620 1751.1
1334630 1751.1
1334640 1750.1
1334650 1747.2
1334660 1747.2
1334670 1741.4
1334680 1737.3
1334690 1737.3
1334700 1733.2
1334710 1728.9
1334720 1728.9
1334730 1723.5
1334740 1717.6
1334750 1717.6
1334760 1711.5
1334770 1706.2
1334780 1706.2
1334790 1701.6
1334800 1697.7
1334810 1697.7
1334820 1692.0
1334830 1687.0
1334840 1687.0
1334850 1682.8
1334860 1677.2
1334870 1671.5
1334880 1671.5
1334890 1664.9
1334900 1659.9
1334910 1659.9
1334920 1656.1
1334930 1652.9
1334940 1652.9
1334950 1649.5
1334960 1645.7
1334970 1645.7
1334980 1640.5
1334990 1634.6
1335000 1634.6
1335010 1629.0
1335020 1624.5
1335030 1624.5
1335040 1619.5
1335050 1613.6
1335060 1613.6
1335070 1607.7
1335080 1602.6
1335090 1602.6
1335100 1596.8
1335110 1588.5
1335120 1588.5
1335130 1580.0
1335140 1572.6
1335150 1565.6
1335160 1565.6
1335170 1559.4
1335180 1553.7
1335190 1553.7
1335200 1548.4
1335210 1543.2
1335220 1543.2
1335230 1538.3
1335240 1534.0
1335250 1534.0
1335260 1529.9
1335270 1526.2
1335280 1526.2
1335290 1522.4
1335300 1518.7
1335310 1518.7
1335320 1514.8
1335330 1510.0
1335340 1510.0
1335350 1505.6
1335360 1500.5
1335370 1500.5
1335380 1494.6
1335390 1488.9
1335400 1488.9
1335410 1485.7
1335420 1482.6
1335430 1479.5
1335440 1479.5
1335450 1475.0
1335460 1468.8
1335470 1468.8
1335480 1461.8
1335490 1453.2
1335500 1453.2
1335510 1447.4
1335520 1444.7
1335530 1444.7
1335540 1441.5
1335550 1438.6
1335560 1438.6
1335570 1437.7
1335580 1438.5
1335590 1438.5
1335600 1439.8
1335610 1439.7
1335620 1439.7
1335630 1438.0
1335640 1437.2
1335650 1437.2
1335660 1437.2
1335670 1437.2
1335680 1437.2
1335690 1436.0
1335700 1434.4
1335710 1433.3
1335720 1433.3
1335730 1433.2
1335740 1428.1
1335750 1428.1
1335760 1421.0
1335770 1415.2
1335780 1415.2
1335790 1417.4
1335800 1425.8
1335810 1425.8
1335820 1431.5
1335830 1432.8
1335840 1432.8
1335850 1433.4
1335860 1433.7
1335870 1433.7
1335880 1433.9
1335890 1432.7
1335900 1432.7
1335910 1434.0
1335920 1434.7
1335930 1434.7
1335940 1433.2
1335950 1431.9
1335960 1431.9
1335970 1432.5
1335980 1434.0
1335990 1435.6
1336000 1435.6
1336010 1437.5
1336020 1439.4
1336030 1439.4
1336040 1441.6
1336050 1443.8
1336060 1443.8
1336070 1446.1
1336080 1448.3
1336090 1448.3
1336100 1451.7
1336110 1455.7
1336120 1455.7
1336130 1459.6
1336140 1463.9
1336150 1463.9
1336160 1470.1
1336170 1476.9
1336180 1476.9
1336190 1484.5
1336200 1491.7
1336210 1491.7
1336220 1498.7
1336230 1505.7
1336240 1505.7
1336250 1513.6
1336260 1522.2
1336270 1530.2
1336280 1530.2
1336290 1537.3
1336300 1544.2
1336310 1544.2
1336320 1551.0
1336330 1557.2
1336340 1557.2
1336350 1563.7
1336360 1570.5
1336370 1570.5
1336380 1577.8
1336390 1584.9
1336400 1584.9
1336410 1591.5
1336420 1597.7
1336430 1597.7
1336440 1603.2
1336450 1608.8
1336460 1608.8
1336470 1613.8
1336480 1619.8
1336490 1619.8
1336500 1626.5
1336510 1633.6
1336520 1633.6
1336530 1638.7
1336540 1644.1
1336550 1648.2
1336560 1648.2
1336570 1652.5
1336580 1657.4
1336590 1657.4
1336600 1662.7
1336610 1667.6
1336620 1667.6
1336630 1672.2
1336640 1676.3
1336650 1676.3
1336660 1679.7
1336670 1683.4
1336680 1683.4
1336690 1687.5
1336700 1692.1
1336710 1692.1
1336720 1696.6
1336730 1699.3
1336740 1699.3
1336750 1701.8
1336760 1705.9
1336770 1705.9
1336780 1710.0
1336790 1714.5
1336800 1714.5
1336810 1717.6
1336820 1719.7
1336830 1720.9
1336840 1720.9
1336850 1724.2
1336860 1726.4
1336870 1726.4
1336880 1728.2
1336890 1730.2
1336900 1730.2
1336910 1732.0
1336920 1733.1
1336930 1733.1
1336940 1735.1
1336950 1738.4
1336960 1738.4
1336970 1742.1
1336980 1747.4
1336990 1747.4
1337000 1751.4
1337010 1755.3
1337020 1755.3
1337030 1758.2
1337040 1762.2
1337050 1762.2
1337060 1765.8
1337070 1769.0
1337080 1769.0
1337090 1772.7
1337100 1776.4
1337110 1776.4
1337120 1780.7
1337130 1785.6
1337140 1790.4
1337150 1790.4
1337160 1794.9
1337170 1799.1
1337180 1799.1
1337190 1802.6
1337200 1806.2
1337210 1806.2
1337220 1809.2
1337230 1811.9
1337240 1811.9
1337250 1814.2
1337260 1816.6
1337270 1816.6
1337280 1819.9
1337290 1822.2
1337300 1822.2
1337310 1823.7
1337320 1825.5
1337330 1825.5
1337340 1827.8
1337350 1829.8
1337360 1829.8
1337370 1832.2
1337380 1834.2
1337390 1834.2
1337400 1837.1
1337410 1842.5
1337420 1848.5
1337430 1848.5
1337440 1854.6
1337450 1861.1
1337460 1861.1
1337470 1866.7
1337480 1873.3
1337490 1873.3
1337500 1879.3
1337510 1883.6
1337520 1883.6
1337530 1887.6
1337540 1891.3
1337550 1891.3
1337560 1894.4
1337570 1897.3
1337580 1897.3
1337590 1899.7
1337600 1902.7
1337610 1902.7
1337620 1906.8
1337630 1911.1
1337640 1911.1
1337650 1914.9
1337660 1918.3
1337670 1918.3
1337680 1921.5
1337690 1924.5
1337700 1928.0
1337710 1928.0
1337720 1932.7
1337730 1938.4
1337740 1938.4
1337750 1943.8
1337760 1948.9
1337770 1948.9
1337780 1953.2
1337790 1958.7
1337800 1958.7
1337810 1965.7
1337820 1973.1
1337830 1973.1
1337840 1981.9
1337850 1988.7
1337860 1988.7
1337870 1994.4
1337880 1995.8
1337890 1995.8
1337900 1994.9
1337910 1993.3
1337920 1993.3
1337930 1991.9
1337940 1990.2
1337950 1990.2
1337960 1988.7
1337970 1988.3
1337980 1988.7
1337990 1988.7
1338000 1989.4
1338010 1990.3
1338020 1990.3
1338030 1991.4
1338040 1992.6
1338050 1992.6
1338060 1993.7
1338070 1995.1
1338080 1995.1
1338090 1996.5
1338100 1997.9
1338110 1997.9
1338120 1999.3
1338130 2000.7
1338140 2000.7
1338150 2002.1
1338160 2003.8
1338170 2003.8
1338180 2007.0
1338190 2011.9
1338200 2011.9
1338210 2015.8
1338220 2018.5
1338230 2018.5
1338240 2020.4
1338250 2022.8
1338260 2025.7
1338270 2025.7
1338280 2029.8
1338290 2034.3
1338300 2034.3
1338310 2038.6
1338320 2045.7
1338330 2045.7
1338340 2051.5
1338350 2057.5
1338360 2057.5
1338370 2063.8
1338380 2067.4
1338390 2067.4
1338400 2071.0
1338410 2074.4
1338420 2074.4
1338430 2078.1
1338440 2082.1
1338450 2082.1
1338460 2085.6
1338470 2087.3
1338480 2087.3
1338490 2088.4
1338500 2089.7
1338510 2089.7
1338520 2091.2
1338530 2091.9
1338540 2091.9
1338550 2091.9
1338560 2092.5
1338570 2093.8
1338580 2093.8
1338590 2095.7
1338600 2096.9
1338610 2096.9
1338620 2098.8
1338630 2101.5
1338640 2101.5
1338650 2104.6
1338660 2106.8
1338670 2106.8
1338680 2109.2
1338690 2111.9
1338700 2111.9
1338710 2120.2
1338720 2123.8
1338730 2123.8
1338740 2128.9
1338750 2134.5
1338760 2134.5
1338770 2140.1
1338780 2148.0
1338790 2148.0
1338800 2159.7
1338810 2170.2
1338820 2171.3
1338830 2171.3
1338840 2163.0
1338850 2152.8
1338860 2152.8
1338870 2143.5
1338880 2135.0
1338890 2135.0
1338900 2126.0
1338910 2116.1
1338920 2116.1
1338930 2103.8
1338940 2090.5
1338950 2090.5
1338960 2080.8
1338970 2069.9
1338980 2069.9
1338990 2060.9
1339000 2054.0
1339010 2054.0
1339020 2047.5
1339030 2041.5
1339040 2041.5
1339050 2035.8
1339060 2030.3
1339070 2030.3
1339080 2025.3
1339090 2020.8
1339100 2016.8
1339110 2016.8
1339120 2013.1
1339130 2009.8
1339140 2009.8
1339150 2006.5
1339160 2003.9
1339170 2003.9
1339180 2001.2
1339190 1999.6
1339200 1999.6
1339210 2000.2
1339220 2000.5
1339230 2000.5
1339240 1999.5
1339250 1996.9
1339260 1996.9
1339270 1993.4
1339280 1989.6
1339290 1989.6
1339300 1986.0
1339310 1982.7
1339320 1982.7
1339330 1979.9
1339340 1977.4
1339350 1977.4
1339360 1975.2
1339370 1972.5
1339380 1969.5
1339390 1969.5
1339400 1967.7
1339410 1967.3
1339420 1967.3
1339430 1966.9
1339440 1965.2
1339450 1965.2
1339460 1962.1
1339470 1958.2
1339480 1958.2
1339490 1954.5
1339500 1951.5
1339510 1951.5
1339520 1948.7
1339530 1946.4
1339540 1946.4
1339550 1944.1
1339560 1941.0
1339570 1941.0
1339580 1937.8
1339590 1933.5
1339600 1933.5
1339610 1932.3
1339620 1931.9
1339630 1931.9
1339640 1931.7
1339650 1931.1
1339660 1929.3
1339670 1929.3
1339680 1924.9
1339690 1919.5
1339700 1919.5
1339710 1917.5
1339720 1917.1
1339730 1917.1
1339740 1913.6
1339750 1908.4
1339760 1908.4
1339770 1900.5
1339780 1892.4
1339790 1892.4
1339800 1885.4
1339810 1879.2
1339820 1879.2
1339830 1873.0
1339840 1867.2
1339850 1867.2
1339860 1861.6
1339870 1856.5
1339880 1856.5
1339890 1852.7
1339900 1846.9
1339910 1846.9
1339920 1838.4
1339930 1827.5
1339940 1819.1
1339950 1819.1
1339960 1813.6
1339970 1809.0
1339980 1809.0
1339990 1803.5
