1320000 531.6
1320010 531.5
1320020 531.5
1320030 531.4
1320040 531.4
1320050 531.4
1320060 531.6
1320070 531.6
1320080 531.6
1320090 531.7
1320100 531.6
1320110 531.6
1320120 531.6
1320130 531.5
1320140 531.5
1320150 531.4
1320160 531.0
1320170 531.0
1320180 531.3
1320190 531.5
1320200 531.5
1320210 531.5
1320220 531.6
1320230 531.6
1320240 531.7
1320250 531.7
1320260 531.7
1320270 531.8
1320280 531.9
1320290 532.0
1320300 532.0
1320310 532.0
1320320 531.9
1320330 531.9
1320340 531.9
1320350 532.0
1320360 532.0
1320370 532.1
1320380 532.3
1320390 532.3
1320400 532.0
1320410 531.9
1320420 531.9
1320430 531.9
1320440 532.0
1320450 532.0
1320460 532.0
1320470 532.0
1320480 532.0
1320490 532.0
1320500 532.1
1320510 532.1
1320520 532.5
1320530 532.5
1320540 532.5
1320550 532.6
1320560 532.8
1320570 532.2
1320580 532.2
1320590 532.3
1320600 531.9
1320610 531.9
1320620 532.2
1320630 532.4
1320640 532.4
1320650 532.6
1320660 532.7
1320670 532.7
1320680 532.8
1320690 532.9
1320700 532.9
1320710 533.1
1320720 533.5
1320730 533.5
1320740 533.9
1320750 532.9
1320760 532.9
1320770 531.7
1320780 531.6
1320790 531.6
1320800 531.6
1320810 531.6
1320820 531.6
1320830 532.4
1320840 533.6
1320850 533.5
1320860 533.5
1320870 533.2
1320880 533.1
1320890 533.1
1320900 533.0
1320910 532.9
1320920 532.9
1320930 532.8
1320940 532.7
1320950 532.7
1320960 532.7
1320970 532.8
1320980 532.8
1320990 532.8
1321000 532.8
1321010 532.8
1321020 532.8
1321030 532.6
1321040 532.6
1321050 532.6
1321060 532.7
1321070 532.7
1321080 532.6
1321090 532.6
1321100 532.6
1321110 532.6
1321120 532.3
1321130 532.8
1321140 532.8
1321150 532.8
1321160 532.8
1321170 532.8
1321180 533.0
1321190 532.7
1321200 532.7
1321210 535.5
1321220 538.1
1321230 538.1
1321240 542.1
1321250 548.9
1321260 548.9
1321270 556.1
1321280 561.6
1321290 561.6
1321300 566.9
1321310 573.3
1321320 573.3
1321330 580.4
1321340 586.8
1321350 586.8
1321360 591.3
1321370 595.3
1321380 595.3
1321390 600.2
1321400 605.9
1321410 611.9
1321420 611.9
1321430 618.6
1321440 622.6
1321450 622.6
1321460 625.6
1321470 629.4
1321480 629.4
1321490 633.2
1321500 636.7
1321510 636.7
1321520 640.3
1321530 643.8
1321540 643.8
1321550 646.8
1321560 649.7
1321570 649.7
1321580 652.3
1321590 654.5
1321600 654.5
1321610 656.8
1321620 659.1
1321630 659.1
1321640 661.7
1321650 664.5
1321660 664.5
1321670 667.4
1321680 670.3
1321690 670.3
1321700 673.7
1321710 676.7
1321720 678.5
1321730 678.5
1321740 680.3
1321750 681.5
1321760 681.5
1321770 684.0
1321780 686.3
1321790 686.3
1321800 689.1
1321810 690.9
1321820 690.9
1321830 693.5
1321840 696.1
1321850 696.1
1321860 698.9
1321870 701.3
1321880 701.3
1321890 703.6
1321900 706.4
1321910 706.4
1321920 709.0
1321930 711.4
1321940 711.4
1321950 713.8
1321960 715.9
1321970 715.9
1321980 717.9
1321990 721.1
1322000 725.3
1322010 725.3
1322020 729.0
1322030 732.1
1322040 732.1
1322050 735.0
1322060 737.6
1322070 737.6
1322080 739.8
1322090 741.6
1322100 741.6
1322110 743.3
1322120 745.6
1322130 745.6
1322140 748.4
1322150 751.1
1322160 751.1
1322170 754.1
1322180 756.9
1322190 756.9
1322200 760.2
1322210 765.1
1322220 765.1
1322230 769.8
1322240 774.9
1322250 774.9
1322260 780.6
1322270 786.3
1322280 791.3
1322290 791.3
1322300 795.3
1322310 799.4
1322320 799.4
1322330 802.8
1322340 805.6
1322350 805.6
1322360 808.1
1322370 809.6
1322380 809.6
1322390 810.6
1322400 811.9
1322410 811.9
1322420 814.4
1322430 818.1
1322440 818.1
1322450 822.1
1322460 826.1
1322470 826.1
1322480 828.7
1322490 829.7
1322500 829.7
1322510 831.1
1322520 832.8
1322530 832.8
1322540 835.8
1322550 840.9
1322560 847.5
1322570 847.5
1322580 851.8
1322590 856.7
1322600 858.6
1322610 863.3
1322620 866.3
1322630 866.3
1322640 867.4
1322650 868.5
1322660 868.5
1322670 869.6
1322680 871.0
1322690 871.0
1322700 873.1
1322710 876.0
1322720 876.0
1322730 878.6
1322740 881.3
1322750 881.3
1322760 884.1
1322770 886.6
1322780 886.6
1322790 890.0
1322800 895.7
1322810 895.7
1322820 902.0
1322830 907.9
1322840 912.6
1322850 912.6
1322860 915.0
1322870 918.2
1322880 918.2
1322890 923.3
1322900 929.8
1322910 929.8
1322920 936.3
1322930 943.3
1322940 943.3
1322950 948.7
1322960 952.4
1322970 952.4
1322980 957.7
1322990 964.4
1323000 964.4
1323010 969.8
1323020 973.7
1323030 973.7
1323040 977.8
1323050 983.1
1323060 983.1
1323070 988.2
1323080 993.9
1323090 993.9
1323100 999.1
1323110 1005.6
1323120 1013.0
1323130 1013.0
1323140 1018.1
1323150 1023.3
1323160 1023.3
1323170 1028.9
1323180 1033.4
1323190 1033.4
1323200 1037.5
1323210 1041.9
1323220 1041.9
1323230 1047.1
1323240 1052.9
1323250 1052.9
1323260 1058.2
1323270 1062.3
1323280 1062.3
1323290 1065.7
1323300 1067.7
1323310 1067.7
1323320 1069.2
1323330 1071.8
1323340 1071.8
1323350 1076.5
1323360 1080.9
1323370 1080.9
1323380 1084.3
1323390 1087.6
1323400 1087.6
1323410 1091.9
1323420 1095.6
1323430 1099.5
1323440 1099.5
1323450 1102.9
1323460 1105.4
1323470 1105.4
1323480 1107.0
1323490 1108.2
1323500 1108.2
1323510 1109.6
1323520 1111.2
1323530 1111.2
1323540 1113.4
1323550 1116.9
1323560 1116.9
1323570 1121.2
1323580 1127.0
1323590 1127.0
1323600 1133.8
1323610 1138.8
1323620 1138.8
1323630 1142.9
1323640 1147.3
1323650 1147.3
1323660 1151.9
1323670 1156.1
1323680 1156.1
1323690 1160.3
1323700 1164.0
1323710 1167.8
1323720 1167.8
1323730 1171.1
1323740 1174.6
1323750 1174.6
1323760 1178.0
1323770 1181.4
1323780 1181.4
1323790 1185.8
1323800 1190.2
1323810 1190.2
1323820 1195.2
1323830 1200.4
1323840 1200.4
1323850 1205.0
1323860 1209.9
1323870 1209.9
1323880 1216.1
1323890 1221.7
1323900 1221.7
1323910 1226.1
1323920 1229.8
1323930 1229.8
1323940 1233.4
1323950 1236.7
1323960 1236.7
1323970 1239.6
1323980 1242.4
1323990 1245.0
1324000 1245.0
1324010 1247.5
1324020 1249.4
1324030 1249.4
1324040 1251.5
1324050 1255.6
1324060 1255.6
1324070 1260.8
1324080 1265.7
1324090 1265.7
1324100 1271.5
1324110 1276.6
1324120 1276.6
1324130 1280.6
1324140 1285.1
1324150 1285.1
1324160 1289.7
1324170 1294.7
1324180 1295.9
1324190 1301.2
1324200 1306.4
1324210 1306.4
1324220 1312.4
1324230 1318.0
1324240 1318.0
1324250 1324.6
1324260 1331.0
1324270 1335.2
1324280 1335.2
1324290 1337.8
1324300 1340.9
1324310 1340.9
1324320 1344.8
1324330 1349.0
1324340 1349.0
1324350 1353.1
1324360 1357.2
1324370 1357.2
1324380 1362.1
1324390 1367.6
1324400 1367.6
1324410 1372.3
1324420 1375.6
1324430 1375.6
1324440 1380.1
1324450 1385.4
1324460 1385.4
1324470 1390.4
1324480 1395.3
1324490 1395.3
1324500 1399.8
1324510 1402.6
1324520 1402.6
1324530 1405.0
1324540 1406.7
1324550 1407.5
1324560 1407.5
1324570 1408.1
1324580 1409.0
1324590 1409.0
1324600 1410.4
1324610 1410.9
1324620 1410.9
1324630 1410.6
1324640 1410.0
1324650 1410.0
1324660 1409.5
1324670 1409.0
1324680 1409.0
1324690 1408.5
1324700 1408.5
1324710 1408.5
1324720 1408.3
1324730 1408.4
1324740 1408.4
1324750 1408.9
1324760 1409.2
1324770 1409.2
1324780 1409.9
1324790 1410.9
1324800 1410.9
1324810 1411.3
1324820 1410.8
1324830 1409.9
1324840 1409.9
1324850 1408.8
1324860 1407.8
1324870 1407.8
1324880 1406.5
1324890 1404.7
1324900 1404.7
1324910 1403.6
1324920 1402.0
1324930 1402.0
1324940 1400.2
1324950 1400.1
1324960 1400.1
1324970 1400.4
1324980 1394.5
1324990 1394.5
1325000 1395.2
1325010 1396.1
1325020 1396.1
1325030 1397.0
1325040 1395.7
1325050 1395.7
1325060 1396.1
1325070 1401.0
1325080 1401.0
1325090 1403.0
1325100 1396.7
1325110 1396.7
1325120 1392.3
1325130 1390.7
1325140 1390.1
1325150 1390.1
1325160 1389.7
1325170 1389.3
1325180 1389.3
1325190 1388.6
1325200 1390.0
1325210 1390.0
1325220 1392.2
1325230 1394.5
1325240 1394.5
1325250 1398.4
1325260 1399.8
1325270 1399.8
1325280 1402.7
1325290 1408.4
1325300 1408.4
1325310 1414.2
1325320 1416.7
1325330 1416.7
1325340 1418.0
1325350 1420.1
1325360 1420.1
1325370 1423.1
1325380 1426.9
1325390 1426.9
1325400 1431.0
1325410 1435.2
1325420 1438.3
1325430 1438.3
1325440 1439.2
1325450 1439.2
1325460 1439.2
1325470 1439.8
1325480 1441.4
1325490 1441.4
1325500 1445.0
1325510 1448.2
1325520 1448.2
1325530 1451.1
1325540 1454.1
1325550 1454.1
1325560 1457.2
1325570 1460.7
1325580 1460.7
1325590 1465.0
1325600 1469.0
1325610 1469.0
1325620 1471.0
1325630 1473.5
1325640 1473.5
1325650 1475.9
1325660 1475.7
1325670 1475.7
1325680 1478.5
1325690 1481.2
1325700 1483.1
1325710 1483.1
1325720 1487.4
1325730 1492.1
1325740 1492.1
1325750 1496.7
1325760 1500.4
1325770 1500.4
1325780 1510.7
1325790 1514.1
1325800 1514.1
1325810 1518.2
1325820 1522.5
1325830 1522.5
1325840 1523.2
1325850 1525.7
1325860 1525.7
1325870 1528.7
1325880 1531.4
1325890 1531.4
1325900 1535.2
1325910 1539.8
1325920 1539.8
1325930 1544.3
1325940 1548.5
1325950 1548.5
1325960 1553.9
1325970 1560.6
1325980 1567.6
1325990 1567.6
1326000 1574.8
1326010 1581.9
1326020 1581.9
1326030 1586.8
1326040 1591.6
1326050 1591.6
1326060 1596.5
1326070 1601.4
1326080 1601.4
1326090 1607.1
1326100 1611.3
1326110 1611.3
1326120 1613.4
1326130 1615.8
1326140 1615.8
1326150 1619.4
1326160 1623.7
1326170 1623.7
1326180 1630.0
1326190 1636.8
1326200 1636.8
1326210 1643.4
1326220 1650.3
1326230 1650.3
1326240 1660.1
1326250 1666.9
1326260 1673.9
1326270 1673.9
1326280 1679.4
1326290 1683.4
1326300 1683.4
1326310 1687.3
1326320 1691.9
1326330 1691.9
1326340 1698.2
1326350 1703.3
1326360 1703.3
1326370 1707.9
1326380 1712.8
1326390 1712.8
1326400 1717.9
1326410 1722.2
1326420 1722.2
1326430 1725.6
1326440 1728.8
1326450 1728.8
1326460 1731.8
1326470 1734.8
1326480 1734.8
1326490 1737.3
1326500 1739.5
1326510 1739.5
1326520 1741.5
1326530 1743.4
1326540 1745.5
1326550 1745.5
1326560 1748.0
1326570 1751.4
1326580 1751.1
1326590 1754.1
1326600 1757.2
1326610 1757.2
1326620 1761.2
1326630 1765.7
1326640 1765.7
1326650 1771.4
1326660 1777.6
1326670 1777.6
1326680 1782.9
1326690 1786.9
1326700 1786.9
1326710 1789.8
1326720 1793.0
1326730 1793.0
1326740 1796.0
1326750 1799.0
1326760 1799.0
1326770 1801.6
1326780 1805.1
1326790 1805.1
1326800 1808.7
1326810 1811.3
1326820 1811.3
1326830 1814.0
1326840 1816.9
1326850 1820.2
1326860 1820.2
1326870 1825.3
1326880 1830.8
1326890 1830.8
1326900 1836.0
1326910 1841.5
1326920 1841.5
1326930 1846.6
1326940 1851.9
1326950 1851.9
1326960 1859.0
1326970 1866.3
1326980 1866.3
1326990 1872.0
1327000 1876.6
1327010 1876.6
1327020 1881.8
1327030 1888.4
1327040 1888.4
1327050 1895.5
1327060 1902.8
1327070 1902.8
1327080 1909.6
1327090 1914.9
1327100 1914.9
1327110 1920.1
1327120 1923.7
1327130 1926.9
1327140 1926.9
1327150 1929.4
1327160 1931.8
1327170 1931.8
1327180 1934.2
1327190 1936.1
1327200 1936.1
1327210 1938.2
1327220 1942.1
1327230 1942.1
1327240 1946.3
1327250 1949.8
1327260 1949.8
1327270 1953.1
1327280 1956.4
1327290 1956.4
1327300 1959.7
1327310 1964.4
1327320 1964.4
1327330 1970.5
1327340 1974.9
1327350 1974.9
1327360 1977.6
1327370 1980.7
1327380 1980.7
1327390 1983.3
1327400 1985.8
1327410 1989.3
1327420 1989.3
1327430 1994.3
1327440 1997.7
1327450 1997.7
1327460 1999.5
1327470 2000.9
1327480 2000.9
1327490 2005.7
1327500 2010.4
1327510 2010.4
1327520 2008.7
1327530 2001.4
1327540 2001.4
1327550 1994.4
1327560 1988.1
1327570 1988.1
1327580 1982.3
1327590 1977.4
1327600 1977.4
1327610 1973.4
1327620 1969.2
1327630 1969.2
1327640 1965.2
1327650 1959.8
1327660 1959.8
1327670 1953.6
1327680 1947.1
1327690 1941.1
1327700 1941.1
1327710 1935.8
1327720 1930.9
1327730 1930.9
1327740 1926.4
1327750 1922.1
1327760 1922.1
1327770 1916.9
1327780 1912.9
1327790 1912.9
1327800 1909.3
1327810 1905.2
1327820 1905.2
1327830 1901.2
1327840 1896.7
1327850 1896.7
1327860 1892.7
1327870 1890.1
1327880 1890.1
1327890 1887.3
1327900 1884.2
1327910 1884.2
1327920 1880.6
1327930 1876.4
1327940 1876.4
1327950 1872.3
1327960 1868.4
1327970 1864.8
1327980 1864.8
1327990 1861.6
1328000 1858.9
1328010 1858.9
1328020 1855.3
1328030 1850.7
1328040 1850.7
1328050 1845.9
1328060 1841.9
1328070 1841.9
1328080 1837.8
1328090 1833.2
1328100 1833.2
1328110 1829.0
1328120 1824.6
1328130 1824.6
1328140 1819.9
1328150 1815.4
1328160 1815.4
1328170 1811.0
1328180 1806.9
1328190 1806.9
1328200 1804.1
1328210 1800.6
1328220 1800.6
1328230 1795.7
1328240 1792.0
1328250 1789.1
1328260 1789.1
1328270 1786.1
1328280 1782.0
1328290 1782.0
1328300 1776.9
1328310 1771.9
1328320 1771.9
1328330 1766.6
1328340 1761.2
1328350 1761.2
1328360 1756.4
1328370 1751.7
1328380 1751.7
1328390 1746.9
1328400 1741.8
1328410 1741.8
1328420 1736.3
1328430 1727.4
1328440 1727.4
1328450 1716.1
1328460 1706.6
1328470 1706.6
1328480 1700.0
1328490 1692.1
1328500 1692.1
1328510 1683.3
1328520 1678.1
1328530 1678.1
1328540 1674.2
1328550 1669.9
1328560 1664.6
1328570 1664.6
1328580 1659.3
1328590 1653.4
1328600 1653.4
1328610 1648.6
1328620 1643.8
1328630 1643.8
1328640 1637.9
1328650 1632.7
1328660 1632.7
1328670 1627.1
1328680 1621.9
1328690 1621.9
1328700 1618.0
1328710 1615.2
1328720 1615.2
1328730 1612.9
1328740 1610.8
1328750 1610.8
1328760 1609.0
1328770 1607.3
1328780 1607.3
1328790 1605.2
1328800 1602.7
1328810 1602.7
1328820 1599.3
1328830 1595.5
1328840 1591.5
1328850 1591.5
1328860 1586.7
1328870 1582.8
1328880 1582.8
1328890 1576.9
1328900 1569.9
1328910 1569.9
1328920 1564.6
1328930 1558.2
1328940 1558.2
1328950 1551.1
1328960 1544.9
1328970 1544.9
1328980 1538.2
1328990 1530.5
1329000 1530.5
1329010 1524.7
1329020 1526.0
1329030 1526.0
1329040 1522.4
1329050 1518.6
1329060 1518.6
1329070 1515.1
1329080 1510.9
1329090 1510.9
1329100 1507.8
1329110 1503.1
1329120 1499.0
1329130 1499.0
1329140 1493.0
1329150 1486.8
1329160 1486.8
1329170 1481.6
1329180 1476.9
1329190 1476.9
1329200 1472.3
1329210 1468.3
1329220 1468.3
1329230 1464.5
1329240 1461.8
1329250 1461.8
1329260 1459.9
1329270 1457.3
1329280 1457.3
1329290 1453.6
1329300 1448.7
1329310 1448.7
1329320 1443.5
1329330 1438.8
1329340 1438.8
1329350 1433.2
1329360 1428.7
1329370 1428.7
1329380 1425.3
1329390 1422.3
1329400 1418.1
1329410 1418.1
1329420 1412.9
1329430 1407.2
1329440 1407.2
1329450 1401.7
1329460 1396.7
1329470 1396.7
1329480 1392.9
1329490 1388.9
1329500 1388.9
1329510 1382.5
1329520 1375.9
1329530 1375.9
1329540 1370.1
1329550 1364.2
1329560 1364.2
1329570 1357.7
1329580 1351.8
1329590 1351.8
1329600 1348.1
1329610 1344.3
1329620 1344.3
1329630 1342.5
1329640 1341.1
1329650 1341.1
1329660 1339.7
1329670 1337.8
1329680 1333.9
1329690 1333.9
1329700 1329.4
1329710 1324.8
1329720 1324.8
1329730 1320.4
1329740 1316.2
1329750 1316.2
1329760 1312.1
1329770 1307.9
1329780 1307.9
1329790 1303.8
1329800 1300.4
1329810 1300.4
1329820 1297.0
1329830 1291.9
1329840 1293.1
1329850 1287.9
1329860 1284.9
1329870 1284.9
1329880 1282.4
1329890 1280.2
1329900 1280.2
1329910 1278.0
1329920 1275.6
1329930 1275.6
1329940 1272.8
1329950 1268.6
1329960 1261.9
1329970 1261.9
1329980 1255.9
1329990 1254.3
1330000 1254.3
1330010 1257.2
1330020 1257.6
1330030 1257.6
1330040 1255.4
1330050 1252.9
1330060 1252.9
1330070 1249.7
1330080 1246.7
1330090 1246.7
1330100 1242.2
1330110 1236.1
1330120 1236.1
1330130 1231.0
1330140 1226.3
1330150 1226.3
1330160 1222.2
1330170 1219.7
1330180 1219.7
1330190 1217.7
1330200 1215.7
1330210 1215.7
1330220 1213.1
1330230 1209.8
1330240 1210.8
1330250 1210.8
1330260 1212.7
1330270 1214.1
1330280 1214.1
1330290 1216.4
1330300 1220.6
1330310 1220.6
1330320 1225.7
1330330 1229.7
1330340 1229.7
1330350 1233.5
1330360 1235.2
1330370 1235.2
1330380 1237.8
1330390 1240.1
1330400 1240.1
1330410 1242.6
1330420 1245.2
1330430 1245.2
1330440 1247.8
1330450 1250.0
1330460 1250.0
1330470 1252.5
1330480 1255.3
1330490 1255.3
1330500 1258.1
1330510 1260.8
1330520 1260.8
1330530 1263.2
1330540 1265.7
1330550 1268.0
1330560 1268.0
1330570 1270.8
1330580 1274.7
1330590 1274.7
1330600 1279.2
1330610 1284.8
1330620 1284.8
1330630 1290.9
1330640 1296.3
1330650 1296.3
1330660 1301.5
1330670 1303.9
1330680 1303.9
1330690 1310.0
1330700 1316.8
1330710 1316.8
1330720 1323.3
1330730 1329.8
1330740 1329.8
1330750 1336.2
1330760 1343.1
1330770 1343.1
1330780 1349.7
1330790 1356.3
1330800 1356.3
1330810 1362.5
1330820 1368.9
1330830 1375.4
1330840 1375.4
1330850 1382.6
1330860 1388.9
1330870 1388.9
1330880 1394.8
1330890 1401.0
1330900 1401.0
1330910 1406.6
1330920 1411.9
1330930 1411.9
1330940 1417.4
1330950 1422.8
1330960 1422.8
1330970 1428.6
1330980 1435.1
1330990 1435.1
1331000 1441.6
1331010 1445.9
1331020 1445.9
1331030 1452.3
1331040 1457.1
1331050 1457.1
1331060 1462.8
1331070 1469.4
1331080 1469.4
1331090 1476.4
1331100 1482.4
1331110 1486.6
1331120 1486.6
1331130 1491.1
1331140 1496.7
1331150 1496.7
1331160 1502.0
1331170 1506.6
1331180 1506.6
1331190 1513.5
1331200 1520.8
1331210 1520.8
1331220 1527.7
1331230 1533.3
1331240 1533.3
1331250 1538.0
1331260 1542.8
1331270 1542.8
1331280 1547.4
1331290 1550.0
1331300 1550.0
1331310 1555.7
1331320 1563.3
1331330 1563.3
1331340 1569.3
1331350 1577.0
1331360 1577.0
1331370 1584.1
1331380 1587.4
1331390 1590.1
1331400 1590.1
1331410 1593.3
1331420 1595.7
1331430 1595.7
1331440 1597.5
1331450 1600.0
1331460 1600.0
1331470 1603.3
1331480 1606.5
1331490 1606.5
1331500 1611.9
1331510 1616.4
1331520 1616.4
1331530 1621.9
1331540 1627.2
1331550 1627.2
1331560 1631.4
1331570 1634.8
1331580 1634.8
1331590 1638.3
1331600 1643.3
1331610 1643.3
1331620 1647.3
1331630 1649.9
1331640 1649.9
1331650 1651.3
1331660 1652.1
1331670 1652.3
1331680 1652.3
1331690 1655.7
1331700 1661.0
1331710 1661.0
1331720 1665.4
1331730 1668.8
1331740 1668.8
1331750 1671.6
1331760 1674.8
1331770 1674.8
1331780 1679.0
1331790 1684.1
1331800 1684.1
1331810 1690.0
1331820 1697.2
1331830 1697.2
1331840 1704.6
1331850 1710.9
1331860 1710.9
1331870 1717.8
1331880 1726.7
1331890 1726.7
1331900 1735.1
1331910 1743.3
1331920 1743.3
1331930 1751.4
1331940 1759.8
1331950 1766.9
1331960 1766.9
1331970 1773.7
1331980 1780.4
1331990 1780.4
1332000 1786.5
1332010 1792.3
1332020 1792.3
1332030 1798.7
1332040 1806.1
1332050 1806.1
1332060 1813.7
1332070 1818.4
1332080 1818.4
1332090 1821.6
1332100 1826.9
1332110 1826.9
1332120 1834.7
1332130 1833.6
1332140 1833.6
1332150 1826.7
1332160 1821.2
1332170 1821.2
1332180 1815.5
1332190 1811.2
1332200 1811.2
1332210 1807.7
1332220 1803.6
1332230 1803.6
1332240 1799.2
1332250 1794.1
1332260 1789.3
1332270 1789.3
1332280 1785.7
1332290 1783.7
1332300 1783.7
1332310 1781.7
1332320 1779.7
1332330 1779.7
1332340 1777.8
1332350 1774.7
1332360 1774.7
1332370 1769.3
1332380 1764.7
1332390 1764.7
1332400 1760.0
1332410 1754.5
1332420 1754.5
1332430 1750.5
1332440 1746.0
1332450 1746.0
1332460 1740.8
1332470 1735.5
1332480 1735.5
1332490 1733.2
1332500 1731.0
1332510 1731.0
1332520 1726.4
1332530 1719.5
1332540 1714.5
1332550 1714.5
1332560 1710.0
1332570 1703.9
1332580 1703.9
1332590 1697.4
1332600 1691.0
1332610 1691.0
1332620 1684.8
1332630 1679.7
1332640 1679.7
1332650 1674.6
1332660 1667.9
1332670 1667.9
1332680 1661.8
1332690 1657.7
1332700 1657.7
1332710 1654.7
1332720 1651.2
1332730 1651.2
1332740 1647.7
1332750 1643.7
1332760 1643.7
1332770 1638.2
1332780 1631.5
1332790 1631.5
1332800 1623.4
1332810 1617.0
1332820 1612.0
1332830 1612.0
1332840 1608.6
1332850 1605.9
1332860 1605.9
1332870 1604.3
1332880 1601.7
1332890 1601.7
1332900 1597.1
1332910 1591.9
1332920 1591.9
1332930 1584.8
1332940 1577.3
1332950 1577.3
1332960 1570.4
1332970 1563.7
1332980 1563.7
1332990 1556.3
1333000 1551.0
1333010 1551.0
1333020 1546.7
1333030 1541.5
1333040 1541.5
1333050 1536.2
1333060 1530.6
1333070 1530.6
1333080 1524.1
1333090 1517.4
1333100 1510.2
1333110 1510.2
1333120 1503.3
1333130 1500.7
1333140 1500.7
1333150 1502.3
1333160 1505.0
1333170 1505.0
1333180 1513.3
1333190 1518.4
1333200 1518.4
1333210 1523.6
1333220 1528.8
1333230 1528.8
1333240 1532.6
1333250 1535.1
1333260 1535.1
1333270 1537.0
1333280 1538.4
1333290 1538.4
1333300 1542.0
1333310 1546.6
1333320 1546.6
1333330 1550.9
1333340 1554.8
1333350 1554.8
1333360 1558.9
1333370 1563.3
1333380 1567.7
1333390 1567.7
1333400 1572.4
1333410 1577.7
1333420 1577.7
1333430 1582.6
1333440 1587.7
1333450 1587.7
1333460 1593.1
1333470 1598.7
1333480 1598.7
1333490 1605.0
1333500 1612.2
1333510 1612.2
1333520 1621.6
1333530 1628.8
1333540 1628.8
1333550 1635.3
1333560 1642.5
1333570 1642.5
1333580 1649.8
1333590 1656.6
1333600 1656.6
1333610 1663.2
1333620 1670.5
1333630 1670.5
1333640 1678.3
1333650 1685.8
1333660 1692.2
1333670 1692.2
1333680 1696.0
1333690 1698.2
1333700 1698.2
1333710 1699.3
1333720 1697.2
1333730 1697.2
1333740 1693.8
1333750 1690.3
1333760 1690.3
1333770 1686.4
1333780 1682.9
1333790 1682.9
1333800 1679.6
1333810 1676.9
1333820 1676.9
1333830 1674.1
1333840 1671.3
1333850 1671.3
1333860 1667.1
1333870 1662.2
1333880 1662.2
1333890 1664.5
1333900 1666.7
1333910 1666.7
1333920 1669.4
1333930 1671.4
1333940 1671.6
1333950 1671.6
1333960 1670.5
1333970 1669.1
1333980 1669.1
1333990 1667.8
1334000 1666.0
1334010 1666.0
1334020 1668.8
1334030 1666.1
1334040 1666.1
1334050 1662.8
1334060 1661.1
1334070 1661.1
1334080 1660.0
1334090 1659.5
1334100 1659.5
1334110 1659.8
1334120 1659.2
1334130 1659.2
1334140 1658.6
1334150 1658.0
1334160 1658.0
1334170 1657.4
1334180 1657.0
1334190 1657.0
1334200 1656.5
1334210 1655.3
1334220 1655.3
1334230 1653.8
1334240 1651.8
1334250 1648.7
1334260 1648.7
1334270 1645.0
1334280 1644.8
1334290 1644.8
1334300 1648.8
1334310 1655.2
1334320 1655.2
1334330 1655.2
1334340 1654.4
1334350 1654.4
1334360 1655.3
1334370 1656.5
1334380 1656.5
1334390 1658.2
1334400 1660.0
1334410 1660.0
1334420 1660.2
1334430 1659.2
1334440 1659.2
1334450 1658.9
1334460 1656.6
1334470 1656.6
1334480 1650.4
1334490 1645.1
1334500 1645.1
1334510 1640.0
1334520 1635.1
1334530 1630.5
1334540 1630.5
1334550 1625.3
1334560 1619.7
1334570 1619.7
1334580 1613.3
1334590 1607.1
1334600 1607.1
1334610 1601.7
1334620 1597.1
1334630 1597.1
1334640 1593.2
1334650 1589.1
1334660 1589.1
1334670 1584.0
1334680 1578.9
1334690 1578.9
1334700 1574.6
1334710 1570.7
1334720 1570.7
1334730 1565.8
1334740 1560.8
1334750 1560.8
1334760 1555.7
1334770 1550.1
1334780 1550.1
1334790 1544.1
1334800 1538.2
1334810 1532.4
1334820 1532.4
1334830 1526.0
1334840 1518.8
1334850 1518.8
1334860 1511.7
1334870 1510.5
1334880 1510.5
1334890 1506.2
1334900 1502.6
1334910 1502.6
1334920 1498.7
1334930 1493.7
1334940 1493.7
1334950 1488.7
1334960 1485.0
1334970 1485.0
1334980 1482.3
1334990 1480.6
1335000 1480.6
1335010 1477.8
1335020 1475.2
1335030 1475.2
1335040 1472.5
1335050 1470.3
1335060 1470.3
1335070 1467.2
1335080 1461.8
1335090 1457.1
1335100 1457.1
1335110 1453.4
1335120 1450.9
1335130 1450.9
1335140 1449.6
1335150 1447.4
1335160 1447.4
1335170 1445.4
1335180 1443.2
1335190 1443.2
1335200 1440.7
1335210 1438.9
1335220 1438.9
1335230 1436.6
1335240 1435.3
1335250 1435.3
1335260 1434.6
1335270 1431.5
1335280 1431.5
1335290 1428.4
1335300 1427.0
1335310 1427.0
1335320 1426.1
1335330 1424.6
1335340 1424.6
1335350 1422.1
1335360 1419.2
1335370 1416.6
1335380 1416.6
1335390 1413.9
1335400 1411.4
1335410 1411.4
1335420 1408.8
1335430 1406.2
1335440 1406.2
1335450 1403.2
1335460 1399.8
1335470 1399.8
1335480 1396.9
1335490 1394.1
1335500 1394.1
1335510 1391.4
1335520 1389.1
1335530 1389.1
1335540 1385.9
1335550 1379.9
1335560 1379.9
1335570 1373.6
1335580 1367.3
1335590 1367.3
1335600 1362.8
1335610 1359.4
1335620 1359.4
1335630 1355.5
1335640 1351.2
1335650 1346.2
1335660 1346.2
1335670 1338.8
1335680 1332.1
1335690 1332.1
1335700 1330.3
1335710 1329.4
1335720 1331.1
1335730 1335.7
1335740 1344.7
1335750 1344.7
1335760 1351.3
1335770 1354.8
1335780 1354.8
1335790 1358.1
1335800 1361.8
1335810 1361.8
1335820 1364.8
1335830 1368.2
1335840 1368.2
1335850 1372.8
1335860 1378.8
1335870 1378.8
1335880 1385.0
1335890 1390.8
1335900 1390.8
1335910 1396.2
1335920 1401.3
1335930 1401.3
1335940 1407.4
1335950 1414.2
1335960 1420.7
1335970 1420.7
1335980 1427.0
1335990 1433.3
1336000 1433.3
1336010 1438.4
1336020 1442.8
1336030 1442.8
1336040 1448.8
1336050 1455.3
1336060 1455.3
1336070 1462.7
1336080 1469.8
1336090 1469.8
1336100 1477.5
1336110 1485.5
1336120 1485.5
1336130 1493.1
1336140 1499.6
1336150 1499.6
1336160 1506.1
1336170 1512.6
1336180 1512.6
1336190 1519.0
1336200 1525.6
1336210 1525.6
1336220 1531.1
1336230 1537.3
1336240 1544.2
1336250 1544.2
1336260 1551.1
1336270 1557.4
1336280 1557.4
1336290 1563.4
1336300 1569.6
1336310 1569.6
1336320 1577.0
1336330 1583.7
1336340 1583.7
1336350 1590.1
1336360 1596.4
1336370 1596.4
1336380 1602.4
1336390 1608.9
1336400 1608.9
1336410 1616.3
1336420 1623.8
1336430 1623.8
1336440 1630.9
1336450 1637.8
1336460 1637.8
1336470 1645.0
1336480 1652.8
1336490 1652.8
1336500 1660.5
1336510 1667.0
1336520 1674.3
1336530 1674.3
1336540 1681.6
1336550 1689.3
1336560 1689.3
1336570 1697.0
1336580 1704.5
1336590 1704.5
1336600 1711.8
1336610 1719.8
1336620 1719.8
1336630 1727.4
1336640 1734.5
1336650 1734.5
1336660 1741.3
1336670 1747.6
1336680 1747.6
1336690 1753.8
1336700 1760.9
1336710 1760.9
1336720 1768.3
1336730 1775.5
1336740 1775.5
1336750 1781.9
1336760 1788.0
1336770 1788.0
1336780 1793.0
1336790 1798.4
1336800 1803.7
1336810 1803.7
1336820 1809.5
1336830 1815.0
1336840 1815.0
1336850 1820.2
1336860 1824.7
1336870 1824.7
1336880 1827.6
1336890 1830.5
1336900 1830.5
1336910 1833.0
1336920 1835.1
1336930 1835.1
1336940 1836.3
1336950 1836.0
1336960 1836.0
1336970 1836.2
1336980 1836.9
1336990 1836.9
1337000 1836.9
1337010 1836.3
1337020 1836.3
1337030 1835.3
1337040 1835.3
1337050 1835.3
1337060 1836.3
1337070 1836.2
1337080 1835.8
1337090 1835.8
1337100 1835.7
1337110 1835.2
1337120 1835.2
1337130 1834.4
1337140 1833.6
1337150 1833.6
1337160 1832.2
1337170 1830.9
1337180 1830.9
1337190 1830.2
1337200 1829.7
1337210 1829.7
1337220 1829.4
1337230 1829.3
1337240 1829.3
1337250 1829.1
1337260 1828.8
1337270 1828.8
1337280 1827.3
1337290 1825.5
1337300 1825.5
1337310 1827.5
1337320 1829.8
1337330 1829.8
1337340 1831.8
1337350 1832.9
1337360 1833.7
1337370 1833.7
1337380 1834.8
1337390 1835.7
1337400 1835.7
1337410 1836.6
1337420 1837.5
1337430 1837.5
1337440 1838.3
1337450 1840.6
1337460 1840.6
1337470 1841.6
1337480 1842.8
1337490 1842.8
1337500 1844.1
1337510 1845.1
1337520 1845.1
1337530 1846.3
1337540 1847.6
1337550 1847.6
1337560 1849.0
1337570 1850.6
1337580 1850.6
1337590 1852.7
1337600 1855.2
1337610 1855.2
1337620 1857.8
1337630 1861.7
1337640 1866.9
1337650 1866.9
1337660 1871.3
1337670 1875.1
1337680 1875.1
1337690 1878.4
1337700 1880.8
1337710 1880.8
1337720 1883.6
1337730 1886.5
1337740 1886.5
1337750 1888.6
1337760 1891.3
1337770 1891.3
1337780 1892.3
1337790 1893.9
1337800 1893.9
1337810 1895.4
1337820 1897.6
1337830 1897.6
1337840 1900.6
1337850 1902.8
1337860 1902.8
1337870 1904.3
1337880 1905.0
1337890 1905.0
1337900 1906.3
1337910 1907.5
1337920 1907.5
1337930 1907.9
1337940 1908.1
1337950 1909.3
1337960 1909.3
1337970 1912.7
1337980 1917.3
1337990 1917.3
1338000 1921.7
1338010 1926.3
1338020 1926.3
1338030 1929.5
1338040 1931.7
1338050 1931.7
1338060 1933.3
1338070 1935.7
1338080 1935.7
1338090 1939.2
1338100 1943.0
1338110 1943.0
1338120 1946.9
1338130 1951.0
1338140 1951.0
1338150 1955.3
1338160 1960.3
1338170 1960.3
1338180 1965.6
1338190 1971.8
1338200 1971.8
1338210 1978.8
1338220 1986.2
1338230 1993.8
1338240 1993.8
1338250 2000.3
1338260 2008.2
1338270 2008.2
1338280 2012.7
1338290 2017.8
1338300 2017.8
1338310 2025.8
1338320 2027.4
1338330 2027.4
1338340 2030.3
1338350 2034.1
1338360 2034.1
1338370 2038.7
1338380 2043.3
1338390 2043.3
1338400 2048.1
1338410 2052.6
1338420 2052.6
1338430 2057.1
1338440 2062.9
1338450 2062.9
1338460 2068.2
1338470 2076.2
1338480 2076.2
1338490 2083.7
1338500 2091.8
1338510 2099.8
1338520 2099.8
1338530 2099.7
1338540 2096.2
1338550 2096.2
1338560 2089.6
1338570 2082.5
1338580 2082.5
1338590 2072.0
1338600 2057.0
1338610 2057.0
1338620 2049.3
1338630 2043.9
1338640 2043.9
1338650 2039.1
1338660 2035.5
1338670 2035.5
1338680 2035.2
1338690 2034.3
1338700 2034.3
1338710 2031.7
1338720 2029.4
1338730 2029.4
1338740 2027.2
1338750 2024.8
1338760 2024.8
1338770 2022.1
1338780 2020.6
1338790 2020.1
1338800 2020.1
1338810 2019.6
1338820 2018.4
1338830 2018.4
1338840 2015.4
1338850 2013.9
1338860 2013.9
1338870 2012.4
1338880 2008.6
1338890 2008.6
1338900 2004.4
1338910 2002.0
1338920 2002.0
1338930 1999.9
1338940 1998.1
1338950 1998.1
1338960 1995.2
1338970 1990.6
1338980 1990.6
1338990 1985.3
1339000 1980.0
1339010 1980.0
1339020 1974.1
1339030 1967.1
1339040 1967.1
1339050 1960.3
1339060 1955.6
1339070 1952.5
1339080 1952.5
1339090 1949.2
1339100 1946.7
1339110 1946.7
1339120 1944.1
1339130 1942.8
1339140 1942.8
1339150 1941.9
1339160 1942.1
1339170 1942.1
1339180 1944.6
1339190 1947.0
1339200 1947.0
1339210 1946.8
1339220 1944.4
1339230 1944.4
1339240 1939.5
1339250 1935.0
1339260 1935.0
1339270 1930.4
1339280 1927.0
1339290 1927.0
1339300 1924.6
1339310 1921.6
1339320 1921.6
1339330 1916.4
1339340 1912.2
1339350 1909.3
1339360 1909.3
1339370 1907.3
1339380 1904.2
1339390 1904.2
1339400 1901.0
1339410 1898.9
1339420 1898.9
1339430 1897.1
1339440 1894.2
1339450 1894.2
1339460 1889.7
1339470 1884.6
1339480 1884.6
1339490 1878.9
1339500 1871.6
1339510 1871.6
1339520 1865.7
1339530 1860.5
1339540 1860.5
1339550 1855.2
1339560 1851.8
1339570 1851.8
1339580 1849.9
1339590 1849.1
1339600 1849.1
1339610 1845.9
1339620 1840.4
1339630 1840.4
1339640 1833.9
1339650 1827.7
1339660 1821.7
1339670 1821.7
1339680 1815.8
1339690 1810.2
1339700 1810.2
1339710 1802.0
1339720 1794.2
1339730 1794.2
1339740 1787.4
1339750 1781.1
1339760 1781.1
1339770 1773.8
1339780 1767.2
1339790 1767.2
1339800 1761.3
1339810 1756.0
1339820 1756.0
1339830 1751.1
1339840 1746.2
1339850 1746.2
1339860 1739.4
1339870 1728.5
1339880 1728.5
1339890 1720.8
1339900 1714.1
1339910 1714.1
1339920 1708.1
1339930 1702.7
1339940 1697.5
1339950 1697.5
1339960 1692.3
1339970 1687.5
1339980 1687.5
1339990 1682.9
