1320000 530.0
1320010 530.0
1320020 530.0
1320030 529.9
1320040 529.8
1320050 529.8
1320060 529.9
1320070 530.1
1320080 530.1
1320090 530.1
1320100 530.0
1320110 530.0
1320120 530.0
1320130 530.0
1320140 530.1
1320150 530.1
1320160 530.2
1320170 530.1
1320180 530.1
1320190 530.1
1320200 530.0
1320210 530.0
1320220 530.0
1320230 530.1
1320240 530.1
1320250 530.2
1320260 530.2
1320270 530.2
1320280 530.1
1320290 530.2
1320300 530.2
1320310 530.3
1320320 530.3
1320330 530.3
1320340 530.4
1320350 530.5
1320360 530.5
1320370 530.5
1320380 530.5
1320390 530.4
1320400 530.4
1320410 530.2
1320420 530.5
1320430 530.5
1320440 530.5
1320450 530.5
1320460 530.5
1320470 530.5
1320480 530.5
1320490 530.5
1320500 530.6
1320510 530.7
1320520 530.7
1320530 530.7
1320540 530.8
1320550 530.8
1320560 530.9
1320570 531.0
1320580 531.0
1320590 531.1
1320600 531.2
1320610 531.2
1320620 531.3
1320630 531.4
1320640 531.4
1320650 531.5
1320660 531.8
1320670 531.9
1320680 531.9
1320690 531.3
1320700 530.2
1320710 530.2
1320720 530.1
1320730 530.1
1320740 530.1
1320750 530.1
1320760 530.2
1320770 530.2
1320780 530.3
1320790 531.4
1320800 531.4
1320810 532.5
1320820 532.5
1320830 532.5
1320840 532.6
1320850 532.7
1320860 532.7
1320870 532.7
1320880 532.9
1320890 532.9
1320900 533.3
1320910 533.9
1320920 533.9
1320930 534.6
1320940 535.3
1320950 536.1
1320960 536.1
1320970 536.6
1320980 537.5
1320990 537.5
1321000 538.5
1321010 539.5
1321020 539.5
1321030 540.6
1321040 541.8
1321050 541.8
1321060 543.2
1321070 544.6
1321080 544.6
1321090 546.0
1321100 547.5
1321110 547.5
1321120 549.0
1321130 550.5
1321140 550.5
1321150 552.0
1321160 553.6
1321170 553.6
1321180 555.1
1321190 556.6
1321200 556.6
1321210 558.3
1321220 559.9
1321230 561.7
1321240 561.7
1321250 564.6
1321260 568.3
1321270 568.3
1321280 571.9
1321290 576.1
1321300 576.1
1321310 581.7
1321320 586.4
1321330 586.4
1321340 590.3
1321350 594.9
1321360 594.9
1321370 599.2
1321380 601.4
1321390 601.4
1321400 605.3
1321410 608.7
1321420 608.7
1321430 612.7
1321440 616.9
1321450 616.9
1321460 619.0
1321470 618.7
1321480 618.7
1321490 618.9
1321500 621.3
1321510 624.0
1321520 624.0
1321530 625.9
1321540 628.3
1321550 628.3
1321560 629.5
1321570 629.6
1321580 629.6
1321590 630.9
1321600 635.9
1321610 635.9
1321620 641.4
1321630 648.2
1321640 648.2
1321650 655.7
1321660 665.2
1321670 665.2
1321680 678.7
1321690 687.9
1321700 687.9
1321710 691.5
1321720 693.5
1321730 693.5
1321740 696.5
1321750 701.0
1321760 701.0
1321770 704.9
1321780 709.3
1321790 709.3
1321800 713.6
1321810 717.7
1321820 721.0
1321830 721.0
1321840 723.9
1321850 727.4
1321860 727.4
1321870 730.2
1321880 733.1
1321890 733.1
1321900 736.3
1321910 739.9
1321920 739.9
1321930 743.8
1321940 748.7
1321950 748.7
1321960 754.6
1321970 760.0
1321980 760.0
1321990 764.4
1322000 769.9
1322010 769.9
1322020 775.9
1322030 781.6
1322040 781.6
1322050 786.7
1322060 793.4
1322070 793.4
1322080 799.9
1322090 805.3
1322100 809.5
1322110 809.5
1322120 813.1
1322130 816.4
1322140 816.4
1322150 819.4
1322160 822.8
1322170 822.8
1322180 825.7
1322190 828.0
1322200 828.0
1322210 830.7
1322220 834.0
1322230 834.0
1322240 838.1
1322250 842.7
1322260 842.7
1322270 845.2
1322280 847.6
1322290 847.6
1322300 850.7
1322310 853.9
1322320 853.9
1322330 857.0
1322340 860.3
1322350 860.3
1322360 863.6
1322370 866.5
1322380 869.1
1322390 869.1
1322400 872.3
1322410 876.5
1322420 876.5
1322430 880.0
1322440 883.3
1322450 883.3
1322460 887.0
1322470 891.2
1322480 891.2
1322490 895.0
1322500 898.8
1322510 898.8
1322520 903.3
1322530 902.2
1322540 902.2
1322550 906.0
1322560 909.7
1322570 909.7
1322580 913.8
1322590 918.2
1322600 918.2
1322610 923.1
1322620 928.8
1322630 928.8
1322640 932.9
1322650 936.0
1322660 939.3
1322670 939.3
1322680 942.7
1322690 946.0
1322700 946.0
1322710 948.9
1322720 952.2
1322730 952.2
1322740 955.5
1322750 959.0
1322760 959.0
1322770 964.0
1322780 969.5
1322790 969.5
1322800 974.8
1322810 979.6
1322820 979.6
1322830 983.6
1322840 985.8
1322850 985.8
1322860 987.3
1322870 989.4
1322880 989.4
1322890 992.0
1322900 995.1
1322910 995.1
1322920 997.6
1322930 1000.8
1322940 1004.2
1322950 1004.2
1322960 1007.4
1322970 1011.1
1322980 1011.1
1322990 1015.3
1323000 1019.5
1323010 1019.5
1323020 1023.7
1323030 1028.3
1323040 1028.3
1323050 1032.7
1323060 1037.2
1323070 1037.2
1323080 1041.8
1323090 1046.4
1323100 1046.4
1323110 1050.9
1323120 1054.6
1323130 1054.6
1323140 1057.5
1323150 1062.4
1323160 1062.4
1323170 1065.7
1323180 1068.7
1323190 1068.7
1323200 1072.2
1323210 1075.7
1323220 1075.7
1323230 1079.0
1323240 1083.1
1323250 1088.2
1323260 1088.2
1323270 1092.4
1323280 1095.4
1323290 1095.4
1323300 1098.6
1323310 1103.3
1323320 1102.3
1323330 1107.5
1323340 1113.1
1323350 1113.1
1323360 1117.6
1323370 1121.6
1323380 1121.6
1323390 1126.7
1323400 1133.0
1323410 1133.0
1323420 1140.0
1323430 1147.0
1323440 1147.0
1323450 1151.1
1323460 1156.3
1323470 1156.3
1323480 1161.4
1323490 1164.9
1323500 1164.9
1323510 1168.2
1323520 1171.5
1323530 1175.2
1323540 1175.2
1323550 1179.8
1323560 1184.9
1323570 1184.9
1323580 1189.5
1323590 1193.4
1323600 1193.4
1323610 1197.2
1323620 1200.0
1323630 1200.0
1323640 1203.2
1323650 1205.8
1323660 1205.8
1323670 1208.9
1323680 1212.9
1323690 1212.9
1323700 1216.0
1323710 1218.3
1323720 1218.3
1323730 1219.8
1323740 1220.8
1323750 1220.8
1323760 1221.2
1323770 1222.2
1323780 1222.2
1323790 1225.5
1323800 1228.3
1323810 1231.6
1323820 1231.6
1323830 1235.9
1323840 1239.7
1323850 1239.7
1323860 1242.2
1323870 1244.2
1323880 1244.2
1323890 1247.0
1323900 1250.0
1323910 1250.0
1323920 1253.0
1323930 1256.7
1323940 1256.7
1323950 1260.7
1323960 1266.8
1323970 1266.8
1323980 1273.4
1323990 1279.1
1324000 1279.1
1324010 1283.9
1324020 1287.5
1324030 1287.5
1324040 1290.6
1324050 1292.7
1324060 1292.7
1324070 1295.4
1324080 1298.8
1324090 1301.2
1324100 1301.2
1324110 1303.7
1324120 1309.4
1324130 1309.4
1324140 1311.6
1324150 1315.5
1324160 1315.5
1324170 1319.9
1324180 1323.9
1324190 1323.9
1324200 1329.1
1324210 1334.3
1324220 1334.3
1324230 1336.4
1324240 1338.2
1324250 1338.2
1324260 1341.4
1324270 1345.0
1324280 1345.0
1324290 1347.2
1324300 1349.5
1324310 1349.5
1324320 1351.5
1324330 1353.2
1324340 1353.2
1324350 1356.2
1324360 1361.3
1324370 1361.3
1324380 1365.8
1324390 1368.3
1324400 1369.6
1324410 1369.6
1324420 1371.2
1324430 1373.3
1324440 1373.3
1324450 1376.4
1324460 1381.7
1324470 1381.7
1324480 1388.6
1324490 1394.8
1324500 1394.8
1324510 1400.1
1324520 1405.0
1324530 1405.0
1324540 1410.4
1324550 1417.3
1324560 1417.3
1324570 1424.6
1324580 1431.1
1324590 1431.1
1324600 1437.3
1324610 1443.4
1324620 1443.4
1324630 1449.6
1324640 1454.9
1324650 1454.9
1324660 1460.5
1324670 1466.3
1324680 1472.9
1324690 1472.9
1324700 1479.8
1324710 1486.5
1324720 1486.5
1324730 1493.6
1324740 1499.6
1324750 1499.6
1324760 1505.0
1324770 1510.6
1324780 1510.6
1324790 1516.3
1324800 1521.1
1324810 1521.1
1324820 1525.6
1324830 1531.8
1324840 1531.8
1324850 1537.4
1324860 1543.7
1324870 1543.7
1324880 1550.5
1324890 1557.4
1324900 1557.4
1324910 1566.2
1324920 1573.0
1324930 1573.0
1324940 1579.4
1324950 1586.2
1324960 1590.5
1324970 1590.5
1324980 1594.7
1324990 1600.7
1325000 1600.7
1325010 1608.5
1325020 1617.3
1325030 1617.3
1325040 1626.6
1325050 1634.9
1325060 1634.9
1325070 1642.4
1325080 1649.6
1325090 1649.6
1325100 1652.7
1325110 1653.0
1325120 1653.0
1325130 1654.0
1325140 1656.5
1325150 1656.5
1325160 1658.8
1325170 1660.0
1325180 1660.0
1325190 1661.3
1325200 1663.4
1325210 1663.4
1325220 1665.5
1325230 1667.5
1325240 1668.8
1325250 1668.8
1325260 1668.9
1325270 1669.6
1325280 1669.6
1325290 1671.2
1325300 1671.8
1325310 1671.8
1325320 1672.3
1325330 1673.3
1325340 1673.3
1325350 1675.2
1325360 1678.3
1325370 1678.3
1325380 1681.3
1325390 1683.8
1325400 1683.8
1325410 1685.8
1325420 1687.7
1325430 1687.7
1325440 1689.0
1325450 1690.1
1325460 1690.1
1325470 1691.3
1325480 1691.9
1325490 1691.9
1325500 1692.3
1325510 1692.9
1325520 1693.4
1325530 1693.4
1325540 1693.6
1325550 1691.6
1325560 1691.6
1325570 1691.1
1325580 1692.6
1325590 1692.6
1325600 1698.3
1325610 1703.1
1325620 1703.1
1325630 1705.3
1325640 1706.0
1325650 1706.0
1325660 1705.4
1325670 1704.9
1325680 1704.9
1325690 1706.0
1325700 1707.3
1325710 1703.3
1325720 1703.7
1325730 1706.2
1325740 1706.2
1325750 1711.0
1325760 1714.2
1325770 1714.2
1325780 1716.6
1325790 1719.6
1325800 1719.6
1325810 1721.3
1325820 1721.3
1325830 1721.1
1325840 1721.1
1325850 1724.1
1325860 1728.2
1325870 1728.2
1325880 1731.7
1325890 1733.8
1325900 1733.8
1325910 1735.4
1325920 1738.5
1325930 1738.5
1325940 1742.9
1325950 1746.5
1325960 1746.5
1325970 1750.4
1325980 1754.0
1325990 1754.0
1326000 1756.9
1326010 1760.7
1326020 1760.7
1326030 1764.4
1326040 1765.3
1326050 1765.3
1326060 1767.9
1326070 1771.4
1326080 1771.4
1326090 1774.8
1326100 1777.9
1326110 1780.3
1326120 1780.3
1326130 1781.9
1326140 1784.5
1326150 1784.5
1326160 1788.2
1326170 1791.7
1326180 1791.7
1326190 1795.1
1326200 1798.7
1326210 1798.7
1326220 1801.4
1326230 1804.2
1326240 1804.2
1326250 1807.3
1326260 1810.5
1326270 1810.5
1326280 1814.4
1326290 1818.6
1326300 1818.6
1326310 1822.1
1326320 1824.8
1326330 1824.8
1326340 1828.0
1326350 1832.5
1326360 1832.5
1326370 1837.0
1326380 1842.9
1326390 1848.7
1326400 1848.7
1326410 1853.5
1326420 1856.0
1326430 1856.0
1326440 1856.2
1326450 1859.3
1326460 1859.3
1326470 1863.7
1326480 1867.5
1326490 1867.5
1326500 1870.3
1326510 1870.6
1326520 1870.6
1326530 1871.7
1326540 1873.3
1326550 1873.3
1326560 1876.5
1326570 1879.2
1326580 1879.2
1326590 1883.5
1326600 1889.5
1326610 1889.5
1326620 1893.9
1326630 1897.1
1326640 1897.1
1326650 1900.0
1326660 1904.3
1326670 1906.9
1326680 1906.9
1326690 1910.4
1326700 1913.7
1326710 1913.7
1326720 1914.6
1326730 1915.9
1326740 1915.9
1326750 1919.6
1326760 1923.2
1326770 1923.2
1326780 1926.3
1326790 1928.4
1326800 1928.4
1326810 1930.1
1326820 1931.7
1326830 1931.7
1326840 1933.4
1326850 1935.4
1326860 1935.4
1326870 1937.6
1326880 1940.1
1326890 1940.1
1326900 1942.8
1326910 1945.0
1326920 1945.0
1326930 1947.6
1326940 1951.9
1326950 1951.9
1326960 1957.4
1326970 1960.5
1326980 1961.7
1326990 1961.7
1327000 1963.4
1327010 1966.2
1327020 1966.2
1327030 1972.7
1327040 1978.0
1327050 1978.0
1327060 1982.5
1327070 1986.3
1327080 1986.3
1327090 1990.4
1327100 1995.4
1327110 1995.4
1327120 2001.2
1327130 2007.3
1327140 2007.3
1327150 2014.1
1327160 2020.3
1327170 2020.3
1327180 2023.2
1327190 2025.3
1327200 2025.3
1327210 2028.3
1327220 2027.2
1327230 2027.2
1327240 2028.7
1327250 2031.6
1327260 2032.2
1327270 2032.2
1327280 2032.6
1327290 2033.2
1327300 2033.2
1327310 2029.7
1327320 2027.3
1327330 2027.3
1327340 2023.6
1327350 2017.4
1327360 2017.4
1327370 2010.8
1327380 2004.7
1327390 2004.7
1327400 1998.9
1327410 1993.0
1327420 1993.0
1327430 1987.6
1327440 1981.7
1327450 1981.7
1327460 1977.3
1327470 1975.1
1327480 1975.1
1327490 1974.5
1327500 1974.1
1327510 1974.1
1327520 1972.7
1327530 1968.3
1327540 1963.2
1327550 1963.2
1327560 1957.6
1327570 1950.6
1327580 1950.6
1327590 1944.3
1327600 1938.7
1327610 1938.7
1327620 1933.2
1327630 1927.7
1327640 1927.7
1327650 1922.9
1327660 1918.9
1327670 1918.9
1327680 1915.3
1327690 1912.3
1327700 1912.3
1327710 1908.7
1327720 1904.0
1327730 1904.0
1327740 1899.3
1327750 1894.3
1327760 1894.3
1327770 1889.7
1327780 1885.3
1327790 1885.3
1327800 1881.7
1327810 1878.1
1327820 1873.6
1327830 1873.6
1327840 1869.6
1327850 1866.4
1327860 1866.4
1327870 1862.4
1327880 1856.5
1327890 1856.5
1327900 1851.7
1327910 1848.0
1327920 1848.0
1327930 1843.7
1327940 1839.9
1327950 1839.9
1327960 1835.8
1327970 1831.6
1327980 1831.6
1327990 1827.7
1328000 1824.7
1328010 1824.7
1328020 1821.3
1328030 1815.9
1328040 1815.9
1328050 1811.7
1328060 1810.7
1328070 1810.7
1328080 1808.7
1328090 1805.6
1328100 1802.3
1328110 1802.3
1328120 1799.2
1328130 1795.7
1328140 1792.3
1328150 1789.6
1328160 1786.6
1328170 1786.6
1328180 1784.3
1328190 1781.8
1328200 1781.8
1328210 1778.4
1328220 1774.9
1328230 1774.9
1328240 1769.9
1328250 1765.2
1328260 1765.2
1328270 1762.3
1328280 1759.5
1328290 1759.5
1328300 1756.6
1328310 1753.3
1328320 1753.3
1328330 1749.5
1328340 1744.8
1328350 1744.8
1328360 1739.6
1328370 1734.9
1328380 1734.9
1328390 1730.3
1328400 1725.8
1328410 1722.1
1328420 1722.1
1328430 1718.4
1328440 1714.0
1328450 1714.0
1328460 1710.1
1328470 1706.4
1328480 1706.4
1328490 1702.6
1328500 1697.7
1328510 1697.7
1328520 1693.4
1328530 1688.5
1328540 1688.5
1328550 1685.7
1328560 1682.3
1328570 1682.3
1328580 1678.6
1328590 1675.7
1328600 1675.7
1328610 1673.5
1328620 1671.1
1328630 1671.1
1328640 1668.1
1328650 1665.1
1328660 1665.1
1328670 1662.2
1328680 1658.6
1328690 1655.7
1328700 1655.7
1328710 1653.6
1328720 1651.4
1328730 1651.4
1328740 1649.6
1328750 1648.5
1328760 1648.5
1328770 1647.0
1328780 1644.9
1328790 1644.9
1328800 1641.9
1328810 1638.4
1328820 1638.4
1328830 1634.8
1328840 1631.8
1328850 1631.8
1328860 1630.2
1328870 1628.1
1328880 1628.1
1328890 1623.8
1328900 1620.2
1328910 1620.2
1328920 1616.0
1328930 1612.0
1328940 1612.0
1328950 1605.5
1328960 1605.2
1328970 1604.9
1328980 1604.9
1328990 1604.8
1329000 1605.2
1329010 1605.2
1329020 1604.2
1329030 1601.8
1329040 1601.8
1329050 1597.9
1329060 1592.0
1329070 1592.0
1329080 1585.7
1329090 1580.4
1329100 1580.4
1329110 1576.5
1329120 1572.3
1329130 1572.3
1329140 1566.0
1329150 1559.2
1329160 1559.2
1329170 1552.2
1329180 1546.0
1329190 1546.0
1329200 1539.7
1329210 1533.3
1329220 1533.3
1329230 1526.7
1329240 1519.6
1329250 1513.1
1329260 1513.1
1329270 1506.5
1329280 1499.5
1329290 1499.5
1329300 1492.9
1329310 1486.3
1329320 1486.3
1329330 1479.5
1329340 1472.7
1329350 1472.7
1329360 1466.5
1329370 1459.9
1329380 1459.9
1329390 1452.9
1329400 1446.0
1329410 1446.0
1329420 1439.2
1329430 1432.7
1329440 1432.7
1329450 1426.1
1329460 1420.1
1329470 1420.1
1329480 1414.4
1329490 1408.9
1329500 1408.9
1329510 1403.0
1329520 1397.3
1329530 1397.3
1329540 1392.2
1329550 1386.3
1329560 1380.8
1329570 1380.8
1329580 1375.4
1329590 1369.0
1329600 1369.0
1329610 1363.4
1329620 1356.8
1329630 1356.8
1329640 1350.9
1329650 1344.9
1329660 1344.9
1329670 1338.9
1329680 1333.3
1329690 1333.3
1329700 1327.8
1329710 1322.3
1329720 1322.3
1329730 1316.4
1329740 1310.4
1329750 1310.4
1329760 1305.2
1329770 1300.7
1329780 1299.9
1329790 1294.4
1329800 1288.8
1329810 1288.8
1329820 1283.9
1329830 1278.7
1329840 1273.2
1329850 1273.2
1329860 1268.1
1329870 1263.2
1329880 1263.2
1329890 1258.4
1329900 1253.8
1329910 1253.8
1329920 1249.1
1329930 1244.5
1329940 1244.5
1329950 1240.1
1329960 1235.8
1329970 1235.8
1329980 1231.0
1329990 1224.9
1330000 1224.9
1330010 1219.3
1330020 1214.6
1330030 1214.6
1330040 1210.8
1330050 1207.4
1330060 1207.4
1330070 1202.3
1330080 1197.7
1330090 1197.7
1330100 1193.7
1330110 1190.3
1330120 1187.8
1330130 1187.8
1330140 1185.7
1330150 1183.5
1330160 1183.5
1330170 1181.8
1330180 1180.8
1330190 1180.8
1330200 1179.7
1330210 1177.3
1330220 1177.3
1330230 1174.2
1330240 1172.1
1330250 1172.1
1330260 1172.5
1330270 1172.6
1330280 1172.6
1330290 1171.4
1330300 1170.1
1330310 1170.1
1330320 1168.7
1330330 1167.2
1330340 1167.2
1330350 1165.2
1330360 1159.2
1330370 1159.2
1330380 1155.4
1330390 1154.3
1330400 1154.5
1330410 1154.5
1330420 1156.0
1330430 1157.7
1330440 1157.7
1330450 1162.4
1330460 1168.8
1330470 1168.8
1330480 1176.3
1330490 1182.7
1330500 1182.7
1330510 1190.1
1330520 1199.1
1330530 1199.1
1330540 1205.2
1330550 1206.5
1330560 1206.5
1330570 1207.3
1330580 1207.5
1330590 1207.5
1330600 1214.9
1330610 1215.8
1330620 1215.8
1330630 1215.0
1330640 1211.0
1330650 1211.0
1330660 1206.8
1330670 1210.5
1330680 1218.2
1330690 1218.2
1330700 1225.2
1330710 1232.0
1330720 1232.0
1330730 1239.3
1330740 1244.4
1330750 1244.4
1330760 1248.7
1330770 1253.1
1330780 1253.1
1330790 1257.8
1330800 1263.3
1330810 1263.3
1330820 1270.2
1330830 1276.9
1330840 1276.9
1330850 1283.6
1330860 1289.2
1330870 1289.2
1330880 1295.9
1330890 1301.2
1330900 1301.2
1330910 1306.7
1330920 1313.3
1330930 1313.3
1330940 1320.5
1330950 1327.8
1330960 1327.8
1330970 1334.6
1330980 1341.0
1330990 1348.1
1331000 1348.1
1331010 1354.6
1331020 1359.2
1331030 1359.2
1331040 1362.7
1331050 1365.8
1331060 1365.8
1331070 1369.3
1331080 1373.0
1331090 1373.0
1331100 1376.4
1331110 1380.4
1331120 1380.4
1331130 1385.1
1331140 1390.7
1331150 1390.7
1331160 1397.0
1331170 1402.7
1331180 1402.7
1331190 1407.3
1331200 1411.9
1331210 1411.9
1331220 1416.4
1331230 1421.9
1331240 1421.9
1331250 1428.0
1331260 1433.8
1331270 1438.3
1331280 1438.3
1331290 1443.3
1331300 1449.2
1331310 1449.2
1331320 1453.7
1331330 1457.2
1331340 1457.2
1331350 1461.8
1331360 1466.6
1331370 1466.6
1331380 1470.0
1331390 1473.5
1331400 1473.5
1331410 1477.0
1331420 1480.1
1331430 1480.4
1331440 1483.5
1331450 1485.2
1331460 1485.2
1331470 1486.6
1331480 1488.0
1331490 1488.0
1331500 1489.9
1331510 1492.2
1331520 1492.2
1331530 1494.6
1331540 1497.3
1331550 1500.9
1331560 1500.9
1331570 1504.5
1331580 1508.3
1331590 1508.3
1331600 1511.9
1331610 1515.5
1331620 1515.5
1331630 1519.5
1331640 1523.3
1331650 1523.3
1331660 1527.0
1331670 1530.2
1331680 1530.2
1331690 1533.0
1331700 1537.1
1331710 1537.1
1331720 1541.9
1331730 1548.6
1331740 1548.6
1331750 1557.1
1331760 1566.6
1331770 1566.6
1331780 1575.4
1331790 1582.3
1331800 1582.3
1331810 1588.6
1331820 1595.0
1331830 1601.5
1331840 1601.5
1331850 1607.9
1331860 1614.6
1331870 1614.6
1331880 1621.6
1331890 1628.5
1331900 1628.5
1331910 1634.9
1331920 1641.1
1331930 1641.1
1331940 1647.6
1331950 1654.1
1331960 1654.1
1331970 1660.5
1331980 1666.5
1331990 1666.5
1332000 1672.3
1332010 1677.7
1332020 1677.7
1332030 1682.9
1332040 1688.2
1332050 1688.2
1332060 1692.6
1332070 1694.2
1332080 1694.2
1332090 1693.8
1332100 1692.1
1332110 1689.3
1332120 1689.3
1332130 1685.9
1332140 1681.9
1332150 1681.9
1332160 1677.8
1332170 1674.2
1332180 1674.2
1332190 1670.4
1332200 1666.3
1332210 1666.3
1332220 1661.9
1332230 1655.9
1332240 1655.9
1332250 1651.3
1332260 1646.5
1332270 1649.8
1332280 1644.4
1332290 1638.4
1332300 1638.4
1332310 1632.4
1332320 1628.0
1332330 1628.0
1332340 1624.0
1332350 1619.5
1332360 1619.5
1332370 1615.5
1332380 1613.0
1332390 1613.0
1332400 1608.4
1332410 1603.3
1332420 1599.3
1332430 1599.3
1332440 1595.4
1332450 1591.0
1332460 1591.0
1332470 1586.9
1332480 1582.4
1332490 1582.4
1332500 1577.4
1332510 1572.4
1332520 1572.4
1332530 1568.3
1332540 1564.6
1332550 1564.6
1332560 1561.1
1332570 1558.0
1332580 1558.0
1332590 1555.2
1332600 1551.3
1332610 1551.3
1332620 1547.9
1332630 1543.4
1332640 1543.4
1332650 1539.8
1332660 1536.7
1332670 1536.7
1332680 1534.4
1332690 1532.8
1332700 1530.6
1332710 1530.6
1332720 1527.2
1332730 1522.7
1332740 1522.7
1332750 1518.9
1332760 1515.8
1332770 1515.8
1332780 1511.6
1332790 1508.7
1332800 1508.7
1332810 1505.2
1332820 1500.9
1332830 1500.9
1332840 1495.6
1332850 1489.8
1332860 1489.8
1332870 1484.8
1332880 1480.9
1332890 1480.9
1332900 1476.6
1332910 1472.8
1332920 1472.8
1332930 1470.7
1332940 1467.4
1332950 1467.4
1332960 1463.6
1332970 1458.6
1332980 1451.8
1332990 1451.8
1333000 1444.5
1333010 1438.3
1333020 1438.3
1333030 1433.3
1333040 1428.6
1333050 1428.6
1333060 1424.9
1333070 1421.4
1333080 1421.4
1333090 1419.2
1333100 1416.5
1333110 1416.1
1333120 1412.3
1333130 1408.6
1333140 1408.6
1333150 1404.6
1333160 1401.1
1333170 1401.1
1333180 1397.8
1333190 1394.1
1333200 1394.1
1333210 1390.8
1333220 1387.6
1333230 1387.6
1333240 1384.6
1333250 1381.4
1333260 1378.5
1333270 1378.5
1333280 1375.8
1333290 1372.1
1333300 1372.1
1333310 1368.8
1333320 1366.4
1333330 1366.4
1333340 1364.1
1333350 1360.7
1333360 1360.7
1333370 1357.5
1333380 1354.6
1333390 1354.6
1333400 1353.4
1333410 1352.4
1333420 1352.4
1333430 1351.6
1333440 1350.0
1333450 1350.0
1333460 1346.5
1333470 1342.7
1333480 1342.7
1333490 1338.8
1333500 1333.4
1333510 1333.4
1333520 1327.7
1333530 1321.6
1333540 1321.6
1333550 1315.5
1333560 1309.2
1333570 1302.3
1333580 1302.3
1333590 1295.6
1333600 1291.8
1333610 1291.8
1333620 1296.0
1333630 1303.0
1333640 1303.0
1333650 1308.7
1333660 1310.0
1333670 1310.0
1333680 1312.5
1333690 1321.1
1333700 1321.1
1333710 1331.0
1333720 1337.2
1333730 1337.2
1333740 1340.8
1333750 1343.4
1333760 1343.4
1333770 1344.1
1333780 1343.3
1333790 1343.3
1333800 1341.1
1333810 1337.8
1333820 1337.8
1333830 1334.3
1333840 1330.3
1333850 1324.9
1333860 1324.9
1333870 1323.0
1333880 1323.0
1333890 1323.0
1333900 1321.8
1333910 1319.4
1333920 1319.4
1333930 1317.6
1333940 1315.6
1333950 1322.6
1333960 1322.4
1333970 1322.1
1333980 1322.1
1333990 1322.2
1334000 1321.9
1334010 1321.9
1334020 1321.3
1334030 1320.5
1334040 1320.5
1334050 1320.1
1334060 1321.0
1334070 1321.0
1334080 1319.7
1334090 1317.4
1334100 1317.4
1334110 1314.8
1334120 1311.7
1334130 1307.4
1334140 1307.4
1334150 1303.9
1334160 1301.4
1334170 1301.4
1334180 1299.8
1334190 1297.7
1334200 1297.7
1334210 1295.6
1334220 1294.2
1334230 1294.2
1334240 1292.9
1334250 1290.4
1334260 1290.4
1334270 1287.7
1334280 1287.5
1334290 1287.5
1334300 1285.4
1334310 1280.6
1334320 1280.6
1334330 1276.0
1334340 1270.9
1334350 1270.9
1334360 1267.0
1334370 1262.8
1334380 1262.8
1334390 1257.5
1334400 1254.6
1334410 1255.0
1334420 1255.0
1334430 1256.3
1334440 1256.4
1334450 1256.4
1334460 1254.6
1334470 1252.0
1334480 1252.0
1334490 1248.2
1334500 1244.6
1334510 1244.6
1334520 1241.3
1334530 1237.3
1334540 1237.3
1334550 1232.5
1334560 1228.2
1334570 1228.2
1334580 1224.2
1334590 1218.1
1334600 1218.1
1334610 1213.8
1334620 1211.1
1334630 1211.1
1334640 1209.4
1334650 1207.5
1334660 1207.5
1334670 1204.9
1334680 1200.3
1334690 1196.7
1334700 1196.7
1334710 1195.0
1334720 1194.3
1334730 1194.3
1334740 1195.6
1334750 1198.1
1334760 1198.1
1334770 1200.0
1334780 1200.5
1334790 1200.5
1334800 1199.3
1334810 1200.3
1334820 1200.3
1334830 1202.5
1334840 1205.5
1334850 1205.5
1334860 1208.8
1334870 1210.7
1334880 1210.7
1334890 1212.2
1334900 1213.9
1334910 1213.9
1334920 1215.5
1334930 1217.9
1334940 1217.9
1334950 1221.2
1334960 1225.6
1334970 1225.6
1334980 1231.5
1334990 1236.8
1335000 1240.4
1335010 1240.4
1335020 1241.2
1335030 1242.4
1335040 1242.4
1335050 1245.0
1335060 1248.3
1335070 1248.3
1335080 1253.3
1335090 1259.4
1335100 1259.4
1335110 1266.2
1335120 1273.2
1335130 1273.2
1335140 1280.7
1335150 1288.0
1335160 1288.0
1335170 1293.3
1335180 1297.3
1335190 1297.3
1335200 1300.4
1335210 1302.8
1335220 1302.8
1335230 1305.3
1335240 1308.6
1335250 1308.6
1335260 1310.9
1335270 1310.4
1335280 1309.4
1335290 1309.4
1335300 1312.8
1335310 1317.7
1335320 1317.7
1335330 1322.9
1335340 1329.1
1335350 1329.1
1335360 1335.4
1335370 1341.9
1335380 1341.9
1335390 1349.0
1335400 1356.6
1335410 1356.6
1335420 1363.3
1335430 1368.7
1335440 1368.7
1335450 1372.5
1335460 1375.5
1335470 1375.5
1335480 1380.4
1335490 1386.8
1335500 1386.8
1335510 1391.9
1335520 1396.2
1335530 1396.2
1335540 1400.5
1335550 1404.2
1335560 1407.0
1335570 1407.0
1335580 1409.5
1335590 1412.0
1335600 1412.0
1335610 1415.0
1335620 1418.8
1335630 1418.8
1335640 1421.4
1335650 1424.6
1335660 1421.1
1335670 1424.5
1335680 1427.5
1335690 1427.5
1335700 1431.6
1335710 1436.1
1335720 1436.1
1335730 1440.4
1335740 1445.2
1335750 1445.2
1335760 1451.1
1335770 1456.3
1335780 1456.3
1335790 1460.2
1335800 1464.8
1335810 1464.8
1335820 1468.3
1335830 1471.9
1335840 1476.6
1335850 1476.6
1335860 1478.3
1335870 1479.3
1335880 1479.3
1335890 1481.6
1335900 1484.4
1335910 1484.4
1335920 1485.4
1335930 1486.8
1335940 1486.8
1335950 1487.5
1335960 1487.6
1335970 1487.6
1335980 1485.0
1335990 1479.9
1336000 1479.9
1336010 1476.8
1336020 1481.6
1336030 1481.6
1336040 1487.3
1336050 1491.7
1336060 1491.7
1336070 1496.8
1336080 1500.8
1336090 1500.8
1336100 1503.7
1336110 1506.8
1336120 1509.1
1336130 1509.1
1336140 1511.2
1336150 1511.9
1336160 1511.9
1336170 1517.6
1336180 1521.9
1336190 1521.9
1336200 1524.6
1336210 1531.9
1336220 1531.9
1336230 1539.8
1336240 1546.6
1336250 1546.6
1336260 1551.9
1336270 1555.4
1336280 1555.4
1336290 1558.1
1336300 1562.3
1336310 1562.3
1336320 1570.7
1336330 1577.8
1336340 1577.8
1336350 1583.2
1336360 1587.5
1336370 1587.5
1336380 1588.8
1336390 1594.1
1336400 1594.1
1336410 1595.8
1336420 1596.6
1336430 1597.5
1336440 1597.5
1336450 1596.0
1336460 1595.6
1336470 1595.6
1336480 1598.7
1336490 1606.1
1336500 1606.1
1336510 1612.8
1336520 1611.9
1336530 1611.9
1336540 1615.6
1336550 1619.3
1336560 1619.3
1336570 1622.1
1336580 1623.7
1336590 1623.7
1336600 1625.9
1336610 1629.2
1336620 1629.2
1336630 1632.9
1336640 1636.0
1336650 1636.0
1336660 1638.8
1336670 1640.7
1336680 1640.7
1336690 1642.2
1336700 1644.4
1336710 1644.9
1336720 1644.9
1336730 1646.1
1336740 1649.1
1336750 1649.1
1336760 1652.6
1336770 1660.7
1336780 1660.7
1336790 1667.8
1336800 1673.1
1336810 1673.1
1336820 1679.4
1336830 1684.8
1336840 1684.8
1336850 1688.3
1336860 1691.2
1336870 1691.2
1336880 1694.1
1336890 1697.3
1336900 1697.3
1336910 1700.4
1336920 1703.7
1336930 1703.7
1336940 1707.3
1336950 1710.7
1336960 1710.7
1336970 1713.9
1336980 1717.3
1336990 1721.6
1337000 1721.6
1337010 1725.3
1337020 1728.5
1337030 1728.5
1337040 1732.3
1337050 1736.8
1337060 1736.8
1337070 1741.1
1337080 1746.3
1337090 1746.3
1337100 1752.1
1337110 1757.0
1337120 1757.0
1337130 1761.4
1337140 1765.4
1337150 1765.4
1337160 1768.4
1337170 1771.1
1337180 1771.1
1337190 1773.7
1337200 1776.2
1337210 1776.2
1337220 1778.9
1337230 1781.8
1337240 1781.8
1337250 1784.4
1337260 1786.7
1337270 1789.5
1337280 1789.5
1337290 1792.6
1337300 1795.5
1337310 1795.5
1337320 1798.4
1337330 1801.4
1337340 1801.4
1337350 1804.5
1337360 1808.6
1337370 1808.6
1337380 1809.8
1337390 1813.4
1337400 1813.4
1337410 1818.7
1337420 1825.6
1337430 1825.6
1337440 1831.9
1337450 1837.0
1337460 1837.0
1337470 1840.9
1337480 1842.8
1337490 1842.8
1337500 1844.7
1337510 1847.1
1337520 1847.1
1337530 1851.0
1337540 1856.1
1337550 1856.1
1337560 1861.1
1337570 1865.5
1337580 1869.5
1337590 1869.5
1337600 1873.4
1337610 1877.3
1337620 1877.3
1337630 1880.9
1337640 1884.2
1337650 1884.2
1337660 1887.9
1337670 1891.9
1337680 1891.9
1337690 1896.7
1337700 1902.0
1337710 1902.0
1337720 1907.9
1337730 1913.8
1337740 1913.8
1337750 1919.9
1337760 1926.7
1337770 1926.7
1337780 1932.1
1337790 1936.6
1337800 1936.6
1337810 1942.0
1337820 1947.9
1337830 1947.9
1337840 1954.4
1337850 1960.1
1337860 1965.8
1337870 1965.8
1337880 1971.2
1337890 1976.6
1337900 1976.6
1337910 1982.4
1337920 1989.1
1337930 1989.1
1337940 1996.1
1337950 2003.2
1337960 2003.2
1337970 2010.8
1337980 2018.9
1337990 2018.9
1338000 2027.3
1338010 2035.1
1338020 2035.1
1338030 2042.2
1338040 2049.0
1338050 2049.0
1338060 2055.5
1338070 2061.8
1338080 2061.8
1338090 2068.1
1338100 2074.2
1338110 2074.2
1338120 2082.1
1338130 2091.3
1338140 2099.0
1338150 2099.0
1338160 2104.7
1338170 2109.7
1338180 2109.7
1338190 2113.5
1338200 2115.1
1338210 2115.1
1338220 2118.6
1338230 2122.0
1338240 2122.0
1338250 2126.0
1338260 2128.2
1338270 2128.2
1338280 2128.8
1338290 2127.9
1338300 2127.9
1338310 2123.6
1338320 2117.5
1338330 2117.5
1338340 2111.7
1338350 2106.3
1338360 2106.3
1338370 2100.8
1338380 2096.0
1338390 2096.0
1338400 2091.0
1338410 2083.4
1338420 2074.4
1338430 2074.4
1338440 2065.9
1338450 2057.6
1338460 2057.6
1338470 2050.8
1338480 2044.4
1338490 2044.4
1338500 2037.8
1338510 2032.3
1338520 2032.3
1338530 2028.2
1338540 2024.9
1338550 2024.9
1338560 2021.5
1338570 2017.8
1338580 2017.8
1338590 2013.8
1338600 2010.8
1338610 2010.8
1338620 2009.2
1338630 2008.4
1338640 2008.4
1338650 2008.1
1338660 2007.3
1338670 2007.3
1338680 2007.4
1338690 2008.6
1338700 2010.5
1338710 2010.5
1338720 2011.9
1338730 2011.9
1338740 2011.9
1338750 2009.6
1338760 2005.8
1338770 2005.8
1338780 2003.1
1338790 2000.8
1338800 2000.8
1338810 1997.8
1338820 1992.4
1338830 1992.4
1338840 1986.0
1338850 1980.0
1338860 1980.0
1338870 1975.7
1338880 1972.8
1338890 1972.8
1338900 1971.4
1338910 1968.8
1338920 1968.8
1338930 1964.7
1338940 1960.8
1338950 1960.8
1338960 1959.0
1338970 1957.7
1338980 1957.7
1338990 1956.1
1339000 1956.4
1339010 1957.5
1339020 1957.5
1339030 1956.8
1339040 1956.9
1339050 1956.9
1339060 1957.9
1339070 1960.1
1339080 1960.1
1339090 1962.6
1339100 1964.0
1339110 1964.0
1339120 1965.0
1339130 1969.8
1339140 1969.8
1339150 1969.1
1339160 1966.0
1339170 1966.0
1339180 1963.4
1339190 1965.3
1339200 1965.3
1339210 1969.6
1339220 1974.3
1339230 1974.3
1339240 1979.5
1339250 1985.2
1339260 1985.2
1339270 1993.0
1339280 2000.2
1339290 2006.0
1339300 2006.0
1339310 2007.1
1339320 2007.7
1339330 2007.7
1339340 2009.9
1339350 2012.5
1339360 2012.5
1339370 2014.9
1339380 2016.8
1339390 2016.8
1339400 2015.3
1339410 2008.1
1339420 2008.1
1339430 2000.5
1339440 1993.5
1339450 1993.5
1339460 1986.7
1339470 1979.1
1339480 1979.1
1339490 1971.7
1339500 1963.1
1339510 1963.1
1339520 1955.1
1339530 1946.4
1339540 1946.4
1339550 1936.6
1339560 1925.0
1339570 1916.2
1339580 1916.2
1339590 1910.3
1339600 1905.9
1339610 1905.9
1339620 1901.6
1339630 1895.1
1339640 1895.1
1339650 1887.7
1339660 1878.9
1339670 1878.9
1339680 1870.0
1339690 1863.7
1339700 1863.7
1339710 1857.8
1339720 1853.4
1339730 1853.4
1339740 1850.9
1339750 1846.4
1339760 1846.4
1339770 1842.4
1339780 1840.0
1339790 1840.0
1339800 1839.7
1339810 1839.5
1339820 1839.5
1339830 1835.7
1339840 1830.4
1339850 1824.6
1339860 1824.6
1339870 1818.6
1339880 1813.2
1339890 1813.2
1339900 1807.3
1339910 1799.9
1339920 1799.9
1339930 1793.0
1339940 1786.7
1339950 1786.7
1339960 1780.6
1339970 1775.6
1339980 1775.6
1339990 1770.6
