1320000 530.9
1320010 531.0
1320020 531.0
1320030 531.0
1320040 531.1
1320050 531.1
1320060 531.1
1320070 531.2
1320080 531.2
1320090 531.2
1320100 530.9
1320110 530.7
1320120 530.7
1320130 531.1
1320140 531.3
1320150 531.3
1320160 531.3
1320170 531.2
1320180 531.2
1320190 531.2
1320200 531.2
1320210 531.2
1320220 531.2
1320230 531.3
1320240 531.3
1320250 531.3
1320260 531.3
1320270 531.3
1320280 531.3
1320290 531.4
1320300 531.4
1320310 531.5
1320320 531.7
1320330 531.7
1320340 531.8
1320350 531.9
1320360 532.0
1320370 532.0
1320380 531.8
1320390 531.7
1320400 531.7
1320410 531.7
1320420 531.7
1320430 531.7
1320440 531.6
1320450 531.5
1320460 531.5
1320470 531.5
1320480 531.5
1320490 531.5
1320500 531.5
1320510 531.8
1320520 531.8
1320530 531.8
1320540 531.9
1320550 531.9
1320560 532.0
1320570 532.1
1320580 532.1
1320590 531.9
1320600 531.8
1320610 531.8
1320620 531.8
1320630 531.6
1320640 531.6
1320650 532.1
1320660 532.2
1320670 532.2
1320680 532.2
1320690 532.2
1320700 532.3
1320710 532.3
1320720 532.3
1320730 532.4
1320740 532.4
1320750 532.5
1320760 532.5
1320770 532.5
1320780 532.7
1320790 532.9
1320800 532.9
1320810 533.4
1320820 533.6
1320830 533.6
1320840 531.7
1320850 531.3
1320860 531.3
1320870 531.3
1320880 531.3
1320890 531.3
1320900 531.3
1320910 531.8
1320920 531.8
1320930 533.3
1320940 533.4
1320950 533.2
1320960 533.2
1320970 533.0
1320980 532.9
1320990 532.9
1321000 532.8
1321010 532.7
1321020 532.7
1321030 532.6
1321040 532.8
1321050 532.8
1321060 533.4
1321070 533.8
1321080 533.8
1321090 534.2
1321100 535.1
1321110 535.1
1321120 536.6
1321130 537.9
1321140 537.9
1321150 538.9
1321160 539.7
1321170 538.3
1321180 539.0
1321190 540.1
1321200 540.1
1321210 541.8
1321220 544.1
1321230 549.1
1321240 549.1
1321250 558.7
1321260 565.6
1321270 565.6
1321280 570.3
1321290 576.5
1321300 576.5
1321310 582.2
1321320 587.6
1321330 587.6
1321340 592.8
1321350 597.2
1321360 597.2
1321370 601.9
1321380 605.0
1321390 605.0
1321400 607.4
1321410 612.0
1321420 612.0
1321430 617.6
1321440 622.9
1321450 622.9
1321460 626.3
1321470 630.1
1321480 630.1
1321490 634.2
1321500 637.0
1321510 639.9
1321520 639.9
1321530 643.1
1321540 646.0
1321550 646.0
1321560 648.8
1321570 650.9
1321580 650.9
1321590 650.9
1321600 650.8
1321610 650.8
1321620 652.9
1321630 656.6
1321640 656.6
1321650 657.5
1321660 658.7
1321670 658.7
1321680 662.3
1321690 665.1
1321700 665.1
1321710 667.6
1321720 669.6
1321730 669.6
1321740 671.4
1321750 674.1
1321760 674.1
1321770 676.7
1321780 679.9
1321790 683.6
1321800 683.6
1321810 686.4
1321820 688.8
1321830 688.8
1321840 690.3
1321850 691.3
1321860 691.3
1321870 693.7
1321880 697.4
1321890 697.4
1321900 702.4
1321910 705.6
1321920 705.6
1321930 708.1
1321940 710.2
1321950 716.9
1321960 718.4
1321970 721.1
1321980 721.1
1321990 723.1
1322000 725.7
1322010 725.7
1322020 728.1
1322030 730.0
1322040 730.0
1322050 732.0
1322060 734.0
1322070 737.3
1322080 737.3
1322090 741.9
1322100 748.4
1322110 748.4
1322120 754.6
1322130 760.5
1322140 760.5
1322150 766.4
1322160 771.7
1322170 771.7
1322180 775.3
1322190 778.9
1322200 778.9
1322210 782.8
1322220 785.9
1322230 785.9
1322240 789.2
1322250 792.8
1322260 792.8
1322270 796.6
1322280 800.9
1322290 800.9
1322300 805.0
1322310 808.8
1322320 808.8
1322330 812.8
1322340 817.1
1322350 817.1
1322360 821.4
1322370 825.0
1322380 827.0
1322390 827.0
1322400 827.6
1322410 830.6
1322420 830.6
1322430 833.8
1322440 836.9
1322450 836.9
1322460 840.6
1322470 844.4
1322480 844.4
1322490 847.8
1322500 851.0
1322510 851.0
1322520 854.5
1322530 858.6
1322540 858.6
1322550 862.9
1322560 867.3
1322570 867.3
1322580 871.6
1322590 875.8
1322600 875.8
1322610 881.9
1322620 886.9
1322630 886.9
1322640 889.0
1322650 891.3
1322660 893.6
1322670 893.6
1322680 895.6
1322690 897.3
1322700 897.3
1322710 899.0
1322720 900.2
1322730 897.9
1322740 900.0
1322750 902.7
1322760 902.7
1322770 906.3
1322780 911.1
1322790 911.1
1322800 916.2
1322810 921.5
1322820 921.5
1322830 926.9
1322840 931.4
1322850 931.4
1322860 936.5
1322870 941.7
1322880 941.7
1322890 946.7
1322900 951.8
1322910 951.8
1322920 956.3
1322930 960.4
1322940 964.2
1322950 964.2
1322960 968.8
1322970 974.8
1322980 974.8
1322990 981.1
1323000 986.2
1323010 986.2
1323020 990.1
1323030 994.1
1323040 994.1
1323050 1000.4
1323060 1006.7
1323070 1006.7
1323080 1012.6
1323090 1017.9
1323100 1017.9
1323110 1024.2
1323120 1032.1
1323130 1032.1
1323140 1039.8
1323150 1044.6
1323160 1044.6
1323170 1047.8
1323180 1051.4
1323190 1051.4
1323200 1055.6
1323210 1058.0
1323220 1060.1
1323230 1060.1
1323240 1063.3
1323250 1065.5
1323260 1065.5
1323270 1067.7
1323280 1071.0
1323290 1071.0
1323300 1074.3
1323310 1076.4
1323320 1076.4
1323330 1077.6
1323340 1079.9
1323350 1079.9
1323360 1082.0
1323370 1084.4
1323380 1084.4
1323390 1087.1
1323400 1089.6
1323410 1089.6
1323420 1092.4
1323430 1095.2
1323440 1095.2
1323450 1098.0
1323460 1100.6
1323470 1100.6
1323480 1105.4
1323490 1113.5
1323500 1122.2
1323510 1122.2
1323520 1127.1
1323530 1133.5
1323540 1133.5
1323550 1139.1
1323560 1143.0
1323570 1143.0
1323580 1147.1
1323590 1150.4
1323600 1150.4
1323610 1152.9
1323620 1154.9
1323630 1154.9
1323640 1157.3
1323650 1159.9
1323660 1159.9
1323670 1162.3
1323680 1165.1
1323690 1165.1
1323700 1167.5
1323710 1168.9
1323720 1168.9
1323730 1170.9
1323740 1173.4
1323750 1173.4
1323760 1176.1
1323770 1178.5
1323780 1178.5
1323790 1181.7
1323800 1185.2
1323810 1188.8
1323820 1188.8
1323830 1192.9
1323840 1197.4
1323850 1197.4
1323860 1201.6
1323870 1205.1
1323880 1205.1
1323890 1208.3
1323900 1211.8
1323910 1211.8
1323920 1214.7
1323930 1217.1
1323940 1217.1
1323950 1219.3
1323960 1221.5
1323970 1221.5
1323980 1224.0
1323990 1227.4
1324000 1227.4
1324010 1231.2
1324020 1234.8
1324030 1234.8
1324040 1238.1
1324050 1243.3
1324060 1243.3
1324070 1248.5
1324080 1252.9
1324090 1257.7
1324100 1257.7
1324110 1265.1
1324120 1272.9
1324130 1272.9
1324140 1281.3
1324150 1288.7
1324160 1288.7
1324170 1295.0
1324180 1300.2
1324190 1300.2
1324200 1305.1
1324210 1310.6
1324220 1310.6
1324230 1315.9
1324240 1321.4
1324250 1321.4
1324260 1326.9
1324270 1331.9
1324280 1331.9
1324290 1336.4
1324300 1340.8
1324310 1340.8
1324320 1343.3
1324330 1345.2
1324340 1345.2
1324350 1348.5
1324360 1353.0
1324370 1360.6
1324380 1360.6
1324390 1368.7
1324400 1376.3
1324410 1376.3
1324420 1384.6
1324430 1393.3
1324440 1393.3
1324450 1399.5
1324460 1404.5
1324470 1404.5
1324480 1413.6
1324490 1425.5
1324500 1425.5
1324510 1432.9
1324520 1437.6
1324530 1437.6
1324540 1442.5
1324550 1447.2
1324560 1447.2
1324570 1452.4
1324580 1459.2
1324590 1459.2
1324600 1465.8
1324610 1472.7
1324620 1472.7
1324630 1477.8
1324640 1481.3
1324650 1484.0
1324660 1484.0
1324670 1485.9
1324680 1487.1
1324690 1487.1
1324700 1487.4
1324710 1487.0
1324720 1487.0
1324730 1486.5
1324740 1485.5
1324750 1485.5
1324760 1483.7
1324770 1481.7
1324780 1481.7
1324790 1479.9
1324800 1478.1
1324810 1478.1
1324820 1475.9
1324830 1474.0
1324840 1474.0
1324850 1472.3
1324860 1470.5
1324870 1470.5
1324880 1468.9
1324890 1469.2
1324900 1469.2
1324910 1469.3
1324920 1468.8
1324930 1468.3
1324940 1468.3
1324950 1467.6
1324960 1467.0
1324970 1467.0
1324980 1466.3
1324990 1465.7
1325000 1465.7
1325010 1465.5
1325020 1465.2
1325030 1465.2
1325040 1464.9
1325050 1463.0
1325060 1463.0
1325070 1459.8
1325080 1457.6
1325090 1457.6
1325100 1456.8
1325110 1453.3
1325120 1453.3
1325130 1454.1
1325140 1454.5
1325150 1454.5
1325160 1455.2
1325170 1455.0
1325180 1455.0
1325190 1454.1
1325200 1454.3
1325210 1455.5
1325220 1455.5
1325230 1456.9
1325240 1459.0
1325250 1459.0
1325260 1458.1
1325270 1454.7
1325280 1454.7
1325290 1454.8
1325300 1458.4
1325310 1458.4
1325320 1463.3
1325330 1467.6
1325340 1467.6
1325350 1470.4
1325360 1471.1
1325370 1471.1
1325380 1471.3
1325390 1472.2
1325400 1472.2
1325410 1472.9
1325420 1474.6
1325430 1474.6
1325440 1478.2
1325450 1483.7
1325460 1483.7
1325470 1487.2
1325480 1489.1
1325490 1489.1
1325500 1489.6
1325510 1488.5
1325520 1487.9
1325530 1487.9
1325540 1488.6
1325550 1490.8
1325560 1490.8
1325570 1493.0
1325580 1498.3
1325590 1498.3
1325600 1505.0
1325610 1511.3
1325620 1511.3
1325630 1516.3
1325640 1522.4
1325650 1522.4
1325660 1529.1
1325670 1532.8
1325680 1532.8
1325690 1534.8
1325700 1536.3
1325710 1536.3
1325720 1538.8
1325730 1541.7
1325740 1541.7
1325750 1544.8
1325760 1547.8
1325770 1547.8
1325780 1550.7
1325790 1553.4
1325800 1556.0
1325810 1556.0
1325820 1559.3
1325830 1562.2
1325840 1562.2
1325850 1565.1
1325860 1568.9
1325870 1568.9
1325880 1574.0
1325890 1579.4
1325900 1579.4
1325910 1580.5
1325920 1584.2
1325930 1584.2
1325940 1587.6
1325950 1590.8
1325960 1590.8
1325970 1593.9
1325980 1597.2
1325990 1597.2
1326000 1600.6
1326010 1605.5
1326020 1605.5
1326030 1610.6
1326040 1614.5
1326050 1614.5
1326060 1616.6
1326070 1621.4
1326080 1627.1
1326090 1627.1
1326100 1632.6
1326110 1637.6
1326120 1637.6
1326130 1642.2
1326140 1647.1
1326150 1647.1
1326160 1653.5
1326170 1659.7
1326180 1659.7
1326190 1663.6
1326200 1666.8
1326210 1666.8
1326220 1671.0
1326230 1675.6
1326240 1675.6
1326250 1680.3
1326260 1685.0
1326270 1685.0
1326280 1689.8
1326290 1693.7
1326300 1693.7
1326310 1696.8
1326320 1699.7
1326330 1699.7
1326340 1702.2
1326350 1704.6
1326360 1707.5
1326370 1707.5
1326380 1711.6
1326390 1716.6
1326400 1716.6
1326410 1722.2
1326420 1727.0
1326430 1727.0
1326440 1731.1
1326450 1736.2
1326460 1736.2
1326470 1740.8
1326480 1743.9
1326490 1743.9
1326500 1746.6
1326510 1749.2
1326520 1749.2
1326530 1752.2
1326540 1755.8
1326550 1755.8
1326560 1759.0
1326570 1761.2
1326580 1761.2
1326590 1762.6
1326600 1764.9
1326610 1764.9
1326620 1767.9
1326630 1770.2
1326640 1772.6
1326650 1772.6
1326660 1775.9
1326670 1780.1
1326680 1780.1
1326690 1785.4
1326700 1789.2
1326710 1789.2
1326720 1795.0
1326730 1798.8
1326740 1798.8
1326750 1800.9
1326760 1804.1
1326770 1804.1
1326780 1809.3
1326790 1815.0
1326800 1815.0
1326810 1820.6
1326820 1824.1
1326830 1824.1
1326840 1827.3
1326850 1831.9
1326860 1831.9
1326870 1838.5
1326880 1843.8
1326890 1843.8
1326900 1848.1
1326910 1853.5
1326920 1858.7
1326930 1858.7
1326940 1863.7
1326950 1868.7
1326960 1868.7
1326970 1873.2
1326980 1877.7
1326990 1877.7
1327000 1882.3
1327010 1887.1
1327020 1887.1
1327030 1891.4
1327040 1895.0
1327050 1895.0
1327060 1899.0
1327070 1903.8
1327080 1903.8
1327090 1908.0
1327100 1911.8
1327110 1911.8
1327120 1916.3
1327130 1920.9
1327140 1920.9
1327150 1925.4
1327160 1930.1
1327170 1930.1
1327180 1935.0
1327190 1940.2
1327200 1940.2
1327210 1946.2
1327220 1952.4
1327230 1958.0
1327240 1958.0
1327250 1963.5
1327260 1969.2
1327270 1969.2
1327280 1974.8
1327290 1980.0
1327300 1980.0
1327310 1984.6
1327320 1988.7
1327330 1988.7
1327340 1992.4
1327350 1995.7
1327360 1995.7
1327370 1999.0
1327380 2003.5
1327390 2003.5
1327400 2008.3
1327410 2012.0
1327420 2012.0
1327430 2014.7
1327440 2016.6
1327450 2016.6
1327460 2018.0
1327470 2014.9
1327480 2014.9
1327490 2008.9
1327500 2002.9
1327510 1996.7
1327520 1996.7
1327530 1988.2
1327540 1982.9
1327550 1982.9
1327560 1978.8
1327570 1975.8
1327580 1975.8
1327590 1971.3
1327600 1965.4
1327610 1965.4
1327620 1959.4
1327630 1953.5
1327640 1953.5
1327650 1947.4
1327660 1941.1
1327670 1941.1
1327680 1934.6
1327690 1928.4
1327700 1928.4
1327710 1922.9
1327720 1917.3
1327730 1917.3
1327740 1911.9
1327750 1907.8
1327760 1907.8
1327770 1904.9
1327780 1901.8
1327790 1898.5
1327800 1898.5
1327810 1894.5
1327820 1891.1
1327830 1891.1
1327840 1889.1
1327850 1887.3
1327860 1887.3
1327870 1885.8
1327880 1884.6
1327890 1884.6
1327900 1882.9
1327910 1880.0
1327920 1880.0
1327930 1874.9
1327940 1869.1
1327950 1869.1
1327960 1865.9
1327970 1862.5
1327980 1862.5
1327990 1858.2
1328000 1854.3
1328010 1854.3
1328020 1851.2
1328030 1844.9
1328040 1844.9
1328050 1838.0
1328060 1834.0
1328070 1831.5
1328080 1831.5
1328090 1828.4
1328100 1824.0
1328110 1824.0
1328120 1819.4
1328130 1813.8
1328140 1813.8
1328150 1809.8
1328160 1805.1
1328170 1805.1
1328180 1800.5
1328190 1796.5
1328200 1796.5
1328210 1793.5
1328220 1791.2
1328230 1791.2
1328240 1787.8
1328250 1782.5
1328260 1782.5
1328270 1778.3
1328280 1773.1
1328290 1773.1
1328300 1768.4
1328310 1764.6
1328320 1764.6
1328330 1761.4
1328340 1758.7
1328350 1756.2
1328360 1756.2
1328370 1752.4
1328380 1747.2
1328390 1747.2
1328400 1741.4
1328410 1735.7
1328420 1735.7
1328430 1730.2
1328440 1724.2
1328450 1724.2
1328460 1717.6
1328470 1712.6
1328480 1712.6
1328490 1709.1
1328500 1705.3
1328510 1705.3
1328520 1699.9
1328530 1693.8
1328540 1693.8
1328550 1688.2
1328560 1682.5
1328570 1682.5
1328580 1676.1
1328590 1670.0
1328600 1670.0
1328610 1663.8
1328620 1657.0
1328630 1650.2
1328640 1650.2
1328650 1644.0
1328660 1638.5
1328670 1638.5
1328680 1634.5
1328690 1630.2
1328700 1630.2
1328710 1624.0
1328720 1617.8
1328730 1617.8
1328740 1611.2
1328750 1604.4
1328760 1604.4
1328770 1599.4
1328780 1594.0
1328790 1594.0
1328800 1588.8
1328810 1584.2
1328820 1584.2
1328830 1579.6
1328840 1575.1
1328850 1575.1
1328860 1570.4
1328870 1566.6
1328880 1566.6
1328890 1562.1
1328900 1556.8
1328910 1556.8
1328920 1551.9
1328930 1546.8
1328940 1542.7
1328950 1542.7
1328960 1536.3
1328970 1529.0
1328980 1529.0
1328990 1521.8
1329000 1516.7
1329010 1516.7
1329020 1510.8
1329030 1504.3
1329040 1504.3
1329050 1499.3
1329060 1495.4
1329070 1495.4
1329080 1492.9
1329090 1488.9
1329100 1488.9
1329110 1484.9
1329120 1484.1
1329130 1484.1
1329140 1482.5
1329150 1479.8
1329160 1481.1
1329170 1477.7
1329180 1473.6
1329190 1473.6
1329200 1469.6
1329210 1464.8
1329220 1460.7
1329230 1460.7
1329240 1457.0
1329250 1451.9
1329260 1451.9
1329270 1447.2
1329280 1444.0
1329290 1444.0
1329300 1441.2
1329310 1437.9
1329320 1437.9
1329330 1434.0
1329340 1428.4
1329350 1428.4
1329360 1421.5
1329370 1415.4
1329380 1415.4
1329390 1409.7
1329400 1403.9
1329410 1403.9
1329420 1396.7
1329430 1390.4
1329440 1390.4
1329450 1385.9
1329460 1382.2
1329470 1382.2
1329480 1379.2
1329490 1377.0
1329500 1376.3
1329510 1376.3
1329520 1376.4
1329530 1373.5
1329540 1373.5
1329550 1371.1
1329560 1368.1
1329570 1368.1
1329580 1363.8
1329590 1360.0
1329600 1360.0
1329610 1356.2
1329620 1350.9
1329630 1350.9
1329640 1345.1
1329650 1339.4
1329660 1339.4
1329670 1334.6
1329680 1330.9
1329690 1330.9
1329700 1327.3
1329710 1323.3
1329720 1323.3
1329730 1320.0
1329740 1316.1
1329750 1316.1
1329760 1311.2
1329770 1306.7
1329780 1302.1
1329790 1302.1
1329800 1296.7
1329810 1290.7
1329820 1290.7
1329830 1283.9
1329840 1278.1
1329850 1278.1
1329860 1273.6
1329870 1269.4
1329880 1269.4
1329890 1263.6
1329900 1258.3
1329910 1258.3
1329920 1254.1
1329930 1251.7
1329940 1251.7
1329950 1250.0
1329960 1248.4
1329970 1248.4
1329980 1254.4
1329990 1253.5
1330000 1253.5
1330010 1252.6
1330020 1250.4
1330030 1250.4
1330040 1248.1
1330050 1245.9
1330060 1243.7
1330070 1243.7
1330080 1242.0
1330090 1240.2
1330100 1240.2
1330110 1238.3
1330120 1236.6
1330130 1236.6
1330140 1235.1
1330150 1233.9
1330160 1233.9
1330170 1232.4
1330180 1230.6
1330190 1230.6
1330200 1228.9
1330210 1227.0
1330220 1227.0
1330230 1225.0
1330240 1223.1
1330250 1223.1
1330260 1221.1
1330270 1218.5
1330280 1218.5
1330290 1215.1
1330300 1208.4
1330310 1208.4
1330320 1201.3
1330330 1198.1
1330340 1195.5
1330350 1195.5
1330360 1197.5
1330370 1202.7
1330380 1202.7
1330390 1209.5
1330400 1217.3
1330410 1217.3
1330420 1224.8
1330430 1232.1
1330440 1232.1
1330450 1239.5
1330460 1247.1
1330470 1247.1
1330480 1252.5
1330490 1256.4
1330500 1256.4
1330510 1259.6
1330520 1263.6
1330530 1263.6
1330540 1267.5
1330550 1272.1
1330560 1272.1
1330570 1277.1
1330580 1282.5
1330590 1282.5
1330600 1288.0
1330610 1293.6
1330620 1293.6
1330630 1298.6
1330640 1303.5
1330650 1308.4
1330660 1308.4
1330670 1313.6
1330680 1317.7
1330690 1317.7
1330700 1321.8
1330710 1326.3
1330720 1326.3
1330730 1331.3
1330740 1336.4
1330750 1336.4
1330760 1342.1
1330770 1348.9
1330780 1348.9
1330790 1356.3
1330800 1361.3
1330810 1361.9
1330820 1366.5
1330830 1371.3
1330840 1371.3
1330850 1376.2
1330860 1380.8
1330870 1380.8
1330880 1385.9
1330890 1391.9
1330900 1391.9
1330910 1398.0
1330920 1403.4
1330930 1408.6
1330940 1408.6
1330950 1413.4
1330960 1417.8
1330970 1417.8
1330980 1422.7
1330990 1426.9
1331000 1426.9
1331010 1430.7
1331020 1434.5
1331030 1434.5
1331040 1437.9
1331050 1443.8
1331060 1443.8
1331070 1451.5
1331080 1458.6
1331090 1458.6
1331100 1463.9
1331110 1468.4
1331120 1468.4
1331130 1473.8
1331140 1478.5
1331150 1478.5
1331160 1483.2
1331170 1488.9
1331180 1488.9
1331190 1495.1
1331200 1500.9
1331210 1505.2
1331220 1505.2
1331230 1511.9
1331240 1517.3
1331250 1517.3
1331260 1522.5
1331270 1526.8
1331280 1526.8
1331290 1530.8
1331300 1535.3
1331310 1535.3
1331320 1538.9
1331330 1544.3
1331340 1544.3
1331350 1549.8
1331360 1555.2
1331370 1555.2
1331380 1556.7
1331390 1558.9
1331400 1558.9
1331410 1563.4
1331420 1570.6
1331430 1570.6
1331440 1577.9
1331450 1582.9
1331460 1582.9
1331470 1586.0
1331480 1591.9
1331490 1596.3
1331500 1596.3
1331510 1598.0
1331520 1599.0
1331530 1599.0
1331540 1600.2
1331550 1601.7
1331560 1601.7
1331570 1603.7
1331580 1606.3
1331590 1606.3
1331600 1608.4
1331610 1611.2
1331620 1611.2
1331630 1614.9
1331640 1623.3
1331650 1623.3
1331660 1626.4
1331670 1629.1
1331680 1629.1
1331690 1634.1
1331700 1639.1
1331710 1639.1
1331720 1644.3
1331730 1649.4
1331740 1649.4
1331750 1654.0
1331760 1658.6
1331770 1665.1
1331780 1665.1
1331790 1673.6
1331800 1682.0
1331810 1682.0
1331820 1688.4
1331830 1693.3
1331840 1693.3
1331850 1697.4
1331860 1702.1
1331870 1702.1
1331880 1707.9
1331890 1714.9
1331900 1714.9
1331910 1723.7
1331920 1732.1
1331930 1732.1
1331940 1738.7
1331950 1744.1
1331960 1744.1
1331970 1749.2
1331980 1754.9
1331990 1754.9
1332000 1761.0
1332010 1768.5
1332020 1768.5
1332030 1777.0
1332040 1785.2
1332050 1793.2
1332060 1793.2
1332070 1799.2
1332080 1804.7
1332090 1804.7
1332100 1807.6
1332110 1807.0
1332120 1807.0
1332130 1801.9
1332140 1798.6
1332150 1798.6
1332160 1797.9
1332170 1797.1
1332180 1797.1
1332190 1793.9
1332200 1793.2
1332210 1793.2
1332220 1793.3
1332230 1788.8
1332240 1788.8
1332250 1782.3
1332260 1776.2
1332270 1776.2
1332280 1771.7
1332290 1767.0
1332300 1767.0
1332310 1761.0
1332320 1756.5
1332330 1756.5
1332340 1752.9
1332350 1749.3
1332360 1744.5
1332370 1744.5
1332380 1739.7
1332390 1735.7
1332400 1735.7
1332410 1730.9
1332420 1726.2
1332430 1726.2
1332440 1720.6
1332450 1716.3
1332460 1716.3
1332470 1713.6
1332480 1713.6
1332490 1713.6
1332500 1709.9
1332510 1706.3
1332520 1706.3
1332530 1701.5
1332540 1695.6
1332550 1695.6
1332560 1690.0
1332570 1683.8
1332580 1683.8
1332590 1677.4
1332600 1671.6
1332610 1671.6
1332620 1667.3
1332630 1663.4
1332640 1660.8
1332650 1660.8
1332660 1658.8
1332670 1655.9
1332680 1655.9
1332690 1652.4
1332700 1648.4
1332710 1648.4
1332720 1643.7
1332730 1638.3
1332740 1638.3
1332750 1632.1
1332760 1625.8
1332770 1625.8
1332780 1621.1
1332790 1616.7
1332800 1616.7
1332810 1613.3
1332820 1609.9
1332830 1609.9
1332840 1605.7
1332850 1603.1
1332860 1603.1
1332870 1599.8
1332880 1595.3
1332890 1595.3
1332900 1591.3
1332910 1587.7
1332920 1581.2
1332930 1581.2
1332940 1574.9
1332950 1572.1
1332960 1572.1
1332970 1567.7
1332980 1562.6
1332990 1562.6
1333000 1559.6
1333010 1553.9
1333020 1553.9
1333030 1548.2
1333040 1540.9
1333050 1540.9
1333060 1533.6
1333070 1526.3
1333080 1526.3
1333090 1518.3
1333100 1511.0
1333110 1511.0
1333120 1505.2
1333130 1501.5
1333140 1501.5
1333150 1498.7
1333160 1493.6
1333170 1493.6
1333180 1486.4
1333190 1479.8
1333200 1475.2
1333210 1475.2
1333220 1478.4
1333230 1483.4
1333240 1483.4
1333250 1485.2
1333260 1487.0
1333270 1487.0
1333280 1491.5
1333290 1495.8
1333300 1495.8
1333310 1499.5
1333320 1507.1
1333330 1507.1
1333340 1510.4
1333350 1514.3
1333360 1514.3
1333370 1518.4
1333380 1522.2
1333390 1522.2
1333400 1525.5
1333410 1529.1
1333420 1529.1
1333430 1534.0
1333440 1538.6
1333450 1538.6
1333460 1543.3
1333470 1548.7
1333480 1554.6
1333490 1554.6
1333500 1560.4
1333510 1566.4
1333520 1566.4
1333530 1572.9
1333540 1578.7
1333550 1578.7
1333560 1584.3
1333570 1589.4
1333580 1589.4
1333590 1594.1
1333600 1598.5
1333610 1598.5
1333620 1601.5
1333630 1603.3
1333640 1603.3
1333650 1604.5
1333660 1605.3
1333670 1605.3
1333680 1606.3
1333690 1604.5
1333700 1604.5
1333710 1600.8
1333720 1597.6
1333730 1597.6
1333740 1594.2
1333750 1590.3
1333760 1586.4
1333770 1586.4
1333780 1583.8
1333790 1581.4
1333800 1581.4
1333810 1579.3
1333820 1578.0
1333830 1578.0
1333840 1576.0
1333850 1573.5
1333860 1573.5
1333870 1571.3
1333880 1568.6
1333890 1568.6
1333900 1567.9
1333910 1570.0
1333920 1570.0
1333930 1573.0
1333940 1575.1
1333950 1575.1
1333960 1576.0
1333970 1577.0
1333980 1577.0
1333990 1577.5
1334000 1579.6
1334010 1579.6
1334020 1581.2
1334030 1582.0
1334040 1582.0
1334050 1583.3
1334060 1584.9
1334070 1585.9
1334080 1585.9
1334090 1585.3
1334100 1584.7
1334110 1584.7
1334120 1587.1
1334130 1589.1
1334140 1589.1
1334150 1588.3
1334160 1588.1
1334170 1595.3
1334180 1594.7
1334190 1593.8
1334200 1593.8
1334210 1591.9
1334220 1591.5
1334230 1591.5
1334240 1590.2
1334250 1587.7
1334260 1587.7
1334270 1586.3
1334280 1583.2
1334290 1583.2
1334300 1582.7
1334310 1581.3
1334320 1581.3
1334330 1578.8
1334340 1575.5
1334350 1572.8
1334360 1572.8
1334370 1573.0
1334380 1573.7
1334390 1573.7
1334400 1573.9
1334410 1574.0
1334420 1574.0
1334430 1574.9
1334440 1575.1
1334450 1575.1
1334460 1573.7
1334470 1571.9
1334480 1571.9
1334490 1569.5
1334500 1567.7
1334510 1567.7
1334520 1565.7
1334530 1564.2
1334540 1564.2
1334550 1562.7
1334560 1560.7
1334570 1560.7
1334580 1558.1
1334590 1555.0
1334600 1555.0
1334610 1552.2
1334620 1548.8
1334630 1545.6
1334640 1545.6
1334650 1543.1
1334660 1540.9
1334670 1540.9
1334680 1539.3
1334690 1538.4
1334700 1538.4
1334710 1536.9
1334720 1535.4
1334730 1535.4
1334740 1530.8
1334750 1522.5
1334760 1522.5
1334770 1514.2
1334780 1506.7
1334790 1506.7
1334800 1499.2
1334810 1491.3
1334820 1491.3
1334830 1484.2
1334840 1476.8
1334850 1476.8
1334860 1470.1
1334870 1465.1
1334880 1465.1
1334890 1459.5
1334900 1455.1
1334910 1450.7
1334920 1450.7
1334930 1445.6
1334940 1440.8
1334950 1440.8
1334960 1436.2
1334970 1431.5
1334980 1431.5
1334990 1426.2
1335000 1419.2
1335010 1419.2
1335020 1414.5
1335030 1408.0
1335040 1408.0
1335050 1403.2
1335060 1398.9
1335070 1398.9
1335080 1393.7
1335090 1389.4
1335100 1389.4
1335110 1389.5
1335120 1389.8
1335130 1389.8
1335140 1388.2
1335150 1382.7
1335160 1382.7
1335170 1379.7
1335180 1379.0
1335190 1378.7
1335200 1378.7
1335210 1377.7
1335220 1377.9
1335230 1377.9
1335240 1379.2
1335250 1378.5
1335260 1378.5
1335270 1377.8
1335280 1377.0
1335290 1377.0
1335300 1376.4
1335310 1375.5
1335320 1375.5
1335330 1374.2
1335340 1372.9
1335350 1372.9
1335360 1371.7
1335370 1370.3
1335380 1370.3
1335390 1368.8
1335400 1366.7
1335410 1366.7
1335420 1364.4
1335430 1361.9
1335440 1361.9
1335450 1359.1
1335460 1356.0
1335470 1352.4
1335480 1352.4
1335490 1348.3
1335500 1345.0
1335510 1345.0
1335520 1342.0
1335530 1338.6
1335540 1338.6
1335550 1333.5
1335560 1326.6
1335570 1326.6
1335580 1322.5
1335590 1319.1
1335600 1319.1
1335610 1316.4
1335620 1315.8
1335630 1315.8
1335640 1319.9
1335650 1325.2
1335660 1325.2
1335670 1330.7
1335680 1336.8
1335690 1336.8
1335700 1342.6
1335710 1349.2
1335720 1349.2
1335730 1356.9
1335740 1365.0
1335750 1365.0
1335760 1370.4
1335770 1374.0
1335780 1378.2
1335790 1378.2
1335800 1381.3
1335810 1384.6
1335820 1384.6
1335830 1388.8
1335840 1393.2
1335850 1393.2
1335860 1399.0
1335870 1403.9
1335880 1403.9
1335890 1409.1
1335900 1413.0
1335910 1413.0
1335920 1416.5
1335930 1420.2
1335940 1420.2
1335950 1425.2
1335960 1430.4
1335970 1430.4
1335980 1434.8
1335990 1439.2
1336000 1439.2
1336010 1443.7
1336020 1448.4
1336030 1448.4
1336040 1453.5
1336050 1457.1
1336060 1461.6
1336070 1461.6
1336080 1467.2
1336090 1473.8
1336100 1473.8
1336110 1481.0
1336120 1486.4
1336130 1486.4
1336140 1490.8
1336150 1496.1
1336160 1496.1
1336170 1501.5
1336180 1507.1
1336190 1507.1
1336200 1512.3
1336210 1517.2
1336220 1517.2
1336230 1522.9
1336240 1529.0
1336250 1529.0
1336260 1534.4
1336270 1541.9
1336280 1541.9
1336290 1551.8
1336300 1562.3
1336310 1562.3
1336320 1570.8
1336330 1577.0
1336340 1584.2
1336350 1584.2
1336360 1591.3
1336370 1598.6
1336380 1598.6
1336390 1606.1
1336400 1613.3
1336410 1613.3
1336420 1620.4
1336430 1626.3
1336440 1626.3
1336450 1633.2
1336460 1641.0
1336470 1641.0
1336480 1649.2
1336490 1657.3
1336500 1657.3
1336510 1664.8
1336520 1672.8
1336530 1672.8
1336540 1680.7
1336550 1688.7
1336560 1688.7
1336570 1696.2
1336580 1703.1
1336590 1703.1
1336600 1710.8
1336610 1719.3
1336620 1727.1
1336630 1727.1
1336640 1731.4
1336650 1738.3
1336660 1738.3
1336670 1745.5
1336680 1752.8
1336690 1752.8
1336700 1760.1
1336710 1767.7
1336720 1767.7
1336730 1775.8
1336740 1782.9
1336750 1782.9
1336760 1789.4
1336770 1795.4
1336780 1795.4
1336790 1801.2
1336800 1807.2
1336810 1807.2
1336820 1811.6
1336830 1815.3
1336840 1815.3
1336850 1819.2
1336860 1820.7
1336870 1820.7
1336880 1820.1
1336890 1818.8
1336900 1816.6
1336910 1816.6
1336920 1813.5
1336930 1810.7
1336940 1810.7
1336950 1808.1
1336960 1808.0
1336970 1808.0
1336980 1809.0
1336990 1809.0
1337000 1809.0
1337010 1808.9
1337020 1809.0
1337030 1809.0
1337040 1809.5
1337050 1810.0
1337060 1810.0
1337070 1810.3
1337080 1810.6
1337090 1810.6
1337100 1810.7
1337110 1810.7
1337120 1810.7
1337130 1809.9
1337140 1810.3
1337150 1810.3
1337160 1810.1
1337170 1809.8
1337180 1809.8
1337190 1809.8
1337200 1809.6
1337210 1809.5
1337220 1809.5
1337230 1809.4
1337240 1808.5
1337250 1808.5
1337260 1805.0
1337270 1807.2
1337280 1807.2
1337290 1810.6
1337300 1812.6
1337310 1812.6
1337320 1814.1
1337330 1815.0
1337340 1815.0
1337350 1815.4
1337360 1816.3
1337370 1816.3
1337380 1817.1
1337390 1817.9
1337400 1817.9
1337410 1818.7
1337420 1819.3
1337430 1819.3
1337440 1819.9
1337450 1820.6
1337460 1820.6
1337470 1821.2
1337480 1821.9
1337490 1822.9
1337500 1822.9
1337510 1824.2
1337520 1825.3
1337530 1825.3
1337540 1826.4
1337550 1827.9
1337560 1827.9
1337570 1829.5
1337580 1831.3
1337590 1831.3
1337600 1834.4
1337610 1837.8
1337620 1837.8
1337630 1841.1
1337640 1844.0
1337650 1844.0
1337660 1846.8
1337670 1848.9
1337680 1848.9
1337690 1850.3
1337700 1851.5
1337710 1851.5
1337720 1853.7
1337730 1856.9
1337740 1856.9
1337750 1860.8
1337760 1864.9
1337770 1868.3
1337780 1868.3
1337790 1871.9
1337800 1875.1
1337810 1875.1
1337820 1879.7
1337830 1888.3
1337840 1888.3
1337850 1896.3
1337860 1901.9
1337870 1901.9
1337880 1905.5
1337890 1910.9
1337900 1910.9
1337910 1916.7
1337920 1922.2
1337930 1922.2
1337940 1926.1
1337950 1928.2
1337960 1928.2
1337970 1930.5
1337980 1932.8
1337990 1932.8
1338000 1935.8
1338010 1939.7
1338020 1939.7
1338030 1943.4
1338040 1947.3
1338050 1950.9
1338060 1950.9
1338070 1954.7
1338080 1960.1
1338090 1960.1
1338100 1965.6
1338110 1970.8
1338120 1970.8
1338130 1975.9
1338140 1981.7
1338150 1981.7
1338160 1987.9
1338170 1994.4
1338180 1994.4
1338190 2000.9
1338200 2009.2
1338210 2009.2
1338220 2018.4
1338230 2028.6
1338240 2028.6
1338250 2036.8
1338260 2044.8
1338270 2044.8
1338280 2051.8
1338290 2059.3
1338300 2059.3
1338310 2066.9
1338320 2073.8
1338330 2080.6
1338340 2080.6
1338350 2089.7
1338360 2100.3
1338370 2100.3
1338380 2109.4
1338390 2119.3
1338400 2119.3
1338410 2131.6
1338420 2139.7
1338430 2139.7
1338440 2143.2
1338450 2145.2
1338460 2145.2
1338470 2139.7
1338480 2137.6
1338490 2137.6
1338500 2133.6
1338510 2128.9
1338520 2128.9
1338530 2125.6
1338540 2123.1
1338550 2123.1
1338560 2119.1
1338570 2113.1
1338580 2113.1
1338590 2106.9
1338600 2101.3
1338610 2097.1
1338620 2097.1
1338630 2093.7
1338640 2091.7
1338650 2091.7
1338660 2090.7
1338670 2090.1
1338680 2090.1
1338690 2089.5
1338700 2089.4
1338710 2089.4
1338720 2088.3
1338730 2082.3
1338740 2082.3
1338750 2069.5
1338760 2057.1
1338770 2057.1
1338780 2047.2
1338790 2040.9
1338800 2040.9
1338810 2036.2
1338820 2031.5
1338830 2031.5
1338840 2026.4
1338850 2020.7
1338860 2020.7
1338870 2016.7
1338880 2013.7
1338890 2009.5
1338900 2009.5
1338910 2004.5
1338920 1999.5
1338930 1999.5
1338940 1996.3
1338950 1994.7
1338960 1994.7
1338970 1993.6
1338980 1992.4
1338990 1992.4
1339000 1991.5
1339010 1991.0
1339020 1991.0
1339030 1989.3
1339040 1986.6
1339050 1986.6
1339060 1985.0
1339070 1983.7
1339080 1983.7
1339090 1981.1
1339100 1977.5
1339110 1977.5
1339120 1973.3
1339130 1969.2
1339140 1969.2
1339150 1965.4
1339160 1960.6
1339170 1960.6
1339180 1955.8
1339190 1950.4
1339200 1944.9
1339210 1944.9
1339220 1940.0
1339230 1935.5
1339240 1935.5
1339250 1931.1
1339260 1926.1
1339270 1926.1
1339280 1921.4
1339290 1917.4
1339300 1917.4
1339310 1914.4
1339320 1912.2
1339330 1912.2
1339340 1911.2
1339350 1908.0
1339360 1908.0
1339370 1906.2
1339380 1902.6
1339390 1902.6
1339400 1898.2
1339410 1893.9
1339420 1893.9
1339430 1888.9
1339440 1884.4
1339450 1884.4
1339460 1879.6
1339470 1873.3
1339480 1866.5
1339490 1866.5
1339500 1860.4
1339510 1855.4
1339520 1855.4
1339530 1852.5
1339540 1850.7
1339550 1850.7
1339560 1849.2
1339570 1846.6
1339580 1846.6
1339590 1841.7
1339600 1835.9
1339610 1835.9
1339620 1830.3
1339630 1824.7
1339640 1824.7
1339650 1819.0
1339660 1813.3
1339670 1813.3
1339680 1807.9
1339690 1803.3
1339700 1803.3
1339710 1795.9
1339720 1786.3
1339730 1786.3
1339740 1776.2
1339750 1766.9
1339760 1759.9
1339770 1759.9
1339780 1753.1
1339790 1746.2
1339800 1746.2
1339810 1739.9
1339820 1734.6
1339830 1734.6
1339840 1729.3
1339850 1723.7
1339860 1723.7
1339870 1718.5
1339880 1714.0
1339890 1714.0
1339900 1710.5
1339910 1706.5
1339920 1706.5
1339930 1701.3
1339940 1695.4
1339950 1695.4
1339960 1690.2
1339970 1686.6
1339980 1686.6
1339990 1683.3
