1320000 530.0
1320010 530.1
1320020 530.1
1320030 530.0
1320040 530.1
1320050 530.1
1320060 530.1
1320070 530.2
1320080 530.2
1320090 530.3
1320100 530.5
1320110 530.5
1320120 530.4
1320130 530.3
1320140 530.3
1320150 530.3
1320160 530.5
1320170 530.5
1320180 530.3
1320190 530.3
1320200 530.3
1320210 530.3
1320220 530.2
1320230 530.2
1320240 530.2
1320250 530.2
1320260 530.2
1320270 530.2
1320280 530.2
1320290 530.4
1320300 530.4
1320310 530.4
1320320 530.4
1320330 530.4
1320340 530.5
1320350 530.7
1320360 530.7
1320370 530.8
1320380 531.0
1320390 531.0
1320400 531.0
1320410 530.9
1320420 530.9
1320430 530.8
1320440 530.7
1320450 530.7
1320460 530.8
1320470 530.7
1320480 530.7
1320490 530.5
1320500 530.5
1320510 530.5
1320520 530.5
1320530 530.6
1320540 530.8
1320550 530.8
1320560 530.9
1320570 530.8
1320580 530.8
1320590 530.6
1320600 530.7
1320610 530.7
1320620 530.8
1320630 530.9
1320640 530.9
1320650 531.0
1320660 531.1
1320670 531.1
1320680 531.1
1320690 531.1
1320700 531.1
1320710 531.1
1320720 531.2
1320730 531.2
1320740 531.2
1320750 531.3
1320760 531.3
1320770 531.4
1320780 531.6
1320790 531.6
1320800 532.1
1320810 531.4
1320820 530.4
1320830 530.4
1320840 530.4
1320850 530.4
1320860 530.4
1320870 530.4
1320880 530.8
1320890 530.8
1320900 533.0
1320910 533.5
1320920 533.5
1320930 534.3
1320940 535.0
1320950 535.0
1320960 535.1
1320970 536.2
1320980 536.2
1320990 537.5
1321000 538.7
1321010 538.7
1321020 540.0
1321030 540.8
1321040 540.8
1321050 541.5
1321060 542.4
1321070 542.4
1321080 543.2
1321090 544.6
1321100 546.3
1321110 546.3
1321120 547.5
1321130 548.4
1321140 548.4
1321150 549.8
1321160 551.7
1321170 551.7
1321180 553.0
1321190 554.4
1321200 554.4
1321210 556.1
1321220 557.5
1321230 557.5
1321240 558.5
1321250 559.0
1321260 559.0
1321270 562.3
1321280 567.8
1321290 567.8
1321300 572.2
1321310 576.6
1321320 576.6
1321330 581.3
1321340 585.9
1321350 585.9
1321360 589.0
1321370 591.3
1321380 595.2
1321390 590.5
1321400 596.3
1321410 599.9
1321420 599.9
1321430 600.8
1321440 603.2
1321450 603.2
1321460 607.7
1321470 612.4
1321480 612.4
1321490 616.8
1321500 622.1
1321510 622.1
1321520 628.1
1321530 633.5
1321540 633.5
1321550 638.3
1321560 644.2
1321570 644.2
1321580 651.0
1321590 656.0
1321600 656.0
1321610 660.1
1321620 664.9
1321630 664.9
1321640 667.6
1321650 670.0
1321660 672.4
1321670 672.4
1321680 675.0
1321690 676.9
1321700 676.9
1321710 678.6
1321720 682.0
1321730 682.0
1321740 686.0
1321750 688.7
1321760 688.7
1321770 692.3
1321780 696.3
1321790 696.3
1321800 700.7
1321810 705.3
1321820 705.3
1321830 709.5
1321840 713.7
1321850 713.7
1321860 718.2
1321870 721.7
1321880 721.7
1321890 724.4
1321900 726.4
1321910 726.4
1321920 729.2
1321930 732.3
1321940 732.3
1321950 734.0
1321960 735.0
1321970 736.6
1321980 736.6
1321990 739.9
1322000 744.0
1322010 744.0
1322020 748.8
1322030 754.4
1322040 754.4
1322050 760.4
1322060 765.9
1322070 765.9
1322080 772.0
1322090 778.2
1322100 778.2
1322110 783.3
1322120 789.3
1322130 789.3
1322140 796.3
1322150 802.2
1322160 802.2
1322170 804.6
1322180 804.5
1322190 804.5
1322200 805.6
1322210 809.1
1322220 809.1
1322230 813.9
1322240 817.7
1322250 818.1
1322260 818.1
1322270 821.1
1322280 826.5
1322290 826.5
1322300 831.7
1322310 835.3
1322320 835.3
1322330 837.9
1322340 841.7
1322350 841.7
1322360 846.0
1322370 849.0
1322380 849.0
1322390 850.6
1322400 850.5
1322410 850.5
1322420 852.4
1322430 856.1
1322440 856.1
1322450 859.7
1322460 860.9
1322470 860.9
1322480 863.9
1322490 868.5
1322500 868.5
1322510 873.0
1322520 878.4
1322530 884.2
1322540 884.2
1322550 890.5
1322560 897.2
1322570 897.2
1322580 903.1
1322590 907.5
1322600 907.5
1322610 908.2
1322620 909.1
1322630 909.1
1322640 911.6
1322650 914.3
1322660 914.3
1322670 917.8
1322680 923.0
1322690 923.0
1322700 926.6
1322710 929.4
1322720 929.4
1322730 932.4
1322740 935.1
1322750 935.1
1322760 937.4
1322770 939.8
1322780 939.8
1322790 942.4
1322800 944.8
1322810 948.6
1322820 948.6
1322830 953.2
1322840 956.5
1322850 956.5
1322860 959.4
1322870 963.2
1322880 963.2
1322890 966.6
1322900 970.3
1322910 970.3
1322920 975.0
1322930 981.3
1322940 981.3
1322950 992.0
1322960 996.3
1322970 996.3
1322980 1000.8
1322990 1005.9
1323000 1005.9
1323010 1011.1
1323020 1016.5
1323030 1016.5
1323040 1022.0
1323050 1027.3
1323060 1027.3
1323070 1031.6
1323080 1035.2
1323090 1035.2
1323100 1038.2
1323110 1039.6
1323120 1041.5
1323130 1041.5
1323140 1044.4
1323150 1047.6
1323160 1047.6
1323170 1051.7
1323180 1056.4
1323190 1056.4
1323200 1061.7
1323210 1067.0
1323220 1067.0
1323230 1069.8
1323240 1073.0
1323250 1073.0
1323260 1075.4
1323270 1075.0
1323280 1075.0
1323290 1078.8
1323300 1085.7
1323310 1085.7
1323320 1091.0
1323330 1096.8
1323340 1096.8
1323350 1103.5
1323360 1109.0
1323370 1109.0
1323380 1114.9
1323390 1121.9
1323400 1128.3
1323410 1128.3
1323420 1135.4
1323430 1141.3
1323440 1141.3
1323450 1145.5
1323460 1149.4
1323470 1149.4
1323480 1153.6
1323490 1158.0
1323500 1158.0
1323510 1162.5
1323520 1166.8
1323530 1166.8
1323540 1170.9
1323550 1174.7
1323560 1174.7
1323570 1178.6
1323580 1182.6
1323590 1182.6
1323600 1185.7
1323610 1188.4
1323620 1188.4
1323630 1191.0
1323640 1194.1
1323650 1194.1
1323660 1198.1
1323670 1202.3
1323680 1205.8
1323690 1205.8
1323700 1208.5
1323710 1211.0
1323720 1211.0
1323730 1213.3
1323740 1212.8
1323750 1212.8
1323760 1214.0
1323770 1214.6
1323780 1214.6
1323790 1215.0
1323800 1215.8
1323810 1215.8
1323820 1218.2
1323830 1222.0
1323840 1222.0
1323850 1226.1
1323860 1231.1
1323870 1231.1
1323880 1236.0
1323890 1240.1
1323900 1240.1
1323910 1242.2
1323920 1243.7
1323930 1243.7
1323940 1248.0
1323950 1254.7
1323960 1260.3
1323970 1260.3
1323980 1264.7
1323990 1268.6
1324000 1268.6
1324010 1272.1
1324020 1276.5
1324030 1276.5
1324040 1281.5
1324050 1286.2
1324060 1286.2
1324070 1290.2
1324080 1293.5
1324090 1293.5
1324100 1296.0
1324110 1298.2
1324120 1298.2
1324130 1300.2
1324140 1302.7
1324150 1302.7
1324160 1306.4
1324170 1309.3
1324180 1309.3
1324190 1312.8
1324200 1316.4
1324210 1316.4
1324220 1318.9
1324230 1322.0
1324240 1324.6
1324250 1324.6
1324260 1326.5
1324270 1327.8
1324280 1327.8
1324290 1328.8
1324300 1329.3
1324310 1329.3
1324320 1330.1
1324330 1333.3
1324340 1333.3
1324350 1337.9
1324360 1342.1
1324370 1342.1
1324380 1349.4
1324390 1358.6
1324400 1358.6
1324410 1366.0
1324420 1371.5
1324430 1371.5
1324440 1375.7
1324450 1378.0
1324460 1378.0
1324470 1379.6
1324480 1381.7
1324490 1381.7
1324500 1384.1
1324510 1389.2
1324520 1389.2
1324530 1397.9
1324540 1406.1
1324550 1413.6
1324560 1413.6
1324570 1418.3
1324580 1424.1
1324590 1424.1
1324600 1431.7
1324610 1440.1
1324620 1440.1
1324630 1448.7
1324640 1454.9
1324650 1454.9
1324660 1461.0
1324670 1467.5
1324680 1467.5
1324690 1474.5
1324700 1482.1
1324710 1482.1
1324720 1490.9
1324730 1499.3
1324740 1499.3
1324750 1507.1
1324760 1515.1
1324770 1515.1
1324780 1523.5
1324790 1531.8
1324800 1531.8
1324810 1537.9
1324820 1545.1
1324830 1553.4
1324840 1553.4
1324850 1562.3
1324860 1571.5
1324870 1571.5
1324880 1578.9
1324890 1586.2
1324900 1586.2
1324910 1593.5
1324920 1601.2
1324930 1601.2
1324940 1609.3
1324950 1616.8
1324960 1616.8
1324970 1623.7
1324980 1628.2
1324990 1628.2
1325000 1630.8
1325010 1632.4
1325020 1632.4
1325030 1632.9
1325040 1632.0
1325050 1632.0
1325060 1630.5
1325070 1628.9
1325080 1628.9
1325090 1629.0
1325100 1632.5
1325110 1634.9
1325120 1634.9
1325130 1636.4
1325140 1637.6
1325150 1637.6
1325160 1638.5
1325170 1639.4
1325180 1639.4
1325190 1639.9
1325200 1639.1
1325210 1639.1
1325220 1637.8
1325230 1637.7
1325240 1637.7
1325250 1638.5
1325260 1640.7
1325270 1640.7
1325280 1642.8
1325290 1643.1
1325300 1643.1
1325310 1642.7
1325320 1644.5
1325330 1644.5
1325340 1643.3
1325350 1645.1
1325360 1645.1
1325370 1646.9
1325380 1649.2
1325390 1652.0
1325400 1652.0
1325410 1654.5
1325420 1656.4
1325430 1656.4
1325440 1657.4
1325450 1659.4
1325460 1659.4
1325470 1661.1
1325480 1663.7
1325490 1663.7
1325500 1666.6
1325510 1668.7
1325520 1668.7
1325530 1670.1
1325540 1670.4
1325550 1670.4
1325560 1670.6
1325570 1670.3
1325580 1670.3
1325590 1669.7
1325600 1669.2
1325610 1669.2
1325620 1669.3
1325630 1669.6
1325640 1669.6
1325650 1669.9
1325660 1672.5
1325670 1675.9
1325680 1675.9
1325690 1678.0
1325700 1679.9
1325710 1679.9
1325720 1684.3
1325730 1687.4
1325740 1687.4
1325750 1687.9
1325760 1687.6
1325770 1687.6
1325780 1687.4
1325790 1687.1
1325800 1687.1
1325810 1687.5
1325820 1688.1
1325830 1688.1
1325840 1688.9
1325850 1690.6
1325860 1690.6
1325870 1695.7
1325880 1703.0
1325890 1703.0
1325900 1706.9
1325910 1708.4
1325920 1708.4
1325930 1711.7
1325940 1716.3
1325950 1716.3
1325960 1719.6
1325970 1721.9
1325980 1725.3
1325990 1725.3
1326000 1729.4
1326010 1733.3
1326020 1733.3
1326030 1737.2
1326040 1739.2
1326050 1739.2
1326060 1742.9
1326070 1747.8
1326080 1747.8
1326090 1751.8
1326100 1755.0
1326110 1755.0
1326120 1759.2
1326130 1761.8
1326140 1760.3
1326150 1762.7
1326160 1765.6
1326170 1765.6
1326180 1768.1
1326190 1770.9
1326200 1770.9
1326210 1773.1
1326220 1775.4
1326230 1775.4
1326240 1778.6
1326250 1781.8
1326260 1784.9
1326270 1784.9
1326280 1788.5
1326290 1792.5
1326300 1792.5
1326310 1795.7
1326320 1799.9
1326330 1799.9
1326340 1802.3
1326350 1805.4
1326360 1805.4
1326370 1809.5
1326380 1813.2
1326390 1813.2
1326400 1818.4
1326410 1823.2
1326420 1823.2
1326430 1827.0
1326440 1831.1
1326450 1831.1
1326460 1834.7
1326470 1836.7
1326480 1836.7
1326490 1838.1
1326500 1839.3
1326510 1839.3
1326520 1841.3
1326530 1844.8
1326540 1850.8
1326550 1850.8
1326560 1856.2
1326570 1861.5
1326580 1861.5
1326590 1865.9
1326600 1870.1
1326610 1870.1
1326620 1877.1
1326630 1881.5
1326640 1881.5
1326650 1883.3
1326660 1886.9
1326670 1886.9
1326680 1889.8
1326690 1892.1
1326700 1892.1
1326710 1895.4
1326720 1898.4
1326730 1898.4
1326740 1900.8
1326750 1904.2
1326760 1904.2
1326770 1908.2
1326780 1910.8
1326790 1910.8
1326800 1912.8
1326810 1915.3
1326820 1919.1
1326830 1919.1
1326840 1922.8
1326850 1928.0
1326860 1928.0
1326870 1933.6
1326880 1934.6
1326890 1934.6
1326900 1934.0
1326910 1934.1
1326920 1934.1
1326930 1935.6
1326940 1936.4
1326950 1936.4
1326960 1939.9
1326970 1943.0
1326980 1943.0
1326990 1946.3
1327000 1949.8
1327010 1949.8
1327020 1954.7
1327030 1959.3
1327040 1959.3
1327050 1963.9
1327060 1969.8
1327070 1969.8
1327080 1975.4
1327090 1980.8
1327100 1985.7
1327110 1985.7
1327120 1989.7
1327130 1991.8
1327140 1991.8
1327150 1993.6
1327160 1995.7
1327170 1995.7
1327180 1999.7
1327190 2004.2
1327200 2004.2
1327210 2007.9
1327220 2011.3
1327230 2011.3
1327240 2014.4
1327250 2017.3
1327260 2017.3
1327270 2019.3
1327280 2019.5
1327290 2019.5
1327300 2019.7
1327310 2019.1
1327320 2019.1
1327330 2023.8
1327340 2028.6
1327350 2028.6
1327360 2028.9
1327370 2028.3
1327380 2028.3
1327390 2026.5
1327400 2022.8
1327410 2017.0
1327420 2017.0
1327430 2009.9
1327440 2001.2
1327450 2001.2
1327460 1993.4
1327470 1986.1
1327480 1986.1
1327490 1978.8
1327500 1971.1
1327510 1971.1
1327520 1964.9
1327530 1959.7
1327540 1959.7
1327550 1954.5
1327560 1948.8
1327570 1948.8
1327580 1942.2
1327590 1936.2
1327600 1936.2
1327610 1931.5
1327620 1927.9
1327630 1927.9
1327640 1924.9
1327650 1922.5
1327660 1922.5
1327670 1919.1
1327680 1914.5
1327690 1909.8
1327700 1909.8
1327710 1906.3
1327720 1902.6
1327730 1902.6
1327740 1899.1
1327750 1895.7
1327760 1893.9
1327770 1890.2
1327780 1885.5
1327790 1885.5
1327800 1880.1
1327810 1875.0
1327820 1875.0
1327830 1872.0
1327840 1868.3
1327850 1868.3
1327860 1863.6
1327870 1858.3
1327880 1858.3
1327890 1852.7
1327900 1847.9
1327910 1847.9
1327920 1843.9
1327930 1840.1
1327940 1840.1
1327950 1835.4
1327960 1831.0
1327970 1826.4
1327980 1826.4
1327990 1821.5
1328000 1816.7
1328010 1816.7
1328020 1812.7
1328030 1809.0
1328040 1809.0
1328050 1804.6
1328060 1800.1
1328070 1800.1
1328080 1796.2
1328090 1790.3
1328100 1790.3
1328110 1782.5
1328120 1777.4
1328130 1777.4
1328140 1773.3
1328150 1767.2
1328160 1767.2
1328170 1760.8
1328180 1756.2
1328190 1756.2
1328200 1751.0
1328210 1744.9
1328220 1744.9
1328230 1738.3
1328240 1732.1
1328250 1727.5
1328260 1727.5
1328270 1721.4
1328280 1716.1
1328290 1716.1
1328300 1712.7
1328310 1711.1
1328320 1711.1
1328330 1708.4
1328340 1705.2
1328350 1705.2
1328360 1700.7
1328370 1700.3
1328380 1700.3
1328390 1699.9
1328400 1699.0
1328410 1699.0
1328420 1697.8
1328430 1695.9
1328440 1695.9
1328450 1692.3
1328460 1687.1
1328470 1687.1
1328480 1682.5
1328490 1677.9
1328500 1677.9
1328510 1672.4
1328520 1667.5
1328530 1667.5
1328540 1664.4
1328550 1661.0
1328560 1656.8
1328570 1653.8
1328580 1648.3
1328590 1644.3
1328600 1644.3
1328610 1642.5
1328620 1641.2
1328630 1641.2
1328640 1639.4
1328650 1637.4
1328660 1637.4
1328670 1635.1
1328680 1632.3
1328690 1632.3
1328700 1629.2
1328710 1625.5
1328720 1625.5
1328730 1622.0
1328740 1619.5
1328750 1619.5
1328760 1617.5
1328770 1616.3
1328780 1616.3
1328790 1616.1
1328800 1612.6
1328810 1612.6
1328820 1606.0
1328830 1598.5
1328840 1591.4
1328850 1591.4
1328860 1584.8
1328870 1578.8
1328880 1578.8
1328890 1576.8
1328900 1576.2
1328910 1576.2
1328920 1574.1
1328930 1570.9
1328940 1570.9
1328950 1566.3
1328960 1562.4
1328970 1562.4
1328980 1557.5
1328990 1552.8
1329000 1552.8
1329010 1548.1
1329020 1542.2
1329030 1542.2
1329040 1540.7
1329050 1540.0
1329060 1540.0
1329070 1538.9
1329080 1537.4
1329090 1537.4
1329100 1535.9
1329110 1534.8
1329120 1531.7
1329130 1531.7
1329140 1526.7
1329150 1521.6
1329160 1521.6
1329170 1517.4
1329180 1512.1
1329190 1512.1
1329200 1506.5
1329210 1500.6
1329220 1500.6
1329230 1494.2
1329240 1487.3
1329250 1487.3
1329260 1481.3
1329270 1476.4
1329280 1476.4
1329290 1470.7
1329300 1464.1
1329310 1464.1
1329320 1457.3
1329330 1451.3
1329340 1451.3
1329350 1446.5
1329360 1441.5
1329370 1441.5
1329380 1436.4
1329390 1427.2
1329400 1423.1
1329410 1423.1
1329420 1419.4
1329430 1415.5
1329440 1415.5
1329450 1411.6
1329460 1406.7
1329470 1406.7
1329480 1402.2
1329490 1398.1
1329500 1398.1
1329510 1393.1
1329520 1389.1
1329530 1389.1
1329540 1385.2
1329550 1380.3
1329560 1380.3
1329570 1374.6
1329580 1369.0
1329590 1369.0
1329600 1363.5
1329610 1357.0
1329620 1357.0
1329630 1351.8
1329640 1345.9
1329650 1345.9
1329660 1340.5
1329670 1334.2
1329680 1327.6
1329690 1327.6
1329700 1321.4
1329710 1315.1
1329720 1315.1
1329730 1309.1
1329740 1302.3
1329750 1302.3
1329760 1295.9
1329770 1289.5
1329780 1289.5
1329790 1284.2
1329800 1279.2
1329810 1279.2
1329820 1274.0
1329830 1268.2
1329840 1268.2
1329850 1262.0
1329860 1256.0
1329870 1256.0
1329880 1250.5
1329890 1245.1
1329900 1245.1
1329910 1239.1
1329920 1232.8
1329930 1232.8
1329940 1228.5
1329950 1224.5
1329960 1224.5
1329970 1219.1
1329980 1214.4
1329990 1211.2
1330000 1211.2
1330010 1207.5
1330020 1204.7
1330030 1204.7
1330040 1202.6
1330050 1200.9
1330060 1200.9
1330070 1199.5
1330080 1200.6
1330090 1200.6
1330100 1202.8
1330110 1203.8
1330120 1203.8
1330130 1202.5
1330140 1200.5
1330150 1200.5
1330160 1198.5
1330170 1196.3
1330180 1196.3
1330190 1191.4
1330200 1186.1
1330210 1186.1
1330220 1180.7
1330230 1176.4
1330240 1176.4
1330250 1174.5
1330260 1172.2
1330270 1171.5
1330280 1171.5
1330290 1170.6
1330300 1169.6
1330310 1169.6
1330320 1168.1
1330330 1164.8
1330340 1164.8
1330350 1161.8
1330360 1161.6
1330370 1161.6
1330380 1163.1
1330390 1163.0
1330400 1163.0
1330410 1162.5
1330420 1162.5
1330430 1162.5
1330440 1163.5
1330450 1166.8
1330460 1166.8
1330470 1172.7
1330480 1179.9
1330490 1179.9
1330500 1188.4
1330510 1196.2
1330520 1196.2
1330530 1202.8
1330540 1209.8
1330550 1215.3
1330560 1215.3
1330570 1220.4
1330580 1224.6
1330590 1224.6
1330600 1228.1
1330610 1231.0
1330620 1231.0
1330630 1233.1
1330640 1234.5
1330650 1234.5
1330660 1235.7
1330670 1238.7
1330680 1238.7
1330690 1241.6
1330700 1244.1
1330710 1244.1
1330720 1246.9
1330730 1249.6
1330740 1249.6
1330750 1252.0
1330760 1251.1
1330770 1251.1
1330780 1248.4
1330790 1252.5
1330800 1252.5
1330810 1260.0
1330820 1269.3
1330830 1274.5
1330840 1274.5
1330850 1278.0
1330860 1283.4
1330870 1283.4
1330880 1290.5
1330890 1298.8
1330900 1298.8
1330910 1307.0
1330920 1313.1
1330930 1313.1
1330940 1318.4
1330950 1322.6
1330960 1322.6
1330970 1325.5
1330980 1328.1
1330990 1328.1
1331000 1331.5
1331010 1336.7
1331020 1336.7
1331030 1342.6
1331040 1349.5
1331050 1349.5
1331060 1357.3
1331070 1363.4
1331080 1363.4
1331090 1370.1
1331100 1377.2
1331110 1383.6
1331120 1383.6
1331130 1389.9
1331140 1393.8
1331150 1393.8
1331160 1395.5
1331170 1397.5
1331180 1397.5
1331190 1400.6
1331200 1403.7
1331210 1403.7
1331220 1409.1
1331230 1414.7
1331240 1414.7
1331250 1420.1
1331260 1425.8
1331270 1425.8
1331280 1430.5
1331290 1434.8
1331300 1434.8
1331310 1441.1
1331320 1446.9
1331330 1446.9
1331340 1451.6
1331350 1454.6
1331360 1454.6
1331370 1458.0
1331380 1462.0
1331390 1462.0
1331400 1465.7
1331410 1469.1
1331420 1474.3
1331430 1474.3
1331440 1478.3
1331450 1480.5
1331460 1480.5
1331470 1482.3
1331480 1486.0
1331490 1486.0
1331500 1488.4
1331510 1490.1
1331520 1490.1
1331530 1492.3
1331540 1495.0
1331550 1495.0
1331560 1498.2
1331570 1502.1
1331580 1502.1
1331590 1506.4
1331600 1510.7
1331610 1510.7
1331620 1514.9
1331630 1519.1
1331640 1519.1
1331650 1523.0
1331660 1526.8
1331670 1526.8
1331680 1530.8
1331690 1536.0
1331700 1543.0
1331710 1543.0
1331720 1550.9
1331730 1560.8
1331740 1560.8
1331750 1570.1
1331760 1578.4
1331770 1578.4
1331780 1585.8
1331790 1592.4
1331800 1592.4
1331810 1598.6
1331820 1604.7
1331830 1604.7
1331840 1610.7
1331850 1617.0
1331860 1617.0
1331870 1623.3
1331880 1630.6
1331890 1630.6
1331900 1636.8
1331910 1643.0
1331920 1643.0
1331930 1649.4
1331940 1656.1
1331950 1656.1
1331960 1663.1
1331970 1669.4
1331980 1674.8
1331990 1674.8
1332000 1679.9
1332010 1685.1
1332020 1685.1
1332030 1690.9
1332040 1696.4
1332050 1696.4
1332060 1701.2
1332070 1705.9
1332080 1705.9
1332090 1709.9
1332100 1711.9
1332110 1711.9
1332120 1711.5
1332130 1709.0
1332140 1709.0
1332150 1705.4
1332160 1700.4
1332170 1700.4
1332180 1694.5
1332190 1690.4
1332200 1690.4
1332210 1688.3
1332220 1685.1
1332230 1685.1
1332240 1681.8
1332250 1678.4
1332260 1674.8
1332270 1674.8
1332280 1671.0
1332290 1668.1
1332300 1668.1
1332310 1664.5
1332320 1660.1
1332330 1660.1
1332340 1655.2
1332350 1649.1
1332360 1649.1
1332370 1642.0
1332380 1634.9
1332390 1634.9
1332400 1628.8
1332410 1626.1
1332420 1626.1
1332430 1624.2
1332440 1622.6
1332450 1622.6
1332460 1619.8
1332470 1615.0
1332480 1615.0
1332490 1609.9
1332500 1605.4
1332510 1605.4
1332520 1600.4
1332530 1595.0
1332540 1589.7
1332550 1589.7
1332560 1584.1
1332570 1577.6
1332580 1577.6
1332590 1571.1
1332600 1566.6
1332610 1566.6
1332620 1563.6
1332630 1560.6
1332640 1560.6
1332650 1558.1
1332660 1555.5
1332670 1555.5
1332680 1553.0
1332690 1551.4
1332700 1551.4
1332710 1549.6
1332720 1550.0
1332730 1550.0
1332740 1544.7
1332750 1539.0
1332760 1539.0
1332770 1534.7
1332780 1530.4
1332790 1530.4
1332800 1526.6
1332810 1523.6
1332820 1523.6
1332830 1520.4
1332840 1516.7
1332850 1513.5
1332860 1513.5
1332870 1508.7
1332880 1502.7
1332890 1502.7
1332900 1496.7
1332910 1491.2
1332920 1491.2
1332930 1486.8
1332940 1482.1
1332950 1482.1
1332960 1476.0
1332970 1469.2
1332980 1469.2
1332990 1463.2
1333000 1459.3
1333010 1459.3
1333020 1455.6
1333030 1452.4
1333040 1452.4
1333050 1449.4
1333060 1446.3
1333070 1446.3
1333080 1443.4
1333090 1439.5
1333100 1439.5
1333110 1433.8
1333120 1426.8
1333130 1419.3
1333140 1419.3
1333150 1411.5
1333160 1404.3
1333170 1404.3
1333180 1398.4
1333190 1394.8
1333200 1394.8
1333210 1393.3
1333220 1391.6
1333230 1391.6
1333240 1387.4
1333250 1382.5
1333260 1382.5
1333270 1377.9
1333280 1374.2
1333290 1374.2
1333300 1371.3
1333310 1369.4
1333320 1369.4
1333330 1367.5
1333340 1366.1
1333350 1366.1
1333360 1364.8
1333370 1363.2
1333380 1363.2
1333390 1361.6
1333400 1358.6
1333410 1353.2
1333420 1353.2
1333430 1348.2
1333440 1343.7
1333450 1343.7
1333460 1338.4
1333470 1333.4
1333480 1333.4
1333490 1330.9
1333500 1331.7
1333510 1331.7
1333520 1332.1
1333530 1335.6
1333540 1335.6
1333550 1335.8
1333560 1343.7
1333570 1343.7
1333580 1347.4
1333590 1352.1
1333600 1352.1
1333610 1356.1
1333620 1360.1
1333630 1360.1
1333640 1365.9
1333650 1373.4
1333660 1373.4
1333670 1381.4
1333680 1388.1
1333690 1391.0
1333700 1391.0
1333710 1390.3
1333720 1388.7
1333730 1388.7
1333740 1386.9
1333750 1384.3
1333760 1384.3
1333770 1382.6
1333780 1382.8
1333790 1382.8
1333800 1384.5
1333810 1386.3
1333820 1386.3
1333830 1386.8
1333840 1388.0
1333850 1388.0
1333860 1388.4
1333870 1388.4
1333880 1388.4
1333890 1388.7
1333900 1389.2
1333910 1389.2
1333920 1388.9
1333930 1387.0
1333940 1387.0
1333950 1385.2
1333960 1383.4
1333970 1381.7
1333980 1381.7
1333990 1381.7
1334000 1381.7
1334010 1381.7
1334020 1381.6
1334030 1380.9
1334040 1380.9
1334050 1379.5
1334060 1376.6
1334070 1376.6
1334080 1373.6
1334090 1371.6
1334100 1371.6
1334110 1369.7
1334120 1367.2
1334130 1367.2
1334140 1365.0
1334150 1361.4
1334160 1361.4
1334170 1357.3
1334180 1354.6
1334190 1354.6
1334200 1349.2
1334210 1341.7
1334220 1341.7
1334230 1336.8
1334240 1335.0
1334250 1335.0
1334260 1334.3
1334270 1333.5
1334280 1332.9
1334290 1332.9
1334300 1331.0
1334310 1327.9
1334320 1327.9
1334330 1324.4
1334340 1322.4
1334350 1322.4
1334360 1320.8
1334370 1318.7
1334380 1318.7
1334390 1315.9
1334400 1315.0
1334410 1319.6
1334420 1317.0
1334430 1312.5
1334440 1312.5
1334450 1306.3
1334460 1299.3
1334470 1299.3
1334480 1292.3
1334490 1285.6
1334500 1285.6
1334510 1280.6
1334520 1279.9
1334530 1279.9
1334540 1280.3
1334550 1280.6
1334560 1279.9
1334570 1279.9
1334580 1278.8
1334590 1276.1
1334600 1276.1
1334610 1272.2
1334620 1267.8
1334630 1267.8
1334640 1262.7
1334650 1255.9
1334660 1255.9
1334670 1250.6
1334680 1249.3
1334690 1249.3
1334700 1249.7
1334710 1248.2
1334720 1248.2
1334730 1243.6
1334740 1239.0
1334750 1239.0
1334760 1237.3
1334770 1234.1
1334780 1234.1
1334790 1231.4
1334800 1228.0
1334810 1228.0
1334820 1224.1
1334830 1221.8
1334840 1220.0
1334850 1220.0
1334860 1218.4
1334870 1217.1
1334880 1217.1
1334890 1214.8
1334900 1214.2
1334910 1214.2
1334920 1214.7
1334930 1215.0
1334940 1215.0
1334950 1214.9
1334960 1214.9
1334970 1214.9
1334980 1215.9
1334990 1217.6
1335000 1217.6
1335010 1219.7
1335020 1223.0
1335030 1223.0
1335040 1226.8
1335050 1230.5
1335060 1230.5
1335070 1233.4
1335080 1236.2
1335090 1236.2
1335100 1238.8
1335110 1241.5
1335120 1244.6
1335130 1244.6
1335140 1247.8
1335150 1250.6
1335160 1250.6
1335170 1254.0
1335180 1258.4
1335190 1258.4
1335200 1264.2
1335210 1270.8
1335220 1270.8
1335230 1278.1
1335240 1285.2
1335250 1285.2
1335260 1291.2
1335270 1296.0
1335280 1296.0
1335290 1300.6
1335300 1304.8
1335310 1304.8
1335320 1308.9
1335330 1313.1
1335340 1313.1
1335350 1318.2
1335360 1324.1
1335370 1324.1
1335380 1328.2
1335390 1331.2
1335400 1333.7
1335410 1333.7
1335420 1336.4
1335430 1339.2
1335440 1339.2
1335450 1341.8
1335460 1344.6
1335470 1344.6
1335480 1347.2
1335490 1350.3
1335500 1350.3
1335510 1354.0
1335520 1357.3
1335530 1357.3
1335540 1360.4
1335550 1363.1
1335560 1363.1
1335570 1365.1
1335580 1366.9
1335590 1366.9
1335600 1368.7
1335610 1371.5
1335620 1371.5
1335630 1374.4
1335640 1375.9
1335650 1375.9
1335660 1376.8
1335670 1378.5
1335680 1378.5
1335690 1378.7
1335700 1378.6
1335710 1381.3
1335720 1381.3
1335730 1385.4
1335740 1389.9
1335750 1389.9
1335760 1394.5
1335770 1396.5
1335780 1396.5
1335790 1398.3
1335800 1402.2
1335810 1402.2
1335820 1407.1
1335830 1409.7
1335840 1409.7
1335850 1410.6
1335860 1411.3
1335870 1411.3
1335880 1413.2
1335890 1416.8
1335900 1416.8
1335910 1420.2
1335920 1425.7
1335930 1425.7
1335940 1430.9
1335950 1436.4
1335960 1436.4
1335970 1443.2
1335980 1451.6
1335990 1457.7
1336000 1457.7
1336010 1462.1
1336020 1467.1
1336030 1467.1
1336040 1473.8
1336050 1481.0
1336060 1481.0
1336070 1487.1
1336080 1492.7
1336090 1492.7
1336100 1499.2
1336110 1509.0
1336120 1509.0
1336130 1515.9
1336140 1521.4
1336150 1521.4
1336160 1526.4
1336170 1534.2
1336180 1534.2
1336190 1542.6
1336200 1549.6
1336210 1549.6
1336220 1555.9
1336230 1562.6
1336240 1562.6
1336250 1570.0
1336260 1577.8
1336270 1584.6
1336280 1584.6
1336290 1589.9
1336300 1595.4
1336310 1595.4
1336320 1601.3
1336330 1606.6
1336340 1606.6
1336350 1610.9
1336360 1614.4
1336370 1614.4
1336380 1617.9
1336390 1620.6
1336400 1620.6
1336410 1623.5
1336420 1625.7
1336430 1625.7
1336440 1627.9
1336450 1629.8
1336460 1629.8
1336470 1630.7
1336480 1632.0
1336490 1632.0
1336500 1633.7
1336510 1634.4
1336520 1634.4
1336530 1636.6
1336540 1636.3
1336550 1630.7
1336560 1630.7
1336570 1628.6
1336580 1633.2
1336590 1633.2
1336600 1639.3
1336610 1642.5
1336620 1642.5
1336630 1644.6
1336640 1646.4
1336650 1646.4
1336660 1650.7
1336670 1653.0
1336680 1653.0
1336690 1652.9
1336700 1653.7
1336710 1653.7
1336720 1659.0
1336730 1664.1
1336740 1664.1
1336750 1668.8
1336760 1672.4
1336770 1672.4
1336780 1669.2
1336790 1670.6
1336800 1670.6
1336810 1681.5
1336820 1687.3
1336830 1687.3
1336840 1691.8
1336850 1696.1
1336860 1700.0
1336870 1700.0
1336880 1703.4
1336890 1706.1
1336900 1706.1
1336910 1709.3
1336920 1712.1
1336930 1712.1
1336940 1714.1
1336950 1716.1
1336960 1716.1
1336970 1718.7
1336980 1716.8
1336990 1716.8
1337000 1720.4
1337010 1725.2
1337020 1725.2
1337030 1727.3
1337040 1728.4
1337050 1728.4
1337060 1731.3
1337070 1735.3
1337080 1735.3
1337090 1740.1
1337100 1745.3
1337110 1745.3
1337120 1749.9
1337130 1753.9
1337140 1757.7
1337150 1757.7
1337160 1761.0
1337170 1763.9
1337180 1763.9
1337190 1766.7
1337200 1769.2
1337210 1769.2
1337220 1771.7
1337230 1774.3
1337240 1774.3
1337250 1776.5
1337260 1778.9
1337270 1778.9
1337280 1781.0
1337290 1782.9
1337300 1782.9
1337310 1784.8
1337320 1786.9
1337330 1786.9
1337340 1789.1
1337350 1791.4
1337360 1791.4
1337370 1793.4
1337380 1795.4
1337390 1795.4
1337400 1797.5
1337410 1800.2
1337420 1802.8
1337430 1802.8
1337440 1805.8
1337450 1808.6
1337460 1808.6
1337470 1812.0
1337480 1815.6
1337490 1815.6
1337500 1819.2
1337510 1823.0
1337520 1823.0
1337530 1827.1
1337540 1831.4
1337550 1831.4
1337560 1835.8
1337570 1840.3
1337580 1840.3
1337590 1844.5
1337600 1849.1
1337610 1849.1
1337620 1853.7
1337630 1858.4
1337640 1858.4
1337650 1863.4
1337660 1868.3
1337670 1868.3
1337680 1873.3
1337690 1878.4
1337700 1884.7
1337710 1884.7
1337720 1893.0
1337730 1901.3
1337740 1901.3
1337750 1908.8
1337760 1914.3
1337770 1914.3
1337780 1920.7
1337790 1927.8
1337800 1927.8
1337810 1934.7
1337820 1940.9
1337830 1940.9
1337840 1947.0
1337850 1953.7
1337860 1953.7
1337870 1958.1
1337880 1962.7
1337890 1962.7
1337900 1963.3
1337910 1966.9
1337920 1966.9
1337930 1973.0
1337940 1979.5
1337950 1979.5
1337960 1988.2
1337970 1999.7
1337980 2011.9
1337990 2011.9
1338000 2019.6
1338010 2025.6
1338020 2025.6
1338030 2035.4
1338040 2042.3
1338050 2042.3
1338060 2046.0
1338070 2051.6
1338080 2051.6
1338090 2054.9
1338100 2057.3
1338110 2057.3
1338120 2060.3
1338130 2065.2
1338140 2065.2
1338150 2072.2
1338160 2080.2
1338170 2080.2
1338180 2091.0
1338190 2101.3
1338200 2101.3
1338210 2110.0
1338220 2116.5
1338230 2116.5
1338240 2121.4
1338250 2124.7
1338260 2124.7
1338270 2128.3
1338280 2131.1
1338290 2132.9
1338300 2132.9
1338310 2134.8
1338320 2137.1
1338330 2137.1
1338340 2135.7
1338350 2129.7
1338360 2129.7
1338370 2123.5
1338380 2118.6
1338390 2118.6
1338400 2114.4
1338410 2106.8
1338420 2106.8
1338430 2089.8
1338440 2068.5
1338450 2068.5
1338460 2054.8
1338470 2047.9
1338480 2047.9
1338490 2040.6
1338500 2033.5
1338510 2033.5
1338520 2027.3
1338530 2021.4
1338540 2021.4
1338550 2015.4
1338560 2009.0
1338570 2003.7
1338580 2003.7
1338590 1999.2
1338600 1995.1
1338610 1995.1
1338620 1992.5
1338630 1991.1
1338640 1991.1
1338650 1990.3
1338660 1990.4
1338670 1990.4
1338680 1990.7
1338690 1990.9
1338700 1990.9
1338710 1991.4
1338720 1991.4
1338730 1991.4
1338740 1992.0
1338750 1992.6
1338760 1992.6
1338770 1992.8
1338780 1993.3
1338790 1993.3
1338800 1994.0
1338810 1994.6
1338820 1994.6
1338830 1994.6
1338840 1993.5
1338850 1991.8
1338860 1991.8
1338870 1990.3
1338880 1987.7
1338890 1987.7
1338900 1984.3
1338910 1981.7
1338920 1981.7
1338930 1981.4
1338940 1983.8
1338950 1983.8
1338960 1987.5
1338970 1990.5
1338980 1990.5
1338990 1993.4
1339000 1995.5
1339010 1995.5
1339020 1995.7
1339030 1995.7
1339040 1995.7
1339050 1995.7
1339060 1993.9
1339070 1993.9
1339080 1992.5
1339090 1991.2
1339100 1991.2
1339110 1990.5
1339120 1991.5
1339130 1993.5
1339140 1993.5
1339150 1994.6
1339160 1997.0
1339170 1997.0
1339180 2001.4
1339190 2006.4
1339200 2006.4
1339210 2012.1
1339220 2016.9
1339230 2016.9
1339240 2021.1
1339250 2022.8
1339260 2022.8
1339270 2023.7
1339280 2022.5
1339290 2022.5
1339300 2021.4
1339310 2019.6
1339320 2019.6
1339330 2016.0
1339340 2013.2
1339350 2013.2
1339360 2009.0
1339370 2006.4
1339380 2006.4
1339390 2005.4
1339400 2003.2
1339410 2001.1
1339420 2001.1
1339430 1998.4
1339440 1994.6
1339450 1994.6
1339460 1990.8
1339470 1986.3
1339480 1986.3
1339490 1980.0
1339500 1972.9
1339510 1972.9
1339520 1964.4
1339530 1956.4
1339540 1956.4
1339550 1948.6
1339560 1941.2
1339570 1941.2
1339580 1934.0
1339590 1931.4
1339600 1931.4
1339610 1923.0
1339620 1914.6
1339630 1914.6
1339640 1906.2
1339650 1898.7
1339660 1898.7
1339670 1892.4
1339680 1887.9
1339690 1887.9
1339700 1883.5
1339710 1879.4
1339720 1874.1
1339730 1874.1
1339740 1868.6
1339750 1863.8
1339760 1863.8
1339770 1859.3
1339780 1854.1
1339790 1854.1
1339800 1847.9
1339810 1842.1
1339820 1842.1
1339830 1836.0
1339840 1829.4
1339850 1829.4
1339860 1823.8
1339870 1819.4
1339880 1819.4
1339890 1815.5
1339900 1811.2
1339910 1811.2
1339920 1807.0
1339930 1803.0
1339940 1803.0
1339950 1799.1
1339960 1796.1
1339970 1796.1
1339980 1793.0
1339990 1789.6
