1320000 530.6
1320010 530.5
1320020 530.5
1320030 530.5
1320040 530.5
1320050 530.6
1320060 530.6
1320070 530.6
1320080 530.7
1320090 530.8
1320100 530.8
1320110 530.8
1320120 530.9
1320130 530.9
1320140 530.9
1320150 530.9
1320160 530.9
1320170 530.9
1320180 530.9
1320190 530.9
1320200 530.9
1320210 531.0
1320220 531.0
1320230 531.2
1320240 531.2
1320250 531.2
1320260 531.1
1320270 531.2
1320280 531.2
1320290 531.2
1320300 531.4
1320310 531.4
1320320 531.3
1320330 531.2
1320340 531.2
1320350 531.2
1320360 531.2
1320370 531.1
1320380 531.1
1320390 530.9
1320400 530.9
1320410 530.9
1320420 530.9
1320430 530.9
1320440 530.9
1320450 531.0
1320460 531.1
1320470 531.1
1320480 531.2
1320490 531.2
1320500 531.2
1320510 531.2
1320520 531.2
1320530 531.2
1320540 531.2
1320550 531.2
1320560 531.2
1320570 531.4
1320580 531.5
1320590 531.5
1320600 531.4
1320610 531.4
1320620 531.4
1320630 531.5
1320640 531.6
1320650 531.3
1320660 531.3
1320670 531.2
1320680 531.5
1320690 531.5
1320700 531.6
1320710 531.5
1320720 531.5
1320730 531.5
1320740 531.5
1320750 531.5
1320760 531.5
1320770 531.5
1320780 531.5
1320790 531.6
1320800 531.7
1320810 531.7
1320820 531.9
1320830 532.0
1320840 532.0
1320850 532.1
1320860 532.3
1320870 532.3
1320880 532.4
1320890 532.7
1320900 532.7
1320910 533.2
1320920 531.9
1320930 530.8
1320940 530.8
1320950 530.8
1320960 530.9
1320970 530.9
1320980 532.1
1320990 533.2
1321000 533.2
1321010 533.4
1321020 533.7
1321030 533.7
1321040 534.0
1321050 534.4
1321060 534.4
1321070 534.7
1321080 535.1
1321090 535.1
1321100 535.5
1321110 536.0
1321120 536.0
1321130 536.5
1321140 537.0
1321150 537.0
1321160 537.7
1321170 538.3
1321180 538.3
1321190 539.5
1321200 544.1
1321210 550.3
1321220 550.3
1321230 553.3
1321240 555.1
1321250 555.1
1321260 558.3
1321270 562.8
1321280 562.8
1321290 567.1
1321300 570.8
1321310 570.8
1321320 573.7
1321330 576.4
1321340 576.4
1321350 580.7
1321360 584.8
1321370 584.8
1321380 592.3
1321390 600.1
1321400 600.1
1321410 606.6
1321420 612.4
1321430 612.4
1321440 615.1
1321450 615.9
1321460 615.9
1321470 618.1
1321480 620.1
1321490 625.4
1321500 625.4
1321510 632.7
1321520 638.5
1321530 638.5
1321540 643.6
1321550 646.4
1321560 646.4
1321570 648.6
1321580 650.9
1321590 650.9
1321600 654.3
1321610 658.6
1321620 658.6
1321630 662.9
1321640 666.5
1321650 666.5
1321660 669.9
1321670 673.0
1321680 673.0
1321690 675.8
1321700 677.7
1321710 677.7
1321720 678.8
1321730 679.7
1321740 679.7
1321750 680.9
1321760 683.5
1321770 687.7
1321780 687.7
1321790 690.7
1321800 694.1
1321810 694.1
1321820 700.9
1321830 708.2
1321840 708.2
1321850 711.4
1321860 712.7
1321870 712.7
1321880 714.1
1321890 715.4
1321900 716.6
1321910 717.6
1321920 720.5
1321930 720.5
1321940 724.6
1321950 728.8
1321960 728.8
1321970 733.4
1321980 737.5
1321990 737.5
1322000 740.9
1322010 744.7
1322020 744.7
1322030 748.8
1322040 753.0
1322050 753.0
1322060 757.2
1322070 761.7
1322080 766.3
1322090 766.3
1322100 770.8
1322110 774.6
1322120 774.6
1322130 778.1
1322140 781.4
1322150 781.4
1322160 784.6
1322170 787.5
1322180 787.5
1322190 790.6
1322200 794.4
1322210 794.4
1322220 799.1
1322230 804.0
1322240 804.0
1322250 807.7
1322260 810.2
1322270 810.2
1322280 812.6
1322290 815.0
1322300 815.0
1322310 817.7
1322320 820.6
1322330 820.6
1322340 823.6
1322350 827.0
1322360 830.2
1322370 830.2
1322380 832.5
1322390 835.1
1322400 835.1
1322410 838.8
1322420 842.9
1322430 842.9
1322440 847.8
1322450 852.4
1322460 852.4
1322470 857.5
1322480 862.6
1322490 862.6
1322500 868.1
1322510 874.0
1322520 874.0
1322530 878.3
1322540 881.6
1322550 881.6
1322560 885.8
1322570 889.7
1322580 889.7
1322590 893.2
1322600 896.8
1322610 896.8
1322620 900.6
1322630 904.4
1322640 909.4
1322650 909.4
1322660 914.3
1322670 918.7
1322680 916.6
1322690 920.7
1322700 923.8
1322710 923.8
1322720 926.9
1322730 929.2
1322740 929.2
1322750 932.1
1322760 935.0
1322770 935.0
1322780 937.3
1322790 939.5
1322800 939.5
1322810 942.0
1322820 945.2
1322830 945.2
1322840 949.3
1322850 953.7
1322860 953.7
1322870 957.2
1322880 961.6
1322890 961.6
1322900 966.5
1322910 971.1
1322920 975.4
1322930 975.4
1322940 979.4
1322950 982.9
1322960 982.9
1322970 985.9
1322980 989.2
1322990 989.2
1323000 993.6
1323010 999.2
1323020 999.2
1323030 1005.0
1323040 1010.6
1323050 1010.6
1323060 1016.3
1323070 1020.6
1323080 1020.6
1323090 1024.5
1323100 1029.2
1323110 1029.2
1323120 1033.9
1323130 1038.6
1323140 1038.6
1323150 1043.5
1323160 1048.3
1323170 1048.3
1323180 1052.9
1323190 1057.3
1323200 1061.0
1323210 1061.0
1323220 1063.9
1323230 1066.4
1323240 1066.4
1323250 1069.3
1323260 1073.8
1323270 1073.8
1323280 1079.6
1323290 1085.5
1323300 1085.5
1323310 1090.0
1323320 1094.2
1323330 1094.2
1323340 1098.8
1323350 1104.1
1323360 1104.1
1323370 1109.1
1323380 1114.1
1323390 1114.1
1323400 1119.5
1323410 1124.1
1323420 1124.1
1323430 1127.7
1323440 1131.1
1323450 1131.1
1323460 1137.4
1323470 1145.1
1323480 1148.2
1323490 1148.2
1323500 1150.4
1323510 1153.9
1323520 1153.9
1323530 1157.8
1323540 1158.6
1323550 1158.6
1323560 1160.0
1323570 1161.9
1323580 1161.9
1323590 1164.3
1323600 1166.9
1323610 1166.9
1323620 1169.5
1323630 1172.4
1323640 1172.4
1323650 1175.6
1323660 1178.8
1323670 1178.8
1323680 1182.2
1323690 1185.2
1323700 1185.2
1323710 1186.4
1323720 1188.0
1323730 1188.0
1323740 1190.5
1323750 1193.3
1323760 1193.3
1323770 1196.3
1323780 1199.4
1323790 1202.7
1323800 1202.7
1323810 1205.9
1323820 1209.2
1323830 1209.2
1323840 1212.9
1323850 1216.6
1323860 1216.6
1323870 1220.6
1323880 1224.4
1323890 1224.4
1323900 1228.5
1323910 1232.2
1323920 1232.2
1323930 1235.2
1323940 1238.3
1323950 1238.3
1323960 1241.3
1323970 1244.5
1323980 1244.5
1323990 1246.8
1324000 1248.9
1324010 1248.9
1324020 1251.3
1324030 1253.1
1324040 1253.1
1324050 1254.2
1324060 1254.7
1324070 1255.4
1324080 1255.4
1324090 1256.5
1324100 1258.0
1324110 1258.0
1324120 1260.1
1324130 1262.3
1324140 1262.3
1324150 1264.9
1324160 1267.7
1324170 1267.7
1324180 1271.3
1324190 1276.0
1324200 1276.0
1324210 1280.0
1324220 1283.4
1324230 1283.4
1324240 1286.4
1324250 1289.9
1324260 1292.1
1324270 1297.8
1324280 1304.6
1324290 1304.6
1324300 1309.2
1324310 1314.3
1324320 1314.3
1324330 1322.6
1324340 1332.2
1324350 1340.7
1324360 1340.7
1324370 1348.2
1324380 1355.3
1324390 1355.3
1324400 1363.5
1324410 1372.7
1324420 1372.7
1324430 1381.3
1324440 1389.4
1324450 1389.4
1324460 1397.3
1324470 1405.2
1324480 1405.2
1324490 1413.4
1324500 1422.0
1324510 1422.0
1324520 1429.8
1324530 1437.4
1324540 1437.4
1324550 1444.8
1324560 1450.9
1324570 1450.9
1324580 1458.1
1324590 1464.1
1324600 1464.1
1324610 1469.5
1324620 1474.8
1324630 1480.4
1324640 1480.4
1324650 1486.6
1324660 1492.6
1324670 1492.6
1324680 1498.9
1324690 1505.3
1324700 1505.3
1324710 1510.7
1324720 1515.4
1324730 1515.4
1324740 1520.0
1324750 1525.1
1324760 1525.1
1324770 1531.1
1324780 1537.1
1324790 1537.1
1324800 1540.5
1324810 1541.7
1324820 1541.7
1324830 1542.0
1324840 1542.0
1324850 1542.0
1324860 1541.8
1324870 1543.1
1324880 1543.1
1324890 1546.1
1324900 1546.3
1324910 1545.7
1324920 1545.7
1324930 1544.7
1324940 1543.5
1324950 1543.5
1324960 1542.6
1324970 1541.7
1324980 1541.7
1324990 1540.8
1325000 1540.1
1325010 1540.1
1325020 1539.3
1325030 1538.7
1325040 1538.7
1325050 1540.8
1325060 1542.2
1325070 1542.2
1325080 1545.0
1325090 1545.8
1325100 1545.8
1325110 1545.9
1325120 1544.9
1325130 1544.9
1325140 1543.7
1325150 1542.3
1325160 1542.3
1325170 1541.4
1325180 1540.5
1325190 1540.5
1325200 1539.8
1325210 1539.9
1325220 1540.5
1325230 1540.5
1325240 1541.4
1325250 1540.3
1325260 1540.3
1325270 1540.8
1325280 1543.9
1325290 1543.9
1325300 1547.8
1325310 1550.8
1325320 1550.8
1325330 1551.9
1325340 1553.1
1325350 1553.1
1325360 1559.2
1325370 1564.0
1325380 1564.0
1325390 1565.9
1325400 1567.5
1325410 1567.5
1325420 1569.2
1325430 1570.1
1325440 1570.1
1325450 1569.7
1325460 1569.9
1325470 1569.9
1325480 1570.7
1325490 1571.5
1325500 1572.3
1325510 1572.3
1325520 1573.2
1325530 1574.8
1325540 1574.8
1325550 1577.0
1325560 1579.0
1325570 1579.0
1325580 1580.3
1325590 1580.8
1325600 1580.8
1325610 1582.0
1325620 1585.4
1325630 1585.4
1325640 1590.2
1325650 1594.9
1325660 1594.9
1325670 1599.5
1325680 1603.2
1325690 1603.2
1325700 1606.0
1325710 1608.6
1325720 1608.6
1325730 1611.3
1325740 1613.8
1325750 1613.8
1325760 1615.2
1325770 1615.5
1325780 1616.4
1325790 1616.4
1325800 1618.5
1325810 1621.3
1325820 1621.3
1325830 1623.2
1325840 1625.4
1325850 1625.4
1325860 1622.9
1325870 1625.9
1325880 1625.9
1325890 1629.0
1325900 1631.6
1325910 1631.6
1325920 1634.7
1325930 1638.2
1325940 1638.2
1325950 1642.3
1325960 1645.9
1325970 1645.9
1325980 1649.0
1325990 1652.3
1326000 1652.3
1326010 1655.9
1326020 1658.6
1326030 1658.6
1326040 1662.2
1326050 1667.6
1326060 1674.2
1326070 1674.2
1326080 1682.1
1326090 1688.9
1326100 1688.9
1326110 1692.6
1326120 1695.6
1326130 1695.6
1326140 1698.1
1326150 1700.6
1326160 1700.6
1326170 1703.2
1326180 1704.4
1326190 1704.4
1326200 1705.2
1326210 1708.8
1326220 1708.8
1326230 1712.1
1326240 1714.5
1326250 1714.5
1326260 1718.3
1326270 1721.2
1326280 1721.2
1326290 1725.3
1326300 1729.0
1326310 1729.0
1326320 1732.6
1326330 1737.4
1326340 1742.3
1326350 1742.3
1326360 1748.4
1326370 1755.3
1326380 1755.3
1326390 1760.7
1326400 1765.9
1326410 1765.9
1326420 1770.1
1326430 1773.0
1326440 1773.0
1326450 1775.6
1326460 1777.8
1326470 1777.8
1326480 1781.5
1326490 1784.3
1326500 1784.3
1326510 1785.8
1326520 1788.7
1326530 1788.7
1326540 1790.8
1326550 1793.4
1326560 1793.4
1326570 1797.2
1326580 1799.0
1326590 1799.0
1326600 1800.3
1326610 1801.8
1326620 1801.8
1326630 1804.3
1326640 1806.3
1326650 1812.2
1326660 1812.2
1326670 1816.3
1326680 1822.2
1326690 1822.2
1326700 1828.5
1326710 1835.2
1326720 1835.2
1326730 1841.3
1326740 1846.5
1326750 1846.5
1326760 1852.0
1326770 1856.7
1326780 1856.7
1326790 1860.5
1326800 1865.1
1326810 1865.1
1326820 1869.8
1326830 1875.7
1326840 1875.7
1326850 1882.2
1326860 1887.1
1326870 1887.1
1326880 1890.5
1326890 1893.8
1326900 1893.8
1326910 1896.5
1326920 1899.0
1326930 1901.4
1326940 1901.4
1326950 1903.8
1326960 1906.6
1326970 1906.6
1326980 1910.0
1326990 1913.5
1327000 1913.5
1327010 1917.5
1327020 1921.9
1327030 1921.9
1327040 1926.3
1327050 1930.8
1327060 1930.8
1327070 1936.1
1327080 1941.2
1327090 1941.2
1327100 1946.5
1327110 1951.9
1327120 1951.9
1327130 1957.4
1327140 1962.9
1327150 1962.9
1327160 1968.3
1327170 1973.8
1327180 1973.8
1327190 1979.2
1327200 1984.4
1327210 1989.4
1327220 1989.4
1327230 1994.4
1327240 1999.2
1327250 1999.2
1327260 2003.9
1327270 2008.1
1327280 2008.1
1327290 2010.6
1327300 2013.6
1327310 2013.6
1327320 2016.1
1327330 2018.6
1327340 2018.6
1327350 2022.1
1327360 2025.4
1327370 2025.4
1327380 2025.5
1327390 2019.8
1327400 2019.8
1327410 2012.3
1327420 2006.4
1327430 2006.4
1327440 2002.8
1327450 2000.1
1327460 2000.1
1327470 1996.6
1327480 1994.4
1327490 1990.0
1327500 1990.0
1327510 1987.2
1327520 1982.3
1327530 1982.3
1327540 1975.9
1327550 1969.7
1327560 1969.7
1327570 1963.6
1327580 1958.8
1327590 1958.8
1327600 1954.6
1327610 1950.2
1327620 1950.2
1327630 1946.3
1327640 1941.6
1327650 1941.6
1327660 1937.4
1327670 1934.7
1327680 1934.7
1327690 1933.0
1327700 1931.1
1327710 1931.1
1327720 1928.7
1327730 1925.9
1327740 1925.9
1327750 1922.7
1327760 1918.6
1327770 1913.6
1327780 1913.6
1327790 1908.3
1327800 1902.7
1327810 1902.7
1327820 1897.4
1327830 1892.4
1327840 1892.4
1327850 1886.1
1327860 1879.1
1327870 1879.1
1327880 1873.5
1327890 1867.0
1327900 1867.0
1327910 1860.6
1327920 1855.5
1327930 1855.5
1327940 1849.7
1327950 1843.3
1327960 1843.3
1327970 1837.0
1327980 1831.6
1327990 1831.6
1328000 1825.9
1328010 1820.5
1328020 1820.5
1328030 1814.9
1328040 1809.6
1328050 1809.6
1328060 1804.5
1328070 1800.6
1328080 1797.6
1328090 1797.6
1328100 1794.1
1328110 1790.1
1328120 1790.1
1328130 1787.5
1328140 1785.5
1328150 1785.5
1328160 1783.0
1328170 1779.4
1328180 1779.4
1328190 1775.1
1328200 1771.1
1328210 1771.1
1328220 1766.8
1328230 1762.4
1328240 1762.4
1328250 1758.9
1328260 1757.2
1328270 1757.2
1328280 1754.9
1328290 1753.1
1328300 1753.1
1328310 1748.4
1328320 1743.4
1328330 1743.4
1328340 1738.8
1328350 1734.8
1328360 1731.3
1328370 1731.3
1328380 1727.3
1328390 1724.6
1328400 1724.6
1328410 1720.8
1328420 1716.8
1328430 1716.8
1328440 1712.6
1328450 1708.7
1328460 1708.7
1328470 1705.7
1328480 1702.6
1328490 1702.6
1328500 1698.8
1328510 1695.3
1328520 1695.3
1328530 1692.1
1328540 1688.3
1328550 1688.3
1328560 1685.6
1328570 1683.2
1328580 1683.2
1328590 1679.8
1328600 1676.7
1328610 1676.7
1328620 1674.3
1328630 1671.3
1328640 1668.4
1328650 1668.4
1328660 1665.4
1328670 1662.0
1328680 1662.0
1328690 1657.8
1328700 1653.0
1328710 1653.0
1328720 1648.9
1328730 1645.4
1328740 1645.4
1328750 1640.4
1328760 1634.4
1328770 1634.4
1328780 1630.3
1328790 1627.5
1328800 1627.5
1328810 1624.3
1328820 1620.4
1328830 1620.4
1328840 1615.7
1328850 1612.3
1328860 1612.3
1328870 1608.8
1328880 1604.3
1328890 1604.3
1328900 1600.0
1328910 1596.4
1328920 1592.3
1328930 1592.3
1328940 1586.9
1328950 1578.0
1328960 1578.0
1328970 1570.3
1328980 1564.0
1328990 1564.0
1329000 1557.2
1329010 1550.4
1329020 1550.4
1329030 1543.4
1329040 1536.1
1329050 1536.1
1329060 1529.1
1329070 1522.2
1329080 1522.2
1329090 1514.5
1329100 1506.6
1329110 1505.9
1329120 1500.4
1329130 1496.5
1329140 1496.5
1329150 1491.9
1329160 1486.9
1329170 1486.9
1329180 1482.3
1329190 1477.4
1329200 1472.2
1329210 1472.2
1329220 1467.6
1329230 1463.2
1329240 1463.2
1329250 1459.2
1329260 1454.6
1329270 1454.6
1329280 1449.9
1329290 1445.6
1329300 1445.6
1329310 1443.0
1329320 1439.9
1329330 1439.9
1329340 1436.2
1329350 1432.6
1329360 1432.6
1329370 1429.3
1329380 1425.9
1329390 1425.9
1329400 1422.3
1329410 1419.3
1329420 1419.3
1329430 1416.8
1329440 1413.1
1329450 1413.1
1329460 1408.7
1329470 1404.0
1329480 1400.2
1329490 1400.2
1329500 1397.7
1329510 1393.3
1329520 1393.3
1329530 1388.3
1329540 1383.7
1329550 1383.7
1329560 1378.4
1329570 1373.4
1329580 1373.4
1329590 1367.7
1329600 1362.6
1329610 1362.6
1329620 1358.7
1329630 1355.2
1329640 1355.2
1329650 1350.2
1329660 1344.7
1329670 1344.7
1329680 1339.8
1329690 1333.9
1329700 1333.9
1329710 1327.7
1329720 1322.0
1329730 1322.0
1329740 1319.3
1329750 1314.2
1329760 1314.2
1329770 1308.2
1329780 1301.8
1329790 1296.2
1329800 1296.2
1329810 1291.8
1329820 1289.3
1329830 1289.3
1329840 1287.7
1329850 1285.8
1329860 1285.8
1329870 1283.2
1329880 1280.3
1329890 1280.3
1329900 1277.4
1329910 1273.8
1329920 1273.8
1329930 1267.1
1329940 1262.7
1329950 1262.7
1329960 1257.8
1329970 1252.7
1329980 1252.7
1329990 1247.3
1330000 1241.6
1330010 1241.6
1330020 1235.9
1330030 1230.6
1330040 1230.6
1330050 1225.5
1330060 1222.6
1330070 1221.0
1330080 1221.0
1330090 1219.9
1330100 1218.8
1330110 1218.8
1330120 1217.6
1330130 1216.4
1330140 1216.4
1330150 1214.9
1330160 1213.3
1330170 1213.3
1330180 1211.9
1330190 1210.4
1330200 1210.4
1330210 1205.9
1330220 1200.7
1330230 1200.7
1330240 1197.3
1330250 1193.7
1330260 1193.7
1330270 1188.0
1330280 1183.2
1330290 1183.2
1330300 1182.6
1330310 1182.2
1330320 1182.2
1330330 1181.5
1330340 1180.6
1330350 1182.9
1330360 1182.9
1330370 1189.0
1330380 1196.2
1330390 1196.2
1330400 1202.5
1330410 1208.7
1330420 1208.7
1330430 1213.8
1330440 1220.0
1330450 1220.0
1330460 1225.5
1330470 1231.2
1330480 1231.2
1330490 1237.1
1330500 1242.1
1330510 1242.1
1330520 1246.1
1330530 1250.5
1330540 1250.5
1330550 1254.9
1330560 1259.2
1330570 1259.2
1330580 1263.3
1330590 1268.1
1330600 1268.1
1330610 1273.6
1330620 1278.5
1330630 1283.1
1330640 1283.1
1330650 1288.3
1330660 1293.6
1330670 1293.6
1330680 1298.7
1330690 1302.6
1330700 1302.6
1330710 1306.5
1330720 1310.1
1330730 1310.1
1330740 1314.4
1330750 1320.3
1330760 1323.2
1330770 1329.7
1330780 1335.6
1330790 1335.6
1330800 1340.9
1330810 1345.4
1330820 1345.4
1330830 1349.7
1330840 1354.5
1330850 1354.5
1330860 1359.4
1330870 1364.2
1330880 1364.2
1330890 1367.8
1330900 1372.9
1330910 1378.1
1330920 1378.1
1330930 1382.6
1330940 1386.8
1330950 1386.8
1330960 1391.1
1330970 1395.5
1330980 1395.5
1330990 1399.5
1331000 1403.4
1331010 1403.4
1331020 1407.3
1331030 1412.1
1331040 1412.1
1331050 1417.0
1331060 1421.9
1331070 1421.9
1331080 1425.4
1331090 1430.4
1331100 1430.4
1331110 1434.8
1331120 1438.3
1331130 1438.3
1331140 1441.4
1331150 1444.2
1331160 1444.2
1331170 1446.7
1331180 1449.1
1331190 1449.1
1331200 1451.7
1331210 1453.8
1331220 1456.2
1331230 1456.2
1331240 1460.1
1331250 1465.6
1331260 1465.6
1331270 1471.4
1331280 1477.0
1331290 1477.0
1331300 1482.9
1331310 1488.2
1331320 1488.2
1331330 1492.4
1331340 1496.7
1331350 1496.7
1331360 1502.1
1331370 1507.4
1331380 1507.4
1331390 1512.9
1331400 1518.3
1331410 1518.3
1331420 1523.3
1331430 1529.1
1331440 1529.1
1331450 1534.1
1331460 1540.2
1331470 1540.2
1331480 1545.8
1331490 1550.2
1331500 1557.1
1331510 1557.1
1331520 1559.4
1331530 1561.0
1331540 1561.0
1331550 1563.2
1331560 1566.4
1331570 1566.4
1331580 1570.2
1331590 1574.5
1331600 1574.5
1331610 1577.3
1331620 1580.5
1331630 1580.5
1331640 1584.8
1331650 1589.3
1331660 1589.3
1331670 1593.4
1331680 1597.5
1331690 1597.5
1331700 1601.3
1331710 1605.1
1331720 1605.1
1331730 1608.4
1331740 1610.9
1331750 1610.9
1331760 1613.5
1331770 1616.8
1331780 1621.4
1331790 1621.4
1331800 1627.4
1331810 1634.8
1331820 1634.8
1331830 1642.7
1331840 1651.2
1331850 1651.2
1331860 1660.3
1331870 1669.5
1331880 1669.5
1331890 1677.6
1331900 1685.1
1331910 1685.1
1331920 1692.3
1331930 1699.2
1331940 1699.2
1331950 1705.8
1331960 1711.7
1331970 1711.7
1331980 1717.5
1331990 1723.6
1332000 1723.6
1332010 1730.1
1332020 1736.8
1332030 1736.8
1332040 1743.0
1332050 1749.4
1332060 1755.2
1332070 1755.2
1332080 1759.9
1332090 1764.1
1332100 1764.1
1332110 1767.5
1332120 1769.1
1332130 1769.1
1332140 1763.5
1332150 1758.2
1332160 1758.2
1332170 1756.3
1332180 1755.9
1332190 1755.9
1332200 1754.8
1332210 1752.3
1332220 1752.3
1332230 1748.1
1332240 1743.5
1332250 1743.5
1332260 1741.5
1332270 1740.0
1332280 1740.0
1332290 1737.5
1332300 1734.7
1332310 1734.7
1332320 1729.9
1332330 1724.6
1332340 1721.4
1332350 1721.4
1332360 1717.2
1332370 1714.0
1332380 1714.0
1332390 1712.9
1332400 1710.8
1332410 1710.8
1332420 1707.3
1332430 1705.1
1332440 1705.1
1332450 1697.8
1332460 1690.5
1332470 1690.5
1332480 1683.5
1332490 1678.2
1332500 1678.2
1332510 1674.4
1332520 1670.7
1332530 1670.7
1332540 1666.4
1332550 1662.8
1332560 1662.8
1332570 1659.0
1332580 1653.7
1332590 1653.7
1332600 1646.6
1332610 1638.4
1332620 1631.6
1332630 1631.6
1332640 1626.1
1332650 1622.3
1332660 1622.3
1332670 1619.3
1332680 1615.8
1332690 1615.8
1332700 1612.0
1332710 1607.4
1332720 1607.4
1332730 1601.3
1332740 1594.9
1332750 1594.9
1332760 1590.8
1332770 1586.1
1332780 1586.1
1332790 1581.7
1332800 1578.7
1332810 1578.7
1332820 1576.3
1332830 1573.9
1332840 1573.9
1332850 1571.5
1332860 1568.4
1332870 1568.4
1332880 1564.1
1332890 1559.1
1332900 1559.1
1332910 1554.2
1332920 1549.2
1332930 1544.2
1332940 1544.2
1332950 1539.0
1332960 1532.8
1332970 1532.8
1332980 1525.4
1332990 1519.4
1333000 1519.4
1333010 1514.8
1333020 1509.1
1333030 1509.1
1333040 1504.0
1333050 1499.1
1333060 1499.1
1333070 1494.0
1333080 1489.0
1333090 1489.0
1333100 1483.8
1333110 1477.9
1333120 1477.9
1333130 1472.2
1333140 1466.0
1333150 1466.0
1333160 1460.3
1333170 1454.9
1333180 1454.9
1333190 1449.3
1333200 1443.8
1333210 1436.8
1333220 1436.8
1333230 1435.3
1333240 1437.7
1333250 1437.7
1333260 1438.3
1333270 1437.7
1333280 1437.7
1333290 1437.7
1333300 1438.9
1333310 1438.9
1333320 1439.7
1333330 1439.7
1333340 1439.7
1333350 1440.4
1333360 1440.9
1333370 1440.9
1333380 1441.0
1333390 1443.0
1333400 1443.0
1333410 1444.7
1333420 1447.0
1333430 1447.0
1333440 1449.7
1333450 1451.9
1333460 1451.9
1333470 1454.0
1333480 1456.0
1333490 1458.1
1333500 1458.1
1333510 1460.0
1333520 1462.3
1333530 1462.3
1333540 1465.0
1333550 1468.6
1333560 1468.6
1333570 1473.9
1333580 1479.1
1333590 1479.1
1333600 1482.5
1333610 1485.5
1333620 1485.5
1333630 1488.1
1333640 1489.5
1333650 1489.5
1333660 1490.2
1333670 1490.8
1333680 1490.8
1333690 1491.1
1333700 1490.3
1333710 1490.3
1333720 1486.7
1333730 1479.6
1333740 1479.6
1333750 1475.7
1333760 1474.3
1333770 1472.7
1333780 1472.7
1333790 1470.1
1333800 1467.9
1333810 1467.9
1333820 1465.7
1333830 1462.3
1333840 1462.3
1333850 1461.6
1333860 1462.5
1333870 1462.5
1333880 1462.4
1333890 1461.2
1333900 1461.2
1333910 1460.3
1333920 1461.0
1333930 1461.0
1333940 1461.1
1333950 1461.9
1333960 1461.9
1333970 1463.4
1333980 1464.6
1333990 1464.6
1334000 1467.6
1334010 1470.8
1334020 1470.8
1334030 1473.6
1334040 1472.9
1334050 1471.1
1334060 1471.1
1334070 1469.9
1334080 1466.9
1334090 1466.9
1334100 1464.8
1334110 1471.1
1334120 1471.1
1334130 1470.2
1334140 1469.2
1334150 1469.2
1334160 1468.7
1334170 1468.2
1334180 1468.2
1334190 1467.7
1334200 1468.0
1334210 1468.0
1334220 1466.3
1334230 1464.4
1334240 1464.4
1334250 1463.6
1334260 1463.2
1334270 1463.2
1334280 1461.6
1334290 1460.9
1334300 1460.9
1334310 1458.8
1334320 1454.9
1334330 1454.9
1334340 1451.4
1334350 1448.5
1334360 1446.1
1334370 1446.1
1334380 1446.7
1334390 1447.7
1334400 1447.7
1334410 1447.6
1334420 1447.2
1334430 1447.2
1334440 1445.9
1334450 1443.5
1334460 1443.5
1334470 1441.1
1334480 1438.9
1334490 1438.9
1334500 1437.0
1334510 1436.0
1334520 1436.0
1334530 1435.3
1334540 1434.2
1334550 1434.2
1334560 1432.6
1334570 1430.7
1334580 1430.7
1334590 1429.5
1334600 1426.5
1334610 1426.5
1334620 1422.2
1334630 1418.3
1334640 1414.5
1334650 1414.5
1334660 1411.3
1334670 1408.7
1334680 1408.7
1334690 1406.4
1334700 1402.7
1334710 1402.7
1334720 1397.8
1334730 1391.5
1334740 1391.5
1334750 1385.2
1334760 1380.0
1334770 1380.0
1334780 1376.0
1334790 1372.4
1334800 1372.4
1334810 1368.1
1334820 1363.7
1334830 1363.7
1334840 1359.1
1334850 1355.6
1334860 1355.6
1334870 1352.9
1334880 1350.1
1334890 1350.1
1334900 1346.5
1334910 1341.9
1334920 1337.6
1334930 1337.6
1334940 1331.9
1334950 1325.1
1334960 1330.1
1334970 1325.9
1334980 1321.0
1334990 1321.0
1335000 1314.9
1335010 1309.3
1335020 1309.3
1335030 1304.9
1335040 1303.0
1335050 1303.0
1335060 1300.7
1335070 1297.5
1335080 1297.5
1335090 1293.9
1335100 1289.4
1335110 1289.4
1335120 1284.5
1335130 1279.4
1335140 1279.4
1335150 1274.1
1335160 1271.0
1335170 1271.0
1335180 1267.6
1335190 1263.5
1335200 1261.9
1335210 1261.9
1335220 1260.6
1335230 1260.5
1335240 1260.5
1335250 1260.2
1335260 1259.6
1335270 1259.6
1335280 1259.7
1335290 1261.4
1335300 1261.4
1335310 1263.5
1335320 1265.3
1335330 1265.3
1335340 1268.1
1335350 1272.9
1335360 1272.9
1335370 1277.9
1335380 1281.8
1335390 1281.8
1335400 1285.1
1335410 1284.8
1335420 1284.8
1335430 1279.3
1335440 1275.1
1335450 1275.1
1335460 1276.1
1335470 1279.4
1335480 1285.9
1335490 1285.9
1335500 1292.9
1335510 1299.9
1335520 1299.9
1335530 1305.2
1335540 1308.9
1335550 1308.9
1335560 1312.5
1335570 1317.5
1335580 1317.5
1335590 1323.3
1335600 1328.8
1335610 1328.8
1335620 1333.6
1335630 1338.8
1335640 1338.8
1335650 1344.5
1335660 1350.5
1335670 1350.5
1335680 1356.2
1335690 1361.7
1335700 1361.7
1335710 1362.9
1335720 1365.8
1335730 1365.8
1335740 1368.8
1335750 1372.1
1335760 1376.5
1335770 1376.5
1335780 1381.1
1335790 1386.8
1335800 1386.8
1335810 1393.2
1335820 1400.9
1335830 1400.9
1335840 1407.3
1335850 1413.6
1335860 1413.6
1335870 1417.0
1335880 1421.5
1335890 1421.5
1335900 1426.0
1335910 1429.7
1335920 1429.7
1335930 1434.6
1335940 1440.3
1335950 1440.3
1335960 1445.4
1335970 1449.2
1335980 1449.2
1335990 1453.4
1336000 1459.0
1336010 1459.0
1336020 1464.5
1336030 1471.4
1336040 1471.4
1336050 1477.9
1336060 1480.8
1336070 1485.9
1336080 1485.9
1336090 1490.2
1336100 1493.3
1336110 1493.3
1336120 1497.5
1336130 1500.4
1336140 1500.4
1336150 1502.8
1336160 1505.5
1336170 1505.5
1336180 1506.9
1336190 1507.8
1336200 1507.8
1336210 1509.4
1336220 1511.8
1336230 1511.8
1336240 1515.4
1336250 1519.1
1336260 1519.1
1336270 1524.1
1336280 1529.7
1336290 1529.7
1336300 1535.9
1336310 1542.7
1336320 1542.7
1336330 1550.3
1336340 1558.2
1336350 1567.3
1336360 1567.3
1336370 1577.6
1336380 1585.4
1336390 1585.4
1336400 1591.7
1336410 1600.5
1336420 1600.5
1336430 1612.1
1336440 1622.2
1336450 1622.2
1336460 1630.1
1336470 1637.9
1336480 1637.9
1336490 1645.0
1336500 1652.3
1336510 1652.3
1336520 1660.6
1336530 1668.9
1336540 1668.9
1336550 1675.7
1336560 1681.6
1336570 1681.6
1336580 1687.4
1336590 1693.0
1336600 1693.0
1336610 1698.6
1336620 1703.8
1336630 1707.9
1336640 1707.9
1336650 1712.0
1336660 1716.7
1336670 1716.7
1336680 1723.4
1336690 1726.6
1336700 1726.6
1336710 1729.9
1336720 1732.8
1336730 1732.8
1336740 1735.4
1336750 1737.6
1336760 1737.6
1336770 1739.3
1336780 1741.3
1336790 1741.3
1336800 1743.3
1336810 1744.5
1336820 1744.5
1336830 1746.2
1336840 1748.0
1336850 1748.0
1336860 1750.0
1336870 1752.2
1336880 1752.2
1336890 1754.4
1336900 1756.5
1336910 1758.2
1336920 1758.2
1336930 1759.9
1336940 1761.6
1336950 1761.6
1336960 1763.1
1336970 1765.0
1336980 1765.0
1336990 1767.8
1337000 1770.0
1337010 1770.0
1337020 1772.0
1337030 1773.4
1337040 1773.4
1337050 1775.3
1337060 1776.9
1337070 1776.9
1337080 1778.2
1337090 1779.1
1337100 1779.1
1337110 1779.5
1337120 1779.8
1337130 1779.8
1337140 1779.8
1337150 1778.4
1337160 1778.4
1337170 1771.9
1337180 1767.9
1337190 1768.1
1337200 1768.1
1337210 1769.4
1337220 1776.1
1337230 1776.1
1337240 1779.3
1337250 1780.6
1337260 1780.6
1337270 1781.6
1337280 1782.5
1337290 1782.5
1337300 1783.5
1337310 1783.8
1337320 1783.8
1337330 1783.5
1337340 1784.8
1337350 1784.8
1337360 1785.7
1337370 1787.3
1337380 1787.3
1337390 1788.6
1337400 1789.8
1337410 1789.8
1337420 1790.8
1337430 1791.9
1337440 1791.9
1337450 1793.1
1337460 1794.3
1337470 1794.3
1337480 1795.7
1337490 1797.1
1337500 1798.7
1337510 1798.7
1337520 1800.5
1337530 1804.4
1337540 1804.4
1337550 1809.9
1337560 1815.1
1337570 1815.1
1337580 1817.8
1337590 1818.3
1337600 1818.3
1337610 1819.8
1337620 1822.1
1337630 1822.1
1337640 1824.6
1337650 1827.5
1337660 1827.5
1337670 1830.8
1337680 1835.4
1337690 1835.4
1337700 1842.8
1337710 1851.1
1337720 1851.1
1337730 1860.0
1337740 1868.8
1337750 1868.8
1337760 1876.2
1337770 1884.5
1337780 1893.9
1337790 1893.9
1337800 1904.6
1337810 1913.1
1337820 1913.1
1337830 1919.3
1337840 1923.6
1337850 1923.6
1337860 1928.4
1337870 1935.0
1337880 1935.0
1337890 1943.3
1337900 1952.0
1337910 1952.0
1337920 1959.5
1337930 1964.8
1337940 1964.8
1337950 1969.7
1337960 1975.7
1337970 1975.7
1337980 1981.7
1337990 1987.6
1338000 1987.6
1338010 1993.4
1338020 1999.9
1338030 1999.9
1338040 2007.7
1338050 2016.3
1338060 2023.8
1338070 2023.8
1338080 2030.9
1338090 2036.1
1338100 2036.1
1338110 2040.7
1338120 2046.7
1338130 2046.7
1338140 2051.4
1338150 2057.0
1338160 2057.0
1338170 2063.3
1338180 2069.2
1338190 2069.2
1338200 2074.6
1338210 2080.1
1338220 2080.1
1338230 2085.3
1338240 2091.7
1338250 2091.7
1338260 2097.8
1338270 2101.5
1338280 2101.5
1338290 2105.8
1338300 2113.0
1338310 2113.0
1338320 2121.6
1338330 2129.1
1338340 2134.8
1338350 2134.8
1338360 2137.9
1338370 2142.5
1338380 2142.5
1338390 2149.4
1338400 2155.6
1338410 2152.6
1338420 2157.9
1338430 2163.2
1338440 2163.2
1338450 2169.1
1338460 2174.2
1338470 2174.2
1338480 2179.3
1338490 2183.1
1338500 2183.1
1338510 2186.3
1338520 2188.8
1338530 2188.8
1338540 2190.7
1338550 2191.3
1338560 2191.3
1338570 2189.3
1338580 2185.7
1338590 2185.7
1338600 2181.1
1338610 2175.0
1338620 2167.1
1338630 2167.1
1338640 2163.9
1338650 2162.2
1338660 2162.2
1338670 2160.2
1338680 2158.3
1338690 2158.3
1338700 2152.5
1338710 2150.5
1338720 2150.5
1338730 2150.0
1338740 2150.0
1338750 2150.0
1338760 2151.2
1338770 2154.5
1338780 2154.5
1338790 2157.5
1338800 2157.8
1338810 2157.8
1338820 2151.8
1338830 2144.3
1338840 2144.3
1338850 2138.6
1338860 2133.1
1338870 2133.1
1338880 2127.5
1338890 2120.7
1338900 2113.6
1338910 2113.6
1338920 2107.4
1338930 2101.6
1338940 2101.6
1338950 2095.2
1338960 2088.0
1338970 2088.0
1338980 2083.6
1338990 2077.1
1339000 2077.1
1339010 2071.7
1339020 2067.2
1339030 2067.2
1339040 2062.1
1339050 2055.2
1339060 2055.2
1339070 2049.6
1339080 2047.3
1339090 2047.3
1339100 2046.2
1339110 2044.9
1339120 2044.9
1339130 2042.9
1339140 2040.2
1339150 2040.2
1339160 2037.5
1339170 2035.3
1339180 2035.3
1339190 2033.0
1339200 2028.0
1339210 2021.5
1339220 2021.5
1339230 2016.0
1339240 2012.7
1339250 2012.7
1339260 2008.2
1339270 2002.4
1339280 2002.4
1339290 1993.5
1339300 1986.3
1339310 1986.3
1339320 1979.0
1339330 1971.5
1339340 1971.5
1339350 1963.2
1339360 1955.7
1339370 1955.7
1339380 1949.2
1339390 1942.7
1339400 1942.7
1339410 1937.2
1339420 1930.6
1339430 1930.6
1339440 1924.7
1339450 1918.4
1339460 1918.4
1339470 1910.1
1339480 1899.9
1339490 1889.3
1339500 1889.3
1339510 1878.3
1339520 1869.3
1339530 1869.3
1339540 1861.9
1339550 1854.8
1339560 1854.8
1339570 1848.7
1339580 1843.3
1339590 1843.3
1339600 1837.4
1339610 1831.0
1339620 1831.0
1339630 1823.8
1339640 1817.3
1339650 1817.3
1339660 1811.7
1339670 1808.3
1339680 1808.3
1339690 1804.2
1339700 1799.3
1339710 1799.3
1339720 1794.3
1339730 1790.4
1339740 1790.4
1339750 1787.3
1339760 1785.0
1339770 1784.2
1339780 1784.2
1339790 1784.1
1339800 1783.7
1339810 1783.7
1339820 1783.6
1339830 1784.1
1339840 1784.1
1339850 1784.2
1339860 1783.6
1339870 1783.6
1339880 1782.2
1339890 1780.0
1339900 1780.0
1339910 1778.4
1339920 1777.6
1339930 1777.6
1339940 1776.3
1339950 1774.6
1339960 1774.6
1339970 1772.9
1339980 1770.7
1339990 1770.7
