1320000 529.6
1320010 529.6
1320020 529.6
1320030 529.7
1320040 529.7
1320050 529.7
1320060 529.1
1320070 529.2
1320080 529.2
1320090 529.5
1320100 529.6
1320110 529.6
1320120 529.6
1320130 529.6
1320140 529.6
1320150 529.6
1320160 529.6
1320170 529.6
1320180 529.7
1320190 529.8
1320200 529.8
1320210 529.9
1320220 530.0
1320230 530.0
1320240 530.0
1320250 530.1
1320260 530.1
1320270 530.2
1320280 530.3
1320290 530.3
1320300 530.4
1320310 530.5
1320320 530.5
1320330 530.8
1320340 530.7
1320350 529.3
1320360 529.3
1320370 529.1
1320380 529.1
1320390 529.1
1320400 529.1
1320410 529.1
1320420 529.1
1320430 530.3
1320440 531.2
1320450 531.2
1320460 530.5
1320470 530.3
1320480 530.3
1320490 530.2
1320500 530.1
1320510 530.1
1320520 530.0
1320530 529.9
1320540 529.9
1320550 530.0
1320560 529.9
1320570 529.9
1320580 529.9
1320590 529.9
1320600 529.9
1320610 529.8
1320620 529.9
1320630 529.9
1320640 529.9
1320650 529.9
1320660 529.3
1320670 529.3
1320680 529.3
1320690 529.9
1320700 529.9
1320710 530.0
1320720 530.1
1320730 530.1
1320740 530.3
1320750 530.5
1320760 530.5
1320770 530.9
1320780 531.4
1320790 531.4
1320800 531.6
1320810 531.7
1320820 531.7
1320830 532.1
1320840 532.9
1320850 532.9
1320860 533.9
1320870 535.1
1320880 535.1
1320890 536.6
1320900 537.9
1320910 538.8
1320920 538.8
1320930 539.3
1320940 539.9
1320950 539.9
1320960 540.5
1320970 542.8
1320980 542.8
1320990 546.4
1321000 549.8
1321010 549.8
1321020 554.2
1321030 559.4
1321040 559.4
1321050 564.5
1321060 569.1
1321070 569.1
1321080 572.7
1321090 576.2
1321100 576.2
1321110 580.7
1321120 576.7
1321130 576.7
1321140 579.9
1321150 585.0
1321160 585.0
1321170 591.6
1321180 600.1
1321190 610.7
1321200 610.7
1321210 621.1
1321220 629.4
1321230 629.4
1321240 635.6
1321250 642.1
1321260 642.1
1321270 648.3
1321280 652.2
1321290 652.2
1321300 655.3
1321310 658.9
1321320 658.9
1321330 663.2
1321340 666.9
1321350 666.9
1321360 669.8
1321370 672.3
1321380 672.3
1321390 673.5
1321400 674.3
1321410 674.3
1321420 675.7
1321430 677.5
1321440 677.5
1321450 679.6
1321460 681.4
1321470 681.4
1321480 683.5
1321490 685.4
1321500 687.2
1321510 687.2
1321520 689.1
1321530 691.6
1321540 691.6
1321550 694.7
1321560 698.3
1321570 698.3
1321580 702.3
1321590 707.1
1321600 707.1
1321610 711.8
1321620 717.1
1321630 717.1
1321640 722.0
1321650 728.7
1321660 728.7
1321670 735.5
1321680 742.8
1321690 742.8
1321700 749.2
1321710 754.1
1321720 754.1
1321730 758.0
1321740 762.1
1321750 762.1
1321760 766.3
1321770 771.2
1321780 776.4
1321790 776.4
1321800 781.6
1321810 785.9
1321820 785.9
1321830 787.0
1321840 786.2
1321850 786.2
1321860 785.4
1321870 784.2
1321880 784.2
1321890 783.6
1321900 778.1
1321910 778.1
1321920 780.5
1321930 786.3
1321940 786.3
1321950 791.7
1321960 796.1
1321970 796.1
1321980 801.5
1321990 806.0
1322000 806.0
1322010 810.2
1322020 815.1
1322030 815.1
1322040 820.3
1322050 825.9
1322060 830.8
1322070 830.8
1322080 834.7
1322090 838.0
1322100 838.0
1322110 841.2
1322120 845.0
1322130 845.0
1322140 848.4
1322150 851.6
1322160 851.6
1322170 854.4
1322180 859.0
1322190 859.0
1322200 862.8
1322210 866.7
1322220 866.7
1322230 870.7
1322240 874.5
1322250 874.5
1322260 878.1
1322270 881.8
1322280 881.8
1322290 885.6
1322300 889.6
1322310 889.6
1322320 893.3
1322330 898.0
1322340 902.3
1322350 902.3
1322360 906.0
1322370 909.7
1322380 909.7
1322390 913.8
1322400 917.8
1322410 917.8
1322420 921.7
1322430 924.6
1322440 924.6
1322450 926.6
1322460 928.2
1322470 928.2
1322480 930.3
1322490 932.3
1322500 932.3
1322510 934.3
1322520 936.1
1322530 936.1
1322540 938.2
1322550 940.8
1322560 940.8
1322570 943.9
1322580 946.4
1322590 946.4
1322600 947.1
1322610 947.7
1322620 947.7
1322630 949.4
1322640 951.0
1322650 955.8
1322660 955.8
1322670 962.2
1322680 967.3
1322690 967.3
1322700 973.5
1322710 979.2
1322720 979.2
1322730 984.2
1322740 988.2
1322750 988.2
1322760 991.3
1322770 994.1
1322780 994.1
1322790 997.1
1322800 1000.6
1322810 1000.6
1322820 1002.6
1322830 1003.5
1322840 1003.5
1322850 1004.3
1322860 1005.9
1322870 1005.9
1322880 1008.1
1322890 1010.6
1322900 1010.6
1322910 1013.5
1322920 1016.4
1322930 1018.8
1322940 1018.8
1322950 1021.4
1322960 1023.7
1322970 1023.7
1322980 1026.0
1322990 1028.6
1323000 1028.6
1323010 1031.3
1323020 1034.6
1323030 1034.6
1323040 1038.0
1323050 1041.9
1323060 1041.9
1323070 1046.3
1323080 1050.6
1323090 1050.6
1323100 1055.1
1323110 1060.4
1323120 1060.4
1323130 1065.1
1323140 1069.8
1323150 1069.8
1323160 1074.4
1323170 1080.1
1323180 1080.1
1323190 1084.3
1323200 1086.8
1323210 1088.8
1323220 1088.8
1323230 1090.7
1323240 1094.0
1323250 1094.0
1323260 1096.8
1323270 1100.0
1323280 1100.0
1323290 1103.9
1323300 1107.9
1323310 1107.9
1323320 1111.9
1323330 1116.2
1323340 1116.2
1323350 1120.6
1323360 1124.4
1323370 1124.4
1323380 1128.3
1323390 1132.4
1323400 1132.4
1323410 1136.7
1323420 1141.0
1323430 1141.0
1323440 1145.7
1323450 1150.6
1323460 1150.6
1323470 1156.1
1323480 1161.5
1323490 1167.6
1323500 1167.6
1323510 1175.4
1323520 1183.7
1323530 1183.7
1323540 1191.5
1323550 1197.6
1323560 1197.6
1323570 1202.8
1323580 1207.6
1323590 1207.6
1323600 1210.7
1323610 1213.4
1323620 1213.4
1323630 1216.1
1323640 1218.3
1323650 1218.3
1323660 1219.7
1323670 1220.7
1323680 1220.7
1323690 1222.2
1323700 1225.0
1323710 1225.0
1323720 1229.5
1323730 1233.2
1323740 1233.2
1323750 1235.8
1323760 1237.4
1323770 1237.4
1323780 1239.3
1323790 1243.2
1323800 1248.3
1323810 1248.3
1323820 1254.1
1323830 1259.7
1323840 1259.7
1323850 1264.7
1323860 1269.4
1323870 1269.4
1323880 1272.0
1323890 1273.7
1323900 1273.7
1323910 1275.0
1323920 1276.0
1323930 1276.0
1323940 1278.0
1323950 1281.6
1323960 1281.6
1323970 1285.5
1323980 1289.8
1323990 1289.8
1324000 1297.0
1324010 1301.8
1324020 1301.8
1324030 1305.9
1324040 1310.4
1324050 1310.4
1324060 1314.6
1324070 1318.6
1324080 1322.1
1324090 1322.1
1324100 1328.3
1324110 1334.7
1324120 1334.7
1324130 1339.1
1324140 1344.1
1324150 1344.1
1324160 1350.6
1324170 1355.6
1324180 1355.6
1324190 1360.1
1324200 1365.6
1324210 1365.6
1324220 1370.1
1324230 1377.6
1324240 1377.6
1324250 1384.0
1324260 1388.0
1324270 1388.9
1324280 1390.6
1324290 1393.1
1324300 1393.1
1324310 1396.7
1324320 1400.0
1324330 1400.0
1324340 1402.4
1324350 1406.3
1324360 1412.0
1324370 1412.0
1324380 1418.4
1324390 1426.3
1324400 1426.3
1324410 1433.2
1324420 1440.1
1324430 1440.1
1324440 1446.5
1324450 1450.4
1324460 1450.4
1324470 1454.0
1324480 1456.9
1324490 1456.9
1324500 1459.4
1324510 1464.0
1324520 1464.0
1324530 1467.4
1324540 1469.1
1324550 1469.1
1324560 1471.3
1324570 1475.5
1324580 1475.5
1324590 1480.7
1324600 1486.8
1324610 1486.8
1324620 1491.4
1324630 1494.8
1324640 1494.8
1324650 1497.6
1324660 1500.2
1324670 1503.5
1324680 1503.5
1324690 1506.6
1324700 1509.7
1324710 1509.7
1324720 1514.6
1324730 1521.1
1324740 1521.1
1324750 1526.0
1324760 1528.9
1324770 1528.9
1324780 1530.4
1324790 1531.3
1324800 1531.3
1324810 1532.2
1324820 1533.4
1324830 1533.4
1324840 1535.2
1324850 1536.0
1324860 1536.0
1324870 1537.2
1324880 1539.5
1324890 1539.5
1324900 1542.6
1324910 1544.9
1324920 1544.9
1324930 1548.3
1324940 1553.4
1324950 1558.7
1324960 1558.7
1324970 1563.7
1324980 1566.8
1324990 1566.8
1325000 1569.4
1325010 1572.0
1325020 1572.0
1325030 1575.9
1325040 1579.5
1325050 1579.5
1325060 1587.8
1325070 1595.4
1325080 1595.4
1325090 1603.0
1325100 1608.9
1325110 1608.9
1325120 1614.4
1325130 1619.9
1325140 1619.9
1325150 1625.0
1325160 1630.7
1325170 1630.7
1325180 1635.7
1325190 1641.3
1325200 1641.3
1325210 1648.6
1325220 1653.9
1325230 1658.3
1325240 1658.3
1325250 1662.7
1325260 1668.2
1325270 1668.2
1325280 1672.2
1325290 1672.9
1325300 1672.9
1325310 1676.1
1325320 1683.9
1325330 1683.9
1325340 1691.6
1325350 1699.5
1325360 1699.5
1325370 1706.5
1325380 1712.2
1325390 1712.2
1325400 1716.4
1325410 1720.9
1325420 1720.9
1325430 1725.3
1325440 1728.7
1325450 1728.7
1325460 1732.9
1325470 1738.2
1325480 1738.2
1325490 1743.6
1325500 1749.1
1325510 1752.5
1325520 1752.5
1325530 1753.8
1325540 1755.0
1325550 1755.0
1325560 1756.6
1325570 1759.0
1325580 1759.0
1325590 1764.3
1325600 1772.0
1325610 1772.0
1325620 1779.5
1325630 1787.0
1325640 1787.0
1325650 1794.1
1325660 1800.4
1325670 1800.4
1325680 1806.7
1325690 1812.3
1325700 1812.3
1325710 1816.8
1325720 1820.2
1325730 1820.2
1325740 1823.6
1325750 1827.0
1325760 1827.0
1325770 1831.1
1325780 1835.1
1325790 1835.1
1325800 1838.0
1325810 1842.8
1325820 1848.8
1325830 1848.8
1325840 1852.8
1325850 1856.2
1325860 1848.8
1325870 1852.5
1325880 1857.0
1325890 1857.0
1325900 1861.1
1325910 1864.4
1325920 1864.4
1325930 1867.4
1325940 1870.7
1325950 1870.7
1325960 1874.0
1325970 1877.8
1325980 1877.8
1325990 1882.2
1326000 1886.7
1326010 1886.7
1326020 1891.0
1326030 1894.2
1326040 1894.2
1326050 1896.5
1326060 1898.8
1326070 1898.8
1326080 1901.6
1326090 1903.8
1326100 1906.0
1326110 1906.0
1326120 1909.1
1326130 1911.9
1326140 1911.9
1326150 1912.6
1326160 1912.0
1326170 1912.0
1326180 1908.7
1326190 1904.3
1326200 1904.3
1326210 1901.3
1326220 1898.3
1326230 1898.3
1326240 1895.0
1326250 1893.8
1326260 1893.8
1326270 1892.1
1326280 1891.4
1326290 1891.4
1326300 1890.0
1326310 1888.6
1326320 1888.6
1326330 1888.5
1326340 1888.4
1326350 1888.4
1326360 1888.3
1326370 1888.1
1326380 1890.1
1326390 1890.1
1326400 1891.4
1326410 1892.4
1326420 1892.4
1326430 1888.0
1326440 1888.1
1326450 1888.1
1326460 1886.9
1326470 1885.7
1326480 1885.7
1326490 1889.5
1326500 1892.2
1326510 1892.2
1326520 1894.8
1326530 1898.6
1326540 1898.6
1326550 1903.7
1326560 1900.7
1326570 1900.7
1326580 1896.8
1326590 1895.7
1326600 1895.7
1326610 1893.9
1326620 1892.5
1326630 1892.5
1326640 1892.0
1326650 1895.1
1326660 1895.7
1326670 1903.8
1326680 1902.1
1326690 1900.7
1326700 1900.7
1326710 1900.3
1326720 1899.5
1326730 1899.5
1326740 1900.9
1326750 1903.7
1326760 1903.7
1326770 1904.7
1326780 1903.1
1326790 1903.1
1326800 1901.9
1326810 1903.6
1326820 1903.6
1326830 1906.1
1326840 1908.0
1326850 1908.0
1326860 1911.8
1326870 1915.8
1326880 1915.8
1326890 1919.0
1326900 1921.7
1326910 1921.7
1326920 1924.2
1326930 1926.3
1326940 1926.3
1326950 1927.9
1326960 1931.9
1326970 1937.9
1326980 1937.9
1326990 1942.4
1327000 1947.8
1327010 1947.8
1327020 1951.8
1327030 1956.2
1327040 1956.2
1327050 1960.1
1327060 1963.3
1327070 1963.3
1327080 1966.7
1327090 1972.0
1327100 1972.0
1327110 1979.9
1327120 1993.9
1327130 1993.9
1327140 2008.0
1327150 2018.5
1327160 2018.5
1327170 2023.7
1327180 2031.6
1327190 2031.6
1327200 2035.5
1327210 2035.0
1327220 2035.0
1327230 2039.4
1327240 2045.5
1327250 2048.3
1327260 2048.3
1327270 2051.6
1327280 2060.2
1327290 2060.2
1327300 2066.8
1327310 2068.6
1327320 2068.6
1327330 2069.1
1327340 2072.8
1327350 2072.8
1327360 2076.6
1327370 2072.1
1327380 2072.1
1327390 2063.2
1327400 2054.6
1327410 2054.6
1327420 2047.2
1327430 2039.5
1327440 2039.5
1327450 2032.1
1327460 2026.8
1327470 2026.8
1327480 2021.6
1327490 2015.5
1327500 2015.5
1327510 2010.0
1327520 2003.8
1327530 1995.8
1327540 1995.8
1327550 1988.4
1327560 1980.8
1327570 1980.8
1327580 1975.0
1327590 1970.4
1327600 1970.4
1327610 1967.2
1327620 1964.3
1327630 1964.3
1327640 1960.6
1327650 1957.2
1327660 1957.2
1327670 1953.1
1327680 1949.3
1327690 1949.3
1327700 1944.2
1327710 1937.7
1327720 1937.7
1327730 1931.7
1327740 1926.7
1327750 1926.7
1327760 1921.5
1327770 1914.0
1327780 1914.0
1327790 1906.8
1327800 1900.7
1327810 1895.3
1327820 1895.3
1327830 1890.1
1327840 1883.5
1327850 1883.5
1327860 1876.1
1327870 1871.2
1327880 1871.2
1327890 1866.2
1327900 1861.1
1327910 1861.1
1327920 1855.4
1327930 1850.0
1327940 1850.0
1327950 1844.4
1327960 1838.1
1327970 1838.1
1327980 1830.3
1327990 1822.0
1328000 1822.0
1328010 1813.7
1328020 1805.9
1328030 1805.9
1328040 1799.1
1328050 1794.4
1328060 1794.4
1328070 1790.3
1328080 1787.9
1328090 1787.9
1328100 1786.3
1328110 1784.8
1328120 1782.6
1328130 1782.6
1328140 1780.0
1328150 1776.4
1328160 1776.4
1328170 1772.4
1328180 1767.5
1328190 1767.5
1328200 1762.4
1328210 1758.2
1328220 1758.2
1328230 1755.2
1328240 1752.9
1328250 1752.9
1328260 1750.7
1328270 1747.9
1328280 1747.9
1328290 1743.7
1328300 1740.8
1328310 1740.8
1328320 1738.1
1328330 1735.1
1328340 1735.1
1328350 1732.6
1328360 1729.8
1328370 1729.8
1328380 1726.9
1328390 1723.3
1328400 1719.0
1328410 1719.0
1328420 1715.5
1328430 1711.5
1328440 1711.5
1328450 1707.6
1328460 1703.9
1328470 1703.9
1328480 1700.0
1328490 1695.7
1328500 1695.7
1328510 1690.5
1328520 1685.4
1328530 1685.4
1328540 1679.6
1328550 1673.3
1328560 1673.3
1328570 1668.8
1328580 1664.2
1328590 1664.2
1328600 1661.0
1328610 1659.7
1328620 1659.7
1328630 1660.6
1328640 1657.5
1328650 1657.5
1328660 1653.2
1328670 1650.1
1328680 1647.3
1328690 1647.3
1328700 1642.2
1328710 1637.9
1328720 1637.9
1328730 1635.6
1328740 1630.2
1328750 1630.2
1328760 1624.1
1328770 1616.9
1328780 1616.9
1328790 1608.0
1328800 1600.9
1328810 1600.9
1328820 1595.2
1328830 1588.8
1328840 1588.8
1328850 1582.5
1328860 1577.4
1328870 1577.4
1328880 1573.7
1328890 1569.1
1328900 1569.1
1328910 1563.3
1328920 1558.3
1328930 1558.3
1328940 1553.7
1328950 1550.4
1328960 1545.7
1328970 1545.7
1328980 1540.4
1328990 1537.7
1329000 1537.7
1329010 1536.6
1329020 1536.4
1329030 1536.4
1329040 1535.7
1329050 1533.0
1329060 1533.0
1329070 1527.8
1329080 1522.7
1329090 1522.7
1329100 1517.8
1329110 1517.9
1329120 1517.9
1329130 1512.2
1329140 1505.1
1329150 1505.1
1329160 1498.9
1329170 1495.0
1329180 1495.0
1329190 1490.9
1329200 1484.4
1329210 1484.4
1329220 1477.1
1329230 1469.2
1329240 1469.2
1329250 1461.7
1329260 1458.1
1329270 1455.2
1329280 1455.2
1329290 1449.6
1329300 1443.8
1329310 1443.8
1329320 1438.2
1329330 1433.9
1329340 1433.9
1329350 1429.0
1329360 1423.6
1329370 1423.6
1329380 1417.8
1329390 1412.1
1329400 1412.1
1329410 1406.2
1329420 1401.0
1329430 1401.0
1329440 1396.9
1329450 1392.7
1329460 1392.7
1329470 1387.4
1329480 1382.2
1329490 1382.2
1329500 1379.3
1329510 1378.2
1329520 1378.2
1329530 1375.6
1329540 1371.4
1329550 1367.5
1329560 1367.5
1329570 1364.9
1329580 1361.8
1329590 1361.8
1329600 1357.9
1329610 1355.0
1329620 1355.0
1329630 1352.8
1329640 1350.2
1329650 1350.2
1329660 1347.5
1329670 1344.1
1329680 1344.1
1329690 1340.2
1329700 1336.3
1329710 1336.3
1329720 1332.1
1329730 1327.3
1329740 1327.3
1329750 1322.4
1329760 1316.9
1329770 1316.9
1329780 1311.4
1329790 1305.9
1329800 1305.9
1329810 1300.4
1329820 1294.6
1329830 1288.9
1329840 1288.9
1329850 1283.2
1329860 1277.5
1329870 1277.5
1329880 1271.8
1329890 1266.2
1329900 1266.2
1329910 1260.5
1329920 1255.0
1329930 1255.1
1329940 1249.5
1329950 1244.0
1329960 1244.0
1329970 1238.6
1329980 1233.1
1329990 1233.1
1330000 1227.6
1330010 1222.4
1330020 1222.4
1330030 1217.2
1330040 1212.2
1330050 1212.2
1330060 1206.8
1330070 1202.5
1330080 1202.5
1330090 1197.2
1330100 1192.8
1330110 1188.3
1330120 1188.3
1330130 1184.1
1330140 1180.2
1330150 1180.2
1330160 1176.5
1330170 1172.3
1330180 1172.3
1330190 1168.0
1330200 1164.0
1330210 1164.0
1330220 1159.6
1330230 1154.5
1330240 1154.5
1330250 1149.8
1330260 1146.3
1330270 1146.3
1330280 1143.5
1330290 1141.6
1330300 1141.6
1330310 1140.0
1330320 1138.5
1330330 1138.5
1330340 1137.2
1330350 1136.0
1330360 1136.0
1330370 1135.0
1330380 1134.0
1330390 1134.0
1330400 1133.0
1330410 1132.0
1330420 1129.4
1330430 1129.4
1330440 1126.9
1330450 1127.8
1330460 1127.8
1330470 1128.7
1330480 1129.1
1330490 1129.1
1330500 1132.7
1330510 1136.9
1330520 1136.9
1330530 1141.5
1330540 1146.4
1330550 1146.4
1330560 1152.2
1330570 1158.5
1330580 1158.5
1330590 1165.7
1330600 1172.5
1330610 1172.5
1330620 1177.9
1330630 1182.6
1330640 1182.6
1330650 1186.5
1330660 1187.6
1330670 1187.6
1330680 1188.4
1330690 1189.7
1330700 1192.7
1330710 1192.7
1330720 1196.5
1330730 1201.2
1330740 1201.2
1330750 1207.7
1330760 1214.7
1330770 1214.7
1330780 1220.7
1330790 1227.5
1330800 1227.5
1330810 1234.7
1330820 1240.2
1330830 1240.2
1330840 1245.3
1330850 1250.1
1330860 1250.1
1330870 1254.5
1330880 1259.1
1330890 1259.1
1330900 1263.9
1330910 1269.0
1330920 1269.0
1330930 1273.9
1330940 1278.1
1330950 1278.1
1330960 1282.4
1330970 1286.4
1330980 1290.0
1330990 1290.0
1331000 1293.4
1331010 1294.2
1331020 1294.2
1331030 1294.4
1331040 1301.8
1331050 1301.8
1331060 1309.7
1331070 1315.5
1331080 1315.5
1331090 1320.2
1331100 1325.2
1331110 1325.2
1331120 1330.2
1331130 1335.1
1331140 1335.1
1331150 1340.0
1331160 1344.8
1331170 1344.8
1331180 1349.3
1331190 1353.3
1331200 1353.3
1331210 1357.0
1331220 1361.0
1331230 1361.0
1331240 1364.8
1331250 1368.4
1331260 1372.4
1331270 1372.4
1331280 1376.2
1331290 1380.5
1331300 1380.5
1331310 1385.0
1331320 1388.9
1331330 1388.9
1331340 1392.5
1331350 1396.3
1331360 1396.3
1331370 1400.2
1331380 1403.9
1331390 1403.9
1331400 1408.5
1331410 1412.8
1331420 1412.8
1331430 1415.9
1331440 1418.8
1331450 1418.8
1331460 1422.6
1331470 1426.0
1331480 1426.0
1331490 1427.5
1331500 1430.5
1331510 1430.5
1331520 1435.1
1331530 1440.0
1331540 1440.0
1331550 1446.0
1331560 1452.9
1331570 1460.1
1331580 1460.1
1331590 1468.1
1331600 1475.4
1331610 1475.4
1331620 1482.2
1331630 1487.9
1331640 1487.9
1331650 1493.8
1331660 1499.6
1331670 1499.6
1331680 1505.4
1331690 1511.4
1331700 1511.4
1331710 1517.6
1331720 1523.8
1331730 1523.8
1331740 1530.3
1331750 1536.9
1331760 1536.9
1331770 1542.9
1331780 1549.0
1331790 1549.0
1331800 1555.4
1331810 1561.8
1331820 1561.8
1331830 1568.4
1331840 1575.6
1331850 1583.0
1331860 1583.0
1331870 1590.5
1331880 1596.8
1331890 1596.8
1331900 1600.4
1331910 1602.5
1331920 1602.5
1331930 1603.4
1331940 1602.7
1331950 1602.7
1331960 1600.0
1331970 1597.3
1331980 1597.3
1331990 1595.2
1332000 1593.5
1332010 1593.5
1332020 1592.5
1332030 1592.0
1332040 1592.0
1332050 1591.4
1332060 1590.8
1332070 1590.8
1332080 1590.2
1332090 1588.3
1332100 1588.3
1332110 1584.1
1332120 1579.0
1332130 1574.8
1332140 1574.8
1332150 1571.3
1332160 1567.9
1332170 1567.9
1332180 1564.5
1332190 1561.3
1332200 1561.3
1332210 1557.9
1332220 1555.1
1332230 1555.1
1332240 1552.7
1332250 1550.6
1332260 1550.6
1332270 1548.8
1332280 1548.1
1332290 1548.1
1332300 1546.2
1332310 1542.4
1332320 1542.4
1332330 1539.2
1332340 1536.3
1332350 1536.3
1332360 1533.3
1332370 1530.7
1332380 1530.7
1332390 1528.8
1332400 1526.1
1332410 1521.2
1332420 1521.2
1332430 1522.0
1332440 1517.4
1332450 1517.4
1332460 1513.0
1332470 1509.9
1332480 1509.9
1332490 1506.7
1332500 1502.4
1332510 1502.4
1332520 1497.6
1332530 1493.4
1332540 1493.4
1332550 1490.7
1332560 1489.7
1332570 1489.7
1332580 1489.8
1332590 1489.8
1332600 1489.8
1332610 1490.0
1332620 1486.1
1332630 1486.1
1332640 1479.1
1332650 1472.7
1332660 1472.7
1332670 1467.5
1332680 1462.4
1332690 1462.4
1332700 1457.4
1332710 1452.9
1332720 1448.5
1332730 1448.5
1332740 1444.8
1332750 1440.7
1332760 1440.7
1332770 1436.9
1332780 1434.8
1332790 1434.8
1332800 1431.1
1332810 1426.8
1332820 1426.8
1332830 1422.3
1332840 1418.7
1332850 1418.7
1332860 1415.9
1332870 1412.0
1332880 1412.0
1332890 1407.7
1332900 1403.6
1332910 1403.6
1332920 1399.8
1332930 1395.5
1332940 1395.5
1332950 1391.4
1332960 1387.1
1332970 1387.1
1332980 1382.4
1332990 1376.6
1333000 1371.2
1333010 1371.2
1333020 1367.4
1333030 1365.1
1333040 1365.1
1333050 1362.0
1333060 1359.3
1333070 1359.3
1333080 1357.4
1333090 1355.6
1333100 1355.6
1333110 1353.6
1333120 1351.1
1333130 1351.1
1333140 1348.5
1333150 1345.8
1333160 1345.8
1333170 1342.9
1333180 1339.7
1333190 1339.7
1333200 1335.7
1333210 1332.1
1333220 1332.1
1333230 1329.2
1333240 1326.3
1333250 1326.3
1333260 1324.3
1333270 1326.4
1333280 1326.0
1333290 1326.0
1333300 1324.4
1333310 1321.3
1333320 1321.3
1333330 1317.1
1333340 1313.0
1333350 1313.0
1333360 1310.0
1333370 1306.9
1333380 1306.9
1333390 1302.8
1333400 1298.0
1333410 1298.0
1333420 1292.9
1333430 1288.2
1333440 1288.2
1333450 1283.7
1333460 1278.2
1333470 1278.2
1333480 1272.9
1333490 1266.3
1333500 1266.3
1333510 1259.5
1333520 1253.9
1333530 1253.9
1333540 1248.9
1333550 1243.4
1333560 1237.0
1333570 1237.0
1333580 1229.6
1333590 1224.3
1333600 1224.3
1333610 1222.2
1333620 1222.0
1333630 1222.0
1333640 1222.6
1333650 1224.2
1333660 1224.2
1333670 1223.9
1333680 1222.4
1333690 1222.4
1333700 1219.2
1333710 1215.0
1333720 1215.0
1333730 1210.1
1333740 1204.3
1333750 1204.3
1333760 1199.0
1333770 1195.8
1333780 1195.8
1333790 1194.2
1333800 1193.4
1333810 1193.4
1333820 1192.5
1333830 1191.5
1333840 1191.5
1333850 1189.3
1333860 1183.3
1333870 1175.4
1333880 1175.4
1333890 1169.7
1333900 1167.2
1333910 1167.2
1333920 1167.5
1333930 1166.5
1333940 1166.5
1333950 1165.2
1333960 1164.8
1333970 1164.8
1333980 1164.9
1333990 1161.8
1334000 1161.8
1334010 1157.2
1334020 1153.7
1334030 1153.7
1334040 1150.2
1334050 1148.8
1334060 1148.8
1334070 1148.7
1334080 1148.4
1334090 1148.4
1334100 1148.4
1334110 1149.1
1334120 1150.1
1334130 1150.3
1334140 1150.1
1334150 1150.2
1334160 1150.2
1334170 1152.5
1334180 1154.1
1334190 1154.1
1334200 1154.5
1334210 1154.8
1334220 1154.8
1334230 1155.2
1334240 1156.4
1334250 1156.4
1334260 1158.0
1334270 1160.1
1334280 1160.1
1334290 1164.5
1334300 1168.3
1334310 1168.3
1334320 1171.3
1334330 1174.2
1334340 1174.2
1334350 1176.8
1334360 1179.2
1334370 1179.2
1334380 1183.2
1334390 1188.3
1334400 1188.3
1334410 1193.1
1334420 1197.1
1334430 1200.8
1334440 1200.8
1334450 1205.2
1334460 1209.1
1334470 1209.1
1334480 1212.1
1334490 1216.2
1334500 1216.2
1334510 1219.8
1334520 1224.8
1334530 1224.8
1334540 1229.3
1334550 1231.4
1334560 1231.4
1334570 1233.8
1334580 1236.1
1334590 1236.1
1334600 1238.9
1334610 1242.7
1334620 1242.7
1334630 1247.7
1334640 1253.1
1334650 1253.1
1334660 1258.8
1334670 1264.9
1334680 1264.9
1334690 1270.6
1334700 1276.3
1334710 1282.0
1334720 1282.0
1334730 1287.7
1334740 1293.3
1334750 1293.3
1334760 1298.9
1334770 1304.6
1334780 1304.6
1334790 1310.2
1334800 1315.8
1334810 1315.8
1334820 1321.4
1334830 1326.9
1334840 1326.9
1334850 1332.2
1334860 1337.2
1334870 1337.2
1334880 1342.1
1334890 1344.4
1334900 1344.4
1334910 1343.9
1334920 1344.3
1334930 1344.3
1334940 1345.8
1334950 1345.4
1334960 1345.4
1334970 1335.7
1334980 1332.9
1334990 1332.9
1335000 1330.3
1335010 1329.7
1335020 1335.8
1335030 1335.8
1335040 1345.1
1335050 1358.2
1335060 1358.2
1335070 1368.2
1335080 1375.9
1335090 1375.9
1335100 1383.7
1335110 1391.6
1335120 1391.6
1335130 1398.7
1335140 1405.1
1335150 1405.1
1335160 1411.7
1335170 1418.5
1335180 1418.5
1335190 1425.0
1335200 1431.6
1335210 1431.6
1335220 1438.0
1335230 1443.7
1335240 1443.7
1335250 1448.9
1335260 1454.8
1335270 1454.8
1335280 1461.4
1335290 1468.6
1335300 1475.7
1335310 1475.7
1335320 1483.1
1335330 1490.8
1335340 1490.8
1335350 1496.5
1335360 1501.6
1335370 1501.6
1335380 1506.7
1335390 1511.6
1335400 1511.6
1335410 1516.6
1335420 1521.4
1335430 1521.4
1335440 1524.7
1335450 1527.5
1335460 1527.5
1335470 1531.6
1335480 1536.2
1335490 1536.2
1335500 1541.5
1335510 1546.7
1335520 1546.7
1335530 1552.0
1335540 1557.8
1335550 1557.8
1335560 1563.8
1335570 1569.6
1335580 1575.1
1335590 1575.1
1335600 1580.4
1335610 1585.9
1335620 1585.9
1335630 1591.5
1335640 1596.9
1335650 1596.9
1335660 1599.4
1335670 1600.7
1335680 1600.7
1335690 1604.5
1335700 1607.4
1335710 1607.4
1335720 1610.2
1335730 1613.1
1335740 1613.1
1335750 1615.5
1335760 1617.3
1335770 1617.3
1335780 1618.3
1335790 1617.1
1335800 1617.1
1335810 1617.8
1335820 1618.7
1335830 1618.7
1335840 1621.2
1335850 1622.8
1335860 1625.2
1335870 1625.2
1335880 1629.2
1335890 1634.7
1335900 1634.7
1335910 1642.4
1335920 1651.3
1335930 1651.3
1335940 1660.8
1335950 1668.7
1335960 1668.7
1335970 1674.3
1335980 1678.5
1335990 1678.5
1336000 1682.7
1336010 1686.9
1336020 1686.9
1336030 1692.3
1336040 1699.0
1336050 1699.0
1336060 1706.2
1336070 1712.1
1336080 1712.1
1336090 1715.7
1336100 1719.4
1336110 1719.4
1336120 1723.7
1336130 1727.3
1336140 1727.3
1336150 1730.1
1336160 1731.5
1336170 1732.2
1336180 1732.2
1336190 1733.4
1336200 1735.2
1336210 1735.2
1336220 1737.8
1336230 1740.7
1336240 1740.7
1336250 1744.0
1336260 1748.5
1336270 1748.5
1336280 1751.5
1336290 1754.0
1336300 1754.0
1336310 1757.3
1336320 1760.7
1336330 1760.7
1336340 1764.4
1336350 1768.6
1336360 1768.6
1336370 1773.3
1336380 1778.2
1336390 1778.2
1336400 1784.3
1336410 1789.8
1336420 1789.8
1336430 1794.6
1336440 1798.7
1336450 1801.2
1336460 1801.2
1336470 1801.6
1336480 1799.8
1336490 1799.8
1336500 1796.6
1336510 1794.8
1336520 1794.8
1336530 1791.2
1336540 1788.4
1336550 1788.4
1336560 1787.3
1336570 1787.1
1336580 1787.1
1336590 1787.0
1336600 1786.1
1336610 1786.1
1336620 1786.0
1336630 1787.4
1336640 1787.4
1336650 1788.8
1336660 1790.7
1336670 1790.7
1336680 1788.1
1336690 1791.9
1336700 1791.9
1336710 1795.9
1336720 1799.4
1336730 1802.3
1336740 1802.3
1336750 1804.5
1336760 1807.9
1336770 1807.9
1336780 1811.8
1336790 1815.6
1336800 1815.6
1336810 1819.1
1336820 1821.5
1336830 1821.5
1336840 1823.9
1336850 1825.5
1336860 1825.5
1336870 1826.1
1336880 1825.7
1336890 1825.7
1336900 1825.4
1336910 1825.3
1336920 1825.3
1336930 1825.1
1336940 1826.0
1336950 1826.0
1336960 1827.9
1336970 1829.4
1336980 1829.4
1336990 1830.0
1337000 1831.1
1337010 1832.0
1337020 1832.0
1337030 1832.6
1337040 1832.7
1337050 1832.7
1337060 1832.9
1337070 1832.7
1337080 1832.7
1337090 1831.7
1337100 1829.8
1337110 1829.8
1337120 1827.2
1337130 1825.0
1337140 1825.0
1337150 1822.3
1337160 1819.7
1337170 1819.7
1337180 1818.4
1337190 1817.1
1337200 1817.1
1337210 1818.0
1337220 1819.1
1337230 1819.1
1337240 1821.2
1337250 1824.5
1337260 1824.5
1337270 1827.5
1337280 1831.1
1337290 1831.1
1337300 1834.7
1337310 1837.6
1337320 1840.7
1337330 1840.7
1337340 1843.2
1337350 1844.8
1337360 1844.8
1337370 1846.7
1337380 1848.3
1337390 1848.3
1337400 1849.2
1337410 1849.6
1337420 1849.6
1337430 1850.8
1337440 1851.8
1337450 1851.8
1337460 1853.1
1337470 1854.3
1337480 1854.3
1337490 1855.7
1337500 1857.1
1337510 1857.1
1337520 1858.8
1337530 1860.7
1337540 1860.7
1337550 1865.3
1337560 1867.4
1337570 1867.4
1337580 1869.7
1337590 1870.8
1337600 1872.0
1337610 1872.0
1337620 1873.7
1337630 1877.6
1337640 1877.6
1337650 1881.3
1337660 1882.8
1337670 1882.8
1337680 1886.0
1337690 1889.4
1337700 1889.4
1337710 1893.2
1337720 1897.4
1337730 1897.4
1337740 1901.5
1337750 1905.5
1337760 1905.5
1337770 1910.0
1337780 1915.0
1337790 1915.0
1337800 1919.9
1337810 1924.3
1337820 1924.3
1337830 1929.1
1337840 1934.2
1337850 1934.2
1337860 1940.8
1337870 1947.4
1337880 1953.5
1337890 1953.5
1337900 1960.0
1337910 1966.8
1337920 1966.8
1337930 1973.4
1337940 1977.8
1337950 1977.8
1337960 1984.1
1337970 1991.0
1337980 1991.0
1337990 1994.1
1338000 1994.5
1338010 1994.5
1338020 1993.2
1338030 1990.6
1338040 1990.6
1338050 1988.3
1338060 1981.5
1338070 1981.5
1338080 1974.2
1338090 1962.4
1338100 1962.4
1338110 1954.7
1338120 1948.5
1338130 1948.5
1338140 1943.3
1338150 1938.6
1338160 1934.5
1338170 1934.5
1338180 1930.0
1338190 1925.7
1338200 1925.7
1338210 1923.6
1338220 1921.5
1338230 1921.5
1338240 1917.6
1338250 1913.8
1338260 1913.8
1338270 1911.0
1338280 1909.2
1338290 1909.2
1338300 1908.4
1338310 1907.1
1338320 1907.1
1338330 1904.0
1338340 1901.1
1338350 1901.1
1338360 1899.3
1338370 1897.5
1338380 1897.5
1338390 1893.4
1338400 1886.5
1338410 1886.5
1338420 1884.2
1338430 1877.7
1338440 1877.7
1338450 1875.1
1338460 1871.9
1338470 1868.5
1338480 1868.5
1338490 1865.5
1338500 1861.5
1338510 1861.5
1338520 1858.7
1338530 1855.7
1338540 1855.7
1338550 1852.6
1338560 1849.2
1338570 1849.2
1338580 1845.9
1338590 1844.4
1338600 1844.4
1338610 1843.6
1338620 1841.6
1338630 1841.6
1338640 1841.1
1338650 1841.9
1338660 1841.9
1338670 1843.2
1338680 1844.7
1338690 1844.7
1338700 1845.5
1338710 1846.3
1338720 1846.3
1338730 1846.7
1338740 1846.3
1338750 1846.6
1338760 1846.6
1338770 1847.5
1338780 1848.5
1338790 1848.5
1338800 1849.7
1338810 1851.1
1338820 1851.1
1338830 1852.2
1338840 1854.6
1338850 1854.6
1338860 1856.1
1338870 1857.2
1338880 1857.2
1338890 1859.0
1338900 1860.5
1338910 1860.5
1338920 1860.2
1338930 1858.6
1338940 1858.6
1338950 1858.3
1338960 1859.0
1338970 1859.0
1338980 1860.6
1338990 1862.9
1339000 1862.9
1339010 1865.6
1339020 1867.3
1339030 1870.4
1339040 1870.4
1339050 1873.2
1339060 1875.5
1339070 1875.5
1339080 1879.0
1339090 1883.9
1339100 1883.9
1339110 1887.7
1339120 1888.9
1339130 1888.9
1339140 1888.1
1339150 1886.5
1339160 1886.5
1339170 1884.5
1339180 1883.4
1339190 1883.4
1339200 1880.8
1339210 1877.1
1339220 1877.1
1339230 1872.9
1339240 1868.8
1339250 1868.8
1339260 1864.2
1339270 1860.4
1339280 1860.4
1339290 1862.8
1339300 1861.5
1339310 1861.5
1339320 1861.5
1339330 1860.6
1339340 1857.0
1339350 1857.0
1339360 1852.0
1339370 1848.1
1339380 1848.1
1339390 1845.6
1339400 1843.5
1339410 1843.5
1339420 1840.4
1339430 1837.3
1339440 1837.3
1339450 1834.6
1339460 1832.1
1339470 1832.1
1339480 1830.1
1339490 1829.2
1339500 1829.2
1339510 1829.4
1339520 1830.4
1339530 1830.4
1339540 1831.2
1339550 1831.4
1339560 1831.4
1339570 1831.2
1339580 1831.6
1339590 1831.6
1339600 1832.7
1339610 1833.7
1339620 1835.0
1339630 1835.0
1339640 1835.9
1339650 1835.7
1339660 1835.7
1339670 1836.6
1339680 1837.7
1339690 1837.7
1339700 1838.0
1339710 1836.9
1339720 1836.9
1339730 1834.9
1339740 1833.1
1339750 1833.1
1339760 1831.8
1339770 1829.6
1339780 1829.6
1339790 1827.1
1339800 1825.1
1339810 1825.1
1339820 1822.8
1339830 1820.5
1339840 1820.5
1339850 1818.4
1339860 1816.6
1339870 1816.6
1339880 1815.0
1339890 1811.9
1339900 1807.3
1339910 1807.3
1339920 1801.9
1339930 1796.0
1339940 1796.0
1339950 1790.5
1339960 1784.5
1339970 1784.5
1339980 1776.7
1339990 1770.0
