1320000 529.7
1320010 529.7
1320020 529.7
1320030 529.6
1320040 529.6
1320050 529.6
1320060 528.9
1320070 529.4
1320080 529.4
1320090 529.5
1320100 529.6
1320110 529.6
1320120 529.6
1320130 529.6
1320140 529.6
1320150 529.6
1320160 529.6
1320170 529.6
1320180 529.7
1320190 529.8
1320200 529.8
1320210 529.9
1320220 530.0
1320230 530.0
1320240 530.0
1320250 530.1
1320260 530.1
1320270 530.2
1320280 530.3
1320290 530.3
1320300 530.4
1320310 530.5
1320320 530.8
1320330 530.8
1320340 530.0
1320350 529.0
1320360 529.0
1320370 529.0
1320380 529.0
1320390 529.0
1320400 529.1
1320410 529.3
1320420 529.3
1320430 531.0
1320440 531.0
1320450 531.0
1320460 530.4
1320470 530.3
1320480 530.3
1320490 530.2
1320500 530.1
1320510 530.1
1320520 530.0
1320530 529.9
1320540 529.9
1320550 529.9
1320560 529.9
1320570 529.9
1320580 529.9
1320590 529.8
1320600 529.8
1320610 529.8
1320620 529.9
1320630 529.9
1320640 529.9
1320650 529.8
1320660 529.1
1320670 529.1
1320680 529.5
1320690 529.9
1320700 529.9
1320710 530.0
1320720 530.1
1320730 530.1
1320740 530.3
1320750 530.5
1320760 530.5
1320770 530.9
1320780 531.3
1320790 531.3
1320800 531.8
1320810 532.4
1320820 532.4
1320830 532.8
1320840 533.7
1320850 533.7
1320860 535.0
1320870 535.1
1320880 535.1
1320890 536.6
1320900 537.9
1320910 538.8
1320920 538.8
1320930 539.3
1320940 539.9
1320950 539.9
1320960 540.5
1320970 542.8
1320980 542.8
1320990 546.4
1321000 549.8
1321010 549.8
1321020 554.2
1321030 559.4
1321040 559.4
1321050 564.5
1321060 569.1
1321070 569.1
1321080 572.7
1321090 576.2
1321100 576.2
1321110 580.7
1321120 584.7
1321130 584.7
1321140 586.5
1321150 589.5
1321160 589.5
1321170 594.6
1321180 601.8
1321190 611.1
1321200 611.1
1321210 618.8
1321220 626.1
1321230 626.1
1321240 631.5
1321250 639.0
1321260 639.0
1321270 643.8
1321280 647.0
1321290 647.0
1321300 650.9
1321310 655.9
1321320 655.9
1321330 659.8
1321340 664.0
1321350 664.0
1321360 667.2
1321370 669.8
1321380 669.8
1321390 672.0
1321400 674.3
1321410 674.3
1321420 676.5
1321430 678.7
1321440 678.7
1321450 680.9
1321460 682.5
1321470 684.1
1321480 684.1
1321490 685.7
1321500 687.8
1321510 687.8
1321520 689.9
1321530 692.0
1321540 692.0
1321550 694.6
1321560 698.0
1321570 698.0
1321580 702.3
1321590 707.1
1321600 707.1
1321610 711.8
1321620 716.8
1321630 716.8
1321640 721.8
1321650 728.7
1321660 728.7
1321670 735.5
1321680 742.8
1321690 742.8
1321700 749.2
1321710 754.1
1321720 754.1
1321730 758.0
1321740 762.1
1321750 762.1
1321760 766.3
1321770 771.2
1321780 776.4
1321790 776.4
1321800 781.6
1321810 785.9
1321820 785.9
1321830 787.0
1321840 786.2
1321850 786.2
1321860 785.4
1321870 784.2
1321880 784.2
1321890 783.6
1321900 782.4
1321910 782.4
1321920 780.9
1321930 784.5
1321940 784.5
1321950 789.7
1321960 794.1
1321970 794.1
1321980 799.7
1321990 805.6
1322000 805.6
1322010 809.5
1322020 814.4
1322030 814.4
1322040 819.3
1322050 824.9
1322060 830.4
1322070 830.4
1322080 834.7
1322090 838.4
1322100 838.4
1322110 841.8
1322120 846.2
1322130 846.2
1322140 849.9
1322150 852.1
1322160 852.1
1322170 855.5
1322180 860.0
1322190 860.0
1322200 863.9
1322210 867.9
1322220 867.9
1322230 871.8
1322240 875.3
1322250 875.3
1322260 878.7
1322270 882.1
1322280 882.1
1322290 885.7
1322300 889.5
1322310 889.5
1322320 893.2
1322330 897.7
1322340 901.9
1322350 901.9
1322360 905.9
1322370 909.9
1322380 909.9
1322390 914.5
1322400 918.3
1322410 918.3
1322420 921.7
1322430 924.6
1322440 924.6
1322450 926.6
1322460 928.2
1322470 928.2
1322480 930.3
1322490 932.3
1322500 932.3
1322510 934.3
1322520 936.1
1322530 936.1
1322540 938.2
1322550 940.8
1322560 940.8
1322570 943.9
1322580 946.4
1322590 946.4
1322600 947.1
1322610 947.7
1322620 949.4
1322630 949.4
1322640 951.0
1322650 955.8
1322660 955.8
1322670 962.2
1322680 967.4
1322690 967.4
1322700 973.1
1322710 978.6
1322720 978.6
1322730 983.5
1322740 987.6
1322750 987.6
1322760 990.7
1322770 993.8
1322780 993.8
1322790 997.0
1322800 1000.2
1322810 1000.2
1322820 1002.2
1322830 1003.1
1322840 1003.1
1322850 1003.9
1322860 1005.3
1322870 1005.3
1322880 1007.9
1322890 1010.7
1322900 1010.7
1322910 1013.9
1322920 1017.2
1322930 1020.3
1322940 1020.3
1322950 1023.0
1322960 1025.3
1322970 1025.3
1322980 1027.8
1322990 1030.5
1323000 1030.5
1323010 1032.8
1323020 1035.6
1323030 1035.6
1323040 1038.8
1323050 1042.2
1323060 1042.2
1323070 1045.9
1323080 1050.0
1323090 1050.0
1323100 1054.5
1323110 1059.0
1323120 1059.0
1323130 1063.6
1323140 1067.8
1323150 1067.8
1323160 1072.4
1323170 1077.3
1323180 1077.3
1323190 1082.4
1323200 1085.5
1323210 1088.4
1323220 1088.8
1323230 1090.7
1323240 1094.0
1323250 1094.0
1323260 1096.8
1323270 1100.0
1323280 1100.0
1323290 1103.9
1323300 1107.9
1323310 1107.9
1323320 1111.9
1323330 1116.2
1323340 1116.2
1323350 1120.6
1323360 1124.4
1323370 1124.4
1323380 1128.3
1323390 1132.4
1323400 1132.4
1323410 1136.7
1323420 1141.0
1323430 1141.0
1323440 1145.7
1323450 1150.6
1323460 1150.6
1323470 1155.9
1323480 1161.5
1323490 1167.9
1323500 1167.9
1323510 1176.2
1323520 1184.1
1323530 1184.1
1323540 1191.3
1323550 1197.1
1323560 1197.1
1323570 1202.3
1323580 1207.2
1323590 1207.2
1323600 1210.5
1323610 1212.7
1323620 1212.7
1323630 1215.5
1323640 1217.6
1323650 1217.6
1323660 1219.4
1323670 1221.1
1323680 1221.1
1323690 1222.6
1323700 1224.7
1323710 1224.7
1323720 1228.6
1323730 1232.4
1323740 1232.4
1323750 1234.6
1323760 1235.9
1323770 1237.9
1323780 1237.9
1323790 1242.6
1323800 1248.1
1323810 1248.1
1323820 1254.3
1323830 1259.8
1323840 1259.8
1323850 1264.6
1323860 1269.3
1323870 1269.3
1323880 1272.7
1323890 1274.3
1323900 1274.3
1323910 1275.4
1323920 1276.5
1323930 1276.5
1323940 1278.3
1323950 1281.9
1323960 1281.9
1323970 1285.9
1323980 1290.5
1323990 1290.5
1324000 1297.7
1324010 1301.8
1324020 1301.8
1324030 1305.9
1324040 1310.4
1324050 1310.4
1324060 1314.6
1324070 1318.6
1324080 1322.1
1324090 1322.1
1324100 1328.3
1324110 1334.7
1324120 1334.7
1324130 1339.1
1324140 1344.1
1324150 1344.1
1324160 1350.6
1324170 1355.6
1324180 1355.6
1324190 1360.1
1324200 1365.6
1324210 1365.6
1324220 1370.1
1324230 1377.6
1324240 1377.6
1324250 1384.0
1324260 1388.0
1324270 1388.0
1324280 1390.4
1324290 1393.4
1324300 1393.4
1324310 1396.8
1324320 1400.3
1324330 1400.3
1324340 1403.2
1324350 1407.4
1324360 1412.8
1324370 1412.8
1324380 1419.0
1324390 1427.4
1324400 1427.4
1324410 1434.6
1324420 1440.7
1324430 1440.7
1324440 1446.7
1324450 1450.6
1324460 1450.6
1324470 1454.0
1324480 1456.8
1324490 1456.8
1324500 1459.6
1324510 1465.2
1324520 1465.2
1324530 1469.9
1324540 1471.7
1324550 1471.7
1324560 1473.2
1324570 1476.0
1324580 1476.0
1324590 1481.3
1324600 1486.4
1324610 1486.4
1324620 1491.4
1324630 1495.1
1324640 1497.9
1324650 1497.9
1324660 1499.9
1324670 1502.7
1324680 1502.7
1324690 1506.0
1324700 1509.5
1324710 1509.5
1324720 1513.6
1324730 1518.7
1324740 1518.7
1324750 1523.3
1324760 1526.2
1324770 1526.2
1324780 1528.2
1324790 1529.9
1324800 1531.3
1324810 1532.2
1324820 1533.4
1324830 1533.4
1324840 1535.2
1324850 1536.0
1324860 1536.0
1324870 1537.2
1324880 1539.5
1324890 1539.5
1324900 1542.6
1324910 1544.9
1324920 1548.3
1324930 1548.3
1324940 1553.4
1324950 1558.7
1324960 1558.7
1324970 1563.7
1324980 1566.8
1324990 1566.8
1325000 1569.4
1325010 1572.0
1325020 1572.0
1325030 1575.9
1325040 1579.5
1325050 1579.5
1325060 1584.9
1325070 1592.5
1325080 1592.5
1325090 1600.4
1325100 1607.6
1325110 1607.6
1325120 1612.8
1325130 1618.9
1325140 1618.9
1325150 1624.3
1325160 1629.4
1325170 1629.4
1325180 1634.7
1325190 1640.5
1325200 1640.5
1325210 1647.4
1325220 1653.5
1325230 1658.0
1325240 1658.0
1325250 1662.9
1325260 1668.5
1325270 1668.5
1325280 1671.8
1325290 1673.3
1325300 1673.3
1325310 1675.4
1325320 1682.6
1325330 1682.6
1325340 1689.9
1325350 1697.5
1325360 1697.5
1325370 1704.5
1325380 1710.2
1325390 1710.2
1325400 1715.1
1325410 1720.9
1325420 1720.9
1325430 1725.6
1325440 1728.8
1325450 1728.8
1325460 1732.9
1325470 1738.7
1325480 1738.7
1325490 1745.2
1325500 1751.2
1325510 1754.4
1325520 1754.4
1325530 1755.5
1325540 1756.6
1325550 1756.6
1325560 1758.7
1325570 1760.3
1325580 1760.3
1325590 1763.6
1325600 1772.0
1325610 1772.0
1325620 1779.5
1325630 1787.0
1325640 1787.0
1325650 1794.1
1325660 1800.4
1325670 1800.4
1325680 1806.7
1325690 1812.3
1325700 1812.3
1325710 1816.8
1325720 1820.2
1325730 1820.2
1325740 1823.6
1325750 1827.0
1325760 1827.0
1325770 1831.1
1325780 1835.1
1325790 1838.0
1325800 1838.0
1325810 1842.8
1325820 1848.8
1325830 1848.8
1325840 1852.8
1325850 1856.2
1325860 1856.2
1325870 1859.9
1325880 1864.0
1325890 1864.0
1325900 1867.3
1325910 1870.3
1325920 1870.3
1325930 1872.7
1325940 1875.4
1325950 1875.4
1325960 1878.1
1325970 1881.2
1325980 1881.2
1325990 1884.8
1326000 1888.6
1326010 1888.6
1326020 1892.1
1326030 1895.0
1326040 1895.0
1326050 1897.7
1326060 1900.3
1326070 1902.6
1326080 1902.6
1326090 1904.1
1326100 1905.5
1326110 1905.5
1326120 1908.5
1326130 1908.0
1326140 1908.0
1326150 1904.6
1326160 1904.0
1326170 1904.0
1326180 1901.2
1326190 1895.6
1326200 1895.6
1326210 1892.2
1326220 1890.1
1326230 1890.1
1326240 1886.9
1326250 1884.5
1326260 1884.5
1326270 1883.2
1326280 1882.4
1326290 1882.4
1326300 1881.9
1326310 1880.6
1326320 1880.6
1326330 1879.8
1326340 1879.9
1326350 1879.9
1326360 1879.4
1326370 1878.8
1326380 1881.3
1326390 1881.3
1326400 1883.2
1326410 1892.4
1326420 1892.4
1326430 1888.0
1326440 1888.1
1326450 1888.1
1326460 1886.9
1326470 1885.7
1326480 1885.7
1326490 1889.5
1326500 1892.2
1326510 1892.2
1326520 1894.8
1326530 1898.6
1326540 1898.6
1326550 1903.7
1326560 1900.7
1326570 1900.7
1326580 1896.8
1326590 1895.7
1326600 1895.7
1326610 1893.9
1326620 1892.5
1326630 1892.5
1326640 1892.0
1326650 1895.1
1326660 1895.7
1326670 1895.7
1326680 1893.7
1326690 1892.3
1326700 1892.3
1326710 1892.4
1326720 1892.5
1326730 1892.5
1326740 1894.2
1326750 1897.0
1326760 1897.0
1326770 1897.3
1326780 1895.5
1326790 1895.5
1326800 1894.2
1326810 1895.6
1326820 1895.6
1326830 1898.1
1326840 1900.8
1326850 1900.8
1326860 1904.7
1326870 1908.5
1326880 1908.5
1326890 1911.5
1326900 1914.0
1326910 1914.0
1326920 1916.4
1326930 1919.0
1326940 1921.8
1326950 1921.8
1326960 1926.2
1326970 1931.2
1326980 1931.2
1326990 1935.0
1327000 1940.4
1327010 1940.4
1327020 1945.8
1327030 1950.2
1327040 1950.2
1327050 1953.7
1327060 1956.3
1327070 1956.3
1327080 1960.3
1327090 1965.5
1327100 1965.5
1327110 1973.0
1327120 1983.6
1327130 1983.6
1327140 1990.7
1327150 1999.6
1327160 1999.6
1327170 2016.3
1327180 2026.3
1327190 2026.3
1327200 2028.6
1327210 2035.0
1327220 2039.4
1327230 2039.4
1327240 2045.5
1327250 2048.3
1327260 2048.3
1327270 2051.6
1327280 2060.2
1327290 2060.2
1327300 2066.8
1327310 2068.6
1327320 2068.6
1327330 2069.1
1327340 2072.8
1327350 2072.8
1327360 2076.6
1327370 2072.1
1327380 2072.1
1327390 2063.2
1327400 2054.6
1327410 2054.6
1327420 2047.2
1327430 2039.5
1327440 2039.5
1327450 2032.1
1327460 2026.8
1327470 2026.8
1327480 2020.7
1327490 2015.1
1327500 2015.1
1327510 2010.2
1327520 2004.3
1327530 1997.1
1327540 1997.1
1327550 1989.6
1327560 1982.0
1327570 1982.0
1327580 1975.7
1327590 1972.0
1327600 1972.0
1327610 1968.7
1327620 1964.4
1327630 1964.4
1327640 1960.0
1327650 1957.8
1327660 1957.8
1327670 1953.7
1327680 1949.5
1327690 1949.5
1327700 1944.2
1327710 1937.5
1327720 1937.5
1327730 1931.2
1327740 1926.4
1327750 1926.4
1327760 1921.4
1327770 1915.2
1327780 1915.2
1327790 1907.6
1327800 1901.2
1327810 1894.6
1327820 1894.6
1327830 1888.4
1327840 1882.0
1327850 1882.0
1327860 1875.6
1327870 1871.2
1327880 1871.2
1327890 1867.4
1327900 1862.9
1327910 1862.9
1327920 1857.3
1327930 1851.0
1327940 1851.0
1327950 1844.5
1327960 1838.1
1327970 1838.1
1327980 1830.5
1327990 1822.2
1328000 1822.2
1328010 1814.2
1328020 1806.2
1328030 1805.9
1328040 1799.1
1328050 1794.4
1328060 1794.4
1328070 1790.3
1328080 1787.9
1328090 1786.3
1328100 1786.3
1328110 1784.8
1328120 1782.6
1328130 1782.6
1328140 1780.0
1328150 1776.4
1328160 1776.4
1328170 1772.4
1328180 1767.5
1328190 1767.5
1328200 1762.4
1328210 1758.2
1328220 1758.2
1328230 1755.2
1328240 1752.9
1328250 1752.9
1328260 1750.7
1328270 1747.9
1328280 1747.9
1328290 1745.2
1328300 1742.4
1328310 1742.4
1328320 1739.4
1328330 1735.9
1328340 1735.9
1328350 1732.9
1328360 1730.1
1328370 1726.8
1328380 1726.8
1328390 1723.2
1328400 1719.2
1328410 1719.2
1328420 1715.3
1328430 1710.9
1328440 1710.9
1328450 1707.1
1328460 1702.9
1328470 1702.9
1328480 1697.9
1328490 1693.9
1328500 1693.9
1328510 1689.6
1328520 1684.7
1328530 1684.7
1328540 1680.3
1328550 1675.4
1328560 1675.4
1328570 1670.6
1328580 1665.6
1328590 1665.6
1328600 1660.3
1328610 1655.3
1328620 1655.3
1328630 1654.2
1328640 1654.6
1328650 1654.6
1328660 1650.5
1328670 1646.8
1328680 1643.4
1328690 1643.4
1328700 1639.6
1328710 1633.3
1328720 1633.3
1328730 1629.9
1328740 1626.4
1328750 1626.4
1328760 1620.6
1328770 1614.2
1328780 1614.2
1328790 1607.6
1328800 1601.5
1328810 1601.5
1328820 1595.4
1328830 1587.4
1328840 1588.8
1328850 1582.5
1328860 1577.4
1328870 1577.4
1328880 1573.7
1328890 1569.1
1328900 1569.1
1328910 1563.3
1328920 1558.3
1328930 1558.3
1328940 1553.7
1328950 1550.4
1328960 1545.7
1328970 1545.7
1328980 1540.4
1328990 1537.7
1329000 1537.7
1329010 1536.6
1329020 1536.4
1329030 1536.4
1329040 1535.7
1329050 1533.0
1329060 1533.0
1329070 1527.8
1329080 1522.7
1329090 1522.7
1329100 1517.8
1329110 1512.6
1329120 1512.6
1329130 1507.1
1329140 1501.5
1329150 1501.5
1329160 1494.9
1329170 1488.3
1329180 1488.3
1329190 1484.1
1329200 1480.1
1329210 1480.1
1329220 1474.4
1329230 1467.6
1329240 1458.9
1329250 1458.9
1329260 1451.2
1329270 1446.8
1329280 1446.8
1329290 1443.5
1329300 1438.2
1329310 1438.2
1329320 1432.5
1329330 1427.6
1329340 1427.6
1329350 1423.0
1329360 1418.4
1329370 1418.4
1329380 1412.5
1329390 1406.8
1329400 1406.8
1329410 1400.6
1329420 1394.3
1329430 1394.3
1329440 1389.8
1329450 1386.1
1329460 1386.1
1329470 1381.2
1329480 1375.5
1329490 1375.5
1329500 1371.1
1329510 1369.4
1329520 1369.4
1329530 1367.8
1329540 1364.5
1329550 1359.4
1329560 1359.4
1329570 1356.9
1329580 1354.9
1329590 1354.9
1329600 1351.5
1329610 1349.8
1329620 1349.8
1329630 1349.5
1329640 1345.9
1329650 1345.9
1329660 1344.7
1329670 1344.1
1329680 1344.1
1329690 1340.2
1329700 1336.3
1329710 1336.3
1329720 1332.1
1329730 1327.3
1329740 1327.3
1329750 1322.4
1329760 1316.9
1329770 1316.9
1329780 1311.4
1329790 1305.9
1329800 1305.9
1329810 1300.4
1329820 1294.6
1329830 1288.9
1329840 1288.9
1329850 1283.2
1329860 1277.5
1329870 1277.5
1329880 1271.8
1329890 1266.2
1329900 1266.2
1329910 1260.5
1329920 1255.0
1329930 1255.0
1329940 1249.5
1329950 1244.0
1329960 1244.0
1329970 1238.6
1329980 1233.3
1329990 1233.3
1330000 1227.7
1330010 1222.7
1330020 1222.7
1330030 1217.4
1330040 1212.3
1330050 1212.3
1330060 1207.2
1330070 1203.2
1330080 1203.2
1330090 1197.8
1330100 1193.5
1330110 1189.0
1330120 1189.0
1330130 1185.0
1330140 1181.1
1330150 1181.1
1330160 1177.5
1330170 1173.8
1330180 1173.8
1330190 1170.0
1330200 1165.8
1330210 1165.8
1330220 1161.9
1330230 1157.0
1330240 1157.0
1330250 1151.7
1330260 1147.4
1330270 1147.4
1330280 1143.6
1330290 1141.2
1330300 1141.2
1330310 1139.5
1330320 1138.1
1330330 1138.1
1330340 1136.8
1330350 1135.5
1330360 1135.5
1330370 1134.4
1330380 1133.6
1330390 1132.7
1330400 1132.7
1330410 1131.8
1330420 1130.0
1330430 1130.0
1330440 1127.0
1330450 1126.1
1330460 1126.1
1330470 1127.5
1330480 1128.2
1330490 1129.1
1330500 1132.7
1330510 1136.9
1330520 1136.9
1330530 1141.5
1330540 1146.4
1330550 1146.4
1330560 1152.2
1330570 1158.5
1330580 1158.5
1330590 1165.7
1330600 1172.5
1330610 1172.5
1330620 1177.9
1330630 1182.6
1330640 1182.6
1330650 1186.5
1330660 1187.6
1330670 1187.6
1330680 1188.4
1330690 1189.7
1330700 1192.7
1330710 1192.7
1330720 1196.5
1330730 1201.2
1330740 1201.2
1330750 1207.7
1330760 1214.6
1330770 1214.6
1330780 1221.9
1330790 1229.0
1330800 1229.0
1330810 1234.6
1330820 1238.9
1330830 1238.9
1330840 1243.7
1330850 1249.1
1330860 1249.1
1330870 1254.2
1330880 1258.1
1330890 1258.1
1330900 1262.4
1330910 1267.2
1330920 1267.2
1330930 1272.3
1330940 1276.8
1330950 1276.8
1330960 1281.6
1330970 1285.7
1330980 1288.6
1330990 1288.6
1331000 1289.8
1331010 1288.5
1331020 1288.5
1331030 1292.5
1331040 1300.1
1331050 1300.1
1331060 1307.2
1331070 1313.8
1331080 1313.8
1331090 1318.3
1331100 1322.4
1331110 1322.4
1331120 1327.1
1331130 1332.1
1331140 1332.1
1331150 1338.5
1331160 1343.9
1331170 1343.9
1331180 1348.8
1331190 1352.6
1331200 1352.6
1331210 1356.0
1331220 1359.7
1331230 1359.7
1331240 1363.6
1331250 1367.5
1331260 1371.2
1331270 1371.2
1331280 1374.8
1331290 1379.0
1331300 1379.0
1331310 1383.0
1331320 1388.9
1331330 1388.9
1331340 1392.5
1331350 1396.3
1331360 1396.3
1331370 1400.2
1331380 1403.9
1331390 1403.9
1331400 1408.5
1331410 1412.8
1331420 1412.8
1331430 1415.9
1331440 1418.8
1331450 1418.8
1331460 1422.6
1331470 1426.0
1331480 1426.0
1331490 1427.5
1331500 1430.5
1331510 1430.5
1331520 1435.1
1331530 1440.0
1331540 1446.0
1331550 1446.0
1331560 1452.9
1331570 1460.1
1331580 1460.1
1331590 1467.8
1331600 1474.9
1331610 1474.9
1331620 1481.3
1331630 1487.2
1331640 1487.2
1331650 1493.1
1331660 1499.1
1331670 1499.1
1331680 1504.8
1331690 1510.6
1331700 1510.6
1331710 1516.7
1331720 1523.0
1331730 1523.0
1331740 1529.4
1331750 1536.0
1331760 1536.0
1331770 1542.1
1331780 1548.2
1331790 1548.2
1331800 1554.5
1331810 1560.7
1331820 1560.7
1331830 1567.3
1331840 1574.0
1331850 1580.5
1331860 1580.5
1331870 1587.5
1331880 1594.0
1331890 1594.0
1331900 1597.2
1331910 1599.3
1331920 1599.3
1331930 1599.9
1331940 1598.8
1331950 1598.8
1331960 1596.4
1331970 1593.1
1331980 1593.1
1331990 1590.8
1332000 1588.8
1332010 1588.8
1332020 1587.7
1332030 1587.2
1332040 1587.2
1332050 1586.9
1332060 1586.4
1332070 1586.4
1332080 1585.4
1332090 1583.4
1332100 1583.4
1332110 1580.4
1332120 1575.7
1332130 1570.9
1332140 1570.9
1332150 1566.8
1332160 1567.9
1332170 1567.9
1332180 1564.5
1332190 1561.3
1332200 1561.3
1332210 1557.9
1332220 1555.1
1332230 1555.1
1332240 1552.7
1332250 1550.6
1332260 1550.6
1332270 1548.8
1332280 1548.1
1332290 1548.1
1332300 1546.2
1332310 1542.4
1332320 1542.4
1332330 1539.2
1332340 1536.3
1332350 1536.3
1332360 1533.3
1332370 1530.7
1332380 1530.7
1332390 1528.8
1332400 1526.1
1332410 1521.2
1332420 1521.2
1332430 1517.4
1332440 1513.3
1332450 1513.3
1332460 1509.6
1332470 1506.8
1332480 1506.8
1332490 1503.2
1332500 1499.5
1332510 1499.5
1332520 1495.1
1332530 1491.6
1332540 1491.6
1332550 1488.9
1332560 1487.6
1332570 1487.6
1332580 1487.3
1332590 1486.1
1332600 1486.1
1332610 1484.9
1332620 1482.1
1332630 1482.1
1332640 1475.4
1332650 1468.9
1332660 1468.9
1332670 1464.0
1332680 1459.7
1332690 1455.9
1332700 1455.9
1332710 1451.8
1332720 1447.7
1332730 1447.7
1332740 1444.5
1332750 1441.5
1332760 1441.5
1332770 1437.1
1332780 1433.3
1332790 1433.3
1332800 1428.6
1332810 1423.1
1332820 1423.1
1332830 1417.3
1332840 1412.7
1332850 1412.7
1332860 1409.8
1332870 1407.5
1332880 1407.5
1332890 1405.2
1332900 1402.8
1332910 1402.8
1332920 1399.4
1332930 1394.8
1332940 1394.8
1332950 1390.3
1332960 1385.2
1332970 1385.2
1332980 1380.4
1332990 1375.3
1333000 1371.2
1333010 1371.2
1333020 1367.4
1333030 1365.1
1333040 1365.1
1333050 1362.0
1333060 1359.3
1333070 1359.3
1333080 1357.4
1333090 1355.6
1333100 1355.6
1333110 1353.6
1333120 1351.1
1333130 1351.1
1333140 1348.5
1333150 1345.8
1333160 1345.8
1333170 1342.9
1333180 1339.7
1333190 1339.7
1333200 1335.7
1333210 1332.1
1333220 1332.1
1333230 1329.2
1333240 1326.3
1333250 1326.3
1333260 1324.3
1333270 1323.3
1333280 1322.6
1333290 1322.6
1333300 1321.1
1333310 1318.9
1333320 1318.9
1333330 1315.8
1333340 1312.1
1333350 1312.1
1333360 1308.5
1333370 1305.2
1333380 1305.2
1333390 1301.3
1333400 1296.5
1333410 1296.5
1333420 1291.1
1333430 1285.8
1333440 1285.8
1333450 1282.1
1333460 1275.9
1333470 1275.9
1333480 1269.5
1333490 1264.0
1333500 1264.0
1333510 1258.1
1333520 1252.1
1333530 1252.1
1333540 1247.2
1333550 1242.2
1333560 1236.9
1333570 1236.9
1333580 1230.9
1333590 1224.5
1333600 1224.5
1333610 1218.6
1333620 1215.0
1333630 1215.0
1333640 1215.8
1333650 1217.4
1333660 1217.4
1333670 1219.4
1333680 1220.0
1333690 1220.0
1333700 1218.1
1333710 1214.3
1333720 1214.3
1333730 1209.1
1333740 1202.8
1333750 1202.8
1333760 1197.7
1333770 1194.5
1333780 1194.5
1333790 1192.4
1333800 1191.0
1333810 1191.0
1333820 1190.5
1333830 1189.7
1333840 1189.3
1333850 1189.3
1333860 1183.3
1333870 1175.4
1333880 1175.4
1333890 1169.7
1333900 1167.2
1333910 1167.2
1333920 1167.5
1333930 1166.5
1333940 1166.5
1333950 1165.2
1333960 1164.8
1333970 1164.8
1333980 1164.9
1333990 1161.8
1334000 1161.8
1334010 1157.2
1334020 1153.7
1334030 1153.7
1334040 1150.2
1334050 1148.8
1334060 1148.8
1334070 1148.7
1334080 1148.4
1334090 1148.4
1334100 1148.4
1334110 1149.1
1334120 1149.1
1334130 1149.0
1334140 1148.9
1334150 1150.5
1334160 1150.5
1334170 1152.3
1334180 1153.2
1334190 1153.2
1334200 1153.5
1334210 1154.0
1334220 1154.0
1334230 1155.3
1334240 1157.7
1334250 1157.7
1334260 1160.2
1334270 1163.0
1334280 1163.0
1334290 1167.3
1334300 1170.4
1334310 1170.4
1334320 1173.6
1334330 1176.7
1334340 1176.7
1334350 1179.8
1334360 1182.8
1334370 1182.8
1334380 1186.8
1334390 1192.0
1334400 1192.0
1334410 1196.8
1334420 1201.2
1334430 1204.6
1334440 1204.6
1334450 1209.2
1334460 1214.5
1334470 1214.5
1334480 1216.8
1334490 1220.0
1334500 1220.0
1334510 1225.7
1334520 1231.0
1334530 1231.0
1334540 1235.6
1334550 1238.3
1334560 1238.3
1334570 1240.2
1334580 1242.4
1334590 1242.4
1334600 1245.1
1334610 1248.4
1334620 1248.4
1334630 1252.3
1334640 1256.0
1334650 1256.0
1334660 1260.4
1334670 1266.0
1334680 1266.0
1334690 1270.6
1334700 1276.3
1334710 1282.0
1334720 1282.0
1334730 1287.7
1334740 1293.3
1334750 1293.3
1334760 1298.9
1334770 1304.6
1334780 1304.6
1334790 1310.2
1334800 1315.8
1334810 1315.8
1334820 1321.4
1334830 1326.9
1334840 1326.9
1334850 1332.2
1334860 1337.2
1334870 1337.2
1334880 1342.1
1334890 1344.4
1334900 1344.4
1334910 1343.9
1334920 1344.3
1334930 1344.3
1334940 1345.8
1334950 1345.4
1334960 1345.4
1334970 1344.0
1334980 1342.8
1334990 1341.7
1335000 1341.7
1335010 1337.9
1335020 1339.7
1335030 1339.7
1335040 1345.6
1335050 1356.6
1335060 1356.6
1335070 1368.1
1335080 1378.3
1335090 1378.3
1335100 1387.8
1335110 1396.4
1335120 1396.4
1335130 1403.0
1335140 1409.1
1335150 1409.1
1335160 1415.8
1335170 1422.7
1335180 1422.7
1335190 1429.6
1335200 1436.9
1335210 1436.9
1335220 1443.7
1335230 1449.4
1335240 1449.4
1335250 1454.5
1335260 1459.9
1335270 1459.9
1335280 1466.0
1335290 1472.8
1335300 1479.9
1335310 1479.9
1335320 1487.8
1335330 1495.4
1335340 1495.4
1335350 1500.5
1335360 1505.4
1335370 1505.4
1335380 1510.3
1335390 1515.3
1335400 1515.3
1335410 1520.2
1335420 1524.8
1335430 1524.8
1335440 1528.6
1335450 1531.8
1335460 1531.8
1335470 1535.9
1335480 1540.6
1335490 1540.6
1335500 1545.8
1335510 1550.7
1335520 1550.7
1335530 1555.7
1335540 1557.8
1335550 1557.8
1335560 1563.8
1335570 1569.6
1335580 1575.1
1335590 1575.1
1335600 1580.4
1335610 1585.9
1335620 1585.9
1335630 1591.5
1335640 1596.9
1335650 1596.9
1335660 1599.4
1335670 1600.7
1335680 1600.7
1335690 1604.5
1335700 1607.4
1335710 1607.4
1335720 1610.2
1335730 1613.1
1335740 1613.1
1335750 1615.5
1335760 1617.3
1335770 1617.3
1335780 1618.3
1335790 1617.1
1335800 1617.1
1335810 1617.8
1335820 1622.3
1335830 1622.3
1335840 1626.3
1335850 1628.1
1335860 1630.2
1335870 1630.2
1335880 1634.1
1335890 1639.4
1335900 1639.4
1335910 1646.5
1335920 1653.9
1335930 1653.9
1335940 1661.5
1335950 1669.1
1335960 1669.1
1335970 1676.0
1335980 1681.8
1335990 1681.8
1336000 1686.8
1336010 1690.8
1336020 1690.8
1336030 1695.9
1336040 1702.6
1336050 1702.6
1336060 1710.3
1336070 1716.1
1336080 1716.1
1336090 1719.9
1336100 1723.7
1336110 1723.7
1336120 1728.2
1336130 1732.2
1336140 1735.8
1336150 1735.8
1336160 1737.8
1336170 1739.1
1336180 1739.1
1336190 1740.1
1336200 1741.6
1336210 1741.6
1336220 1743.9
1336230 1746.6
1336240 1746.6
1336250 1750.1
1336260 1753.8
1336270 1753.8
1336280 1757.1
1336290 1759.7
1336300 1759.7
1336310 1763.0
1336320 1766.5
1336330 1766.5
1336340 1769.9
1336350 1773.8
1336360 1773.8
1336370 1778.6
1336380 1783.4
1336390 1783.4
1336400 1784.3
1336410 1789.8
1336420 1789.8
1336430 1794.6
1336440 1798.7
1336450 1801.2
1336460 1801.2
1336470 1801.6
1336480 1799.8
1336490 1799.8
1336500 1796.6
1336510 1794.8
1336520 1794.8
1336530 1791.2
1336540 1788.4
1336550 1788.4
1336560 1787.3
1336570 1787.1
1336580 1787.1
1336590 1787.0
1336600 1786.1
1336610 1786.1
1336620 1786.0
1336630 1787.4
1336640 1787.4
1336650 1788.8
1336660 1790.7
1336670 1790.7
1336680 1793.6
1336690 1797.5
1336700 1797.5
1336710 1801.7
1336720 1805.1
1336730 1807.8
1336740 1807.8
1336750 1810.6
1336760 1813.7
1336770 1813.7
1336780 1817.6
1336790 1821.3
1336800 1821.3
1336810 1824.7
1336820 1827.3
1336830 1827.3
1336840 1829.5
1336850 1830.7
1336860 1830.7
1336870 1831.2
1336880 1830.7
1336890 1830.7
1336900 1829.9
1336910 1829.3
1336920 1829.3
1336930 1829.3
1336940 1830.4
1336950 1830.4
1336960 1832.5
1336970 1833.3
1336980 1833.3
1336990 1833.9
1337000 1834.5
1337010 1834.8
1337020 1834.8
1337030 1834.8
1337040 1834.4
1337050 1834.4
1337060 1833.7
1337070 1833.3
1337080 1833.3
1337090 1832.9
1337100 1831.3
1337110 1831.3
1337120 1828.4
1337130 1826.2
1337140 1826.2
1337150 1823.7
1337160 1820.8
1337170 1820.8
1337180 1818.4
1337190 1815.8
1337200 1815.8
1337210 1815.6
1337220 1816.8
1337230 1816.8
1337240 1817.9
1337250 1820.6
1337260 1820.6
1337270 1827.5
1337280 1831.1
1337290 1834.7
1337300 1834.7
1337310 1837.6
1337320 1840.7
1337330 1840.7
1337340 1843.2
1337350 1844.8
1337360 1844.8
1337370 1846.7
1337380 1848.3
1337390 1848.3
1337400 1849.2
1337410 1849.6
1337420 1849.6
1337430 1850.8
1337440 1851.8
1337450 1851.8
1337460 1853.1
1337470 1854.3
1337480 1854.3
1337490 1855.7
1337500 1857.1
1337510 1857.1
1337520 1858.8
1337530 1860.7
1337540 1860.7
1337550 1863.1
1337560 1865.2
1337570 1865.2
1337580 1867.0
1337590 1868.3
1337600 1869.9
1337610 1869.9
1337620 1872.0
1337630 1875.4
1337640 1875.4
1337650 1878.5
1337660 1879.9
1337670 1879.9
1337680 1883.0
1337690 1885.9
1337700 1885.9
1337710 1889.0
1337720 1892.6
1337730 1892.6
1337740 1896.2
1337750 1900.4
1337760 1900.4
1337770 1905.4
1337780 1910.2
1337790 1910.2
1337800 1914.5
1337810 1919.0
1337820 1919.0
1337830 1923.7
1337840 1929.2
1337850 1929.2
1337860 1935.3
1337870 1941.6
1337880 1947.8
1337890 1947.8
1337900 1955.7
1337910 1963.1
1337920 1963.1
1337930 1969.7
1337940 1973.7
1337950 1973.7
1337960 1979.4
1337970 1985.8
1337980 1985.8
1337990 1984.9
1338000 1982.2
1338010 1982.2
1338020 1980.1
1338030 1977.2
1338040 1977.2
1338050 1973.1
1338060 1965.3
1338070 1965.3
1338080 1959.0
1338090 1954.8
1338100 1954.8
1338110 1949.9
1338120 1942.2
1338130 1948.5
1338140 1943.3
1338150 1938.6
1338160 1934.5
1338170 1934.5
1338180 1930.0
1338190 1925.7
1338200 1925.7
1338210 1923.6
1338220 1921.5
1338230 1921.5
1338240 1917.6
1338250 1913.8
1338260 1913.8
1338270 1911.0
1338280 1909.2
1338290 1909.2
1338300 1908.4
1338310 1907.1
1338320 1907.1
1338330 1904.0
1338340 1901.1
1338350 1901.1
1338360 1899.3
1338370 1897.5
1338380 1897.5
1338390 1893.4
1338400 1886.5
1338410 1886.5
1338420 1878.0
1338430 1871.5
1338440 1869.2
1338450 1869.2
1338460 1866.6
1338470 1863.4
1338480 1863.4
1338490 1860.2
1338500 1856.2
1338510 1856.2
1338520 1852.5
1338530 1849.7
1338540 1849.7
1338550 1846.7
1338560 1843.6
1338570 1843.6
1338580 1840.4
1338590 1837.9
1338600 1837.9
1338610 1837.0
1338620 1835.3
1338630 1835.3
1338640 1834.5
1338650 1835.5
1338660 1835.5
1338670 1836.4
1338680 1837.7
1338690 1837.7
1338700 1838.5
1338710 1839.4
1338720 1839.4
1338730 1839.8
1338740 1839.1
1338750 1839.1
1338760 1839.1
1338770 1840.1
1338780 1841.5
1338790 1841.5
1338800 1842.9
1338810 1844.3
1338820 1844.3
1338830 1845.6
1338840 1847.5
1338850 1847.5
1338860 1848.5
1338870 1849.1
1338880 1849.1
1338890 1850.3
1338900 1851.5
1338910 1851.5
1338920 1851.5
1338930 1851.3
1338940 1851.3
1338950 1852.2
1338960 1854.0
1338970 1854.0
1338980 1856.8
1338990 1859.9
1339000 1859.9
1339010 1865.6
1339020 1867.3
1339030 1870.4
1339040 1870.4
1339050 1873.2
1339060 1875.5
1339070 1875.5
1339080 1879.0
1339090 1883.9
1339100 1883.9
1339110 1887.7
1339120 1888.9
1339130 1888.9
1339140 1888.1
1339150 1886.5
1339160 1886.5
1339170 1884.5
1339180 1883.4
1339190 1883.4
1339200 1880.8
1339210 1877.1
1339220 1877.1
1339230 1872.9
1339240 1868.8
1339250 1868.8
1339260 1864.2
1339270 1860.4
1339280 1860.4
1339290 1858.3
1339300 1856.2
1339310 1854.2
1339320 1854.2
1339330 1851.9
1339340 1848.7
1339350 1848.7
1339360 1846.3
1339370 1844.2
1339380 1844.2
1339390 1842.4
1339400 1840.3
1339410 1840.3
1339420 1837.4
1339430 1834.3
1339440 1834.3
1339450 1831.8
1339460 1829.6
1339470 1829.6
1339480 1828.2
1339490 1827.6
1339500 1827.6
1339510 1827.6
1339520 1828.3
1339530 1828.3
1339540 1829.4
1339550 1829.9
1339560 1829.9
1339570 1829.6
1339580 1829.1
1339590 1829.5
1339600 1829.5
1339610 1830.4
1339620 1830.9
1339630 1830.9
1339640 1830.9
1339650 1830.3
1339660 1830.3
1339670 1830.0
1339680 1830.7
1339690 1830.7
1339700 1831.2
1339710 1830.6
1339720 1830.6
1339730 1828.7
1339740 1827.0
1339750 1827.0
1339760 1825.5
1339770 1823.0
1339780 1823.0
1339790 1820.3
1339800 1818.1
1339810 1818.1
1339820 1816.4
1339830 1814.2
1339840 1814.2
1339850 1812.1
1339860 1810.4
1339870 1810.4
1339880 1808.7
1339890 1811.9
1339900 1807.3
1339910 1807.3
1339920 1801.9
1339930 1796.0
1339940 1796.0
1339950 1790.5
1339960 1784.5
1339970 1784.5
1339980 1776.7
1339990 1770.0
