1320000 529.3
1320010 530.0
1320020 530.0
1320030 529.4
1320040 529.2
1320050 529.2
1320060 529.1
1320070 529.0
1320080 529.0
1320090 529.0
1320100 529.0
1320110 529.0
1320120 529.0
1320130 529.0
1320140 529.0
1320150 529.0
1320160 529.0
1320170 529.0
1320180 529.0
1320190 528.9
1320200 528.9
1320210 528.8
1320220 528.7
1320230 528.7
1320240 528.8
1320250 528.8
1320260 528.8
1320270 528.7
1320280 528.6
1320290 528.6
1320300 528.6
1320310 528.6
1320320 528.9
1320330 528.9
1320340 528.8
1320350 528.8
1320360 528.8
1320370 528.8
1320380 528.8
1320390 528.8
1320400 528.8
1320410 528.9
1320420 528.9
1320430 528.8
1320440 528.8
1320450 528.8
1320460 528.7
1320470 528.7
1320480 528.7
1320490 528.9
1320500 528.8
1320510 528.8
1320520 528.7
1320530 528.7
1320540 528.7
1320550 528.8
1320560 529.1
1320570 529.1
1320580 529.1
1320590 529.1
1320600 529.2
1320610 529.2
1320620 529.2
1320630 529.2
1320640 529.2
1320650 529.2
1320660 529.2
1320670 529.2
1320680 529.2
1320690 529.2
1320700 529.2
1320710 528.4
1320720 528.9
1320730 528.9
1320740 529.7
1320750 534.4
1320760 534.4
1320770 539.8
1320780 543.3
1320790 543.3
1320800 548.4
1320810 554.4
1320820 554.4
1320830 560.3
1320840 565.2
1320850 565.2
1320860 568.8
1320870 571.9
1320880 574.3
1320890 574.3
1320900 577.3
1320910 582.1
1320920 582.1
1320930 586.6
1320940 591.6
1320950 591.6
1320960 596.2
1320970 597.2
1320980 597.2
1320990 599.0
1321000 603.0
1321010 603.0
1321020 607.8
1321030 612.1
1321040 612.1
1321050 616.5
1321060 620.7
1321070 620.7
1321080 624.8
1321090 628.7
1321100 628.7
1321110 633.0
1321120 637.8
1321130 637.8
1321140 642.8
1321150 648.4
1321160 648.4
1321170 654.2
1321180 660.8
1321190 667.6
1321200 667.6
1321210 672.2
1321220 677.5
1321230 677.5
1321240 683.3
1321250 689.0
1321260 689.0
1321270 694.1
1321280 699.8
1321290 699.8
1321300 705.7
1321310 711.3
1321320 711.3
1321330 716.2
1321340 721.5
1321350 721.5
1321360 727.7
1321370 734.1
1321380 734.1
1321390 740.0
1321400 745.6
1321410 745.6
1321420 752.2
1321430 760.5
1321440 760.5
1321450 767.4
1321460 767.6
1321470 773.3
1321480 773.3
1321490 782.3
1321500 791.1
1321510 791.1
1321520 794.7
1321530 796.0
1321540 796.0
1321550 798.1
1321560 800.9
1321570 800.9
1321580 803.5
1321590 804.9
1321600 804.9
1321610 805.6
1321620 806.7
1321630 806.7
1321640 808.0
1321650 810.0
1321660 810.0
1321670 813.1
1321680 817.0
1321690 817.0
1321700 821.9
1321710 827.2
1321720 827.2
1321730 832.0
1321740 835.7
1321750 838.1
1321760 838.1
1321770 840.1
1321780 841.7
1321790 841.7
1321800 841.8
1321810 841.7
1321820 841.7
1321830 842.2
1321840 842.9
1321850 842.9
1321860 843.6
1321870 845.1
1321880 845.1
1321890 847.6
1321900 851.9
1321910 851.9
1321920 856.3
1321930 859.7
1321940 859.7
1321950 861.4
1321960 862.1
1321970 860.9
1321980 862.5
1321990 865.3
1322000 865.3
1322010 868.9
1322020 872.7
1322030 872.7
1322040 876.5
1322050 880.3
1322060 884.3
1322070 884.3
1322080 888.7
1322090 892.2
1322100 892.2
1322110 894.9
1322120 898.4
1322130 898.4
1322140 902.0
1322150 905.7
1322160 905.7
1322170 909.0
1322180 911.3
1322190 911.3
1322200 911.7
1322210 910.5
1322220 910.5
1322230 911.2
1322240 914.6
1322250 914.6
1322260 920.3
1322270 926.9
1322280 926.9
1322290 932.7
1322300 936.8
1322310 936.8
1322320 939.7
1322330 939.1
1322340 936.5
1322350 936.5
1322360 938.2
1322370 942.8
1322380 942.8
1322390 947.7
1322400 953.7
1322410 953.7
1322420 960.3
1322430 966.8
1322440 966.8
1322450 973.5
1322460 976.5
1322470 976.5
1322480 975.2
1322490 978.1
1322500 978.1
1322510 982.3
1322520 987.9
1322530 987.9
1322540 993.1
1322550 998.7
1322560 998.7
1322570 1003.0
1322580 1006.0
1322590 1006.0
1322600 1011.0
1322610 1015.8
1322620 1020.5
1322630 1020.5
1322640 1024.7
1322650 1026.7
1322660 1026.7
1322670 1028.4
1322680 1030.5
1322690 1030.5
1322700 1032.0
1322710 1033.5
1322720 1033.5
1322730 1035.6
1322740 1038.0
1322750 1038.0
1322760 1038.6
1322770 1040.6
1322780 1040.6
1322790 1043.0
1322800 1046.1
1322810 1046.1
1322820 1050.2
1322830 1055.3
1322840 1055.3
1322850 1060.4
1322860 1066.3
1322870 1066.3
1322880 1071.9
1322890 1076.0
1322900 1076.0
1322910 1079.4
1322920 1083.3
1322930 1087.0
1322940 1087.0
1322950 1090.5
1322960 1094.1
1322970 1094.1
1322980 1098.2
1322990 1101.8
1323000 1101.8
1323010 1104.2
1323020 1106.6
1323030 1106.6
1323040 1109.6
1323050 1113.5
1323060 1113.5
1323070 1118.3
1323080 1123.2
1323090 1123.2
1323100 1127.2
1323110 1130.7
1323120 1130.7
1323130 1134.6
1323140 1139.2
1323150 1139.2
1323160 1144.0
1323170 1148.5
1323180 1148.5
1323190 1152.8
1323200 1157.7
1323210 1161.4
1323220 1161.4
1323230 1163.8
1323240 1164.9
1323250 1164.9
1323260 1167.1
1323270 1169.7
1323280 1169.7
1323290 1172.5
1323300 1175.6
1323310 1175.6
1323320 1179.4
1323330 1184.0
1323340 1184.0
1323350 1188.7
1323360 1191.0
1323370 1191.0
1323380 1192.3
1323390 1197.5
1323400 1197.5
1323410 1204.4
1323420 1210.4
1323430 1210.4
1323440 1214.8
1323450 1217.8
1323460 1217.8
1323470 1220.0
1323480 1222.0
1323490 1223.8
1323500 1223.8
1323510 1225.4
1323520 1227.0
1323530 1227.0
1323540 1228.6
1323550 1232.1
1323560 1232.1
1323570 1236.6
1323580 1239.6
1323590 1239.6
1323600 1241.8
1323610 1244.5
1323620 1244.5
1323630 1247.8
1323640 1251.1
1323650 1251.1
1323660 1254.3
1323670 1258.1
1323680 1258.1
1323690 1262.4
1323700 1266.0
1323710 1266.0
1323720 1268.3
1323730 1272.1
1323740 1272.1
1323750 1277.3
1323760 1283.4
1323770 1283.4
1323780 1287.7
1323790 1290.2
1323800 1293.4
1323810 1293.4
1323820 1297.6
1323830 1302.0
1323840 1302.0
1323850 1306.6
1323860 1310.8
1323870 1310.8
1323880 1314.0
1323890 1317.3
1323900 1317.3
1323910 1320.2
1323920 1322.0
1323930 1322.0
1323940 1323.1
1323950 1324.7
1323960 1324.7
1323970 1328.2
1323980 1331.2
1323990 1331.2
1324000 1334.1
1324010 1337.0
1324020 1337.0
1324030 1340.5
1324040 1344.1
1324050 1344.1
1324060 1349.5
1324070 1354.7
1324080 1359.7
1324090 1359.7
1324100 1363.6
1324110 1365.7
1324120 1365.7
1324130 1368.1
1324140 1372.1
1324150 1372.1
1324160 1376.9
1324170 1381.4
1324180 1381.4
1324190 1386.0
1324200 1390.8
1324210 1390.8
1324220 1395.8
1324230 1401.9
1324240 1401.9
1324250 1407.8
1324260 1412.9
1324270 1412.9
1324280 1418.8
1324290 1424.2
1324300 1424.2
1324310 1428.2
1324320 1432.2
1324330 1432.2
1324340 1436.7
1324350 1441.8
1324360 1447.8
1324370 1447.8
1324380 1454.0
1324390 1461.1
1324400 1461.1
1324410 1466.8
1324420 1470.0
1324430 1470.0
1324440 1473.3
1324450 1476.7
1324460 1476.7
1324470 1480.2
1324480 1483.4
1324490 1483.4
1324500 1485.7
1324510 1488.3
1324520 1488.3
1324530 1491.7
1324540 1494.7
1324550 1494.7
1324560 1497.8
1324570 1501.2
1324580 1501.2
1324590 1504.4
1324600 1507.1
1324610 1507.1
1324620 1509.6
1324630 1512.7
1324640 1512.7
1324650 1516.1
1324660 1518.9
1324670 1521.3
1324680 1521.3
1324690 1523.8
1324700 1527.1
1324710 1527.1
1324720 1530.8
1324730 1534.6
1324740 1534.6
1324750 1538.0
1324760 1541.3
1324770 1541.3
1324780 1545.3
1324790 1550.7
1324800 1550.7
1324810 1556.6
1324820 1561.3
1324830 1561.3
1324840 1565.2
1324850 1569.5
1324860 1569.5
1324870 1571.5
1324880 1572.7
1324890 1572.7
1324900 1574.7
1324910 1577.7
1324920 1577.7
1324930 1581.7
1324940 1585.8
1324950 1590.7
1324960 1590.7
1324970 1596.1
1324980 1601.2
1324990 1601.2
1325000 1605.9
1325010 1611.1
1325020 1611.1
1325030 1615.3
1325040 1617.6
1325050 1617.6
1325060 1619.4
1325070 1621.0
1325080 1621.0
1325090 1621.4
1325100 1624.6
1325110 1624.6
1325120 1630.7
1325130 1636.6
1325140 1636.6
1325150 1643.4
1325160 1652.3
1325170 1652.3
1325180 1659.9
1325190 1665.0
1325200 1665.0
1325210 1670.5
1325220 1676.1
1325230 1683.6
1325240 1683.6
1325250 1692.2
1325260 1699.4
1325270 1699.4
1325280 1704.9
1325290 1711.6
1325300 1711.6
1325310 1720.0
1325320 1726.4
1325330 1726.4
1325340 1732.5
1325350 1736.1
1325360 1736.1
1325370 1736.9
1325380 1741.4
1325390 1741.4
1325400 1744.9
1325410 1748.5
1325420 1748.5
1325430 1750.8
1325440 1752.3
1325450 1752.3
1325460 1755.1
1325470 1758.8
1325480 1758.8
1325490 1762.7
1325500 1768.9
1325510 1775.7
1325520 1775.7
1325530 1781.9
1325540 1788.1
1325550 1788.1
1325560 1795.4
1325570 1803.7
1325580 1803.7
1325590 1812.3
1325600 1820.8
1325610 1820.8
1325620 1829.9
1325630 1831.7
1325640 1831.7
1325650 1832.8
1325660 1835.4
1325670 1835.4
1325680 1834.9
1325690 1833.7
1325700 1833.7
1325710 1831.6
1325720 1828.9
1325730 1828.9
1325740 1826.9
1325750 1825.1
1325760 1825.1
1325770 1822.2
1325780 1817.7
1325790 1817.7
1325800 1811.0
1325810 1804.4
1325820 1800.2
1325830 1800.2
1325840 1793.7
1325850 1785.5
1325860 1785.5
1325870 1776.7
1325880 1769.5
1325890 1769.5
1325900 1763.9
1325910 1758.2
1325920 1758.2
1325930 1753.0
1325940 1746.5
1325950 1746.5
1325960 1740.8
1325970 1732.5
1325980 1732.5
1325990 1723.5
1326000 1715.7
1326010 1715.7
1326020 1708.3
1326030 1701.0
1326040 1701.0
1326050 1694.2
1326060 1688.4
1326070 1688.4
1326080 1684.4
1326090 1680.3
1326100 1675.6
1326110 1675.6
1326120 1670.3
1326130 1664.9
1326140 1664.9
1326150 1659.9
1326160 1655.4
1326170 1655.4
1326180 1650.9
1326190 1646.4
1326200 1646.4
1326210 1642.2
1326220 1638.5
1326230 1638.5
1326240 1636.1
1326250 1638.6
1326260 1638.6
1326270 1639.5
1326280 1635.7
1326290 1635.7
1326300 1629.6
1326310 1631.8
1326320 1631.8
1326330 1639.7
1326340 1642.0
1326350 1642.0
1326360 1642.2
1326370 1643.4
1326380 1643.2
1326390 1643.2
1326400 1641.6
1326410 1639.2
1326420 1639.2
1326430 1636.7
1326440 1633.6
1326450 1633.6
1326460 1632.0
1326470 1632.9
1326480 1632.9
1326490 1635.1
1326500 1636.7
1326510 1636.7
1326520 1637.7
1326530 1639.4
1326540 1639.4
1326550 1639.5
1326560 1639.4
1326570 1639.4
1326580 1637.5
1326590 1640.5
1326600 1640.5
1326610 1648.1
1326620 1655.6
1326630 1655.6
1326640 1662.6
1326650 1667.3
1326660 1667.3
1326670 1671.6
1326680 1675.3
1326690 1679.6
1326700 1679.6
1326710 1683.7
1326720 1689.0
1326730 1689.0
1326740 1696.8
1326750 1702.2
1326760 1702.2
1326770 1707.3
1326780 1711.8
1326790 1711.8
1326800 1716.0
1326810 1720.4
1326820 1720.4
1326830 1724.2
1326840 1727.9
1326850 1727.9
1326860 1731.2
1326870 1734.0
1326880 1734.0
1326890 1736.6
1326900 1739.5
1326910 1739.5
1326920 1742.0
1326930 1744.5
1326940 1744.5
1326950 1747.9
1326960 1751.4
1326970 1755.2
1326980 1755.2
1326990 1758.8
1327000 1762.2
1327010 1762.2
1327020 1765.4
1327030 1769.6
1327040 1769.6
1327050 1775.1
1327060 1781.1
1327070 1781.1
1327080 1786.9
1327090 1791.3
1327100 1791.3
1327110 1795.5
1327120 1799.7
1327130 1799.7
1327140 1805.3
1327150 1809.8
1327160 1809.8
1327170 1813.5
1327180 1817.9
1327190 1817.9
1327200 1823.8
1327210 1830.4
1327220 1830.4
1327230 1836.5
1327240 1841.2
1327250 1844.4
1327260 1844.4
1327270 1846.4
1327280 1848.5
1327290 1848.5
1327300 1851.2
1327310 1856.3
1327320 1856.3
1327330 1863.0
1327340 1873.0
1327350 1873.0
1327360 1879.7
1327370 1877.6
1327380 1877.6
1327390 1874.4
1327400 1873.1
1327410 1873.1
1327420 1872.2
1327430 1871.4
1327440 1871.4
1327450 1869.9
1327460 1867.7
1327470 1867.7
1327480 1866.3
1327490 1865.3
1327500 1865.3
1327510 1864.3
1327520 1863.5
1327530 1863.5
1327540 1862.8
1327550 1865.9
1327560 1865.7
1327570 1865.7
1327580 1865.6
1327590 1864.6
1327600 1864.6
1327610 1863.5
1327620 1862.6
1327630 1862.6
1327640 1863.5
1327650 1864.6
1327660 1864.6
1327670 1865.6
1327680 1866.1
1327690 1866.1
1327700 1867.3
1327710 1868.1
1327720 1868.1
1327730 1868.3
1327740 1868.8
1327750 1868.8
1327760 1868.6
1327770 1869.3
1327780 1869.3
1327790 1870.5
1327800 1871.3
1327810 1871.3
1327820 1872.7
1327830 1874.2
1327840 1875.3
1327850 1875.3
1327860 1876.3
1327870 1877.9
1327880 1877.9
1327890 1879.5
1327900 1881.1
1327910 1881.1
1327920 1883.0
1327930 1885.5
1327940 1885.5
1327950 1888.0
1327960 1889.7
1327970 1889.7
1327980 1892.4
1327990 1892.9
1328000 1892.9
1328010 1890.2
1328020 1886.2
1328030 1886.2
1328040 1882.6
1328050 1879.4
1328060 1879.4
1328070 1874.1
1328080 1869.1
1328090 1869.1
1328100 1865.3
1328110 1863.1
1328120 1859.8
1328130 1859.8
1328140 1855.6
1328150 1851.0
1328160 1851.0
1328170 1845.9
1328180 1839.7
1328190 1839.7
1328200 1833.0
1328210 1825.9
1328220 1825.9
1328230 1819.7
1328240 1814.9
1328250 1814.9
1328260 1810.0
1328270 1805.4
1328280 1805.4
1328290 1801.3
1328300 1797.4
1328310 1797.4
1328320 1794.5
1328330 1791.7
1328340 1791.7
1328350 1788.9
1328360 1785.7
1328370 1783.7
1328380 1780.1
1328390 1777.2
1328400 1777.2
1328410 1774.7
1328420 1772.4
1328430 1769.7
1328440 1769.7
1328450 1766.9
1328460 1764.1
1328470 1764.1
1328480 1760.0
1328490 1755.5
1328500 1755.5
1328510 1750.8
1328520 1746.0
1328530 1746.0
1328540 1739.2
1328550 1732.7
1328560 1732.7
1328570 1728.5
1328580 1724.2
1328590 1724.2
1328600 1720.2
1328610 1716.6
1328620 1716.6
1328630 1713.6
1328640 1709.7
1328650 1709.7
1328660 1705.9
1328670 1701.3
1328680 1701.3
1328690 1698.4
1328700 1694.1
1328710 1687.3
1328720 1687.3
1328730 1681.7
1328740 1676.9
1328750 1676.9
1328760 1672.6
1328770 1666.0
1328780 1666.0
1328790 1658.4
1328800 1651.4
1328810 1651.4
1328820 1645.3
1328830 1638.3
1328840 1638.3
1328850 1631.3
1328860 1625.9
1328870 1625.9
1328880 1621.0
1328890 1616.6
1328900 1616.6
1328910 1612.5
1328920 1608.5
1328930 1608.5
1328940 1604.4
1328950 1601.0
1328960 1601.0
1328970 1595.6
1328980 1588.3
1328990 1581.7
1329000 1581.7
1329010 1575.6
1329020 1567.8
1329030 1567.8
1329040 1559.9
1329050 1552.8
1329060 1552.8
1329070 1545.6
1329080 1538.0
1329090 1538.0
1329100 1529.7
1329110 1521.9
1329120 1521.9
1329130 1512.5
1329140 1506.7
1329150 1506.7
1329160 1503.8
1329170 1498.4
1329180 1498.4
1329190 1487.4
1329200 1484.0
1329210 1484.0
1329220 1483.4
1329230 1482.0
1329240 1482.0
1329250 1482.2
1329260 1480.3
1329270 1477.0
1329280 1477.0
1329290 1472.8
1329300 1468.9
1329310 1468.9
1329320 1463.9
1329330 1457.2
1329340 1457.2
1329350 1451.1
1329360 1446.8
1329370 1446.8
1329380 1445.2
1329390 1444.7
1329400 1444.7
1329410 1440.8
1329420 1436.5
1329430 1436.5
1329440 1432.6
1329450 1426.6
1329460 1426.6
1329470 1420.0
1329480 1414.1
1329490 1414.1
1329500 1410.6
1329510 1406.1
1329520 1406.1
1329530 1400.3
1329540 1392.2
1329550 1392.2
1329560 1384.3
1329570 1378.0
1329580 1373.5
1329590 1373.5
1329600 1370.8
1329610 1367.9
1329620 1367.9
1329630 1362.9
1329640 1358.0
1329650 1358.0
1329660 1353.3
1329670 1348.4
1329680 1348.4
1329690 1343.9
1329700 1339.1
1329710 1339.1
1329720 1333.1
1329730 1326.6
1329740 1326.6
1329750 1319.5
1329760 1313.9
1329770 1313.9
1329780 1308.1
1329790 1303.0
1329800 1303.0
1329810 1298.7
1329820 1294.5
1329830 1294.5
1329840 1289.8
1329850 1285.3
1329860 1280.3
1329870 1280.3
1329880 1275.2
1329890 1270.1
1329900 1270.1
1329910 1264.9
1329920 1259.5
1329930 1259.5
1329940 1254.8
1329950 1250.7
1329960 1250.7
1329970 1246.1
1329980 1241.7
1329990 1241.7
1330000 1237.3
1330010 1234.3
1330020 1234.3
1330030 1231.4
1330040 1228.4
1330050 1228.4
1330060 1224.8
1330070 1220.5
1330080 1220.5
1330090 1215.4
1330100 1209.6
1330110 1209.6
1330120 1203.0
1330130 1198.1
1330140 1193.7
1330150 1193.7
1330160 1189.5
1330170 1185.6
1330180 1185.6
1330190 1182.2
1330200 1179.0
1330210 1179.0
1330220 1175.9
1330230 1173.0
1330240 1173.0
1330250 1170.1
1330260 1167.2
1330270 1167.2
1330280 1164.5
1330290 1161.7
1330300 1161.7
1330310 1158.7
1330320 1155.8
1330330 1155.8
1330340 1152.9
1330350 1150.2
1330360 1150.2
1330370 1147.3
1330380 1144.6
1330390 1144.6
1330400 1142.1
1330410 1140.1
1330420 1140.1
1330430 1137.9
1330440 1135.4
1330450 1132.7
1330460 1132.7
1330470 1130.2
1330480 1128.1
1330490 1128.1
1330500 1126.2
1330510 1124.1
1330520 1124.1
1330530 1121.4
1330540 1119.5
1330550 1119.5
1330560 1117.0
1330570 1114.8
1330580 1114.8
1330590 1112.5
1330600 1110.2
1330610 1110.2
1330620 1107.3
1330630 1103.9
1330640 1103.9
1330650 1100.4
1330660 1096.8
1330670 1096.8
1330680 1093.4
1330690 1090.1
1330700 1090.1
1330710 1087.5
1330720 1085.7
1330730 1084.1
1330740 1084.1
1330750 1082.5
1330760 1081.2
1330770 1081.2
1330780 1080.0
1330790 1078.8
1330800 1078.8
1330810 1077.7
1330820 1076.5
1330830 1076.5
1330840 1074.3
1330850 1072.5
1330860 1072.5
1330870 1072.9
1330880 1077.2
1330890 1077.2
1330900 1081.0
1330910 1087.6
1330920 1087.6
1330930 1093.8
1330940 1099.5
1330950 1099.5
1330960 1104.8
1330970 1108.9
1330980 1108.9
1330990 1115.9
1331000 1123.6
1331010 1131.2
1331020 1131.2
1331030 1137.2
1331040 1141.4
1331050 1141.4
1331060 1145.7
1331070 1149.3
1331080 1149.3
1331090 1152.3
1331100 1154.8
1331110 1154.8
1331120 1157.7
1331130 1161.3
1331140 1161.3
1331150 1164.7
1331160 1168.3
1331170 1168.3
1331180 1171.8
1331190 1175.1
1331200 1175.1
1331210 1178.7
1331220 1182.1
1331230 1182.1
1331240 1186.5
1331250 1191.9
1331260 1191.9
1331270 1197.0
1331280 1201.9
1331290 1201.9
1331300 1206.7
1331310 1212.0
1331320 1217.9
1331330 1217.9
1331340 1223.6
1331350 1228.6
1331360 1228.6
1331370 1233.0
1331380 1237.0
1331390 1237.0
1331400 1241.2
1331410 1245.0
1331420 1245.0
1331430 1249.0
1331440 1254.6
1331450 1254.6
1331460 1260.0
1331470 1265.3
1331480 1265.3
1331490 1271.0
1331500 1275.4
1331510 1275.4
1331520 1278.9
1331530 1283.4
1331540 1283.4
1331550 1288.2
1331560 1293.3
1331570 1293.3
1331580 1298.5
1331590 1303.1
1331600 1307.4
1331610 1307.4
1331620 1310.9
1331630 1313.5
1331640 1313.5
1331650 1316.3
1331660 1319.0
1331670 1324.0
1331680 1325.9
1331690 1326.2
1331700 1326.2
1331710 1324.7
1331720 1324.9
1331730 1324.9
1331740 1325.8
1331750 1329.0
1331760 1329.0
1331770 1330.7
1331780 1330.9
1331790 1330.9
1331800 1330.7
1331810 1331.2
1331820 1331.2
1331830 1331.4
1331840 1331.4
1331850 1331.4
1331860 1331.5
1331870 1331.3
1331880 1329.9
1331890 1329.9
1331900 1327.3
1331910 1326.6
1331920 1326.6
1331930 1326.4
1331940 1326.3
1331950 1326.3
1331960 1325.4
1331970 1325.8
1331980 1325.8
1331990 1326.6
1332000 1326.1
1332010 1326.1
1332020 1323.6
1332030 1319.4
1332040 1319.4
1332050 1316.1
1332060 1312.9
1332070 1312.9
1332080 1310.9
1332090 1311.0
1332100 1311.0
1332110 1312.2
1332120 1314.1
1332130 1314.1
1332140 1315.4
1332150 1316.2
1332160 1316.7
1332170 1316.7
1332180 1316.8
1332190 1316.2
1332200 1316.2
1332210 1314.3
1332220 1312.9
1332230 1312.9
1332240 1311.5
1332250 1310.7
1332260 1310.7
1332270 1310.6
1332280 1310.8
1332290 1310.8
1332300 1311.3
1332310 1311.6
1332320 1311.6
1332330 1310.4
1332340 1305.3
1332350 1305.3
1332360 1303.4
1332370 1301.3
1332380 1301.3
1332390 1298.1
1332400 1293.9
1332410 1293.9
1332420 1290.9
1332430 1288.2
1332440 1288.2
1332450 1285.1
1332460 1282.7
1332470 1281.1
1332480 1281.1
1332490 1280.3
1332500 1278.3
1332510 1284.5
1332520 1282.8
1332530 1282.5
1332540 1282.5
1332550 1281.2
1332560 1278.8
1332570 1278.8
1332580 1275.5
1332590 1273.8
1332600 1273.8
1332610 1273.4
1332620 1272.4
1332630 1272.4
1332640 1270.6
1332650 1268.9
1332660 1268.9
1332670 1266.5
1332680 1262.6
1332690 1262.6
1332700 1260.2
1332710 1259.3
1332720 1259.3
1332730 1257.8
1332740 1255.5
1332750 1252.5
1332760 1252.5
1332770 1249.4
1332780 1245.7
1332790 1245.7
1332800 1242.6
1332810 1240.7
1332820 1240.7
1332830 1239.1
1332840 1236.4
1332850 1236.4
1332860 1233.5
1332870 1230.6
1332880 1230.6
1332890 1227.8
1332900 1225.2
1332910 1225.2
1332920 1222.4
1332930 1218.8
1332940 1218.8
1332950 1214.6
1332960 1210.5
1332970 1210.5
1332980 1205.6
1332990 1199.7
1333000 1199.7
1333010 1193.8
1333020 1188.8
1333030 1184.9
1333040 1184.9
1333050 1181.4
1333060 1178.3
1333070 1178.3
1333080 1175.2
1333090 1172.6
1333100 1172.6
1333110 1169.3
1333120 1164.9
1333130 1164.9
1333140 1160.3
1333150 1156.3
1333160 1156.3
1333170 1153.0
1333180 1149.1
1333190 1149.1
1333200 1143.6
1333210 1139.7
1333220 1139.7
1333230 1136.0
1333240 1131.5
1333250 1131.5
1333260 1126.6
1333270 1122.9
1333280 1122.9
1333290 1118.5
1333300 1111.5
1333310 1111.5
1333320 1105.7
1333330 1100.4
1333340 1097.2
1333350 1100.6
1333360 1097.5
1333370 1096.5
1333380 1096.5
1333390 1097.2
1333400 1098.4
1333410 1098.4
1333420 1099.4
1333430 1101.0
1333440 1101.0
1333450 1102.7
1333460 1104.3
1333470 1104.3
1333480 1105.9
1333490 1107.9
1333500 1107.9
1333510 1110.2
1333520 1112.5
1333530 1112.5
1333540 1113.5
1333550 1115.3
1333560 1115.3
1333570 1117.5
1333580 1120.0
1333590 1120.0
1333600 1122.0
1333610 1124.5
1333620 1128.1
1333630 1128.1
1333640 1133.1
1333650 1138.8
1333660 1138.8
1333670 1140.1
1333680 1137.4
1333690 1137.4
1333700 1138.1
1333710 1139.9
1333720 1139.9
1333730 1144.5
1333740 1151.2
1333750 1151.2
1333760 1157.5
1333770 1163.1
1333780 1163.1
1333790 1169.3
1333800 1174.9
1333810 1174.9
1333820 1181.5
1333830 1187.7
1333840 1187.7
1333850 1191.0
1333860 1194.8
1333870 1194.8
1333880 1199.5
1333890 1204.3
1333900 1208.2
1333910 1208.2
1333920 1210.4
1333930 1212.2
1333940 1212.2
1333950 1213.6
1333960 1215.6
1333970 1215.6
1333980 1218.6
1333990 1222.3
1334000 1222.3
1334010 1225.7
1334020 1227.1
1334030 1227.1
1334040 1232.0
1334050 1238.5
1334060 1238.5
1334070 1243.3
1334080 1248.1
1334090 1248.1
1334100 1252.3
1334110 1255.4
1334120 1255.4
1334130 1257.9
1334140 1261.6
1334150 1261.6
1334160 1265.5
1334170 1269.0
1334180 1269.0
1334190 1271.4
1334200 1274.7
1334210 1278.5
1334220 1278.5
1334230 1282.5
1334240 1285.9
1334250 1285.9
1334260 1287.8
1334270 1288.6
1334280 1288.6
1334290 1288.3
1334300 1288.7
1334310 1288.7
1334320 1290.5
1334330 1293.4
1334340 1293.4
1334350 1296.3
1334360 1299.8
1334370 1299.8
1334380 1306.3
1334390 1312.9
1334400 1312.9
1334410 1318.3
1334420 1323.6
1334430 1323.6
1334440 1328.3
1334450 1329.4
1334460 1329.4
1334470 1327.5
1334480 1327.3
1334490 1333.2
1334500 1333.2
1334510 1342.7
1334520 1350.3
1334530 1350.3
1334540 1358.1
1334550 1365.8
1334560 1365.8
1334570 1370.2
1334580 1373.3
1334590 1373.3
1334600 1378.3
1334610 1383.2
1334620 1383.2
1334630 1387.8
1334640 1391.8
1334650 1391.8
1334660 1396.3
1334670 1402.5
1334680 1402.5
1334690 1408.9
1334700 1413.4
1334710 1413.4
1334720 1418.2
1334730 1423.6
1334740 1423.6
1334750 1427.9
1334760 1433.0
1334770 1438.5
1334780 1438.5
1334790 1445.4
1334800 1452.3
1334810 1452.3
1334820 1459.1
1334830 1466.3
1334840 1466.3
1334850 1474.4
1334860 1480.3
1334870 1480.3
1334880 1483.8
1334890 1488.0
1334900 1488.0
1334910 1494.2
1334920 1501.5
1334930 1501.5
1334940 1508.8
1334950 1515.6
1334960 1515.6
1334970 1522.4
1334980 1528.8
1334990 1528.8
1335000 1535.0
1335010 1541.4
1335020 1541.4
1335030 1546.8
1335040 1550.9
1335050 1556.5
1335060 1556.5
1335070 1562.3
1335080 1568.2
1335090 1568.2
1335100 1574.1
1335110 1579.6
1335120 1579.6
1335130 1584.7
1335140 1589.4
1335150 1589.4
1335160 1594.3
1335170 1599.3
1335180 1599.3
1335190 1603.5
1335200 1607.9
1335210 1607.9
1335220 1611.7
1335230 1615.6
1335240 1615.6
1335250 1619.6
1335260 1623.5
1335270 1623.5
1335280 1627.6
1335290 1631.9
1335300 1631.9
1335310 1636.1
1335320 1640.7
1335330 1640.7
1335340 1645.5
1335350 1650.6
1335360 1654.6
1335370 1654.6
1335380 1657.8
1335390 1660.8
1335400 1660.8
1335410 1663.4
1335420 1666.3
1335430 1666.3
1335440 1669.4
1335450 1672.4
1335460 1672.4
1335470 1675.5
1335480 1679.9
1335490 1679.9
1335500 1685.2
1335510 1689.2
1335520 1689.2
1335530 1693.2
1335540 1696.7
1335550 1696.7
1335560 1699.4
1335570 1701.7
1335580 1701.7
1335590 1704.6
1335600 1706.6
1335610 1706.6
1335620 1706.9
1335630 1708.8
1335640 1711.4
1335650 1711.4
1335660 1713.4
1335670 1715.8
1335680 1715.8
1335690 1718.3
1335700 1721.6
1335710 1721.6
1335720 1725.9
1335730 1731.0
1335740 1731.0
1335750 1736.1
1335760 1741.4
1335770 1741.4
1335780 1746.6
1335790 1751.7
1335800 1751.7
1335810 1756.4
1335820 1760.8
1335830 1760.8
1335840 1764.8
1335850 1769.4
1335860 1769.4
1335870 1774.7
1335880 1779.9
1335890 1779.9
1335900 1780.7
1335910 1785.5
1335920 1790.5
1335930 1790.5
1335940 1795.2
1335950 1799.5
1335960 1799.5
1335970 1804.0
1335980 1807.9
1335990 1807.9
1336000 1810.9
1336010 1814.4
1336020 1814.4
1336030 1818.1
1336040 1822.0
1336050 1822.0
1336060 1826.3
1336070 1830.8
1336080 1830.8
1336090 1835.1
1336100 1840.1
1336110 1840.1
1336120 1845.8
1336130 1851.6
1336140 1851.6
1336150 1856.9
1336160 1862.5
1336170 1862.5
1336180 1867.5
1336190 1872.0
1336200 1872.0
1336210 1875.6
1336220 1877.3
1336230 1876.7
1336240 1876.7
1336250 1873.7
1336260 1870.5
1336270 1870.5
1336280 1866.6
1336290 1862.9
1336300 1862.9
1336310 1861.2
1336320 1859.8
1336330 1859.8
1336340 1858.3
1336350 1856.8
1336360 1856.8
1336370 1855.5
1336380 1854.5
1336390 1854.5
1336400 1853.7
1336410 1852.9
1336420 1852.9
1336430 1852.4
1336440 1851.9
1336450 1851.9
1336460 1851.7
1336470 1851.4
1336480 1851.4
1336490 1850.7
1336500 1850.5
1336510 1850.1
1336520 1850.1
1336530 1849.4
1336540 1848.1
1336550 1848.1
1336560 1846.6
1336570 1844.9
1336580 1844.9
1336590 1842.7
1336600 1840.8
1336610 1840.8
1336620 1838.9
1336630 1837.3
1336640 1837.3
1336650 1836.0
1336660 1835.1
1336670 1835.1
1336680 1833.8
1336690 1832.6
1336700 1832.6
1336710 1831.6
1336720 1830.7
1336730 1830.7
1336740 1829.9
1336750 1829.0
1336760 1830.0
1336770 1828.9
1336780 1827.6
1336790 1826.5
1336800 1826.5
1336810 1825.6
1336820 1824.6
1336830 1824.6
1336840 1823.3
1336850 1821.6
1336860 1821.6
1336870 1820.2
1336880 1817.9
1336890 1817.9
1336900 1816.5
1336910 1815.1
1336920 1815.1
1336930 1814.1
1336940 1812.4
1336950 1812.4
1336960 1810.7
1336970 1809.4
1336980 1809.4
1336990 1808.0
1337000 1806.2
1337010 1806.2
1337020 1805.0
1337030 1804.0
1337040 1804.0
1337050 1804.2
1337060 1803.2
1337070 1803.2
1337080 1801.8
1337090 1800.4
1337100 1797.0
1337110 1797.0
1337120 1790.6
1337130 1783.4
1337140 1783.4
1337150 1775.0
1337160 1766.1
1337170 1766.1
1337180 1757.7
1337190 1752.1
1337200 1752.1
1337210 1746.3
1337220 1737.7
1337230 1737.7
1337240 1729.1
1337250 1720.6
1337260 1720.6
1337270 1712.6
1337280 1704.7
1337290 1704.7
1337300 1697.2
1337310 1689.4
1337320 1689.4
1337330 1682.0
1337340 1674.7
1337350 1674.7
1337360 1667.6
1337370 1660.4
1337380 1653.0
1337390 1653.0
1337400 1645.1
1337410 1638.0
1337420 1638.0
1337430 1632.1
1337440 1624.9
1337450 1624.9
1337460 1618.1
1337470 1612.9
1337480 1612.9
1337490 1607.5
1337500 1602.1
1337510 1602.1
1337520 1596.9
1337530 1592.0
1337540 1592.0
1337550 1587.2
1337560 1581.5
1337570 1581.5
1337580 1575.0
1337590 1568.7
1337600 1568.7
1337610 1563.5
1337620 1560.1
1337630 1563.5
1337640 1562.3
1337650 1566.3
1337660 1574.9
1337670 1574.9
1337680 1582.8
1337690 1589.7
1337700 1589.7
1337710 1595.1
1337720 1598.9
1337730 1598.9
1337740 1601.6
1337750 1603.6
1337760 1603.6
1337770 1606.8
1337780 1610.6
1337790 1610.6
1337800 1614.4
1337810 1617.9
1337820 1617.9
1337830 1619.8
1337840 1621.9
1337850 1621.9
1337860 1624.0
1337870 1627.1
1337880 1627.1
1337890 1630.8
1337900 1635.0
1337910 1635.0
1337920 1638.9
1337930 1642.4
1337940 1644.4
1337950 1644.4
1337960 1648.4
1337970 1651.9
1337980 1651.9
1337990 1655.7
1338000 1659.2
1338010 1659.2
1338020 1662.0
1338030 1664.2
1338040 1664.2
1338050 1667.1
1338060 1670.6
1338070 1670.6
1338080 1675.4
1338090 1681.9
1338100 1681.9
1338110 1688.7
1338120 1695.3
1338130 1695.3
1338140 1702.4
1338150 1710.4
1338160 1710.4
1338170 1719.6
1338180 1726.9
1338190 1726.9
1338200 1733.0
1338210 1734.8
1338220 1734.8
1338230 1733.3
1338240 1730.4
1338250 1727.3
1338260 1727.3
1338270 1723.8
1338280 1720.7
1338290 1720.7
1338300 1717.0
1338310 1713.4
1338320 1713.4
1338330 1710.2
1338340 1708.9
1338350 1708.9
1338360 1708.5
1338370 1707.3
1338380 1707.3
1338390 1706.1
1338400 1703.8
1338410 1703.8
1338420 1699.6
1338430 1694.9
1338440 1694.9
1338450 1691.8
1338460 1689.0
1338470 1689.0
1338480 1682.0
1338490 1675.9
1338500 1683.7
1338510 1681.1
1338520 1677.5
1338530 1673.2
1338540 1673.2
1338550 1667.3
1338560 1660.2
1338570 1660.2
1338580 1652.9
1338590 1649.7
1338600 1649.7
1338610 1644.2
1338620 1637.8
1338630 1637.8
1338640 1634.5
1338650 1630.6
1338660 1630.6
1338670 1626.6
1338680 1624.1
1338690 1624.1
1338700 1619.5
1338710 1616.0
1338720 1616.0
1338730 1615.6
1338740 1612.6
1338750 1612.6
1338760 1611.2
1338770 1610.7
1338780 1610.7
1338790 1609.5
1338800 1607.9
1338810 1603.8
1338820 1603.8
1338830 1598.6
1338840 1600.4
1338850 1600.4
1338860 1600.6
1338870 1599.9
1338880 1599.9
1338890 1598.7
1338900 1596.9
1338910 1596.9
1338920 1594.8
1338930 1591.4
1338940 1591.4
1338950 1590.0
1338960 1589.4
1338970 1589.4
1338980 1589.2
1338990 1588.2
1339000 1588.2
1339010 1588.1
1339020 1587.7
1339030 1587.7
1339040 1586.9
1339050 1586.1
1339060 1586.1
1339070 1586.5
1339080 1586.4
1339090 1586.4
1339100 1584.5
1339110 1584.8
1339120 1586.7
1339130 1586.7
1339140 1589.5
1339150 1593.7
1339160 1593.7
1339170 1598.5
1339180 1603.7
1339190 1603.7
1339200 1608.6
1339210 1613.0
1339220 1613.0
1339230 1617.7
1339240 1622.4
1339250 1622.4
1339260 1627.1
1339270 1632.1
1339280 1632.1
1339290 1636.5
1339300 1639.7
1339310 1639.7
1339320 1642.2
1339330 1647.8
1339340 1647.8
1339350 1654.6
1339360 1660.3
1339370 1660.3
1339380 1676.2
1339390 1688.2
1339400 1698.1
1339410 1698.1
1339420 1707.5
1339430 1715.6
1339440 1715.6
1339450 1722.9
1339460 1731.1
1339470 1731.1
1339480 1735.9
1339490 1738.6
1339500 1738.6
1339510 1741.6
1339520 1746.6
1339530 1746.6
1339540 1752.4
1339550 1758.9
1339560 1758.9
1339570 1762.7
1339580 1765.3
1339590 1765.3
1339600 1768.8
1339610 1772.4
1339620 1772.4
1339630 1770.2
1339640 1761.2
1339650 1761.2
1339660 1754.3
1339670 1747.3
1339680 1739.3
1339690 1739.3
1339700 1732.0
1339710 1726.9
1339720 1726.9
1339730 1722.7
1339740 1718.2
1339750 1718.2
1339760 1711.2
1339770 1702.8
1339780 1702.8
1339790 1695.5
1339800 1689.7
1339810 1689.7
1339820 1684.7
1339830 1679.9
1339840 1679.9
1339850 1673.9
1339860 1667.4
1339870 1667.4
1339880 1661.7
1339890 1656.6
1339900 1656.6
1339910 1651.7
1339920 1647.5
1339930 1647.5
1339940 1643.0
1339950 1638.3
1339960 1638.3
1339970 1633.9
1339980 1630.5
1339990 1624.3
