1320000 526.9
1320010 527.6
1320020 529.6
1320030 529.6
1320040 529.1
1320050 528.8
1320060 528.8
1320070 528.7
1320080 528.6
1320090 528.5
1320100 528.5
1320110 528.5
1320120 528.4
1320130 528.4
1320140 528.3
1320150 528.3
1320160 528.3
1320170 528.2
1320180 528.2
1320190 528.2
1320200 528.3
1320210 528.3
1320220 528.3
1320230 528.4
1320240 528.4
1320250 528.4
1320260 528.5
1320270 528.4
1320280 528.4
1320290 528.2
1320300 528.2
1320310 528.2
1320320 528.1
1320330 528.1
1320340 528.1
1320350 528.1
1320360 528.2
1320370 527.8
1320380 527.8
1320390 528.0
1320400 528.1
1320410 528.1
1320420 528.1
1320430 528.2
1320440 528.2
1320450 528.3
1320460 528.2
1320470 528.2
1320480 528.1
1320490 528.1
1320500 528.1
1320510 528.3
1320520 528.8
1320530 528.8
1320540 529.5
1320550 530.5
1320560 530.5
1320570 531.9
1320580 534.4
1320590 534.4
1320600 536.4
1320610 536.5
1320620 536.5
1320630 538.4
1320640 541.9
1320650 549.3
1320660 549.3
1320670 557.5
1320680 564.3
1320690 564.3
1320700 568.2
1320710 573.8
1320720 573.8
1320730 577.8
1320740 581.3
1320750 581.3
1320760 584.6
1320770 587.3
1320780 587.3
1320790 590.2
1320800 592.5
1320810 592.5
1320820 594.4
1320830 595.6
1320840 595.6
1320850 597.2
1320860 600.8
1320870 600.8
1320880 608.0
1320890 618.6
1320900 618.6
1320910 626.0
1320920 631.0
1320930 631.0
1320940 635.5
1320950 640.0
1320960 641.3
1320970 641.3
1320980 642.8
1320990 644.6
1321000 644.6
1321010 644.3
1321020 645.9
1321030 645.9
1321040 647.6
1321050 650.0
1321060 650.0
1321070 653.1
1321080 656.4
1321090 656.4
1321100 659.2
1321110 662.2
1321120 662.2
1321130 665.5
1321140 669.3
1321150 669.3
1321160 673.4
1321170 676.5
1321180 676.5
1321190 678.7
1321200 681.4
1321210 681.4
1321220 684.7
1321230 689.8
1321240 694.2
1321250 694.2
1321260 700.2
1321270 706.2
1321280 706.2
1321290 712.0
1321300 718.8
1321310 718.8
1321320 727.0
1321330 735.7
1321340 735.7
1321350 743.2
1321360 749.5
1321370 749.5
1321380 757.5
1321390 765.0
1321400 765.0
1321410 772.6
1321420 778.7
1321430 778.7
1321440 780.7
1321450 783.6
1321460 783.6
1321470 787.3
1321480 791.4
1321490 791.4
1321500 796.5
1321510 802.4
1321520 809.3
1321530 809.3
1321540 813.5
1321550 817.3
1321560 817.3
1321570 821.5
1321580 825.7
1321590 825.7
1321600 830.2
1321610 834.6
1321620 834.6
1321630 839.1
1321640 844.3
1321650 844.3
1321660 847.8
1321670 849.7
1321680 849.7
1321690 851.4
1321700 853.3
1321710 853.3
1321720 855.4
1321730 857.9
1321740 857.9
1321750 860.6
1321760 863.2
1321770 863.2
1321780 865.3
1321790 865.3
1321800 865.3
1321810 866.8
1321820 869.5
1321830 873.3
1321840 873.3
1321850 879.1
1321860 884.4
1321870 884.4
1321880 889.8
1321890 895.4
1321900 895.4
1321910 901.7
1321920 907.4
1321930 907.4
1321940 911.6
1321950 915.0
1321960 915.0
1321970 918.3
1321980 922.3
1321990 922.3
1322000 926.2
1322010 930.0
1322020 930.0
1322030 934.3
1322040 938.7
1322050 938.7
1322060 942.5
1322070 946.0
1322080 946.0
1322090 951.2
1322100 957.5
1322110 963.2
1322120 963.2
1322130 968.2
1322140 972.6
1322150 972.6
1322160 976.5
1322170 980.1
1322180 980.1
1322190 983.3
1322200 986.7
1322210 986.7
1322220 990.1
1322230 993.8
1322240 993.8
1322250 998.9
1322260 1006.3
1322270 1006.3
1322280 1011.5
1322290 1014.6
1322300 1014.6
1322310 1017.8
1322320 1021.2
1322330 1021.2
1322340 1025.1
1322350 1028.8
1322360 1028.8
1322370 1031.2
1322380 1033.4
1322390 1035.2
1322400 1035.2
1322410 1037.5
1322420 1039.7
1322430 1039.7
1322440 1041.5
1322450 1044.9
1322460 1044.9
1322470 1049.6
1322480 1054.8
1322490 1054.8
1322500 1058.1
1322510 1059.8
1322520 1059.8
1322530 1061.8
1322540 1064.0
1322550 1064.0
1322560 1066.4
1322570 1068.9
1322580 1067.0
1322590 1069.9
1322600 1073.1
1322610 1073.1
1322620 1077.5
1322630 1083.5
1322640 1083.5
1322650 1088.6
1322660 1093.2
1322670 1093.2
1322680 1097.5
1322690 1099.9
1322700 1104.2
1322710 1104.2
1322720 1107.7
1322730 1111.8
1322740 1111.8
1322750 1116.3
1322760 1119.5
1322770 1119.5
1322780 1121.8
1322790 1124.2
1322800 1124.2
1322810 1127.0
1322820 1129.6
1322830 1129.6
1322840 1132.7
1322850 1134.7
1322860 1134.7
1322870 1135.8
1322880 1137.5
1322890 1137.5
1322900 1139.3
1322910 1141.3
1322920 1141.3
1322930 1143.8
1322940 1146.7
1322950 1146.7
1322960 1150.3
1322970 1154.8
1322980 1160.0
1322990 1160.0
1323000 1164.5
1323010 1168.9
1323020 1168.9
1323030 1172.1
1323040 1174.2
1323050 1174.2
1323060 1178.0
1323070 1181.5
1323080 1181.5
1323090 1184.8
1323100 1188.3
1323110 1188.3
1323120 1192.2
1323130 1196.1
1323140 1196.1
1323150 1199.0
1323160 1201.3
1323170 1201.3
1323180 1203.4
1323190 1204.5
1323200 1204.5
1323210 1206.3
1323220 1209.2
1323230 1209.2
1323240 1211.4
1323250 1211.9
1323260 1213.7
1323270 1213.7
1323280 1215.0
1323290 1216.6
1323300 1216.6
1323310 1218.4
1323320 1220.7
1323330 1220.7
1323340 1223.4
1323350 1226.6
1323360 1226.6
1323370 1231.2
1323380 1235.0
1323390 1235.0
1323400 1238.9
1323410 1241.6
1323420 1241.6
1323430 1244.4
1323440 1247.1
1323450 1247.1
1323460 1250.0
1323470 1253.3
1323480 1253.3
1323490 1257.2
1323500 1260.4
1323510 1260.4
1323520 1262.9
1323530 1265.6
1323540 1265.6
1323550 1268.2
1323560 1270.4
1323570 1272.0
1323580 1272.0
1323590 1273.7
1323600 1274.9
1323610 1274.9
1323620 1276.2
1323630 1278.3
1323640 1278.3
1323650 1280.3
1323660 1282.4
1323670 1282.4
1323680 1285.0
1323690 1287.8
1323700 1287.8
1323710 1291.4
1323720 1295.1
1323730 1295.1
1323740 1298.8
1323750 1302.6
1323760 1302.6
1323770 1307.2
1323780 1311.3
1323790 1311.3
1323800 1315.0
1323810 1318.3
1323820 1318.3
1323830 1321.1
1323840 1323.8
1323850 1327.0
1323860 1327.0
1323870 1330.3
1323880 1334.1
1323890 1334.1
1323900 1337.8
1323910 1342.3
1323920 1342.3
1323930 1346.4
1323940 1350.2
1323950 1350.2
1323960 1355.2
1323970 1359.9
1323980 1359.9
1323990 1362.1
1324000 1364.1
1324010 1364.1
1324020 1367.0
1324030 1370.6
1324040 1370.6
1324050 1374.2
1324060 1377.7
1324070 1377.7
1324080 1383.8
1324090 1391.2
1324100 1391.2
1324110 1397.1
1324120 1401.7
1324130 1406.5
1324140 1406.5
1324150 1409.3
1324160 1410.9
1324170 1410.9
1324180 1415.6
1324190 1422.1
1324200 1422.1
1324210 1428.2
1324220 1432.7
1324230 1432.7
1324240 1435.8
1324250 1438.3
1324260 1438.3
1324270 1441.2
1324280 1445.1
1324290 1445.1
1324300 1449.2
1324310 1454.4
1324320 1454.4
1324330 1460.3
1324340 1465.0
1324350 1465.0
1324360 1468.5
1324370 1471.3
1324380 1471.3
1324390 1473.3
1324400 1474.8
1324410 1474.8
1324420 1476.0
1324430 1477.0
1324440 1478.5
1324450 1478.5
1324460 1480.8
1324470 1484.6
1324480 1484.6
1324490 1488.7
1324500 1493.1
1324510 1493.1
1324520 1497.6
1324530 1501.6
1324540 1501.6
1324550 1504.8
1324560 1507.8
1324570 1507.8
1324580 1510.5
1324590 1513.0
1324600 1513.0
1324610 1515.4
1324620 1517.8
1324630 1517.8
1324640 1520.7
1324650 1525.8
1324660 1525.8
1324670 1531.4
1324680 1537.7
1324690 1537.7
1324700 1543.0
1324710 1547.1
1324720 1552.6
1324730 1552.6
1324740 1558.6
1324750 1565.4
1324760 1565.4
1324770 1571.8
1324780 1576.5
1324790 1576.5
1324800 1580.5
1324810 1584.2
1324820 1584.2
1324830 1587.5
1324840 1590.0
1324850 1590.0
1324860 1592.4
1324870 1596.5
1324880 1596.5
1324890 1601.6
1324900 1604.9
1324910 1604.9
1324920 1608.3
1324930 1612.2
1324940 1612.2
1324950 1618.2
1324960 1623.0
1324970 1623.0
1324980 1628.3
1324990 1631.2
1325000 1631.2
1325010 1636.1
1325020 1641.7
1325030 1647.2
1325040 1647.2
1325050 1652.0
1325060 1656.3
1325070 1656.3
1325080 1660.9
1325090 1668.2
1325100 1668.2
1325110 1675.6
1325120 1680.8
1325130 1680.8
1325140 1685.1
1325150 1689.0
1325160 1689.0
1325170 1692.7
1325180 1696.2
1325190 1696.2
1325200 1700.8
1325210 1706.2
1325220 1706.2
1325230 1711.5
1325240 1717.2
1325250 1717.2
1325260 1724.6
1325270 1733.7
1325280 1733.7
1325290 1741.5
1325300 1744.8
1325310 1745.4
1325320 1745.4
1325330 1746.1
1325340 1747.9
1325350 1747.9
1325360 1749.3
1325370 1751.5
1325380 1751.5
1325390 1758.1
1325400 1764.6
1325410 1764.6
1325420 1773.5
1325430 1778.1
1325440 1778.1
1325450 1777.2
1325460 1777.5
1325470 1777.5
1325480 1777.2
1325490 1778.2
1325500 1778.2
1325510 1780.2
1325520 1782.9
1325530 1782.9
1325540 1787.3
1325550 1794.4
1325560 1794.4
1325570 1801.7
1325580 1809.1
1325590 1816.3
1325600 1816.3
1325610 1822.4
1325620 1827.1
1325630 1827.1
1325640 1826.6
1325650 1824.9
1325660 1824.9
1325670 1822.2
1325680 1816.8
1325690 1816.8
1325700 1811.4
1325710 1806.7
1325720 1806.7
1325730 1803.5
1325740 1800.5
1325750 1800.5
1325760 1802.0
1325770 1798.8
1325780 1798.8
1325790 1796.1
1325800 1792.9
1325810 1792.9
1325820 1788.3
1325830 1783.1
1325840 1783.1
1325850 1778.2
1325860 1773.7
1325870 1773.7
1325880 1770.3
1325890 1767.2
1325900 1762.7
1325910 1762.7
1325920 1756.0
1325930 1748.3
1325940 1748.3
1325950 1740.9
1325960 1734.0
1325970 1734.0
1325980 1727.8
1325990 1722.3
1326000 1722.3
1326010 1715.6
1326020 1708.2
1326030 1708.2
1326040 1701.4
1326050 1694.4
1326060 1694.4
1326070 1687.4
1326080 1680.9
1326090 1680.9
1326100 1674.3
1326110 1668.9
1326120 1668.9
1326130 1663.5
1326140 1657.8
1326150 1657.8
1326160 1652.5
1326170 1648.4
1326180 1644.8
1326190 1644.8
1326200 1641.1
1326210 1637.8
1326220 1637.8
1326230 1634.2
1326240 1629.5
1326250 1629.5
1326260 1624.1
1326270 1619.1
1326280 1619.1
1326290 1614.8
1326300 1609.0
1326310 1609.0
1326320 1603.2
1326330 1596.7
1326340 1596.7
1326350 1590.6
1326360 1585.7
1326370 1585.7
1326380 1579.6
1326390 1574.1
1326400 1574.1
1326410 1568.5
1326420 1563.3
1326430 1563.3
1326440 1558.0
1326450 1553.8
1326460 1549.7
1326470 1549.7
1326480 1550.2
1326490 1554.5
1326500 1554.5
1326510 1559.3
1326520 1565.6
1326530 1565.6
1326540 1571.8
1326550 1574.3
1326560 1576.4
1326570 1578.1
1326580 1580.0
1326590 1580.0
1326600 1582.5
1326610 1585.0
1326620 1585.0
1326630 1587.4
1326640 1589.8
1326650 1589.8
1326660 1592.0
1326670 1595.3
1326680 1595.3
1326690 1598.9
1326700 1601.8
1326710 1601.8
1326720 1605.5
1326730 1609.5
1326740 1609.5
1326750 1612.5
1326760 1616.2
1326770 1619.7
1326780 1619.7
1326790 1623.0
1326800 1626.9
1326810 1626.9
1326820 1631.1
1326830 1636.8
1326840 1636.8
1326850 1642.6
1326860 1647.8
1326870 1647.8
1326880 1652.4
1326890 1656.9
1326900 1656.9
1326910 1661.9
1326920 1667.1
1326930 1667.1
1326940 1672.8
1326950 1678.0
1326960 1678.0
1326970 1683.1
1326980 1688.8
1326990 1688.8
1327000 1694.9
1327010 1700.9
1327020 1700.9
1327030 1707.3
1327040 1713.7
1327050 1719.9
1327060 1719.9
1327070 1725.6
1327080 1731.4
1327090 1731.4
1327100 1736.9
1327110 1742.1
1327120 1742.1
1327130 1746.5
1327140 1747.8
1327150 1747.8
1327160 1747.9
1327170 1749.0
1327180 1749.0
1327190 1751.4
1327200 1755.8
1327210 1755.8
1327220 1759.2
1327230 1762.8
1327240 1762.8
1327250 1767.4
1327260 1768.1
1327270 1768.1
1327280 1764.8
1327290 1762.3
1327300 1762.3
1327310 1761.4
1327320 1760.4
1327330 1759.4
1327340 1759.4
1327350 1758.3
1327360 1757.3
1327370 1760.1
1327380 1760.0
1327390 1760.1
1327400 1760.1
1327410 1755.8
1327420 1750.2
1327430 1750.2
1327440 1752.2
1327450 1752.0
1327460 1752.0
1327470 1752.5
1327480 1751.5
1327490 1751.5
1327500 1752.5
1327510 1755.2
1327520 1755.2
1327530 1756.5
1327540 1756.6
1327550 1756.6
1327560 1754.5
1327570 1757.8
1327580 1757.8
1327590 1758.3
1327600 1756.7
1327610 1756.7
1327620 1756.1
1327630 1759.5
1327640 1765.0
1327650 1765.0
1327660 1766.9
1327670 1767.3
1327680 1767.3
1327690 1767.2
1327700 1769.1
1327710 1769.1
1327720 1769.4
1327730 1771.3
1327740 1771.3
1327750 1776.2
1327760 1779.7
1327770 1779.7
1327780 1783.5
1327790 1787.2
1327800 1787.2
1327810 1790.7
1327820 1794.0
1327830 1794.0
1327840 1798.1
1327850 1803.3
1327860 1803.3
1327870 1808.7
1327880 1813.9
1327890 1813.9
1327900 1818.8
1327910 1823.5
1327920 1828.5
1327930 1828.5
1327940 1833.4
1327950 1838.1
1327960 1838.1
1327970 1843.2
1327980 1847.6
1327990 1847.6
1328000 1851.8
1328010 1855.7
1328020 1855.7
1328030 1858.5
1328040 1861.1
1328050 1861.1
1328060 1862.3
1328070 1862.5
1328080 1862.5
1328090 1860.4
1328100 1857.3
1328110 1857.3
1328120 1854.3
1328130 1851.0
1328140 1851.0
1328150 1846.7
1328160 1842.1
1328170 1842.1
1328180 1840.8
1328190 1836.2
1328200 1831.3
1328210 1831.3
1328220 1827.8
1328230 1826.1
1328240 1826.1
1328250 1823.8
1328260 1820.5
1328270 1820.5
1328280 1816.7
1328290 1812.7
1328300 1812.7
1328310 1809.3
1328320 1807.6
1328330 1807.6
1328340 1804.0
1328350 1797.3
1328360 1797.3
1328370 1791.4
1328380 1787.3
1328390 1787.3
1328400 1785.1
1328410 1783.3
1328420 1783.3
1328430 1781.5
1328440 1781.0
1328450 1781.0
1328460 1781.5
1328470 1782.2
1328480 1782.2
1328490 1782.8
1328500 1781.7
1328510 1779.3
1328520 1779.3
1328530 1776.6
1328540 1773.8
1328550 1773.8
1328560 1771.4
1328570 1769.6
1328580 1769.6
1328590 1766.8
1328600 1763.2
1328610 1763.2
1328620 1759.5
1328630 1755.1
1328640 1755.1
1328650 1749.6
1328660 1744.5
1328670 1744.5
1328680 1741.1
1328690 1737.6
1328700 1737.6
1328710 1734.4
1328720 1731.4
1328730 1731.4
1328740 1727.6
1328750 1722.7
1328760 1722.7
1328770 1719.2
1328780 1715.8
1328790 1712.6
1328800 1712.6
1328810 1708.4
1328820 1702.8
1328830 1702.8
1328840 1695.6
1328850 1690.2
1328860 1690.2
1328870 1685.0
1328880 1681.8
1328890 1681.8
1328900 1679.2
1328910 1677.3
1328920 1677.3
1328930 1674.5
1328940 1670.7
1328950 1670.7
1328960 1666.1
1328970 1661.2
1328980 1661.2
1328990 1656.6
1329000 1650.4
1329010 1650.4
1329020 1645.7
1329030 1641.6
1329040 1641.6
1329050 1635.6
1329060 1628.9
1329070 1623.3
1329080 1623.3
1329090 1618.4
1329100 1613.7
1329110 1613.7
1329120 1609.7
1329130 1606.1
1329140 1606.1
1329150 1602.5
1329160 1598.7
1329170 1598.7
1329180 1594.4
1329190 1590.6
1329200 1590.6
1329210 1585.6
1329220 1580.2
1329230 1580.2
1329240 1574.9
1329250 1569.6
1329260 1569.6
1329270 1564.0
1329280 1557.1
1329290 1557.1
1329300 1550.7
1329310 1545.5
1329320 1545.5
1329330 1540.3
1329340 1533.9
1329350 1533.9
1329360 1527.9
1329370 1521.2
1329380 1515.4
1329390 1515.4
1329400 1509.0
1329410 1503.6
1329420 1503.6
1329430 1497.1
1329440 1490.4
1329450 1490.4
1329460 1483.9
1329470 1477.7
1329480 1477.7
1329490 1471.7
1329500 1465.3
1329510 1465.3
1329520 1459.5
1329530 1453.0
1329540 1453.0
1329550 1446.5
1329560 1440.2
1329570 1440.2
1329580 1434.1
1329590 1426.2
1329600 1426.2
1329610 1420.2
1329620 1413.5
1329630 1413.5
1329640 1407.9
1329650 1400.4
1329660 1393.8
1329670 1393.8
1329680 1389.1
1329690 1385.4
1329700 1385.4
1329710 1381.8
1329720 1377.6
1329730 1377.6
1329740 1373.0
1329750 1367.6
1329760 1367.6
1329770 1362.2
1329780 1357.6
1329790 1357.6
1329800 1353.6
1329810 1349.4
1329820 1349.4
1329830 1341.4
1329840 1337.2
1329850 1337.2
1329860 1332.5
1329870 1327.5
1329880 1327.5
1329890 1322.2
1329900 1317.3
1329910 1317.3
1329920 1312.3
1329930 1308.2
1329940 1302.1
1329950 1302.1
1329960 1296.3
1329970 1290.3
1329980 1290.3
1329990 1284.0
1330000 1277.2
1330010 1277.2
1330020 1270.3
1330030 1265.1
1330040 1265.1
1330050 1258.8
1330060 1254.3
1330070 1254.3
1330080 1250.2
1330090 1246.3
1330100 1246.3
1330110 1242.6
1330120 1238.8
1330130 1238.8
1330140 1234.7
1330150 1230.3
1330160 1230.3
1330170 1225.7
1330180 1220.8
1330190 1220.8
1330200 1216.1
1330210 1211.5
1330220 1211.5
1330230 1206.4
1330240 1201.0
1330250 1195.5
1330260 1195.5
1330270 1190.5
1330280 1184.7
1330290 1184.7
1330300 1179.7
1330310 1175.0
1330320 1175.0
1330330 1171.4
1330340 1167.7
1330350 1167.7
1330360 1164.3
1330370 1160.5
1330380 1160.5
1330390 1157.2
1330400 1154.3
1330410 1154.3
1330420 1151.5
1330430 1148.1
1330440 1148.1
1330450 1144.3
1330460 1140.4
1330470 1140.4
1330480 1136.2
1330490 1131.7
1330500 1131.7
1330510 1127.3
1330520 1123.0
1330530 1118.4
1330540 1118.4
1330550 1113.9
1330560 1109.8
1330570 1109.8
1330580 1106.3
1330590 1103.7
1330600 1103.7
1330610 1101.8
1330620 1100.5
1330630 1100.5
1330640 1098.1
1330650 1095.6
1330660 1095.6
1330670 1093.3
1330680 1090.7
1330690 1090.7
1330700 1087.4
1330710 1083.9
1330720 1083.9
1330730 1080.6
1330740 1077.5
1330750 1077.5
1330760 1074.5
1330770 1071.6
1330780 1071.6
1330790 1068.5
1330800 1064.8
1330810 1061.8
1330820 1061.8
1330830 1059.5
1330840 1057.7
1330850 1057.7
1330860 1055.5
1330870 1053.7
1330880 1053.7
1330890 1051.9
1330900 1051.5
1330910 1051.5
1330920 1050.8
1330930 1050.3
1330940 1050.3
1330950 1049.9
1330960 1047.6
1330970 1047.6
1330980 1047.5
1330990 1050.2
1331000 1050.2
1331010 1052.1
1331020 1054.2
1331030 1054.2
1331040 1056.3
1331050 1058.3
1331060 1058.3
1331070 1060.4
1331080 1063.1
1331090 1063.1
1331100 1065.7
1331110 1069.1
1331120 1073.2
1331130 1073.2
1331140 1076.6
1331150 1078.4
1331160 1078.4
1331170 1079.4
1331180 1080.2
1331190 1080.2
1331200 1080.7
1331210 1081.8
1331220 1081.8
1331230 1083.6
1331240 1085.4
1331250 1085.4
1331260 1087.9
1331270 1090.9
1331280 1090.9
1331290 1093.8
1331300 1096.7
1331310 1096.7
1331320 1099.8
1331330 1102.8
1331340 1102.8
1331350 1105.4
1331360 1108.0
1331370 1108.0
1331380 1110.7
1331390 1114.7
1331400 1118.2
1331410 1118.2
1331420 1121.4
1331430 1124.2
1331440 1124.2
1331450 1126.2
1331460 1128.1
1331470 1128.1
1331480 1135.3
1331490 1139.7
1331500 1139.7
1331510 1143.8
1331520 1147.6
1331530 1147.6
1331540 1151.8
1331550 1155.8
1331560 1155.8
1331570 1159.6
1331580 1162.8
1331590 1162.8
1331600 1165.8
1331610 1169.5
1331620 1169.5
1331630 1173.0
1331640 1174.8
1331650 1174.8
1331660 1176.0
1331670 1176.6
1331680 1176.2
1331690 1176.2
1331700 1175.6
1331710 1175.5
1331720 1175.5
1331730 1174.4
1331740 1172.4
1331750 1172.4
1331760 1171.3
1331770 1171.2
1331780 1171.2
1331790 1170.1
1331800 1168.7
1331810 1168.7
1331820 1167.6
1331830 1166.8
1331840 1166.8
1331850 1165.3
1331860 1163.1
1331870 1163.1
1331880 1160.9
1331890 1158.7
1331900 1158.7
1331910 1156.7
1331920 1155.6
1331930 1155.6
1331940 1155.1
1331950 1154.7
1331960 1154.7
1331970 1153.5
1331980 1152.7
1331990 1152.4
1332000 1152.4
1332010 1152.2
1332020 1151.2
1332030 1151.2
1332040 1148.3
1332050 1144.8
1332060 1144.8
1332070 1140.9
1332080 1136.9
1332090 1136.9
1332100 1135.1
1332110 1133.1
1332120 1133.1
1332130 1129.7
1332140 1127.3
1332150 1127.3
1332160 1128.4
1332170 1129.9
1332180 1129.9
1332190 1130.1
1332200 1129.4
1332210 1129.4
1332220 1128.6
1332230 1128.0
1332240 1128.0
1332250 1127.4
1332260 1126.8
1332270 1126.7
1332280 1126.7
1332290 1126.5
1332300 1126.1
1332310 1126.1
1332320 1128.1
1332330 1128.0
1332340 1128.0
1332350 1127.3
1332360 1126.0
1332370 1126.0
1332380 1125.0
1332390 1123.8
1332400 1123.8
1332410 1121.7
1332420 1118.9
1332430 1118.9
1332440 1117.1
1332450 1116.2
1332460 1116.2
1332470 1115.8
1332480 1115.1
1332490 1115.1
1332500 1113.9
1332510 1110.9
1332520 1110.9
1332530 1106.8
1332540 1102.9
1332550 1100.6
1332560 1100.6
1332570 1099.5
1332580 1098.8
1332590 1098.8
1332600 1098.5
1332610 1097.0
1332620 1097.0
1332630 1094.8
1332640 1093.3
1332650 1093.3
1332660 1092.8
1332670 1092.0
1332680 1092.0
1332690 1089.2
1332700 1087.3
1332710 1087.3
1332720 1087.2
1332730 1086.2
1332740 1086.2
1332750 1083.9
1332760 1080.6
1332770 1080.6
1332780 1077.3
1332790 1074.5
1332800 1074.5
1332810 1070.9
1332820 1068.5
1332830 1068.5
1332840 1067.3
1332850 1066.5
1332860 1066.2
1332870 1066.2
1332880 1067.1
1332890 1068.9
1332900 1068.9
1332910 1069.6
1332920 1070.2
1332930 1070.2
1332940 1070.5
1332950 1071.0
1332960 1071.0
1332970 1071.8
1332980 1072.5
1332990 1072.5
1333000 1073.4
1333010 1074.6
1333020 1074.6
1333030 1077.3
1333040 1080.3
1333050 1080.3
1333060 1083.4
1333070 1087.2
1333080 1087.2
1333090 1092.8
1333100 1096.9
1333110 1096.9
1333120 1098.1
1333130 1099.0
1333140 1101.1
1333150 1101.1
1333160 1104.4
1333170 1110.5
1333180 1110.5
1333190 1115.1
1333200 1118.0
1333210 1118.0
1333220 1121.9
1333230 1128.2
1333240 1128.2
1333250 1134.4
1333260 1136.7
1333270 1136.7
1333280 1137.3
1333290 1138.8
1333300 1138.8
1333310 1143.2
1333320 1147.2
1333330 1147.2
1333340 1149.6
1333350 1152.3
1333360 1152.3
1333370 1155.4
1333380 1158.8
1333390 1158.8
1333400 1162.1
1333410 1165.3
1333420 1167.6
1333430 1167.6
1333440 1168.0
1333450 1171.7
1333460 1171.7
1333470 1176.6
1333480 1182.1
1333490 1182.1
1333500 1186.6
1333510 1189.5
1333520 1189.5
1333530 1190.8
1333540 1190.7
1333550 1190.7
1333560 1191.2
1333570 1193.2
1333580 1193.2
1333590 1195.7
1333600 1198.7
1333610 1198.7
1333620 1200.8
1333630 1204.7
1333640 1204.7
1333650 1209.8
1333660 1214.4
1333670 1214.4
1333680 1218.9
1333690 1223.2
1333700 1223.2
1333710 1228.0
1333720 1233.4
1333730 1239.5
1333740 1239.5
1333750 1244.6
1333760 1249.3
1333770 1249.3
1333780 1253.0
1333790 1255.5
1333800 1255.5
1333810 1258.5
1333820 1261.7
1333830 1261.7
1333840 1263.8
1333850 1260.9
1333860 1260.9
1333870 1255.7
1333880 1253.2
1333890 1253.2
1333900 1253.6
1333910 1258.9
1333920 1258.9
1333930 1266.1
1333940 1272.2
1333950 1272.2
1333960 1278.9
1333970 1286.6
1333980 1286.6
1333990 1291.5
1334000 1297.6
1334010 1303.2
1334020 1303.2
1334030 1308.8
1334040 1314.2
1334050 1314.2
1334060 1318.9
1334070 1322.9
1334080 1322.9
1334090 1327.8
1334100 1331.6
1334110 1331.6
1334120 1330.7
1334130 1335.5
1334140 1335.5
1334150 1339.0
1334160 1340.9
1334170 1340.9
1334180 1343.3
1334190 1347.0
1334200 1347.0
1334210 1351.2
1334220 1354.5
1334230 1354.5
1334240 1358.4
1334250 1361.4
1334260 1361.4
1334270 1365.3
1334280 1369.9
1334290 1373.4
1334300 1373.4
1334310 1376.1
1334320 1378.0
1334330 1378.0
1334340 1379.4
1334350 1380.6
1334360 1380.6
1334370 1380.7
1334380 1385.7
1334390 1385.7
1334400 1390.7
1334410 1394.2
1334420 1394.2
1334430 1399.2
1334440 1405.7
1334450 1405.7
1334460 1413.0
1334470 1418.9
1334480 1418.9
1334490 1424.2
1334500 1428.4
1334510 1428.4
1334520 1432.6
1334530 1436.6
1334540 1436.6
1334550 1441.5
1334560 1446.6
1334570 1446.6
1334580 1451.5
1334590 1457.4
1334600 1463.3
1334610 1463.3
1334620 1468.8
1334630 1474.0
1334640 1474.0
1334650 1479.3
1334660 1482.8
1334670 1482.8
1334680 1486.0
1334690 1489.1
1334700 1489.1
1334710 1492.6
1334720 1496.5
1334730 1496.5
1334740 1501.4
1334750 1506.8
1334760 1506.8
1334770 1512.4
1334780 1518.0
1334790 1518.0
1334800 1523.6
1334810 1529.0
1334820 1529.0
1334830 1533.5
1334840 1535.5
1334850 1529.6
1334860 1530.8
1334870 1533.7
1334880 1537.7
1334890 1537.7
1334900 1541.0
1334910 1544.9
1334920 1544.9
1334930 1549.5
1334940 1553.4
1334950 1553.4
1334960 1556.4
1334970 1559.4
1334980 1559.4
1334990 1562.2
1335000 1565.7
1335010 1565.7
1335020 1569.3
1335030 1572.9
1335040 1572.9
1335050 1578.0
1335060 1583.7
1335070 1583.7
1335080 1589.0
1335090 1593.5
1335100 1593.5
1335110 1597.5
1335120 1600.6
1335130 1600.6
1335140 1603.4
1335150 1605.8
1335160 1609.5
1335170 1609.5
1335180 1613.1
1335190 1616.9
1335200 1616.9
1335210 1619.9
1335220 1623.3
1335230 1623.3
1335240 1626.9
1335250 1631.0
1335260 1631.0
1335270 1635.1
1335280 1637.9
1335290 1637.9
1335300 1641.0
1335310 1647.3
1335320 1647.3
1335330 1654.4
1335340 1662.3
1335350 1662.3
1335360 1670.4
1335370 1677.9
1335380 1677.9
1335390 1684.2
1335400 1689.9
1335410 1689.9
1335420 1694.9
1335430 1699.1
1335440 1699.1
1335450 1702.3
1335460 1706.4
1335470 1710.8
1335480 1710.8
1335490 1714.7
1335500 1719.0
1335510 1719.0
1335520 1723.8
1335530 1729.4
1335540 1729.4
1335550 1736.3
1335560 1741.6
1335570 1741.6
1335580 1746.4
1335590 1751.7
1335600 1751.7
1335610 1758.2
1335620 1765.5
1335630 1765.5
1335640 1772.4
1335650 1777.7
1335660 1777.7
1335670 1782.8
1335680 1789.1
1335690 1789.1
1335700 1795.6
1335710 1801.8
1335720 1801.8
1335730 1807.9
1335740 1815.0
1335750 1822.1
1335760 1822.1
1335770 1828.7
1335780 1835.1
1335790 1835.1
1335800 1841.8
1335810 1848.8
1335820 1848.8
1335830 1856.0
1335840 1863.2
1335850 1863.2
1335860 1871.0
1335870 1879.0
1335880 1879.0
1335890 1886.4
1335900 1892.4
1335910 1892.4
1335920 1899.2
1335930 1904.0
1335940 1904.0
1335950 1907.7
1335960 1910.7
1335970 1910.7
1335980 1912.6
1335990 1913.4
1336000 1913.4
1336010 1913.4
1336020 1913.3
1336030 1912.0
1336040 1912.0
1336050 1910.7
1336060 1911.0
1336070 1911.0
1336080 1913.9
1336090 1916.8
1336100 1916.8
1336110 1916.6
1336120 1914.9
1336130 1914.9
1336140 1913.3
1336150 1911.8
1336160 1911.8
1336170 1910.3
1336180 1909.4
1336190 1909.4
1336200 1909.5
1336210 1909.7
1336220 1909.7
1336230 1910.2
1336240 1910.8
1336250 1910.8
1336260 1911.3
1336270 1911.2
1336280 1911.2
1336290 1910.5
1336300 1908.5
1336310 1908.5
1336320 1906.0
1336330 1904.2
1336340 1903.5
1336350 1903.5
1336360 1902.7
1336370 1900.6
1336380 1900.6
1336390 1897.8
1336400 1894.6
1336410 1894.6
1336420 1892.0
1336430 1889.7
1336440 1889.7
1336450 1888.2
1336460 1887.8
1336470 1887.8
1336480 1887.3
1336490 1885.9
1336500 1885.9
1336510 1882.8
1336520 1877.2
1336530 1877.2
1336540 1870.7
1336550 1864.6
1336560 1864.6
1336570 1856.2
1336580 1851.5
1336590 1851.5
1336600 1846.5
1336610 1841.4
1336620 1836.4
1336630 1836.4
1336640 1832.2
1336650 1828.1
1336660 1828.1
1336670 1824.1
1336680 1819.8
1336690 1819.8
1336700 1815.6
1336710 1811.2
1336720 1811.2
1336730 1806.9
1336740 1803.6
1336750 1803.6
1336760 1800.9
1336770 1798.3
1336780 1798.3
1336790 1794.7
1336800 1790.9
1336810 1790.9
1336820 1786.4
1336830 1781.6
1336840 1781.6
1336850 1776.7
1336860 1771.9
1336870 1771.9
1336880 1765.0
1336890 1757.7
1336900 1751.2
1336910 1751.2
1336920 1744.6
1336930 1738.4
1336940 1738.4
1336950 1732.6
1336960 1726.9
1336970 1726.9
1336980 1720.2
1336990 1711.6
1337000 1711.6
1337010 1702.7
1337020 1694.6
1337030 1694.6
1337040 1686.9
1337050 1679.6
1337060 1679.6
1337070 1671.4
1337080 1664.8
1337090 1664.8
1337100 1661.6
1337110 1659.2
1337120 1659.2
1337130 1655.2
1337140 1653.5
1337150 1653.5
1337160 1655.0
1337170 1655.0
1337180 1655.0
1337190 1650.3
1337200 1643.6
1337210 1636.7
1337220 1636.7
1337230 1630.9
1337240 1624.6
1337250 1624.6
1337260 1616.8
1337270 1608.7
1337280 1608.7
1337290 1604.4
1337300 1603.6
1337310 1603.6
1337320 1602.3
1337330 1598.2
1337340 1598.2
1337350 1594.3
1337360 1591.9
1337370 1591.9
1337380 1591.1
1337390 1590.2
1337400 1590.2
1337410 1590.9
1337420 1592.3
1337430 1600.2
1337440 1600.6
1337450 1594.7
1337460 1594.7
1337470 1588.6
1337480 1584.2
1337490 1581.1
1337500 1581.1
1337510 1578.3
1337520 1576.7
1337530 1576.7
1337540 1574.1
1337550 1570.6
1337560 1570.6
1337570 1565.1
1337580 1558.9
1337590 1558.9
1337600 1552.4
1337610 1545.3
1337620 1545.3
1337630 1539.5
1337640 1535.9
1337650 1535.9
1337660 1532.2
1337670 1527.6
1337680 1527.6
1337690 1524.5
1337700 1522.6
1337710 1522.6
1337720 1520.2
1337730 1516.9
1337740 1516.9
1337750 1509.8
1337760 1501.2
1337770 1493.1
1337780 1493.1
1337790 1486.3
1337800 1482.2
1337810 1482.2
1337820 1479.9
1337830 1483.2
1337840 1483.2
1337850 1488.3
1337860 1493.9
1337870 1493.9
1337880 1500.3
1337890 1507.1
1337900 1507.1
1337910 1514.5
1337920 1521.4
1337930 1521.4
1337940 1523.9
1337950 1525.9
1337960 1525.9
1337970 1529.3
1337980 1533.6
1337990 1533.6
1338000 1536.5
1338010 1538.0
1338020 1538.0
1338030 1540.5
1338040 1543.4
1338050 1543.4
1338060 1545.7
1338070 1549.8
1338080 1557.3
1338090 1557.3
1338100 1563.4
1338110 1569.2
1338120 1569.2
1338130 1574.9
1338140 1580.2
1338150 1580.2
1338160 1585.0
1338170 1590.2
1338180 1590.2
1338190 1595.9
1338200 1601.6
1338210 1601.6
1338220 1607.1
1338230 1613.5
1338240 1613.5
1338250 1619.6
1338260 1626.2
1338270 1626.2
1338280 1633.7
1338290 1642.5
1338300 1645.3
1338310 1654.6
1338320 1664.9
1338330 1664.9
1338340 1673.4
1338350 1679.7
1338360 1680.3
1338370 1680.3
1338380 1676.9
1338390 1674.6
1338400 1674.6
1338410 1671.8
1338420 1667.7
1338430 1667.7
1338440 1663.7
1338450 1659.2
1338460 1659.2
1338470 1654.1
1338480 1649.0
1338490 1649.0
1338500 1644.2
1338510 1639.8
1338520 1639.8
1338530 1635.9
1338540 1632.3
1338550 1632.3
1338560 1629.0
1338570 1625.2
1338580 1625.2
1338590 1621.0
1338600 1616.8
1338610 1616.8
1338620 1613.1
1338630 1610.3
1338640 1606.9
1338650 1606.9
1338660 1601.7
1338670 1597.7
1338680 1597.7
1338690 1593.5
1338700 1589.2
1338710 1589.2
1338720 1585.1
1338730 1580.1
1338740 1580.1
1338750 1575.2
1338760 1569.7
1338770 1569.7
1338780 1565.1
1338790 1562.2
1338800 1562.2
1338810 1561.3
1338820 1561.0
1338830 1561.0
1338840 1560.6
1338850 1559.1
1338860 1559.1
1338870 1554.7
1338880 1548.2
1338890 1548.2
1338900 1541.5
1338910 1534.7
1338920 1534.7
1338930 1529.0
1338940 1523.2
1338950 1518.1
1338960 1518.1
1338970 1510.9
1338980 1505.4
1338990 1505.4
1339000 1509.5
1339010 1513.3
1339020 1513.3
1339030 1512.7
1339040 1512.0
1339050 1512.0
1339060 1510.4
1339070 1509.3
1339080 1509.3
1339090 1509.4
1339100 1507.7
1339110 1507.7
1339120 1503.6
1339130 1502.5
1339140 1502.5
1339150 1498.1
1339160 1489.4
1339170 1489.4
1339180 1482.2
1339190 1479.8
1339200 1479.8
1339210 1485.0
1339220 1493.2
1339230 1501.2
1339240 1501.2
1339250 1506.6
1339260 1511.4
1339270 1511.4
1339280 1515.9
1339290 1521.2
1339300 1521.2
1339310 1526.6
1339320 1531.4
1339330 1531.4
1339340 1535.2
1339350 1536.2
1339360 1536.2
1339370 1537.1
1339380 1537.1
1339390 1537.1
1339400 1537.4
1339410 1539.7
1339420 1539.7
1339430 1541.5
1339440 1543.4
1339450 1543.4
1339460 1546.4
1339470 1550.7
1339480 1550.7
1339490 1555.3
1339500 1559.5
1339510 1563.6
1339520 1563.6
1339530 1567.8
1339540 1572.0
1339550 1572.0
1339560 1576.4
1339570 1581.0
1339580 1581.0
1339590 1585.2
1339600 1589.5
1339610 1589.5
1339620 1593.5
1339630 1596.8
1339640 1596.8
1339650 1600.9
1339660 1605.7
1339670 1605.7
1339680 1611.4
1339690 1616.9
1339700 1616.9
1339710 1622.2
1339720 1628.0
1339730 1628.0
1339740 1633.6
1339750 1638.9
1339760 1638.9
1339770 1644.6
1339780 1650.4
1339790 1650.4
1339800 1656.7
1339810 1662.9
1339820 1666.8
1339830 1666.8
1339840 1668.6
1339850 1664.9
1339860 1664.9
1339870 1660.3
1339880 1657.3
1339890 1657.3
1339900 1653.9
1339910 1651.1
1339920 1651.1
1339930 1647.5
1339940 1643.8
1339950 1643.8
1339960 1639.6
1339970 1634.3
1339980 1634.3
1339990 1629.7
