1320000 527.9
1320010 527.9
1320020 527.9
1320030 528.0
1320040 528.0
1320050 528.0
1320060 528.7
1320070 528.7
1320080 530.3
1320090 529.9
1320100 529.9
1320110 529.6
1320120 529.5
1320130 529.5
1320140 529.4
1320150 529.4
1320160 529.4
1320170 529.3
1320180 529.2
1320190 529.2
1320200 529.2
1320210 529.1
1320220 529.2
1320230 529.2
1320240 529.1
1320250 529.1
1320260 529.1
1320270 529.0
1320280 529.0
1320290 529.0
1320300 529.0
1320310 529.1
1320320 529.1
1320330 529.2
1320340 529.4
1320350 529.4
1320360 529.2
1320370 528.9
1320380 528.9
1320390 528.8
1320400 528.9
1320410 528.9
1320420 528.9
1320430 529.0
1320440 529.0
1320450 529.2
1320460 529.0
1320470 529.0
1320480 528.9
1320490 529.0
1320500 529.1
1320510 529.1
1320520 529.1
1320530 529.0
1320540 529.0
1320550 529.0
1320560 528.9
1320570 528.9
1320580 528.9
1320590 528.8
1320600 528.8
1320610 528.9
1320620 528.7
1320630 528.7
1320640 528.4
1320650 529.2
1320660 529.2
1320670 529.6
1320680 529.8
1320690 529.8
1320700 529.8
1320710 529.7
1320720 529.7
1320730 529.5
1320740 529.4
1320750 529.4
1320760 529.2
1320770 528.9
1320780 528.9
1320790 528.9
1320800 529.5
1320810 533.4
1320820 533.4
1320830 538.2
1320840 543.4
1320850 543.4
1320860 549.6
1320870 555.1
1320880 555.1
1320890 560.1
1320900 565.2
1320910 565.2
1320920 570.3
1320930 575.4
1320940 575.4
1320950 580.6
1320960 585.7
1320970 585.7
1320980 590.7
1320990 595.8
1321000 595.8
1321010 601.1
1321020 606.8
1321030 606.8
1321040 611.7
1321050 615.8
1321060 615.8
1321070 619.7
1321080 624.3
1321090 628.9
1321100 628.9
1321110 633.5
1321120 638.4
1321130 638.4
1321140 643.7
1321150 649.4
1321160 649.4
1321170 655.1
1321180 660.6
1321190 660.6
1321200 666.5
1321210 672.7
1321220 672.7
1321230 677.1
1321240 682.1
1321250 682.1
1321260 687.8
1321270 693.5
1321280 693.5
1321290 698.5
1321300 702.5
1321310 702.5
1321320 705.4
1321330 708.4
1321340 708.4
1321350 712.3
1321360 716.5
1321370 720.6
1321380 720.6
1321390 725.1
1321400 729.9
1321410 729.9
1321420 734.4
1321430 739.2
1321440 739.2
1321450 744.2
1321460 749.0
1321470 749.0
1321480 752.9
1321490 755.6
1321500 755.6
1321510 759.9
1321520 764.7
1321530 764.7
1321540 770.4
1321550 775.1
1321560 775.1
1321570 779.7
1321580 785.5
1321590 785.5
1321600 789.0
1321610 791.7
1321620 791.7
1321630 793.9
1321640 794.1
1321650 794.5
1321660 794.5
1321670 795.7
1321680 797.8
1321690 797.8
1321700 800.4
1321710 803.9
1321720 803.9
1321730 808.1
1321740 812.1
1321750 812.1
1321760 815.6
1321770 821.0
1321780 821.0
1321790 825.8
1321800 826.5
1321810 826.5
1321820 825.0
1321830 824.3
1321840 824.3
1321850 824.9
1321860 827.6
1321870 827.6
1321880 831.9
1321890 836.1
1321900 836.1
1321910 840.6
1321920 844.0
1321930 844.0
1321940 846.5
1321950 848.0
1321960 849.8
1321970 849.8
1321980 851.4
1321990 852.5
1322000 852.5
1322010 853.2
1322020 853.2
1322030 853.2
1322040 853.1
1322050 853.5
1322060 853.5
1322070 853.8
1322080 855.0
1322090 855.0
1322100 858.1
1322110 862.4
1322120 862.4
1322130 868.0
1322140 875.5
1322150 875.5
1322160 881.3
1322170 883.1
1322180 883.1
1322190 887.0
1322200 892.3
1322210 892.3
1322220 896.0
1322230 899.9
1322240 903.6
1322250 903.6
1322260 906.7
1322270 910.2
1322280 910.2
1322290 914.1
1322300 918.2
1322310 918.2
1322320 923.4
1322330 929.0
1322340 929.0
1322350 933.9
1322360 939.4
1322370 939.3
1322380 944.7
1322390 950.3
1322400 950.3
1322410 956.4
1322420 962.5
1322430 962.5
1322440 967.4
1322450 971.8
1322460 971.8
1322470 975.4
1322480 978.4
1322490 978.4
1322500 980.6
1322510 981.8
1322520 983.0
1322530 983.0
1322540 984.9
1322550 987.4
1322560 987.4
1322570 990.3
1322580 992.9
1322590 992.9
1322600 995.2
1322610 997.2
1322620 997.2
1322630 999.3
1322640 1001.0
1322650 1001.0
1322660 1002.5
1322670 1004.2
1322680 1004.2
1322690 1005.6
1322700 1007.2
1322710 1007.2
1322720 1009.2
1322730 1011.1
1322740 1011.1
1322750 1013.5
1322760 1015.7
1322770 1015.7
1322780 1017.8
1322790 1020.6
1322800 1020.6
1322810 1022.7
1322820 1024.2
1322830 1026.1
1322840 1026.1
1322850 1029.1
1322860 1032.2
1322870 1032.2
1322880 1035.8
1322890 1040.0
1322900 1040.0
1322910 1044.4
1322920 1048.5
1322930 1048.5
1322940 1051.4
1322950 1053.9
1322960 1053.9
1322970 1056.5
1322980 1059.5
1322990 1059.5
1323000 1063.4
1323010 1068.8
1323020 1068.8
1323030 1074.9
1323040 1079.3
1323050 1079.3
1323060 1082.0
1323070 1084.2
1323080 1084.2
1323090 1088.6
1323100 1094.6
1323110 1100.5
1323120 1100.5
1323130 1105.3
1323140 1109.4
1323150 1105.4
1323160 1108.0
1323170 1112.9
1323180 1112.9
1323190 1119.2
1323200 1124.5
1323210 1124.5
1323220 1129.0
1323230 1133.7
1323240 1133.7
1323250 1136.9
1323260 1141.8
1323270 1141.8
1323280 1147.9
1323290 1151.5
1323300 1151.5
1323310 1151.6
1323320 1151.7
1323330 1151.7
1323340 1155.6
1323350 1161.0
1323360 1161.0
1323370 1166.0
1323380 1171.3
1323390 1176.2
1323400 1176.2
1323410 1180.9
1323420 1184.9
1323430 1184.9
1323440 1189.0
1323450 1192.7
1323460 1192.7
1323470 1196.3
1323480 1200.4
1323490 1200.4
1323500 1204.7
1323510 1208.9
1323520 1208.9
1323530 1212.9
1323540 1216.4
1323550 1216.4
1323560 1219.8
1323570 1223.3
1323580 1223.3
1323590 1226.2
1323600 1229.0
1323610 1229.0
1323620 1232.2
1323630 1236.3
1323640 1236.3
1323650 1241.4
1323660 1246.0
1323670 1248.9
1323680 1248.9
1323690 1251.7
1323700 1255.2
1323710 1255.2
1323720 1258.7
1323730 1262.2
1323740 1262.2
1323750 1265.9
1323760 1270.0
1323770 1270.0
1323780 1275.8
1323790 1281.7
1323800 1281.7
1323810 1286.6
1323820 1289.8
1323830 1289.8
1323840 1292.3
1323850 1294.1
1323860 1294.1
1323870 1295.8
1323880 1298.2
1323890 1298.2
1323900 1301.5
1323910 1307.1
1323920 1307.1
1323930 1312.8
1323940 1316.6
1323950 1316.1
1323960 1318.4
1323970 1320.4
1323980 1322.2
1323990 1322.2
1324000 1323.5
1324010 1325.3
1324020 1325.3
1324030 1326.6
1324040 1328.1
1324050 1328.1
1324060 1332.4
1324070 1337.7
1324080 1337.7
1324090 1342.6
1324100 1346.7
1324110 1346.7
1324120 1350.9
1324130 1354.7
1324140 1354.7
1324150 1358.2
1324160 1362.3
1324170 1362.3
1324180 1367.0
1324190 1371.2
1324200 1371.2
1324210 1375.3
1324220 1380.9
1324230 1380.9
1324240 1387.4
1324250 1394.0
1324260 1399.3
1324270 1399.3
1324280 1403.2
1324290 1406.6
1324300 1406.6
1324310 1411.1
1324320 1417.3
1324330 1417.3
1324340 1424.1
1324350 1430.8
1324360 1430.8
1324370 1437.2
1324380 1442.8
1324390 1442.8
1324400 1448.6
1324410 1454.2
1324420 1454.2
1324430 1460.1
1324440 1465.8
1324450 1465.8
1324460 1471.0
1324470 1475.0
1324480 1475.0
1324490 1479.9
1324500 1484.4
1324510 1484.4
1324520 1488.7
1324530 1492.4
1324540 1495.6
1324550 1495.6
1324560 1499.7
1324570 1503.4
1324580 1503.4
1324590 1506.5
1324600 1509.0
1324610 1509.0
1324620 1510.2
1324630 1511.6
1324640 1511.6
1324650 1513.3
1324660 1515.0
1324670 1515.0
1324680 1516.6
1324690 1517.9
1324700 1517.9
1324710 1518.8
1324720 1520.2
1324730 1520.2
1324740 1520.7
1324750 1522.7
1324760 1522.7
1324770 1525.0
1324780 1526.7
1324790 1526.7
1324800 1527.9
1324810 1528.5
1324820 1528.5
1324830 1529.7
1324840 1533.2
1324850 1538.1
1324860 1538.1
1324870 1542.9
1324880 1548.4
1324890 1548.4
1324900 1553.9
1324910 1556.7
1324920 1556.7
1324930 1560.3
1324940 1565.2
1324950 1565.2
1324960 1571.2
1324970 1576.1
1324980 1576.1
1324990 1581.0
1325000 1586.1
1325010 1586.1
1325020 1591.0
1325030 1594.5
1325040 1594.5
1325050 1597.4
1325060 1601.5
1325070 1601.5
1325080 1607.1
1325090 1612.2
1325100 1612.2
1325110 1618.2
1325120 1623.8
1325130 1629.9
1325140 1629.9
1325150 1637.2
1325160 1643.2
1325170 1643.2
1325180 1647.3
1325190 1651.4
1325200 1651.4
1325210 1656.8
1325220 1662.7
1325230 1662.7
1325240 1669.0
1325250 1674.1
1325260 1674.1
1325270 1678.3
1325280 1683.3
1325290 1683.3
1325300 1687.2
1325310 1690.7
1325320 1690.7
1325330 1693.7
1325340 1698.8
1325350 1698.8
1325360 1706.4
1325370 1718.9
1325380 1718.9
1325390 1732.6
1325400 1740.1
1325410 1745.1
1325420 1745.1
1325430 1749.6
1325440 1754.9
1325450 1754.9
1325460 1760.0
1325470 1765.9
1325480 1765.9
1325490 1772.0
1325500 1779.1
1325510 1779.1
1325520 1785.4
1325530 1790.0
1325540 1788.9
1325550 1792.4
1325560 1796.5
1325570 1796.5
1325580 1801.5
1325590 1806.9
1325600 1806.9
1325610 1810.5
1325620 1814.7
1325630 1814.7
1325640 1818.5
1325650 1822.1
1325660 1822.1
1325670 1826.1
1325680 1827.9
1325690 1827.9
1325700 1826.8
1325710 1824.3
1325720 1823.9
1325730 1823.9
1325740 1826.6
1325750 1824.7
1325760 1824.7
1325770 1821.1
1325780 1814.9
1325790 1814.9
1325800 1805.5
1325810 1795.8
1325820 1795.8
1325830 1787.0
1325840 1778.5
1325850 1778.5
1325860 1769.6
1325870 1762.0
1325880 1762.0
1325890 1754.8
1325900 1748.5
1325910 1748.5
1325920 1742.5
1325930 1735.8
1325940 1735.8
1325950 1727.8
1325960 1720.7
1325970 1720.7
1325980 1715.8
1325990 1712.0
1326000 1708.3
1326010 1708.3
1326020 1705.2
1326030 1700.5
1326040 1700.5
1326050 1697.7
1326060 1695.3
1326070 1695.3
1326080 1691.4
1326090 1686.3
1326100 1686.3
1326110 1679.9
1326120 1674.1
1326130 1674.1
1326140 1669.7
1326150 1665.6
1326160 1665.6
1326170 1661.2
1326180 1656.8
1326190 1656.8
1326200 1653.3
1326210 1651.8
1326220 1651.8
1326230 1651.3
1326240 1652.7
1326250 1652.7
1326260 1653.5
1326270 1653.1
1326280 1651.4
1326290 1651.4
1326300 1649.7
1326310 1649.4
1326320 1649.4
1326330 1649.9
1326340 1651.3
1326350 1651.3
1326360 1652.1
1326370 1653.3
1326380 1653.3
1326390 1654.4
1326400 1655.8
1326410 1655.8
1326420 1657.4
1326430 1659.1
1326440 1659.1
1326450 1660.9
1326460 1662.3
1326470 1662.3
1326480 1663.7
1326490 1664.9
1326500 1664.9
1326510 1666.4
1326520 1668.2
1326530 1668.2
1326540 1670.0
1326550 1672.2
1326560 1674.2
1326570 1674.2
1326580 1676.1
1326590 1677.9
1326600 1677.9
1326610 1679.9
1326620 1681.5
1326630 1681.5
1326640 1680.3
1326650 1678.6
1326660 1678.6
1326670 1682.6
1326680 1688.8
1326690 1688.8
1326700 1694.1
1326710 1698.7
1326720 1698.7
1326730 1701.6
1326740 1704.9
1326750 1704.9
1326760 1707.6
1326770 1709.6
1326780 1709.6
1326790 1713.5
1326800 1717.9
1326810 1717.9
1326820 1722.9
1326830 1727.4
1326840 1727.4
1326850 1732.6
1326860 1737.6
1326870 1742.5
1326880 1742.5
1326890 1747.6
1326900 1753.1
1326910 1753.1
1326920 1758.8
1326930 1764.3
1326940 1764.3
1326950 1769.7
1326960 1774.9
1326970 1774.9
1326980 1780.0
1326990 1785.0
1327000 1785.0
1327010 1789.7
1327020 1796.4
1327030 1796.4
1327040 1802.7
1327050 1808.3
1327060 1808.3
1327070 1811.2
1327080 1814.5
1327090 1814.5
1327100 1820.1
1327110 1826.3
1327120 1826.3
1327130 1830.7
1327140 1833.9
1327150 1841.3
1327160 1841.3
1327170 1846.7
1327180 1851.9
1327190 1851.9
1327200 1856.2
1327210 1862.5
1327220 1862.5
1327230 1866.6
1327240 1871.0
1327250 1871.0
1327260 1877.2
1327270 1882.7
1327280 1882.7
1327290 1887.0
1327300 1892.5
1327310 1892.5
1327320 1898.2
1327330 1903.7
1327340 1903.7
1327350 1908.7
1327360 1914.3
1327370 1914.3
1327380 1920.7
1327390 1926.2
1327400 1926.2
1327410 1928.6
1327420 1929.0
1327430 1928.2
1327440 1928.2
1327450 1928.0
1327460 1928.9
1327470 1928.9
1327480 1930.3
1327490 1931.0
1327500 1931.0
1327510 1931.3
1327520 1931.4
1327530 1931.4
1327540 1930.9
1327550 1929.8
1327560 1929.8
1327570 1928.4
1327580 1927.6
1327590 1927.6
1327600 1926.4
1327610 1926.7
1327620 1926.7
1327630 1925.5
1327640 1923.6
1327650 1923.6
1327660 1921.1
1327670 1921.0
1327680 1921.0
1327690 1921.8
1327700 1922.2
1327710 1922.2
1327720 1922.7
1327730 1924.0
1327740 1924.7
1327750 1924.7
1327760 1925.3
1327770 1926.4
1327780 1926.4
1327790 1927.7
1327800 1928.6
1327810 1928.6
1327820 1929.7
1327830 1930.4
1327840 1930.4
1327850 1929.4
1327860 1928.8
1327870 1928.8
1327880 1928.2
1327890 1923.7
1327900 1923.7
1327910 1918.2
1327920 1913.7
1327930 1913.7
1327940 1909.5
1327950 1905.0
1327960 1904.1
1327970 1899.0
1327980 1893.6
1327990 1893.6
1328000 1888.6
1328010 1883.8
1328020 1878.6
1328030 1878.6
1328040 1873.4
1328050 1868.3
1328060 1868.3
1328070 1863.6
1328080 1857.9
1328090 1857.9
1328100 1852.5
1328110 1847.5
1328120 1847.5
1328130 1841.7
1328140 1835.2
1328150 1835.2
1328160 1830.8
1328170 1827.0
1328180 1827.0
1328190 1822.2
1328200 1816.5
1328210 1816.5
1328220 1812.3
1328230 1808.0
1328240 1808.0
1328250 1803.1
1328260 1799.0
1328270 1799.0
1328280 1795.5
1328290 1792.4
1328300 1788.2
1328310 1788.2
1328320 1784.1
1328330 1779.5
1328340 1779.5
1328350 1774.1
1328360 1769.1
1328370 1769.1
1328380 1764.8
1328390 1760.9
1328400 1760.9
1328410 1757.9
1328420 1755.5
1328430 1755.5
1328440 1752.7
1328450 1749.7
1328460 1749.7
1328470 1746.1
1328480 1742.2
1328490 1742.2
1328500 1738.3
1328510 1734.8
1328520 1734.8
1328530 1732.0
1328540 1729.7
1328550 1729.7
1328560 1726.0
1328570 1721.8
1328580 1721.8
1328590 1717.7
1328600 1713.9
1328610 1711.2
1328620 1711.2
1328630 1709.1
1328640 1706.1
1328650 1706.1
1328660 1701.9
1328670 1697.0
1328680 1697.0
1328690 1692.2
1328700 1688.1
1328710 1688.1
1328720 1685.2
1328730 1680.6
1328740 1680.6
1328750 1674.3
1328760 1667.1
1328770 1667.1
1328780 1662.6
1328790 1657.7
1328800 1657.7
1328810 1653.5
1328820 1648.4
1328830 1648.4
1328840 1642.5
1328850 1636.4
1328860 1636.4
1328870 1631.1
1328880 1626.0
1328890 1618.9
1328900 1618.9
1328910 1610.6
1328920 1604.1
1328930 1604.1
1328940 1597.3
1328950 1591.4
1328960 1591.4
1328970 1588.2
1328980 1585.3
1328990 1585.3
1329000 1582.0
1329010 1578.5
1329020 1578.5
1329030 1574.4
1329040 1569.7
1329050 1569.7
1329060 1564.7
1329070 1558.8
1329080 1558.8
1329090 1552.7
1329100 1547.5
1329110 1547.5
1329120 1543.7
1329130 1539.2
1329140 1539.2
1329150 1534.9
1329160 1530.5
1329170 1525.4
1329180 1525.4
1329190 1519.5
1329200 1512.9
1329210 1512.9
1329220 1506.2
1329230 1498.6
1329240 1498.6
1329250 1491.4
1329260 1484.4
1329270 1484.4
1329280 1478.0
1329290 1471.3
1329300 1471.3
1329310 1464.1
1329320 1457.5
1329330 1457.5
1329340 1451.1
1329350 1445.0
1329360 1445.0
1329370 1438.8
1329380 1431.0
1329390 1431.0
1329400 1420.0
1329410 1408.6
1329420 1408.6
1329430 1397.6
1329440 1387.4
1329450 1378.5
1329460 1378.5
1329470 1369.9
1329480 1361.2
1329490 1361.2
1329500 1354.1
1329510 1348.8
1329520 1348.8
1329530 1342.4
1329540 1335.6
1329550 1335.6
1329560 1328.9
1329570 1322.7
1329580 1322.7
1329590 1317.0
1329600 1314.6
1329610 1314.6
1329620 1306.2
1329630 1301.2
1329640 1301.2
1329650 1291.0
1329660 1280.8
1329670 1280.8
1329680 1274.5
1329690 1273.0
1329700 1273.0
1329710 1270.7
1329720 1265.8
1329730 1265.8
1329740 1264.0
1329750 1262.6
1329760 1260.1
1329770 1260.1
1329780 1257.0
1329790 1252.9
1329800 1252.9
1329810 1249.2
1329820 1244.1
1329830 1244.1
1329840 1240.2
1329850 1237.3
1329860 1237.3
1329870 1233.6
1329880 1230.3
1329890 1230.3
1329900 1226.5
1329910 1223.1
1329920 1223.1
1329930 1219.9
1329940 1216.9
1329950 1216.9
1329960 1215.0
1329970 1212.8
1329980 1212.8
1329990 1210.4
1330000 1207.8
1330010 1207.8
1330020 1205.2
1330030 1203.0
1330040 1200.3
1330050 1200.3
1330060 1197.2
1330070 1194.5
1330080 1194.5
1330090 1190.7
1330100 1186.5
1330110 1186.5
1330120 1182.8
1330130 1180.2
1330140 1180.2
1330150 1177.5
1330160 1175.3
1330170 1175.3
1330180 1174.9
1330190 1173.4
1330200 1173.4
1330210 1170.7
1330220 1167.1
1330230 1167.1
1330240 1163.4
1330250 1160.6
1330260 1160.6
1330270 1158.7
1330280 1156.5
1330290 1156.5
1330300 1153.7
1330310 1152.1
1330320 1150.4
1330330 1150.4
1330340 1148.2
1330350 1145.8
1330360 1145.8
1330370 1143.4
1330380 1141.2
1330390 1141.2
1330400 1139.2
1330410 1137.3
1330420 1137.3
1330430 1135.5
1330440 1133.2
1330450 1133.2
1330460 1131.2
1330470 1129.9
1330480 1129.9
1330490 1127.9
1330500 1125.1
1330510 1125.1
1330520 1122.6
1330530 1120.6
1330540 1120.6
1330550 1118.5
1330560 1116.4
1330570 1116.4
1330580 1114.2
1330590 1112.1
1330600 1112.1
1330610 1109.8
1330620 1107.8
1330630 1105.9
1330640 1105.9
1330650 1104.3
1330660 1103.0
1330670 1103.0
1330680 1101.5
1330690 1099.9
1330700 1099.9
1330710 1097.6
1330720 1095.4
1330730 1095.4
1330740 1094.9
1330750 1092.9
1330760 1092.9
1330770 1090.1
1330780 1089.0
1330790 1089.0
1330800 1087.1
1330810 1083.8
1330820 1083.8
1330830 1082.7
1330840 1086.8
1330850 1086.8
1330860 1093.7
1330870 1101.6
1330880 1101.6
1330890 1110.3
1330900 1118.5
1330910 1122.7
1330920 1122.7
1330930 1123.1
1330940 1126.2
1330950 1126.2
1330960 1134.7
1330970 1143.5
1330980 1143.5
1330990 1151.5
1331000 1156.5
1331010 1156.5
1331020 1160.9
1331030 1165.9
1331040 1165.9
1331050 1170.4
1331060 1174.9
1331070 1174.9
1331080 1178.8
1331090 1183.3
1331100 1183.3
1331110 1188.1
1331120 1192.5
1331130 1192.5
1331140 1197.1
1331150 1201.8
1331160 1201.8
1331170 1206.5
1331180 1210.8
1331190 1215.7
1331200 1215.7
1331210 1221.2
1331220 1226.6
1331230 1226.6
1331240 1231.9
1331250 1237.3
1331260 1240.9
1331270 1245.8
1331280 1250.5
1331290 1250.5
1331300 1254.7
1331310 1259.4
1331320 1259.4
1331330 1264.4
1331340 1269.7
1331350 1269.7
1331360 1274.2
1331370 1278.9
1331380 1278.9
1331390 1283.4
1331400 1288.1
1331410 1288.1
1331420 1293.4
1331430 1298.1
1331440 1298.1
1331450 1303.5
1331460 1308.7
1331470 1313.7
1331480 1313.7
1331490 1318.8
1331500 1324.9
1331510 1324.9
1331520 1330.4
1331530 1335.2
1331540 1335.2
1331550 1339.7
1331560 1343.6
1331570 1343.6
1331580 1347.3
1331590 1350.9
1331600 1350.9
1331610 1354.7
1331620 1358.3
1331630 1358.3
1331640 1361.8
1331650 1365.4
1331660 1365.4
1331670 1368.5
1331680 1371.0
1331690 1371.0
1331700 1373.5
1331710 1376.4
1331720 1376.4
1331730 1379.1
1331740 1381.3
1331750 1381.3
1331760 1383.4
1331770 1384.8
1331780 1385.2
1331790 1385.2
1331800 1384.5
1331810 1382.9
1331820 1382.9
1331830 1380.9
1331840 1379.4
1331850 1379.4
1331860 1378.0
1331870 1376.4
1331880 1376.4
1331890 1377.7
1331900 1380.2
1331910 1380.2
1331920 1382.0
1331930 1383.7
1331940 1383.7
1331950 1384.1
1331960 1384.0
1331970 1384.0
1331980 1383.1
1331990 1380.5
1332000 1380.5
1332010 1377.7
1332020 1375.6
1332030 1375.6
1332040 1373.8
1332050 1371.3
1332060 1367.7
1332070 1367.7
1332080 1364.6
1332090 1367.2
1332100 1367.2
1332110 1366.2
1332120 1365.3
1332130 1365.3
1332140 1364.4
1332150 1363.5
1332160 1363.5
1332170 1362.3
1332180 1361.0
1332190 1361.0
1332200 1360.4
1332210 1360.4
1332220 1360.4
1332230 1360.2
1332240 1360.4
1332250 1360.4
1332260 1361.5
1332270 1361.0
1332280 1361.0
1332290 1357.2
1332300 1356.5
1332310 1356.5
1332320 1358.7
1332330 1362.2
1332340 1361.8
1332350 1361.8
1332360 1360.7
1332370 1359.0
1332380 1359.0
1332390 1357.5
1332400 1356.4
1332410 1356.4
1332420 1355.9
1332430 1354.9
1332440 1354.9
1332450 1353.8
1332460 1352.0
1332470 1352.0
1332480 1350.8
1332490 1349.1
1332500 1349.1
1332510 1347.9
1332520 1347.0
1332530 1347.0
1332540 1345.7
1332550 1344.3
1332560 1344.3
1332570 1342.8
1332580 1342.0
1332590 1342.0
1332600 1342.4
1332610 1341.6
1332620 1341.6
1332630 1341.4
1332640 1340.1
1332650 1336.9
1332660 1336.9
1332670 1331.2
1332680 1325.4
1332690 1325.4
1332700 1320.5
1332710 1315.9
1332720 1315.9
1332730 1313.6
1332740 1312.2
1332750 1312.2
1332760 1309.7
1332770 1306.4
1332780 1306.4
1332790 1301.3
1332800 1294.6
1332810 1294.6
1332820 1288.6
1332830 1284.4
1332840 1284.4
1332850 1281.5
1332860 1280.2
1332870 1280.2
1332880 1277.6
1332890 1275.4
1332900 1275.4
1332910 1272.5
1332920 1267.4
1332930 1266.1
1332940 1266.1
1332950 1263.6
1332960 1260.4
1332970 1260.4
1332980 1255.0
1332990 1249.8
1333000 1249.8
1333010 1245.0
1333020 1240.3
1333030 1240.3
1333040 1236.9
1333050 1233.4
1333060 1233.4
1333070 1229.4
1333080 1225.0
1333090 1225.0
1333100 1220.6
1333110 1215.7
1333120 1215.7
1333130 1211.1
1333140 1206.7
1333150 1206.7
1333160 1202.4
1333170 1198.3
1333180 1198.3
1333190 1193.1
1333200 1187.8
1333210 1182.8
1333220 1182.8
1333230 1177.2
1333240 1172.0
1333250 1172.0
1333260 1167.9
1333270 1163.7
1333280 1163.7
1333290 1158.7
1333300 1151.1
1333310 1151.1
1333320 1142.8
1333330 1138.6
1333340 1138.6
1333350 1138.0
1333360 1135.1
1333370 1135.1
1333380 1133.8
1333390 1133.3
1333400 1133.3
1333410 1129.4
1333420 1124.8
1333430 1124.8
1333440 1120.5
1333450 1116.8
1333460 1116.8
1333470 1113.9
1333480 1111.5
1333490 1109.7
1333500 1109.7
1333510 1106.7
1333520 1104.8
1333530 1104.8
1333540 1106.5
1333550 1108.3
1333560 1108.3
1333570 1108.9
1333580 1109.7
1333590 1109.7
1333600 1111.1
1333610 1112.5
1333620 1112.5
1333630 1113.9
1333640 1115.4
1333650 1115.4
1333660 1117.4
1333670 1119.5
1333680 1119.5
1333690 1121.7
1333700 1123.7
1333710 1123.7
1333720 1125.9
1333730 1127.7
1333740 1127.7
1333750 1131.0
1333760 1135.6
1333770 1133.7
1333780 1138.3
1333790 1143.3
1333800 1148.0
1333810 1148.0
1333820 1154.2
1333830 1160.4
1333840 1160.4
1333850 1166.7
1333860 1172.9
1333870 1172.9
1333880 1180.2
1333890 1186.7
1333900 1186.7
1333910 1191.1
1333920 1193.7
1333930 1193.7
1333940 1195.8
1333950 1198.1
1333960 1198.1
1333970 1200.5
1333980 1202.8
1333990 1202.8
1334000 1204.9
1334010 1205.3
1334020 1205.3
1334030 1204.1
1334040 1205.2
1334050 1205.2
1334060 1207.5
1334070 1207.0
1334080 1207.1
1334090 1207.1
1334100 1207.9
1334110 1208.9
1334120 1208.9
1334130 1209.1
1334140 1208.7
1334150 1208.7
1334160 1206.3
1334170 1205.4
1334180 1205.4
1334190 1204.4
1334200 1205.1
1334210 1205.1
1334220 1206.4
1334230 1207.4
1334240 1207.4
1334250 1212.3
1334260 1221.6
1334270 1221.6
1334280 1230.8
1334290 1239.4
1334300 1239.4
1334310 1251.0
1334320 1261.3
1334330 1261.3
1334340 1269.6
1334350 1278.4
1334360 1286.7
1334370 1286.7
1334380 1294.1
1334390 1301.0
1334400 1301.0
1334410 1307.5
1334420 1314.0
1334430 1314.0
1334440 1321.1
1334450 1327.8
1334460 1327.8
1334470 1333.4
1334480 1338.2
1334490 1338.2
1334500 1343.3
1334510 1349.2
1334520 1349.2
1334530 1354.7
1334540 1359.9
1334550 1359.9
1334560 1364.6
1334570 1368.7
1334580 1368.7
1334590 1372.9
1334600 1377.7
1334610 1377.7
1334620 1383.6
1334630 1388.5
1334640 1388.5
1334650 1392.2
1334660 1395.6
1334670 1399.3
1334680 1399.3
1334690 1403.4
1334700 1407.5
1334710 1407.5
1334720 1410.7
1334730 1414.3
1334740 1414.3
1334750 1418.4
1334760 1422.1
1334770 1422.1
1334780 1426.0
1334790 1430.8
1334800 1430.8
1334810 1435.9
1334820 1440.7
1334830 1440.7
1334840 1444.5
1334850 1449.1
1334860 1449.1
1334870 1454.0
1334880 1459.0
1334890 1459.0
1334900 1463.6
1334910 1467.8
1334920 1467.8
1334930 1471.4
1334940 1476.3
1334950 1482.7
1334960 1482.7
1334970 1489.4
1334980 1496.4
1334990 1496.4
1335000 1503.5
1335010 1511.7
1335020 1511.7
1335030 1519.7
1335040 1527.2
1335050 1527.2
1335060 1534.0
1335070 1539.6
1335080 1539.6
1335090 1544.9
1335100 1550.2
1335110 1550.2
1335120 1555.8
1335130 1561.3
1335140 1561.3
1335150 1566.8
1335160 1572.0
1335170 1572.0
1335180 1577.2
1335190 1581.6
1335200 1581.6
1335210 1584.8
1335220 1586.7
1335230 1587.5
1335240 1587.5
1335250 1589.3
1335260 1592.3
1335270 1592.3
1335280 1596.2
1335290 1600.7
1335300 1600.7
1335310 1604.9
1335320 1609.2
1335330 1609.2
1335340 1613.3
1335350 1616.7
1335360 1616.7
1335370 1619.6
1335380 1622.2
1335390 1622.2
1335400 1624.5
1335410 1627.0
1335420 1627.0
1335430 1629.4
1335440 1631.4
1335450 1631.4
1335460 1633.1
1335470 1633.6
1335480 1629.0
1335490 1628.8
1335500 1629.4
1335510 1629.4
1335520 1630.8
1335530 1632.4
1335540 1632.4
1335550 1632.4
1335560 1632.9
1335570 1638.1
1335580 1638.1
1335590 1644.6
1335600 1650.1
1335610 1650.1
1335620 1655.1
1335630 1659.2
1335640 1659.2
1335650 1664.1
1335660 1670.2
1335670 1670.2
1335680 1675.8
1335690 1681.4
1335700 1681.4
1335710 1686.8
1335720 1691.3
1335730 1691.3
1335740 1695.4
1335750 1698.6
1335760 1698.6
1335770 1701.9
1335780 1705.5
1335790 1705.5
1335800 1709.2
1335810 1712.8
1335820 1717.3
1335830 1717.3
1335840 1721.7
1335850 1725.6
1335860 1725.6
1335870 1729.3
1335880 1733.2
1335890 1733.2
1335900 1737.9
1335910 1742.8
1335920 1742.8
1335930 1748.6
1335940 1755.1
1335950 1755.1
1335960 1760.4
1335970 1764.9
1335980 1764.9
1335990 1769.1
1336000 1772.9
1336010 1772.9
1336020 1777.0
1336030 1782.1
1336040 1782.1
1336050 1787.6
1336060 1793.3
1336070 1793.3
1336080 1799.1
1336090 1805.3
1336100 1811.3
1336110 1811.3
1336120 1817.2
1336130 1822.8
1336140 1822.8
1336150 1828.8
1336160 1835.3
1336170 1835.3
1336180 1842.1
1336190 1848.4
1336200 1848.4
1336210 1854.1
1336220 1860.2
1336230 1860.2
1336240 1866.7
1336250 1871.9
1336260 1871.9
1336270 1875.7
1336280 1879.5
1336290 1879.5
1336300 1882.4
1336310 1884.3
1336320 1884.3
1336330 1888.9
1336340 1890.8
1336350 1890.8
1336360 1892.1
1336370 1893.0
1336380 1894.2
1336390 1894.2
1336400 1895.4
1336410 1896.5
1336420 1896.5
1336430 1895.8
1336440 1893.8
1336450 1893.8
1336460 1892.3
1336470 1891.6
1336480 1891.6
1336490 1892.0
1336500 1892.1
1336510 1892.1
1336520 1891.3
1336530 1889.8
1336540 1889.8
1336550 1889.1
1336560 1888.9
1336570 1888.9
1336580 1887.9
1336590 1885.9
1336600 1885.9
1336610 1884.1
1336620 1881.2
1336630 1881.2
1336640 1877.2
1336650 1872.3
1336660 1872.3
1336670 1868.9
1336680 1865.6
1336690 1861.9
1336700 1861.9
1336710 1859.6
1336720 1858.9
1336730 1858.9
1336740 1858.3
1336750 1857.7
1336760 1857.7
1336770 1856.3
1336780 1852.2
1336790 1852.2
1336800 1849.6
1336810 1849.7
1336820 1849.7
1336830 1850.7
1336840 1851.4
1336850 1851.4
1336860 1852.1
1336870 1852.9
1336880 1852.9
1336890 1853.3
1336900 1852.3
1336910 1852.3
1336920 1849.4
1336930 1846.9
1336940 1846.9
1336950 1844.0
1336960 1841.5
1336970 1839.8
1336980 1839.8
1336990 1838.8
1337000 1837.8
1337010 1837.8
1337020 1836.7
1337030 1834.7
1337040 1834.7
1337050 1832.6
1337060 1830.2
1337070 1830.2
1337080 1827.8
1337090 1825.4
1337100 1825.4
1337110 1821.7
1337120 1817.2
1337130 1817.2
1337140 1812.1
1337150 1805.7
1337160 1805.7
1337170 1798.3
1337180 1790.7
1337190 1790.7
1337200 1783.5
1337210 1775.1
1337220 1775.1
1337230 1767.1
1337240 1759.2
1337250 1751.7
1337260 1751.7
1337270 1744.1
1337280 1736.5
1337290 1736.5
1337300 1729.6
1337310 1723.2
1337320 1723.2
1337330 1717.3
1337340 1712.7
1337350 1712.7
1337360 1708.1
1337370 1700.7
1337380 1700.7
1337390 1691.7
1337400 1683.9
1337410 1683.9
1337420 1677.4
1337430 1671.6
1337440 1671.6
1337450 1665.4
1337460 1658.5
1337470 1658.5
1337480 1652.2
1337490 1649.3
1337500 1649.3
1337510 1648.8
1337520 1647.3
1337530 1647.3
1337540 1643.9
1337550 1640.7
1337560 1637.8
1337570 1637.8
1337580 1634.9
1337590 1630.3
1337600 1630.3
1337610 1623.8
1337620 1615.3
1337630 1615.3
1337640 1615.3
1337650 1617.1
1337660 1617.1
1337670 1621.5
1337680 1628.6
1337690 1628.6
1337700 1634.9
1337710 1638.4
1337720 1638.4
1337730 1642.5
1337740 1648.8
1337750 1648.8
1337760 1655.9
1337770 1659.1
1337780 1659.1
1337790 1661.6
1337800 1665.1
1337810 1665.1
1337820 1668.0
1337830 1671.8
1337840 1673.5
1337850 1673.5
1337860 1675.1
1337870 1674.3
1337880 1674.3
1337890 1673.5
1337900 1675.2
1337910 1675.2
1337920 1679.0
1337930 1684.0
1337940 1684.0
1337950 1688.4
1337960 1693.8
1337970 1693.8
1337980 1700.9
1337990 1706.4
1338000 1706.4
1338010 1709.8
1338020 1711.0
1338030 1711.0
1338040 1714.0
1338050 1717.5
1338060 1717.5
1338070 1720.1
1338080 1720.6
1338090 1720.6
1338100 1722.8
1338110 1726.8
1338120 1732.9
1338130 1732.9
1338140 1740.2
1338150 1748.2
1338160 1748.2
1338170 1758.7
1338180 1770.0
1338190 1770.0
1338200 1781.0
1338210 1785.1
1338220 1785.1
1338230 1782.0
1338240 1777.4
1338250 1777.4
1338260 1773.0
1338270 1769.5
1338280 1769.5
1338290 1766.2
1338300 1762.9
1338310 1762.9
1338320 1759.5
1338330 1755.1
1338340 1755.1
1338350 1750.2
1338360 1748.7
1338370 1748.7
1338380 1748.2
1338390 1747.7
1338400 1747.1
1338410 1747.1
1338420 1746.5
1338430 1746.4
1338440 1746.4
1338450 1747.6
1338460 1749.4
1338470 1749.4
1338480 1750.2
1338490 1747.5
1338500 1747.5
1338510 1742.2
1338520 1737.8
1338530 1737.8
1338540 1733.6
1338550 1728.1
1338560 1728.1
1338570 1723.2
1338580 1717.7
1338590 1717.7
1338600 1716.9
1338610 1718.3
1338620 1718.3
1338630 1718.8
1338640 1720.5
1338650 1720.5
1338660 1720.6
1338670 1718.1
1338680 1718.1
1338690 1712.3
1338700 1703.2
1338710 1690.1
1338720 1690.1
1338730 1678.1
1338740 1676.5
1338750 1676.5
1338760 1693.3
1338770 1691.3
1338780 1691.3
1338790 1684.6
1338800 1690.1
1338810 1690.1
1338820 1690.1
1338830 1687.4
1338840 1687.4
1338850 1681.8
1338860 1677.6
1338870 1677.6
1338880 1679.3
1338890 1674.9
1338900 1674.9
1338910 1675.5
1338920 1678.6
1338930 1678.6
1338940 1686.1
1338950 1680.3
1338960 1680.3
1338970 1670.7
1338980 1667.7
1338990 1669.4
1339000 1669.4
1339010 1667.9
1339020 1675.0
1339030 1675.0
1339040 1684.2
1339050 1688.0
1339060 1688.0
1339070 1678.2
1339080 1672.8
1339090 1672.8
1339100 1690.9
1339110 1701.5
1339120 1701.5
1339130 1703.4
1339140 1704.3
1339150 1704.3
1339160 1711.5
1339170 1716.8
1339180 1716.8
1339190 1724.8
1339200 1728.7
1339210 1728.7
1339220 1731.3
1339230 1735.4
1339240 1735.4
1339250 1735.5
1339260 1733.0
1339270 1733.6
1339280 1733.6
1339290 1733.1
1339300 1733.0
1339310 1733.0
1339320 1732.6
1339330 1735.7
1339340 1735.7
1339350 1739.1
1339360 1743.4
1339370 1743.4
1339380 1747.4
1339390 1754.6
1339400 1754.6
1339410 1764.3
1339420 1771.8
1339430 1771.8
1339440 1779.1
1339450 1786.2
1339460 1786.2
1339470 1788.5
1339480 1788.0
1339490 1788.0
1339500 1791.6
1339510 1796.1
1339520 1796.1
1339530 1798.9
1339540 1798.2
1339550 1798.2
1339560 1794.1
1339570 1787.8
1339580 1782.1
1339590 1782.1
1339600 1778.2
1339610 1775.7
1339620 1775.7
1339630 1771.2
1339640 1764.4
1339650 1764.4
1339660 1757.0
1339670 1751.2
1339680 1751.2
1339690 1745.3
1339700 1738.7
1339710 1738.7
1339720 1730.9
1339730 1723.5
1339740 1723.5
1339750 1716.1
1339760 1709.3
1339770 1709.3
1339780 1702.6
1339790 1696.4
1339800 1696.4
1339810 1690.3
1339820 1683.4
1339830 1683.4
1339840 1678.5
1339850 1673.9
1339860 1669.3
1339870 1669.3
1339880 1664.5
1339890 1659.2
1339900 1659.2
1339910 1654.1
1339920 1649.1
1339930 1649.1
1339940 1644.4
1339950 1641.0
1339960 1641.0
1339970 1636.7
1339980 1630.2
1339990 1630.2
