1320000 527.8
1320010 531.0
1320020 531.7
1320030 533.0
1320040 533.0
1320050 534.3
1320060 535.8
1320070 535.8
1320080 537.3
1320090 538.1
1320100 538.1
1320110 539.0
1320120 539.9
1320130 539.9
1320140 541.1
1320150 542.2
1320160 542.2
1320170 543.5
1320180 545.0
1320190 545.0
1320200 546.2
1320210 547.3
1320220 547.3
1320230 548.4
1320240 549.5
1320250 549.5
1320260 550.4
1320270 551.4
1320280 551.4
1320290 552.6
1320300 554.1
1320310 554.1
1320320 556.2
1320330 557.9
1320340 558.6
1320350 558.6
1320360 559.8
1320370 561.2
1320380 561.2
1320390 563.0
1320400 564.5
1320410 564.5
1320420 565.9
1320430 567.4
1320440 567.4
1320450 569.0
1320460 570.3
1320470 570.3
1320480 572.2
1320490 573.8
1320500 573.8
1320510 575.0
1320520 576.5
1320530 576.5
1320540 578.1
1320550 579.9
1320560 579.9
1320570 581.7
1320580 583.7
1320590 583.7
1320600 585.4
1320610 587.1
1320620 588.9
1320630 588.9
1320640 590.7
1320650 592.6
1320660 592.6
1320670 594.4
1320680 596.3
1320690 596.3
1320700 598.2
1320710 600.4
1320720 600.4
1320730 602.5
1320740 604.7
1320750 604.7
1320760 606.5
1320770 607.5
1320780 607.5
1320790 608.7
1320800 611.4
1320810 611.4
1320820 617.3
1320830 620.8
1320840 620.8
1320850 624.7
1320860 627.7
1320870 627.7
1320880 632.5
1320890 639.6
1320900 639.6
1320910 647.6
1320920 653.7
1320930 661.6
1320940 661.6
1320950 669.5
1320960 674.4
1320970 674.4
1320980 680.4
1320990 687.1
1321000 687.1
1321010 694.0
1321020 699.8
1321030 699.8
1321040 703.8
1321050 707.8
1321060 707.8
1321070 711.9
1321080 715.9
1321090 715.9
1321100 721.2
1321110 727.3
1321120 727.3
1321130 731.8
1321140 736.3
1321150 736.3
1321160 741.8
1321170 746.5
1321180 746.5
1321190 751.2
1321200 754.1
1321210 757.7
1321220 757.7
1321230 762.9
1321240 768.5
1321250 768.5
1321260 775.2
1321270 780.1
1321280 780.1
1321290 784.5
1321300 788.9
1321310 788.9
1321320 792.7
1321330 796.5
1321340 796.5
1321350 801.3
1321360 807.2
1321370 807.2
1321380 812.9
1321390 818.7
1321400 818.7
1321410 824.7
1321420 828.8
1321430 828.8
1321440 832.4
1321450 836.6
1321460 836.6
1321470 841.1
1321480 845.6
1321490 850.7
1321500 850.7
1321510 855.4
1321520 859.8
1321530 859.8
1321540 863.2
1321550 865.6
1321560 865.6
1321570 868.6
1321580 873.9
1321590 873.9
1321600 875.6
1321610 878.7
1321620 878.7
1321630 882.1
1321640 884.9
1321650 884.9
1321660 887.1
1321670 889.0
1321680 889.0
1321690 891.2
1321700 894.2
1321710 894.2
1321720 897.7
1321730 901.0
1321740 901.0
1321750 903.6
1321760 905.1
1321770 905.1
1321780 907.4
1321790 910.3
1321800 914.3
1321810 914.3
1321820 917.5
1321830 921.9
1321840 921.9
1321850 925.9
1321860 929.3
1321870 929.3
1321880 932.5
1321890 936.0
1321900 936.0
1321910 939.5
1321920 944.7
1321930 944.7
1321940 950.5
1321950 956.6
1321960 956.6
1321970 963.3
1321980 971.1
1321990 971.1
1322000 978.2
1322010 984.4
1322020 984.4
1322030 989.6
1322040 995.8
1322050 995.8
1322060 1003.5
1322070 1011.7
1322080 1019.3
1322090 1019.3
1322100 1023.9
1322110 1027.8
1322120 1027.8
1322130 1031.9
1322140 1036.3
1322150 1036.3
1322160 1040.5
1322170 1044.9
1322180 1044.9
1322190 1050.5
1322200 1053.8
1322210 1053.8
1322220 1054.9
1322230 1056.3
1322240 1056.3
1322250 1058.5
1322260 1060.9
1322270 1060.9
1322280 1064.0
1322290 1069.2
1322300 1069.2
1322310 1075.7
1322320 1081.4
1322330 1081.4
1322340 1086.4
1322350 1091.7
1322360 1091.7
1322370 1097.2
1322380 1099.7
1322390 1101.5
1322400 1101.5
1322410 1105.3
1322420 1108.4
1322430 1108.4
1322440 1111.0
1322450 1113.9
1322460 1113.9
1322470 1116.2
1322480 1118.5
1322490 1118.5
1322500 1120.8
1322510 1123.2
1322520 1123.2
1322530 1126.2
1322540 1130.3
1322550 1130.3
1322560 1134.4
1322570 1137.9
1322580 1137.9
1322590 1141.8
1322600 1145.5
1322610 1145.5
1322620 1148.7
1322630 1152.1
1322640 1152.1
1322650 1157.0
1322660 1161.7
1322670 1164.8
1322680 1164.8
1322690 1167.2
1322700 1171.7
1322710 1171.7
1322720 1177.3
1322730 1180.8
1322740 1180.8
1322750 1183.8
1322760 1187.9
1322770 1187.9
1322780 1193.1
1322790 1198.5
1322800 1198.5
1322810 1203.8
1322820 1208.9
1322830 1208.9
1322840 1214.7
1322850 1220.1
1322860 1220.1
1322870 1223.2
1322880 1226.2
1322890 1226.2
1322900 1230.4
1322910 1236.4
1322920 1236.4
1322930 1242.7
1322940 1247.4
1322950 1252.0
1322960 1252.0
1322970 1256.4
1322980 1259.6
1322990 1259.6
1323000 1263.5
1323010 1266.6
1323020 1266.6
1323030 1269.1
1323040 1271.8
1323050 1271.8
1323060 1274.1
1323070 1275.8
1323080 1275.8
1323090 1278.2
1323100 1280.9
1323110 1280.9
1323120 1283.2
1323130 1285.6
1323140 1285.6
1323150 1289.0
1323160 1293.4
1323170 1293.4
1323180 1295.4
1323190 1297.1
1323200 1297.1
1323210 1299.0
1323220 1300.6
1323230 1300.6
1323240 1302.0
1323250 1303.6
1323260 1306.2
1323270 1306.2
1323280 1309.6
1323290 1312.9
1323300 1312.9
1323310 1316.2
1323320 1320.1
1323330 1320.1
1323340 1324.2
1323350 1327.5
1323360 1327.5
1323370 1329.5
1323380 1331.1
1323390 1331.1
1323400 1333.0
1323410 1335.2
1323420 1335.2
1323430 1337.0
1323440 1338.9
1323450 1338.9
1323460 1341.1
1323470 1343.9
1323480 1343.9
1323490 1346.6
1323500 1348.8
1323510 1348.8
1323520 1351.4
1323530 1353.9
1323540 1357.0
1323550 1357.0
1323560 1360.9
1323570 1364.9
1323580 1364.9
1323590 1368.9
1323600 1373.2
1323610 1373.2
1323620 1377.5
1323630 1382.1
1323640 1382.1
1323650 1386.3
1323660 1388.4
1323670 1388.4
1323680 1390.1
1323690 1393.1
1323700 1393.1
1323710 1396.5
1323720 1399.0
1323730 1399.0
1323740 1402.4
1323750 1406.3
1323760 1406.3
1323770 1410.9
1323780 1415.6
1323790 1415.6
1323800 1420.0
1323810 1424.7
1323820 1424.7
1323830 1428.9
1323840 1433.9
1323850 1438.5
1323860 1438.5
1323870 1440.9
1323880 1441.3
1323890 1441.3
1323900 1442.0
1323910 1443.7
1323920 1443.7
1323930 1446.6
1323940 1449.9
1323950 1449.9
1323960 1453.1
1323970 1452.2
1323980 1452.2
1323990 1453.7
1324000 1455.9
1324010 1455.9
1324020 1460.7
1324030 1467.5
1324040 1467.5
1324050 1471.6
1324060 1473.2
1324070 1473.2
1324080 1472.4
1324090 1470.3
1324100 1470.3
1324110 1469.9
1324120 1469.9
1324130 1470.7
1324140 1470.7
1324150 1472.4
1324160 1474.8
1324170 1474.8
1324180 1475.5
1324190 1475.7
1324200 1475.7
1324210 1476.7
1324220 1477.8
1324230 1477.8
1324240 1481.2
1324250 1485.9
1324260 1485.9
1324270 1488.9
1324280 1491.7
1324290 1491.7
1324300 1493.7
1324310 1495.3
1324320 1495.3
1324330 1498.5
1324340 1502.3
1324350 1502.3
1324360 1506.8
1324370 1513.5
1324380 1513.5
1324390 1519.1
1324400 1522.9
1324410 1527.3
1324420 1527.3
1324430 1530.8
1324440 1533.1
1324450 1533.1
1324460 1535.8
1324470 1539.8
1324480 1539.8
1324490 1544.1
1324500 1547.4
1324510 1547.4
1324520 1550.6
1324530 1554.7
1324540 1554.7
1324550 1560.9
1324560 1568.7
1324570 1568.7
1324580 1576.5
1324590 1584.2
1324600 1584.2
1324610 1592.7
1324620 1601.3
1324630 1601.3
1324640 1608.1
1324650 1609.5
1324660 1609.5
1324670 1609.2
1324680 1609.2
1324690 1609.2
1324700 1608.1
1324710 1605.5
1324720 1601.3
1324730 1601.3
1324740 1599.3
1324750 1600.1
1324760 1602.6
1324770 1602.5
1324780 1601.2
1324790 1601.2
1324800 1600.8
1324810 1601.9
1324820 1601.9
1324830 1601.4
1324840 1596.4
1324850 1596.4
1324860 1589.6
1324870 1584.7
1324880 1584.7
1324890 1582.5
1324900 1580.8
1324910 1580.8
1324920 1579.5
1324930 1578.1
1324940 1578.1
1324950 1579.2
1324960 1581.6
1324970 1581.6
1324980 1583.9
1324990 1583.9
1325000 1582.5
1325010 1582.5
1325020 1582.2
1325030 1581.0
1325040 1581.0
1325050 1576.2
1325060 1573.6
1325070 1573.6
1325080 1571.2
1325090 1571.0
1325100 1571.0
1325110 1573.1
1325120 1573.7
1325130 1573.7
1325140 1574.3
1325150 1575.8
1325160 1575.8
1325170 1577.1
1325180 1578.8
1325190 1578.8
1325200 1580.3
1325210 1581.3
1325220 1581.3
1325230 1581.1
1325240 1581.1
1325250 1581.1
1325260 1582.5
1325270 1586.3
1325280 1586.3
1325290 1588.3
1325300 1589.9
1325310 1593.6
1325320 1593.6
1325330 1598.2
1325340 1602.3
1325350 1602.3
1325360 1605.3
1325370 1607.6
1325380 1607.6
1325390 1609.0
1325400 1610.5
1325410 1610.5
1325420 1611.5
1325430 1612.1
1325440 1612.1
1325450 1611.9
1325460 1611.2
1325470 1611.2
1325480 1610.8
1325490 1610.9
1325500 1610.9
1325510 1610.5
1325520 1610.9
1325530 1610.9
1325540 1612.8
1325550 1614.8
1325560 1618.8
1325570 1620.4
1325580 1621.9
1325590 1623.6
1325600 1623.6
1325610 1624.1
1325620 1624.1
1325630 1624.1
1325640 1624.4
1325650 1624.1
1325660 1624.1
1325670 1623.6
1325680 1623.1
1325690 1623.1
1325700 1622.2
1325710 1621.0
1325720 1621.0
1325730 1619.4
1325740 1616.6
1325750 1616.6
1325760 1614.3
1325770 1611.8
1325780 1611.8
1325790 1611.6
1325800 1613.6
1325810 1613.6
1325820 1614.5
1325830 1614.7
1325840 1614.7
1325850 1615.6
1325860 1616.9
1325870 1617.2
1325880 1617.2
1325890 1616.9
1325900 1616.9
1325910 1616.9
1325920 1617.1
1325930 1617.9
1325940 1617.9
1325950 1617.1
1325960 1615.8
1325970 1615.8
1325980 1613.9
1325990 1613.0
1326000 1613.0
1326010 1613.6
1326020 1612.9
1326030 1612.9
1326040 1610.8
1326050 1607.9
1326060 1607.9
1326070 1603.8
1326080 1600.4
1326090 1600.4
1326100 1597.5
1326110 1594.7
1326120 1594.7
1326130 1591.6
1326140 1587.9
1326150 1587.9
1326160 1583.7
1326170 1579.3
1326180 1574.2
1326190 1574.2
1326200 1567.9
1326210 1562.8
1326220 1562.8
1326230 1558.0
1326240 1553.4
1326250 1553.4
1326260 1549.9
1326270 1546.8
1326280 1546.8
1326290 1544.0
1326300 1541.4
1326310 1541.4
1326320 1539.0
1326330 1535.7
1326340 1535.7
1326350 1532.2
1326360 1528.5
1326370 1530.0
1326380 1526.0
1326390 1520.4
1326400 1520.4
1326410 1515.9
1326420 1511.3
1326430 1511.3
1326440 1506.3
1326450 1502.9
1326460 1499.7
1326470 1499.7
1326480 1496.0
1326490 1491.5
1326500 1491.5
1326510 1484.9
1326520 1477.6
1326530 1477.6
1326540 1473.1
1326550 1465.6
1326560 1465.6
1326570 1459.2
1326580 1453.7
1326590 1453.7
1326600 1447.7
1326610 1440.8
1326620 1440.8
1326630 1432.2
1326640 1423.3
1326650 1423.3
1326660 1416.5
1326670 1420.4
1326680 1420.4
1326690 1427.4
1326700 1432.6
1326710 1432.6
1326720 1437.1
1326730 1442.8
1326740 1442.8
1326750 1449.9
1326760 1454.8
1326770 1460.9
1326780 1460.9
1326790 1467.8
1326800 1475.0
1326810 1475.0
1326820 1481.0
1326830 1485.5
1326840 1485.5
1326850 1488.9
1326860 1493.2
1326870 1493.2
1326880 1498.9
1326890 1504.3
1326900 1504.3
1326910 1509.6
1326920 1514.4
1326930 1514.4
1326940 1518.9
1326950 1523.3
1326960 1523.3
1326970 1527.4
1326980 1532.9
1326990 1532.9
1327000 1537.3
1327010 1540.8
1327020 1540.8
1327030 1543.6
1327040 1546.9
1327050 1549.2
1327060 1549.2
1327070 1551.7
1327080 1554.9
1327090 1554.9
1327100 1557.8
1327110 1560.9
1327120 1560.9
1327130 1564.2
1327140 1567.5
1327150 1567.5
1327160 1571.2
1327170 1579.8
1327180 1579.8
1327190 1584.4
1327200 1587.8
1327210 1587.8
1327220 1591.9
1327230 1594.7
1327240 1594.7
1327250 1597.8
1327260 1601.9
1327270 1601.9
1327280 1606.2
1327290 1610.1
1327300 1610.1
1327310 1614.6
1327320 1620.1
1327330 1625.4
1327340 1625.4
1327350 1631.0
1327360 1636.0
1327370 1636.0
1327380 1640.1
1327390 1644.2
1327400 1644.2
1327410 1648.0
1327420 1651.0
1327430 1651.0
1327440 1653.7
1327450 1656.0
1327460 1656.0
1327470 1658.2
1327480 1660.2
1327490 1660.2
1327500 1663.3
1327510 1667.2
1327520 1667.2
1327530 1670.9
1327540 1674.0
1327550 1674.0
1327560 1677.1
1327570 1680.5
1327580 1680.5
1327590 1684.4
1327600 1688.5
1327610 1688.5
1327620 1692.8
1327630 1696.5
1327640 1699.7
1327650 1699.7
1327660 1703.2
1327670 1708.0
1327680 1708.0
1327690 1712.7
1327700 1717.1
1327710 1717.1
1327720 1721.7
1327730 1726.0
1327740 1726.0
1327750 1729.3
1327760 1732.0
1327770 1732.0
1327780 1734.3
1327790 1736.7
1327800 1736.7
1327810 1739.3
1327820 1742.2
1327830 1742.2
1327840 1744.8
1327850 1746.9
1327860 1746.9
1327870 1746.7
1327880 1745.7
1327890 1745.7
1327900 1745.3
1327910 1748.2
1327920 1747.8
1327930 1747.8
1327940 1746.3
1327950 1744.4
1327960 1744.4
1327970 1741.2
1327980 1737.8
1327990 1741.1
1328000 1737.7
1328010 1734.8
1328020 1734.8
1328030 1731.9
1328040 1728.7
1328050 1728.7
1328060 1726.0
1328070 1723.2
1328080 1723.2
1328090 1720.4
1328100 1717.8
1328110 1717.8
1328120 1715.6
1328130 1713.5
1328140 1713.5
1328150 1711.1
1328160 1708.2
1328170 1708.2
1328180 1705.3
1328190 1702.3
1328200 1702.3
1328210 1699.2
1328220 1694.5
1328230 1689.4
1328240 1689.4
1328250 1685.1
1328260 1681.1
1328270 1681.1
1328280 1678.4
1328290 1675.8
1328300 1675.8
1328310 1672.9
1328320 1669.4
1328330 1669.4
1328340 1666.1
1328350 1662.3
1328360 1662.3
1328370 1658.6
1328380 1655.0
1328390 1655.0
1328400 1651.1
1328410 1647.7
1328420 1647.7
1328430 1643.3
1328440 1638.7
1328450 1638.7
1328460 1635.3
1328470 1632.3
1328480 1632.3
1328490 1630.0
1328500 1628.3
1328510 1626.9
1328520 1626.9
1328530 1625.5
1328540 1624.2
1328550 1624.2
1328560 1622.7
1328570 1621.4
1328580 1621.4
1328590 1620.8
1328600 1620.6
1328610 1620.6
1328620 1619.4
1328630 1615.3
1328640 1615.3
1328650 1609.9
1328660 1603.9
1328670 1603.9
1328680 1597.8
1328690 1591.9
1328700 1591.9
1328710 1586.9
1328720 1582.8
1328730 1582.8
1328740 1580.2
1328750 1578.0
1328760 1578.0
1328770 1576.3
1328780 1573.6
1328790 1570.1
1328800 1571.7
1328810 1566.6
1328820 1561.1
1328830 1561.1
1328840 1553.5
1328850 1545.2
1328860 1545.2
1328870 1535.8
1328880 1526.5
1328890 1526.5
1328900 1518.1
1328910 1510.8
1328920 1510.8
1328930 1507.0
1328940 1505.2
1328950 1505.2
1328960 1502.2
1328970 1497.2
1328980 1497.2
1328990 1493.4
1329000 1489.9
1329010 1489.9
1329020 1486.0
1329030 1480.9
1329040 1480.9
1329050 1476.4
1329060 1472.2
1329070 1472.2
1329080 1466.7
1329090 1462.6
1329100 1458.9
1329110 1458.9
1329120 1455.2
1329130 1448.5
1329140 1448.5
1329150 1441.6
1329160 1435.5
1329170 1435.5
1329180 1429.8
1329190 1424.7
1329200 1424.7
1329210 1418.3
1329220 1411.8
1329230 1411.8
1329240 1406.3
1329250 1402.5
1329260 1402.5
1329270 1397.4
1329280 1391.1
1329290 1391.1
1329300 1385.0
1329310 1380.6
1329320 1380.6
1329330 1377.3
1329340 1371.7
1329350 1371.7
1329360 1365.9
1329370 1360.4
1329380 1357.5
1329390 1357.5
1329400 1355.1
1329410 1353.8
1329420 1353.8
1329430 1351.5
1329440 1348.3
1329450 1348.3
1329460 1344.5
1329470 1340.8
1329480 1340.8
1329490 1336.9
1329500 1331.8
1329510 1331.8
1329520 1327.3
1329530 1324.0
1329540 1324.0
1329550 1319.7
1329560 1315.8
1329570 1315.8
1329580 1312.8
1329590 1309.1
1329600 1309.1
1329610 1306.9
1329620 1305.4
1329630 1315.3
1329640 1312.4
1329650 1312.4
1329660 1312.4
1329670 1313.2
1329680 1310.2
1329690 1307.7
1329700 1307.7
1329710 1309.1
1329720 1306.6
1329730 1306.6
1329740 1303.9
1329750 1297.4
1329760 1297.4
1329770 1290.7
1329780 1287.5
1329790 1287.5
1329800 1287.7
1329810 1284.7
1329820 1284.7
1329830 1285.7
1329840 1286.9
1329850 1286.9
1329860 1284.9
1329870 1282.5
1329880 1282.5
1329890 1281.5
1329900 1279.5
1329910 1279.5
1329920 1276.5
1329930 1273.3
1329940 1273.3
1329950 1270.2
1329960 1267.4
1329970 1265.1
1329980 1265.1
1329990 1263.1
1330000 1260.9
1330010 1260.9
1330020 1258.8
1330030 1257.0
1330040 1257.0
1330050 1255.1
1330060 1253.1
1330070 1253.1
1330080 1250.6
1330090 1248.1
1330100 1248.1
1330110 1246.0
1330120 1243.7
1330130 1243.7
1330140 1241.6
1330150 1239.2
1330160 1239.2
1330170 1236.4
1330180 1233.6
1330190 1233.6
1330200 1230.8
1330210 1228.0
1330220 1228.0
1330230 1224.9
1330240 1221.7
1330250 1218.3
1330260 1218.3
1330270 1214.9
1330280 1211.2
1330290 1211.2
1330300 1206.9
1330310 1202.8
1330320 1202.8
1330330 1198.2
1330340 1194.1
1330350 1194.1
1330360 1190.6
1330370 1187.5
1330380 1187.5
1330390 1185.5
1330400 1183.3
1330410 1183.3
1330420 1180.2
1330430 1175.7
1330440 1175.7
1330450 1173.5
1330460 1170.0
1330470 1170.0
1330480 1166.4
1330490 1162.8
1330500 1162.8
1330510 1159.3
1330520 1156.2
1330530 1156.2
1330540 1153.1
1330550 1149.8
1330560 1146.4
1330570 1146.4
1330580 1142.8
1330590 1139.4
1330600 1139.4
1330610 1135.9
1330620 1132.4
1330630 1132.4
1330640 1128.8
1330650 1125.2
1330660 1125.2
1330670 1122.2
1330680 1119.8
1330690 1119.8
1330700 1118.1
1330710 1115.1
1330720 1115.1
1330730 1111.9
1330740 1109.0
1330750 1109.0
1330760 1106.2
1330770 1103.4
1330780 1103.4
1330790 1100.5
1330800 1097.6
1330810 1097.6
1330820 1094.5
1330830 1091.3
1330840 1088.2
1330850 1088.2
1330860 1085.2
1330870 1082.2
1330880 1082.2
1330890 1078.9
1330900 1075.9
1330910 1075.9
1330920 1073.3
1330930 1070.6
1330940 1070.6
1330950 1067.5
1330960 1064.4
1330970 1064.4
1330980 1061.6
1330990 1058.5
1331000 1058.5
1331010 1055.2
1331020 1052.0
1331030 1052.0
1331040 1049.1
1331050 1046.3
1331060 1046.3
1331070 1043.4
1331080 1040.6
1331090 1040.6
1331100 1036.9
1331110 1032.4
1331120 1030.2
1331130 1030.2
1331140 1028.6
1331150 1026.4
1331160 1026.4
1331170 1024.7
1331180 1023.0
1331190 1023.0
1331200 1022.0
1331210 1020.8
1331220 1020.8
1331230 1019.7
1331240 1018.8
1331250 1018.8
1331260 1017.4
1331270 1015.5
1331280 1016.9
1331290 1015.1
1331300 1013.5
1331310 1013.5
1331320 1012.3
1331330 1011.4
1331340 1011.4
1331350 1010.9
1331360 1009.4
1331370 1009.4
1331380 1007.8
1331390 1006.1
1331400 1006.1
1331410 1007.5
1331420 1008.3
1331430 1008.6
1331440 1008.6
1331450 1008.6
1331460 1008.5
1331470 1008.5
1331480 1008.4
1331490 1008.7
1331500 1008.7
1331510 1009.2
1331520 1009.5
1331530 1009.5
1331540 1009.5
1331550 1009.0
1331560 1009.0
1331570 1008.1
1331580 1007.9
1331590 1007.9
1331600 1008.1
1331610 1009.3
1331620 1009.3
1331630 1011.2
1331640 1012.7
1331650 1012.7
1331660 1013.2
1331670 1014.0
1331680 1014.0
1331690 1014.8
1331700 1015.3
1331710 1015.8
1331720 1015.8
1331730 1016.3
1331740 1016.7
1331750 1016.7
1331760 1017.2
1331770 1018.0
1331780 1018.0
1331790 1019.0
1331800 1020.1
1331810 1020.1
1331820 1020.9
1331830 1022.9
1331840 1022.9
1331850 1026.8
1331860 1031.6
1331870 1031.6
1331880 1037.2
1331890 1043.6
1331900 1043.6
1331910 1049.0
1331920 1054.5
1331930 1054.5
1331940 1058.9
1331950 1060.8
1331960 1060.8
1331970 1062.8
1331980 1068.0
1331990 1068.0
1332000 1075.5
1332010 1080.2
1332020 1084.6
1332030 1084.6
1332040 1087.8
1332050 1089.9
1332060 1089.9
1332070 1092.5
1332080 1095.1
1332090 1095.1
1332100 1097.3
1332110 1099.3
1332120 1097.7
1332130 1098.7
1332140 1098.2
1332150 1098.2
1332160 1096.0
1332170 1093.3
1332180 1093.3
1332190 1090.9
1332200 1089.9
1332210 1089.9
1332220 1091.9
1332230 1095.9
1332240 1095.9
1332250 1100.8
1332260 1105.5
1332270 1105.5
1332280 1109.7
1332290 1114.4
1332300 1118.2
1332310 1118.2
1332320 1121.7
1332330 1124.4
1332340 1124.4
1332350 1126.5
1332360 1128.4
1332370 1128.4
1332380 1130.4
1332390 1132.1
1332400 1132.1
1332410 1133.3
1332420 1135.1
1332430 1135.1
1332440 1137.6
1332450 1140.3
1332460 1140.3
1332470 1142.8
1332480 1144.7
1332490 1144.7
1332500 1146.1
1332510 1147.5
1332520 1147.5
1332530 1150.0
1332540 1155.8
1332550 1155.8
1332560 1163.3
1332570 1169.6
1332580 1173.3
1332590 1173.3
1332600 1175.5
1332610 1176.6
1332620 1176.6
1332630 1177.5
1332640 1178.9
1332650 1178.9
1332660 1181.6
1332670 1187.0
1332680 1187.0
1332690 1193.8
1332700 1201.0
1332710 1201.0
1332720 1206.2
1332730 1209.5
1332740 1209.5
1332750 1212.0
1332760 1213.5
1332770 1213.5
1332780 1214.5
1332790 1214.3
1332800 1214.3
1332810 1214.8
1332820 1217.1
1332830 1217.1
1332840 1218.1
1332850 1218.1
1332860 1218.1
1332870 1217.9
1332880 1216.6
1332890 1215.6
1332900 1215.6
1332910 1214.6
1332920 1214.8
1332930 1214.8
1332940 1215.1
1332950 1217.3
1332960 1210.9
1332970 1212.0
1332980 1215.4
1332990 1215.4
1333000 1216.3
1333010 1218.2
1333020 1218.2
1333030 1224.0
1333040 1231.5
1333050 1231.5
1333060 1238.2
1333070 1244.5
1333080 1244.5
1333090 1249.2
1333100 1252.4
1333110 1252.4
1333120 1257.4
1333130 1263.0
1333140 1263.0
1333150 1269.3
1333160 1271.5
1333170 1273.0
1333180 1273.0
1333190 1275.1
1333200 1277.8
1333210 1277.8
1333220 1280.8
1333230 1284.0
1333240 1284.0
1333250 1287.0
1333260 1289.9
1333270 1289.9
1333280 1292.3
1333290 1294.5
1333300 1294.5
1333310 1296.9
1333320 1299.1
1333330 1299.1
1333340 1302.3
1333350 1305.8
1333360 1305.8
1333370 1309.8
1333380 1313.9
1333390 1313.9
1333400 1316.6
1333410 1317.4
1333420 1317.4
1333430 1317.5
1333440 1317.6
1333450 1317.6
1333460 1317.8
1333470 1317.4
1333480 1316.0
1333490 1316.0
1333500 1315.2
1333510 1314.4
1333520 1314.4
1333530 1312.6
1333540 1310.0
1333550 1310.0
1333560 1308.3
1333570 1305.4
1333580 1305.4
1333590 1304.2
1333600 1308.1
1333610 1308.1
1333620 1316.1
1333630 1325.9
1333640 1325.9
1333650 1336.3
1333660 1343.0
1333670 1343.0
1333680 1349.6
1333690 1355.9
1333700 1355.9
1333710 1362.0
1333720 1368.4
1333730 1368.4
1333740 1375.0
1333750 1381.0
1333760 1387.3
1333770 1387.3
1333780 1392.8
1333790 1397.9
1333800 1396.7
1333810 1401.8
1333820 1406.7
1333830 1406.7
1333840 1412.9
1333850 1419.9
1333860 1419.9
1333870 1426.9
1333880 1434.1
1333890 1434.1
1333900 1441.5
1333910 1447.7
1333920 1447.7
1333930 1453.1
1333940 1458.7
1333950 1458.7
1333960 1464.2
1333970 1470.3
1333980 1470.3
1333990 1476.6
1334000 1482.5
1334010 1482.5
1334020 1488.0
1334030 1492.7
1334040 1497.3
1334050 1497.3
1334060 1501.3
1334070 1505.2
1334080 1505.2
1334090 1509.3
1334100 1513.4
1334110 1513.4
1334120 1517.6
1334130 1521.4
1334140 1521.4
1334150 1524.7
1334160 1528.4
1334170 1528.4
1334180 1532.0
1334190 1535.8
1334200 1535.8
1334210 1539.5
1334220 1542.7
1334230 1542.7
1334240 1546.1
1334250 1549.5
1334260 1549.5
1334270 1552.1
1334280 1555.0
1334290 1555.0
1334300 1558.7
1334310 1562.7
1334320 1562.7
1334330 1566.8
1334340 1570.3
1334350 1573.4
1334360 1573.4
1334370 1576.5
1334380 1579.8
1334390 1579.8
1334400 1583.2
1334410 1586.7
1334420 1586.7
1334430 1590.6
1334440 1594.2
1334450 1594.2
1334460 1597.8
1334470 1601.4
1334480 1601.4
1334490 1604.6
1334500 1608.0
1334510 1608.0
1334520 1611.2
1334530 1613.8
1334540 1613.8
1334550 1616.2
1334560 1618.5
1334570 1618.5
1334580 1620.8
1334590 1622.8
1334600 1622.8
1334610 1624.8
1334620 1626.8
1334630 1628.7
1334640 1628.7
1334650 1625.0
1334660 1627.3
1334670 1627.3
1334680 1629.7
1334690 1631.6
1334700 1631.6
1334710 1633.5
1334720 1636.1
1334730 1636.1
1334740 1639.4
1334750 1643.2
1334760 1643.2
1334770 1648.0
1334780 1653.3
1334790 1653.3
1334800 1657.5
1334810 1661.3
1334820 1661.3
1334830 1664.8
1334840 1668.0
1334850 1668.0
1334860 1671.2
1334870 1673.7
1334880 1673.7
1334890 1677.0
1334900 1680.7
1334910 1684.9
1334920 1684.9
1334930 1690.5
1334940 1695.5
1334950 1695.5
1334960 1699.5
1334970 1703.5
1334980 1703.5
1334990 1708.2
1335000 1712.7
1335010 1712.7
1335020 1716.6
1335030 1720.2
1335040 1720.2
1335050 1723.6
1335060 1727.1
1335070 1727.1
1335080 1730.6
1335090 1735.9
1335100 1735.9
1335110 1741.7
1335120 1746.4
1335130 1746.4
1335140 1751.5
1335150 1756.4
1335160 1756.4
1335170 1761.3
1335180 1766.6
1335190 1766.6
1335200 1772.4
1335210 1777.7
1335220 1783.3
1335230 1783.3
1335240 1788.2
1335250 1792.5
1335260 1792.5
1335270 1797.2
1335280 1801.9
1335290 1801.9
1335300 1806.7
1335310 1811.6
1335320 1811.6
1335330 1816.6
1335340 1820.7
1335350 1820.7
1335360 1824.3
1335370 1827.3
1335380 1827.3
1335390 1830.2
1335400 1832.3
1335410 1832.3
1335420 1833.3
1335430 1833.3
1335440 1833.3
1335450 1832.8
1335460 1833.0
1335470 1833.0
1335480 1833.9
1335490 1834.0
1335500 1835.9
1335510 1835.9
1335520 1837.2
1335530 1838.2
1335540 1838.2
1335550 1838.9
1335560 1840.7
1335570 1840.7
1335580 1840.9
1335590 1841.3
1335600 1841.3
1335610 1844.0
1335620 1847.4
1335630 1847.4
1335640 1850.0
1335650 1849.8
1335660 1849.8
1335670 1849.1
1335680 1849.5
1335690 1849.5
1335700 1850.4
1335710 1850.7
1335720 1850.7
1335730 1850.5
1335740 1849.3
1335750 1849.3
1335760 1846.6
1335770 1843.2
1335780 1843.2
1335790 1843.0
1335800 1843.8
1335810 1842.9
1335820 1842.9
1335830 1841.0
1335840 1838.3
1335850 1838.3
1335860 1833.7
1335870 1831.7
1335880 1831.7
1335890 1840.0
1335900 1843.7
1335910 1843.7
1335920 1844.1
1335930 1841.8
1335940 1841.8
1335950 1845.2
1335960 1849.5
1335970 1849.5
1335980 1851.2
1335990 1851.1
1336000 1851.1
1336010 1852.6
1336020 1857.4
1336030 1857.4
1336040 1860.2
1336050 1862.5
1336060 1862.5
1336070 1865.4
1336080 1869.2
1336090 1872.2
1336100 1872.2
1336110 1873.5
1336120 1872.4
1336130 1872.4
1336140 1870.4
1336150 1866.6
1336160 1866.6
1336170 1861.6
1336180 1853.8
1336190 1853.8
1336200 1845.8
1336210 1834.0
1336220 1834.0
1336230 1822.5
1336240 1813.3
1336250 1813.3
1336260 1804.4
1336270 1801.0
1336280 1801.0
1336290 1799.7
1336300 1798.6
1336310 1798.6
1336320 1796.7
1336330 1794.8
1336340 1794.8
1336350 1793.1
1336360 1797.3
1336370 1794.6
1336380 1794.6
1336390 1791.3
1336400 1789.2
1336410 1789.2
1336420 1786.1
1336430 1780.6
1336440 1780.6
1336450 1777.0
1336460 1774.5
1336470 1774.5
1336480 1772.1
1336490 1770.0
1336500 1770.0
1336510 1768.4
1336520 1766.3
1336530 1766.3
1336540 1763.5
1336550 1761.7
1336560 1761.7
1336570 1759.2
1336580 1757.3
1336590 1757.3
1336600 1756.1
1336610 1756.2
1336620 1756.2
1336630 1756.6
1336640 1758.4
1336650 1758.4
1336660 1760.1
1336670 1760.6
1336680 1760.4
1336690 1760.4
1336700 1759.0
1336710 1757.3
1336720 1757.3
1336730 1755.1
1336740 1752.9
1336750 1752.9
1336760 1750.4
1336770 1747.4
1336780 1747.4
1336790 1743.1
1336800 1737.9
1336810 1737.9
1336820 1732.3
1336830 1726.1
1336840 1726.1
1336850 1719.8
1336860 1713.9
1336870 1713.9
1336880 1707.2
1336890 1700.8
1336900 1700.8
1336910 1694.9
1336920 1688.9
1336930 1688.9
1336940 1682.6
1336950 1677.0
1336960 1671.4
1336970 1671.4
1336980 1666.0
1336990 1661.5
1337000 1661.5
1337010 1656.4
1337020 1651.4
1337030 1651.4
1337040 1646.8
1337050 1641.9
1337060 1641.9
1337070 1637.3
1337080 1634.9
1337090 1634.9
1337100 1632.8
1337110 1629.7
1337120 1629.7
1337130 1624.8
1337140 1618.3
1337150 1618.3
1337160 1611.9
1337170 1605.8
1337180 1605.8
1337190 1599.0
1337200 1591.8
1337210 1591.8
1337220 1586.3
1337230 1580.0
1337240 1580.0
1337250 1575.0
1337260 1572.9
1337270 1570.6
1337280 1570.6
1337290 1568.4
1337300 1565.1
1337310 1565.1
1337320 1560.0
1337330 1555.6
1337340 1555.6
1337350 1551.8
1337360 1547.5
1337370 1547.5
1337380 1541.8
1337390 1536.2
1337400 1536.2
1337410 1530.9
1337420 1525.3
1337430 1525.3
1337440 1519.3
1337450 1513.6
1337460 1513.6
1337470 1507.6
1337480 1500.5
1337490 1500.5
1337500 1493.7
1337510 1487.1
1337520 1487.1
1337530 1481.4
1337540 1476.3
1337550 1470.9
1337560 1470.9
1337570 1465.2
1337580 1462.0
1337590 1462.0
1337600 1456.9
1337610 1452.1
1337620 1452.1
1337630 1447.0
1337640 1443.1
1337650 1443.1
1337660 1440.2
1337670 1436.7
1337680 1436.7
1337690 1433.3
1337700 1430.4
1337710 1430.4
1337720 1427.4
1337730 1422.9
1337740 1422.9
1337750 1418.0
1337760 1414.8
1337770 1414.8
1337780 1411.6
1337790 1408.7
1337800 1408.7
1337810 1406.6
1337820 1403.5
1337830 1399.4
1337840 1399.4
1337850 1396.2
1337860 1392.8
1337870 1392.8
1337880 1389.2
1337890 1388.5
1337900 1388.5
1337910 1392.0
1337920 1399.0
1337930 1399.0
1337940 1403.8
1337950 1406.9
1337960 1406.9
1337970 1410.2
1337980 1413.5
1337990 1413.5
1338000 1416.8
1338010 1420.9
1338020 1420.9
1338030 1426.2
1338040 1431.7
1338050 1431.7
1338060 1438.0
1338070 1444.6
1338080 1444.6
1338090 1446.8
1338100 1453.1
1338110 1453.1
1338120 1460.2
1338130 1467.3
1338140 1474.4
1338150 1474.4
1338160 1481.1
1338170 1488.1
1338180 1488.1
1338190 1498.1
1338200 1508.3
1338210 1508.3
1338220 1516.7
1338230 1524.9
1338240 1524.9
1338250 1532.9
1338260 1540.5
1338270 1540.5
1338280 1546.4
1338290 1552.4
1338300 1552.4
1338310 1558.7
1338320 1565.6
1338330 1565.6
1338340 1572.6
1338350 1579.5
1338360 1579.5
1338370 1585.5
1338380 1590.3
1338390 1590.3
1338400 1593.1
1338410 1593.5
1338420 1590.8
1338430 1590.8
1338440 1585.4
1338450 1578.0
1338460 1578.0
1338470 1569.7
1338480 1562.5
1338490 1562.5
1338500 1556.6
1338510 1551.3
1338520 1551.3
1338530 1545.8
1338540 1541.0
1338550 1541.0
1338560 1536.9
1338570 1531.6
1338580 1531.6
1338590 1527.2
1338600 1520.4
1338610 1520.4
1338620 1513.0
1338630 1505.8
1338640 1505.8
1338650 1500.2
1338660 1495.3
1338670 1495.3
1338680 1489.6
1338690 1484.9
1338700 1481.0
1338710 1481.0
1338720 1478.1
1338730 1475.4
1338740 1475.4
1338750 1472.8
1338760 1469.6
1338770 1469.6
1338780 1466.2
1338790 1461.5
1338800 1461.5
1338810 1456.8
1338820 1453.4
1338830 1453.4
1338840 1449.9
1338850 1445.6
1338860 1445.6
1338870 1441.4
1338880 1437.9
1338890 1437.9
1338900 1434.2
1338910 1430.6
1338920 1430.6
1338930 1426.4
1338940 1421.2
1338950 1421.2
1338960 1416.1
1338970 1413.9
1338980 1413.9
1338990 1410.9
1339000 1408.6
1339010 1405.3
1339020 1405.3
1339030 1401.0
1339040 1396.8
1339050 1396.8
1339060 1392.6
1339070 1388.2
1339080 1388.2
1339090 1383.1
1339100 1379.9
1339110 1379.9
1339120 1377.2
1339130 1374.1
1339140 1374.1
1339150 1370.7
1339160 1367.0
1339170 1367.0
1339180 1362.8
1339190 1359.1
1339200 1359.1
1339210 1356.9
1339220 1355.7
1339230 1355.7
1339240 1356.0
1339250 1356.4
1339260 1356.4
1339270 1352.9
1339280 1345.6
1339290 1340.5
1339300 1340.5
1339310 1337.3
1339320 1337.3
1339330 1337.3
1339340 1340.8
1339350 1345.6
1339360 1345.6
1339370 1351.3
1339380 1357.0
1339390 1357.0
1339400 1360.9
1339410 1364.2
1339420 1364.2
1339430 1368.4
1339440 1372.7
1339450 1372.7
1339460 1377.1
1339470 1382.0
1339480 1382.0
1339490 1387.5
1339500 1392.9
1339510 1392.9
1339520 1398.1
1339530 1402.8
1339540 1402.8
1339550 1407.0
1339560 1410.4
1339570 1410.4
1339580 1414.4
1339590 1418.8
1339600 1423.2
1339610 1423.2
1339620 1428.0
1339630 1433.8
1339640 1433.8
1339650 1440.5
1339660 1447.5
1339670 1447.5
1339680 1454.3
1339690 1462.0
1339700 1462.0
1339710 1472.0
1339720 1482.7
1339730 1482.7
1339740 1493.5
1339750 1503.0
1339760 1503.0
1339770 1511.8
1339780 1521.2
1339790 1521.2
1339800 1530.1
1339810 1538.9
1339820 1538.9
1339830 1546.8
1339840 1553.8
1339850 1555.6
1339860 1562.4
1339870 1569.4
1339880 1575.1
1339890 1575.1
1339900 1580.2
1339910 1583.8
1339920 1583.8
1339930 1579.6
1339940 1572.2
1339950 1572.2
1339960 1564.0
1339970 1559.0
1339980 1559.0
1339990 1554.3
