1320000 664.1
1320010 668.6
1320020 674.4
1320030 674.4
1320040 680.6
1320050 686.9
1320060 686.9
1320070 693.3
1320080 699.3
1320090 699.3
1320100 705.4
1320110 711.4
1320120 711.4
1320130 717.0
1320140 722.1
1320150 727.6
1320160 727.6
1320170 733.0
1320180 737.6
1320190 737.6
1320200 742.4
1320210 747.8
1320220 747.8
1320230 753.0
1320240 758.4
1320250 758.4
1320260 764.4
1320270 770.7
1320280 770.7
1320290 775.9
1320300 782.8
1320310 782.8
1320320 789.8
1320330 796.8
1320340 796.8
1320350 804.2
1320360 810.7
1320370 810.7
1320380 816.2
1320390 822.1
1320400 822.1
1320410 828.9
1320420 836.3
1320430 836.3
1320440 845.0
1320450 857.0
1320460 863.5
1320470 863.5
1320480 869.1
1320490 873.5
1320500 873.5
1320510 877.0
1320520 879.5
1320530 879.5
1320540 882.0
1320550 885.9
1320560 885.9
1320570 891.7
1320580 897.7
1320590 897.7
1320600 902.0
1320610 900.4
1320620 900.4
1320630 903.5
1320640 906.1
1320650 906.1
1320660 905.8
1320670 905.4
1320680 905.4
1320690 906.6
1320700 907.9
1320710 907.9
1320720 908.6
1320730 908.2
1320740 905.5
1320750 905.5
1320760 906.7
1320770 907.7
1320780 907.7
1320790 908.6
1320800 909.8
1320810 909.8
1320820 910.2
1320830 909.9
1320840 909.9
1320850 909.9
1320860 909.8
1320870 909.8
1320880 910.0
1320890 911.8
1320900 911.8
1320910 914.7
1320920 918.0
1320930 918.0
1320940 922.0
1320950 927.5
1320960 927.5
1320970 932.9
1320980 935.9
1320990 935.9
1321000 937.2
1321010 939.3
1321020 939.3
1321030 942.3
1321040 945.9
1321050 949.2
1321060 949.2
1321070 952.2
1321080 955.7
1321090 955.7
1321100 958.5
1321110 962.1
1321120 962.1
1321130 967.3
1321140 973.3
1321150 973.3
1321160 979.4
1321170 985.5
1321180 985.5
1321190 988.9
1321200 995.0
1321210 995.0
1321220 1000.5
1321230 1006.3
1321240 1006.3
1321250 1012.8
1321260 1019.5
1321270 1019.5
1321280 1026.5
1321290 1033.8
1321300 1033.8
1321310 1044.3
1321320 1054.9
1321330 1064.6
1321340 1064.6
1321350 1072.0
1321360 1076.4
1321370 1076.4
1321380 1079.2
1321390 1074.2
1321400 1074.2
1321410 1077.0
1321420 1078.9
1321430 1078.9
1321440 1080.2
1321450 1080.8
1321460 1080.8
1321470 1081.9
1321480 1083.9
1321490 1083.9
1321500 1086.1
1321510 1088.5
1321520 1088.5
1321530 1091.8
1321540 1095.5
1321550 1095.5
1321560 1097.7
1321570 1100.0
1321580 1100.0
1321590 1103.1
1321600 1105.3
1321610 1105.3
1321620 1106.5
1321630 1107.7
1321640 1109.2
1321650 1109.2
1321660 1111.2
1321670 1114.6
1321680 1114.6
1321690 1119.7
1321700 1124.1
1321710 1124.1
1321720 1126.1
1321730 1126.2
1321740 1126.2
1321750 1126.0
1321760 1126.5
1321770 1126.5
1321780 1126.9
1321790 1127.1
1321800 1127.1
1321810 1127.2
1321820 1127.1
1321830 1127.1
1321840 1127.0
1321850 1127.1
1321860 1127.1
1321870 1127.2
1321880 1127.0
1321890 1127.0
1321900 1126.7
1321910 1126.8
1321920 1126.8
1321930 1127.4
1321940 1128.1
1321950 1128.2
1321960 1128.2
1321970 1128.1
1321980 1127.5
1321990 1127.5
1322000 1126.1
1322010 1122.7
1322020 1122.7
1322030 1119.6
1322040 1117.1
1322050 1117.1
1322060 1114.5
1322070 1112.4
1322080 1112.4
1322090 1110.6
1322100 1108.9
1322110 1108.9
1322120 1107.6
1322130 1106.8
1322140 1106.8
1322150 1106.5
1322160 1106.6
1322170 1107.2
1322180 1107.3
1322190 1107.4
1322200 1107.4
1322210 1107.3
1322220 1107.8
1322230 1109.3
1322240 1109.3
1322250 1110.6
1322260 1112.0
1322270 1112.0
1322280 1114.7
1322290 1118.1
1322300 1118.1
1322310 1122.4
1322320 1124.9
1322330 1124.9
1322340 1126.4
1322350 1128.1
1322360 1128.1
1322370 1130.7
1322380 1134.1
1322390 1134.1
1322400 1139.1
1322410 1145.4
1322420 1145.4
1322430 1150.8
1322440 1155.9
1322450 1155.9
1322460 1160.1
1322470 1163.9
1322480 1163.9
1322490 1167.0
1322500 1170.5
1322510 1170.5
1322520 1173.6
1322530 1177.0
1322540 1179.5
1322550 1179.5
1322560 1183.2
1322570 1187.6
1322580 1187.6
1322590 1192.3
1322600 1196.6
1322610 1196.6
1322620 1199.8
1322630 1202.1
1322640 1202.1
1322650 1203.5
1322660 1204.5
1322670 1204.5
1322680 1207.3
1322690 1211.6
1322700 1211.6
1322710 1216.3
1322720 1219.9
1322730 1219.9
1322740 1222.3
1322750 1224.1
1322760 1224.1
1322770 1226.6
1322780 1229.4
1322790 1229.4
1322800 1232.9
1322810 1235.1
1322820 1236.5
1322830 1236.5
1322840 1238.5
1322850 1240.9
1322860 1240.9
1322870 1243.5
1322880 1245.6
1322890 1245.6
1322900 1247.4
1322910 1248.7
1322920 1248.7
1322930 1249.7
1322940 1251.6
1322950 1251.6
1322960 1257.3
1322970 1259.3
1322980 1259.3
1322990 1260.8
1323000 1262.6
1323010 1262.6
1323020 1264.4
1323030 1265.9
1323040 1265.9
1323050 1267.0
1323060 1267.9
1323070 1267.9
1323080 1269.1
1323090 1268.9
1323100 1268.9
1323110 1270.3
1323120 1272.7
1323130 1274.6
1323140 1274.6
1323150 1275.0
1323160 1272.1
1323170 1272.1
1323180 1269.1
1323190 1266.5
1323200 1266.5
1323210 1265.0
1323220 1264.0
1323230 1264.0
1323240 1263.7
1323250 1264.6
1323260 1264.6
1323270 1265.1
1323280 1265.1
1323290 1265.1
1323300 1265.0
1323310 1265.2
1323320 1265.2
1323330 1264.6
1323340 1263.5
1323350 1263.5
1323360 1262.7
1323370 1262.3
1323380 1262.3
1323390 1263.9
1323400 1266.1
1323410 1267.2
1323420 1267.2
1323430 1267.0
1323440 1267.6
1323450 1267.6
1323460 1268.0
1323470 1268.0
1323480 1268.0
1323490 1268.0
1323500 1267.9
1323510 1267.9
1323520 1267.6
1323530 1266.4
1323540 1266.4
1323550 1265.3
1323560 1267.6
1323570 1267.6
1323580 1268.5
1323590 1267.2
1323600 1267.2
1323610 1265.7
1323620 1263.2
1323630 1263.2
1323640 1258.9
1323650 1253.1
1323660 1253.1
1323670 1246.9
1323680 1241.4
1323690 1241.4
1323700 1235.6
1323710 1230.0
1323720 1226.9
1323730 1226.9
1323740 1226.2
1323750 1230.2
1323760 1230.2
1323770 1230.9
1323780 1231.0
1323790 1231.0
1323800 1231.5
1323810 1232.0
1323820 1232.0
1323830 1231.2
1323840 1229.2
1323850 1229.2
1323860 1225.6
1323870 1221.8
1323880 1221.8
1323890 1219.7
1323900 1217.5
1323910 1217.5
1323920 1216.2
1323930 1215.2
1323940 1215.2
1323950 1213.9
1323960 1212.1
1323970 1212.1
1323980 1208.9
1323990 1205.8
1324000 1205.8
1324010 1203.4
1324020 1202.0
1324030 1199.9
1324040 1199.9
1324050 1195.9
1324060 1192.3
1324070 1192.3
1324080 1189.6
1324090 1188.9
1324100 1188.9
1324110 1188.2
1324120 1185.7
1324130 1185.7
1324140 1183.1
1324150 1180.3
1324160 1180.3
1324170 1177.6
1324180 1175.8
1324190 1175.8
1324200 1174.1
1324210 1172.0
1324220 1172.0
1324230 1169.8
1324240 1167.2
1324250 1167.2
1324260 1164.3
1324270 1161.3
1324280 1161.3
1324290 1158.3
1324300 1155.8
1324310 1154.3
1324320 1154.3
1324330 1152.5
1324340 1149.8
1324350 1149.8
1324360 1147.1
1324370 1144.8
1324380 1144.8
1324390 1141.1
1324400 1136.5
1324410 1136.5
1324420 1132.1
1324430 1128.9
1324440 1128.9
1324450 1125.9
1324460 1121.7
1324470 1121.7
1324480 1115.9
1324490 1110.4
1324500 1110.4
1324510 1105.3
1324520 1101.1
1324530 1101.1
1324540 1096.0
1324550 1090.8
1324560 1090.8
1324570 1083.8
1324580 1076.8
1324590 1076.8
1324600 1071.4
1324610 1065.6
1324620 1059.3
1324630 1059.3
1324640 1061.0
1324650 1062.4
1324660 1062.4
1324670 1063.5
1324680 1065.4
1324690 1065.4
1324700 1067.7
1324710 1067.0
1324720 1067.0
1324730 1063.2
1324740 1059.3
1324750 1059.3
1324760 1054.9
1324770 1050.7
1324780 1050.7
1324790 1047.9
1324800 1045.4
1324810 1045.4
1324820 1042.8
1324830 1041.6
1324840 1041.6
1324850 1041.4
1324860 1040.9
1324870 1040.9
1324880 1039.3
1324890 1037.4
1324900 1036.2
1324910 1036.2
1324920 1035.6
1324930 1035.2
1324940 1035.2
1324950 1035.4
1324960 1037.7
1324970 1037.7
1324980 1040.2
1324990 1042.1
1325000 1042.1
1325010 1043.6
1325020 1043.0
1325030 1043.0
1325040 1040.6
1325050 1036.3
1325060 1036.3
1325070 1027.6
1325080 1017.1
1325090 1017.1
1325100 1007.8
1325110 1001.5
1325120 1001.5
1325130 1003.8
1325140 1010.8
1325150 1010.8
1325160 1018.1
1325170 1025.0
1325180 1025.0
1325190 1030.3
1325200 1031.6
1325210 1032.0
1325220 1032.0
1325230 1033.5
1325240 1035.7
1325250 1035.7
1325260 1038.2
1325270 1040.7
1325280 1040.7
1325290 1042.6
1325300 1043.7
1325310 1043.7
1325320 1044.9
1325330 1045.7
1325340 1045.7
1325350 1046.7
1325360 1046.9
1325370 1046.9
1325380 1047.3
1325390 1048.7
1325400 1048.7
1325410 1051.4
1325420 1055.0
1325430 1055.0
1325440 1058.5
1325450 1063.1
1325460 1063.1
1325470 1068.4
1325480 1073.9
1325490 1078.7
1325500 1078.7
1325510 1082.0
1325520 1084.0
1325530 1084.0
1325540 1085.1
1325550 1085.6
1325560 1085.6
1325570 1086.4
1325580 1086.9
1325590 1086.9
1325600 1087.9
1325610 1088.6
1325620 1088.6
1325630 1089.3
1325640 1089.9
1325650 1089.9
1325660 1090.4
1325670 1090.6
1325680 1090.6
1325690 1090.4
1325700 1089.2
1325710 1089.2
1325720 1088.2
1325730 1087.7
1325740 1087.7
1325750 1085.8
1325760 1084.2
1325770 1084.2
1325780 1085.0
1325790 1085.2
1325800 1085.3
1325810 1085.3
1325820 1085.3
1325830 1085.2
1325840 1085.2
1325850 1085.1
1325860 1085.6
1325870 1085.6
1325880 1085.9
1325890 1083.2
1325900 1083.2
1325910 1079.7
1325920 1075.6
1325930 1075.6
1325940 1070.7
1325950 1065.2
1325960 1065.2
1325970 1059.2
1325980 1054.7
1325990 1054.7
1326000 1053.5
1326010 1054.3
1326020 1054.3
1326030 1053.8
1326040 1054.1
1326050 1054.1
1326060 1054.8
1326070 1055.3
1326080 1055.3
1326090 1055.3
1326100 1054.6
1326110 1054.9
1326120 1054.9
1326130 1055.6
1326140 1056.5
1326150 1060.9
1326160 1061.7
1326170 1061.0
1326180 1061.0
1326190 1059.4
1326200 1056.9
1326210 1056.9
1326220 1054.4
1326230 1052.7
1326240 1052.7
1326250 1051.8
1326260 1051.0
1326270 1051.0
1326280 1048.3
1326290 1040.8
1326300 1040.8
1326310 1033.5
1326320 1025.6
1326330 1025.6
1326340 1018.3
1326350 1012.9
1326360 1012.9
1326370 1007.4
1326380 1003.3
1326390 999.7
1326400 999.7
1326410 995.9
1326420 993.7
1326430 993.7
1326440 993.0
1326450 991.9
1326460 991.9
1326470 990.0
1326480 986.7
1326490 986.7
1326500 982.2
1326510 975.8
1326520 975.8
1326530 969.0
1326540 962.2
1326550 962.2
1326560 955.6
1326570 953.9
1326580 953.9
1326590 959.7
1326600 964.9
1326610 964.9
1326620 972.0
1326630 980.3
1326640 980.3
1326650 989.2
1326660 998.8
1326670 998.8
1326680 1004.8
1326690 1009.3
1326700 1015.2
1326710 1015.2
1326720 1021.2
1326730 1027.9
1326740 1027.9
1326750 1034.8
1326760 1040.5
1326770 1040.5
1326780 1043.7
1326790 1046.1
1326800 1046.1
1326810 1048.1
1326820 1049.8
1326830 1049.8
1326840 1051.8
1326850 1051.6
1326860 1051.6
1326870 1051.1
1326880 1053.8
1326890 1053.8
1326900 1056.1
1326910 1059.1
1326920 1059.1
1326930 1062.3
1326940 1065.7
1326950 1065.7
1326960 1072.7
1326970 1076.3
1326980 1079.5
1326990 1079.5
1327000 1081.7
1327010 1083.0
1327020 1083.0
1327030 1083.7
1327040 1084.6
1327050 1084.6
1327060 1085.9
1327070 1087.4
1327080 1087.4
1327090 1089.2
1327100 1090.5
1327110 1090.5
1327120 1091.6
1327130 1093.1
1327140 1093.1
1327150 1094.9
1327160 1097.5
1327170 1097.5
1327180 1099.8
1327190 1101.5
1327200 1101.5
1327210 1102.5
1327220 1103.0
1327230 1103.0
1327240 1103.2
1327250 1103.3
1327260 1103.3
1327270 1104.5
1327280 1107.1
1327290 1110.6
1327300 1110.6
1327310 1113.6
1327320 1114.7
1327330 1114.7
1327340 1115.2
1327350 1117.1
1327360 1117.1
1327370 1119.7
1327380 1121.4
1327390 1121.4
1327400 1122.2
1327410 1123.4
1327420 1123.4
1327430 1124.4
1327440 1125.0
1327450 1125.0
1327460 1125.6
1327470 1127.0
1327480 1127.0
1327490 1129.5
1327500 1131.5
1327510 1131.5
1327520 1132.8
1327530 1133.9
1327540 1133.9
1327550 1134.9
1327560 1135.2
1327570 1133.2
1327580 1133.2
1327590 1131.1
1327600 1132.6
1327610 1132.6
1327620 1137.0
1327630 1138.9
1327640 1138.9
1327650 1138.6
1327660 1138.5
1327670 1138.5
1327680 1137.2
1327690 1134.0
1327700 1134.0
1327710 1132.5
1327720 1133.9
1327730 1133.9
1327740 1135.7
1327750 1135.0
1327760 1135.0
1327770 1137.3
1327780 1133.7
1327790 1133.7
1327800 1130.1
1327810 1129.0
1327820 1129.0
1327830 1131.0
1327840 1133.5
1327850 1133.5
1327860 1135.3
1327870 1134.1
1327880 1131.8
1327890 1131.8
1327900 1131.0
1327910 1131.2
1327920 1131.2
1327930 1131.2
1327940 1130.3
1327950 1130.3
1327960 1129.0
1327970 1129.1
1327980 1129.1
1327990 1129.7
1328000 1128.8
1328010 1128.8
1328020 1125.1
1328030 1120.8
1328040 1120.8
1328050 1116.1
1328060 1114.8
1328070 1114.8
1328080 1114.6
1328090 1114.4
1328100 1114.4
1328110 1115.8
1328120 1116.2
1328130 1116.2
1328140 1113.2
1328150 1106.9
1328160 1105.1
1328170 1105.1
1328180 1112.0
1328190 1116.8
1328200 1116.8
1328210 1123.1
1328220 1126.2
1328230 1126.2
1328240 1126.7
1328250 1126.6
1328260 1126.6
1328270 1127.1
1328280 1125.8
1328290 1125.8
1328300 1121.3
1328310 1115.4
1328320 1115.4
1328330 1110.9
1328340 1109.4
1328350 1109.4
1328360 1114.7
1328370 1122.1
1328380 1122.1
1328390 1126.5
1328400 1128.0
1328410 1128.0
1328420 1128.4
1328430 1128.7
1328440 1128.7
1328450 1128.6
1328460 1128.6
1328470 1128.4
1328480 1128.4
1328490 1125.5
1328500 1119.0
1328510 1119.0
1328520 1119.0
1328530 1124.9
1328540 1124.9
1328550 1128.4
1328560 1129.8
1328570 1129.8
1328580 1130.3
1328590 1134.1
1328600 1134.1
1328610 1133.4
1328620 1132.2
1328630 1132.2
1328640 1131.4
1328650 1131.7
1328660 1131.7
1328670 1131.1
1328680 1129.7
1328690 1129.7
1328700 1128.9
1328710 1127.7
1328720 1127.7
1328730 1126.4
1328740 1125.1
1328750 1123.5
1328760 1123.5
1328770 1121.3
1328780 1121.0
1328790 1121.0
1328800 1120.2
1328810 1119.2
1328820 1119.2
1328830 1118.5
1328840 1117.3
1328850 1117.3
1328860 1116.3
1328870 1116.0
1328880 1116.0
1328890 1116.0
1328900 1115.6
1328910 1115.6
1328920 1115.1
1328930 1114.0
1328940 1114.0
1328950 1110.7
1328960 1104.3
1328970 1104.3
1328980 1099.0
1328990 1091.8
1329000 1091.8
1329010 1086.8
1329020 1087.1
1329030 1087.1
1329040 1091.1
1329050 1096.0
1329060 1101.4
1329070 1101.4
1329080 1101.6
1329090 1100.7
1329100 1100.7
1329110 1099.8
1329120 1098.6
1329130 1098.6
1329140 1097.2
1329150 1095.7
1329160 1095.7
1329170 1093.7
1329180 1091.3
1329190 1091.3
1329200 1088.0
1329210 1084.9
1329220 1084.9
1329230 1081.7
1329240 1078.6
1329250 1078.6
1329260 1075.7
1329270 1073.2
1329280 1073.2
1329290 1073.1
1329300 1073.2
1329310 1073.2
1329320 1073.1
1329330 1072.8
1329340 1072.3
1329350 1072.3
1329360 1071.7
1329370 1070.7
1329380 1070.7
1329390 1069.4
1329400 1068.1
1329410 1071.3
1329420 1069.8
1329430 1068.0
1329440 1068.0
1329450 1066.0
1329460 1064.2
1329470 1064.2
1329480 1062.4
1329490 1060.4
1329500 1060.4
1329510 1058.2
1329520 1056.0
1329530 1056.0
1329540 1054.3
1329550 1052.7
1329560 1052.7
1329570 1050.4
1329580 1046.9
1329590 1046.9
1329600 1043.3
1329610 1039.9
1329620 1039.9
1329630 1036.7
1329640 1033.8
1329650 1030.3
1329660 1030.3
1329670 1024.5
1329680 1021.0
1329690 1021.0
1329700 1026.2
1329710 1029.1
1329720 1029.1
1329730 1027.6
1329740 1024.0
1329750 1024.0
1329760 1019.1
1329770 1016.4
1329780 1016.4
1329790 1015.2
1329800 1015.1
1329810 1015.1
1329820 1014.3
1329830 1012.8
1329840 1012.8
1329850 1011.2
1329860 1009.4
1329870 1009.4
1329880 1007.3
1329890 1005.2
1329900 1005.2
1329910 1002.8
1329920 1001.0
1329930 1001.0
1329940 999.6
1329950 998.2
1329960 996.8
1329970 996.8
1329980 995.5
1329990 994.5
1330000 994.5
1330010 993.3
1330020 991.4
1330030 991.4
1330040 989.2
1330050 986.9
1330060 986.9
1330070 984.2
1330080 981.9
1330090 981.9
1330100 980.0
1330110 978.3
1330120 978.3
1330130 977.3
1330140 976.4
1330150 976.4
1330160 974.8
1330170 972.0
1330180 972.0
1330190 969.3
1330200 966.5
1330210 966.5
1330220 964.1
1330230 964.8
1330240 962.1
1330250 962.1
1330260 959.7
1330270 957.2
1330280 957.2
1330290 954.4
1330300 951.4
1330310 951.4
1330320 948.5
1330330 946.6
1330340 946.6
1330350 943.8
1330360 941.0
1330370 941.0
1330380 938.9
1330390 936.3
1330400 936.3
1330410 931.4
1330420 928.0
1330430 928.0
1330440 924.2
1330450 922.9
1330460 922.9
1330470 925.8
1330480 927.5
1330490 927.5
1330500 928.3
1330510 929.8
1330520 929.8
1330530 934.5
1330540 940.3
1330550 943.6
1330560 943.6
1330570 947.3
1330580 951.8
1330590 951.8
1330600 956.5
1330610 961.3
1330620 961.3
1330630 966.2
1330640 972.1
1330650 972.1
1330660 978.2
1330670 982.7
1330680 982.7
1330690 986.9
1330700 990.1
1330710 990.1
1330720 992.6
1330730 995.8
1330740 995.8
1330750 998.5
1330760 1001.5
1330770 1001.5
1330780 1004.7
1330790 1007.9
1330800 1007.9
1330810 1011.1
1330820 1013.9
1330830 1016.4
1330840 1016.4
1330850 1018.6
1330860 1021.0
1330870 1021.0
1330880 1023.2
1330890 1025.1
1330900 1025.1
1330910 1027.3
1330920 1030.8
1330930 1030.8
1330940 1034.1
1330950 1035.9
1330960 1035.9
1330970 1037.5
1330980 1039.1
1330990 1039.1
1331000 1041.9
1331010 1044.9
1331020 1044.9
1331030 1047.0
1331040 1049.5
1331050 1049.5
1331060 1050.8
1331070 1054.3
1331080 1054.3
1331090 1058.5
1331100 1062.5
1331110 1062.5
1331120 1066.3
1331130 1069.6
1331140 1073.1
1331150 1073.1
1331160 1076.7
1331170 1080.3
1331180 1080.3
1331190 1083.8
1331200 1087.4
1331210 1087.4
1331220 1090.9
1331230 1094.9
1331240 1094.9
1331250 1098.9
1331260 1102.6
1331270 1102.6
1331280 1105.5
1331290 1108.8
1331300 1108.8
1331310 1113.5
1331320 1116.9
1331330 1116.9
1331340 1120.6
1331350 1124.4
1331360 1124.4
1331370 1127.7
1331380 1130.4
1331390 1130.4
1331400 1132.5
1331410 1134.4
1331420 1136.6
1331430 1136.6
1331440 1139.1
1331450 1141.5
1331460 1141.5
1331470 1143.3
1331480 1144.6
1331490 1144.6
1331500 1145.9
1331510 1148.1
1331520 1148.1
1331530 1152.4
1331540 1156.2
1331550 1156.2
1331560 1159.9
1331570 1166.2
1331580 1166.2
1331590 1172.3
1331600 1177.6
1331610 1177.6
1331620 1182.8
1331630 1188.0
1331640 1188.0
1331650 1193.4
1331660 1198.2
1331670 1198.2
1331680 1202.5
1331690 1206.8
1331700 1206.8
1331710 1211.1
1331720 1215.3
1331730 1220.3
1331740 1220.3
1331750 1224.5
1331760 1227.8
1331770 1227.8
1331780 1232.3
1331790 1237.7
1331800 1237.7
1331810 1242.9
1331820 1247.8
1331830 1247.8
1331840 1253.2
1331850 1258.6
1331860 1258.6
1331870 1265.4
1331880 1272.6
1331890 1271.2
1331900 1277.8
1331910 1284.4
1331920 1284.4
1331930 1290.8
1331940 1297.1
1331950 1297.1
1331960 1303.5
1331970 1309.9
1331980 1309.9
1331990 1316.0
1332000 1321.6
1332010 1326.9
1332020 1326.9
1332030 1332.5
1332040 1337.8
1332050 1337.8
1332060 1343.1
1332070 1347.9
1332080 1347.9
1332090 1352.3
1332100 1356.3
1332110 1356.3
1332120 1360.0
1332130 1364.0
1332140 1364.0
1332150 1367.7
1332160 1370.9
1332170 1370.9
1332180 1373.8
1332190 1377.2
1332200 1377.2
1332210 1380.2
1332220 1383.3
1332230 1383.3
1332240 1386.7
1332250 1390.0
1332260 1390.0
1332270 1392.6
1332280 1395.2
1332290 1395.2
1332300 1397.8
1332310 1401.3
1332320 1404.5
1332330 1404.5
1332340 1406.8
1332350 1408.6
1332360 1408.6
1332370 1410.6
1332380 1412.8
1332390 1412.8
1332400 1413.6
1332410 1411.9
1332420 1411.9
1332430 1412.0
1332440 1413.0
1332450 1413.0
1332460 1413.8
1332470 1415.9
1332480 1415.9
1332490 1417.5
1332500 1420.4
1332510 1420.4
1332520 1425.9
1332530 1430.8
1332540 1430.8
1332550 1434.1
1332560 1439.2
1332570 1439.2
1332580 1444.5
1332590 1450.6
1332600 1456.4
1332610 1456.4
1332620 1462.5
1332630 1468.8
1332640 1468.8
1332650 1475.1
1332660 1480.9
1332670 1480.9
1332680 1486.4
1332690 1491.4
1332700 1491.4
1332710 1494.6
1332720 1496.4
1332730 1491.0
1332740 1492.5
1332750 1493.1
1332760 1493.1
1332770 1492.5
1332780 1491.9
1332790 1491.9
1332800 1490.3
1332810 1488.3
1332820 1488.3
1332830 1487.3
1332840 1487.7
1332850 1487.7
1332860 1488.2
1332870 1490.3
1332880 1490.3
1332890 1490.4
1332900 1493.7
1332910 1496.1
1332920 1496.1
1332930 1496.3
1332940 1497.3
1332950 1497.3
1332960 1498.5
1332970 1503.1
1332980 1503.1
1332990 1511.3
1333000 1520.0
1333010 1520.0
1333020 1528.2
1333030 1536.1
1333040 1536.1
1333050 1543.3
1333060 1550.9
1333070 1550.9
1333080 1558.1
1333090 1565.1
1333100 1565.1
1333110 1571.4
1333120 1577.4
1333130 1577.4
1333140 1583.6
1333150 1589.8
1333160 1589.8
1333170 1594.5
1333180 1597.9
1333190 1601.0
1333200 1601.0
1333210 1604.3
1333220 1607.6
1333230 1607.6
1333240 1610.5
1333250 1612.2
1333260 1612.2
1333270 1612.2
1333280 1611.0
1333290 1611.0
1333300 1610.0
1333310 1608.7
1333320 1608.7
1333330 1608.1
1333340 1609.0
1333350 1609.0
1333360 1613.4
1333370 1616.0
1333380 1616.0
1333390 1616.7
1333400 1615.0
1333410 1615.0
1333420 1613.5
1333430 1619.4
1333440 1619.4
1333450 1626.1
1333460 1634.1
1333470 1634.1
1333480 1642.3
1333490 1649.6
1333500 1655.4
1333510 1655.4
1333520 1659.4
1333530 1663.4
1333540 1663.4
1333550 1668.9
1333560 1674.3
1333570 1666.5
1333580 1673.4
1333590 1681.2
1333600 1681.2
1333610 1688.9
1333620 1696.7
1333630 1696.7
1333640 1705.2
1333650 1714.1
1333660 1714.1
1333670 1723.0
1333680 1729.0
1333690 1729.0
1333700 1734.4
1333710 1739.5
1333720 1739.5
1333730 1744.1
1333740 1747.8
1333750 1747.8
1333760 1751.4
1333770 1756.2
1333780 1762.1
1333790 1762.1
1333800 1767.6
1333810 1771.4
1333820 1771.4
1333830 1774.8
1333840 1777.9
1333850 1777.9
1333860 1782.6
1333870 1787.3
1333880 1787.3
1333890 1790.8
1333900 1793.1
1333910 1793.1
1333920 1794.7
1333930 1797.5
1333940 1797.5
1333950 1803.7
1333960 1812.0
1333970 1812.0
1333980 1820.6
1333990 1830.8
1334000 1830.8
1334010 1837.6
1334020 1843.7
1334030 1843.7
1334040 1852.7
1334050 1864.9
1334060 1864.9
1334070 1875.7
1334080 1882.5
1334090 1887.8
1334100 1887.8
1334110 1892.5
1334120 1895.3
1334130 1895.3
1334140 1894.5
1334150 1891.7
1334160 1891.7
1334170 1889.0
1334180 1883.5
1334190 1883.5
1334200 1877.0
1334210 1871.7
1334220 1871.7
1334230 1866.9
1334240 1863.1
1334250 1863.1
1334260 1861.7
1334270 1860.7
1334280 1860.7
1334290 1859.9
1334300 1858.8
1334310 1858.8
1334320 1856.4
1334330 1853.0
1334340 1853.0
1334350 1849.5
1334360 1847.0
1334370 1845.1
1334380 1845.1
1334390 1842.7
1334400 1839.9
1334410 1839.9
1334420 1836.9
1334430 1833.0
1334440 1833.0
1334450 1830.0
1334460 1827.2
1334470 1827.2
1334480 1824.2
1334490 1820.8
1334500 1820.8
1334510 1818.1
1334520 1815.5
1334530 1815.5
1334540 1812.7
1334550 1809.2
1334560 1809.2
1334570 1806.2
1334580 1803.1
1334590 1803.1
1334600 1799.9
1334610 1796.4
1334620 1796.4
1334630 1792.1
1334640 1786.9
1334650 1786.9
1334660 1781.0
1334670 1775.2
1334680 1768.7
1334690 1768.7
1334700 1763.5
1334710 1762.3
1334720 1762.3
1334730 1760.0
1334740 1754.9
1334750 1754.9
1334760 1750.7
1334770 1747.8
1334780 1747.8
1334790 1744.7
1334800 1739.8
1334810 1739.8
1334820 1736.9
1334830 1737.4
1334840 1737.4
1334850 1732.7
1334860 1725.7
1334870 1725.7
1334880 1724.9
1334890 1724.2
1334900 1724.2
1334910 1723.7
1334920 1718.6
1334930 1718.6
1334940 1711.6
1334950 1705.5
1334960 1701.0
1334970 1701.0
1334980 1695.1
1334990 1689.8
1335000 1689.8
1335010 1684.7
1335020 1680.0
1335030 1680.0
1335040 1676.5
1335050 1672.4
1335060 1672.4
1335070 1669.8
1335080 1667.9
1335090 1667.9
1335100 1664.6
1335110 1660.4
1335120 1660.4
1335130 1656.0
1335140 1650.7
1335150 1650.7
1335160 1645.8
1335170 1641.5
1335180 1641.5
1335190 1638.7
1335200 1635.8
1335210 1635.8
1335220 1632.2
1335230 1628.1
1335240 1628.1
1335250 1623.4
1335260 1619.0
1335270 1614.6
1335280 1614.6
1335290 1610.5
1335300 1603.7
1335310 1603.7
1335320 1598.0
1335330 1593.2
1335340 1593.2
1335350 1587.8
1335360 1581.2
1335370 1581.2
1335380 1573.8
1335390 1566.0
1335400 1566.0
1335410 1561.7
1335420 1558.7
1335430 1558.7
1335440 1557.2
1335450 1552.4
1335460 1552.4
1335470 1547.3
1335480 1544.6
1335490 1544.6
1335500 1543.7
1335510 1540.0
1335520 1540.0
1335530 1534.8
1335540 1529.3
1335550 1529.3
1335560 1523.7
1335570 1519.4
1335580 1515.9
1335590 1515.9
1335600 1511.1
1335610 1505.2
1335620 1505.2
1335630 1498.8
1335640 1492.2
1335650 1492.2
1335660 1486.4
1335670 1482.3
1335680 1482.3
1335690 1478.7
1335700 1477.5
1335710 1477.5
1335720 1474.2
1335730 1467.5
1335740 1467.5
1335750 1459.0
1335760 1451.3
1335770 1451.3
1335780 1444.2
1335790 1441.2
1335800 1441.2
1335810 1448.4
1335820 1453.2
1335830 1453.2
1335840 1453.9
1335850 1454.2
1335860 1458.7
1335870 1458.7
1335880 1465.9
1335890 1473.7
1335900 1473.7
1335910 1479.4
1335920 1484.0
1335930 1484.0
1335940 1491.0
1335950 1496.3
1335960 1496.3
1335970 1498.0
1335980 1499.2
1335990 1499.2
1336000 1498.0
1336010 1491.4
1336020 1491.4
1336030 1484.4
1336040 1479.2
1336050 1479.2
1336060 1478.0
1336070 1478.3
1336080 1478.3
1336090 1476.2
1336100 1473.8
1336110 1473.8
1336120 1472.2
1336130 1478.3
1336140 1478.3
1336150 1477.6
1336160 1474.6
1336170 1471.1
1336180 1471.1
1336190 1468.5
1336200 1465.2
1336210 1465.2
1336220 1461.9
1336230 1458.0
1336240 1458.0
1336250 1455.1
1336260 1451.8
1336270 1451.8
1336280 1449.9
1336290 1447.8
1336300 1447.8
1336310 1445.9
1336320 1444.9
1336330 1444.9
1336340 1442.9
1336350 1439.7
1336360 1439.7
1336370 1436.5
1336380 1433.8
1336390 1433.8
1336400 1430.9
1336410 1428.0
1336420 1428.0
1336430 1425.0
1336440 1421.3
1336450 1417.4
1336460 1417.4
1336470 1413.2
1336480 1408.3
1336490 1408.3
1336500 1403.1
1336510 1396.9
1336520 1396.9
1336530 1390.6
1336540 1384.1
1336550 1384.1
1336560 1377.2
1336570 1370.5
1336580 1370.5
1336590 1364.0
1336600 1357.7
1336610 1357.7
1336620 1351.6
1336630 1345.0
1336640 1345.0
1336650 1339.0
1336660 1333.6
1336670 1333.6
1336680 1327.7
1336690 1322.0
1336700 1322.0
1336710 1316.3
1336720 1309.4
1336730 1309.4
1336740 1303.6
1336750 1298.7
1336760 1293.6
1336770 1293.6
1336780 1289.7
1336790 1285.9
1336800 1285.9
1336810 1281.9
1336820 1277.8
1336830 1277.8
1336840 1273.2
1336850 1268.4
1336860 1268.4
1336870 1264.4
1336880 1260.8
1336890 1260.8
1336900 1257.0
1336910 1253.4
1336920 1253.4
1336930 1249.9
1336940 1245.0
1336950 1245.0
1336960 1239.5
1336970 1234.1
1336980 1234.1
1336990 1231.8
1337000 1227.1
1337010 1227.1
1337020 1223.5
1337030 1220.6
1337040 1217.4
1337050 1217.4
1337060 1214.0
1337070 1210.4
1337080 1210.4
1337090 1206.6
1337100 1203.3
1337110 1203.3
1337120 1199.3
1337130 1194.6
1337140 1194.6
1337150 1189.3
1337160 1181.2
1337170 1181.2
1337180 1174.8
1337190 1171.0
1337200 1171.0
1337210 1164.7
1337220 1159.9
1337230 1159.9
1337240 1155.5
1337250 1151.4
1337260 1151.4
1337270 1147.4
1337280 1144.0
1337290 1144.0
1337300 1142.7
1337310 1140.1
1337320 1140.1
1337330 1138.5
1337340 1137.1
1337350 1135.7
1337360 1135.7
1337370 1134.2
1337380 1130.7
1337390 1130.7
1337400 1125.6
1337410 1124.0
1337420 1124.0
1337430 1123.0
1337440 1121.6
1337450 1121.6
1337460 1120.8
1337470 1119.5
1337480 1119.5
1337490 1116.5
1337500 1114.5
1337510 1114.5
1337520 1114.1
1337530 1112.7
1337540 1112.7
1337550 1111.8
1337560 1110.8
1337570 1110.8
1337580 1113.4
1337590 1118.4
1337600 1118.4
1337610 1122.1
1337620 1126.4
1337630 1130.2
1337640 1130.2
1337650 1133.9
1337660 1137.0
1337670 1137.0
1337680 1140.7
1337690 1147.1
1337700 1147.1
1337710 1151.7
1337720 1155.2
1337730 1155.2
1337740 1159.2
1337750 1163.2
1337760 1163.2
1337770 1166.9
1337780 1170.3
1337790 1170.3
1337800 1174.4
1337810 1178.4
1337820 1178.4
1337830 1182.6
1337840 1186.4
1337850 1186.4
1337860 1192.8
1337870 1195.0
1337880 1195.0
1337890 1195.5
1337900 1194.7
1337910 1194.7
1337920 1195.8
1337930 1199.2
1337940 1199.7
1337950 1199.7
1337960 1199.7
1337970 1200.5
1337980 1200.5
1337990 1201.7
1338000 1202.9
1338010 1202.9
1338020 1203.7
1338030 1204.0
1338040 1204.0
1338050 1206.4
1338060 1211.0
1338070 1211.0
1338080 1214.2
1338090 1216.6
1338100 1216.6
1338110 1219.9
1338120 1223.7
1338130 1223.7
1338140 1228.3
1338150 1233.1
1338160 1233.1
1338170 1237.3
1338180 1240.8
1338190 1240.8
1338200 1242.6
1338210 1243.3
1338220 1244.6
1338230 1244.6
1338240 1246.2
1338250 1247.0
1338260 1247.0
1338270 1247.3
1338280 1247.1
1338290 1247.1
1338300 1246.2
1338310 1245.6
1338320 1245.6
1338330 1244.9
1338340 1246.7
1338350 1246.7
1338360 1250.9
1338370 1255.7
1338380 1255.7
1338390 1260.2
1338400 1265.3
1338410 1265.3
1338420 1271.1
1338430 1276.4
1338440 1276.4
1338450 1280.6
1338460 1283.5
1338470 1283.5
1338480 1286.2
1338490 1290.4
1338500 1290.4
1338510 1294.3
1338520 1298.5
1338530 1301.7
1338540 1301.7
1338550 1306.1
1338560 1310.5
1338570 1310.5
1338580 1317.6
1338590 1323.9
1338600 1323.9
1338610 1330.1
1338620 1334.7
1338630 1334.7
1338640 1338.2
1338650 1341.7
1338660 1341.7
1338670 1345.1
1338680 1347.4
1338690 1347.4
1338700 1348.9
1338710 1350.5
1338720 1350.5
1338730 1353.1
1338740 1358.0
1338750 1358.0
1338760 1357.9
1338770 1357.4
1338780 1357.4
1338790 1357.1
1338800 1357.6
1338810 1358.6
1338820 1358.6
1338830 1359.4
1338840 1364.7
1338850 1364.7
1338860 1371.6
1338870 1378.7
1338880 1378.7
1338890 1385.7
1338900 1390.5
1338910 1390.5
1338920 1395.4
1338930 1402.4
1338940 1402.4
1338950 1410.6
1338960 1417.7
1338970 1417.7
1338980 1419.6
1338990 1418.5
1339000 1418.5
1339010 1416.5
1339020 1414.2
1339030 1414.2
1339040 1410.7
1339050 1406.1
1339060 1406.1
1339070 1400.6
1339080 1395.4
1339090 1395.4
1339100 1390.6
1339110 1385.7
1339120 1380.8
1339130 1380.8
1339140 1375.7
1339150 1370.4
1339160 1370.4
1339170 1364.7
1339180 1358.5
1339190 1358.5
1339200 1352.2
1339210 1346.1
1339220 1346.1
1339230 1340.0
1339240 1334.0
1339250 1334.0
1339260 1327.1
1339270 1320.7
1339280 1320.7
1339290 1313.5
1339300 1307.1
1339310 1307.1
1339320 1301.8
1339330 1296.5
1339340 1296.5
1339350 1290.9
1339360 1285.7
1339370 1285.7
1339380 1280.3
1339390 1275.2
1339400 1275.2
1339410 1269.2
1339420 1263.7
1339430 1258.4
1339440 1258.4
1339450 1253.0
1339460 1246.7
1339470 1246.7
1339480 1241.1
1339490 1235.3
1339500 1235.3
1339510 1227.9
1339520 1220.5
1339530 1220.5
1339540 1213.1
1339550 1207.2
1339560 1207.2
1339570 1201.9
1339580 1195.2
1339590 1195.2
1339600 1187.8
1339610 1176.9
1339620 1176.9
1339630 1170.8
1339640 1171.2
1339650 1171.2
1339660 1172.6
1339670 1169.1
1339680 1169.1
1339690 1165.0
1339700 1166.4
1339710 1167.8
1339720 1167.8
1339730 1168.4
1339740 1166.3
1339750 1166.3
1339760 1163.4
1339770 1162.9
1339780 1162.9
1339790 1160.9
1339800 1155.2
1339810 1155.2
1339820 1149.8
1339830 1144.7
1339840 1144.7
1339850 1139.8
1339860 1134.6
1339870 1134.6
1339880 1128.3
1339890 1120.6
1339900 1120.6
1339910 1116.1
1339920 1115.6
1339930 1115.6
1339940 1113.9
1339950 1107.1
1339960 1107.1
1339970 1098.9
1339980 1091.8
1339990 1091.8
