1320000 971.0
1320010 971.0
1320020 976.2
1320030 980.0
1320040 980.0
1320050 983.7
1320060 987.8
1320070 987.8
1320080 991.4
1320090 995.5
1320100 995.5
1320110 1001.2
1320120 1006.6
1320130 1006.6
1320140 1010.6
1320150 1014.1
1320160 1014.1
1320170 1018.8
1320180 1023.2
1320190 1023.2
1320200 1026.9
1320210 1031.0
1320220 1035.5
1320230 1035.5
1320240 1040.5
1320250 1045.8
1320260 1045.8
1320270 1049.9
1320280 1053.8
1320290 1053.8
1320300 1057.0
1320310 1060.3
1320320 1060.3
1320330 1063.5
1320340 1065.2
1320350 1065.2
1320360 1068.7
1320370 1075.1
1320380 1075.1
1320390 1080.2
1320400 1084.7
1320410 1084.7
1320420 1090.1
1320430 1093.4
1320440 1093.4
1320450 1095.8
1320460 1098.4
1320470 1098.4
1320480 1103.3
1320490 1110.6
1320500 1116.5
1320510 1116.5
1320520 1120.7
1320530 1124.5
1320540 1119.8
1320550 1124.4
1320560 1128.5
1320570 1128.5
1320580 1131.4
1320590 1133.0
1320600 1133.0
1320610 1135.4
1320620 1140.0
1320630 1140.0
1320640 1146.3
1320650 1153.1
1320660 1153.1
1320670 1157.3
1320680 1161.4
1320690 1161.4
1320700 1164.9
1320710 1167.3
1320720 1167.3
1320730 1170.7
1320740 1174.5
1320750 1174.5
1320760 1177.9
1320770 1181.1
1320780 1181.1
1320790 1183.1
1320800 1183.8
1320810 1185.4
1320820 1185.4
1320830 1188.3
1320840 1191.0
1320850 1191.0
1320860 1192.8
1320870 1193.5
1320880 1193.5
1320890 1194.3
1320900 1196.3
1320910 1196.3
1320920 1198.5
1320930 1198.9
1320940 1198.9
1320950 1199.1
1320960 1199.4
1320970 1199.4
1320980 1199.5
1320990 1199.2
1321000 1199.2
1321010 1199.6
1321020 1200.0
1321030 1200.0
1321040 1200.2
1321050 1200.3
1321060 1200.3
1321070 1199.7
1321080 1199.0
1321090 1199.0
1321100 1198.2
1321110 1197.4
1321120 1197.6
1321130 1197.6
1321140 1199.7
1321150 1203.4
1321160 1203.4
1321170 1207.0
1321180 1209.7
1321190 1209.7
1321200 1212.9
1321210 1216.1
1321220 1216.1
1321230 1219.1
1321240 1221.6
1321250 1221.6
1321260 1224.9
1321270 1229.0
1321280 1229.0
1321290 1232.6
1321300 1235.6
1321310 1235.6
1321320 1239.0
1321330 1242.3
1321340 1242.3
1321350 1246.3
1321360 1249.8
1321370 1249.8
1321380 1251.7
1321390 1251.2
1321400 1249.2
1321410 1249.2
1321420 1246.6
1321430 1244.3
1321440 1244.3
1321450 1241.9
1321460 1239.7
1321470 1239.7
1321480 1238.0
1321490 1236.1
1321500 1236.1
1321510 1234.1
1321520 1233.0
1321530 1233.0
1321540 1231.7
1321550 1230.7
1321560 1230.7
1321570 1229.5
1321580 1227.3
1321590 1227.3
1321600 1225.0
1321610 1222.0
1321620 1222.0
1321630 1217.6
1321640 1214.3
1321650 1214.3
1321660 1212.5
1321670 1210.6
1321680 1210.6
1321690 1208.2
1321700 1205.4
1321710 1202.4
1321720 1202.4
1321730 1199.2
1321740 1196.5
1321750 1196.5
1321760 1194.6
1321770 1193.1
1321780 1193.1
1321790 1191.0
1321800 1189.0
1321810 1189.0
1321820 1187.0
1321830 1185.1
1321840 1185.1
1321850 1183.6
1321860 1182.7
1321870 1182.7
1321880 1181.8
1321890 1180.5
1321900 1180.5
1321910 1179.1
1321920 1178.0
1321930 1178.0
1321940 1178.8
1321950 1180.5
1321960 1180.5
1321970 1179.6
1321980 1176.8
1321990 1176.8
1322000 1172.5
1322010 1168.0
1322020 1165.0
1322030 1165.0
1322040 1162.2
1322050 1159.1
1322060 1159.1
1322070 1156.4
1322080 1154.2
1322090 1154.2
1322100 1152.0
1322110 1147.6
1322120 1147.6
1322130 1144.3
1322140 1141.7
1322150 1141.7
1322160 1138.6
1322170 1134.8
1322180 1134.8
1322190 1130.5
1322200 1126.4
1322210 1126.4
1322220 1121.9
1322230 1117.2
1322240 1117.2
1322250 1112.9
1322260 1109.1
1322270 1109.1
1322280 1107.5
1322290 1105.6
1322300 1102.3
1322310 1102.3
1322320 1098.3
1322330 1093.5
1322340 1093.5
1322350 1088.4
1322360 1083.9
1322370 1083.9
1322380 1080.9
1322390 1078.6
1322400 1078.6
1322410 1077.6
1322420 1074.7
1322430 1074.7
1322440 1070.6
1322450 1065.6
1322460 1065.6
1322470 1059.9
1322480 1054.3
1322490 1054.3
1322500 1048.0
1322510 1041.3
1322520 1041.3
1322530 1034.9
1322540 1027.5
1322550 1027.5
1322560 1019.1
1322570 1019.0
1322580 1019.0
1322590 1025.7
1322600 1030.7
1322610 1035.4
1322620 1035.4
1322630 1040.0
1322640 1043.2
1322650 1043.2
1322660 1045.5
1322670 1047.6
1322680 1047.6
1322690 1048.7
1322700 1049.3
1322710 1049.3
1322720 1049.9
1322730 1050.5
1322740 1050.5
1322750 1051.9
1322760 1054.4
1322770 1054.4
1322780 1057.0
1322790 1058.4
1322800 1058.4
1322810 1058.6
1322820 1057.8
1322830 1057.8
1322840 1056.1
1322850 1054.1
1322860 1054.1
1322870 1052.3
1322880 1050.8
1322890 1055.8
1322900 1055.8
1322910 1055.5
1322920 1056.2
1322930 1056.2
1322940 1057.2
1322950 1057.6
1322960 1057.6
1322970 1057.4
1322980 1056.4
1322990 1056.4
1323000 1055.1
1323010 1053.5
1323020 1053.5
1323030 1050.5
1323040 1045.5
1323050 1045.5
1323060 1040.5
1323070 1035.1
1323080 1035.1
1323090 1029.6
1323100 1027.6
1323110 1027.6
1323120 1027.8
1323130 1031.2
1323140 1031.2
1323150 1036.4
1323160 1041.0
1323170 1041.0
1323180 1043.4
1323190 1045.5
1323200 1046.8
1323210 1046.8
1323220 1046.5
1323230 1044.8
1323240 1044.8
1323250 1041.6
1323260 1037.8
1323270 1037.8
1323280 1035.7
1323290 1034.4
1323300 1034.4
1323310 1032.6
1323320 1030.1
1323330 1030.1
1323340 1027.5
1323350 1025.0
1323360 1025.0
1323370 1022.5
1323380 1019.0
1323390 1019.0
1323400 1012.4
1323410 1009.6
1323420 1009.6
1323430 1007.7
1323440 1004.7
1323450 1004.7
1323460 1003.0
1323470 1002.2
1323480 1002.2
1323490 999.8
1323500 996.8
1323510 992.2
1323520 992.2
1323530 986.3
1323540 983.1
1323550 983.1
1323560 984.7
1323570 983.6
1323580 983.6
1323590 982.3
1323600 982.9
1323610 982.9
1323620 983.2
1323630 981.4
1323640 981.4
1323650 979.0
1323660 976.7
1323670 976.7
1323680 978.3
1323690 976.2
1323700 976.2
1323710 973.6
1323720 970.2
1323730 970.2
1323740 967.7
1323750 964.7
1323760 964.7
1323770 962.9
1323780 962.0
1323790 963.0
1323800 963.0
1323810 963.3
1323820 962.1
1323830 962.1
1323840 960.3
1323850 957.8
1323860 957.8
1323870 955.6
1323880 954.9
1323890 954.9
1323900 954.8
1323910 953.9
1323920 953.9
1323930 951.5
1323940 948.0
1323950 948.0
1323960 944.5
1323970 941.5
1323980 941.5
1323990 939.4
1324000 938.2
1324010 938.2
1324020 937.5
1324030 937.5
1324040 937.5
1324050 937.3
1324060 936.0
1324070 936.0
1324080 934.2
1324090 932.8
1324100 930.4
1324110 930.4
1324120 926.9
1324130 923.6
1324140 923.6
1324150 921.3
1324160 918.8
1324170 918.8
1324180 916.9
1324190 914.6
1324200 914.6
1324210 912.2
1324220 909.9
1324230 909.9
1324240 907.2
1324250 902.2
1324260 902.2
1324270 895.9
1324280 890.3
1324290 890.3
1324300 889.3
1324310 889.0
1324320 889.0
1324330 886.8
1324340 889.3
1324350 889.3
1324360 892.9
1324370 896.0
1324380 896.0
1324390 900.2
1324400 902.7
1324410 903.2
1324420 903.2
1324430 903.5
1324440 903.0
1324450 903.0
1324460 901.3
1324470 903.6
1324480 903.6
1324490 901.8
1324500 898.9
1324510 898.9
1324520 894.1
1324530 887.3
1324540 887.3
1324550 881.2
1324560 876.6
1324570 876.6
1324580 873.9
1324590 873.5
1324600 873.5
1324610 876.5
1324620 882.2
1324630 882.2
1324640 888.3
1324650 894.4
1324660 894.4
1324670 898.5
1324680 896.4
1324690 891.0
1324700 891.0
1324710 885.4
1324720 880.2
1324730 880.2
1324740 875.6
1324750 872.4
1324760 872.4
1324770 868.8
1324780 865.8
1324790 865.8
1324800 865.9
1324810 866.8
1324820 866.8
1324830 867.5
1324840 868.7
1324850 868.7
1324860 870.4
1324870 872.3
1324880 872.3
1324890 874.2
1324900 875.8
1324910 875.8
1324920 877.2
1324930 878.3
1324940 878.3
1324950 879.1
1324960 878.8
1324970 878.8
1324980 874.3
1324990 869.0
1325000 864.7
1325010 864.7
1325020 859.4
1325030 853.4
1325040 853.4
1325050 846.5
1325060 840.2
1325070 840.2
1325080 835.3
1325090 828.1
1325100 828.1
1325110 820.3
1325120 821.3
1325130 821.3
1325140 830.1
1325150 837.3
1325160 837.3
1325170 841.5
1325180 844.7
1325190 844.7
1325200 847.5
1325210 850.0
1325220 850.0
1325230 852.0
1325240 852.3
1325250 852.3
1325260 851.7
1325270 860.6
1325280 863.1
1325290 863.1
1325300 863.9
1325310 864.4
1325320 864.4
1325330 866.1
1325340 862.2
1325350 862.2
1325360 853.8
1325370 846.6
1325380 846.6
1325390 839.2
1325400 833.8
1325410 833.8
1325420 832.0
1325430 830.8
1325440 830.8
1325450 832.7
1325460 832.4
1325470 832.4
1325480 828.9
1325490 826.0
1325500 826.0
1325510 823.8
1325520 821.9
1325530 821.9
1325540 818.4
1325550 812.2
1325560 812.2
1325570 812.7
1325580 810.4
1325590 809.2
1325600 809.2
1325610 810.3
1325620 810.8
1325630 810.8
1325640 810.5
1325650 810.3
1325660 810.3
1325670 811.7
1325680 812.7
1325690 812.7
1325700 809.9
1325710 803.4
1325720 803.4
1325730 798.5
1325740 802.1
1325750 802.1
1325760 810.7
1325770 817.3
1325780 817.3
1325790 819.4
1325800 820.6
1325810 820.6
1325820 822.7
1325830 825.1
1325840 825.1
1325850 829.9
1325860 832.7
1325870 832.7
1325880 834.7
1325890 837.2
1325900 840.0
1325910 840.0
1325920 842.8
1325930 845.6
1325940 845.6
1325950 847.7
1325960 849.0
1325970 849.0
1325980 849.9
1325990 850.9
1326000 850.9
1326010 852.8
1326020 854.8
1326030 854.8
1326040 854.7
1326050 854.1
1326060 854.1
1326070 862.7
1326080 863.2
1326090 863.2
1326100 860.2
1326110 858.3
1326120 858.3
1326130 863.8
1326140 867.7
1326150 867.7
1326160 871.2
1326170 875.7
1326180 880.7
1326190 880.7
1326200 885.4
1326210 889.5
1326220 889.5
1326230 891.9
1326240 891.6
1326250 891.6
1326260 891.2
1326270 891.9
1326280 891.9
1326290 893.1
1326300 895.3
1326310 895.3
1326320 898.2
1326330 901.2
1326340 901.2
1326350 904.1
1326360 909.0
1326370 909.0
1326380 914.3
1326390 917.6
1326400 917.6
1326410 921.2
1326420 925.9
1326430 925.9
1326440 927.7
1326450 928.8
1326460 928.8
1326470 929.3
1326480 929.0
1326490 928.0
1326500 928.0
1326510 926.9
1326520 925.5
1326530 925.5
1326540 920.1
1326550 911.0
1326560 911.0
1326570 902.4
1326580 896.4
1326590 896.4
1326600 889.4
1326610 883.8
1326620 883.8
1326630 878.7
1326640 872.2
1326650 872.2
1326660 865.5
1326670 860.2
1326680 860.2
1326690 852.0
1326700 841.1
1326710 841.1
1326720 835.3
1326730 835.0
1326740 835.0
1326750 840.9
1326760 848.9
1326770 848.9
1326780 852.5
1326790 857.3
1326800 862.1
1326810 862.1
1326820 864.6
1326830 867.0
1326840 867.0
1326850 867.3
1326860 865.5
1326870 865.5
1326880 867.1
1326890 866.0
1326900 866.0
1326910 865.0
1326920 864.1
1326930 864.1
1326940 863.5
1326950 863.9
1326960 863.9
1326970 864.3
1326980 864.3
1326990 864.3
1327000 864.1
1327010 864.1
1327020 864.1
1327030 864.3
1327040 864.7
1327050 864.7
1327060 865.2
1327070 865.4
1327080 865.4
1327090 865.4
1327100 865.0
1327110 865.1
1327120 865.1
1327130 865.8
1327140 866.1
1327150 866.1
1327160 866.2
1327170 866.3
1327180 866.3
1327190 867.6
1327200 870.2
1327210 870.2
1327220 870.8
1327230 871.3
1327240 871.3
1327250 871.6
1327260 871.9
1327270 871.9
1327280 872.1
1327290 872.2
1327300 872.2
1327310 872.3
1327320 873.0
1327330 873.0
1327340 874.0
1327350 874.8
1327360 874.8
1327370 875.4
1327380 875.8
1327390 875.8
1327400 875.8
1327410 876.3
1327420 876.8
1327430 876.8
1327440 877.3
1327450 878.4
1327460 878.4
1327470 879.1
1327480 879.6
1327490 879.6
1327500 879.7
1327510 879.3
1327520 879.3
1327530 878.3
1327540 877.1
1327550 877.1
1327560 876.3
1327570 876.5
1327580 876.5
1327590 877.3
1327600 878.3
1327610 878.3
1327620 879.9
1327630 881.4
1327640 881.4
1327650 882.6
1327660 884.2
1327670 886.5
1327680 886.5
1327690 891.5
1327700 893.0
1327710 893.0
1327720 894.4
1327730 896.0
1327740 896.0
1327750 898.1
1327760 898.3
1327770 898.3
1327780 895.8
1327790 895.0
1327800 895.0
1327810 894.9
1327820 894.9
1327830 894.9
1327840 895.9
1327850 899.4
1327860 899.4
1327870 902.2
1327880 899.0
1327890 899.0
1327900 893.0
1327910 888.7
1327920 888.7
1327930 884.4
1327940 878.3
1327950 878.3
1327960 875.0
1327970 881.9
1327980 889.7
1327990 889.7
1328000 893.4
1328010 894.9
1328020 894.9
1328030 896.1
1328040 899.1
1328050 899.1
1328060 902.4
1328070 903.8
1328080 903.8
1328090 903.3
1328100 902.1
1328110 902.1
1328120 901.0
1328130 901.3
1328140 901.3
1328150 899.7
1328160 896.3
1328170 896.3
1328180 892.9
1328190 890.2
1328200 890.2
1328210 886.5
1328220 884.5
1328230 884.5
1328240 885.0
1328250 883.4
1328260 883.4
1328270 882.0
1328280 879.4
1328290 875.6
1328300 875.6
1328310 871.2
1328320 867.5
1328330 867.5
1328340 862.4
1328350 862.2
1328360 862.2
1328370 862.8
1328380 862.6
1328390 862.6
1328400 863.2
1328410 862.7
1328420 862.7
1328430 861.1
1328440 861.6
1328450 861.6
1328460 863.0
1328470 864.2
1328480 864.2
1328490 867.6
1328500 869.4
1328510 877.4
1328520 877.2
1328530 876.6
1328540 876.6
1328550 876.2
1328560 876.3
1328570 876.1
1328580 876.1
1328590 876.5
1328600 876.2
1328610 876.2
1328620 876.3
1328630 873.4
1328640 873.4
1328650 869.7
1328660 865.7
1328670 865.7
1328680 865.1
1328690 865.7
1328700 865.7
1328710 866.6
1328720 868.9
1328730 868.9
1328740 868.9
1328750 867.4
1328760 867.4
1328770 866.7
1328780 868.7
1328790 868.7
1328800 871.5
1328810 872.5
1328820 872.5
1328830 873.2
1328840 872.5
1328850 872.5
1328860 872.5
1328870 873.3
1328880 871.1
1328890 871.1
1328900 869.0
1328910 867.8
1328920 867.8
1328930 868.1
1328940 870.2
1328950 870.2
1328960 872.4
1328970 873.9
1328980 873.9
1328990 874.7
1329000 875.9
1329010 875.9
1329020 877.0
1329030 878.0
1329040 878.0
1329050 879.3
1329060 880.9
1329070 880.9
1329080 881.8
1329090 883.2
1329100 883.2
1329110 882.5
1329120 882.2
1329130 882.2
1329140 882.3
1329150 882.2
1329160 883.7
1329170 883.7
1329180 885.8
1329190 887.8
1329200 887.8
1329210 890.1
1329220 892.5
1329230 892.5
1329240 895.4
1329250 898.8
1329260 898.8
1329270 901.1
1329280 903.0
1329290 903.0
1329300 904.4
1329310 905.1
1329320 905.1
1329330 905.5
1329340 906.2
1329350 906.2
1329360 907.2
1329370 907.9
1329380 907.9
1329390 908.4
1329400 908.6
1329410 908.6
1329420 908.7
1329430 909.5
1329440 909.5
1329450 910.3
1329460 911.0
1329470 911.5
1329480 911.5
1329490 912.8
1329500 913.9
1329510 913.9
1329520 915.0
1329530 916.6
1329540 916.6
1329550 917.5
1329560 917.1
1329570 917.1
1329580 915.6
1329590 914.2
1329600 914.2
1329610 912.6
1329620 910.6
1329630 910.6
1329640 911.3
1329650 916.5
1329660 916.5
1329670 922.1
1329680 928.1
1329690 928.1
1329700 931.7
1329710 934.3
1329720 934.3
1329730 937.6
1329740 940.8
1329750 940.8
1329760 943.3
1329770 945.0
1329780 946.9
1329790 946.9
1329800 949.8
1329810 952.7
1329820 952.7
1329830 955.9
1329840 959.3
1329850 959.3
1329860 962.3
1329870 964.9
1329880 964.9
1329890 967.3
1329900 969.0
1329910 969.0
1329920 970.6
1329930 971.7
1329940 971.7
1329950 972.4
1329960 972.8
1329970 972.8
1329980 973.3
1329990 974.1
1330000 974.1
1330010 974.7
1330020 974.8
1330030 974.8
1330040 975.0
1330050 975.3
1330060 975.6
1330070 975.6
1330080 975.9
1330090 976.1
1330100 976.1
1330110 976.2
1330120 976.4
1330130 976.4
1330140 977.0
1330150 977.0
1330160 977.0
1330170 979.1
1330180 981.6
1330190 981.6
1330200 983.7
1330210 985.7
1330220 985.7
1330230 987.7
1330240 989.8
1330250 989.8
1330260 992.4
1330270 994.5
1330280 994.5
1330290 997.3
1330300 1000.8
1330310 1000.8
1330320 1004.2
1330330 1007.7
1330340 1007.7
1330350 1011.0
1330360 1014.0
1330370 1016.8
1330380 1016.8
1330390 1019.9
1330400 1022.8
1330410 1022.8
1330420 1026.4
1330430 1030.0
1330440 1030.0
1330450 1033.8
1330460 1037.7
1330470 1037.7
1330480 1041.7
1330490 1045.6
1330500 1045.6
1330510 1048.9
1330520 1051.6
1330530 1051.6
1330540 1054.5
1330550 1057.1
1330560 1057.1
1330570 1059.8
1330580 1062.3
1330590 1062.3
1330600 1065.1
1330610 1068.3
1330620 1068.3
1330630 1071.4
1330640 1074.6
1330650 1077.7
1330660 1077.7
1330670 1081.2
1330680 1085.6
1330690 1085.6
1330700 1088.3
1330710 1090.8
1330720 1090.8
1330730 1093.6
1330740 1096.4
1330750 1096.4
1330760 1099.1
1330770 1101.8
1330780 1101.8
1330790 1104.6
1330800 1107.8
1330810 1107.8
1330820 1111.2
1330830 1114.3
1330840 1114.3
1330850 1116.6
1330860 1118.6
1330870 1118.6
1330880 1120.4
1330890 1121.9
1330900 1121.9
1330910 1123.2
1330920 1124.4
1330930 1124.4
1330940 1125.8
1330950 1126.4
1330960 1128.1
1330970 1128.1
1330980 1129.4
1330990 1130.3
1331000 1130.3
1331010 1132.2
1331020 1133.8
1331030 1133.8
1331040 1135.4
1331050 1137.0
1331060 1137.0
1331070 1138.7
1331080 1140.5
1331090 1140.5
1331100 1142.1
1331110 1145.0
1331120 1145.0
1331130 1148.1
1331140 1151.5
1331150 1151.5
1331160 1155.0
1331170 1159.7
1331180 1159.7
1331190 1165.0
1331200 1170.5
1331210 1170.5
1331220 1176.3
1331230 1181.1
1331240 1181.1
1331250 1185.1
1331260 1187.7
1331270 1189.8
1331280 1189.8
1331290 1192.7
1331300 1195.1
1331310 1195.1
1331320 1196.7
1331330 1199.8
1331340 1199.8
1331350 1202.0
1331360 1205.6
1331370 1205.6
1331380 1209.7
1331390 1214.2
1331400 1214.2
1331410 1217.8
1331420 1220.9
1331430 1220.9
1331440 1225.0
1331450 1229.7
1331460 1229.7
1331470 1234.0
1331480 1237.7
1331490 1237.7
1331500 1241.6
1331510 1246.5
1331520 1246.5
1331530 1251.3
1331540 1255.4
1331550 1259.2
1331560 1259.2
1331570 1262.9
1331580 1266.6
1331590 1266.6
1331600 1270.6
1331610 1274.2
1331620 1274.2
1331630 1277.8
1331640 1282.5
1331650 1282.5
1331660 1286.6
1331670 1291.1
1331680 1291.1
1331690 1295.3
1331700 1299.4
1331710 1299.4
1331720 1303.4
1331730 1307.3
1331740 1307.3
1331750 1311.7
1331760 1316.0
1331770 1316.0
1331780 1319.8
1331790 1323.0
1331800 1323.0
1331810 1328.6
1331820 1332.1
1331830 1332.1
1331840 1336.6
1331850 1340.4
1331860 1344.3
1331870 1344.3
1331880 1348.2
1331890 1352.4
1331900 1352.4
1331910 1355.5
1331920 1358.8
1331930 1358.8
1331940 1361.6
1331950 1364.2
1331960 1364.2
1331970 1366.9
1331980 1369.8
1331990 1369.8
1332000 1372.7
1332010 1376.0
1332020 1376.0
1332030 1379.7
1332040 1382.4
1332050 1382.4
1332060 1385.6
1332070 1390.2
1332080 1390.2
1332090 1394.2
1332100 1396.8
1332110 1396.8
1332120 1398.7
1332130 1400.5
1332140 1403.1
1332150 1403.1
1332160 1407.6
1332170 1412.1
1332180 1412.1
1332190 1415.1
1332200 1416.4
1332210 1416.4
1332220 1416.9
1332230 1418.1
1332240 1418.1
1332250 1420.2
1332260 1422.6
1332270 1422.6
1332280 1424.6
1332290 1425.7
1332300 1425.7
1332310 1426.5
1332320 1427.4
1332330 1427.4
1332340 1428.0
1332350 1428.2
1332360 1428.2
1332370 1427.9
1332380 1428.4
1332390 1428.4
1332400 1429.4
1332410 1431.4
1332420 1431.4
1332430 1433.2
1332440 1434.4
1332450 1436.5
1332460 1436.5
1332470 1439.4
1332480 1441.8
1332490 1441.8
1332500 1444.9
1332510 1448.1
1332520 1448.1
1332530 1448.8
1332540 1447.5
1332550 1447.5
1332560 1446.4
1332570 1444.7
1332580 1444.7
1332590 1442.8
1332600 1442.4
1332610 1442.4
1332620 1442.4
1332630 1441.8
1332640 1441.8
1332650 1447.4
1332660 1447.4
1332670 1447.4
1332680 1447.3
1332690 1448.5
1332700 1448.5
1332710 1449.0
1332720 1448.8
1332730 1448.8
1332740 1450.5
1332750 1455.1
1332760 1459.0
1332770 1459.0
1332780 1463.5
1332790 1466.7
1332800 1466.7
1332810 1471.2
1332820 1476.2
1332830 1476.2
1332840 1480.8
1332850 1482.5
1332860 1482.5
1332870 1483.9
1332880 1487.2
1332890 1487.2
1332900 1489.8
1332910 1492.3
1332920 1492.3
1332930 1494.2
1332940 1495.0
1332950 1495.0
1332960 1495.7
1332970 1498.0
1332980 1498.0
1332990 1499.5
1333000 1500.9
1333010 1500.9
1333020 1502.8
1333030 1503.5
1333040 1504.8
1333050 1504.8
1333060 1506.6
1333070 1509.3
1333080 1509.3
1333090 1513.1
1333100 1516.4
1333110 1516.4
1333120 1519.4
1333130 1522.9
1333140 1522.9
1333150 1527.1
1333160 1531.2
1333170 1531.2
1333180 1535.3
1333190 1538.9
1333200 1538.9
1333210 1542.1
1333220 1544.2
1333230 1544.2
1333240 1545.9
1333250 1548.6
1333260 1548.6
1333270 1551.8
1333280 1555.3
1333290 1555.3
1333300 1558.9
1333310 1562.4
1333320 1562.4
1333330 1564.4
1333340 1564.4
1333350 1562.6
1333360 1562.6
1333370 1560.0
1333380 1558.0
1333390 1558.0
1333400 1557.5
1333410 1556.8
1333420 1556.8
1333430 1557.5
1333440 1559.0
1333450 1559.0
1333460 1559.6
1333470 1558.8
1333480 1558.8
1333490 1565.8
1333500 1567.0
1333510 1567.0
1333520 1567.8
1333530 1566.7
1333540 1566.7
1333550 1564.8
1333560 1563.3
1333570 1563.3
1333580 1563.0
1333590 1562.8
1333600 1562.8
1333610 1562.5
1333620 1561.2
1333630 1563.0
1333640 1563.0
1333650 1565.1
1333660 1564.2
1333670 1564.2
1333680 1564.2
1333690 1567.2
1333700 1567.2
1333710 1570.7
1333720 1574.5
1333730 1574.5
1333740 1578.1
1333750 1580.0
1333760 1580.0
1333770 1581.6
1333780 1583.5
1333790 1583.5
1333800 1583.9
1333810 1586.0
1333820 1586.0
1333830 1592.5
1333840 1599.3
1333850 1599.3
1333860 1605.7
1333870 1610.3
1333880 1610.3
1333890 1612.1
1333900 1612.1
1333910 1612.1
1333920 1609.2
1333930 1609.7
1333940 1612.0
1333950 1612.0
1333960 1615.8
1333970 1620.5
1333980 1620.5
1333990 1625.0
1334000 1628.1
1334010 1628.1
1334020 1633.9
1334030 1642.3
1334040 1642.3
1334050 1649.3
1334060 1654.8
1334070 1654.8
1334080 1659.6
1334090 1664.2
1334100 1664.2
1334110 1669.6
1334120 1675.1
1334130 1675.1
1334140 1680.3
1334150 1685.6
1334160 1685.6
1334170 1690.5
1334180 1695.2
1334190 1695.2
1334200 1698.2
1334210 1702.0
1334220 1702.0
1334230 1706.7
1334240 1710.7
1334250 1711.7
1334260 1711.7
1334270 1712.5
1334280 1714.0
1334290 1714.0
1334300 1718.2
1334310 1724.4
1334320 1724.4
1334330 1732.2
1334340 1741.5
1334350 1741.5
1334360 1747.1
1334370 1753.2
1334380 1753.2
1334390 1760.5
1334400 1767.6
1334410 1767.6
1334420 1774.5
1334430 1780.7
1334440 1780.7
1334450 1786.6
1334460 1793.7
1334470 1793.7
1334480 1800.1
1334490 1806.5
1334500 1806.5
1334510 1812.3
1334520 1817.5
1334530 1821.9
1334540 1821.9
1334550 1825.5
1334560 1826.5
1334570 1826.5
1334580 1825.5
1334590 1824.2
1334600 1824.2
1334610 1823.0
1334620 1821.5
1334630 1821.5
1334640 1819.0
1334650 1815.1
1334660 1815.1
1334670 1811.4
1334680 1808.7
1334690 1808.7
1334700 1804.3
1334710 1799.0
1334720 1799.0
1334730 1793.1
1334740 1787.9
1334750 1787.9
1334760 1783.5
1334770 1780.5
1334780 1780.5
1334790 1778.3
1334800 1775.7
1334810 1775.7
1334820 1772.7
1334830 1769.5
1334840 1766.3
1334850 1766.3
1334860 1763.1
1334870 1759.5
1334880 1759.5
1334890 1755.7
1334900 1751.6
1334910 1751.6
1334920 1748.5
1334930 1744.3
1334940 1744.3
1334950 1739.2
1334960 1734.3
1334970 1734.3
1334980 1729.9
1334990 1725.8
1335000 1725.8
1335010 1722.1
1335020 1718.2
1335030 1718.2
1335040 1714.4
1335050 1711.5
1335060 1711.5
1335070 1708.4
1335080 1704.7
1335090 1704.7
1335100 1701.0
1335110 1697.5
1335120 1693.8
1335130 1693.8
1335140 1690.4
1335150 1686.4
1335160 1686.4
1335170 1682.1
1335180 1679.8
1335190 1680.2
1335200 1677.6
1335210 1677.2
1335220 1677.2
1335230 1677.5
1335240 1675.7
1335250 1675.7
1335260 1672.7
1335270 1669.1
1335280 1669.1
1335290 1666.0
1335300 1660.9
1335310 1660.9
1335320 1655.3
1335330 1652.7
1335340 1652.7
1335350 1648.6
1335360 1644.7
1335370 1644.7
1335380 1641.7
1335390 1638.0
1335400 1638.0
1335410 1632.7
1335420 1629.0
1335430 1626.0
1335440 1626.0
1335450 1623.5
1335460 1620.2
1335470 1620.2
1335480 1615.1
1335490 1608.7
1335500 1608.7
1335510 1602.8
1335520 1598.2
1335530 1598.2
1335540 1593.6
1335550 1589.1
1335560 1589.1
1335570 1584.7
1335580 1580.1
1335590 1580.1
1335600 1575.8
1335610 1571.5
1335620 1571.5
1335630 1567.5
1335640 1562.5
1335650 1562.5
1335660 1557.7
1335670 1554.8
1335680 1554.8
1335690 1553.3
1335700 1550.9
1335710 1550.9
1335720 1547.5
1335730 1545.0
1335740 1542.8
1335750 1542.8
1335760 1539.4
1335770 1535.1
1335780 1535.1
1335790 1531.5
1335800 1528.3
1335810 1528.3
1335820 1526.7
1335830 1526.1
1335840 1526.1
1335850 1525.2
1335860 1522.9
1335870 1522.9
1335880 1520.3
1335890 1518.6
1335900 1518.6
1335910 1518.1
1335920 1517.3
1335930 1517.3
1335940 1514.7
1335950 1511.9
1335960 1511.9
1335970 1509.2
1335980 1506.1
1335990 1506.1
1336000 1500.6
1336010 1494.8
1336020 1489.2
1336030 1489.2
1336040 1483.5
1336050 1475.5
1336060 1475.5
1336070 1471.0
1336080 1465.8
1336090 1465.8
1336100 1461.0
1336110 1456.3
1336120 1456.3
1336130 1452.1
1336140 1448.2
1336150 1448.2
1336160 1444.3
1336170 1440.2
1336180 1440.2
1336190 1435.5
1336200 1431.6
1336210 1431.6
1336220 1428.2
1336230 1424.8
1336240 1424.8
1336250 1420.7
1336260 1416.2
1336270 1416.2
1336280 1411.8
1336290 1405.6
1336300 1405.6
1336310 1399.2
1336320 1394.0
1336330 1389.1
1336340 1389.1
1336350 1384.3
1336360 1379.8
1336370 1379.8
1336380 1375.2
1336390 1371.0
1336400 1371.0
1336410 1366.5
1336420 1361.6
1336430 1361.6
1336440 1356.0
1336450 1351.1
1336460 1351.1
1336470 1345.1
1336480 1340.0
1336490 1340.0
1336500 1337.5
1336510 1334.4
1336520 1334.4
1336530 1331.6
1336540 1328.9
1336550 1328.9
1336560 1325.9
1336570 1322.6
1336580 1322.6
1336590 1319.2
1336600 1314.5
1336610 1308.4
1336620 1308.4
1336630 1301.2
1336640 1295.9
1336650 1295.9
1336660 1292.2
1336670 1289.6
1336680 1289.6
1336690 1287.5
1336700 1284.0
1336710 1284.0
1336720 1281.1
1336730 1276.7
1336740 1276.7
1336750 1269.8
1336760 1264.2
1336770 1264.2
1336780 1259.9
1336790 1255.1
1336800 1255.1
1336810 1249.7
1336820 1244.8
1336830 1244.8
1336840 1241.3
1336850 1237.1
1336860 1237.1
1336870 1232.5
1336880 1226.8
1336890 1226.8
1336900 1220.6
1336910 1213.6
1336920 1209.1
1336930 1209.1
1336940 1205.3
1336950 1202.4
1336960 1202.4
1336970 1199.7
1336980 1196.5
1336990 1196.5
1337000 1193.4
1337010 1190.6
1337020 1190.6
1337030 1188.2
1337040 1185.3
1337050 1185.3
1337060 1181.7
1337070 1178.2
1337080 1178.2
1337090 1174.8
1337100 1172.1
1337110 1172.1
1337120 1169.9
1337130 1167.8
1337140 1167.8
1337150 1165.9
1337160 1164.2
1337170 1164.2
1337180 1162.1
1337190 1160.2
1337200 1160.2
1337210 1158.8
1337220 1157.5
1337230 1156.2
1337240 1156.2
1337250 1155.2
1337260 1154.2
1337270 1154.2
1337280 1153.1
1337290 1152.0
1337300 1152.0
1337310 1150.8
1337320 1149.7
1337330 1149.7
1337340 1148.7
1337350 1147.9
1337360 1147.9
1337370 1146.6
1337380 1145.2
1337390 1145.2
1337400 1144.0
1337410 1142.9
1337420 1142.9
1337430 1141.8
1337440 1140.5
1337450 1140.5
1337460 1139.0
1337470 1137.7
1337480 1137.7
1337490 1136.4
1337500 1135.1
1337510 1133.8
1337520 1133.8
1337530 1132.6
1337540 1131.3
1337550 1131.3
1337560 1130.1
1337570 1128.7
1337580 1128.7
1337590 1127.4
1337600 1126.1
1337610 1126.1
1337620 1124.9
1337630 1123.7
1337640 1123.7
1337650 1122.5
1337660 1121.1
1337670 1121.1
1337680 1118.7
1337690 1114.6
1337700 1114.6
1337710 1109.8
1337720 1105.4
1337730 1105.4
1337740 1101.8
1337750 1098.3
1337760 1098.3
1337770 1091.1
1337780 1081.9
1337790 1081.9
1337800 1073.6
1337810 1065.8
1337820 1060.3
1337830 1060.3
1337840 1057.9
1337850 1054.2
1337860 1054.2
1337870 1050.5
1337880 1047.4
1337890 1047.4
1337900 1043.8
1337910 1039.1
1337920 1039.1
1337930 1034.6
1337940 1031.3
1337950 1031.3
1337960 1030.1
1337970 1029.0
1337980 1029.0
1337990 1028.4
1338000 1027.2
1338010 1027.2
1338020 1025.1
1338030 1024.3
1338040 1024.3
1338050 1023.7
1338060 1021.7
1338070 1021.7
1338080 1020.7
1338090 1021.6
1338100 1022.9
1338110 1022.9
1338120 1023.4
1338130 1023.1
1338140 1023.1
1338150 1022.6
1338160 1022.9
1338170 1022.9
1338180 1023.4
1338190 1023.2
1338200 1023.2
1338210 1022.4
1338220 1021.8
1338230 1021.8
1338240 1021.1
1338250 1021.0
1338260 1021.0
1338270 1021.9
1338280 1022.6
1338290 1022.6
1338300 1022.7
1338310 1022.9
1338320 1022.9
1338330 1022.6
1338340 1024.2
1338350 1024.2
1338360 1028.6
1338370 1035.3
1338380 1035.3
1338390 1040.9
1338400 1043.9
1338410 1046.2
1338420 1046.2
1338430 1047.4
1338440 1047.9
1338450 1047.9
1338460 1048.5
1338470 1049.9
1338480 1049.9
1338490 1054.6
1338500 1061.4
1338510 1061.4
1338520 1066.0
1338530 1068.2
1338540 1068.2
1338550 1068.8
1338560 1069.9
1338570 1069.9
1338580 1068.2
1338590 1067.5
1338600 1067.5
1338610 1069.3
1338620 1073.2
1338630 1073.2
1338640 1078.6
1338650 1086.9
1338660 1086.9
1338670 1089.6
1338680 1092.1
1338690 1092.1
1338700 1095.2
1338710 1097.5
1338720 1099.1
1338730 1099.1
1338740 1102.1
1338750 1106.9
1338760 1106.9
1338770 1113.0
1338780 1116.9
1338790 1116.9
1338800 1119.5
1338810 1122.8
1338820 1122.8
1338830 1126.4
1338840 1130.5
1338850 1130.5
1338860 1135.0
1338870 1138.5
1338880 1138.5
1338890 1140.2
1338900 1140.6
1338910 1140.6
1338920 1141.8
1338930 1143.3
1338940 1143.3
1338950 1144.8
1338960 1146.0
1338970 1146.0
1338980 1148.2
1338990 1151.5
1339000 1154.2
1339010 1154.2
1339020 1156.0
1339030 1157.7
1339040 1157.7
1339050 1159.1
1339060 1160.1
1339070 1160.1
1339080 1160.7
1339090 1161.0
1339100 1161.0
1339110 1161.5
1339120 1161.6
1339130 1161.6
1339140 1162.8
1339150 1164.8
1339160 1164.8
1339170 1166.0
1339180 1166.7
1339190 1166.7
1339200 1168.3
1339210 1171.0
1339220 1171.0
1339230 1174.8
1339240 1178.0
1339250 1178.0
1339260 1180.6
1339270 1182.7
1339280 1182.7
1339290 1183.7
1339300 1183.9
1339310 1184.2
1339320 1184.2
1339330 1184.0
1339340 1183.6
1339350 1183.6
1339360 1182.2
1339370 1180.5
1339380 1180.5
1339390 1180.2
1339400 1180.3
1339410 1180.3
1339420 1181.5
1339430 1185.2
1339440 1185.2
1339450 1188.2
1339460 1190.5
1339470 1190.5
1339480 1191.7
1339490 1192.2
1339500 1192.2
1339510 1192.1
1339520 1191.7
1339530 1193.9
1339540 1192.5
1339550 1191.7
1339560 1191.7
1339570 1194.1
1339580 1198.4
1339590 1201.8
1339600 1201.8
1339610 1203.0
1339620 1201.7
1339630 1201.7
1339640 1199.6
1339650 1198.1
1339660 1198.1
1339670 1195.4
1339680 1192.4
1339690 1192.4
1339700 1189.6
1339710 1186.7
1339720 1186.7
1339730 1184.2
1339740 1181.5
1339750 1181.5
1339760 1178.2
1339770 1173.8
1339780 1173.8
1339790 1168.5
1339800 1163.8
1339810 1163.8
1339820 1158.9
1339830 1154.3
1339840 1154.3
1339850 1149.7
1339860 1145.2
1339870 1145.2
1339880 1141.1
1339890 1136.3
1339900 1130.4
1339910 1130.4
1339920 1124.5
1339930 1118.8
1339940 1118.8
1339950 1115.0
1339960 1111.7
1339970 1111.7
1339980 1107.4
1339990 1103.5
