1320000 784.0
1320010 788.7
1320020 788.7
1320030 794.1
1320040 800.6
1320050 800.6
1320060 806.9
1320070 811.8
1320080 811.8
1320090 815.6
1320100 820.5
1320110 820.5
1320120 826.6
1320130 831.9
1320140 831.9
1320150 836.6
1320160 840.9
1320170 840.9
1320180 844.3
1320190 848.4
1320200 852.5
1320210 852.5
1320220 857.0
1320230 862.3
1320240 862.3
1320250 867.4
1320260 874.3
1320270 874.3
1320280 881.1
1320290 886.8
1320300 886.8
1320310 890.6
1320320 893.0
1320330 893.0
1320340 895.6
1320350 901.3
1320360 901.3
1320370 908.9
1320380 915.8
1320390 915.8
1320400 921.9
1320410 928.9
1320420 928.9
1320430 935.6
1320440 942.0
1320450 942.0
1320460 948.0
1320470 953.5
1320480 959.1
1320490 959.1
1320500 963.4
1320510 966.2
1320520 966.2
1320530 968.8
1320540 972.5
1320550 972.5
1320560 977.1
1320570 982.4
1320580 982.4
1320590 988.0
1320600 994.0
1320610 994.0
1320620 1000.0
1320630 1006.6
1320640 1006.6
1320650 1013.5
1320660 1019.0
1320670 1019.0
1320680 1024.0
1320690 1029.9
1320700 1028.3
1320710 1032.8
1320720 1035.9
1320730 1035.9
1320740 1042.1
1320750 1049.1
1320760 1049.1
1320770 1055.0
1320780 1060.5
1320790 1066.2
1320800 1066.2
1320810 1072.1
1320820 1078.9
1320830 1078.9
1320840 1086.7
1320850 1095.3
1320860 1095.3
1320870 1103.4
1320880 1109.5
1320890 1109.5
1320900 1113.5
1320910 1117.6
1320920 1117.6
1320930 1121.4
1320940 1124.4
1320950 1124.4
1320960 1127.2
1320970 1131.5
1320980 1131.5
1320990 1136.0
1321000 1139.5
1321010 1139.5
1321020 1142.9
1321030 1147.0
1321040 1147.0
1321050 1152.3
1321060 1157.6
1321070 1162.5
1321080 1162.5
1321090 1166.5
1321100 1169.3
1321110 1169.3
1321120 1171.4
1321130 1173.9
1321140 1173.9
1321150 1177.0
1321160 1180.3
1321170 1180.3
1321180 1182.6
1321190 1183.5
1321200 1183.5
1321210 1184.5
1321220 1184.6
1321230 1184.6
1321240 1184.7
1321250 1185.3
1321260 1185.3
1321270 1186.5
1321280 1188.2
1321290 1188.2
1321300 1189.5
1321310 1190.5
1321320 1190.5
1321330 1191.1
1321340 1192.5
1321350 1192.5
1321360 1194.8
1321370 1197.3
1321380 1199.3
1321390 1199.3
1321400 1201.0
1321410 1202.8
1321420 1202.8
1321430 1205.7
1321440 1210.1
1321450 1210.1
1321460 1215.2
1321470 1219.6
1321480 1219.5
1321490 1221.1
1321500 1221.7
1321510 1221.7
1321520 1221.9
1321530 1222.8
1321540 1222.8
1321550 1223.8
1321560 1223.8
1321570 1223.8
1321580 1223.4
1321590 1222.1
1321600 1222.1
1321610 1221.0
1321620 1221.0
1321630 1221.0
1321640 1222.9
1321650 1225.3
1321660 1225.3
1321670 1228.2
1321680 1234.1
1321690 1240.0
1321700 1240.0
1321710 1242.0
1321720 1241.5
1321730 1241.5
1321740 1241.0
1321750 1240.5
1321760 1240.5
1321770 1239.4
1321780 1237.6
1321790 1237.6
1321800 1235.1
1321810 1231.6
1321820 1231.6
1321830 1227.5
1321840 1221.7
1321850 1221.7
1321860 1215.1
1321870 1208.6
1321880 1208.6
1321890 1202.6
1321900 1197.2
1321910 1197.2
1321920 1191.9
1321930 1186.2
1321940 1186.2
1321950 1181.4
1321960 1177.3
1321970 1173.0
1321980 1173.0
1321990 1168.4
1322000 1163.3
1322010 1163.3
1322020 1158.4
1322030 1153.3
1322040 1153.3
1322050 1149.2
1322060 1145.7
1322070 1145.7
1322080 1142.5
1322090 1139.1
1322100 1139.1
1322110 1134.8
1322120 1131.4
1322130 1131.4
1322140 1126.8
1322150 1122.1
1322160 1122.1
1322170 1118.6
1322180 1116.9
1322190 1116.9
1322200 1113.9
1322210 1108.2
1322220 1108.2
1322230 1102.5
1322240 1097.9
1322250 1097.9
1322260 1093.4
1322270 1089.8
1322280 1086.3
1322290 1086.3
1322300 1082.6
1322310 1078.9
1322320 1078.9
1322330 1075.8
1322340 1073.8
1322350 1073.8
1322360 1073.6
1322370 1078.4
1322380 1078.4
1322390 1081.4
1322400 1082.8
1322410 1082.8
1322420 1083.2
1322430 1083.2
1322440 1083.2
1322450 1084.4
1322460 1085.6
1322470 1085.6
1322480 1086.0
1322490 1086.6
1322500 1086.6
1322510 1087.5
1322520 1092.1
1322530 1092.1
1322540 1098.6
1322550 1105.4
1322560 1111.5
1322570 1111.5
1322580 1116.0
1322590 1119.7
1322600 1119.7
1322610 1123.1
1322620 1127.0
1322630 1127.0
1322640 1131.6
1322650 1136.7
1322660 1136.7
1322670 1139.4
1322680 1142.4
1322690 1142.4
1322700 1144.8
1322710 1146.0
1322720 1146.0
1322730 1147.3
1322740 1148.4
1322750 1148.4
1322760 1149.2
1322770 1150.2
1322780 1150.2
1322790 1151.2
1322800 1152.1
1322810 1152.1
1322820 1152.6
1322830 1154.0
1322840 1154.0
1322850 1154.6
1322860 1153.8
1322870 1151.0
1322880 1151.0
1322890 1146.2
1322900 1142.2
1322910 1142.2
1322920 1140.4
1322930 1140.3
1322940 1140.3
1322950 1141.2
1322960 1142.3
1322970 1142.3
1322980 1143.9
1322990 1145.0
1323000 1145.0
1323010 1145.3
1323020 1145.4
1323030 1145.4
1323040 1144.9
1323050 1147.3
1323060 1147.3
1323070 1149.3
1323080 1153.1
1323090 1153.1
1323100 1153.9
1323110 1155.4
1323120 1155.4
1323130 1157.8
1323140 1160.3
1323150 1160.3
1323160 1163.0
1323170 1164.9
1323180 1165.7
1323190 1165.7
1323200 1164.5
1323210 1162.5
1323220 1162.5
1323230 1161.0
1323240 1159.5
1323250 1159.5
1323260 1158.3
1323270 1159.8
1323280 1159.8
1323290 1160.7
1323300 1156.9
1323310 1156.9
1323320 1152.4
1323330 1146.4
1323340 1146.4
1323350 1142.1
1323360 1141.3
1323370 1141.3
1323380 1138.3
1323390 1135.4
1323400 1135.4
1323410 1133.7
1323420 1130.8
1323430 1130.8
1323440 1128.3
1323450 1126.8
1323460 1124.4
1323470 1124.4
1323480 1125.5
1323490 1129.5
1323500 1129.5
1323510 1129.1
1323520 1127.8
1323530 1127.8
1323540 1127.1
1323550 1125.5
1323560 1125.5
1323570 1122.9
1323580 1120.1
1323590 1120.1
1323600 1117.4
1323610 1114.2
1323620 1114.2
1323630 1110.2
1323640 1105.2
1323650 1105.2
1323660 1100.2
1323670 1097.2
1323680 1097.2
1323690 1095.2
1323700 1093.5
1323710 1093.5
1323720 1091.9
1323730 1090.5
1323740 1090.5
1323750 1089.1
1323760 1087.8
1323770 1086.1
1323780 1086.1
1323790 1086.2
1323800 1086.5
1323810 1086.5
1323820 1087.1
1323830 1086.6
1323840 1092.3
1323850 1092.8
1323860 1093.6
1323870 1093.6
1323880 1094.4
1323890 1094.8
1323900 1094.8
1323910 1095.0
1323920 1095.2
1323930 1095.2
1323940 1095.1
1323950 1093.5
1323960 1093.5
1323970 1090.3
1323980 1086.0
1323990 1086.0
1324000 1081.4
1324010 1076.4
1324020 1076.4
1324030 1072.3
1324040 1068.9
1324050 1068.0
1324060 1068.0
1324070 1067.4
1324080 1066.1
1324090 1066.1
1324100 1063.7
1324110 1060.5
1324120 1060.5
1324130 1057.8
1324140 1053.3
1324150 1053.3
1324160 1048.4
1324170 1045.0
1324180 1045.0
1324190 1043.8
1324200 1045.0
1324210 1045.0
1324220 1044.7
1324230 1041.6
1324240 1041.6
1324250 1036.4
1324260 1032.2
1324270 1032.2
1324280 1029.0
1324290 1025.2
1324300 1025.2
1324310 1023.9
1324320 1023.6
1324330 1023.6
1324340 1023.7
1324350 1023.0
1324360 1022.3
1324370 1022.3
1324380 1021.3
1324390 1020.0
1324400 1020.0
1324410 1019.4
1324420 1017.6
1324430 1017.6
1324440 1015.0
1324450 1012.1
1324460 1012.1
1324470 1009.8
1324480 1007.7
1324490 1007.7
1324500 1005.4
1324510 1001.4
1324520 1001.4
1324530 998.9
1324540 998.6
1324550 998.6
1324560 996.7
1324570 993.3
1324580 993.3
1324590 991.4
1324600 990.1
1324610 990.1
1324620 988.8
1324630 987.1
1324640 991.4
1324650 989.9
1324660 988.3
1324670 986.6
1324680 986.6
1324690 983.0
1324700 976.7
1324710 976.7
1324720 971.8
1324730 970.2
1324740 970.2
1324750 969.6
1324760 968.6
1324770 968.6
1324780 967.1
1324790 963.8
1324800 963.8
1324810 960.7
1324820 958.0
1324830 958.0
1324840 953.8
1324850 948.9
1324860 948.9
1324870 942.8
1324880 936.4
1324890 936.4
1324900 930.8
1324910 925.9
1324920 925.9
1324930 921.3
1324940 916.7
1324950 914.1
1324960 914.1
1324970 912.4
1324980 912.4
1324990 912.4
1325000 911.9
1325010 912.7
1325020 912.7
1325030 916.9
1325040 922.7
1325050 922.7
1325060 928.9
1325070 936.0
1325080 936.0
1325090 941.3
1325100 938.9
1325110 938.9
1325120 934.1
1325130 929.9
1325140 929.9
1325150 925.8
1325160 921.8
1325170 921.8
1325180 917.1
1325190 911.4
1325200 911.4
1325210 905.4
1325220 902.1
1325230 902.1
1325240 897.8
1325250 902.8
1325260 909.0
1325270 909.0
1325280 911.7
1325290 917.0
1325300 917.0
1325310 922.3
1325320 927.9
1325330 927.9
1325340 934.1
1325350 940.7
1325360 940.7
1325370 947.5
1325380 954.0
1325390 954.0
1325400 959.1
1325410 963.1
1325420 963.1
1325430 964.9
1325440 966.7
1325450 966.7
1325460 966.2
1325470 965.7
1325480 965.7
1325490 965.5
1325500 965.4
1325510 965.4
1325520 965.0
1325530 964.4
1325540 963.9
1325550 963.9
1325560 963.2
1325570 962.3
1325580 962.3
1325590 961.5
1325600 960.8
1325610 960.8
1325620 960.0
1325630 959.1
1325640 959.1
1325650 958.0
1325660 957.3
1325670 957.3
1325680 957.4
1325690 957.5
1325700 957.5
1325710 956.7
1325720 955.2
1325730 955.2
1325740 954.7
1325750 956.0
1325760 956.0
1325770 955.3
1325780 954.7
1325790 954.7
1325800 954.3
1325810 954.0
1325820 954.0
1325830 954.3
1325840 955.1
1325850 956.2
1325860 956.2
1325870 957.5
1325880 958.9
1325890 958.9
1325900 960.4
1325910 961.8
1325920 961.8
1325930 962.8
1325940 963.3
1325950 963.3
1325960 963.5
1325970 963.6
1325980 963.6
1325990 963.9
1326000 964.2
1326010 964.2
1326020 964.5
1326030 964.8
1326040 964.8
1326050 965.1
1326060 965.4
1326070 965.4
1326080 966.0
1326090 966.8
1326100 966.8
1326110 967.0
1326120 966.8
1326130 966.8
1326140 966.5
1326150 965.9
1326160 965.2
1326170 965.2
1326180 964.5
1326190 964.2
1326200 964.2
1326210 965.0
1326220 966.2
1326230 966.2
1326240 968.6
1326250 968.7
1326260 968.7
1326270 968.7
1326280 968.7
1326290 968.7
1326300 968.7
1326310 968.6
1326320 968.6
1326330 968.4
1326340 968.1
1326350 968.1
1326360 967.7
1326370 967.7
1326380 967.7
1326390 967.9
1326400 968.3
1326410 968.3
1326420 968.6
1326430 969.0
1326440 969.4
1326450 969.4
1326460 969.9
1326470 970.2
1326480 970.2
1326490 970.1
1326500 969.7
1326510 969.7
1326520 969.3
1326530 969.1
1326540 969.1
1326550 968.7
1326560 968.1
1326570 968.1
1326580 967.2
1326590 964.5
1326600 964.5
1326610 960.9
1326620 956.7
1326630 956.7
1326640 951.1
1326650 945.0
1326660 945.0
1326670 942.8
1326680 939.5
1326690 939.5
1326700 932.9
1326710 925.6
1326720 925.6
1326730 918.8
1326740 911.5
1326750 903.5
1326760 903.5
1326770 897.0
1326780 891.2
1326790 891.2
1326800 886.9
1326810 885.9
1326820 885.9
1326830 888.6
1326840 893.1
1326850 893.1
1326860 897.7
1326870 902.6
1326880 902.6
1326890 907.2
1326900 911.6
1326910 911.6
1326920 916.3
1326930 920.6
1326940 920.6
1326950 924.9
1326960 929.7
1326970 929.7
1326980 936.6
1326990 942.9
1327000 942.9
1327010 947.6
1327020 950.8
1327030 952.1
1327040 952.1
1327050 957.8
1327060 962.1
1327070 962.1
1327080 964.3
1327090 965.1
1327100 965.1
1327110 965.1
1327120 963.0
1327130 963.0
1327140 961.3
1327150 962.4
1327160 962.4
1327170 966.4
1327180 969.2
1327190 969.2
1327200 970.2
1327210 970.0
1327220 970.0
1327230 970.1
1327240 971.7
1327250 971.7
1327260 972.8
1327270 973.7
1327280 973.7
1327290 974.7
1327300 975.8
1327310 975.8
1327320 976.9
1327330 978.0
1327340 979.1
1327350 979.1
1327360 980.3
1327370 981.6
1327380 981.6
1327390 982.8
1327400 983.8
1327410 983.8
1327420 984.9
1327430 986.2
1327440 986.2
1327450 987.3
1327460 988.3
1327470 988.3
1327480 989.5
1327490 991.0
1327500 991.0
1327510 992.1
1327520 991.5
1327530 991.5
1327540 989.4
1327550 987.8
1327560 987.8
1327570 988.5
1327580 991.8
1327590 991.8
1327600 994.1
1327610 993.2
1327620 992.6
1327630 992.6
1327640 994.1
1327650 996.3
1327660 996.3
1327670 997.9
1327680 998.5
1327690 998.5
1327700 997.3
1327710 995.2
1327720 995.2
1327730 994.3
1327740 995.3
1327750 995.3
1327760 997.7
1327770 999.9
1327780 999.9
1327790 1001.2
1327800 1001.4
1327810 1001.4
1327820 1000.9
1327830 1000.5
1327840 1000.5
1327850 1000.7
1327860 1005.7
1327870 1005.7
1327880 1007.1
1327890 1008.9
1327900 1008.9
1327910 1010.2
1327920 1011.1
1327930 1010.9
1327940 1010.9
1327950 1009.8
1327960 1006.3
1327970 1006.3
1327980 1002.8
1327990 1004.8
1328000 1004.8
1328010 1008.7
1328020 1011.9
1328030 1011.9
1328040 1011.9
1328050 1010.1
1328060 1010.1
1328070 1007.8
1328080 1005.2
1328090 1005.2
1328100 1002.1
1328110 998.9
1328120 998.9
1328130 998.8
1328140 1002.9
1328150 1002.9
1328160 1008.0
1328170 1012.3
1328180 1012.3
1328190 1015.5
1328200 1017.9
1328210 1017.9
1328220 1018.3
1328230 1017.8
1328240 1017.0
1328250 1017.0
1328260 1015.8
1328270 1014.3
1328280 1014.3
1328290 1012.5
1328300 1008.2
1328310 1008.2
1328320 1004.1
1328330 1003.3
1328340 1003.3
1328350 1005.8
1328360 1010.8
1328370 1010.8
1328380 1013.9
1328390 1015.9
1328400 1015.9
1328410 1016.7
1328420 1016.9
1328430 1016.9
1328440 1016.8
1328450 1016.7
1328460 1016.7
1328470 1016.5
1328480 1016.3
1328490 1016.3
1328500 1016.5
1328510 1016.8
1328520 1016.9
1328530 1016.9
1328540 1016.8
1328550 1016.0
1328560 1016.0
1328570 1015.1
1328580 1014.1
1328590 1014.1
1328600 1013.0
1328610 1011.2
1328620 1011.2
1328630 1007.0
1328640 1004.6
1328650 1004.6
1328660 1007.6
1328670 1010.0
1328680 1012.9
1328690 1013.8
1328700 1014.0
1328710 1014.0
1328720 1013.8
1328730 1013.4
1328740 1013.4
1328750 1012.7
1328760 1012.1
1328770 1012.1
1328780 1011.6
1328790 1011.8
1328800 1011.8
1328810 1011.9
1328820 1011.9
1328830 1011.8
1328840 1011.8
1328850 1011.6
1328860 1011.0
1328870 1011.0
1328880 1009.5
1328890 1007.7
1328900 1007.7
1328910 1007.2
1328920 1006.1
1328930 1006.1
1328940 1005.4
1328950 1005.3
1328960 1005.3
1328970 1005.1
1328980 1004.9
1328990 1004.9
1329000 1004.8
1329010 1005.1
1329020 1005.1
1329030 1005.6
1329040 1005.5
1329050 1005.5
1329060 1004.2
1329070 1001.2
1329080 1001.2
1329090 997.4
1329100 992.4
1329110 987.2
1329120 987.2
1329130 987.9
1329140 990.6
1329150 990.6
1329160 993.6
1329170 996.1
1329180 996.1
1329190 996.4
1329200 995.6
1329210 995.6
1329220 993.6
1329230 993.0
1329240 993.0
1329250 992.8
1329260 993.1
1329270 993.1
1329280 992.0
1329290 989.1
1329300 989.1
1329310 984.9
1329320 984.3
1329330 984.3
1329340 985.5
1329350 986.1
1329360 986.1
1329370 985.1
1329380 980.2
1329390 980.2
1329400 974.7
1329410 971.1
1329420 969.6
1329430 969.6
1329440 971.6
1329450 973.7
1329460 973.7
1329470 969.7
1329480 964.2
1329490 964.2
1329500 970.4
1329510 969.9
1329520 969.9
1329530 966.8
1329540 960.9
1329550 960.9
1329560 953.4
1329570 945.8
1329580 945.8
1329590 941.5
1329600 942.7
1329610 942.7
1329620 945.6
1329630 947.7
1329640 947.7
1329650 945.4
1329660 941.7
1329670 941.7
1329680 937.3
1329690 937.6
1329700 937.6
1329710 936.7
1329720 934.6
1329730 933.0
1329740 933.0
1329750 931.9
1329760 930.3
1329770 930.3
1329780 928.6
1329790 927.1
1329800 927.1
1329810 926.1
1329820 924.6
1329830 924.6
1329840 921.6
1329850 918.1
1329860 918.1
1329870 914.4
1329880 910.3
1329890 910.3
1329900 906.5
1329910 902.7
1329920 902.7
1329930 901.2
1329940 901.9
1329950 901.9
1329960 904.0
1329970 905.4
1329980 905.4
1329990 908.9
1330000 913.5
1330010 916.2
1330020 916.2
1330030 918.5
1330040 922.4
1330050 922.4
1330060 926.3
1330070 929.6
1330080 929.6
1330090 931.4
1330100 933.1
1330110 933.1
1330120 934.7
1330130 936.8
1330140 936.8
1330150 938.8
1330160 941.0
1330170 941.0
1330180 942.4
1330190 939.6
1330200 939.6
1330210 937.4
1330220 942.8
1330230 942.8
1330240 949.8
1330250 956.1
1330260 956.1
1330270 961.3
1330280 965.4
1330290 965.4
1330300 967.5
1330310 969.0
1330320 972.3
1330330 968.5
1330340 970.8
1330350 977.2
1330360 977.2
1330370 981.8
1330380 982.9
1330390 982.9
1330400 984.0
1330410 985.1
1330420 985.1
1330430 986.3
1330440 987.3
1330450 987.3
1330460 988.3
1330470 989.6
1330480 989.6
1330490 991.1
1330500 992.7
1330510 992.7
1330520 995.0
1330530 997.6
1330540 997.6
1330550 1000.2
1330560 1002.6
1330570 1002.6
1330580 1004.8
1330590 1006.4
1330600 1008.1
1330610 1008.1
1330620 1010.8
1330630 1012.3
1330640 1012.3
1330650 1014.8
1330660 1017.9
1330670 1017.9
1330680 1020.2
1330690 1022.4
1330700 1022.4
1330710 1024.8
1330720 1027.2
1330730 1027.2
1330740 1030.0
1330750 1033.2
1330760 1033.2
1330770 1036.3
1330780 1039.4
1330790 1039.4
1330800 1042.6
1330810 1045.4
1330820 1045.4
1330830 1048.4
1330840 1051.4
1330850 1051.4
1330860 1054.8
1330870 1058.0
1330880 1058.0
1330890 1061.3
1330900 1065.1
1330910 1068.7
1330920 1068.7
1330930 1072.2
1330940 1075.7
1330950 1075.7
1330960 1079.0
1330970 1082.4
1330980 1082.4
1330990 1085.8
1331000 1089.0
1331010 1089.0
1331020 1092.1
1331030 1095.5
1331040 1095.5
1331050 1098.8
1331060 1102.0
1331070 1102.0
1331080 1105.6
1331090 1109.1
1331100 1109.1
1331110 1112.5
1331120 1117.1
1331130 1117.1
1331140 1121.4
1331150 1125.8
1331160 1126.4
1331170 1131.1
1331180 1135.2
1331190 1138.2
1331200 1138.2
1331210 1140.6
1331220 1143.2
1331230 1143.2
1331240 1147.1
1331250 1150.6
1331260 1150.6
1331270 1154.1
1331280 1158.7
1331290 1158.7
1331300 1164.0
1331310 1169.6
1331320 1169.6
1331330 1174.8
1331340 1180.8
1331350 1180.8
1331360 1187.0
1331370 1194.0
1331380 1194.0
1331390 1198.9
1331400 1202.4
1331410 1202.4
1331420 1205.2
1331430 1209.7
1331440 1209.7
1331450 1212.2
1331460 1213.9
1331470 1213.9
1331480 1216.6
1331490 1219.6
1331500 1221.9
1331510 1221.9
1331520 1224.9
1331530 1227.2
1331540 1227.2
1331550 1228.8
1331560 1231.9
1331570 1231.9
1331580 1236.1
1331590 1240.3
1331600 1240.3
1331610 1245.1
1331620 1251.1
1331630 1251.1
1331640 1256.8
1331650 1261.6
1331660 1261.6
1331670 1263.6
1331680 1266.8
1331690 1266.8
1331700 1271.1
1331710 1277.4
1331720 1277.4
1331730 1283.4
1331740 1289.2
1331750 1289.2
1331760 1293.1
1331770 1296.0
1331780 1299.7
1331790 1299.7
1331800 1305.3
1331810 1311.7
1331820 1311.7
1331830 1318.8
1331840 1325.2
1331850 1325.2
1331860 1330.3
1331870 1336.5
1331880 1336.5
1331890 1342.9
1331900 1349.3
1331910 1349.3
1331920 1356.1
1331930 1362.4
1331940 1362.4
1331950 1368.0
1331960 1373.3
1331970 1373.3
1331980 1377.5
1331990 1380.1
1332000 1380.1
1332010 1384.3
1332020 1387.9
1332030 1387.9
1332040 1391.8
1332050 1395.5
1332060 1395.5
1332070 1399.7
1332080 1404.1
1332090 1408.3
1332100 1408.3
1332110 1412.7
1332120 1417.0
1332130 1417.0
1332140 1421.8
1332150 1426.6
1332160 1426.6
1332170 1431.1
1332180 1435.3
1332190 1435.3
1332200 1438.6
1332210 1441.3
1332220 1441.3
1332230 1443.8
1332240 1445.7
1332250 1445.7
1332260 1448.2
1332270 1450.7
1332280 1450.7
1332290 1453.1
1332300 1456.1
1332310 1456.1
1332320 1460.0
1332330 1465.3
1332340 1465.3
1332350 1471.1
1332360 1476.3
1332370 1476.3
1332380 1480.5
1332390 1484.0
1332400 1487.2
1332410 1487.2
1332420 1490.2
1332430 1493.9
1332440 1493.9
1332450 1500.0
1332460 1507.0
1332470 1507.0
1332480 1514.3
1332490 1521.0
1332500 1521.0
1332510 1526.5
1332520 1529.7
1332530 1529.7
1332540 1532.2
1332550 1537.5
1332560 1537.5
1332570 1541.9
1332580 1546.0
1332590 1546.0
1332600 1553.2
1332610 1560.2
1332620 1560.2
1332630 1564.7
1332640 1568.7
1332650 1568.7
1332660 1572.6
1332670 1577.9
1332680 1585.5
1332690 1585.5
1332700 1593.8
1332710 1598.6
1332720 1598.6
1332730 1602.3
1332740 1605.4
1332750 1605.4
1332760 1608.2
1332770 1611.0
1332780 1611.0
1332790 1613.0
1332800 1614.2
1332810 1614.2
1332820 1614.9
1332830 1619.4
1332840 1619.4
1332850 1620.5
1332860 1622.0
1332870 1622.0
1332880 1623.9
1332890 1625.9
1332900 1625.9
1332910 1628.3
1332920 1630.0
1332930 1630.0
1332940 1631.6
1332950 1633.9
1332960 1633.9
1332970 1636.1
1332980 1637.3
1332990 1638.6
1333000 1638.6
1333010 1640.1
1333020 1641.9
1333030 1641.9
1333040 1643.8
1333050 1645.9
1333060 1645.9
1333070 1648.2
1333080 1651.3
1333090 1651.3
1333100 1655.4
1333110 1661.3
1333120 1661.3
1333130 1667.5
1333140 1672.4
1333150 1672.4
1333160 1676.9
1333170 1681.3
1333180 1681.3
1333190 1684.9
1333200 1688.3
1333210 1688.3
1333220 1691.7
1333230 1695.0
1333240 1695.0
1333250 1698.9
1333260 1702.8
1333270 1707.1
1333280 1707.1
1333290 1711.6
1333300 1715.8
1333310 1715.8
1333320 1720.5
1333330 1725.6
1333340 1725.6
1333350 1729.7
1333360 1732.0
1333370 1732.0
1333380 1733.1
1333390 1735.3
1333400 1735.3
1333410 1738.5
1333420 1741.5
1333430 1741.5
1333440 1744.6
1333450 1747.9
1333460 1747.9
1333470 1749.9
1333480 1750.5
1333490 1750.5
1333500 1752.0
1333510 1754.2
1333520 1754.2
1333530 1756.1
1333540 1757.7
1333550 1757.7
1333560 1759.2
1333570 1761.4
1333580 1762.7
1333590 1762.7
1333600 1763.1
1333610 1762.9
1333620 1762.9
1333630 1764.2
1333640 1768.3
1333650 1768.3
1333660 1771.2
1333670 1777.2
1333680 1777.2
1333690 1780.7
1333700 1784.9
1333710 1784.9
1333720 1787.3
1333730 1788.4
1333740 1788.4
1333750 1788.2
1333760 1788.4
1333770 1788.4
1333780 1789.8
1333790 1791.9
1333800 1791.9
1333810 1793.2
1333820 1793.5
1333830 1793.5
1333840 1793.9
1333850 1797.0
1333860 1797.7
1333870 1797.7
1333880 1795.4
1333890 1796.0
1333900 1796.0
1333910 1795.2
1333920 1792.3
1333930 1792.3
1333940 1789.2
1333950 1786.9
1333960 1786.9
1333970 1787.1
1333980 1789.2
1333990 1789.2
1334000 1792.0
1334010 1795.7
1334020 1795.7
1334030 1801.8
1334040 1808.7
1334050 1808.7
1334060 1810.2
1334070 1814.7
1334080 1814.7
1334090 1818.9
1334100 1823.5
1334110 1823.5
1334120 1824.0
1334130 1823.1
1334140 1823.1
1334150 1826.0
1334160 1830.8
1334170 1834.7
1334180 1834.7
1334190 1836.9
1334200 1840.6
1334210 1840.6
1334220 1844.5
1334230 1847.1
1334240 1847.1
1334250 1848.2
1334260 1851.1
1334270 1851.1
1334280 1855.6
1334290 1860.0
1334300 1860.0
1334310 1861.3
1334320 1859.4
1334330 1859.4
1334340 1856.8
1334350 1853.9
1334360 1853.9
1334370 1851.0
1334380 1848.0
1334390 1848.0
1334400 1844.4
1334410 1840.5
1334420 1840.5
1334430 1836.4
1334440 1832.5
1334450 1829.3
1334460 1829.3
1334470 1826.4
1334480 1822.8
1334490 1822.8
1334500 1819.1
1334510 1816.0
1334520 1813.7
1334530 1809.6
1334540 1805.5
1334550 1805.5
1334560 1803.2
1334570 1800.5
1334580 1800.5
1334590 1796.0
1334600 1790.6
1334610 1790.6
1334620 1785.2
1334630 1780.0
1334640 1780.0
1334650 1775.0
1334660 1770.3
1334670 1770.3
1334680 1766.1
1334690 1762.0
1334700 1762.0
1334710 1757.7
1334720 1753.4
1334730 1753.4
1334740 1748.9
1334750 1745.2
1334760 1742.6
1334770 1742.6
1334780 1740.1
1334790 1737.6
1334800 1737.6
1334810 1734.9
1334820 1731.8
1334830 1731.8
1334840 1727.7
1334850 1723.5
1334860 1723.5
1334870 1721.1
1334880 1718.1
1334890 1718.1
1334900 1716.0
1334910 1712.8
1334920 1712.8
1334930 1708.2
1334940 1703.1
1334950 1703.1
1334960 1698.2
1334970 1693.7
1334980 1693.7
1334990 1689.2
1335000 1684.7
1335010 1684.7
1335020 1680.3
1335030 1676.4
1335040 1676.4
1335050 1672.9
1335060 1670.5
1335070 1669.1
1335080 1669.1
1335090 1666.7
1335100 1663.8
1335110 1663.8
1335120 1661.3
1335130 1658.3
1335140 1658.3
1335150 1655.9
1335160 1653.6
1335170 1653.6
1335180 1649.7
1335190 1646.1
1335200 1646.1
1335210 1642.3
1335220 1637.6
1335230 1637.6
1335240 1632.8
1335250 1627.8
1335260 1627.8
1335270 1622.3
1335280 1616.5
1335290 1616.5
1335300 1611.0
1335310 1605.4
1335320 1605.4
1335330 1601.6
1335340 1598.0
1335350 1591.5
1335360 1591.5
1335370 1592.5
1335380 1589.0
1335390 1589.0
1335400 1583.8
1335410 1578.3
1335420 1578.3
1335430 1573.3
1335440 1567.2
1335450 1567.2
1335460 1561.4
1335470 1555.1
1335480 1555.1
1335490 1549.1
1335500 1543.1
1335510 1543.1
1335520 1539.0
1335530 1535.8
1335540 1535.8
1335550 1531.3
1335560 1526.0
1335570 1526.0
1335580 1520.4
1335590 1514.3
1335600 1514.3
1335610 1507.5
1335620 1500.0
1335630 1500.0
1335640 1492.7
1335650 1486.3
1335660 1482.2
1335670 1482.2
1335680 1477.2
1335690 1470.7
1335700 1470.7
1335710 1464.0
1335720 1456.8
1335730 1456.8
1335740 1449.9
1335750 1442.2
1335760 1442.2
1335770 1434.4
1335780 1426.4
1335790 1426.4
1335800 1421.2
1335810 1418.7
1335820 1418.7
1335830 1418.4
1335840 1416.6
1335850 1416.6
1335860 1412.5
1335870 1406.8
1335880 1406.8
1335890 1400.1
1335900 1392.2
1335910 1392.2
1335920 1384.8
1335930 1379.6
1335940 1374.5
1335950 1374.5
1335960 1369.0
1335970 1363.4
1335980 1363.4
1335990 1358.0
1336000 1351.2
1336010 1351.2
1336020 1345.7
1336030 1344.6
1336040 1344.6
1336050 1345.2
1336060 1346.9
1336070 1346.9
1336080 1347.4
1336090 1345.9
1336100 1345.9
1336110 1344.4
1336120 1342.5
1336130 1342.5
1336140 1340.0
1336150 1340.1
1336160 1340.1
1336170 1338.5
1336180 1334.4
1336190 1334.4
1336200 1327.9
1336210 1323.1
1336220 1323.1
1336230 1310.6
1336240 1308.0
1336250 1304.4
1336260 1304.4
1336270 1301.5
1336280 1298.4
1336290 1298.4
1336300 1294.7
1336310 1290.8
1336320 1290.8
1336330 1286.0
1336340 1279.7
1336350 1279.7
1336360 1274.1
1336370 1269.5
1336380 1269.5
1336390 1265.2
1336400 1260.8
1336410 1260.8
1336420 1255.2
1336430 1248.8
1336440 1248.8
1336450 1243.2
1336460 1238.4
1336470 1238.4
1336480 1233.0
1336490 1228.0
1336500 1228.0
1336510 1223.3
1336520 1219.5
1336530 1218.7
1336540 1218.7
1336550 1218.1
1336560 1217.4
1336570 1217.4
1336580 1217.6
1336590 1217.1
1336600 1217.1
1336610 1219.3
1336620 1220.5
1336630 1220.5
1336640 1218.7
1336650 1211.4
1336660 1211.4
1336670 1202.9
1336680 1195.9
1336690 1195.9
1336700 1190.7
1336710 1187.5
1336720 1187.5
1336730 1185.2
1336740 1182.6
1336750 1182.6
1336760 1180.3
1336770 1178.0
1336780 1178.0
1336790 1176.6
1336800 1175.5
1336810 1175.5
1336820 1175.1
1336830 1176.2
1336840 1176.4
1336850 1176.4
1336860 1175.4
1336870 1174.7
1336880 1174.7
1336890 1172.1
1336900 1169.2
1336910 1169.2
1336920 1166.9
1336930 1165.0
1336940 1165.0
1336950 1162.5
1336960 1160.0
1336970 1160.0
1336980 1158.1
1336990 1155.9
1337000 1155.9
1337010 1153.6
1337020 1151.2
1337030 1151.2
1337040 1148.7
1337050 1146.1
1337060 1146.1
1337070 1143.9
1337080 1141.8
1337090 1141.5
1337100 1139.3
1337110 1137.6
1337120 1137.6
1337130 1135.8
1337140 1133.6
1337150 1131.5
1337160 1131.5
1337170 1129.4
1337180 1127.2
1337190 1127.2
1337200 1125.1
1337210 1123.7
1337220 1123.7
1337230 1121.8
1337240 1120.2
1337250 1120.2
1337260 1118.5
1337270 1116.5
1337280 1116.5
1337290 1114.3
1337300 1112.8
1337310 1112.8
1337320 1110.4
1337330 1107.6
1337340 1107.6
1337350 1104.0
1337360 1101.7
1337370 1101.7
1337380 1100.0
1337390 1098.6
1337400 1098.6
1337410 1097.8
1337420 1096.0
1337430 1094.7
1337440 1094.7
1337450 1093.2
1337460 1091.8
1337470 1091.8
1337480 1090.5
1337490 1089.1
1337500 1089.1
1337510 1087.6
1337520 1086.5
1337530 1086.5
1337540 1085.3
1337550 1083.3
1337560 1083.3
1337570 1080.8
1337580 1078.0
1337590 1078.0
1337600 1075.9
1337610 1074.1
1337620 1074.1
1337630 1072.0
1337640 1069.8
1337650 1069.8
1337660 1069.6
1337670 1072.5
1337680 1072.5
1337690 1074.4
1337700 1074.5
1337710 1074.5
1337720 1076.7
1337730 1078.9
1337740 1080.4
1337750 1080.4
1337760 1081.5
1337770 1082.6
1337780 1082.6
1337790 1084.6
1337800 1087.5
1337810 1087.5
1337820 1089.9
1337830 1093.0
1337840 1093.0
1337850 1096.1
1337860 1100.1
1337870 1100.1
1337880 1104.1
1337890 1107.0
1337900 1107.0
1337910 1111.0
1337920 1115.7
1337930 1115.7
1337940 1118.4
1337950 1120.4
1337960 1122.8
1337970 1124.7
1337980 1124.8
1337990 1124.8
1338000 1122.9
1338010 1121.8
1338020 1121.3
1338030 1121.3
1338040 1119.6
1338050 1122.4
1338060 1122.4
1338070 1126.6
1338080 1132.1
1338090 1132.1
1338100 1135.6
1338110 1137.0
1338120 1137.0
1338130 1137.9
1338140 1138.6
1338150 1138.6
1338160 1139.4
1338170 1139.7
1338180 1139.7
1338190 1140.2
1338200 1143.1
1338210 1143.1
1338220 1145.8
1338230 1149.1
1338240 1149.1
1338250 1151.2
1338260 1151.1
1338270 1151.1
1338280 1150.7
1338290 1150.8
1338300 1150.8
1338310 1153.3
1338320 1157.1
1338330 1161.6
1338340 1161.6
1338350 1166.2
1338360 1169.8
1338370 1169.8
1338380 1172.6
1338390 1176.0
1338400 1176.0
1338410 1179.9
1338420 1181.4
1338430 1181.4
1338440 1184.2
1338450 1187.6
1338460 1187.6
1338470 1191.0
1338480 1194.5
1338490 1194.5
1338500 1198.6
1338510 1202.5
1338520 1202.5
1338530 1206.1
1338540 1206.9
1338550 1206.9
1338560 1208.6
1338570 1210.6
1338580 1210.6
1338590 1213.7
1338600 1215.5
1338610 1217.9
1338620 1217.9
1338630 1221.0
1338640 1224.7
1338650 1224.7
1338660 1228.8
1338670 1232.9
1338680 1232.9
1338690 1237.1
1338700 1241.3
1338710 1241.3
1338720 1244.7
1338730 1248.7
1338740 1248.7
1338750 1252.3
1338760 1254.6
1338770 1254.6
1338780 1257.5
1338790 1262.4
1338800 1262.4
1338810 1265.6
1338820 1269.5
1338830 1269.5
1338840 1276.1
1338850 1278.9
1338860 1278.9
1338870 1282.6
1338880 1286.2
1338890 1286.2
1338900 1289.1
1338910 1292.0
1338920 1295.0
1338930 1295.0
1338940 1298.6
1338950 1302.6
1338960 1302.6
1338970 1306.8
1338980 1311.2
1338990 1311.2
1339000 1315.5
1339010 1318.9
1339020 1318.9
1339030 1321.7
1339040 1323.7
1339050 1323.7
1339060 1325.8
1339070 1327.7
1339080 1327.7
1339090 1330.6
1339100 1334.7
1339110 1334.7
1339120 1337.1
1339130 1336.8
1339140 1336.8
1339150 1336.5
1339160 1337.7
1339170 1337.7
1339180 1340.9
1339190 1343.0
1339200 1343.0
1339210 1346.0
1339220 1354.6
1339230 1359.8
1339240 1359.8
1339250 1362.4
1339260 1367.1
1339270 1367.1
1339280 1372.4
1339290 1373.1
1339300 1373.1
1339310 1372.0
1339320 1371.2
1339330 1371.2
1339340 1369.4
1339350 1366.9
1339360 1366.9
1339370 1363.3
1339380 1358.5
1339390 1358.5
1339400 1354.3
1339410 1350.5
1339420 1350.5
1339430 1346.5
1339440 1341.5
1339450 1341.5
1339460 1336.4
1339470 1331.5
1339480 1331.5
1339490 1326.8
1339500 1322.7
1339510 1319.2
1339520 1319.2
1339530 1315.5
1339540 1311.8
1339550 1311.8
1339560 1307.7
1339570 1303.1
1339580 1303.1
1339590 1298.6
1339600 1294.7
1339610 1294.7
1339620 1290.6
1339630 1286.2
1339640 1286.2
1339650 1281.7
1339660 1277.1
1339670 1277.1
1339680 1272.6
1339690 1267.4
1339700 1267.4
1339710 1263.1
1339720 1259.8
1339730 1259.8
1339740 1256.2
1339750 1252.1
1339760 1252.1
1339770 1248.0
1339780 1244.3
1339790 1244.3
1339800 1240.0
1339810 1235.9
1339820 1232.1
1339830 1232.1
1339840 1228.6
1339850 1225.7
1339860 1225.7
1339870 1222.1
1339880 1218.5
1339890 1218.5
1339900 1215.4
1339910 1212.3
1339920 1212.3
1339930 1208.6
1339940 1204.0
1339950 1204.0
1339960 1199.2
1339970 1194.1
1339980 1194.1
1339990 1189.1
