1320000 983.8
1320010 983.8
1320020 989.5
1320030 995.7
1320040 995.7
1320050 1000.4
1320060 1004.3
1320070 1004.3
1320080 1008.5
1320090 1015.4
1320100 1015.4
1320110 1023.2
1320120 1028.4
1320130 1028.4
1320140 1031.3
1320150 1035.0
1320160 1037.5
1320170 1037.5
1320180 1040.3
1320190 1044.6
1320200 1044.6
1320210 1049.2
1320220 1053.3
1320230 1053.3
1320240 1056.4
1320250 1059.7
1320260 1059.7
1320270 1062.9
1320280 1066.3
1320290 1066.3
1320300 1070.2
1320310 1068.4
1320320 1068.4
1320330 1072.4
1320340 1076.5
1320350 1076.5
1320360 1079.4
1320370 1083.4
1320380 1083.4
1320390 1088.1
1320400 1092.3
1320410 1092.3
1320420 1095.6
1320430 1099.3
1320440 1099.3
1320450 1102.2
1320460 1104.8
1320470 1108.7
1320480 1108.7
1320490 1113.0
1320500 1118.0
1320510 1118.0
1320520 1121.9
1320530 1125.6
1320540 1125.6
1320550 1130.9
1320560 1135.1
1320570 1135.1
1320580 1138.0
1320590 1142.1
1320600 1142.1
1320610 1147.7
1320620 1154.6
1320630 1154.6
1320640 1162.2
1320650 1167.8
1320660 1167.8
1320670 1169.2
1320680 1171.0
1320690 1171.0
1320700 1173.0
1320710 1174.8
1320720 1174.8
1320730 1177.4
1320740 1180.9
1320750 1183.8
1320760 1183.8
1320770 1185.5
1320780 1186.8
1320790 1186.8
1320800 1188.6
1320810 1192.6
1320820 1192.6
1320830 1196.7
1320840 1198.7
1320850 1198.7
1320860 1199.0
1320870 1198.2
1320880 1198.2
1320890 1198.3
1320900 1198.8
1320910 1198.8
1320920 1199.4
1320930 1201.8
1320940 1201.8
1320950 1202.4
1320960 1203.5
1320970 1203.5
1320980 1205.2
1320990 1206.1
1321000 1206.1
1321010 1205.9
1321020 1205.5
1321030 1205.5
1321040 1204.6
1321050 1203.7
1321060 1202.8
1321070 1202.8
1321080 1201.4
1321090 1200.9
1321100 1200.9
1321110 1199.9
1321120 1199.2
1321130 1199.2
1321140 1199.4
1321150 1201.0
1321160 1201.0
1321170 1203.6
1321180 1205.7
1321190 1205.7
1321200 1207.4
1321210 1210.1
1321220 1210.1
1321230 1214.0
1321240 1218.5
1321250 1218.5
1321260 1222.3
1321270 1226.6
1321280 1226.6
1321290 1230.6
1321300 1233.9
1321310 1233.9
1321320 1236.6
1321330 1238.6
1321340 1238.6
1321350 1239.8
1321360 1240.6
1321370 1242.1
1321380 1242.1
1321390 1243.9
1321400 1245.2
1321410 1245.2
1321420 1245.2
1321430 1243.9
1321440 1243.9
1321450 1241.6
1321460 1238.4
1321470 1238.4
1321480 1234.7
1321490 1233.0
1321500 1233.0
1321510 1232.6
1321520 1232.5
1321530 1232.5
1321540 1232.5
1321550 1232.4
1321560 1232.4
1321570 1232.1
1321580 1230.1
1321590 1230.1
1321600 1226.5
1321610 1222.4
1321620 1222.4
1321630 1218.3
1321640 1215.6
1321650 1213.8
1321660 1213.8
1321670 1212.6
1321680 1212.5
1321690 1212.5
1321700 1212.8
1321710 1211.9
1321720 1211.9
1321730 1208.2
1321740 1203.0
1321750 1203.0
1321760 1197.7
1321770 1193.0
1321780 1193.0
1321790 1189.2
1321800 1186.8
1321810 1186.8
1321820 1184.7
1321830 1182.5
1321840 1182.5
1321850 1180.3
1321860 1178.0
1321870 1179.0
1321880 1178.7
1321890 1177.9
1321900 1177.9
1321910 1176.2
1321920 1174.3
1321930 1174.3
1321940 1173.1
1321950 1174.2
1321960 1175.8
1321970 1175.8
1321980 1175.2
1321990 1172.9
1322000 1172.9
1322010 1169.3
1322020 1164.9
1322030 1164.9
1322040 1161.1
1322050 1157.8
1322060 1157.8
1322070 1154.7
1322080 1150.9
1322090 1150.9
1322100 1147.4
1322110 1144.3
1322120 1144.3
1322130 1141.7
1322140 1139.3
1322150 1139.3
1322160 1136.8
1322170 1133.9
1322180 1133.9
1322190 1130.2
1322200 1125.8
1322210 1125.8
1322220 1121.3
1322230 1116.2
1322240 1116.2
1322250 1111.2
1322260 1108.7
1322270 1107.0
1322280 1107.0
1322290 1103.9
1322300 1099.5
1322310 1099.5
1322320 1095.6
1322330 1092.2
1322340 1092.2
1322350 1088.1
1322360 1083.1
1322370 1083.1
1322380 1079.1
1322390 1076.5
1322400 1076.5
1322410 1074.9
1322420 1073.7
1322430 1073.7
1322440 1070.6
1322450 1066.5
1322460 1066.5
1322470 1061.7
1322480 1056.4
1322490 1056.4
1322500 1050.9
1322510 1043.1
1322520 1043.1
1322530 1036.8
1322540 1029.8
1322550 1021.2
1322560 1021.2
1322570 1014.0
1322580 1014.2
1322590 1014.2
1322600 1019.9
1322610 1025.7
1322620 1025.7
1322630 1031.6
1322640 1036.9
1322650 1039.0
1322660 1042.0
1322670 1044.1
1322680 1044.1
1322690 1045.6
1322700 1045.6
1322710 1045.6
1322720 1044.9
1322730 1044.6
1322740 1044.6
1322750 1045.2
1322760 1046.8
1322770 1046.8
1322780 1048.1
1322790 1048.4
1322800 1048.4
1322810 1047.8
1322820 1046.7
1322830 1046.7
1322840 1045.9
1322850 1045.3
1322860 1044.7
1322870 1044.7
1322880 1044.2
1322890 1043.8
1322900 1043.8
1322910 1043.4
1322920 1043.1
1322930 1043.1
1322940 1043.0
1322950 1043.2
1322960 1043.2
1322970 1043.3
1322980 1043.4
1322990 1043.4
1323000 1043.9
1323010 1044.1
1323020 1044.1
1323030 1043.3
1323040 1040.9
1323050 1040.9
1323060 1037.7
1323070 1033.4
1323080 1033.4
1323090 1027.7
1323100 1022.7
1323110 1022.7
1323120 1018.4
1323130 1016.2
1323140 1016.2
1323150 1020.9
1323160 1028.1
1323170 1033.2
1323180 1033.2
1323190 1037.3
1323200 1040.6
1323210 1040.6
1323220 1040.2
1323230 1037.3
1323240 1037.3
1323250 1033.4
1323260 1029.6
1323270 1029.6
1323280 1025.5
1323290 1021.6
1323300 1021.6
1323310 1018.9
1323320 1017.2
1323330 1017.2
1323340 1015.4
1323350 1013.6
1323360 1013.6
1323370 1010.9
1323380 1008.4
1323390 1008.4
1323400 1005.6
1323410 1002.1
1323420 1002.1
1323430 999.2
1323440 999.0
1323450 996.4
1323460 996.4
1323470 992.9
1323480 989.5
1323490 989.5
1323500 985.1
1323510 980.7
1323520 980.7
1323530 975.9
1323540 973.5
1323550 973.5
1323560 975.1
1323570 974.8
1323580 974.8
1323590 974.1
1323600 974.0
1323610 974.0
1323620 974.6
1323630 973.8
1323640 973.8
1323650 972.2
1323660 970.6
1323670 970.6
1323680 969.0
1323690 967.8
1323700 967.8
1323710 966.1
1323720 963.6
1323730 963.6
1323740 960.0
1323750 956.6
1323760 954.4
1323770 954.4
1323780 952.5
1323790 951.3
1323800 951.3
1323810 949.9
1323820 948.1
1323830 948.1
1323840 946.0
1323850 943.9
1323860 943.9
1323870 942.7
1323880 943.0
1323890 943.0
1323900 942.6
1323910 940.6
1323920 940.6
1323930 937.9
1323940 935.4
1323950 935.4
1323960 933.0
1323970 931.1
1323980 931.1
1323990 930.3
1324000 930.5
1324010 930.5
1324020 930.9
1324030 931.0
1324040 930.6
1324050 930.6
1324060 930.1
1324070 928.2
1324080 928.2
1324090 923.8
1324100 919.6
1324110 919.6
1324120 916.6
1324130 913.8
1324140 913.8
1324150 910.8
1324160 905.3
1324170 905.3
1324180 901.6
1324190 899.3
1324200 899.3
1324210 898.0
1324220 895.4
1324230 895.4
1324240 900.0
1324250 893.4
1324260 893.4
1324270 887.6
1324280 883.6
1324290 883.6
1324300 879.5
1324310 877.7
1324320 877.7
1324330 877.0
1324340 876.9
1324350 878.0
1324360 878.0
1324370 883.1
1324380 890.4
1324390 890.4
1324400 893.6
1324410 892.8
1324420 892.8
1324430 891.8
1324440 890.4
1324450 890.4
1324460 887.9
1324470 884.3
1324480 884.3
1324490 881.0
1324500 879.5
1324510 879.5
1324520 877.4
1324530 873.3
1324540 873.3
1324550 871.7
1324560 870.0
1324570 870.0
1324580 868.2
1324590 868.8
1324600 868.8
1324610 871.0
1324620 873.7
1324630 873.7
1324640 880.0
1324650 883.1
1324660 882.2
1324670 882.2
1324680 881.5
1324690 877.5
1324700 877.5
1324710 873.3
1324720 868.5
1324730 868.5
1324740 862.0
1324750 857.7
1324760 857.7
1324770 856.4
1324780 858.5
1324790 858.5
1324800 860.2
1324810 861.8
1324820 861.8
1324830 863.5
1324840 865.5
1324850 865.5
1324860 867.5
1324870 868.4
1324880 868.4
1324890 869.4
1324900 871.7
1324910 871.7
1324920 873.1
1324930 871.8
1324940 871.9
1324950 871.9
1324960 872.7
1324970 867.2
1324980 867.2
1324990 861.9
1325000 857.0
1325010 857.0
1325020 852.2
1325030 848.1
1325040 848.1
1325050 843.0
1325060 838.4
1325070 838.4
1325080 833.9
1325090 826.7
1325100 826.7
1325110 818.4
1325120 817.4
1325130 817.4
1325140 824.6
1325150 830.9
1325160 830.9
1325170 836.9
1325180 841.6
1325190 841.6
1325200 844.2
1325210 845.5
1325220 845.5
1325230 845.7
1325240 844.3
1325250 843.4
1325260 843.4
1325270 843.7
1325280 845.4
1325290 845.4
1325300 846.8
1325310 847.7
1325320 847.7
1325330 848.6
1325340 847.7
1325350 847.7
1325360 841.3
1325370 834.0
1325380 834.0
1325390 827.3
1325400 820.5
1325410 820.5
1325420 814.9
1325430 810.6
1325440 810.6
1325450 809.8
1325460 809.8
1325470 809.8
1325480 809.5
1325490 808.3
1325500 808.3
1325510 805.2
1325520 801.7
1325530 801.7
1325540 799.4
1325550 796.3
1325560 793.6
1325570 793.6
1325580 793.1
1325590 793.1
1325600 793.1
1325610 793.6
1325620 795.2
1325630 795.2
1325640 795.3
1325650 795.0
1325660 795.0
1325670 795.7
1325680 797.5
1325690 797.5
1325700 797.5
1325710 791.0
1325720 791.0
1325730 790.0
1325740 798.3
1325750 798.3
1325760 806.2
1325770 807.1
1325780 807.1
1325790 806.4
1325800 810.0
1325810 810.0
1325820 814.4
1325830 821.0
1325840 825.3
1325850 825.3
1325860 827.5
1325870 828.0
1325880 828.0
1325890 828.8
1325900 831.6
1325910 831.6
1325920 835.7
1325930 840.0
1325940 840.0
1325950 842.9
1325960 843.4
1325970 843.4
1325980 843.2
1325990 843.4
1326000 843.4
1326010 844.1
1326020 844.8
1326030 844.8
1326040 845.5
1326050 845.0
1326060 845.0
1326070 841.8
1326080 843.8
1326090 843.8
1326100 850.6
1326110 857.3
1326120 857.3
1326130 864.5
1326140 869.1
1326150 873.4
1326160 873.4
1326170 877.4
1326180 880.1
1326190 880.1
1326200 880.7
1326210 878.9
1326220 878.9
1326230 877.5
1326240 878.0
1326250 878.0
1326260 879.4
1326270 880.1
1326280 880.1
1326290 880.6
1326300 882.6
1326310 882.6
1326320 885.3
1326330 888.1
1326340 888.1
1326350 890.8
1326360 894.3
1326370 894.3
1326380 898.3
1326390 904.7
1326400 904.7
1326410 912.8
1326420 919.5
1326430 922.2
1326440 922.2
1326450 919.9
1326460 913.4
1326470 913.4
1326480 908.0
1326490 903.9
1326500 903.9
1326510 902.5
1326520 902.8
1326530 902.8
1326540 903.5
1326550 902.1
1326560 902.1
1326570 901.2
1326580 897.5
1326590 897.5
1326600 892.1
1326610 887.7
1326620 887.7
1326630 882.9
1326640 876.8
1326650 876.8
1326660 869.8
1326670 860.0
1326680 860.0
1326690 850.5
1326700 841.7
1326710 841.7
1326720 835.0
1326730 832.6
1326740 835.5
1326750 835.5
1326760 842.8
1326770 850.2
1326780 850.2
1326790 855.3
1326800 860.5
1326810 860.5
1326820 864.4
1326830 864.6
1326840 864.6
1326850 861.9
1326860 859.7
1326870 859.7
1326880 858.1
1326890 857.3
1326900 857.3
1326910 857.3
1326920 858.6
1326930 858.6
1326940 859.3
1326950 857.8
1326960 857.8
1326970 857.1
1326980 857.0
1326990 857.0
1327000 857.1
1327010 856.4
1327020 856.4
1327030 855.6
1327040 854.9
1327050 853.9
1327060 853.9
1327070 852.7
1327080 851.9
1327090 851.9
1327100 851.6
1327110 852.3
1327120 852.3
1327130 854.4
1327140 856.1
1327150 856.1
1327160 856.7
1327170 856.1
1327180 856.1
1327190 856.4
1327200 858.1
1327210 858.1
1327220 860.6
1327230 862.2
1327240 862.2
1327250 863.4
1327260 863.5
1327270 863.5
1327280 863.7
1327290 863.7
1327300 863.7
1327310 863.7
1327320 864.5
1327330 865.9
1327340 865.9
1327350 867.2
1327360 867.9
1327370 867.9
1327380 867.8
1327390 867.7
1327400 867.7
1327410 867.8
1327420 868.1
1327430 868.1
1327440 869.0
1327450 873.7
1327460 873.7
1327470 873.7
1327480 873.5
1327490 873.5
1327500 873.0
1327510 872.4
1327520 872.4
1327530 871.7
1327540 871.1
1327550 871.1
1327560 871.0
1327570 871.0
1327580 871.0
1327590 871.1
1327600 871.3
1327610 871.3
1327620 870.9
1327630 872.9
1327640 876.4
1327650 876.4
1327660 879.7
1327670 880.9
1327680 880.9
1327690 880.6
1327700 882.3
1327710 882.3
1327720 885.2
1327730 887.8
1327740 887.8
1327750 888.9
1327760 888.7
1327770 888.7
1327780 887.0
1327790 885.2
1327800 885.2
1327810 884.4
1327820 883.1
1327830 883.1
1327840 882.7
1327850 882.9
1327860 882.9
1327870 886.0
1327880 885.0
1327890 885.0
1327900 880.4
1327910 877.0
1327920 877.0
1327930 873.6
1327940 868.8
1327950 864.5
1327960 864.5
1327970 867.6
1327980 869.9
1327990 869.9
1328000 871.5
1328010 873.5
1328020 873.5
1328030 874.1
1328040 874.8
1328050 874.8
1328060 875.6
1328070 876.5
1328080 876.5
1328090 876.5
1328100 876.6
1328110 876.6
1328120 876.9
1328130 877.3
1328140 877.3
1328150 876.3
1328160 873.2
1328170 873.2
1328180 870.6
1328190 867.5
1328200 867.5
1328210 865.7
1328220 862.9
1328230 860.8
1328240 860.8
1328250 859.9
1328260 858.4
1328270 866.7
1328280 865.2
1328290 862.0
1328300 862.0
1328310 857.8
1328320 853.9
1328330 853.9
1328340 853.2
1328350 852.1
1328360 852.1
1328370 852.0
1328380 852.7
1328390 852.7
1328400 853.4
1328410 853.4
1328420 853.4
1328430 853.5
1328440 853.8
1328450 853.8
1328460 855.1
1328470 856.4
1328480 856.4
1328490 857.2
1328500 859.6
1328510 859.6
1328520 861.6
1328530 862.0
1328540 861.9
1328550 861.9
1328560 860.6
1328570 858.6
1328580 858.6
1328590 857.8
1328600 856.9
1328610 856.9
1328620 856.6
1328630 856.3
1328640 856.3
1328650 856.4
1328660 857.7
1328670 857.7
1328680 859.4
1328690 860.3
1328700 860.3
1328710 861.3
1328720 862.1
1328730 862.1
1328740 863.3
1328750 863.9
1328760 863.9
1328770 863.7
1328780 863.6
1328790 863.6
1328800 863.4
1328810 863.5
1328820 863.7
1328830 863.7
1328840 864.1
1328850 865.0
1328860 865.0
1328870 867.1
1328880 869.5
1328890 869.5
1328900 871.0
1328910 871.8
1328920 871.8
1328930 874.2
1328940 876.4
1328950 876.4
1328960 876.7
1328970 878.5
1328980 878.5
1328990 881.7
1329000 884.3
1329010 884.3
1329020 886.2
1329030 887.5
1329040 887.5
1329050 889.1
1329060 889.2
1329070 889.2
1329080 887.4
1329090 886.8
1329100 886.8
1329110 886.7
1329120 887.6
1329130 887.6
1329140 887.6
1329150 887.5
1329160 888.2
1329170 888.2
1329180 889.4
1329190 891.0
1329200 891.0
1329210 893.2
1329220 896.2
1329230 896.2
1329240 899.7
1329250 902.3
1329260 902.3
1329270 903.5
1329280 904.2
1329290 904.2
1329300 904.8
1329310 905.4
1329320 905.4
1329330 906.0
1329340 906.5
1329350 906.5
1329360 906.8
1329370 907.2
1329380 907.2
1329390 907.6
1329400 908.4
1329410 908.4
1329420 909.3
1329430 910.8
1329440 911.1
1329450 911.1
1329460 910.8
1329470 911.5
1329480 911.5
1329490 912.9
1329500 914.7
1329510 914.7
1329520 916.4
1329530 917.7
1329540 917.7
1329550 919.6
1329560 920.7
1329570 920.7
1329580 921.7
1329590 921.3
1329600 921.3
1329610 920.8
1329620 917.5
1329630 917.5
1329640 913.4
1329650 914.3
1329660 914.3
1329670 918.1
1329680 922.6
1329690 922.6
1329700 926.9
1329710 931.6
1329720 934.8
1329730 934.8
1329740 937.2
1329750 939.4
1329760 939.4
1329770 941.6
1329780 944.0
1329790 944.0
1329800 947.2
1329810 950.7
1329820 950.7
1329830 953.2
1329840 955.3
1329850 955.3
1329860 957.9
1329870 960.6
1329880 960.6
1329890 963.2
1329900 965.5
1329910 967.0
1329920 969.8
1329930 971.4
1329940 971.4
1329950 972.5
1329960 973.6
1329970 973.6
1329980 974.3
1329990 974.9
1330000 974.9
1330010 975.6
1330020 976.0
1330030 976.4
1330040 976.4
1330050 976.7
1330060 977.0
1330070 977.0
1330080 977.2
1330090 977.4
1330100 977.4
1330110 977.6
1330120 977.9
1330130 977.9
1330140 979.0
1330150 980.6
1330160 980.6
1330170 982.5
1330180 984.6
1330190 984.6
1330200 987.0
1330210 989.5
1330220 989.5
1330230 991.7
1330240 993.3
1330250 993.3
1330260 995.6
1330270 998.8
1330280 998.8
1330290 1002.2
1330300 1005.4
1330310 1008.6
1330320 1008.6
1330330 1011.5
1330340 1014.6
1330350 1014.6
1330360 1018.5
1330370 1021.6
1330380 1021.6
1330390 1023.8
1330400 1026.7
1330410 1026.7
1330420 1029.9
1330430 1034.1
1330440 1034.1
1330450 1038.4
1330460 1041.9
1330470 1041.9
1330480 1045.0
1330490 1048.1
1330500 1048.1
1330510 1050.7
1330520 1053.0
1330530 1053.0
1330540 1055.6
1330550 1058.6
1330560 1058.6
1330570 1061.8
1330580 1064.9
1330590 1064.9
1330600 1068.3
1330610 1071.6
1330620 1074.9
1330630 1074.9
1330640 1078.2
1330650 1082.4
1330660 1082.4
1330670 1086.9
1330680 1089.5
1330690 1089.5
1330700 1092.3
1330710 1095.4
1330720 1095.4
1330730 1096.9
1330740 1099.9
1330750 1099.9
1330760 1102.7
1330770 1105.4
1330780 1105.4
1330790 1108.3
1330800 1111.3
1330810 1111.3
1330820 1114.2
1330830 1116.7
1330840 1116.7
1330850 1118.6
1330860 1120.1
1330870 1120.1
1330880 1121.8
1330890 1123.4
1330900 1123.4
1330910 1124.8
1330920 1125.7
1330930 1126.1
1330940 1126.1
1330950 1127.5
1330960 1129.1
1330970 1129.1
1330980 1130.1
1330990 1131.3
1331000 1131.3
1331010 1132.6
1331020 1133.6
1331030 1133.6
1331040 1135.1
1331050 1136.6
1331060 1136.6
1331070 1138.1
1331080 1139.7
1331090 1139.7
1331100 1141.7
1331110 1143.5
1331120 1143.5
1331130 1145.5
1331140 1148.8
1331150 1148.8
1331160 1151.4
1331170 1155.2
1331180 1155.2
1331190 1159.2
1331200 1163.3
1331210 1167.2
1331220 1167.2
1331230 1171.1
1331240 1174.9
1331250 1174.9
1331260 1178.7
1331270 1182.8
1331280 1182.8
1331290 1185.9
1331300 1188.5
1331310 1188.5
1331320 1191.2
1331330 1194.3
1331340 1194.3
1331350 1196.7
1331360 1198.9
1331370 1198.9
1331380 1202.3
1331390 1205.7
1331400 1205.7
1331410 1209.8
1331420 1214.4
1331430 1214.4
1331440 1219.3
1331450 1224.2
1331460 1224.2
1331470 1228.7
1331480 1232.0
1331490 1232.0
1331500 1234.1
1331510 1237.0
1331520 1240.5
1331530 1240.5
1331540 1243.8
1331550 1246.6
1331560 1251.6
1331570 1254.6
1331580 1257.7
1331590 1257.7
1331600 1261.0
1331610 1265.6
1331620 1265.6
1331630 1271.6
1331640 1276.4
1331650 1276.4
1331660 1279.2
1331670 1282.5
1331680 1282.5
1331690 1286.8
1331700 1291.9
1331710 1291.9
1331720 1298.5
1331730 1305.0
1331740 1305.0
1331750 1310.5
1331760 1315.1
1331770 1315.1
1331780 1319.3
1331790 1323.3
1331800 1326.5
1331810 1326.5
1331820 1329.2
1331830 1331.7
1331840 1331.7
1331850 1335.5
1331860 1340.9
1331870 1340.9
1331880 1345.3
1331890 1348.6
1331900 1348.6
1331910 1350.6
1331920 1353.2
1331930 1353.2
1331940 1356.4
1331950 1359.6
1331960 1359.6
1331970 1363.6
1331980 1366.6
1331990 1366.6
1332000 1369.1
1332010 1371.2
1332020 1371.2
1332030 1372.8
1332040 1374.1
1332050 1374.1
1332060 1375.5
1332070 1378.1
1332080 1378.1
1332090 1380.8
1332100 1383.4
1332110 1385.5
1332120 1385.5
1332130 1388.0
1332140 1391.7
1332150 1391.7
1332160 1395.8
1332170 1399.1
1332180 1399.1
1332190 1401.6
1332200 1404.3
1332210 1404.3
1332220 1405.3
1332230 1406.1
1332240 1406.1
1332250 1409.2
1332260 1412.2
1332270 1412.2
1332280 1414.8
1332290 1416.5
1332300 1416.5
1332310 1417.3
1332320 1416.8
1332330 1416.8
1332340 1414.9
1332350 1412.7
1332360 1412.7
1332370 1412.8
1332380 1414.0
1332390 1414.0
1332400 1420.2
1332410 1422.4
1332420 1424.9
1332430 1424.9
1332440 1426.2
1332450 1427.5
1332460 1427.5
1332470 1429.3
1332480 1432.6
1332490 1432.6
1332500 1435.9
1332510 1437.3
1332520 1437.3
1332530 1437.3
1332540 1436.1
1332550 1436.1
1332560 1434.4
1332570 1433.2
1332580 1433.2
1332590 1432.0
1332600 1430.3
1332610 1430.3
1332620 1429.6
1332630 1429.6
1332640 1429.6
1332650 1429.6
1332660 1429.0
1332670 1429.0
1332680 1429.5
1332690 1430.6
1332700 1433.0
1332710 1433.0
1332720 1437.3
1332730 1441.4
1332740 1441.4
1332750 1445.5
1332760 1449.6
1332770 1449.6
1332780 1453.5
1332790 1457.8
1332800 1457.8
1332810 1462.4
1332820 1466.9
1332830 1466.9
1332840 1468.6
1332850 1470.7
1332860 1470.7
1332870 1473.5
1332880 1475.6
1332890 1475.6
1332900 1478.2
1332910 1479.7
1332920 1479.7
1332930 1480.4
1332940 1480.2
1332950 1480.2
1332960 1481.3
1332970 1483.6
1332980 1483.6
1332990 1485.7
1333000 1488.0
1333010 1488.5
1333020 1488.5
1333030 1488.7
1333040 1489.8
1333050 1489.8
1333060 1491.3
1333070 1493.3
1333080 1493.3
1333090 1497.5
1333100 1504.4
1333110 1504.4
1333120 1508.3
1333130 1510.4
1333140 1510.4
1333150 1513.3
1333160 1516.2
1333170 1516.2
1333180 1519.1
1333190 1521.6
1333200 1521.6
1333210 1523.5
1333220 1526.0
1333230 1526.0
1333240 1534.6
1333250 1537.9
1333260 1537.9
1333270 1540.9
1333280 1543.6
1333290 1546.2
1333300 1546.2
1333310 1548.7
1333320 1550.2
1333330 1550.2
1333340 1549.4
1333350 1547.0
1333360 1547.0
1333370 1545.0
1333380 1543.5
1333390 1543.5
1333400 1542.8
1333410 1542.3
1333420 1542.3
1333430 1542.9
1333440 1545.5
1333450 1545.5
1333460 1546.5
1333470 1545.0
1333480 1545.0
1333490 1544.0
1333500 1543.6
1333510 1543.6
1333520 1543.6
1333530 1544.7
1333540 1544.7
1333550 1545.7
1333560 1547.1
1333570 1547.1
1333580 1549.7
1333590 1551.7
1333600 1551.7
1333610 1551.7
1333620 1549.9
1333630 1548.9
1333640 1548.9
1333650 1550.1
1333660 1550.6
1333670 1550.6
1333680 1552.1
1333690 1555.6
1333700 1555.6
1333710 1558.9
1333720 1560.4
1333730 1560.4
1333740 1562.6
1333750 1565.9
1333760 1565.9
1333770 1571.3
1333780 1578.2
1333790 1578.2
1333800 1584.2
1333810 1590.0
1333820 1590.0
1333830 1593.3
1333840 1595.0
1333850 1595.0
1333860 1596.5
1333870 1597.4
1333880 1597.4
1333890 1598.0
1333900 1593.7
1333910 1590.0
1333920 1590.0
1333930 1591.9
1333940 1595.0
1333950 1595.0
1333960 1602.9
1333970 1610.6
1333980 1610.6
1333990 1616.7
1334000 1622.1
1334010 1622.1
1334020 1627.7
1334030 1633.2
1334040 1633.2
1334050 1638.4
1334060 1643.2
1334070 1643.2
1334080 1651.7
1334090 1656.5
1334100 1656.5
1334110 1661.5
1334120 1666.6
1334130 1666.6
1334140 1671.4
1334150 1676.6
1334160 1676.6
1334170 1682.0
1334180 1684.4
1334190 1686.9
1334200 1686.9
1334210 1690.7
1334220 1694.2
1334230 1694.2
1334240 1695.3
1334250 1694.6
1334260 1694.6
1334270 1698.5
1334280 1706.4
1334290 1706.4
1334300 1713.5
1334310 1720.9
1334320 1720.9
1334330 1728.9
1334340 1736.3
1334350 1736.3
1334360 1742.6
1334370 1748.5
1334380 1748.5
1334390 1754.0
1334400 1760.7
1334410 1760.7
1334420 1766.5
1334430 1772.6
1334440 1772.6
1334450 1779.2
1334460 1784.3
1334470 1784.3
1334480 1788.8
1334490 1793.9
1334500 1798.3
1334510 1798.3
1334520 1805.0
1334530 1811.2
1334540 1811.2
1334550 1815.1
1334560 1814.9
1334570 1814.9
1334580 1814.0
1334590 1813.8
1334600 1813.8
1334610 1813.7
1334620 1813.0
1334630 1813.0
1334640 1810.8
1334650 1810.7
1334660 1810.7
1334670 1809.7
1334680 1806.4
1334690 1806.4
1334700 1801.5
1334710 1795.1
1334720 1795.1
1334730 1788.9
1334740 1782.6
1334750 1782.6
1334760 1776.2
1334770 1774.5
1334780 1771.8
1334790 1771.8
1334800 1768.1
1334810 1764.2
1334820 1764.2
1334830 1761.0
1334840 1758.3
1334850 1758.3
1334860 1755.7
1334870 1753.2
1334880 1753.2
1334890 1750.8
1334900 1746.6
1334910 1746.6
1334920 1741.6
1334930 1737.1
1334940 1739.6
1334950 1734.7
1334960 1729.6
1334970 1729.6
1334980 1725.1
1334990 1720.7
1335000 1720.7
1335010 1716.8
1335020 1713.1
1335030 1713.1
1335040 1709.6
1335050 1706.5
1335060 1706.5
1335070 1703.7
1335080 1700.3
1335090 1696.3
1335100 1696.3
1335110 1692.2
1335120 1689.3
1335130 1689.3
1335140 1686.8
1335150 1683.9
1335160 1683.9
1335170 1681.6
1335180 1680.3
1335190 1680.3
1335200 1678.9
1335210 1677.4
1335220 1677.4
1335230 1675.9
1335240 1674.1
1335250 1674.1
1335260 1672.2
1335270 1670.6
1335280 1670.6
1335290 1667.9
1335300 1664.2
1335310 1664.2
1335320 1661.6
1335330 1659.0
1335340 1659.0
1335350 1655.9
1335360 1651.2
1335370 1651.2
1335380 1646.7
1335390 1641.9
1335400 1637.4
1335410 1637.4
1335420 1633.8
1335430 1630.8
1335440 1630.8
1335450 1627.3
1335460 1622.9
1335470 1622.9
1335480 1617.9
1335490 1613.7
1335500 1613.7
1335510 1611.3
1335520 1608.8
1335530 1608.8
1335540 1605.6
1335550 1602.6
1335560 1602.6
1335570 1600.8
1335580 1598.3
1335590 1598.3
1335600 1591.9
1335610 1586.2
1335620 1586.2
1335630 1580.9
1335640 1574.8
1335650 1574.8
1335660 1571.2
1335670 1569.3
1335680 1565.1
1335690 1565.1
1335700 1559.0
1335710 1554.0
1335720 1554.0
1335730 1549.9
1335740 1545.7
1335750 1545.7
1335760 1541.6
1335770 1537.5
1335780 1537.5
1335790 1533.6
1335800 1530.5
1335810 1530.5
1335820 1526.8
1335830 1525.0
1335840 1525.0
1335850 1523.8
1335860 1522.5
1335870 1522.5
1335880 1520.9
1335890 1519.1
1335900 1519.1
1335910 1517.2
1335920 1515.6
1335930 1515.6
1335940 1514.3
1335950 1511.8
1335960 1511.8
1335970 1509.3
1335980 1507.4
1335990 1505.2
1336000 1505.2
1336010 1502.1
1336020 1497.7
1336030 1497.7
1336040 1492.8
1336050 1488.4
1336060 1488.4
1336070 1482.6
1336080 1476.0
1336090 1476.0
1336100 1470.1
1336110 1463.5
1336120 1463.5
1336130 1458.0
1336140 1452.8
1336150 1452.8
1336160 1447.9
1336170 1442.9
1336180 1442.9
1336190 1438.6
1336200 1434.3
1336210 1434.3
1336220 1429.1
1336230 1424.6
1336240 1424.6
1336250 1421.1
1336260 1416.8
1336270 1411.7
1336280 1411.7
1336290 1405.2
1336300 1400.2
1336310 1400.2
1336320 1395.0
1336330 1390.5
1336340 1390.5
1336350 1386.4
1336360 1381.8
1336370 1381.8
1336380 1377.1
1336390 1372.0
1336400 1372.0
1336410 1366.5
1336420 1360.6
1336430 1360.6
1336440 1355.3
1336450 1351.2
1336460 1351.2
1336470 1347.1
1336480 1342.5
1336490 1342.5
1336500 1338.7
1336510 1335.2
1336520 1335.2
1336530 1331.6
1336540 1326.9
1336550 1326.9
1336560 1322.8
1336570 1319.2
1336580 1315.2
1336590 1315.2
1336600 1310.6
1336610 1305.7
1336620 1305.7
1336630 1301.5
1336640 1298.5
1336650 1297.9
1336660 1294.4
1336670 1289.8
1336680 1289.8
1336690 1286.4
1336700 1283.6
1336710 1283.6
1336720 1279.8
1336730 1275.2
1336740 1275.2
1336750 1271.4
1336760 1267.8
1336770 1267.8
1336780 1263.7
1336790 1259.7
1336800 1259.7
1336810 1255.0
1336820 1249.3
1336830 1249.3
1336840 1244.6
1336850 1241.0
1336860 1241.0
1336870 1236.1
1336880 1229.6
1336890 1222.9
1336900 1222.9
1336910 1217.4
1336920 1213.7
1336930 1213.7
1336940 1210.7
1336950 1207.9
1336960 1207.9
1336970 1205.1
1336980 1201.8
1336990 1201.8
1337000 1198.4
1337010 1194.7
1337020 1194.7
1337030 1191.2
1337040 1187.7
1337050 1187.7
1337060 1184.4
1337070 1181.3
1337080 1181.3
1337090 1177.5
1337100 1173.8
1337110 1173.8
1337120 1169.6
1337130 1165.9
1337140 1165.9
1337150 1164.4
1337160 1163.3
1337170 1161.9
1337180 1161.9
1337190 1160.1
1337200 1158.3
1337210 1158.3
1337220 1156.8
1337230 1155.2
1337240 1155.2
1337250 1153.7
1337260 1152.2
1337270 1152.2
1337280 1150.8
1337290 1149.6
1337300 1149.6
1337310 1148.3
1337320 1147.1
1337330 1147.1
1337340 1146.2
1337350 1145.2
1337360 1145.2
1337370 1144.0
1337380 1142.8
1337390 1142.8
1337400 1141.6
1337410 1140.4
1337420 1140.4
1337430 1139.4
1337440 1138.4
1337450 1138.4
1337460 1137.3
1337470 1136.3
1337480 1135.0
1337490 1135.0
1337500 1133.8
1337510 1132.5
1337520 1133.1
1337530 1131.8
1337540 1130.5
1337550 1130.5
1337560 1129.3
1337570 1128.1
1337580 1128.1
1337590 1126.8
1337600 1125.5
1337610 1125.5
1337620 1124.3
1337630 1122.9
1337640 1122.9
1337650 1121.9
1337660 1120.6
1337670 1120.6
1337680 1119.3
1337690 1117.0
1337700 1117.0
1337710 1113.0
1337720 1108.0
1337730 1108.0
1337740 1102.8
1337750 1098.9
1337760 1095.8
1337770 1095.8
1337780 1091.8
1337790 1087.3
1337800 1087.3
1337810 1083.7
1337820 1080.7
1337830 1080.7
1337840 1076.9
1337850 1072.8
1337860 1072.8
1337870 1066.7
1337880 1059.6
1337890 1059.6
1337900 1053.1
1337910 1047.0
1337920 1047.0
1337930 1042.9
1337940 1041.4
1337950 1041.4
1337960 1038.8
1337970 1036.6
1337980 1036.6
1337990 1032.3
1338000 1028.5
1338010 1028.5
1338020 1026.1
1338030 1025.7
1338040 1025.7
1338050 1024.6
1338060 1023.2
1338070 1022.1
1338080 1022.1
1338090 1021.6
1338100 1020.7
1338110 1020.7
1338120 1018.8
1338130 1017.4
1338140 1017.4
1338150 1015.9
1338160 1015.3
1338170 1015.3
1338180 1015.9
1338190 1016.4
1338200 1016.4
1338210 1016.1
1338220 1015.7
1338230 1015.7
1338240 1016.2
1338250 1017.1
1338260 1017.1
1338270 1017.6
1338280 1017.1
1338290 1017.1
1338300 1016.9
1338310 1016.5
1338320 1016.5
1338330 1016.3
1338340 1016.1
1338350 1016.1
1338360 1015.7
1338370 1018.2
1338380 1022.2
1338390 1027.0
1338400 1030.3
1338410 1033.9
1338420 1033.9
1338430 1036.7
1338440 1038.3
1338450 1038.3
1338460 1039.7
1338470 1043.9
1338480 1043.9
1338490 1048.8
1338500 1053.1
1338510 1053.1
1338520 1055.7
1338530 1057.9
1338540 1057.9
1338550 1059.9
1338560 1059.0
1338570 1059.0
1338580 1057.3
1338590 1058.2
1338600 1058.2
1338610 1061.0
1338620 1066.7
1338630 1066.7
1338640 1071.9
1338650 1075.1
1338660 1077.1
1338670 1077.1
1338680 1081.1
1338690 1086.1
1338700 1086.1
1338710 1089.3
1338720 1090.9
1338730 1090.9
1338740 1092.8
1338750 1095.0
1338760 1095.0
1338770 1097.7
1338780 1099.5
1338790 1099.5
1338800 1101.0
1338810 1103.5
1338820 1103.5
1338830 1105.9
1338840 1109.0
1338850 1109.0
1338860 1114.0
1338870 1118.3
1338880 1118.3
1338890 1121.1
1338900 1122.9
1338910 1122.9
1338920 1124.4
1338930 1125.3
1338940 1125.3
1338950 1127.8
1338960 1130.1
1338970 1132.9
1338980 1132.9
1338990 1136.0
1339000 1140.9
1339010 1140.9
1339020 1143.8
1339030 1145.6
1339040 1145.6
1339050 1146.2
1339060 1145.7
1339070 1145.7
1339080 1145.3
1339090 1146.5
1339100 1146.5
1339110 1149.4
1339120 1151.6
1339130 1151.6
1339140 1152.6
1339150 1154.8
1339160 1154.8
1339170 1156.8
1339180 1157.3
1339190 1157.3
1339200 1157.7
1339210 1158.2
1339220 1158.2
1339230 1159.0
1339240 1160.6
1339250 1160.6
1339260 1162.7
1339270 1167.7
1339280 1168.8
1339290 1168.8
1339300 1172.0
1339310 1172.9
1339320 1172.9
1339330 1172.7
1339340 1171.9
1339350 1171.9
1339360 1171.4
1339370 1171.5
1339380 1171.5
1339390 1171.8
1339400 1172.9
1339410 1172.9
1339420 1175.3
1339430 1178.1
1339440 1178.1
1339450 1180.3
1339460 1182.3
1339470 1182.3
1339480 1183.8
1339490 1184.5
1339500 1184.5
1339510 1185.0
1339520 1186.9
1339530 1186.9
1339540 1187.6
1339550 1186.4
1339560 1185.3
1339570 1185.3
1339580 1187.2
1339590 1190.8
1339600 1190.8
1339610 1191.9
1339620 1190.8
1339630 1190.8
1339640 1189.0
1339650 1187.1
1339660 1187.1
1339670 1184.9
1339680 1182.5
1339690 1182.5
1339700 1180.2
1339710 1177.9
1339720 1177.9
1339730 1175.2
1339740 1172.4
1339750 1172.4
1339760 1169.3
1339770 1164.0
1339780 1164.0
1339790 1159.1
1339800 1154.0
1339810 1154.0
1339820 1148.9
1339830 1144.4
1339840 1144.4
1339850 1139.9
1339860 1134.8
1339870 1129.9
1339880 1129.9
1339890 1125.1
1339900 1120.4
1339910 1120.4
1339920 1115.7
1339930 1111.3
1339940 1111.3
1339950 1107.1
1339960 1102.9
1339970 1102.9
1339980 1098.9
1339990 1096.3
