1320000 1110.4
1320010 1116.6
1320020 1124.1
1320030 1124.1
1320040 1132.6
1320050 1139.5
1320060 1139.5
1320070 1143.7
1320080 1147.1
1320090 1147.1
1320100 1149.2
1320110 1151.4
1320120 1151.4
1320130 1153.8
1320140 1155.4
1320150 1155.4
1320160 1156.2
1320170 1156.0
1320180 1156.0
1320190 1156.4
1320200 1157.5
1320210 1158.5
1320220 1158.5
1320230 1158.9
1320240 1159.4
1320250 1159.4
1320260 1159.7
1320270 1159.5
1320280 1159.5
1320290 1158.7
1320300 1157.2
1320310 1157.2
1320320 1154.3
1320330 1150.6
1320340 1150.6
1320350 1147.5
1320360 1145.9
1320370 1145.9
1320380 1145.3
1320390 1145.2
1320400 1145.2
1320410 1146.0
1320420 1146.8
1320430 1146.8
1320440 1148.1
1320450 1149.5
1320460 1149.5
1320470 1150.8
1320480 1151.7
1320490 1151.7
1320500 1152.3
1320510 1152.7
1320520 1153.1
1320530 1153.1
1320540 1153.2
1320550 1153.1
1320560 1153.1
1320570 1152.9
1320580 1152.5
1320590 1152.5
1320600 1152.0
1320610 1151.6
1320620 1151.6
1320630 1152.0
1320640 1152.5
1320650 1152.5
1320660 1153.9
1320670 1155.5
1320680 1155.5
1320690 1157.7
1320700 1160.3
1320710 1160.3
1320720 1162.5
1320730 1164.2
1320740 1164.2
1320750 1165.4
1320760 1165.7
1320770 1165.7
1320780 1167.4
1320790 1170.5
1320800 1174.2
1320810 1174.2
1320820 1177.1
1320830 1179.9
1320840 1179.9
1320850 1182.6
1320860 1185.2
1320870 1185.2
1320880 1187.4
1320890 1190.6
1320900 1190.6
1320910 1193.0
1320920 1195.1
1320930 1195.1
1320940 1196.8
1320950 1197.5
1320960 1197.5
1320970 1197.7
1320980 1197.6
1320990 1197.6
1321000 1197.8
1321010 1199.4
1321020 1199.4
1321030 1200.9
1321040 1202.3
1321050 1202.3
1321060 1203.7
1321070 1204.7
1321080 1204.7
1321090 1205.6
1321100 1206.1
1321110 1206.0
1321120 1206.0
1321130 1205.1
1321140 1203.9
1321150 1203.9
1321160 1202.3
1321170 1201.1
1321180 1201.1
1321190 1200.2
1321200 1199.5
1321210 1199.5
1321220 1199.0
1321230 1198.6
1321240 1198.6
1321250 1198.2
1321260 1196.9
1321270 1196.9
1321280 1195.2
1321290 1193.9
1321300 1193.9
1321310 1192.7
1321320 1191.8
1321330 1191.8
1321340 1190.7
1321350 1189.8
1321360 1189.8
1321370 1188.9
1321380 1188.1
1321390 1188.1
1321400 1187.5
1321410 1187.4
1321420 1189.1
1321430 1189.1
1321440 1188.4
1321450 1187.3
1321460 1187.3
1321470 1187.4
1321480 1188.8
1321490 1188.8
1321500 1189.6
1321510 1190.4
1321520 1190.4
1321530 1190.8
1321540 1190.3
1321550 1190.3
1321560 1189.6
1321570 1189.9
1321580 1189.9
1321590 1190.0
1321600 1190.2
1321610 1190.2
1321620 1190.4
1321630 1190.2
1321640 1190.2
1321650 1189.8
1321660 1189.6
1321670 1189.6
1321680 1189.6
1321690 1189.6
1321700 1189.4
1321710 1189.4
1321720 1189.1
1321730 1189.0
1321740 1189.0
1321750 1189.0
1321760 1189.3
1321770 1189.3
1321780 1189.6
1321790 1190.0
1321800 1190.0
1321810 1190.2
1321820 1190.2
1321830 1190.2
1321840 1189.9
1321850 1189.3
1321860 1189.3
1321870 1188.6
1321880 1187.5
1321890 1187.5
1321900 1185.7
1321910 1184.1
1321920 1184.1
1321930 1182.2
1321940 1179.9
1321950 1179.9
1321960 1176.9
1321970 1173.6
1321980 1173.6
1321990 1170.9
1322000 1167.3
1322010 1162.8
1322020 1162.8
1322030 1158.9
1322040 1156.0
1322050 1156.0
1322060 1153.2
1322070 1150.4
1322080 1150.4
1322090 1148.0
1322100 1144.4
1322110 1144.4
1322120 1139.9
1322130 1135.5
1322140 1135.5
1322150 1131.3
1322160 1126.7
1322170 1126.7
1322180 1122.1
1322190 1118.0
1322200 1118.0
1322210 1114.2
1322220 1110.6
1322230 1110.6
1322240 1106.3
1322250 1102.2
1322260 1102.2
1322270 1098.6
1322280 1094.9
1322290 1094.9
1322300 1091.3
1322310 1088.1
1322320 1085.4
1322330 1085.4
1322340 1081.8
1322350 1078.0
1322360 1078.0
1322370 1073.9
1322380 1070.5
1322390 1070.5
1322400 1067.0
1322410 1063.8
1322420 1063.8
1322430 1060.9
1322440 1059.0
1322450 1059.0
1322460 1056.7
1322470 1053.7
1322480 1053.7
1322490 1050.5
1322500 1048.6
1322510 1048.6
1322520 1045.8
1322530 1042.8
1322540 1042.8
1322550 1039.9
1322560 1037.0
1322570 1037.0
1322580 1034.2
1322590 1031.6
1322600 1028.9
1322610 1028.9
1322620 1025.6
1322630 1022.3
1322640 1022.3
1322650 1019.1
1322660 1016.0
1322670 1016.0
1322680 1013.1
1322690 1010.1
1322700 1010.1
1322710 1007.0
1322720 1003.5
1322730 1003.5
1322740 999.0
1322750 993.7
1322760 993.7
1322770 988.5
1322780 982.7
1322790 982.7
1322800 976.6
1322810 971.1
1322820 971.1
1322830 963.9
1322840 956.1
1322850 956.1
1322860 948.4
1322870 940.6
1322880 940.6
1322890 932.5
1322900 926.3
1322910 921.5
1322920 921.5
1322930 917.0
1322940 914.7
1322950 914.7
1322960 918.5
1322970 923.3
1322980 923.3
1322990 929.0
1323000 942.5
1323010 942.5
1323020 948.1
1323030 950.9
1323040 950.9
1323050 953.6
1323060 955.9
1323070 955.9
1323080 954.4
1323090 950.0
1323100 950.0
1323110 944.7
1323120 942.7
1323130 942.7
1323140 943.6
1323150 945.8
1323160 945.8
1323170 948.2
1323180 949.2
1323190 949.2
1323200 950.4
1323210 951.6
1323220 951.0
1323230 951.0
1323240 947.8
1323250 944.8
1323260 944.8
1323270 942.3
1323280 938.5
1323290 938.5
1323300 934.6
1323310 930.5
1323320 930.5
1323330 927.2
1323340 924.8
1323350 924.8
1323360 922.4
1323370 920.3
1323380 920.3
1323390 918.3
1323400 916.5
1323410 916.5
1323420 914.5
1323430 910.6
1323440 910.6
1323450 905.9
1323460 900.7
1323470 900.7
1323480 896.4
1323490 889.7
1323500 885.2
1323510 885.2
1323520 881.4
1323530 877.8
1323540 877.8
1323550 874.3
1323560 871.2
1323570 871.2
1323580 868.7
1323590 869.1
1323600 869.1
1323610 868.4
1323620 867.3
1323630 867.3
1323640 866.0
1323650 865.0
1323660 865.0
1323670 864.4
1323680 863.6
1323690 863.6
1323700 862.6
1323710 861.7
1323720 861.7
1323730 860.7
1323740 859.9
1323750 859.9
1323760 859.3
1323770 858.8
1323780 858.8
1323790 859.9
1323800 859.3
1323810 858.7
1323820 858.7
1323830 858.1
1323840 857.5
1323850 857.5
1323860 857.2
1323870 857.3
1323880 857.3
1323890 857.3
1323900 856.4
1323910 856.4
1323920 855.6
1323930 855.1
1323940 855.1
1323950 854.8
1323960 854.5
1323970 854.5
1323980 854.3
1323990 853.7
1324000 853.7
1324010 852.8
1324020 851.8
1324030 851.8
1324040 850.4
1324050 847.9
1324060 847.9
1324070 842.2
1324080 835.9
1324090 835.9
1324100 830.6
1324110 824.7
1324120 819.8
1324130 819.8
1324140 814.6
1324150 810.2
1324160 810.2
1324170 806.7
1324180 807.0
1324190 807.0
1324200 808.3
1324210 805.9
1324220 805.9
1324230 803.0
1324240 803.0
1324250 803.0
1324260 802.6
1324270 800.6
1324280 800.6
1324290 798.3
1324300 799.3
1324310 799.3
1324320 792.3
1324330 787.6
1324340 787.6
1324350 786.8
1324360 786.3
1324370 786.3
1324380 777.6
1324390 764.1
1324400 753.5
1324410 753.5
1324420 747.9
1324430 752.7
1324440 752.7
1324450 757.1
1324460 755.8
1324470 755.8
1324480 749.9
1324490 739.5
1324500 739.5
1324510 730.1
1324520 725.4
1324530 725.4
1324540 724.3
1324550 722.0
1324560 722.0
1324570 720.5
1324580 721.1
1324590 721.1
1324600 721.7
1324610 725.5
1324620 725.5
1324630 732.0
1324640 737.3
1324650 737.3
1324660 743.7
1324670 749.3
1324680 749.3
1324690 753.5
1324700 754.6
1324710 757.1
1324720 757.1
1324730 762.5
1324740 766.5
1324750 766.5
1324760 767.0
1324770 768.7
1324780 768.7
1324790 773.9
1324800 779.0
1324810 779.0
1324820 787.4
1324830 794.7
1324840 794.7
1324850 795.9
1324860 797.1
1324870 797.1
1324880 797.9
1324890 794.8
1324900 794.8
1324910 788.6
1324920 787.9
1324930 787.9
1324940 787.4
1324950 784.7
1324960 784.7
1324970 785.3
1324980 784.6
1324990 784.6
1325000 783.3
1325010 782.5
1325020 780.9
1325030 780.9
1325040 781.2
1325050 783.0
1325060 783.0
1325070 786.8
1325080 789.4
1325090 789.4
1325100 790.3
1325110 787.6
1325120 787.6
1325130 782.7
1325140 783.3
1325150 783.3
1325160 789.3
1325170 792.2
1325180 792.2
1325190 791.8
1325200 791.3
1325210 791.3
1325220 790.3
1325230 790.8
1325240 790.8
1325250 794.3
1325260 800.4
1325270 800.4
1325280 805.9
1325290 808.8
1325300 808.9
1325310 808.9
1325320 809.3
1325330 811.3
1325340 811.3
1325350 814.9
1325360 816.8
1325370 816.8
1325380 812.0
1325390 813.8
1325400 813.8
1325410 816.5
1325420 817.9
1325430 817.9
1325440 819.3
1325450 821.5
1325460 821.5
1325470 823.5
1325480 825.7
1325490 825.7
1325500 828.4
1325510 830.9
1325520 830.9
1325530 833.1
1325540 834.9
1325550 834.9
1325560 835.6
1325570 836.0
1325580 836.0
1325590 836.1
1325600 836.7
1325610 838.1
1325620 838.1
1325630 840.0
1325640 842.2
1325650 842.2
1325660 844.3
1325670 846.5
1325680 846.5
1325690 847.3
1325700 848.3
1325710 848.3
1325720 848.5
1325730 848.1
1325740 848.1
1325750 847.6
1325760 847.3
1325770 847.3
1325780 847.0
1325790 847.1
1325800 847.1
1325810 846.7
1325820 846.6
1325830 846.6
1325840 846.9
1325850 847.5
1325860 847.5
1325870 848.2
1325880 849.2
1325890 849.2
1325900 850.3
1325910 851.6
1325920 852.7
1325930 852.7
1325940 853.5
1325950 854.2
1325960 854.2
1325970 855.1
1325980 856.0
1325990 856.0
1326000 858.4
1326010 861.1
1326020 861.1
1326030 863.4
1326040 865.5
1326050 865.5
1326060 868.0
1326070 870.3
1326080 870.3
1326090 871.9
1326100 873.3
1326110 873.3
1326120 874.7
1326130 874.8
1326140 874.8
1326150 872.7
1326160 871.2
1326170 871.2
1326180 870.6
1326190 866.3
1326200 869.8
1326210 869.8
1326220 872.7
1326230 874.8
1326240 874.8
1326250 876.7
1326260 877.2
1326270 877.2
1326280 875.6
1326290 868.7
1326300 868.7
1326310 860.8
1326320 859.7
1326330 859.7
1326340 858.1
1326350 853.2
1326360 853.2
1326370 846.8
1326380 845.0
1326390 845.0
1326400 853.9
1326410 869.4
1326420 869.4
1326430 879.2
1326440 881.9
1326450 881.9
1326460 881.0
1326470 876.4
1326480 876.4
1326490 870.3
1326500 867.8
1326510 867.9
1326520 867.9
1326530 866.8
1326540 866.0
1326550 866.0
1326560 863.8
1326570 860.2
1326580 860.2
1326590 857.3
1326600 853.2
1326610 853.2
1326620 852.5
1326630 850.7
1326640 850.7
1326650 849.1
1326660 848.8
1326670 848.8
1326680 849.2
1326690 849.4
1326700 849.4
1326710 850.0
1326720 850.4
1326730 850.4
1326740 848.7
1326750 844.1
1326760 844.1
1326770 841.4
1326780 844.9
1326790 844.9
1326800 850.4
1326810 854.1
1326820 856.5
1326830 856.5
1326840 859.5
1326850 860.3
1326860 860.3
1326870 859.3
1326880 857.9
1326890 857.9
1326900 857.1
1326910 856.9
1326920 856.9
1326930 856.8
1326940 856.8
1326950 856.8
1326960 856.7
1326970 856.7
1326980 856.7
1326990 855.0
1327000 856.2
1327010 856.2
1327020 856.8
1327030 856.4
1327040 856.4
1327050 855.5
1327060 853.1
1327070 853.1
1327080 850.9
1327090 851.5
1327100 854.8
1327110 854.8
1327120 857.8
1327130 859.8
1327140 859.8
1327150 861.8
1327160 864.3
1327170 864.3
1327180 866.8
1327190 869.0
1327200 869.0
1327210 871.2
1327220 874.4
1327230 874.4
1327240 878.2
1327250 881.4
1327260 881.4
1327270 883.1
1327280 884.8
1327290 884.8
1327300 887.2
1327310 889.7
1327320 889.7
1327330 890.0
1327340 889.6
1327350 889.6
1327360 889.4
1327370 888.8
1327380 888.8
1327390 888.2
1327400 888.5
1327410 889.8
1327420 889.8
1327430 891.5
1327440 892.7
1327450 892.7
1327460 893.3
1327470 892.1
1327480 892.1
1327490 891.6
1327500 892.0
1327510 892.0
1327520 893.5
1327530 896.0
1327540 896.0
1327550 898.6
1327560 900.0
1327570 900.0
1327580 900.8
1327590 902.3
1327600 902.3
1327610 903.9
1327620 905.2
1327630 905.2
1327640 906.4
1327650 907.0
1327660 907.0
1327670 907.5
1327680 907.8
1327690 907.8
1327700 907.6
1327710 907.6
1327720 907.3
1327730 907.3
1327740 902.4
1327750 895.8
1327760 895.8
1327770 889.5
1327780 888.1
1327790 888.1
1327800 893.5
1327810 898.3
1327820 898.3
1327830 905.4
1327840 912.0
1327850 912.0
1327860 915.7
1327870 916.2
1327880 916.2
1327890 916.1
1327900 915.6
1327910 915.6
1327920 914.8
1327930 913.7
1327940 913.7
1327950 912.7
1327960 912.6
1327970 912.6
1327980 913.9
1327990 915.6
1328000 916.5
1328010 916.5
1328020 916.4
1328030 916.2
1328040 916.2
1328050 916.2
1328060 916.2
1328070 916.2
1328080 916.3
1328090 916.2
1328100 916.2
1328110 916.1
1328120 915.8
1328130 915.8
1328140 915.4
1328150 914.2
1328160 914.2
1328170 910.3
1328180 908.0
1328190 908.0
1328200 907.5
1328210 910.9
1328220 910.9
1328230 913.6
1328240 915.3
1328250 915.3
1328260 916.0
1328270 916.1
1328280 916.1
1328290 916.1
1328300 916.7
1328310 917.7
1328320 917.7
1328330 918.3
1328340 918.9
1328350 918.9
1328360 919.7
1328370 921.1
1328380 921.1
1328390 922.7
1328400 924.7
1328410 924.7
1328420 926.8
1328430 927.7
1328440 927.7
1328450 929.8
1328460 932.8
1328470 932.8
1328480 935.2
1328490 936.7
1328500 936.7
1328510 937.9
1328520 938.7
1328530 938.7
1328540 939.2
1328550 939.1
1328560 939.1
1328570 938.1
1328580 936.6
1328590 936.6
1328600 935.1
1328610 933.9
1328620 930.7
1328630 930.7
1328640 930.6
1328650 930.5
1328660 930.5
1328670 930.3
1328680 930.0
1328690 930.0
1328700 930.0
1328710 930.3
1328720 930.3
1328730 931.0
1328740 931.7
1328750 931.7
1328760 932.3
1328770 932.8
1328780 932.8
1328790 932.3
1328800 927.0
1328810 927.0
1328820 921.8
1328830 919.2
1328840 919.2
1328850 922.3
1328860 926.7
1328870 926.7
1328880 932.8
1328890 937.9
1328900 939.3
1328910 939.3
1328920 940.5
1328930 941.6
1328940 941.6
1328950 942.5
1328960 943.1
1328970 943.1
1328980 943.4
1328990 943.8
1329000 943.8
1329010 943.9
1329020 944.7
1329030 944.7
1329040 946.6
1329050 947.8
1329060 947.8
1329070 948.5
1329080 949.3
1329090 949.3
1329100 950.5
1329110 951.3
1329120 951.3
1329130 951.9
1329140 952.4
1329150 952.4
1329160 952.9
1329170 952.9
1329180 952.9
1329190 952.3
1329200 951.7
1329210 951.4
1329220 951.4
1329230 951.4
1329240 951.7
1329250 951.7
1329260 952.3
1329270 953.4
1329280 953.4
1329290 954.5
1329300 955.4
1329310 955.4
1329320 953.7
1329330 952.2
1329340 952.2
1329350 950.0
1329360 948.5
1329370 948.5
1329380 948.9
1329390 950.0
1329400 950.0
1329410 954.8
1329420 959.2
1329430 959.2
1329440 959.0
1329450 960.0
1329460 960.0
1329470 960.2
1329480 960.7
1329490 960.7
1329500 960.7
1329510 962.1
1329520 963.6
1329530 963.6
1329540 964.9
1329550 965.7
1329560 965.7
1329570 966.7
1329580 966.8
1329590 966.8
1329600 967.8
1329610 968.8
1329620 968.8
1329630 969.5
1329640 970.4
1329650 970.4
1329660 971.7
1329670 972.6
1329680 972.6
1329690 972.5
1329700 973.0
1329710 973.0
1329720 974.2
1329730 974.9
1329740 974.9
1329750 976.5
1329760 977.4
1329770 977.4
1329780 977.3
1329790 978.3
1329800 978.9
1329810 978.9
1329820 979.6
1329830 979.8
1329840 979.8
1329850 979.9
1329860 980.6
1329870 980.6
1329880 981.0
1329890 981.5
1329900 981.5
1329910 981.2
1329920 981.6
1329930 981.6
1329940 981.7
1329950 982.9
1329960 982.9
1329970 984.2
1329980 985.2
1329990 985.2
1330000 986.5
1330010 987.8
1330020 987.8
1330030 988.0
1330040 987.2
1330050 987.2
1330060 984.6
1330070 985.7
1330080 985.7
1330090 986.6
1330100 988.1
1330110 990.6
1330120 990.6
1330130 991.8
1330140 992.4
1330150 992.4
1330160 993.1
1330170 993.8
1330180 993.8
1330190 993.1
1330200 992.7
1330210 992.7
1330220 993.2
1330230 992.9
1330240 992.9
1330250 992.5
1330260 992.3
1330270 990.6
1330280 990.6
1330290 990.8
1330300 990.8
1330310 990.9
1330320 991.0
1330330 991.0
1330340 991.1
1330350 991.4
1330360 991.4
1330370 991.6
1330380 991.8
1330390 991.8
1330400 991.8
1330410 991.8
1330420 991.7
1330430 991.7
1330440 991.8
1330450 991.9
1330460 991.9
1330470 991.7
1330480 991.2
1330490 991.2
1330500 990.8
1330510 990.6
1330520 990.6
1330530 990.6
1330540 990.6
1330550 990.6
1330560 990.7
1330570 990.8
1330580 990.8
1330590 991.0
1330600 990.5
1330610 990.5
1330620 988.3
1330630 988.1
1330640 988.1
1330650 990.0
1330660 991.8
1330670 991.8
1330680 993.0
1330690 993.8
1330700 996.4
1330710 996.4
1330720 999.6
1330730 1001.6
1330740 1001.6
1330750 1003.2
1330760 1006.3
1330770 1006.3
1330780 1009.5
1330790 1012.2
1330800 1012.2
1330810 1014.0
1330820 1015.9
1330830 1015.9
1330840 1017.5
1330850 1024.4
1330860 1024.4
1330870 1029.4
1330880 1032.8
1330890 1032.8
1330900 1034.8
1330910 1035.2
1330920 1035.2
1330930 1033.4
1330940 1036.2
1330950 1036.2
1330960 1040.9
1330970 1044.8
1330980 1044.8
1330990 1048.1
1331000 1050.8
1331010 1052.3
1331020 1052.3
1331030 1054.0
1331040 1056.2
1331050 1056.2
1331060 1058.2
1331070 1059.8
1331080 1059.8
1331090 1063.5
1331100 1065.3
1331110 1065.3
1331120 1066.7
1331130 1068.1
1331140 1068.1
1331150 1070.0
1331160 1072.7
1331170 1072.7
1331180 1074.6
1331190 1077.0
1331200 1077.0
1331210 1079.9
1331220 1080.5
1331230 1080.5
1331240 1082.7
1331250 1085.6
1331260 1085.6
1331270 1088.9
1331280 1092.3
1331290 1094.7
1331300 1094.7
1331310 1096.3
1331320 1097.0
1331330 1097.0
1331340 1099.5
1331350 1101.8
1331360 1101.8
1331370 1103.8
1331380 1105.9
1331390 1105.9
1331400 1108.2
1331410 1111.2
1331420 1111.2
1331430 1114.0
1331440 1115.6
1331450 1115.6
1331460 1115.2
1331470 1113.1
1331480 1113.1
1331490 1117.4
1331500 1121.2
1331510 1121.2
1331520 1125.0
1331530 1130.9
1331540 1130.9
1331550 1135.0
1331560 1137.3
1331570 1137.3
1331580 1139.3
1331590 1141.0
1331600 1143.1
1331610 1143.1
1331620 1145.6
1331630 1148.3
1331640 1148.3
1331650 1151.5
1331660 1155.2
1331670 1155.2
1331680 1158.8
1331690 1161.2
1331700 1161.2
1331710 1163.1
1331720 1166.0
1331730 1166.0
1331740 1168.7
1331750 1171.0
1331760 1171.0
1331770 1174.0
1331780 1176.5
1331790 1176.5
1331800 1178.1
1331810 1180.7
1331820 1180.7
1331830 1184.1
1331840 1186.8
1331850 1186.8
1331860 1189.3
1331870 1190.9
1331880 1190.9
1331890 1191.8
1331900 1193.2
1331910 1195.6
1331920 1195.6
1331930 1204.6
1331940 1206.1
1331950 1206.1
1331960 1207.2
1331970 1208.3
1331980 1208.3
1331990 1211.1
1332000 1215.0
1332010 1215.0
1332020 1219.0
1332030 1222.2
1332040 1222.2
1332050 1223.7
1332060 1225.0
1332070 1225.0
1332080 1226.4
1332090 1227.1
1332100 1227.1
1332110 1227.2
1332120 1227.2
1332130 1227.2
1332140 1228.4
1332150 1229.1
1332160 1229.1
1332170 1229.6
1332180 1232.4
1332190 1235.4
1332200 1235.4
1332210 1238.0
1332220 1238.1
1332230 1238.1
1332240 1234.5
1332250 1230.9
1332260 1230.9
1332270 1226.4
1332280 1225.1
1332290 1225.1
1332300 1230.5
1332310 1235.8
1332320 1235.8
1332330 1241.6
1332340 1247.8
1332350 1247.8
1332360 1249.7
1332370 1250.6
1332380 1250.6
1332390 1251.2
1332400 1247.6
1332410 1247.6
1332420 1242.0
1332430 1236.9
1332440 1236.9
1332450 1231.6
1332460 1225.6
1332470 1225.6
1332480 1222.7
1332490 1231.2
1332500 1243.1
1332510 1243.1
1332520 1252.4
1332530 1259.4
1332540 1259.4
1332550 1263.5
1332560 1265.9
1332570 1265.9
1332580 1266.5
1332590 1268.2
1332600 1268.2
1332610 1271.2
1332620 1275.5
1332630 1275.5
1332640 1280.4
1332650 1285.2
1332660 1285.2
1332670 1290.6
1332680 1296.3
1332690 1296.3
1332700 1298.3
1332710 1293.8
1332720 1293.8
1332730 1289.6
1332740 1287.9
1332750 1287.9
1332760 1288.3
1332770 1293.4
1332780 1291.3
1332790 1291.3
1332800 1291.4
1332810 1291.1
1332820 1291.1
1332830 1289.2
1332840 1286.8
1332850 1286.8
1332860 1284.8
1332870 1291.8
1332880 1291.8
1332890 1301.3
1332900 1306.6
1332910 1306.6
1332920 1308.5
1332930 1310.4
1332940 1310.4
1332950 1312.3
1332960 1315.0
1332970 1315.0
1332980 1318.7
1332990 1323.0
1333000 1323.0
1333010 1327.2
1333020 1332.3
1333030 1332.3
1333040 1335.7
1333050 1335.9
1333060 1335.9
1333070 1335.5
1333080 1337.3
1333090 1339.7
1333100 1339.7
1333110 1341.1
1333120 1343.1
1333130 1343.1
1333140 1347.2
1333150 1352.2
1333160 1352.2
1333170 1356.7
1333180 1360.4
1333190 1360.4
1333200 1362.4
1333210 1364.4
1333220 1364.4
1333230 1365.1
1333240 1365.2
1333250 1365.2
1333260 1364.4
1333270 1366.0
1333280 1366.0
1333290 1371.2
1333300 1372.9
1333310 1372.9
1333320 1373.8
1333330 1374.1
1333340 1374.1
1333350 1373.7
1333360 1372.8
1333370 1372.8
1333380 1372.8
1333390 1371.8
1333400 1370.9
1333410 1370.9
1333420 1376.5
1333430 1384.5
1333440 1384.5
1333450 1392.1
1333460 1399.4
1333470 1399.4
1333480 1405.1
1333490 1410.3
1333500 1410.3
1333510 1415.6
1333520 1419.3
1333530 1419.3
1333540 1424.2
1333550 1430.9
1333560 1430.9
1333570 1439.0
1333580 1447.8
1333590 1447.8
1333600 1456.5
1333610 1465.0
1333620 1465.0
1333630 1472.0
1333640 1477.4
1333650 1477.4
1333660 1481.7
1333670 1485.9
1333680 1489.9
1333690 1489.9
1333700 1493.5
1333710 1496.3
1333720 1496.3
1333730 1498.8
1333740 1501.1
1333750 1501.1
1333760 1504.4
1333770 1507.3
1333780 1507.3
1333790 1511.5
1333800 1515.3
1333810 1515.3
1333820 1520.1
1333830 1525.9
1333840 1525.9
1333850 1531.3
1333860 1535.9
1333870 1535.9
1333880 1539.9
1333890 1543.1
1333900 1543.1
1333910 1546.4
1333920 1550.9
1333930 1550.9
1333940 1554.7
1333950 1556.6
1333960 1556.6
1333970 1558.3
1333980 1562.4
1333990 1569.4
1334000 1569.4
1334010 1577.1
1334020 1585.1
1334030 1585.1
1334040 1591.5
1334050 1597.1
1334060 1597.1
1334070 1602.1
1334080 1607.6
1334090 1607.6
1334100 1613.4
1334110 1617.5
1334120 1617.5
1334130 1622.5
1334140 1627.8
1334150 1627.8
1334160 1633.6
1334170 1639.5
1334180 1639.5
1334190 1645.9
1334200 1652.0
1334210 1652.0
1334220 1658.2
1334230 1664.3
1334240 1664.3
1334250 1668.8
1334260 1670.3
1334270 1670.3
1334280 1673.6
1334290 1679.5
1334300 1686.7
1334310 1686.7
1334320 1694.2
1334330 1701.1
1334340 1701.1
1334350 1707.2
1334360 1713.2
1334370 1713.2
1334380 1719.2
1334390 1725.0
1334400 1725.0
1334410 1730.4
1334420 1735.9
1334430 1735.9
1334440 1740.2
1334450 1749.0
1334460 1749.0
1334470 1753.7
1334480 1758.7
1334490 1758.7
1334500 1764.2
1334510 1768.0
1334520 1768.0
1334530 1769.6
1334540 1770.4
1334550 1770.4
1334560 1771.4
1334570 1772.4
1334580 1772.5
1334590 1772.5
1334600 1771.6
1334610 1769.7
1334620 1769.7
1334630 1767.6
1334640 1766.8
1334650 1766.8
1334660 1765.5
1334670 1762.6
1334680 1762.6
1334690 1758.9
1334700 1755.3
1334710 1755.3
1334720 1751.7
1334730 1748.0
1334740 1748.0
1334750 1744.0
1334760 1740.4
1334770 1740.4
1334780 1737.7
1334790 1733.8
1334800 1733.8
1334810 1729.9
1334820 1725.7
1334830 1725.7
1334840 1721.5
1334850 1717.1
1334860 1717.1
1334870 1711.9
1334880 1706.7
1334890 1702.2
1334900 1702.2
1334910 1697.5
1334920 1692.9
1334930 1692.9
1334940 1688.3
1334950 1683.6
1334960 1683.6
1334970 1678.9
1334980 1674.4
1334990 1674.4
1335000 1670.3
1335010 1667.3
1335020 1667.3
1335030 1662.4
1335040 1658.2
1335050 1658.2
1335060 1655.3
1335070 1649.2
1335080 1649.2
1335090 1641.7
1335100 1636.0
1335110 1636.0
1335120 1631.4
1335130 1627.1
1335140 1627.1
1335150 1622.8
1335160 1618.4
1335170 1618.4
1335180 1614.2
1335190 1608.6
1335200 1602.7
1335210 1602.7
1335220 1598.0
1335230 1594.4
1335240 1594.4
1335250 1590.9
1335260 1587.7
1335270 1587.7
1335280 1584.7
1335290 1578.9
1335300 1578.9
1335310 1573.8
1335320 1568.6
1335330 1568.6
1335340 1561.7
1335350 1553.3
1335360 1553.3
1335370 1549.4
1335380 1548.0
1335390 1548.0
1335400 1545.7
1335410 1543.2
1335420 1543.2
1335430 1541.5
1335440 1540.5
1335450 1540.5
1335460 1541.9
1335470 1540.9
1335480 1540.0
1335490 1540.0
1335500 1541.0
1335510 1543.1
1335520 1543.1
1335530 1544.5
1335540 1542.9
1335550 1542.9
1335560 1538.8
1335570 1532.0
1335580 1532.0
1335590 1525.6
1335600 1520.3
1335610 1520.3
1335620 1517.7
1335630 1517.2
1335640 1517.2
1335650 1518.5
1335660 1520.6
1335670 1520.6
1335680 1519.4
1335690 1515.8
1335700 1515.8
1335710 1513.1
1335720 1512.1
1335730 1512.1
1335740 1511.3
1335750 1510.5
1335760 1510.5
1335770 1510.8
1335780 1512.2
1335790 1510.5
1335800 1510.5
1335810 1506.7
1335820 1504.1
1335830 1504.1
1335840 1502.0
1335850 1500.7
1335860 1500.7
1335870 1499.2
1335880 1495.1
1335890 1495.1
1335900 1491.5
1335910 1489.8
1335920 1489.8
1335930 1488.0
1335940 1485.2
1335950 1485.2
1335960 1483.4
1335970 1482.9
1335980 1482.9
1335990 1482.7
1336000 1481.9
1336010 1481.9
1336020 1481.0
1336030 1479.6
1336040 1479.6
1336050 1476.9
1336060 1470.5
1336070 1466.1
1336080 1466.1
1336090 1465.3
1336100 1468.2
1336110 1468.2
1336120 1470.3
1336130 1466.8
1336140 1466.8
1336150 1462.4
1336160 1457.3
1336170 1461.0
1336180 1457.1
1336190 1453.4
1336200 1453.4
1336210 1450.5
1336220 1447.4
1336230 1447.4
1336240 1442.9
1336250 1438.1
1336260 1438.1
1336270 1433.1
1336280 1428.2
1336290 1428.2
1336300 1423.9
1336310 1419.9
1336320 1419.9
1336330 1413.9
1336340 1406.5
1336350 1406.5
1336360 1399.5
1336370 1392.9
1336380 1386.9
1336390 1386.9
1336400 1380.7
1336410 1375.1
1336420 1375.1
1336430 1369.3
1336440 1363.6
1336450 1363.6
1336460 1358.3
1336470 1353.1
1336480 1353.1
1336490 1348.3
1336500 1344.0
1336510 1344.0
1336520 1340.3
1336530 1336.2
1336540 1336.2
1336550 1331.0
1336560 1325.5
1336570 1325.5
1336580 1321.1
1336590 1316.6
1336600 1316.6
1336610 1312.3
1336620 1308.6
1336630 1308.6
1336640 1305.2
1336650 1301.4
1336660 1301.4
1336670 1297.9
1336680 1294.2
1336690 1289.5
1336700 1289.5
1336710 1284.8
1336720 1281.7
1336730 1281.7
1336740 1276.4
1336750 1271.8
1336760 1271.8
1336770 1267.6
1336780 1262.7
1336790 1262.7
1336800 1259.9
1336810 1254.9
1336820 1254.9
1336830 1251.1
1336840 1247.9
1336850 1247.9
1336860 1244.4
1336870 1241.8
1336880 1241.8
1336890 1240.4
1336900 1237.3
1336910 1237.3
1336920 1233.1
1336930 1228.2
1336940 1228.2
1336950 1225.1
1336960 1221.6
1336970 1218.6
1336980 1218.6
1336990 1215.8
1337000 1213.1
1337010 1213.1
1337020 1210.1
1337030 1206.1
1337040 1206.1
1337050 1203.6
1337060 1198.6
1337070 1198.6
1337080 1191.3
1337090 1186.3
1337100 1186.3
1337110 1182.2
1337120 1178.2
1337130 1178.2
1337140 1174.0
1337150 1170.2
1337160 1170.2
1337170 1167.7
1337180 1166.2
1337190 1166.2
1337200 1164.6
1337210 1162.5
1337220 1162.5
1337230 1160.7
1337240 1157.9
1337250 1157.9
1337260 1154.9
1337270 1151.6
1337280 1149.3
1337290 1149.3
1337300 1147.3
1337310 1145.8
1337320 1145.8
1337330 1144.7
1337340 1143.0
1337350 1143.0
1337360 1140.5
1337370 1138.0
1337380 1138.0
1337390 1136.2
1337400 1134.2
1337410 1134.2
1337420 1131.5
1337430 1129.4
1337440 1129.4
1337450 1127.8
1337460 1125.8
1337470 1125.8
1337480 1123.7
1337490 1121.7
1337500 1121.7
1337510 1119.7
1337520 1117.4
1337530 1117.4
1337540 1116.5
1337550 1116.0
1337560 1116.0
1337570 1115.3
1337580 1114.7
1337590 1113.8
1337600 1113.8
1337610 1112.6
1337620 1111.6
1337630 1111.6
1337640 1110.8
1337650 1110.0
1337660 1110.0
1337670 1108.7
1337680 1107.1
1337690 1107.1
1337700 1106.7
1337710 1106.0
1337720 1106.0
1337730 1105.2
1337740 1104.1
1337750 1104.1
1337760 1103.2
1337770 1102.3
1337780 1102.3
1337790 1101.6
1337800 1100.8
1337810 1100.8
1337820 1099.4
1337830 1098.0
1337840 1098.0
1337850 1097.0
1337860 1096.0
1337870 1094.9
1337880 1094.9
1337890 1093.8
1337900 1092.3
1337910 1092.3
1337920 1091.1
1337930 1089.6
1337940 1089.6
1337950 1088.3
1337960 1087.7
1337970 1087.7
1337980 1086.8
1337990 1085.9
1338000 1085.9
1338010 1084.5
1338020 1083.4
1338030 1083.4
1338040 1082.3
1338050 1081.3
1338060 1081.3
1338070 1080.4
1338080 1079.6
1338090 1079.6
1338100 1078.5
1338110 1077.0
1338120 1077.0
1338130 1074.2
1338140 1070.2
1338150 1070.2
1338160 1064.8
1338170 1061.5
1338180 1059.0
1338190 1059.0
1338200 1056.2
1338210 1053.3
1338220 1053.3
1338230 1050.9
1338240 1048.6
1338250 1048.6
1338260 1046.2
1338270 1042.8
1338280 1042.8
1338290 1039.2
1338300 1035.6
1338310 1035.6
1338320 1033.7
1338330 1031.6
1338340 1031.6
1338350 1030.6
1338360 1029.4
1338370 1029.4
1338380 1027.4
1338390 1025.7
1338400 1025.7
1338410 1025.9
1338420 1024.7
1338430 1024.7
1338440 1021.8
1338450 1019.4
1338460 1019.4
1338470 1017.0
1338480 1014.5
1338490 1012.8
1338500 1012.8
1338510 1011.5
1338520 1009.5
1338530 1009.5
1338540 1008.1
1338550 1007.6
1338560 1007.6
1338570 1007.7
1338580 1007.3
1338590 1007.3
1338600 1007.2
1338610 1007.0
1338620 1007.0
1338630 1007.4
1338640 1006.7
1338650 1006.7
1338660 1003.7
1338670 999.0
1338680 999.0
1338690 994.6
1338700 991.3
1338710 991.3
1338720 988.6
1338730 985.0
1338740 985.0
1338750 982.2
1338760 979.8
1338770 976.1
1338780 976.1
1338790 975.0
1338800 973.5
1338810 973.5
1338820 972.1
1338830 972.3
1338840 972.3
1338850 982.2
1338860 993.1
1338870 993.1
1338880 999.8
1338890 1007.1
1338900 1007.1
1338910 1011.3
1338920 1012.3
1338930 1012.3
1338940 1014.5
1338950 1016.6
1338960 1016.6
1338970 1017.9
1338980 1019.0
1338990 1019.0
1339000 1017.2
1339010 1013.0
1339020 1013.0
1339030 1008.4
1339040 1009.3
1339050 1009.3
1339060 1012.6
1339070 1018.0
1339080 1023.3
1339090 1023.3
1339100 1023.1
1339110 1027.3
1339120 1027.3
1339130 1027.4
1339140 1031.9
1339150 1031.9
1339160 1036.3
1339170 1037.2
1339180 1037.2
1339190 1035.8
1339200 1035.8
1339210 1035.8
1339220 1035.4
1339230 1035.7
1339240 1035.7
1339250 1037.4
1339260 1038.2
1339270 1038.2
1339280 1038.0
1339290 1038.1
1339300 1038.1
1339310 1038.3
1339320 1038.8
1339330 1038.8
1339340 1039.5
1339350 1040.1
1339360 1040.9
1339370 1040.9
1339380 1041.4
1339390 1041.5
1339400 1041.5
1339410 1041.8
1339420 1042.3
1339430 1042.3
1339440 1042.8
1339450 1042.8
1339460 1042.8
1339470 1043.2
1339480 1044.4
1339490 1044.4
1339500 1044.8
1339510 1045.2
1339520 1045.2
1339530 1045.6
1339540 1045.7
1339550 1045.7
1339560 1045.8
1339570 1045.6
1339580 1045.6
1339590 1046.1
1339600 1046.5
1339610 1046.5
1339620 1046.7
1339630 1047.0
1339640 1047.0
1339650 1050.8
1339660 1051.1
1339670 1051.3
1339680 1051.3
1339690 1051.4
1339700 1051.6
1339710 1051.6
1339720 1051.7
1339730 1050.9
1339740 1050.9
1339750 1050.1
1339760 1049.4
1339770 1049.4
1339780 1048.1
1339790 1046.4
1339800 1046.4
1339810 1044.8
1339820 1042.5
1339830 1042.5
1339840 1039.9
1339850 1037.4
1339860 1037.4
1339870 1034.8
1339880 1032.3
1339890 1032.3
1339900 1030.1
1339910 1027.8
1339920 1027.8
1339930 1025.4
1339940 1023.3
1339950 1023.3
1339960 1021.5
1339970 1020.3
1339980 1019.5
1339990 1019.5
