1320000 1136.0
1320010 1139.9
1320020 1144.2
1320030 1144.2
1320040 1149.2
1320050 1153.7
1320060 1158.5
1320070 1158.5
1320080 1163.6
1320090 1169.2
1320100 1169.2
1320110 1173.9
1320120 1179.0
1320130 1179.0
1320140 1185.5
1320150 1190.8
1320160 1190.8
1320170 1194.2
1320180 1195.5
1320190 1195.5
1320200 1197.2
1320210 1198.1
1320220 1192.1
1320230 1190.7
1320240 1187.6
1320250 1187.6
1320260 1184.1
1320270 1179.8
1320280 1179.8
1320290 1176.2
1320300 1173.0
1320310 1173.0
1320320 1170.0
1320330 1167.5
1320340 1165.8
1320350 1165.8
1320360 1164.2
1320370 1162.6
1320380 1162.6
1320390 1161.1
1320400 1159.5
1320410 1159.5
1320420 1158.0
1320430 1156.6
1320440 1156.6
1320450 1155.8
1320460 1156.7
1320470 1156.7
1320480 1159.4
1320490 1162.4
1320500 1162.4
1320510 1165.1
1320520 1167.2
1320530 1167.2
1320540 1168.7
1320550 1169.8
1320560 1169.8
1320570 1170.4
1320580 1169.9
1320590 1169.9
1320600 1168.7
1320610 1167.2
1320620 1167.2
1320630 1165.8
1320640 1164.8
1320650 1164.1
1320660 1164.1
1320670 1163.8
1320680 1164.0
1320690 1164.0
1320700 1165.0
1320710 1166.8
1320720 1166.8
1320730 1168.9
1320740 1171.2
1320750 1171.2
1320760 1173.6
1320770 1175.7
1320780 1175.7
1320790 1178.6
1320800 1182.1
1320810 1182.1
1320820 1184.6
1320830 1185.7
1320840 1185.7
1320850 1186.2
1320860 1186.5
1320870 1186.5
1320880 1187.5
1320890 1188.6
1320900 1188.6
1320910 1189.5
1320920 1191.3
1320930 1191.3
1320940 1193.7
1320950 1196.1
1320960 1197.2
1320970 1197.2
1320980 1197.7
1320990 1200.0
1321000 1200.5
1321010 1203.0
1321020 1204.4
1321030 1204.4
1321040 1204.2
1321050 1204.3
1321060 1204.3
1321070 1204.3
1321080 1203.8
1321090 1203.8
1321100 1203.6
1321110 1204.1
1321120 1204.1
1321130 1204.9
1321140 1205.7
1321150 1205.7
1321160 1206.0
1321170 1206.0
1321180 1206.0
1321190 1205.8
1321200 1206.8
1321210 1206.8
1321220 1207.9
1321230 1207.8
1321240 1207.0
1321250 1207.0
1321260 1206.8
1321270 1206.8
1321280 1206.8
1321290 1206.0
1321300 1204.7
1321310 1204.7
1321320 1203.0
1321330 1200.5
1321340 1200.5
1321350 1197.4
1321360 1193.9
1321370 1193.9
1321380 1190.5
1321390 1187.8
1321400 1187.8
1321410 1186.0
1321420 1184.0
1321430 1184.0
1321440 1181.5
1321450 1179.3
1321460 1179.3
1321470 1177.8
1321480 1176.5
1321490 1176.5
1321500 1174.8
1321510 1172.6
1321520 1172.6
1321530 1171.1
1321540 1169.7
1321550 1167.6
1321560 1167.6
1321570 1167.4
1321580 1168.4
1321590 1168.4
1321600 1169.1
1321610 1169.8
1321620 1169.8
1321630 1169.6
1321640 1168.6
1321650 1168.6
1321660 1167.9
1321670 1168.5
1321680 1168.5
1321690 1169.0
1321700 1169.1
1321710 1169.1
1321720 1168.5
1321730 1166.9
1321740 1166.9
1321750 1165.9
1321760 1165.5
1321770 1165.5
1321780 1167.4
1321790 1166.7
1321800 1166.7
1321810 1166.7
1321820 1166.3
1321830 1166.3
1321840 1166.3
1321850 1167.0
1321860 1167.2
1321870 1167.2
1321880 1167.6
1321890 1167.8
1321900 1167.8
1321910 1168.0
1321920 1168.0
1321930 1168.0
1321940 1166.7
1321950 1164.8
1321960 1164.8
1321970 1162.9
1321980 1160.4
1321990 1160.4
1322000 1157.3
1322010 1154.4
1322020 1154.4
1322030 1151.5
1322040 1148.5
1322050 1148.5
1322060 1145.4
1322070 1142.3
1322080 1142.3
1322090 1138.9
1322100 1135.3
1322110 1135.3
1322120 1131.4
1322130 1127.5
1322140 1123.4
1322150 1123.4
1322160 1119.3
1322170 1115.6
1322180 1115.6
1322190 1112.1
1322200 1108.5
1322210 1108.5
1322220 1105.1
1322230 1101.1
1322240 1101.1
1322250 1097.3
1322260 1093.6
1322270 1093.6
1322280 1090.3
1322290 1087.1
1322300 1087.1
1322310 1083.7
1322320 1080.1
1322330 1080.1
1322340 1076.6
1322350 1072.7
1322360 1072.7
1322370 1068.8
1322380 1066.0
1322390 1066.0
1322400 1063.0
1322410 1060.3
1322420 1060.3
1322430 1057.4
1322440 1054.2
1322450 1050.5
1322460 1050.5
1322470 1046.8
1322480 1043.1
1322490 1043.1
1322500 1040.1
1322510 1037.6
1322520 1037.6
1322530 1034.5
1322540 1030.9
1322550 1030.9
1322560 1028.3
1322570 1026.8
1322580 1026.8
1322590 1024.1
1322600 1021.2
1322610 1021.2
1322620 1018.3
1322630 1015.5
1322640 1015.5
1322650 1012.4
1322660 1009.8
1322670 1009.8
1322680 1007.6
1322690 1005.4
1322700 1005.4
1322710 1003.3
1322720 1001.0
1322730 1001.0
1322740 998.3
1322750 995.1
1322760 990.1
1322770 990.1
1322780 985.6
1322790 980.7
1322800 980.7
1322810 976.3
1322820 971.2
1322830 971.2
1322840 966.2
1322850 961.4
1322860 961.4
1322870 956.4
1322880 950.6
1322890 950.6
1322900 944.8
1322910 939.1
1322920 939.1
1322930 934.1
1322940 928.5
1322950 928.5
1322960 922.3
1322970 915.3
1322980 915.3
1322990 908.3
1323000 902.7
1323010 902.7
1323020 899.3
1323030 895.2
1323040 894.2
1323050 894.2
1323060 894.5
1323070 899.0
1323080 899.0
1323090 906.0
1323100 912.3
1323110 912.3
1323120 914.6
1323130 911.7
1323140 911.7
1323150 909.4
1323160 908.3
1323170 908.3
1323180 908.2
1323190 908.9
1323200 908.9
1323210 910.6
1323220 913.3
1323230 913.3
1323240 916.6
1323250 918.9
1323260 918.9
1323270 919.0
1323280 918.3
1323290 918.3
1323300 917.3
1323310 915.9
1323320 915.9
1323330 914.2
1323340 909.9
1323350 905.8
1323360 906.5
1323370 903.2
1323380 900.2
1323390 900.2
1323400 897.1
1323410 893.8
1323420 893.8
1323430 890.9
1323440 888.6
1323450 888.6
1323460 886.1
1323470 883.5
1323480 883.5
1323490 881.1
1323500 878.4
1323510 878.4
1323520 875.0
1323530 872.7
1323540 872.7
1323550 870.2
1323560 865.8
1323570 865.8
1323580 862.3
1323590 858.6
1323600 858.6
1323610 854.5
1323620 851.3
1323630 851.3
1323640 851.2
1323650 850.7
1323660 850.2
1323670 850.2
1323680 849.7
1323690 849.3
1323700 849.3
1323710 848.9
1323720 848.5
1323730 848.5
1323740 848.1
1323750 847.6
1323760 847.6
1323770 846.7
1323780 846.0
1323790 846.0
1323800 845.4
1323810 845.0
1323820 845.0
1323830 844.7
1323840 844.7
1323850 844.7
1323860 844.9
1323870 844.3
1323880 844.3
1323890 843.5
1323900 843.1
1323910 843.1
1323920 842.9
1323930 842.8
1323940 842.6
1323950 842.6
1323960 842.5
1323970 842.4
1323980 842.4
1323990 840.2
1324000 836.3
1324010 836.3
1324020 833.2
1324030 830.2
1324040 830.2
1324050 827.6
1324060 823.2
1324070 823.2
1324080 819.4
1324090 816.3
1324100 816.3
1324110 813.2
1324120 812.8
1324130 812.8
1324140 814.5
1324150 814.8
1324160 814.8
1324170 812.3
1324180 807.5
1324190 807.5
1324200 805.3
1324210 801.5
1324220 801.5
1324230 796.0
1324240 789.4
1324250 782.1
1324260 782.1
1324270 776.2
1324280 769.4
1324290 769.4
1324300 759.2
1324310 750.1
1324320 750.1
1324330 741.4
1324340 734.4
1324350 734.4
1324360 728.0
1324370 723.6
1324380 723.6
1324390 722.7
1324400 722.7
1324410 722.7
1324420 723.5
1324430 722.6
1324440 722.6
1324450 721.0
1324460 717.8
1324470 717.8
1324480 716.8
1324490 716.8
1324500 716.8
1324510 715.6
1324520 715.5
1324530 715.5
1324540 719.2
1324550 724.2
1324560 727.7
1324570 727.7
1324580 732.1
1324590 737.2
1324600 737.2
1324610 742.4
1324620 749.4
1324630 749.4
1324640 758.1
1324650 766.2
1324660 766.2
1324670 773.8
1324680 781.3
1324690 781.3
1324700 785.7
1324710 788.6
1324720 788.6
1324730 792.2
1324740 794.1
1324750 794.1
1324760 796.1
1324770 798.2
1324780 798.2
1324790 800.4
1324800 802.7
1324810 802.7
1324820 805.3
1324830 808.4
1324840 811.6
1324850 811.6
1324860 814.4
1324870 817.3
1324880 817.3
1324890 820.1
1324900 822.6
1324910 822.6
1324920 824.2
1324930 825.1
1324940 825.1
1324950 821.2
1324960 821.5
1324970 821.5
1324980 822.5
1324990 824.0
1325000 824.0
1325010 825.2
1325020 826.1
1325030 826.1
1325040 826.8
1325050 827.5
1325060 827.5
1325070 827.0
1325080 825.4
1325090 825.4
1325100 823.7
1325110 822.8
1325120 822.8
1325130 823.2
1325140 823.1
1325150 824.3
1325160 824.3
1325170 826.2
1325180 828.9
1325190 828.9
1325200 829.7
1325210 829.8
1325220 829.8
1325230 830.5
1325240 831.6
1325250 831.6
1325260 832.8
1325270 834.2
1325280 834.2
1325290 835.5
1325300 837.1
1325310 837.1
1325320 838.8
1325330 839.3
1325340 839.3
1325350 840.6
1325360 842.2
1325370 842.2
1325380 843.9
1325390 844.7
1325400 844.7
1325410 845.0
1325420 845.2
1325430 845.2
1325440 845.6
1325450 846.3
1325460 847.3
1325470 847.3
1325480 848.9
1325490 850.8
1325500 850.8
1325510 852.5
1325520 854.1
1325530 854.1
1325540 855.6
1325550 856.6
1325560 856.6
1325570 858.3
1325580 860.0
1325590 860.0
1325600 860.8
1325610 861.8
1325620 861.8
1325630 863.3
1325640 865.0
1325650 865.0
1325660 867.0
1325670 869.0
1325680 869.0
1325690 870.5
1325700 871.1
1325710 871.1
1325720 871.4
1325730 871.4
1325740 871.5
1325750 869.3
1325760 870.3
1325770 870.9
1325780 870.9
1325790 871.1
1325800 871.4
1325810 871.4
1325820 871.8
1325830 872.3
1325840 872.3
1325850 872.8
1325860 873.4
1325870 873.4
1325880 874.4
1325890 875.5
1325900 875.5
1325910 876.4
1325920 876.9
1325930 876.9
1325940 877.6
1325950 878.7
1325960 878.7
1325970 881.0
1325980 883.9
1325990 883.9
1326000 886.3
1326010 888.2
1326020 888.2
1326030 890.3
1326040 892.9
1326050 895.5
1326060 895.5
1326070 898.9
1326080 901.9
1326090 901.9
1326100 902.9
1326110 903.7
1326120 903.7
1326130 905.3
1326140 906.8
1326150 906.8
1326160 907.2
1326170 907.1
1326180 907.1
1326190 907.9
1326200 908.6
1326210 908.6
1326220 909.0
1326230 908.9
1326240 908.9
1326250 908.4
1326260 907.3
1326270 907.3
1326280 908.1
1326290 909.6
1326300 909.6
1326310 910.5
1326320 910.6
1326330 910.6
1326340 910.1
1326350 909.4
1326360 908.7
1326370 908.7
1326380 909.4
1326390 910.1
1326400 910.1
1326410 910.1
1326420 909.9
1326430 909.9
1326440 909.7
1326450 909.2
1326460 909.2
1326470 908.5
1326480 907.9
1326490 907.9
1326500 906.9
1326510 904.7
1326520 904.7
1326530 901.5
1326540 898.2
1326550 898.2
1326560 892.8
1326570 890.2
1326580 890.2
1326590 889.1
1326600 888.8
1326610 888.8
1326620 889.1
1326630 890.2
1326640 890.9
1326650 890.9
1326660 891.4
1326670 892.9
1326680 892.9
1326690 894.9
1326700 895.9
1326710 895.9
1326720 893.4
1326730 888.5
1326740 888.5
1326750 881.9
1326760 873.6
1326770 873.6
1326780 865.5
1326790 865.8
1326800 865.8
1326810 873.3
1326820 879.6
1326830 879.6
1326840 883.8
1326850 887.8
1326860 887.8
1326870 890.8
1326880 891.9
1326890 891.9
1326900 891.8
1326910 892.0
1326920 892.0
1326930 891.7
1326940 890.1
1326950 888.3
1326960 888.3
1326970 886.6
1326980 885.3
1326990 885.3
1327000 884.3
1327010 883.8
1327020 883.8
1327030 882.8
1327040 881.2
1327050 881.2
1327060 878.7
1327070 876.9
1327080 876.9
1327090 879.7
1327100 883.0
1327110 883.0
1327120 885.0
1327130 886.8
1327140 886.8
1327150 888.9
1327160 892.0
1327170 892.0
1327180 896.2
1327190 901.1
1327200 901.1
1327210 906.4
1327220 912.2
1327230 912.2
1327240 915.6
1327250 917.7
1327260 919.2
1327270 919.2
1327280 920.2
1327290 920.6
1327300 920.6
1327310 920.5
1327320 920.5
1327330 920.5
1327340 919.8
1327350 919.5
1327360 919.5
1327370 918.9
1327380 919.1
1327390 919.1
1327400 919.7
1327410 920.7
1327420 920.7
1327430 921.8
1327440 922.5
1327450 922.5
1327460 922.6
1327470 923.0
1327480 923.0
1327490 923.9
1327500 924.9
1327510 924.9
1327520 925.5
1327530 925.6
1327540 926.3
1327550 926.3
1327560 927.3
1327570 928.0
1327580 928.0
1327590 928.8
1327600 929.7
1327610 929.7
1327620 930.7
1327630 931.6
1327640 931.6
1327650 932.4
1327660 933.2
1327670 933.2
1327680 934.0
1327690 934.5
1327700 934.5
1327710 934.9
1327720 935.3
1327730 935.3
1327740 936.0
1327750 936.6
1327760 936.6
1327770 937.0
1327780 935.6
1327790 935.6
1327800 930.8
1327810 927.5
1327820 927.5
1327830 923.9
1327840 919.9
1327850 916.4
1327860 916.4
1327870 918.1
1327880 923.9
1327890 923.9
1327900 928.4
1327910 932.8
1327920 932.8
1327930 935.0
1327940 935.0
1327950 935.0
1327960 935.0
1327970 935.2
1327980 935.2
1327990 935.4
1328000 935.5
1328010 935.5
1328020 935.7
1328030 935.8
1328040 935.8
1328050 935.3
1328060 934.1
1328070 934.1
1328080 933.3
1328090 932.7
1328100 932.7
1328110 931.9
1328120 930.5
1328130 930.5
1328140 928.9
1328150 928.2
1328160 928.2
1328170 928.2
1328180 925.9
1328190 925.7
1328200 925.7
1328210 925.6
1328220 925.8
1328230 925.8
1328240 926.3
1328250 926.8
1328260 926.8
1328270 927.4
1328280 928.3
1328290 928.3
1328300 929.2
1328310 929.7
1328320 929.7
1328330 930.8
1328340 932.6
1328350 932.6
1328360 934.0
1328370 935.0
1328380 935.0
1328390 935.9
1328400 936.6
1328410 936.6
1328420 937.3
1328430 938.6
1328440 941.3
1328450 941.3
1328460 943.9
1328470 944.7
1328480 944.7
1328490 945.2
1328500 945.8
1328510 945.8
1328520 946.3
1328530 946.9
1328540 946.9
1328550 947.6
1328560 948.1
1328570 948.1
1328580 948.2
1328590 948.0
1328600 948.0
1328610 948.0
1328620 948.0
1328630 948.0
1328640 948.0
1328650 948.0
1328660 948.0
1328670 948.0
1328680 948.0
1328690 948.0
1328700 947.9
1328710 948.0
1328720 948.0
1328730 948.2
1328740 948.3
1328750 948.5
1328760 948.5
1328770 948.6
1328780 948.8
1328790 948.8
1328800 949.0
1328810 949.0
1328820 949.0
1328830 948.9
1328840 949.5
1328850 949.5
1328860 946.0
1328870 938.1
1328880 938.1
1328890 936.3
1328900 939.7
1328910 939.7
1328920 945.3
1328930 952.1
1328940 952.1
1328950 955.2
1328960 956.2
1328970 956.2
1328980 956.9
1328990 957.5
1329000 956.2
1329010 956.5
1329020 956.9
1329030 956.9
1329040 957.4
1329050 958.2
1329060 959.0
1329070 959.0
1329080 959.9
1329090 960.8
1329100 960.8
1329110 961.6
1329120 962.1
1329130 962.1
1329140 962.3
1329150 962.3
1329160 962.3
1329170 962.3
1329180 962.2
1329190 962.2
1329200 962.1
1329210 962.1
1329220 962.1
1329230 962.0
1329240 962.0
1329250 962.0
1329260 962.2
1329270 962.6
1329280 962.6
1329290 963.5
1329300 964.2
1329310 964.2
1329320 964.4
1329330 964.3
1329340 964.0
1329350 964.0
1329360 964.0
1329370 964.1
1329380 964.1
1329390 964.2
1329400 963.7
1329410 963.7
1329420 962.1
1329430 960.8
1329440 960.8
1329450 960.6
1329460 960.7
1329470 960.7
1329480 961.8
1329490 965.0
1329500 965.0
1329510 966.8
1329520 967.4
1329530 967.4
1329540 968.3
1329550 969.9
1329560 969.9
1329570 970.7
1329580 971.8
1329590 971.8
1329600 972.8
1329610 974.3
1329620 974.3
1329630 975.6
1329640 977.4
1329650 978.6
1329660 978.6
1329670 979.8
1329680 980.4
1329690 980.4
1329700 980.5
1329710 980.6
1329720 980.6
1329730 981.9
1329740 983.1
1329750 983.1
1329760 983.6
1329770 984.0
1329780 984.0
1329790 985.0
1329800 986.2
1329810 986.2
1329820 986.4
1329830 988.5
1329840 988.5
1329850 990.6
1329860 991.9
1329870 991.9
1329880 993.0
1329890 994.4
1329900 994.4
1329910 995.6
1329920 996.7
1329930 996.7
1329940 997.8
1329950 998.6
1329960 999.7
1329970 999.7
1329980 1000.7
1329990 1001.7
1330000 1001.7
1330010 1002.5
1330020 1003.2
1330030 1003.2
1330040 1003.9
1330050 1004.7
1330060 1004.7
1330070 1005.5
1330080 1004.8
1330090 1004.8
1330100 1001.7
1330110 1000.2
1330120 1000.2
1330130 1002.5
1330140 1004.9
1330150 1004.9
1330160 1004.7
1330170 1005.2
1330180 1005.2
1330190 1005.9
1330200 1007.1
1330210 1007.1
1330220 1009.9
1330230 1009.7
1330240 1009.5
1330250 1009.5
1330260 1009.0
1330270 1009.5
1330280 1009.5
1330290 1009.7
1330300 1009.2
1330310 1009.2
1330320 1008.3
1330330 1008.4
1330340 1008.4
1330350 1008.0
1330360 1007.6
1330370 1007.6
1330380 1007.5
1330390 1007.4
1330400 1007.4
1330410 1007.3
1330420 1007.4
1330430 1007.4
1330440 1007.5
1330450 1007.4
1330460 1007.4
1330470 1007.0
1330480 1008.2
1330490 1008.2
1330500 1007.3
1330510 1006.8
1330520 1006.8
1330530 1007.4
1330540 1007.7
1330550 1007.5
1330560 1007.5
1330570 1007.9
1330580 1006.7
1330590 1006.7
1330600 1006.7
1330610 1007.0
1330620 1007.0
1330630 1007.4
1330640 1008.1
1330650 1006.0
1330660 1006.2
1330670 1006.3
1330680 1006.3
1330690 1006.3
1330700 1006.2
1330710 1006.2
1330720 1006.6
1330730 1007.0
1330740 1007.0
1330750 1006.8
1330760 1006.4
1330770 1006.4
1330780 1006.4
1330790 1007.4
1330800 1007.4
1330810 1008.2
1330820 1008.3
1330830 1008.3
1330840 1008.1
1330850 1008.0
1330860 1008.1
1330870 1008.1
1330880 1008.2
1330890 1006.8
1330900 1006.8
1330910 1007.0
1330920 1008.8
1330930 1008.8
1330940 1011.8
1330950 1015.8
1330960 1015.8
1330970 1019.5
1330980 1022.6
1330990 1022.6
1331000 1025.5
1331010 1027.8
1331020 1027.8
1331030 1031.1
1331040 1033.5
1331050 1033.5
1331060 1035.9
1331070 1037.8
1331080 1037.8
1331090 1042.2
1331100 1045.0
1331110 1045.0
1331120 1047.4
1331130 1049.3
1331140 1051.0
1331150 1051.0
1331160 1052.7
1331170 1054.2
1331180 1054.2
1331190 1056.0
1331200 1058.2
1331210 1058.2
1331220 1060.4
1331230 1062.3
1331240 1062.3
1331250 1063.9
1331260 1065.0
1331270 1065.0
1331280 1066.4
1331290 1068.2
1331300 1068.2
1331310 1069.0
1331320 1069.5
1331330 1069.5
1331340 1071.6
1331350 1074.3
1331360 1074.3
1331370 1077.0
1331380 1080.0
1331390 1080.0
1331400 1083.0
1331410 1086.1
1331420 1086.1
1331430 1089.1
1331440 1092.0
1331450 1095.4
1331460 1095.4
1331470 1098.1
1331480 1102.0
1331490 1102.0
1331500 1104.0
1331510 1105.5
1331520 1105.5
1331530 1107.8
1331540 1109.1
1331550 1109.1
1331560 1111.6
1331570 1113.7
1331580 1113.7
1331590 1115.9
1331600 1117.7
1331610 1117.7
1331620 1119.5
1331630 1121.6
1331640 1121.6
1331650 1124.2
1331660 1126.6
1331670 1126.6
1331680 1128.5
1331690 1131.2
1331700 1131.2
1331710 1133.6
1331720 1135.7
1331730 1135.7
1331740 1138.2
1331750 1140.5
1331760 1142.4
1331770 1142.4
1331780 1145.0
1331790 1147.7
1331800 1147.7
1331810 1147.3
1331820 1145.9
1331830 1145.9
1331840 1149.6
1331850 1153.2
1331860 1153.2
1331870 1157.1
1331880 1160.7
1331890 1160.7
1331900 1165.2
1331910 1167.7
1331920 1167.7
1331930 1169.4
1331940 1172.7
1331950 1172.7
1331960 1176.6
1331970 1179.2
1331980 1179.2
1331990 1183.7
1332000 1186.4
1332010 1186.4
1332020 1187.0
1332030 1187.8
1332040 1187.8
1332050 1187.8
1332060 1185.1
1332070 1184.5
1332080 1184.5
1332090 1185.5
1332100 1185.8
1332110 1185.8
1332120 1184.4
1332130 1183.1
1332140 1183.1
1332150 1185.6
1332160 1185.1
1332170 1185.1
1332180 1180.8
1332190 1178.3
1332200 1178.3
1332210 1178.4
1332220 1178.0
1332230 1178.0
1332240 1177.5
1332250 1182.5
1332260 1182.5
1332270 1190.8
1332280 1198.9
1332290 1198.9
1332300 1206.6
1332310 1212.6
1332320 1212.6
1332330 1217.3
1332340 1221.0
1332350 1223.0
1332360 1223.0
1332370 1221.9
1332380 1215.3
1332390 1215.3
1332400 1209.5
1332410 1203.2
1332420 1203.2
1332430 1195.8
1332440 1189.0
1332450 1189.0
1332460 1193.2
1332470 1202.9
1332480 1202.9
1332490 1208.4
1332500 1214.5
1332510 1214.5
1332520 1221.0
1332530 1227.6
1332540 1227.6
1332550 1235.2
1332560 1241.1
1332570 1241.1
1332580 1243.0
1332590 1243.1
1332600 1243.1
1332610 1242.6
1332620 1244.2
1332630 1244.2
1332640 1248.2
1332650 1253.6
1332660 1255.7
1332670 1255.7
1332680 1250.6
1332690 1243.9
1332700 1243.9
1332710 1240.7
1332720 1237.8
1332730 1237.8
1332740 1231.9
1332750 1227.4
1332760 1227.4
1332770 1225.0
1332780 1225.0
1332790 1225.0
1332800 1228.2
1332810 1236.5
1332820 1236.5
1332830 1244.7
1332840 1251.6
1332850 1251.6
1332860 1257.8
1332870 1262.6
1332880 1262.6
1332890 1267.1
1332900 1269.3
1332910 1269.3
1332920 1271.6
1332930 1275.0
1332940 1278.7
1332950 1278.7
1332960 1282.8
1332970 1286.2
1332980 1286.2
1332990 1288.6
1333000 1291.2
1333010 1291.2
1333020 1294.4
1333030 1298.7
1333040 1298.7
1333050 1302.2
1333060 1306.5
1333070 1306.5
1333080 1312.5
1333090 1320.3
1333100 1320.3
1333110 1326.8
1333120 1331.9
1333130 1331.9
1333140 1335.6
1333150 1332.9
1333160 1332.9
1333170 1336.3
1333180 1337.2
1333190 1337.2
1333200 1337.8
1333210 1341.8
1333220 1341.8
1333230 1346.7
1333240 1351.8
1333250 1356.2
1333260 1356.2
1333270 1360.1
1333280 1365.3
1333290 1365.3
1333300 1370.7
1333310 1375.2
1333320 1375.2
1333330 1381.0
1333340 1386.8
1333350 1386.8
1333360 1392.6
1333370 1397.6
1333380 1397.6
1333390 1400.8
1333400 1404.3
1333410 1404.3
1333420 1407.1
1333430 1408.6
1333440 1408.6
1333450 1409.7
1333460 1410.3
1333470 1410.3
1333480 1410.8
1333490 1414.6
1333500 1414.6
1333510 1419.8
1333520 1424.2
1333530 1427.9
1333540 1427.9
1333550 1430.9
1333560 1433.1
1333570 1433.1
1333580 1434.2
1333590 1435.9
1333600 1435.9
1333610 1440.0
1333620 1446.1
1333630 1446.1
1333640 1452.5
1333650 1458.8
1333660 1458.8
1333670 1465.8
1333680 1472.3
1333690 1472.3
1333700 1476.7
1333710 1479.4
1333720 1479.4
1333730 1484.0
1333740 1492.0
1333750 1492.0
1333760 1498.5
1333770 1504.2
1333780 1504.2
1333790 1509.1
1333800 1513.8
1333810 1513.8
1333820 1520.4
1333830 1527.5
1333840 1533.5
1333850 1533.5
1333860 1540.4
1333870 1546.9
1333880 1546.9
1333890 1551.7
1333900 1554.6
1333910 1554.6
1333920 1556.8
1333930 1559.2
1333940 1559.2
1333950 1562.0
1333960 1567.5
1333970 1567.5
1333980 1574.2
1333990 1580.3
1334000 1576.9
1334010 1582.9
1334020 1588.9
1334030 1588.9
1334040 1594.8
1334050 1599.9
1334060 1599.9
1334070 1605.4
1334080 1611.8
1334090 1611.8
1334100 1618.6
1334110 1622.2
1334120 1622.2
1334130 1625.1
1334140 1627.5
1334150 1630.2
1334160 1630.2
1334170 1633.7
1334180 1636.5
1334190 1636.5
1334200 1639.6
1334210 1643.5
1334220 1643.5
1334230 1647.7
1334240 1651.6
1334250 1651.6
1334260 1655.1
1334270 1658.0
1334280 1658.0
1334290 1661.5
1334300 1665.7
1334310 1665.7
1334320 1669.7
1334330 1673.8
1334340 1673.8
1334350 1678.2
1334360 1682.9
1334370 1682.9
1334380 1687.4
1334390 1691.0
1334400 1691.0
1334410 1694.8
1334420 1698.0
1334430 1699.9
1334440 1699.9
1334450 1702.0
1334460 1703.8
1334470 1703.8
1334480 1705.6
1334490 1706.4
1334500 1706.4
1334510 1705.4
1334520 1705.4
1334530 1705.4
1334540 1705.6
1334550 1706.9
1334560 1706.9
1334570 1708.4
1334580 1709.3
1334590 1709.3
1334600 1710.1
1334610 1711.7
1334620 1711.7
1334630 1714.1
1334640 1716.2
1334650 1716.2
1334660 1719.4
1334670 1722.4
1334680 1722.4
1334690 1721.2
1334700 1721.2
1334710 1721.2
1334720 1724.0
1334730 1726.2
1334740 1728.4
1334750 1728.4
1334760 1730.6
1334770 1733.6
1334780 1733.6
1334790 1733.6
1334800 1730.9
1334810 1730.9
1334820 1727.9
1334830 1725.5
1334840 1725.5
1334850 1724.7
1334860 1721.2
1334870 1721.2
1334880 1717.7
1334890 1714.9
1334900 1714.9
1334910 1711.9
1334920 1708.6
1334930 1708.6
1334940 1704.5
1334950 1700.2
1334960 1700.2
1334970 1694.7
1334980 1688.5
1334990 1688.5
1335000 1682.8
1335010 1677.4
1335020 1677.4
1335030 1671.5
1335040 1666.3
1335050 1662.2
1335060 1662.2
1335070 1657.9
1335080 1652.6
1335090 1652.6
1335100 1647.1
1335110 1642.5
1335120 1642.5
1335130 1637.5
1335140 1632.2
1335150 1632.2
1335160 1626.2
1335170 1620.6
1335180 1620.6
1335190 1615.6
1335200 1610.9
1335210 1610.9
1335220 1606.0
1335230 1601.9
1335240 1601.9
1335250 1598.0
1335260 1594.6
1335270 1594.6
1335280 1591.1
1335290 1587.3
1335300 1587.3
1335310 1582.7
1335320 1577.0
1335330 1570.1
1335340 1570.1
1335350 1564.2
1335360 1559.5
1335370 1559.5
1335380 1554.7
1335390 1551.2
1335400 1551.2
1335410 1545.1
1335420 1537.5
1335430 1537.5
1335440 1531.5
1335450 1526.5
1335460 1526.5
1335470 1521.6
1335480 1518.6
1335490 1518.6
1335500 1514.9
1335510 1510.8
1335520 1510.8
1335530 1507.7
1335540 1505.0
1335550 1505.0
1335560 1500.2
1335570 1493.8
1335580 1493.8
1335590 1487.1
1335600 1477.8
1335610 1477.8
1335620 1468.4
1335630 1463.1
1335640 1461.2
1335650 1461.2
1335660 1457.1
1335670 1453.2
1335680 1453.2
1335690 1448.6
1335700 1452.3
1335710 1452.3
1335720 1444.9
1335730 1438.2
1335740 1438.2
1335750 1435.3
1335760 1429.4
1335770 1429.4
1335780 1425.6
1335790 1423.5
1335800 1423.5
1335810 1422.9
1335820 1423.2
1335830 1423.2
1335840 1423.5
1335850 1424.4
1335860 1424.4
1335870 1422.7
1335880 1421.4
1335890 1421.4
1335900 1418.3
1335910 1416.4
1335920 1416.4
1335930 1419.7
1335940 1419.3
1335950 1421.5
1335960 1421.5
1335970 1420.6
1335980 1417.8
1335990 1417.8
1336000 1413.3
1336010 1415.7
1336020 1415.7
1336030 1419.2
1336040 1415.8
1336050 1415.8
1336060 1411.9
1336070 1408.9
1336080 1408.9
1336090 1407.4
1336100 1405.4
1336110 1405.4
1336120 1405.8
1336130 1406.8
1336140 1406.8
1336150 1407.8
1336160 1407.4
1336170 1407.4
1336180 1406.1
1336190 1405.5
1336200 1405.5
1336210 1407.2
1336220 1407.1
1336230 1404.9
1336240 1404.9
1336250 1402.5
1336260 1402.3
1336270 1402.3
1336280 1402.8
1336290 1401.8
1336300 1401.8
1336310 1399.6
1336320 1397.1
1336330 1397.1
1336340 1395.1
1336350 1392.3
1336360 1392.3
1336370 1386.3
1336380 1379.7
1336390 1379.7
1336400 1374.4
1336410 1369.8
1336420 1369.8
1336430 1365.7
1336440 1361.6
1336450 1361.6
1336460 1356.8
1336470 1351.8
1336480 1351.8
1336490 1346.5
1336500 1341.8
1336510 1341.8
1336520 1337.1
1336530 1332.7
1336540 1328.9
1336550 1328.9
1336560 1326.7
1336570 1323.0
1336580 1323.0
1336590 1319.4
1336600 1315.6
1336610 1315.6
1336620 1312.1
1336630 1308.9
1336640 1308.9
1336650 1306.1
1336660 1303.5
1336670 1303.5
1336680 1299.9
1336690 1295.4
1336700 1295.4
1336710 1291.4
1336720 1286.7
1336730 1286.7
1336740 1281.4
1336750 1276.4
1336760 1276.4
1336770 1273.9
1336780 1272.5
1336790 1272.5
1336800 1270.3
1336810 1264.0
1336820 1264.0
1336830 1258.9
1336840 1255.3
1336850 1252.2
1336860 1252.2
1336870 1249.0
1336880 1244.3
1336890 1244.3
1336900 1237.6
1336910 1232.0
1336920 1232.0
1336930 1227.3
1336940 1223.1
1336950 1223.1
1336960 1220.9
1336970 1219.5
1336980 1219.5
1336990 1218.0
1337000 1216.0
1337010 1216.0
1337020 1213.4
1337030 1210.6
1337040 1210.6
1337050 1207.6
1337060 1205.7
1337070 1205.7
1337080 1202.9
1337090 1198.8
1337100 1198.8
1337110 1195.5
1337120 1192.3
1337130 1188.3
1337140 1188.3
1337150 1183.9
1337160 1181.4
1337170 1181.4
1337180 1179.5
1337190 1177.9
1337200 1177.9
1337210 1176.0
1337220 1173.0
1337230 1173.0
1337240 1169.8
1337250 1166.4
1337260 1166.4
1337270 1163.2
1337280 1160.8
1337290 1160.8
1337300 1158.2
1337310 1154.4
1337320 1154.4
1337330 1152.3
1337340 1149.6
1337350 1149.6
1337360 1145.7
1337370 1142.1
1337380 1142.1
1337390 1138.8
1337400 1136.0
1337410 1136.0
1337420 1133.8
1337430 1132.3
1337440 1130.8
1337450 1130.8
1337460 1129.9
1337470 1129.0
1337480 1129.0
1337490 1128.2
1337500 1127.6
1337510 1127.6
1337520 1125.6
1337530 1125.1
1337540 1125.1
1337550 1124.8
1337560 1124.0
1337570 1124.0
1337580 1123.0
1337590 1122.4
1337600 1122.4
1337610 1121.7
1337620 1120.3
1337630 1120.3
1337640 1118.2
1337650 1116.9
1337660 1116.9
1337670 1115.6
1337680 1114.6
1337690 1114.6
1337700 1113.5
1337710 1112.2
1337720 1112.2
1337730 1111.1
1337740 1109.8
1337750 1108.4
1337760 1108.4
1337770 1107.1
1337780 1106.0
1337790 1106.0
1337800 1104.8
1337810 1103.6
1337820 1103.6
1337830 1102.1
1337840 1100.4
1337850 1100.4
1337860 1098.8
1337870 1097.6
1337880 1097.6
1337890 1095.8
1337900 1094.4
1337910 1094.4
1337920 1093.4
1337930 1092.2
1337940 1092.2
1337950 1091.1
1337960 1089.7
1337970 1089.7
1337980 1088.2
1337990 1086.6
1338000 1086.6
1338010 1085.3
1338020 1084.1
1338030 1083.0
1338040 1083.0
1338050 1081.7
1338060 1080.1
1338070 1080.1
1338080 1078.4
1338090 1076.8
1338100 1076.8
1338110 1075.4
1338120 1074.6
1338130 1074.6
1338140 1073.7
1338150 1072.4
1338160 1072.4
1338170 1071.2
1338180 1069.9
1338190 1069.9
1338200 1068.5
1338210 1067.4
1338220 1067.4
1338230 1066.2
1338240 1065.2
1338250 1065.2
1338260 1064.1
1338270 1062.9
1338280 1062.9
1338290 1061.3
1338300 1058.9
1338310 1058.9
1338320 1058.1
1338330 1059.3
1338340 1060.6
1338350 1060.6
1338360 1060.6
1338370 1059.8
1338380 1059.8
1338390 1058.9
1338400 1057.9
1338410 1057.9
1338420 1057.1
1338430 1056.5
1338440 1056.5
1338450 1055.8
1338460 1055.1
1338470 1055.1
1338480 1054.5
1338490 1054.0
1338500 1054.0
1338510 1053.5
1338520 1053.1
1338530 1053.1
1338540 1052.6
1338550 1051.9
1338560 1051.9
1338570 1051.4
1338580 1050.6
1338590 1050.6
1338600 1049.8
1338610 1046.4
1338620 1039.0
1338630 1039.0
1338640 1034.2
1338650 1030.4
1338660 1030.4
1338670 1026.3
1338680 1022.0
1338690 1022.0
1338700 1016.7
1338710 1011.1
1338720 1011.1
1338730 1007.2
1338740 1003.9
1338750 1003.9
1338760 1000.2
1338770 996.0
1338780 996.0
1338790 992.0
1338800 988.1
1338810 988.1
1338820 983.3
1338830 977.4
1338840 977.4
1338850 971.0
1338860 966.8
1338870 966.8
1338880 965.6
1338890 964.4
1338900 964.4
1338910 962.9
1338920 961.3
1338930 960.2
1338940 960.2
1338950 960.9
1338960 962.2
1338970 962.2
1338980 962.2
1338990 962.1
1339000 962.1
1339010 963.1
1339020 964.4
1339030 964.4
1339040 964.6
1339050 963.9
1339060 963.9
1339070 962.1
1339080 961.7
1339090 961.7
1339100 964.6
1339110 967.7
1339120 967.7
1339130 972.0
1339140 979.0
1339150 979.0
1339160 986.6
1339170 987.7
1339180 993.7
1339190 988.8
1339200 982.4
1339210 982.4
1339220 985.1
1339230 992.6
1339240 997.5
1339250 997.5
1339260 999.8
1339270 1003.7
1339280 1003.7
1339290 1007.3
1339300 1009.6
1339310 1009.6
1339320 1011.2
1339330 1011.8
1339340 1011.8
1339350 1013.0
1339360 1013.1
1339370 1013.1
1339380 1012.1
1339390 1013.2
1339400 1013.2
1339410 1015.7
1339420 1014.4
1339430 1014.4
1339440 1007.2
1339450 1001.3
1339460 1001.3
1339470 1002.3
1339480 998.2
1339490 998.2
1339500 998.9
1339510 1003.6
1339520 1008.5
1339530 1008.5
1339540 1008.3
1339550 1011.4
1339560 1011.4
1339570 1017.5
1339580 1019.5
1339590 1019.5
1339600 1019.3
1339610 1019.0
1339620 1019.0
1339630 1018.7
1339640 1018.2
1339650 1018.2
1339660 1017.6
1339670 1017.3
1339680 1017.3
1339690 1017.1
1339700 1016.7
1339710 1016.7
1339720 1016.1
1339730 1015.3
1339740 1015.3
1339750 1014.5
1339760 1013.8
1339770 1013.8
1339780 1013.4
1339790 1012.9
1339800 1012.9
1339810 1012.1
1339820 1011.3
1339830 1010.2
1339840 1010.2
1339850 1009.1
1339860 1008.2
1339870 1008.2
1339880 1007.4
1339890 1006.5
1339900 1006.5
1339910 1005.9
1339920 1005.4
1339930 1005.4
1339940 1004.5
1339950 1003.7
1339960 1003.7
1339970 1003.1
1339980 1000.5
1339990 1000.5
