1320000 972.8
1320010 972.8
1320020 981.6
1320030 989.7
1320040 989.7
1320050 1000.2
1320060 1008.6
1320070 1008.6
1320080 1011.5
1320090 1012.2
1320100 1012.2
1320110 1011.3
1320120 1012.4
1320130 1007.2
1320140 1007.2
1320150 1002.4
1320160 999.0
1320170 999.0
1320180 998.4
1320190 1000.1
1320200 1000.1
1320210 1001.0
1320220 1001.6
1320230 1001.6
1320240 1002.4
1320250 1005.3
1320260 1005.3
1320270 1010.0
1320280 1014.1
1320290 1014.1
1320300 1017.3
1320310 1018.8
1320320 1018.8
1320330 1018.4
1320340 1021.1
1320350 1021.1
1320360 1023.8
1320370 1027.1
1320380 1027.1
1320390 1032.3
1320400 1027.9
1320410 1027.9
1320420 1025.1
1320430 1021.5
1320440 1011.8
1320450 1011.8
1320460 1007.6
1320470 1003.3
1320480 1003.3
1320490 999.7
1320500 998.7
1320510 998.7
1320520 997.9
1320530 996.4
1320540 996.4
1320550 999.8
1320560 1002.8
1320570 1002.8
1320580 1007.4
1320590 1011.5
1320600 1011.5
1320610 1015.1
1320620 1021.3
1320630 1021.3
1320640 1029.0
1320650 1031.8
1320660 1031.8
1320670 1029.5
1320680 1024.4
1320690 1024.4
1320700 1017.0
1320710 1010.7
1320720 1010.7
1320730 1006.1
1320740 1000.9
1320750 997.2
1320760 997.2
1320770 994.7
1320780 992.7
1320790 992.7
1320800 990.7
1320810 989.2
1320820 989.2
1320830 988.0
1320840 987.8
1320850 987.8
1320860 987.2
1320870 986.7
1320880 986.7
1320890 996.7
1320900 997.6
1320910 997.6
1320920 994.6
1320930 990.6
1320940 990.6
1320950 986.2
1320960 981.9
1320970 981.9
1320980 979.7
1320990 983.9
1321000 983.9
1321010 988.2
1321020 990.0
1321030 990.0
1321040 991.0
1321050 991.0
1321060 988.8
1321070 988.8
1321080 986.0
1321090 983.0
1321100 983.0
1321110 979.4
1321120 976.1
1321130 976.1
1321140 972.7
1321150 969.2
1321160 969.2
1321170 965.5
1321180 962.2
1321190 962.2
1321200 959.0
1321210 956.1
1321220 956.1
1321230 950.6
1321240 943.0
1321250 943.0
1321260 936.0
1321270 937.3
1321280 937.3
1321290 941.8
1321300 947.6
1321310 947.6
1321320 946.9
1321330 945.3
1321340 943.1
1321350 943.1
1321360 940.7
1321370 938.9
1321380 938.9
1321390 937.2
1321400 935.6
1321410 935.6
1321420 934.1
1321430 932.7
1321440 932.7
1321450 931.6
1321460 930.7
1321470 930.7
1321480 927.9
1321490 923.2
1321500 923.2
1321510 916.5
1321520 908.4
1321530 908.4
1321540 900.1
1321550 890.2
1321560 890.2
1321570 880.4
1321580 871.3
1321590 871.3
1321600 860.3
1321610 851.4
1321620 851.4
1321630 847.5
1321640 844.6
1321650 851.7
1321660 851.7
1321670 860.3
1321680 872.9
1321690 872.9
1321700 880.6
1321710 888.8
1321720 888.8
1321730 894.3
1321740 895.9
1321750 895.9
1321760 896.1
1321770 897.5
1321780 897.5
1321790 898.8
1321800 900.5
1321810 900.5
1321820 901.4
1321830 899.4
1321840 899.4
1321850 893.6
1321860 885.9
1321870 885.9
1321880 889.5
1321890 896.0
1321900 896.0
1321910 903.3
1321920 910.9
1321930 910.9
1321940 917.2
1321950 921.3
1321960 923.9
1321970 923.9
1321980 924.7
1321990 924.9
1322000 924.9
1322010 924.8
1322020 924.5
1322030 924.5
1322040 925.1
1322050 926.1
1322060 926.1
1322070 926.1
1322080 924.9
1322090 924.9
1322100 923.2
1322110 922.4
1322120 922.4
1322130 921.4
1322140 920.3
1322150 920.3
1322160 919.1
1322170 917.9
1322180 917.9
1322190 916.0
1322200 914.2
1322210 914.2
1322220 911.5
1322230 907.5
1322240 907.5
1322250 909.6
1322260 912.2
1322270 913.1
1322280 913.1
1322290 914.6
1322300 917.1
1322310 917.1
1322320 920.6
1322330 921.3
1322340 921.3
1322350 919.2
1322360 916.7
1322370 916.7
1322380 915.3
1322390 914.8
1322400 914.8
1322410 915.1
1322420 915.9
1322430 915.9
1322440 915.9
1322450 914.8
1322460 917.6
1322470 917.2
1322480 917.5
1322490 917.5
1322500 917.4
1322510 916.9
1322520 916.9
1322530 917.3
1322540 918.2
1322550 919.0
1322560 919.0
1322570 919.9
1322580 920.9
1322590 920.9
1322600 922.0
1322610 923.0
1322620 923.0
1322630 923.4
1322640 921.9
1322650 921.9
1322660 919.2
1322670 916.9
1322680 916.9
1322690 916.4
1322700 916.1
1322710 916.1
1322720 915.0
1322730 914.0
1322740 914.0
1322750 910.9
1322760 906.3
1322770 906.3
1322780 901.6
1322790 895.3
1322800 895.3
1322810 890.3
1322820 886.0
1322830 886.0
1322840 882.2
1322850 879.3
1322860 876.0
1322870 876.0
1322880 871.0
1322890 866.2
1322900 866.2
1322910 866.9
1322920 869.3
1322930 869.3
1322940 869.3
1322950 869.3
1322960 869.3
1322970 868.9
1322980 868.4
1322990 868.4
1323000 867.4
1323010 867.0
1323020 867.0
1323030 867.4
1323040 867.3
1323050 867.3
1323060 867.2
1323070 867.1
1323080 867.1
1323090 867.7
1323100 867.5
1323110 867.5
1323120 865.3
1323130 863.2
1323140 863.2
1323150 860.5
1323160 856.8
1323170 852.1
1323180 852.1
1323190 848.2
1323200 844.4
1323210 844.4
1323220 841.0
1323230 837.4
1323240 837.4
1323250 833.8
1323260 830.3
1323270 830.3
1323280 826.6
1323290 822.9
1323300 822.9
1323310 819.8
1323320 816.6
1323330 816.6
1323340 813.2
1323350 809.8
1323360 809.8
1323370 807.5
1323380 805.3
1323390 805.3
1323400 803.8
1323410 802.7
1323420 802.7
1323430 801.7
1323440 800.8
1323450 800.0
1323460 800.0
1323470 799.4
1323480 798.7
1323490 798.7
1323500 797.3
1323510 795.5
1323520 795.5
1323530 793.7
1323540 792.1
1323550 792.1
1323560 790.5
1323570 789.1
1323580 789.1
1323590 787.9
1323600 786.9
1323610 786.9
1323620 786.3
1323630 785.9
1323640 785.9
1323650 785.3
1323660 784.2
1323670 784.2
1323680 783.2
1323690 782.8
1323700 782.8
1323710 781.6
1323720 780.4
1323730 780.4
1323740 780.0
1323750 778.8
1323760 777.0
1323770 777.0
1323780 777.4
1323790 780.5
1323800 780.5
1323810 784.8
1323820 791.4
1323830 791.4
1323840 798.4
1323850 800.0
1323860 800.0
1323870 801.4
1323880 803.1
1323890 803.1
1323900 804.2
1323910 804.8
1323920 804.8
1323930 805.3
1323940 806.1
1323950 806.1
1323960 806.8
1323970 807.2
1323980 807.2
1323990 807.6
1324000 808.4
1324010 808.4
1324020 809.3
1324030 810.1
1324040 813.2
1324050 813.3
1324060 813.0
1324070 811.4
1324080 811.4
1324090 808.4
1324100 804.5
1324110 804.5
1324120 801.2
1324130 797.0
1324140 797.0
1324150 791.4
1324160 786.5
1324170 786.5
1324180 782.3
1324190 778.1
1324200 778.1
1324210 771.7
1324220 758.9
1324230 758.9
1324240 746.8
1324250 737.0
1324260 737.0
1324270 726.9
1324280 716.5
1324290 716.5
1324300 706.5
1324310 698.2
1324320 698.2
1324330 691.2
1324340 685.1
1324350 685.1
1324360 679.0
1324370 673.2
1324380 670.4
1324390 670.4
1324400 671.2
1324410 677.9
1324420 677.9
1324430 682.7
1324440 691.0
1324450 691.0
1324460 699.5
1324470 709.4
1324480 709.4
1324490 722.0
1324500 729.3
1324510 729.3
1324520 733.3
1324530 743.1
1324540 743.1
1324550 752.9
1324560 763.3
1324570 763.3
1324580 775.2
1324590 785.5
1324600 785.5
1324610 794.0
1324620 801.8
1324630 801.8
1324640 809.3
1324650 816.3
1324660 823.9
1324670 823.9
1324680 832.0
1324690 839.8
1324700 839.8
1324710 846.4
1324720 853.2
1324730 853.2
1324740 860.2
1324750 868.6
1324760 868.6
1324770 875.9
1324780 882.8
1324790 882.8
1324800 890.2
1324810 895.3
1324820 895.3
1324830 899.5
1324840 908.3
1324850 908.3
1324860 913.5
1324870 919.9
1324880 919.9
1324890 927.5
1324900 936.0
1324910 936.0
1324920 944.2
1324930 951.5
1324940 951.5
1324950 959.3
1324960 967.7
1324970 975.9
1324980 975.9
1324990 984.4
1325000 994.0
1325010 994.0
1325020 1004.7
1325030 1014.4
1325040 1014.4
1325050 1022.9
1325060 1029.4
1325070 1029.4
1325080 1036.3
1325090 1040.7
1325100 1040.7
1325110 1044.0
1325120 1044.3
1325130 1044.3
1325140 1041.5
1325150 1041.9
1325160 1041.9
1325170 1045.3
1325180 1049.5
1325190 1049.5
1325200 1053.8
1325210 1059.2
1325220 1059.2
1325230 1065.4
1325240 1068.1
1325250 1068.1
1325260 1068.6
1325270 1069.3
1325280 1069.9
1325290 1069.9
1325300 1070.9
1325310 1072.6
1325320 1072.6
1325330 1075.5
1325340 1078.5
1325350 1078.5
1325360 1081.5
1325370 1084.4
1325380 1084.4
1325390 1088.3
1325400 1092.8
1325410 1092.8
1325420 1096.8
1325430 1100.2
1325440 1100.2
1325450 1102.8
1325460 1104.6
1325470 1104.6
1325480 1106.6
1325490 1109.3
1325500 1109.3
1325510 1112.8
1325520 1116.7
1325530 1116.7
1325540 1120.2
1325550 1123.6
1325560 1123.6
1325570 1127.0
1325580 1131.4
1325590 1136.1
1325600 1136.1
1325610 1139.8
1325620 1143.0
1325630 1143.0
1325640 1146.5
1325650 1149.1
1325660 1149.1
1325670 1151.0
1325680 1152.4
1325690 1152.4
1325700 1154.4
1325710 1156.1
1325720 1156.1
1325730 1156.3
1325740 1155.5
1325750 1155.5
1325760 1155.7
1325770 1156.5
1325780 1156.5
1325790 1156.1
1325800 1155.3
1325810 1155.3
1325820 1154.2
1325830 1153.3
1325840 1153.3
1325850 1155.1
1325860 1158.0
1325870 1161.5
1325880 1161.5
1325890 1165.4
1325900 1170.2
1325910 1170.2
1325920 1176.7
1325930 1185.1
1325940 1185.1
1325950 1192.1
1325960 1193.4
1325970 1193.4
1325980 1190.1
1325990 1188.4
1326000 1188.4
1326010 1189.1
1326020 1190.7
1326030 1190.7
1326040 1189.8
1326050 1187.6
1326060 1187.6
1326070 1187.2
1326080 1184.1
1326090 1184.1
1326100 1182.9
1326110 1183.2
1326120 1183.2
1326130 1182.3
1326140 1181.6
1326150 1181.6
1326160 1180.3
1326170 1178.7
1326180 1176.6
1326190 1176.6
1326200 1174.1
1326210 1171.3
1326220 1171.3
1326230 1168.4
1326240 1166.5
1326250 1166.5
1326260 1164.8
1326270 1163.0
1326280 1163.0
1326290 1161.2
1326300 1159.5
1326310 1159.5
1326320 1157.7
1326330 1155.1
1326340 1155.1
1326350 1152.1
1326360 1149.8
1326370 1149.8
1326380 1148.7
1326390 1148.0
1326400 1148.0
1326410 1148.1
1326420 1147.2
1326430 1147.2
1326440 1146.2
1326450 1139.3
1326460 1139.3
1326470 1139.4
1326480 1139.7
1326490 1139.3
1326500 1139.3
1326510 1138.2
1326520 1137.3
1326530 1137.3
1326540 1136.8
1326550 1136.4
1326560 1136.4
1326570 1134.1
1326580 1131.7
1326590 1131.7
1326600 1131.4
1326610 1132.1
1326620 1132.1
1326630 1132.1
1326640 1131.5
1326650 1131.5
1326660 1131.2
1326670 1131.1
1326680 1131.1
1326690 1130.3
1326700 1129.8
1326710 1129.8
1326720 1129.6
1326730 1128.8
1326740 1128.8
1326750 1127.7
1326760 1127.0
1326770 1127.0
1326780 1126.4
1326790 1126.5
1326800 1125.3
1326810 1125.3
1326820 1125.9
1326830 1126.1
1326840 1126.1
1326850 1123.0
1326860 1122.6
1326870 1122.6
1326880 1123.9
1326890 1124.3
1326900 1124.3
1326910 1124.7
1326920 1124.1
1326930 1124.1
1326940 1122.4
1326950 1120.3
1326960 1120.3
1326970 1120.1
1326980 1122.4
1326990 1122.4
1327000 1122.0
1327010 1122.1
1327020 1122.1
1327030 1122.2
1327040 1122.6
1327050 1122.6
1327060 1122.7
1327070 1122.8
1327080 1123.5
1327090 1123.5
1327100 1125.5
1327110 1127.1
1327120 1127.1
1327130 1129.7
1327140 1131.9
1327150 1131.9
1327160 1132.6
1327170 1133.5
1327180 1133.5
1327190 1135.0
1327200 1136.8
1327210 1136.8
1327220 1138.3
1327230 1140.0
1327240 1140.0
1327250 1140.7
1327260 1136.1
1327270 1136.1
1327280 1135.3
1327290 1137.6
1327300 1137.6
1327310 1141.5
1327320 1144.0
1327330 1144.0
1327340 1145.0
1327350 1144.6
1327360 1144.6
1327370 1144.3
1327380 1144.4
1327390 1144.7
1327400 1144.7
1327410 1144.3
1327420 1142.9
1327430 1142.9
1327440 1140.8
1327450 1138.9
1327460 1138.9
1327470 1137.5
1327480 1136.4
1327490 1136.4
1327500 1135.3
1327510 1134.0
1327520 1134.0
1327530 1132.7
1327540 1130.9
1327550 1130.9
1327560 1129.6
1327570 1128.0
1327580 1128.0
1327590 1126.0
1327600 1124.6
1327610 1124.6
1327620 1124.2
1327630 1124.8
1327640 1124.8
1327650 1122.5
1327660 1115.7
1327670 1115.7
1327680 1109.1
1327690 1109.9
1327700 1111.2
1327710 1111.2
1327720 1111.9
1327730 1113.5
1327740 1113.5
1327750 1115.5
1327760 1121.0
1327770 1121.0
1327780 1126.6
1327790 1128.1
1327800 1128.1
1327810 1128.7
1327820 1129.0
1327830 1129.0
1327840 1129.2
1327850 1129.1
1327860 1129.1
1327870 1128.9
1327880 1129.0
1327890 1129.0
1327900 1129.4
1327910 1129.8
1327920 1129.8
1327930 1130.1
1327940 1130.1
1327950 1130.1
1327960 1130.0
1327970 1130.2
1327980 1130.2
1327990 1130.0
1328000 1129.7
1328010 1129.8
1328020 1129.8
1328030 1130.5
1328040 1131.3
1328050 1131.3
1328060 1131.9
1328070 1128.5
1328080 1128.5
1328090 1128.3
1328100 1127.4
1328110 1127.4
1328120 1125.6
1328130 1123.7
1328140 1123.7
1328150 1122.7
1328160 1122.3
1328170 1122.3
1328180 1122.8
1328190 1123.6
1328200 1123.6
1328210 1124.2
1328220 1124.1
1328230 1124.1
1328240 1124.4
1328250 1124.4
1328260 1124.4
1328270 1124.2
1328280 1123.5
1328290 1122.9
1328300 1122.9
1328310 1122.3
1328320 1121.6
1328330 1121.6
1328340 1120.8
1328350 1120.3
1328360 1120.3
1328370 1119.7
1328380 1119.0
1328390 1119.0
1328400 1118.5
1328410 1118.0
1328420 1118.0
1328430 1117.0
1328440 1115.7
1328450 1115.7
1328460 1115.0
1328470 1114.3
1328480 1114.3
1328490 1112.9
1328500 1111.6
1328510 1111.6
1328520 1111.0
1328530 1110.5
1328540 1110.5
1328550 1109.7
1328560 1108.9
1328570 1108.9
1328580 1108.4
1328590 1107.7
1328600 1107.3
1328610 1107.3
1328620 1106.8
1328630 1105.9
1328640 1105.9
1328650 1104.6
1328660 1102.8
1328670 1102.8
1328680 1101.5
1328690 1100.8
1328700 1100.8
1328710 1100.3
1328720 1099.8
1328730 1099.8
1328740 1099.4
1328750 1098.8
1328760 1098.8
1328770 1097.9
1328780 1096.7
1328790 1096.7
1328800 1095.5
1328810 1094.8
1328820 1094.8
1328830 1094.2
1328840 1092.7
1328850 1092.7
1328860 1090.4
1328870 1087.9
1328880 1087.9
1328890 1083.1
1328900 1082.8
1328910 1084.4
1328920 1084.4
1328930 1084.6
1328940 1083.7
1328950 1083.7
1328960 1082.1
1328970 1080.6
1328980 1080.6
1328990 1078.4
1329000 1073.1
1329010 1073.1
1329020 1066.4
1329030 1059.2
1329040 1059.2
1329050 1055.0
1329060 1057.4
1329070 1057.4
1329080 1063.7
1329090 1071.2
1329100 1071.2
1329110 1077.2
1329120 1077.9
1329130 1077.9
1329140 1077.7
1329150 1077.2
1329160 1077.2
1329170 1076.7
1329180 1075.7
1329190 1077.2
1329200 1077.2
1329210 1076.7
1329220 1076.9
1329230 1076.9
1329240 1077.6
1329250 1079.1
1329260 1079.1
1329270 1083.7
1329280 1087.7
1329290 1087.7
1329300 1091.2
1329310 1094.3
1329320 1094.3
1329330 1096.2
1329340 1097.7
1329350 1097.7
1329360 1100.6
1329370 1103.2
1329380 1103.2
1329390 1105.5
1329400 1107.7
1329410 1107.7
1329420 1108.7
1329430 1109.8
1329440 1109.8
1329450 1114.3
1329460 1119.6
1329470 1119.6
1329480 1123.4
1329490 1125.5
1329500 1129.6
1329510 1129.6
1329520 1137.1
1329530 1143.4
1329540 1143.4
1329550 1147.8
1329560 1151.9
1329570 1151.9
1329580 1156.4
1329590 1161.0
1329600 1161.0
1329610 1165.7
1329620 1170.0
1329630 1170.0
1329640 1174.6
1329650 1178.3
1329660 1178.3
1329670 1181.4
1329680 1184.0
1329690 1184.0
1329700 1186.5
1329710 1186.0
1329720 1186.0
1329730 1188.0
1329740 1189.9
1329750 1189.9
1329760 1191.3
1329770 1191.8
1329780 1191.8
1329790 1193.3
1329800 1195.3
1329810 1196.3
1329820 1196.3
1329830 1196.5
1329840 1197.3
1329850 1197.3
1329860 1197.0
1329870 1196.7
1329880 1196.7
1329890 1196.8
1329900 1197.0
1329910 1197.0
1329920 1196.5
1329930 1195.6
1329940 1195.6
1329950 1194.8
1329960 1194.1
1329970 1194.1
1329980 1193.0
1329990 1191.2
1330000 1191.2
1330010 1189.5
1330020 1188.0
1330030 1188.0
1330040 1185.3
1330050 1181.0
1330060 1181.0
1330070 1179.5
1330080 1181.3
1330090 1181.3
1330100 1185.1
1330110 1188.7
1330120 1189.5
1330130 1189.5
1330140 1188.2
1330150 1183.9
1330160 1183.9
1330170 1176.5
1330180 1168.7
1330190 1168.7
1330200 1162.2
1330210 1157.7
1330220 1157.7
1330230 1153.5
1330240 1152.5
1330250 1152.5
1330260 1155.8
1330270 1161.0
1330280 1161.0
1330290 1167.1
1330300 1176.8
1330310 1176.8
1330320 1187.7
1330330 1196.4
1330340 1196.4
1330350 1199.1
1330360 1199.0
1330370 1199.0
1330380 1198.9
1330390 1199.2
1330400 1199.5
1330410 1199.5
1330420 1199.4
1330430 1199.1
1330440 1199.1
1330450 1197.3
1330460 1193.7
1330470 1193.7
1330480 1192.4
1330490 1193.4
1330500 1193.4
1330510 1192.8
1330520 1190.4
1330530 1182.3
1330540 1181.5
1330550 1182.3
1330560 1182.3
1330570 1183.9
1330580 1185.6
1330590 1185.6
1330600 1187.2
1330610 1189.0
1330620 1189.0
1330630 1190.5
1330640 1189.5
1330650 1189.5
1330660 1187.6
1330670 1187.2
1330680 1187.2
1330690 1187.7
1330700 1187.7
1330710 1187.1
1330720 1187.1
1330730 1186.6
1330740 1184.5
1330750 1184.5
1330760 1181.2
1330770 1178.0
1330780 1178.0
1330790 1174.0
1330800 1171.0
1330810 1171.0
1330820 1171.1
1330830 1172.1
1330840 1172.1
1330850 1172.8
1330860 1174.2
1330870 1174.2
1330880 1174.7
1330890 1175.3
1330900 1175.3
1330910 1177.5
1330920 1181.6
1330930 1181.6
1330940 1186.2
1330950 1192.0
1330960 1192.0
1330970 1198.6
1330980 1203.2
1330990 1203.2
1331000 1206.3
1331010 1209.3
1331020 1211.5
1331030 1211.5
1331040 1213.0
1331050 1214.7
1331060 1214.7
1331070 1216.6
1331080 1218.0
1331090 1218.0
1331100 1217.4
1331110 1217.9
1331120 1217.9
1331130 1220.4
1331140 1221.4
1331150 1221.4
1331160 1223.0
1331170 1224.4
1331180 1224.4
1331190 1225.9
1331200 1229.0
1331210 1229.0
1331220 1234.3
1331230 1240.7
1331240 1240.7
1331250 1248.3
1331260 1263.0
1331270 1263.0
1331280 1282.4
1331290 1287.8
1331300 1278.8
1331310 1278.8
1331320 1280.6
1331330 1295.0
1331340 1295.0
1331350 1301.9
1331360 1296.2
1331370 1296.2
1331380 1298.4
1331390 1301.4
1331400 1301.4
1331410 1299.3
1331420 1301.6
1331430 1301.6
1331440 1311.4
1331450 1322.7
1331460 1322.7
1331470 1329.5
1331480 1335.5
1331490 1335.5
1331500 1339.7
1331510 1338.1
1331520 1338.1
1331530 1332.9
1331540 1324.8
1331550 1324.8
1331560 1313.9
1331570 1304.3
1331580 1304.3
1331590 1296.9
1331600 1288.2
1331610 1279.9
1331620 1279.9
1331630 1269.8
1331640 1257.0
1331650 1257.0
1331660 1246.0
1331670 1235.6
1331680 1235.6
1331690 1226.8
1331700 1218.4
1331710 1218.4
1331720 1209.9
1331730 1202.0
1331740 1202.0
1331750 1197.0
1331760 1194.6
1331770 1194.6
1331780 1190.7
1331790 1188.0
1331800 1188.0
1331810 1182.5
1331820 1178.0
1331830 1178.0
1331840 1182.2
1331850 1189.2
1331860 1189.2
1331870 1192.8
1331880 1194.9
1331890 1194.9
1331900 1195.9
1331910 1199.4
1331920 1204.6
1331930 1204.6
1331940 1210.1
1331950 1215.3
1331960 1215.3
1331970 1221.2
1331980 1226.4
1331990 1226.4
1332000 1229.9
1332010 1233.0
1332020 1233.0
1332030 1235.8
1332040 1237.9
1332050 1237.9
1332060 1239.8
1332070 1242.8
1332080 1242.8
1332090 1246.6
1332100 1250.6
1332110 1250.6
1332120 1254.2
1332130 1257.9
1332140 1257.9
1332150 1263.3
1332160 1269.2
1332170 1269.2
1332180 1274.1
1332190 1278.2
1332200 1276.4
1332210 1280.9
1332220 1286.2
1332230 1291.5
1332240 1291.5
1332250 1295.5
1332260 1301.6
1332270 1301.6
1332280 1307.3
1332290 1313.0
1332300 1313.0
1332310 1319.8
1332320 1327.8
1332330 1327.8
1332340 1335.1
1332350 1341.1
1332360 1341.1
1332370 1345.3
1332380 1348.8
1332390 1348.8
1332400 1353.1
1332410 1358.2
1332420 1358.2
1332430 1362.4
1332440 1365.1
1332450 1365.1
1332460 1368.1
1332470 1372.1
1332480 1372.1
1332490 1376.4
1332500 1381.0
1332510 1385.2
1332520 1385.2
1332530 1388.6
1332540 1391.1
1332550 1391.1
1332560 1394.2
1332570 1397.2
1332580 1397.2
1332590 1400.4
1332600 1403.4
1332610 1403.4
1332620 1406.1
1332630 1408.2
1332640 1408.2
1332650 1409.6
1332660 1409.7
1332670 1409.7
1332680 1409.6
1332690 1411.6
1332700 1411.6
1332710 1415.3
1332720 1418.5
1332730 1418.5
1332740 1421.7
1332750 1424.4
1332760 1424.4
1332770 1426.8
1332780 1429.6
1332790 1429.6
1332800 1432.1
1332810 1434.4
1332820 1437.7
1332830 1437.7
1332840 1441.6
1332850 1445.6
1332860 1445.6
1332870 1450.7
1332880 1455.9
1332890 1455.9
1332900 1460.3
1332910 1464.5
1332920 1464.5
1332930 1468.5
1332940 1473.0
1332950 1473.0
1332960 1478.0
1332970 1482.6
1332980 1482.6
1332990 1487.9
1333000 1493.4
1333010 1493.4
1333020 1497.5
1333030 1501.1
1333040 1498.7
1333050 1502.3
1333060 1505.4
1333070 1505.4
1333080 1506.1
1333090 1508.1
1333100 1508.1
1333110 1514.2
1333120 1519.4
1333130 1522.6
1333140 1522.6
1333150 1526.0
1333160 1529.7
1333170 1529.7
1333180 1533.6
1333190 1536.7
1333200 1536.7
1333210 1539.4
1333220 1541.6
1333230 1541.6
1333240 1544.7
1333250 1549.7
1333260 1549.7
1333270 1554.5
1333280 1558.7
1333290 1558.7
1333300 1562.5
1333310 1566.9
1333320 1566.9
1333330 1571.7
1333340 1577.7
1333350 1577.7
1333360 1582.4
1333370 1587.4
1333380 1587.4
1333390 1595.2
1333400 1603.8
1333410 1612.6
1333420 1612.6
1333430 1620.0
1333440 1627.0
1333450 1627.0
1333460 1634.2
1333470 1641.0
1333480 1641.0
1333490 1646.4
1333500 1650.8
1333510 1650.8
1333520 1654.2
1333530 1657.2
1333540 1657.2
1333550 1659.2
1333560 1661.2
1333570 1661.2
1333580 1662.7
1333590 1665.5
1333600 1665.5
1333610 1671.0
1333620 1675.8
1333630 1675.8
1333640 1681.2
1333650 1685.5
1333660 1685.5
1333670 1689.6
1333680 1693.8
1333690 1693.8
1333700 1697.4
1333710 1700.0
1333720 1702.5
1333730 1702.5
1333740 1705.6
1333750 1709.7
1333760 1709.7
1333770 1714.7
1333780 1718.8
1333790 1718.8
1333800 1719.4
1333810 1720.1
1333820 1720.1
1333830 1725.2
1333840 1728.8
1333850 1728.8
1333860 1728.6
1333870 1723.2
1333880 1724.2
1333890 1722.0
1333900 1719.9
1333910 1719.9
1333920 1715.4
1333930 1713.4
1333940 1713.4
1333950 1712.8
1333960 1711.5
1333970 1711.5
1333980 1709.9
1333990 1707.6
1334000 1707.6
1334010 1705.3
1334020 1703.7
1334030 1702.1
1334040 1702.1
1334050 1699.8
1334060 1697.2
1334070 1697.2
1334080 1695.0
1334090 1692.2
1334100 1692.2
1334110 1688.3
1334120 1683.7
1334130 1683.7
1334140 1679.3
1334150 1675.2
1334160 1675.2
1334170 1670.9
1334180 1666.6
1334190 1666.6
1334200 1662.8
1334210 1659.0
1334220 1659.0
1334230 1655.8
1334240 1652.5
1334250 1652.5
1334260 1649.2
1334270 1646.2
1334280 1646.2
1334290 1643.7
1334300 1642.3
1334310 1642.3
1334320 1640.5
1334330 1638.6
1334340 1636.6
1334350 1636.6
1334360 1634.0
1334370 1632.6
1334380 1632.6
1334390 1631.8
1334400 1631.1
1334410 1631.1
1334420 1630.3
1334430 1629.4
1334440 1629.4
1334450 1628.1
1334460 1627.5
1334470 1627.5
1334480 1627.3
1334490 1626.7
1334500 1626.7
1334510 1625.0
1334520 1621.8
1334530 1621.8
1334540 1618.7
1334550 1616.2
1334560 1616.2
1334570 1615.0
1334580 1614.9
1334590 1614.9
1334600 1614.4
1334610 1613.9
1334620 1613.1
1334630 1613.1
1334640 1612.2
1334650 1612.2
1334660 1612.2
1334670 1613.2
1334680 1614.1
1334690 1614.1
1334700 1613.5
1334710 1612.5
1334720 1612.5
1334730 1613.5
1334740 1610.2
1334750 1610.2
1334760 1607.5
1334770 1605.7
1334780 1605.7
1334790 1603.7
1334800 1600.2
1334810 1600.2
1334820 1596.9
1334830 1593.6
1334840 1593.6
1334850 1589.6
1334860 1585.7
1334870 1585.7
1334880 1582.2
1334890 1578.6
1334900 1578.6
1334910 1574.9
1334920 1571.2
1334930 1566.9
1334940 1566.9
1334950 1560.3
1334960 1553.0
1334970 1553.0
1334980 1547.4
1334990 1542.9
1335000 1542.9
1335010 1535.2
1335020 1526.3
1335030 1526.3
1335040 1517.8
1335050 1509.9
1335060 1509.9
1335070 1502.4
1335080 1495.1
1335090 1495.1
1335100 1488.3
1335110 1482.0
1335120 1482.0
1335130 1476.0
1335140 1469.9
1335150 1469.9
1335160 1462.4
1335170 1455.9
1335180 1455.9
1335190 1453.1
1335200 1453.2
1335210 1453.2
1335220 1452.2
1335230 1450.6
1335240 1451.3
1335250 1451.3
1335260 1449.6
1335270 1449.5
1335280 1449.5
1335290 1451.7
1335300 1455.5
1335310 1455.5
1335320 1458.3
1335330 1462.4
1335340 1462.4
1335350 1464.7
1335360 1460.7
1335370 1460.7
1335380 1456.4
1335390 1452.5
1335400 1452.5
1335410 1449.3
1335420 1447.2
1335430 1447.2
1335440 1441.8
1335450 1436.6
1335460 1436.6
1335470 1437.1
1335480 1439.2
1335490 1439.2
1335500 1439.0
1335510 1435.7
1335520 1431.1
1335530 1431.1
1335540 1428.7
1335550 1424.8
1335560 1424.8
1335570 1419.4
1335580 1415.6
1335590 1422.0
1335600 1419.5
1335610 1415.4
1335620 1415.4
1335630 1413.7
1335640 1411.4
1335650 1411.4
1335660 1410.8
1335670 1410.0
1335680 1410.0
1335690 1408.0
1335700 1405.5
1335710 1405.5
1335720 1403.4
1335730 1396.9
1335740 1396.9
1335750 1390.1
1335760 1386.2
1335770 1386.2
1335780 1382.4
1335790 1381.9
1335800 1381.9
1335810 1386.0
1335820 1391.1
1335830 1391.4
1335840 1391.4
1335850 1388.5
1335860 1384.1
1335870 1384.1
1335880 1379.7
1335890 1379.0
1335900 1379.0
1335910 1379.7
1335920 1379.5
1335930 1379.5
1335940 1377.7
1335950 1378.2
1335960 1378.2
1335970 1377.1
1335980 1375.1
1335990 1375.1
1336000 1373.3
1336010 1372.4
1336020 1372.4
1336030 1372.8
1336040 1374.6
1336050 1374.6
1336060 1375.4
1336070 1375.9
1336080 1375.9
1336090 1377.5
1336100 1378.7
1336110 1378.7
1336120 1378.9
1336130 1378.0
1336140 1377.0
1336150 1377.0
1336160 1376.6
1336170 1377.9
1336180 1377.9
1336190 1379.2
1336200 1381.2
1336210 1381.2
1336220 1382.9
1336230 1384.2
1336240 1384.2
1336250 1385.2
1336260 1386.0
1336270 1386.0
1336280 1387.4
1336290 1389.3
1336300 1389.3
1336310 1390.6
1336320 1392.6
1336330 1392.6
1336340 1395.0
1336350 1395.9
1336360 1395.9
1336370 1395.6
1336380 1395.0
1336390 1395.0
1336400 1394.4
1336410 1393.6
1336420 1393.6
1336430 1392.9
1336440 1392.1
1336450 1391.3
1336460 1391.3
1336470 1389.7
1336480 1388.4
1336490 1388.4
1336500 1387.2
1336510 1385.6
1336520 1385.6
1336530 1383.9
1336540 1382.5
1336550 1382.5
1336560 1381.3
1336570 1380.2
1336580 1380.2
1336590 1378.9
1336600 1377.6
1336610 1377.6
1336620 1376.1
1336630 1374.3
1336640 1374.3
1336650 1372.7
1336660 1370.4
1336670 1370.4
1336680 1368.2
1336690 1366.4
1336700 1366.4
1336710 1364.8
1336720 1362.3
1336730 1359.5
1336740 1359.5
1336750 1356.9
1336760 1354.2
1336770 1354.2
1336780 1351.4
1336790 1348.1
1336800 1348.1
1336810 1344.4
1336820 1341.4
1336830 1341.4
1336840 1339.2
1336850 1336.7
1336860 1336.7
1336870 1333.2
1336880 1329.0
1336890 1329.0
1336900 1324.2
1336910 1319.3
1336920 1319.3
1336930 1314.7
1336940 1310.7
1336950 1310.7
1336960 1307.2
1336970 1304.7
1336980 1304.7
1336990 1301.7
1337000 1299.2
1337010 1299.2
1337020 1296.8
1337030 1293.7
1337040 1291.3
1337050 1291.3
1337060 1288.7
1337070 1286.2
1337080 1286.2
1337090 1283.9
1337100 1282.1
1337110 1282.1
1337120 1280.4
1337130 1279.1
1337140 1279.1
1337150 1277.8
1337160 1276.7
1337170 1276.7
1337180 1275.7
1337190 1274.8
1337200 1274.8
1337210 1273.8
1337220 1273.7
1337230 1273.7
1337240 1273.2
1337250 1272.3
1337260 1272.3
1337270 1271.7
1337280 1272.2
1337290 1272.2
1337300 1273.0
1337310 1270.7
1337320 1270.7
1337330 1271.1
1337340 1271.1
1337350 1271.2
1337360 1271.2
1337370 1271.9
1337380 1272.7
1337390 1272.7
1337400 1273.9
1337410 1275.6
1337420 1275.6
1337430 1278.1
1337440 1280.0
1337450 1280.0
1337460 1281.3
1337470 1282.7
1337480 1282.7
1337490 1283.0
1337500 1283.0
1337510 1283.0
1337520 1283.1
1337530 1283.0
1337540 1283.0
1337550 1282.8
1337560 1282.9
1337570 1282.9
1337580 1283.1
1337590 1282.9
1337600 1282.9
1337610 1281.8
1337620 1280.1
1337630 1277.9
1337640 1277.9
1337650 1275.5
1337660 1272.9
1337670 1272.9
1337680 1269.7
1337690 1266.8
1337700 1266.8
1337710 1265.2
1337720 1262.3
1337730 1262.3
1337740 1258.4
1337750 1254.8
1337760 1254.8
1337770 1251.0
1337780 1247.0
1337790 1247.0
1337800 1242.5
1337810 1238.5
1337820 1238.5
1337830 1233.9
1337840 1228.7
1337850 1228.7
1337860 1227.9
1337870 1226.1
1337880 1226.1
1337890 1223.1
1337900 1219.8
1337910 1219.8
1337920 1215.8
1337930 1212.4
1337940 1208.8
1337950 1208.8
1337960 1205.2
1337970 1201.0
1337980 1201.0
1337990 1197.6
1338000 1194.4
1338010 1194.4
1338020 1190.8
1338030 1187.9
1338040 1187.9
1338050 1185.1
1338060 1181.9
1338070 1181.9
1338080 1179.0
1338090 1176.1
1338100 1176.1
1338110 1174.2
1338120 1172.3
1338130 1172.3
1338140 1169.9
1338150 1167.6
1338160 1167.6
1338170 1165.6
1338180 1161.3
1338190 1161.3
1338200 1158.8
1338210 1156.4
1338220 1156.4
1338230 1153.7
1338240 1151.0
1338250 1148.5
1338260 1148.5
1338270 1145.7
1338280 1142.3
1338290 1142.3
1338300 1139.5
1338310 1137.0
1338320 1137.0
1338330 1134.3
1338340 1131.2
1338350 1131.2
1338360 1128.3
1338370 1125.6
1338380 1125.6
1338390 1122.9
1338400 1120.3
1338410 1120.3
1338420 1118.1
1338430 1115.5
1338440 1115.5
1338450 1112.5
1338460 1109.6
1338470 1109.6
1338480 1106.9
1338490 1103.5
1338500 1103.5
1338510 1100.5
1338520 1098.0
1338530 1098.0
1338540 1095.6
1338550 1092.3
1338560 1089.6
1338570 1089.6
1338580 1086.3
1338590 1083.5
1338600 1083.5
1338610 1080.8
1338620 1078.3
1338630 1078.3
1338640 1076.0
1338650 1073.6
1338660 1073.6
1338670 1071.4
1338680 1069.1
1338690 1069.1
1338700 1066.7
1338710 1063.7
1338720 1063.7
1338730 1061.0
1338740 1058.6
1338750 1058.6
1338760 1055.6
1338770 1054.0
1338780 1054.0
1338790 1052.3
1338800 1050.2
1338810 1050.2
1338820 1048.2
1338830 1046.0
1338840 1043.5
1338850 1043.5
1338860 1041.3
1338870 1039.5
1338880 1039.5
1338890 1037.5
1338900 1035.7
1338910 1035.7
1338920 1033.9
1338930 1032.1
1338940 1032.1
1338950 1030.5
1338960 1028.9
1338970 1028.9
1338980 1027.0
1338990 1024.9
1339000 1024.9
1339010 1023.0
1339020 1021.9
1339030 1021.9
1339040 1019.9
1339050 1018.2
1339060 1018.8
1339070 1017.0
1339080 1015.1
1339090 1015.1
1339100 1013.5
1339110 1011.9
1339120 1011.9
1339130 1010.7
1339140 1009.3
1339150 1007.9
1339160 1007.9
1339170 1006.4
1339180 1004.9
1339190 1004.9
1339200 1003.3
1339210 1001.8
1339220 1001.8
1339230 1000.3
1339240 998.5
1339250 998.5
1339260 995.7
1339270 993.1
1339280 993.1
1339290 991.3
1339300 988.4
1339310 988.4
1339320 979.1
1339330 968.5
1339340 968.5
1339350 959.5
1339360 952.1
1339370 952.1
1339380 946.5
1339390 941.3
1339400 941.3
1339410 935.6
1339420 929.2
1339430 929.2
1339440 922.1
1339450 919.7
1339460 923.2
1339470 923.2
1339480 932.8
1339490 941.5
1339500 941.5
1339510 947.6
1339520 952.7
1339530 952.7
1339540 954.3
1339550 955.8
1339560 955.8
1339570 962.7
1339580 967.2
1339590 967.2
1339600 970.3
1339610 974.9
1339620 974.9
1339630 979.5
1339640 983.0
1339650 983.0
1339660 982.7
1339670 982.6
1339680 982.6
1339690 982.5
1339700 979.3
1339710 979.3
1339720 974.0
1339730 967.4
1339740 960.9
1339750 960.9
1339760 954.4
1339770 949.6
1339780 949.6
1339790 945.2
1339800 941.3
1339810 941.3
1339820 938.2
1339830 935.7
1339840 935.7
1339850 933.2
1339860 930.6
1339870 930.6
1339880 927.9
1339890 925.0
1339900 925.0
1339910 922.2
1339920 919.9
1339930 919.9
1339940 915.6
1339950 913.8
1339960 913.8
1339970 911.8
1339980 909.5
1339990 909.5
