1320000 821.7
1320010 827.8
1320020 827.8
1320030 834.6
1320040 840.9
1320050 840.9
1320060 847.2
1320070 853.1
1320080 853.1
1320090 856.0
1320100 857.6
1320110 858.7
1320120 858.7
1320130 860.0
1320140 863.6
1320150 863.6
1320160 872.0
1320170 881.8
1320180 881.8
1320190 887.5
1320200 887.5
1320210 887.5
1320220 882.9
1320230 874.6
1320240 874.6
1320250 867.2
1320260 859.8
1320270 859.8
1320280 856.8
1320290 864.9
1320300 864.9
1320310 869.3
1320320 869.2
1320330 869.2
1320340 866.0
1320350 866.5
1320360 866.5
1320370 867.3
1320380 867.8
1320390 867.5
1320400 867.5
1320410 865.7
1320420 864.9
1320430 864.9
1320440 862.0
1320450 856.0
1320460 856.0
1320470 852.1
1320480 850.4
1320490 850.4
1320500 856.3
1320510 862.4
1320520 862.4
1320530 864.6
1320540 865.7
1320550 865.7
1320560 869.6
1320570 876.3
1320580 883.3
1320590 889.6
1320600 893.5
1320610 893.5
1320620 892.8
1320630 891.6
1320640 891.6
1320650 889.7
1320660 886.7
1320670 886.7
1320680 882.9
1320690 879.7
1320700 878.6
1320710 878.6
1320720 879.4
1320730 881.6
1320740 881.6
1320750 884.3
1320760 886.8
1320770 886.8
1320780 888.4
1320790 889.8
1320800 889.8
1320810 891.0
1320820 890.6
1320830 890.6
1320840 889.0
1320850 885.9
1320860 885.9
1320870 882.9
1320880 878.2
1320890 878.2
1320900 872.5
1320910 866.5
1320920 866.5
1320930 860.9
1320940 858.0
1320950 858.0
1320960 856.0
1320970 854.2
1320980 854.2
1320990 853.3
1321000 850.6
1321010 848.5
1321020 848.5
1321030 845.4
1321040 845.0
1321050 845.0
1321060 845.5
1321070 845.2
1321080 845.2
1321090 843.4
1321100 842.0
1321110 842.0
1321120 841.3
1321130 840.1
1321140 840.1
1321150 838.5
1321160 838.0
1321170 838.0
1321180 838.2
1321190 838.1
1321200 838.1
1321210 838.6
1321220 839.2
1321230 839.2
1321240 838.1
1321250 837.4
1321260 837.4
1321270 837.0
1321280 836.6
1321290 836.6
1321300 835.9
1321310 833.2
1321320 826.5
1321330 826.5
1321340 816.2
1321350 817.0
1321360 825.8
1321370 828.3
1321380 829.0
1321390 829.0
1321400 826.8
1321410 824.0
1321420 824.0
1321430 820.4
1321440 819.7
1321450 819.7
1321460 818.7
1321470 817.3
1321480 817.3
1321490 816.2
1321500 814.5
1321510 814.5
1321520 814.7
1321530 814.3
1321540 814.3
1321550 812.7
1321560 810.7
1321570 810.7
1321580 809.4
1321590 809.1
1321600 809.1
1321610 808.9
1321620 809.0
1321630 809.3
1321640 809.3
1321650 808.0
1321660 804.1
1321670 804.1
1321680 797.1
1321690 790.9
1321700 790.9
1321710 790.3
1321720 791.9
1321730 791.9
1321740 793.2
1321750 795.2
1321760 795.2
1321770 796.9
1321780 798.3
1321790 798.3
1321800 799.5
1321810 799.8
1321820 799.8
1321830 801.9
1321840 807.8
1321850 807.8
1321860 813.9
1321870 819.4
1321880 819.4
1321890 825.0
1321900 830.4
1321910 833.1
1321920 833.1
1321930 835.1
1321940 838.5
1321950 838.5
1321960 842.0
1321970 845.7
1321980 845.7
1321990 849.3
1322000 850.6
1322010 850.6
1322020 851.6
1322030 853.7
1322040 853.7
1322050 853.9
1322060 853.2
1322070 853.2
1322080 851.7
1322090 850.4
1322100 850.4
1322110 853.3
1322120 855.1
1322130 855.1
1322140 859.2
1322150 860.0
1322160 860.0
1322170 861.6
1322180 862.4
1322190 862.4
1322200 863.1
1322210 863.4
1322220 864.1
1322230 864.1
1322240 866.5
1322250 868.6
1322260 868.6
1322270 870.3
1322280 871.0
1322290 871.0
1322300 871.2
1322310 871.2
1322320 871.2
1322330 870.9
1322340 869.5
1322350 869.5
1322360 867.4
1322370 866.0
1322380 866.0
1322390 863.3
1322400 859.6
1322410 859.6
1322420 856.6
1322430 855.2
1322440 855.2
1322450 856.4
1322460 858.9
1322470 858.9
1322480 861.3
1322490 863.2
1322500 863.2
1322510 863.6
1322520 863.6
1322530 864.2
1322540 864.2
1322550 865.8
1322560 867.8
1322570 867.8
1322580 869.5
1322590 870.7
1322600 870.7
1322610 871.0
1322620 870.8
1322630 870.8
1322640 870.6
1322650 870.6
1322660 870.6
1322670 870.8
1322680 871.2
1322690 871.2
1322700 872.2
1322710 874.0
1322720 874.0
1322730 874.1
1322740 873.7
1322750 873.7
1322760 873.4
1322770 873.2
1322780 873.2
1322790 873.2
1322800 873.0
1322810 873.0
1322820 872.0
1322830 870.8
1322840 870.5
1322850 870.5
1322860 871.3
1322870 872.1
1322880 872.1
1322890 872.2
1322900 870.6
1322910 870.6
1322920 868.1
1322930 865.1
1322940 865.1
1322950 863.1
1322960 861.5
1322970 861.5
1322980 860.2
1322990 859.2
1323000 859.2
1323010 858.1
1323020 857.1
1323030 857.1
1323040 856.1
1323050 854.9
1323060 854.9
1323070 853.5
1323080 851.6
1323090 851.6
1323100 849.0
1323110 846.0
1323120 841.5
1323130 841.5
1323140 838.7
1323150 837.3
1323160 837.3
1323170 836.4
1323180 836.5
1323190 836.5
1323200 835.9
1323210 834.9
1323220 834.9
1323230 833.0
1323240 830.5
1323250 830.5
1323260 828.1
1323270 825.8
1323280 825.8
1323290 823.4
1323300 821.2
1323310 821.2
1323320 819.1
1323330 816.3
1323340 816.3
1323350 813.2
1323360 810.2
1323370 810.2
1323380 807.6
1323390 805.5
1323400 805.5
1323410 803.6
1323420 801.9
1323430 800.5
1323440 800.5
1323450 799.0
1323460 797.5
1323470 797.5
1323480 795.9
1323490 794.2
1323500 794.2
1323510 792.4
1323520 790.5
1323530 790.5
1323540 788.7
1323550 786.9
1323560 786.9
1323570 785.2
1323580 783.4
1323590 783.4
1323600 779.6
1323610 777.4
1323620 777.4
1323630 775.6
1323640 774.1
1323650 774.1
1323660 771.4
1323670 770.2
1323680 770.2
1323690 769.0
1323700 769.4
1323710 769.4
1323720 769.4
1323730 764.0
1323740 762.8
1323750 762.8
1323760 762.4
1323770 764.6
1323780 764.6
1323790 766.2
1323800 770.1
1323810 770.1
1323820 776.1
1323830 782.8
1323840 782.8
1323850 789.5
1323860 794.2
1323870 794.2
1323880 795.4
1323890 796.2
1323900 796.2
1323910 796.5
1323920 794.0
1323930 794.0
1323940 788.4
1323950 782.3
1323960 782.3
1323970 775.8
1323980 769.4
1323990 769.4
1324000 765.2
1324010 760.9
1324020 760.9
1324030 755.6
1324040 749.2
1324050 742.9
1324060 742.9
1324070 737.9
1324080 733.0
1324090 733.0
1324100 728.8
1324110 724.5
1324120 724.5
1324130 720.1
1324140 717.4
1324150 717.4
1324160 712.8
1324170 708.4
1324180 708.4
1324190 702.0
1324200 695.3
1324210 695.3
1324220 689.4
1324230 683.9
1324240 683.9
1324250 677.9
1324260 672.4
1324270 672.4
1324280 666.4
1324290 663.5
1324300 663.5
1324310 661.1
1324320 657.2
1324330 658.6
1324340 658.6
1324350 664.8
1324360 671.4
1324370 671.4
1324380 679.0
1324390 687.3
1324400 687.3
1324410 698.3
1324420 709.6
1324430 709.6
1324440 721.5
1324450 730.8
1324460 730.8
1324470 739.2
1324480 747.5
1324490 747.5
1324500 756.7
1324510 764.8
1324520 760.2
1324530 765.0
1324540 769.2
1324550 769.2
1324560 774.4
1324570 779.5
1324580 779.5
1324590 784.6
1324600 789.0
1324610 789.0
1324620 794.0
1324630 798.8
1324640 803.8
1324650 803.8
1324660 810.2
1324670 816.4
1324680 816.4
1324690 822.5
1324700 830.2
1324710 830.2
1324720 837.9
1324730 844.3
1324740 844.3
1324750 850.7
1324760 856.2
1324770 856.2
1324780 862.2
1324790 868.5
1324800 868.5
1324810 874.7
1324820 880.8
1324830 880.8
1324840 886.8
1324850 892.5
1324860 892.5
1324870 898.4
1324880 904.8
1324890 904.8
1324900 911.1
1324910 917.7
1324920 917.7
1324930 924.2
1324940 929.4
1324950 933.5
1324960 933.5
1324970 936.5
1324980 939.2
1324990 939.2
1325000 943.5
1325010 949.9
1325020 949.9
1325030 957.5
1325040 963.7
1325050 963.7
1325060 969.9
1325070 977.0
1325080 977.0
1325090 984.0
1325100 990.7
1325110 990.7
1325120 997.2
1325130 1003.8
1325140 1003.8
1325150 1011.1
1325160 1019.9
1325170 1019.9
1325180 1031.9
1325190 1039.4
1325200 1039.4
1325210 1046.9
1325220 1052.0
1325230 1052.0
1325240 1056.8
1325250 1064.7
1325260 1072.8
1325270 1072.8
1325280 1079.5
1325290 1084.4
1325300 1084.4
1325310 1086.7
1325320 1089.3
1325330 1089.3
1325340 1092.6
1325350 1096.2
1325360 1096.2
1325370 1099.6
1325380 1102.6
1325390 1102.6
1325400 1106.2
1325410 1109.8
1325420 1109.8
1325430 1113.3
1325440 1117.1
1325450 1117.1
1325460 1121.2
1325470 1125.5
1325480 1125.5
1325490 1129.8
1325500 1133.4
1325510 1133.4
1325520 1135.9
1325530 1136.9
1325540 1137.1
1325550 1137.1
1325560 1139.3
1325570 1145.1
1325580 1145.1
1325590 1151.6
1325600 1159.8
1325610 1159.8
1325620 1173.6
1325630 1182.3
1325640 1182.3
1325650 1186.5
1325660 1188.4
1325670 1188.4
1325680 1188.9
1325690 1190.8
1325700 1190.8
1325710 1194.0
1325720 1196.9
1325730 1196.9
1325740 1199.9
1325750 1204.6
1325760 1204.6
1325770 1209.6
1325780 1214.0
1325790 1214.0
1325800 1217.9
1325810 1220.9
1325820 1220.9
1325830 1222.6
1325840 1224.3
1325850 1228.9
1325860 1228.9
1325870 1234.2
1325880 1239.2
1325890 1239.2
1325900 1245.0
1325910 1251.7
1325920 1251.7
1325930 1256.6
1325940 1259.0
1325950 1259.0
1325960 1259.4
1325970 1259.0
1325980 1259.0
1325990 1262.6
1326000 1267.2
1326010 1267.2
1326020 1270.0
1326030 1270.9
1326040 1270.9
1326050 1272.0
1326060 1274.8
1326070 1274.8
1326080 1278.3
1326090 1282.9
1326100 1282.9
1326110 1289.0
1326120 1293.5
1326130 1293.5
1326140 1300.4
1326150 1306.9
1326160 1309.9
1326170 1309.9
1326180 1310.0
1326190 1310.9
1326200 1310.9
1326210 1312.9
1326220 1314.7
1326230 1314.7
1326240 1315.1
1326250 1313.1
1326260 1313.1
1326270 1310.7
1326280 1309.6
1326290 1309.6
1326300 1308.1
1326310 1306.8
1326320 1306.8
1326330 1304.6
1326340 1301.4
1326350 1301.4
1326360 1298.7
1326370 1296.2
1326380 1296.2
1326390 1292.9
1326400 1288.8
1326410 1288.8
1326420 1285.4
1326430 1282.9
1326440 1282.9
1326450 1281.4
1326460 1282.8
1326470 1286.8
1326480 1286.8
1326490 1290.3
1326500 1293.1
1326510 1293.1
1326520 1295.7
1326530 1298.3
1326540 1298.3
1326550 1300.5
1326560 1300.4
1326570 1300.4
1326580 1296.3
1326590 1291.1
1326600 1291.1
1326610 1287.7
1326620 1284.6
1326630 1284.6
1326640 1283.0
1326650 1286.4
1326660 1286.4
1326670 1294.9
1326680 1296.4
1326690 1296.4
1326700 1286.6
1326710 1280.8
1326720 1280.8
1326730 1279.9
1326740 1280.0
1326750 1280.0
1326760 1279.1
1326770 1276.1
1326780 1270.5
1326790 1270.5
1326800 1268.4
1326810 1269.8
1326820 1269.8
1326830 1269.4
1326840 1274.5
1326850 1274.5
1326860 1277.3
1326870 1278.9
1326880 1278.9
1326890 1279.1
1326900 1276.2
1326910 1276.2
1326920 1271.9
1326930 1260.8
1326940 1260.8
1326950 1255.6
1326960 1251.9
1326970 1251.9
1326980 1253.5
1326990 1259.1
1327000 1259.1
1327010 1262.3
1327020 1264.1
1327030 1264.1
1327040 1265.7
1327050 1267.1
1327060 1268.4
1327070 1268.4
1327080 1269.3
1327090 1269.8
1327100 1269.8
1327110 1270.4
1327120 1271.1
1327130 1271.1
1327140 1271.3
1327150 1271.5
1327160 1271.5
1327170 1271.5
1327180 1271.1
1327190 1271.1
1327200 1270.0
1327210 1267.0
1327220 1267.0
1327230 1262.5
1327240 1258.0
1327250 1258.0
1327260 1256.8
1327270 1255.1
1327280 1255.1
1327290 1252.4
1327300 1249.8
1327310 1249.8
1327320 1251.4
1327330 1253.1
1327340 1253.1
1327350 1253.1
1327360 1251.5
1327370 1249.3
1327380 1249.3
1327390 1247.1
1327400 1244.9
1327410 1244.9
1327420 1241.9
1327430 1238.7
1327440 1238.7
1327450 1235.8
1327460 1233.6
1327470 1233.6
1327480 1232.2
1327490 1230.6
1327500 1230.6
1327510 1228.7
1327520 1226.4
1327530 1226.4
1327540 1224.4
1327550 1221.3
1327560 1221.3
1327570 1216.7
1327580 1211.4
1327590 1211.4
1327600 1206.4
1327610 1201.9
1327620 1201.9
1327630 1197.3
1327640 1192.9
1327650 1192.9
1327660 1190.5
1327670 1188.2
1327680 1190.0
1327690 1190.0
1327700 1197.7
1327710 1204.4
1327720 1204.4
1327730 1209.3
1327740 1208.1
1327750 1208.1
1327760 1210.2
1327770 1213.1
1327780 1213.1
1327790 1216.3
1327800 1219.4
1327810 1219.4
1327820 1222.5
1327830 1225.5
1327840 1225.5
1327850 1227.9
1327860 1230.6
1327870 1230.6
1327880 1233.3
1327890 1235.1
1327900 1235.1
1327910 1236.6
1327920 1238.5
1327930 1238.5
1327940 1239.5
1327950 1239.9
1327960 1239.9
1327970 1241.0
1327980 1242.5
1327990 1243.7
1328000 1243.7
1328010 1244.4
1328020 1245.4
1328030 1245.4
1328040 1245.8
1328050 1245.6
1328060 1245.6
1328070 1245.7
1328080 1246.7
1328090 1246.7
1328100 1247.4
1328110 1247.5
1328120 1247.5
1328130 1247.3
1328140 1246.9
1328150 1246.9
1328160 1247.0
1328170 1247.0
1328180 1247.0
1328190 1246.3
1328200 1245.6
1328210 1245.6
1328220 1244.6
1328230 1243.1
1328240 1243.1
1328250 1241.6
1328260 1240.4
1328270 1239.0
1328280 1239.0
1328290 1237.8
1328300 1236.2
1328310 1236.2
1328320 1235.1
1328330 1233.8
1328340 1233.8
1328350 1231.2
1328360 1227.7
1328370 1227.7
1328380 1224.2
1328390 1221.3
1328400 1221.3
1328410 1218.7
1328420 1216.7
1328430 1216.7
1328440 1214.4
1328450 1211.3
1328460 1211.3
1328470 1209.5
1328480 1206.9
1328490 1206.9
1328500 1202.6
1328510 1198.7
1328520 1198.7
1328530 1196.9
1328540 1197.7
1328550 1191.9
1328560 1193.2
1328570 1192.4
1328580 1190.3
1328590 1190.3
1328600 1188.7
1328610 1187.0
1328620 1187.0
1328630 1185.8
1328640 1184.5
1328650 1184.5
1328660 1182.5
1328670 1180.0
1328680 1180.0
1328690 1177.2
1328700 1174.3
1328710 1174.3
1328720 1171.4
1328730 1169.2
1328740 1169.2
1328750 1167.0
1328760 1163.9
1328770 1163.9
1328780 1158.6
1328790 1155.0
1328800 1155.0
1328810 1156.3
1328820 1157.0
1328830 1157.0
1328840 1156.0
1328850 1154.5
1328860 1154.5
1328870 1152.4
1328880 1150.6
1328890 1149.6
1328900 1149.6
1328910 1148.8
1328920 1147.8
1328930 1147.8
1328940 1145.3
1328950 1142.4
1328960 1142.4
1328970 1141.0
1328980 1140.8
1328990 1140.8
1329000 1139.7
1329010 1137.1
1329020 1137.1
1329030 1135.3
1329040 1133.6
1329050 1133.6
1329060 1131.7
1329070 1130.7
1329080 1130.7
1329090 1129.8
1329100 1127.2
1329110 1127.2
1329120 1121.7
1329130 1118.6
1329140 1118.6
1329150 1124.1
1329160 1133.0
1329170 1133.0
1329180 1141.5
1329190 1144.0
1329200 1144.7
1329210 1144.7
1329220 1143.9
1329230 1140.0
1329240 1140.0
1329250 1131.6
1329260 1126.8
1329270 1126.8
1329280 1126.5
1329290 1126.4
1329300 1126.4
1329310 1130.6
1329320 1135.3
1329330 1135.3
1329340 1142.1
1329350 1148.8
1329360 1148.8
1329370 1156.1
1329380 1162.5
1329390 1162.5
1329400 1167.0
1329410 1171.1
1329420 1171.1
1329430 1176.2
1329440 1180.9
1329450 1180.9
1329460 1185.2
1329470 1188.9
1329480 1193.9
1329490 1193.9
1329500 1198.5
1329510 1202.2
1329520 1202.2
1329530 1206.2
1329540 1210.9
1329550 1210.9
1329560 1215.5
1329570 1219.9
1329580 1219.9
1329590 1224.7
1329600 1230.0
1329610 1230.0
1329620 1233.2
1329630 1234.3
1329640 1234.3
1329650 1234.8
1329660 1236.4
1329670 1236.4
1329680 1238.3
1329690 1239.9
1329700 1239.9
1329710 1241.7
1329720 1243.3
1329730 1243.3
1329740 1244.4
1329750 1245.8
1329760 1245.8
1329770 1247.0
1329780 1248.1
1329790 1249.2
1329800 1249.2
1329810 1250.3
1329820 1251.5
1329830 1251.5
1329840 1252.7
1329850 1254.3
1329860 1254.3
1329870 1256.0
1329880 1257.5
1329890 1257.5
1329900 1258.5
1329910 1259.3
1329920 1259.3
1329930 1260.3
1329940 1261.4
1329950 1261.4
1329960 1261.8
1329970 1261.9
1329980 1261.9
1329990 1262.5
1330000 1262.8
1330010 1262.8
1330020 1262.8
1330030 1262.6
1330040 1262.6
1330050 1262.5
1330060 1262.2
1330070 1262.2
1330080 1261.3
1330090 1263.7
1330100 1264.9
1330110 1264.9
1330120 1265.2
1330130 1265.5
1330140 1265.5
1330150 1264.0
1330160 1261.5
1330170 1261.5
1330180 1256.0
1330190 1249.5
1330200 1243.3
1330210 1235.2
1330220 1228.8
1330230 1228.8
1330240 1225.9
1330250 1224.0
1330260 1224.0
1330270 1220.6
1330280 1216.3
1330290 1216.3
1330300 1213.5
1330310 1215.2
1330320 1215.2
1330330 1222.0
1330340 1230.8
1330350 1230.8
1330360 1239.9
1330370 1248.3
1330380 1248.3
1330390 1256.7
1330400 1265.3
1330410 1274.1
1330420 1274.1
1330430 1282.0
1330440 1286.4
1330450 1286.4
1330460 1288.8
1330470 1290.7
1330480 1290.7
1330490 1291.7
1330500 1291.8
1330510 1291.8
1330520 1291.6
1330530 1291.2
1330540 1291.2
1330550 1290.5
1330560 1290.2
1330570 1290.2
1330580 1289.5
1330590 1288.6
1330600 1288.6
1330610 1289.0
1330620 1290.3
1330630 1290.3
1330640 1291.4
1330650 1292.1
1330660 1292.1
1330670 1292.4
1330680 1293.2
1330690 1295.1
1330700 1295.1
1330710 1296.1
1330720 1295.9
1330730 1295.9
1330740 1291.8
1330750 1284.2
1330760 1284.2
1330770 1277.9
1330780 1275.4
1330790 1275.4
1330800 1274.3
1330810 1275.7
1330820 1275.7
1330830 1277.1
1330840 1275.8
1330850 1275.8
1330860 1275.0
1330870 1274.8
1330880 1274.8
1330890 1273.2
1330900 1273.0
1330910 1273.0
1330920 1275.3
1330930 1280.6
1330940 1280.6
1330950 1292.1
1330960 1300.7
1330970 1300.7
1330980 1295.6
1330990 1297.2
1331000 1320.8
1331010 1320.8
1331020 1331.8
1331030 1331.6
1331040 1331.6
1331050 1336.2
1331060 1339.8
1331070 1339.8
1331080 1337.8
1331090 1337.0
1331100 1337.0
1331110 1339.3
1331120 1346.3
1331130 1346.3
1331140 1350.4
1331150 1358.8
1331160 1358.8
1331170 1369.0
1331180 1368.6
1331190 1368.6
1331200 1369.6
1331210 1373.6
1331220 1373.6
1331230 1380.6
1331240 1389.3
1331250 1389.3
1331260 1396.7
1331270 1405.0
1331280 1405.0
1331290 1415.7
1331300 1422.0
1331310 1431.5
1331320 1431.5
1331330 1437.2
1331340 1444.9
1331350 1444.9
1331360 1453.9
1331370 1451.9
1331380 1451.9
1331390 1445.0
1331400 1438.0
1331410 1438.0
1331420 1430.5
1331430 1421.6
1331440 1421.6
1331450 1413.4
1331460 1405.5
1331470 1405.5
1331480 1398.7
1331490 1393.7
1331500 1393.7
1331510 1390.3
1331520 1386.9
1331530 1386.9
1331540 1385.1
1331550 1385.1
1331560 1385.1
1331570 1384.5
1331580 1382.2
1331590 1378.5
1331600 1378.5
1331610 1373.0
1331620 1366.3
1331630 1366.3
1331640 1360.0
1331650 1353.6
1331660 1353.6
1331670 1345.0
1331680 1334.6
1331690 1334.6
1331700 1324.2
1331710 1315.5
1331720 1315.5
1331730 1306.4
1331740 1298.1
1331750 1298.1
1331760 1290.2
1331770 1282.4
1331780 1282.4
1331790 1276.2
1331800 1270.6
1331810 1270.6
1331820 1265.8
1331830 1261.4
1331840 1261.4
1331850 1256.0
1331860 1248.2
1331870 1248.2
1331880 1242.7
1331890 1241.9
1331900 1241.3
1331910 1241.3
1331920 1239.3
1331930 1236.0
1331940 1236.0
1331950 1233.7
1331960 1235.6
1331970 1235.6
1331980 1242.0
1331990 1249.4
1332000 1249.4
1332010 1255.7
1332020 1261.6
1332030 1261.6
1332040 1268.5
1332050 1272.7
1332060 1272.7
1332070 1275.6
1332080 1282.7
1332090 1282.7
1332100 1290.1
1332110 1295.2
1332120 1295.2
1332130 1300.1
1332140 1304.5
1332150 1304.5
1332160 1306.8
1332170 1309.3
1332180 1309.3
1332190 1312.1
1332200 1316.0
1332210 1320.7
1332220 1320.7
1332230 1326.3
1332240 1332.4
1332250 1332.4
1332260 1338.4
1332270 1343.8
1332280 1343.8
1332290 1347.2
1332300 1350.9
1332310 1350.9
1332320 1357.8
1332330 1365.5
1332340 1365.5
1332350 1372.5
1332360 1379.5
1332370 1379.5
1332380 1385.8
1332390 1392.7
1332400 1392.7
1332410 1398.8
1332420 1402.9
1332430 1402.9
1332440 1406.7
1332450 1409.0
1332460 1409.0
1332470 1410.9
1332480 1414.7
1332490 1414.7
1332500 1419.1
1332510 1423.5
1332520 1429.0
1332530 1429.0
1332540 1434.5
1332550 1441.9
1332560 1441.9
1332570 1449.8
1332580 1456.8
1332590 1456.8
1332600 1460.9
1332610 1462.2
1332620 1462.2
1332630 1462.4
1332640 1463.2
1332650 1463.2
1332660 1465.5
1332670 1468.5
1332680 1468.5
1332690 1471.3
1332700 1471.8
1332710 1471.8
1332720 1474.1
1332730 1476.0
1332740 1476.0
1332750 1477.5
1332760 1478.1
1332770 1478.1
1332780 1478.3
1332790 1478.2
1332800 1480.2
1332810 1480.2
1332820 1483.4
1332830 1487.9
1332840 1487.9
1332850 1492.5
1332860 1498.1
1332870 1498.1
1332880 1503.4
1332890 1508.2
1332900 1508.2
1332910 1513.9
1332920 1521.8
1332930 1521.8
1332940 1528.3
1332950 1533.5
1332960 1533.5
1332970 1537.3
1332980 1542.6
1332990 1542.6
1333000 1547.2
1333010 1550.1
1333020 1550.1
1333030 1552.5
1333040 1559.1
1333050 1559.1
1333060 1568.9
1333070 1575.1
1333080 1575.1
1333090 1580.7
1333100 1584.5
1333110 1587.3
1333120 1587.3
1333130 1590.1
1333140 1593.3
1333150 1593.3
1333160 1597.2
1333170 1602.0
1333180 1602.0
1333190 1605.1
1333200 1606.7
1333210 1606.7
1333220 1609.6
1333230 1614.4
1333240 1614.4
1333250 1619.1
1333260 1621.9
1333270 1621.9
1333280 1623.5
1333290 1623.4
1333300 1623.4
1333310 1622.9
1333320 1623.2
1333330 1623.2
1333340 1624.2
1333350 1625.3
1333360 1625.3
1333370 1626.4
1333380 1628.0
1333390 1628.0
1333400 1630.3
1333410 1632.9
1333420 1635.4
1333430 1635.4
1333440 1635.0
1333450 1632.4
1333460 1632.4
1333470 1629.5
1333480 1627.0
1333490 1627.0
1333500 1625.7
1333510 1625.3
1333520 1625.3
1333530 1624.4
1333540 1626.6
1333550 1626.6
1333560 1624.1
1333570 1622.9
1333580 1622.9
1333590 1623.8
1333600 1626.7
1333610 1626.7
1333620 1629.4
1333630 1632.9
1333640 1632.9
1333650 1636.0
1333660 1639.6
1333670 1639.6
1333680 1644.2
1333690 1648.4
1333700 1648.4
1333710 1652.8
1333720 1656.5
1333730 1660.9
1333740 1660.9
1333750 1665.0
1333760 1668.9
1333770 1668.9
1333780 1673.1
1333790 1676.2
1333800 1676.2
1333810 1679.5
1333820 1682.4
1333830 1682.4
1333840 1685.6
1333850 1688.3
1333860 1688.3
1333870 1689.6
1333880 1689.8
1333890 1689.8
1333900 1690.0
1333910 1690.9
1333920 1690.9
1333930 1692.2
1333940 1693.0
1333950 1693.0
1333960 1693.6
1333970 1694.2
1333980 1694.2
1333990 1695.3
1334000 1695.7
1334010 1695.8
1334020 1695.8
1334030 1695.2
1334040 1693.0
1334050 1693.0
1334060 1690.3
1334070 1688.2
1334080 1688.2
1334090 1687.2
1334100 1686.5
1334110 1686.5
1334120 1685.8
1334130 1684.9
1334140 1684.9
1334150 1684.3
1334160 1682.8
1334170 1682.8
1334180 1679.6
1334190 1674.3
1334200 1674.3
1334210 1667.5
1334220 1660.7
1334230 1660.7
1334240 1654.6
1334250 1648.9
1334260 1648.9
1334270 1643.3
1334280 1637.6
1334290 1637.6
1334300 1631.6
1334310 1626.3
1334320 1621.3
1334330 1621.3
1334340 1617.3
1334350 1612.5
1334360 1612.5
1334370 1608.6
1334380 1606.2
1334390 1605.9
1334400 1604.1
1334410 1602.1
1334420 1602.1
1334430 1599.9
1334440 1596.7
1334450 1596.7
1334460 1592.6
1334470 1588.2
1334480 1588.2
1334490 1584.2
1334500 1579.8
1334510 1579.8
1334520 1574.9
1334530 1569.6
1334540 1569.6
1334550 1563.8
1334560 1558.5
1334570 1558.5
1334580 1553.2
1334590 1548.0
1334600 1548.0
1334610 1542.9
1334620 1537.8
1334630 1532.2
1334640 1532.2
1334650 1526.2
1334660 1520.6
1334670 1520.6
1334680 1514.8
1334690 1506.9
1334700 1506.9
1334710 1498.0
1334720 1491.8
1334730 1491.8
1334740 1490.9
1334750 1493.2
1334760 1493.2
1334770 1488.8
1334780 1490.0
1334790 1490.0
1334800 1489.7
1334810 1484.6
1334820 1484.6
1334830 1483.8
1334840 1479.6
1334850 1479.6
1334860 1475.3
1334870 1467.9
1334880 1467.9
1334890 1463.0
1334900 1462.1
1334910 1462.1
1334920 1458.3
1334930 1454.1
1334940 1454.6
1334950 1454.6
1334960 1455.1
1334970 1448.4
1334980 1448.4
1334990 1441.5
1335000 1435.9
1335010 1435.9
1335020 1431.4
1335030 1429.8
1335040 1429.8
1335050 1430.4
1335060 1433.4
1335070 1433.4
1335080 1435.3
1335090 1432.7
1335100 1432.7
1335110 1425.5
1335120 1419.1
1335130 1419.1
1335140 1413.3
1335150 1403.0
1335160 1403.0
1335170 1391.0
1335180 1380.6
1335190 1380.6
1335200 1371.8
1335210 1363.7
1335220 1355.4
1335230 1355.4
1335240 1354.4
1335250 1349.3
1335260 1349.3
1335270 1343.4
1335280 1341.5
1335290 1341.5
1335300 1343.7
1335310 1347.3
1335320 1347.3
1335330 1354.3
1335340 1362.0
1335350 1362.0
1335360 1369.5
1335370 1369.9
1335380 1369.9
1335390 1369.3
1335400 1369.3
1335410 1369.3
1335420 1369.4
1335430 1368.5
1335440 1368.5
1335450 1365.7
1335460 1362.6
1335470 1362.6
1335480 1358.4
1335490 1352.3
1335500 1352.3
1335510 1345.9
1335520 1339.8
1335530 1333.7
1335540 1333.7
1335550 1328.3
1335560 1323.9
1335570 1323.9
1335580 1318.7
1335590 1313.4
1335600 1313.4
1335610 1307.3
1335620 1301.8
1335630 1301.8
1335640 1299.6
1335650 1301.8
1335660 1301.8
1335670 1305.3
1335680 1308.0
1335690 1308.0
1335700 1311.3
1335710 1313.1
1335720 1313.1
1335730 1316.2
1335740 1318.1
1335750 1318.1
1335760 1317.2
1335770 1315.2
1335780 1315.2
1335790 1312.5
1335800 1310.4
1335810 1310.4
1335820 1307.6
1335830 1305.0
1335840 1301.3
1335850 1301.3
1335860 1295.1
1335870 1288.5
1335880 1288.5
1335890 1285.2
1335900 1288.2
1335910 1288.2
1335920 1287.9
1335930 1287.1
1335940 1287.1
1335950 1286.9
1335960 1287.5
1335970 1287.5
1335980 1289.1
1335990 1288.3
1336000 1288.3
1336010 1287.6
1336020 1286.7
1336030 1286.7
1336040 1285.2
1336050 1283.2
1336060 1283.2
1336070 1281.6
1336080 1281.6
1336090 1281.6
1336100 1283.9
1336110 1281.8
1336120 1281.3
1336130 1281.3
1336140 1282.7
1336150 1283.9
1336160 1283.9
1336170 1286.6
1336180 1289.0
1336190 1289.0
1336200 1291.5
1336210 1293.4
1336220 1293.4
1336230 1292.7
1336240 1289.5
1336250 1289.5
1336260 1290.7
1336270 1292.6
1336280 1292.6
1336290 1294.9
1336300 1299.1
1336310 1299.1
1336320 1302.3
1336330 1304.5
1336340 1304.5
1336350 1306.9
1336360 1309.7
1336370 1309.7
1336380 1312.1
1336390 1312.6
1336400 1312.6
1336410 1312.3
1336420 1312.1
1336430 1311.7
1336440 1311.7
1336450 1314.4
1336460 1316.6
1336470 1316.6
1336480 1319.5
1336490 1323.2
1336500 1323.2
1336510 1325.9
1336520 1328.7
1336530 1328.7
1336540 1330.6
1336550 1332.2
1336560 1332.2
1336570 1333.5
1336580 1334.1
1336590 1334.1
1336600 1334.8
1336610 1334.0
1336620 1334.0
1336630 1332.8
1336640 1331.2
1336650 1331.2
1336660 1328.8
1336670 1326.9
1336680 1326.9
1336690 1324.9
1336700 1323.2
1336710 1323.2
1336720 1322.2
1336730 1321.3
1336740 1320.0
1336750 1320.0
1336760 1317.7
1336770 1314.4
1336780 1314.4
1336790 1310.6
1336800 1307.4
1336810 1307.4
1336820 1304.9
1336830 1302.7
1336840 1302.7
1336850 1300.0
1336860 1297.5
1336870 1297.5
1336880 1295.0
1336890 1293.3
1336900 1293.3
1336910 1291.7
1336920 1290.6
1336930 1290.6
1336940 1289.8
1336950 1289.2
1336960 1290.5
1336970 1290.1
1336980 1289.8
1336990 1289.8
1337000 1289.5
1337010 1289.2
1337020 1289.2
1337030 1288.7
1337040 1288.5
1337050 1288.2
1337060 1288.2
1337070 1287.3
1337080 1286.3
1337090 1286.3
1337100 1285.7
1337110 1285.6
1337120 1285.6
1337130 1285.6
1337140 1285.4
1337150 1285.4
1337160 1285.3
1337170 1285.7
1337180 1285.7
1337190 1286.4
1337200 1287.1
1337210 1287.1
1337220 1287.7
1337230 1288.4
1337240 1288.4
1337250 1289.5
1337260 1290.9
1337270 1290.9
1337280 1292.9
1337290 1295.2
1337300 1295.2
1337310 1296.6
1337320 1299.0
1337330 1301.0
1337340 1301.0
1337350 1302.9
1337360 1303.8
1337370 1303.8
1337380 1305.1
1337390 1306.4
1337400 1306.4
1337410 1307.9
1337420 1309.4
1337430 1309.4
1337440 1310.6
1337450 1311.5
1337460 1311.5
1337470 1311.7
1337480 1311.5
1337490 1311.5
1337500 1311.3
1337510 1311.2
1337520 1311.2
1337530 1310.9
1337540 1310.2
1337550 1310.2
1337560 1308.6
1337570 1306.8
1337580 1306.8
1337590 1305.0
1337600 1303.4
1337610 1303.4
1337620 1301.6
1337630 1299.6
1337640 1296.7
1337650 1296.7
1337660 1293.1
1337670 1289.8
1337680 1289.8
1337690 1286.9
1337700 1283.9
1337710 1283.9
1337720 1281.0
1337730 1278.1
1337740 1278.1
1337750 1275.0
1337760 1271.6
1337770 1271.6
1337780 1268.1
1337790 1264.2
1337800 1264.2
1337810 1260.8
1337820 1257.1
1337830 1258.3
1337840 1255.0
1337850 1251.7
1337860 1251.7
1337870 1248.1
1337880 1243.9
1337890 1243.9
1337900 1239.5
1337910 1235.5
1337920 1235.5
1337930 1232.6
1337940 1228.8
1337950 1225.0
1337960 1225.0
1337970 1221.1
1337980 1217.2
1337990 1217.2
1338000 1213.7
1338010 1210.2
1338020 1210.2
1338030 1206.7
1338040 1203.3
1338050 1203.3
1338060 1200.0
1338070 1197.6
1338080 1197.6
1338090 1194.1
1338100 1191.0
1338110 1191.0
1338120 1188.2
1338130 1185.2
1338140 1185.2
1338150 1182.1
1338160 1178.9
1338170 1178.9
1338180 1175.9
1338190 1172.8
1338200 1172.8
1338210 1169.3
1338220 1165.6
1338230 1165.6
1338240 1161.7
1338250 1157.8
1338260 1153.8
1338270 1153.8
1338280 1150.0
1338290 1146.2
1338300 1146.2
1338310 1142.6
1338320 1139.2
1338330 1139.2
1338340 1135.9
1338350 1132.6
1338360 1132.6
1338370 1129.3
1338380 1126.5
1338390 1126.5
1338400 1123.9
1338410 1121.2
1338420 1121.2
1338430 1118.3
1338440 1115.2
1338450 1115.2
1338460 1111.7
1338470 1108.7
1338480 1108.7
1338490 1106.4
1338500 1103.6
1338510 1103.6
1338520 1100.7
1338530 1097.1
1338540 1093.2
1338550 1093.2
1338560 1089.3
1338570 1085.3
1338580 1085.3
1338590 1081.5
1338600 1078.7
1338610 1078.7
1338620 1076.1
1338630 1073.1
1338640 1073.1
1338650 1070.3
1338660 1068.2
1338670 1068.2
1338680 1065.6
1338690 1062.9
1338700 1063.1
1338710 1060.5
1338720 1058.4
1338730 1058.4
1338740 1055.9
1338750 1054.2
1338760 1054.2
1338770 1052.1
1338780 1049.9
1338790 1049.9
1338800 1047.3
1338810 1044.6
1338820 1044.6
1338830 1042.1
1338840 1040.0
1338850 1037.9
1338860 1037.9
1338870 1035.6
1338880 1033.4
1338890 1033.4
1338900 1031.7
1338910 1028.8
1338920 1028.8
1338930 1026.8
1338940 1025.0
1338950 1025.0
1338960 1023.0
1338970 1020.9
1338980 1020.9
1338990 1019.0
1339000 1017.3
1339010 1017.3
1339020 1015.5
1339030 1013.0
1339040 1013.0
1339050 1011.3
1339060 1009.3
1339070 1009.3
1339080 1007.2
1339090 1005.6
1339100 1005.6
1339110 1003.8
1339120 1002.0
1339130 1002.0
1339140 1000.4
1339150 999.1
1339160 997.8
1339170 997.8
1339180 996.3
1339190 994.7
1339200 994.7
1339210 992.9
1339220 991.0
1339230 991.0
1339240 990.0
1339250 989.7
1339260 989.7
1339270 988.9
1339280 987.0
1339290 987.0
1339300 985.2
1339310 981.2
1339320 981.2
1339330 973.9
1339340 969.3
1339350 969.3
1339360 969.5
1339370 968.4
1339380 968.4
1339390 964.2
1339400 958.7
1339410 958.7
1339420 951.7
1339430 943.6
1339440 943.6
1339450 935.2
1339460 927.4
1339470 919.4
1339480 919.4
1339490 910.8
1339500 902.6
1339510 902.6
1339520 896.8
1339530 899.8
1339540 899.8
1339550 907.0
1339560 914.9
1339570 914.9
1339580 922.9
1339590 928.4
1339600 928.4
1339610 930.0
1339620 930.0
1339630 930.0
1339640 929.8
1339650 930.5
1339660 930.5
1339670 931.0
1339680 931.4
1339690 931.4
1339700 931.9
1339710 931.9
1339720 931.9
1339730 931.4
1339740 930.1
1339750 928.5
1339760 928.5
1339770 926.5
1339780 924.5
1339790 924.5
1339800 922.3
1339810 920.0
1339820 920.0
1339830 918.3
1339840 915.9
1339850 915.9
1339860 911.7
1339870 908.0
1339880 908.0
1339890 905.3
1339900 902.8
1339910 902.8
1339920 899.7
1339930 896.1
1339940 896.1
1339950 892.9
1339960 889.5
1339970 889.5
1339980 886.0
1339990 882.2
