1320000 571.2
1320010 572.9
1320020 572.9
1320030 574.5
1320040 576.1
1320050 576.1
1320060 577.6
1320070 579.6
1320080 579.6
1320090 581.6
1320100 582.9
1320110 582.9
1320120 584.2
1320130 585.0
1320140 585.0
1320150 585.8
1320160 587.3
1320170 587.3
1320180 589.1
1320190 591.6
1320200 593.9
1320210 593.9
1320220 596.0
1320230 597.5
1320240 597.5
1320250 598.8
1320260 600.0
1320270 600.0
1320280 598.6
1320290 598.5
1320300 598.5
1320310 598.3
1320320 599.1
1320330 599.1
1320340 600.0
1320350 601.0
1320360 601.0
1320370 603.0
1320380 605.1
1320390 605.1
1320400 606.9
1320410 608.6
1320420 608.6
1320430 610.4
1320440 612.0
1320450 612.0
1320460 614.3
1320470 615.8
1320480 615.8
1320490 616.7
1320500 618.3
1320510 620.0
1320520 620.0
1320530 619.4
1320540 619.8
1320550 619.8
1320560 621.0
1320570 622.4
1320580 622.4
1320590 623.9
1320600 625.9
1320610 625.9
1320620 627.7
1320630 628.8
1320640 628.8
1320650 629.8
1320660 630.9
1320670 630.9
1320680 632.2
1320690 633.7
1320700 633.7
1320710 635.8
1320720 637.9
1320730 637.9
1320740 640.2
1320750 642.7
1320760 642.7
1320770 644.1
1320780 645.3
1320790 645.3
1320800 646.9
1320810 648.0
1320820 648.0
1320830 648.0
1320840 649.0
1320850 650.4
1320860 650.4
1320870 651.3
1320880 651.0
1320890 651.0
1320900 651.4
1320910 654.0
1320920 654.0
1320930 656.2
1320940 658.4
1320950 658.4
1320960 660.5
1320970 662.5
1320980 662.5
1320990 664.0
1321000 665.4
1321010 665.4
1321020 666.7
1321030 668.1
1321040 668.1
1321050 669.7
1321060 669.5
1321070 669.5
1321080 671.3
1321090 672.8
1321100 672.8
1321110 674.6
1321120 676.5
1321130 678.5
1321140 678.5
1321150 679.9
1321160 681.2
1321170 681.2
1321180 682.3
1321190 683.3
1321200 683.3
1321210 684.0
1321220 684.7
1321230 684.7
1321240 685.3
1321250 686.1
1321260 686.1
1321270 687.0
1321280 688.0
1321290 688.0
1321300 689.1
1321310 690.3
1321320 690.3
1321330 691.2
1321340 691.9
1321350 691.9
1321360 692.5
1321370 693.2
1321380 693.2
1321390 693.8
1321400 694.4
1321410 694.9
1321420 694.9
1321430 695.3
1321440 695.8
1321450 695.8
1321460 696.2
1321470 696.6
1321480 696.6
1321490 697.0
1321500 697.0
1321510 697.0
1321520 697.3
1321530 697.9
1321540 697.9
1321550 698.7
1321560 699.0
1321570 699.0
1321580 698.8
1321590 698.8
1321600 698.8
1321610 699.0
1321620 699.3
1321630 699.3
1321640 699.5
1321650 699.6
1321660 699.6
1321670 699.6
1321680 699.6
1321690 699.6
1321700 699.5
1321710 699.8
1321720 700.4
1321730 700.4
1321740 700.1
1321750 699.3
1321760 699.3
1321770 698.6
1321780 698.3
1321790 698.3
1321800 697.9
1321810 697.7
1321820 697.7
1321830 697.4
1321840 699.1
1321850 699.1
1321860 699.8
1321870 701.2
1321880 701.2
1321890 702.3
1321900 703.0
1321910 703.0
1321920 703.7
1321930 703.9
1321940 703.9
1321950 703.2
1321960 704.5
1321970 704.5
1321980 705.8
1321990 706.1
1322000 706.1
1322010 706.2
1322020 706.2
1322030 706.4
1322040 706.4
1322050 706.9
1322060 706.8
1322070 706.8
1322080 707.2
1322090 707.5
1322100 707.5
1322110 707.5
1322120 707.0
1322130 707.0
1322140 705.2
1322150 704.0
1322160 704.0
1322170 701.9
1322180 699.8
1322190 699.8
1322200 701.0
1322210 701.7
1322220 701.7
1322230 701.5
1322240 701.2
1322250 701.2
1322260 701.5
1322270 702.4
1322280 702.4
1322290 703.1
1322300 704.6
1322310 704.6
1322320 707.2
1322330 707.7
1322340 709.0
1322350 709.0
1322360 710.8
1322370 711.8
1322380 711.8
1322390 712.6
1322400 712.3
1322410 712.3
1322420 714.1
1322430 718.1
1322440 718.1
1322450 721.2
1322460 723.3
1322470 723.3
1322480 725.1
1322490 723.3
1322500 723.3
1322510 718.8
1322520 714.1
1322530 714.1
1322540 709.7
1322550 707.3
1322560 707.3
1322570 706.3
1322580 708.0
1322590 708.0
1322600 712.6
1322610 716.4
1322620 716.4
1322630 721.2
1322640 720.3
1322650 718.5
1322660 718.5
1322670 716.4
1322680 715.1
1322690 715.1
1322700 715.5
1322710 717.3
1322720 717.3
1322730 719.2
1322740 719.8
1322750 719.8
1322760 719.9
1322770 721.5
1322780 721.5
1322790 723.2
1322800 723.9
1322810 723.9
1322820 725.5
1322830 726.9
1322840 726.9
1322850 727.1
1322860 726.2
1322870 726.2
1322880 724.3
1322890 721.4
1322900 721.4
1322910 718.6
1322920 717.5
1322930 717.0
1322940 717.0
1322950 717.0
1322960 716.3
1322970 716.3
1322980 714.9
1322990 713.7
1323000 713.7
1323010 713.4
1323020 713.0
1323030 713.0
1323040 712.2
1323050 711.5
1323060 711.5
1323070 711.4
1323080 711.9
1323090 711.9
1323100 711.9
1323110 711.8
1323120 711.8
1323130 712.4
1323140 712.9
1323150 712.9
1323160 712.7
1323170 712.6
1323180 712.6
1323190 713.0
1323200 713.2
1323210 713.2
1323220 713.8
1323230 714.8
1323240 715.5
1323250 715.5
1323260 715.4
1323270 715.2
1323280 715.2
1323290 714.0
1323300 713.5
1323310 713.5
1323320 714.4
1323330 717.7
1323340 717.7
1323350 720.8
1323360 722.3
1323370 722.3
1323380 722.8
1323390 722.4
1323400 722.4
1323410 721.1
1323420 724.4
1323430 724.4
1323440 721.9
1323450 719.4
1323460 719.4
1323470 716.9
1323480 714.4
1323490 714.4
1323500 711.9
1323510 709.0
1323520 709.0
1323530 706.0
1323540 703.5
1323550 702.2
1323560 702.2
1323570 701.9
1323580 701.1
1323590 701.1
1323600 701.2
1323610 703.9
1323620 703.9
1323630 707.4
1323640 710.6
1323650 710.6
1323660 714.1
1323670 717.0
1323680 717.0
1323690 718.0
1323700 715.6
1323710 715.6
1323720 712.7
1323730 709.0
1323740 709.0
1323750 706.1
1323760 703.3
1323770 703.3
1323780 699.4
1323790 695.2
1323800 695.2
1323810 691.7
1323820 687.8
1323830 687.8
1323840 683.1
1323850 677.0
1323860 669.0
1323870 669.0
1323880 653.6
1323890 636.6
1323900 636.6
1323910 634.3
1323920 644.3
1323930 644.3
1323940 657.2
1323950 669.6
1323960 669.6
1323970 680.8
1323980 689.9
1323990 689.9
1324000 697.4
1324010 703.6
1324020 703.6
1324030 709.5
1324040 715.6
1324050 715.6
1324060 719.4
1324070 722.9
1324080 722.9
1324090 726.7
1324100 730.2
1324110 730.2
1324120 732.4
1324130 734.6
1324140 734.6
1324150 738.0
1324160 740.4
1324170 743.4
1324180 743.4
1324190 746.9
1324200 750.7
1324210 748.6
1324220 752.3
1324230 755.7
1324240 755.7
1324250 758.5
1324260 760.7
1324270 760.7
1324280 762.3
1324290 764.3
1324300 764.3
1324310 767.4
1324320 770.0
1324330 770.0
1324340 771.5
1324350 772.9
1324360 772.9
1324370 773.9
1324380 774.4
1324390 774.4
1324400 774.9
1324410 775.5
1324420 775.5
1324430 776.2
1324440 778.0
1324450 778.0
1324460 779.5
1324470 781.7
1324480 784.3
1324490 784.3
1324500 787.1
1324510 790.4
1324520 790.4
1324530 792.3
1324540 793.7
1324550 793.7
1324560 796.1
1324570 798.2
1324580 798.2
1324590 800.5
1324600 803.3
1324610 803.3
1324620 806.1
1324630 809.0
1324640 809.0
1324650 811.9
1324660 815.1
1324670 815.1
1324680 818.9
1324690 822.0
1324700 822.0
1324710 825.5
1324720 828.9
1324730 828.9
1324740 831.2
1324750 833.0
1324760 836.0
1324770 836.0
1324780 839.4
1324790 842.7
1324800 842.7
1324810 845.9
1324820 848.9
1324830 848.9
1324840 851.9
1324850 854.8
1324860 854.8
1324870 857.9
1324880 861.1
1324890 861.1
1324900 864.3
1324910 867.8
1324920 867.8
1324930 870.4
1324940 874.7
1324950 874.7
1324960 878.6
1324970 882.1
1324980 882.1
1324990 885.7
1325000 889.0
1325010 891.0
1325020 894.1
1325030 897.0
1325040 897.0
1325050 899.7
1325060 902.2
1325070 904.8
1325080 904.8
1325090 907.2
1325100 909.6
1325110 909.6
1325120 912.0
1325130 914.4
1325140 914.4
1325150 916.6
1325160 918.7
1325170 918.7
1325180 920.3
1325190 922.7
1325200 922.7
1325210 927.0
1325220 933.5
1325230 933.5
1325240 940.8
1325250 948.0
1325260 948.0
1325270 953.9
1325280 957.1
1325290 957.1
1325300 961.9
1325310 965.2
1325320 965.2
1325330 965.7
1325340 966.8
1325350 966.8
1325360 966.7
1325370 967.9
1325380 969.5
1325390 969.5
1325400 970.2
1325410 971.3
1325420 971.3
1325430 972.5
1325440 972.9
1325450 972.9
1325460 972.5
1325470 973.6
1325480 973.6
1325490 975.0
1325500 976.3
1325510 976.3
1325520 978.6
1325530 981.5
1325540 981.5
1325550 984.4
1325560 987.8
1325570 987.8
1325580 992.0
1325590 996.4
1325600 996.4
1325610 1000.6
1325620 1005.0
1325630 1005.0
1325640 1010.1
1325650 1016.1
1325660 1016.1
1325670 1020.7
1325680 1024.9
1325690 1029.1
1325700 1029.1
1325710 1035.0
1325720 1040.5
1325730 1040.5
1325740 1045.9
1325750 1051.0
1325760 1051.0
1325770 1055.6
1325780 1059.9
1325790 1059.9
1325800 1063.8
1325810 1073.2
1325820 1073.2
1325830 1076.8
1325840 1080.6
1325850 1080.6
1325860 1085.8
1325870 1091.2
1325880 1091.2
1325890 1096.0
1325900 1100.4
1325910 1100.4
1325920 1104.8
1325930 1110.2
1325940 1110.2
1325950 1116.5
1325960 1122.7
1325970 1122.7
1325980 1129.9
1325990 1137.0
1326000 1144.3
1326010 1144.3
1326020 1150.8
1326030 1157.4
1326040 1157.4
1326050 1163.9
1326060 1170.2
1326070 1170.2
1326080 1176.0
1326090 1180.2
1326100 1180.2
1326110 1185.0
1326120 1191.6
1326130 1191.6
1326140 1197.5
1326150 1200.6
1326160 1200.6
1326170 1205.5
1326180 1221.3
1326190 1221.3
1326200 1237.8
1326210 1241.9
1326220 1241.9
1326230 1245.7
1326240 1252.6
1326250 1252.6
1326260 1250.5
1326270 1254.0
1326280 1258.8
1326290 1258.8
1326300 1259.7
1326310 1264.8
1326320 1264.8
1326330 1269.8
1326340 1275.5
1326350 1275.5
1326360 1282.2
1326370 1289.3
1326380 1289.3
1326390 1296.3
1326400 1302.6
1326410 1302.6
1326420 1309.8
1326430 1316.4
1326440 1316.4
1326450 1324.4
1326460 1334.6
1326470 1334.6
1326480 1342.6
1326490 1348.5
1326500 1348.5
1326510 1357.8
1326520 1364.8
1326530 1364.8
1326540 1367.2
1326550 1369.8
1326560 1369.8
1326570 1373.8
1326580 1377.3
1326590 1380.5
1326600 1380.5
1326610 1386.6
1326620 1389.5
1326630 1389.5
1326640 1393.3
1326650 1398.6
1326660 1398.6
1326670 1403.4
1326680 1405.4
1326690 1405.4
1326700 1406.9
1326710 1408.5
1326720 1408.5
1326730 1409.5
1326740 1409.8
1326750 1409.8
1326760 1410.2
1326770 1411.9
1326780 1411.9
1326790 1415.7
1326800 1420.3
1326810 1420.3
1326820 1425.3
1326830 1430.4
1326840 1430.4
1326850 1434.2
1326860 1437.2
1326870 1437.2
1326880 1439.0
1326890 1440.0
1326900 1439.8
1326910 1439.8
1326920 1440.9
1326930 1442.1
1326940 1442.1
1326950 1442.3
1326960 1443.3
1326970 1443.3
1326980 1445.1
1326990 1448.0
1327000 1448.0
1327010 1450.8
1327020 1454.6
1327030 1454.6
1327040 1459.9
1327050 1465.5
1327060 1465.5
1327070 1468.5
1327080 1468.8
1327090 1468.8
1327100 1468.6
1327110 1469.0
1327120 1469.0
1327130 1469.9
1327140 1471.1
1327150 1471.1
1327160 1471.8
1327170 1472.3
1327180 1472.3
1327190 1473.3
1327200 1474.9
1327210 1476.5
1327220 1476.5
1327230 1477.9
1327240 1479.5
1327250 1479.5
1327260 1480.6
1327270 1480.8
1327280 1480.8
1327290 1481.0
1327300 1481.5
1327310 1481.5
1327320 1482.4
1327330 1483.2
1327340 1483.2
1327350 1483.9
1327360 1484.5
1327370 1484.5
1327380 1485.1
1327390 1486.2
1327400 1486.2
1327410 1487.4
1327420 1489.9
1327430 1489.9
1327440 1489.5
1327450 1488.2
1327460 1488.2
1327470 1486.5
1327480 1484.7
1327490 1484.7
1327500 1481.9
1327510 1479.1
1327520 1476.5
1327530 1476.5
1327540 1473.4
1327550 1469.7
1327560 1469.7
1327570 1466.1
1327580 1462.9
1327590 1462.9
1327600 1459.6
1327610 1456.6
1327620 1456.6
1327630 1454.0
1327640 1451.2
1327650 1451.2
1327660 1448.2
1327670 1444.6
1327680 1444.6
1327690 1441.8
1327700 1439.8
1327710 1439.8
1327720 1437.9
1327730 1435.7
1327740 1435.7
1327750 1433.6
1327760 1431.8
1327770 1431.8
1327780 1430.0
1327790 1428.9
1327800 1428.9
1327810 1428.9
1327820 1429.3
1327830 1429.7
1327840 1429.7
1327850 1430.1
1327860 1430.2
1327870 1430.2
1327880 1429.9
1327890 1429.5
1327900 1429.5
1327910 1429.7
1327920 1429.3
1327930 1429.3
1327940 1429.9
1327950 1432.0
1327960 1432.0
1327970 1433.9
1327980 1436.0
1327990 1436.0
1328000 1438.2
1328010 1440.7
1328020 1440.7
1328030 1443.0
1328040 1445.1
1328050 1445.1
1328060 1447.0
1328070 1448.6
1328080 1448.6
1328090 1449.5
1328100 1449.4
1328110 1450.4
1328120 1450.4
1328130 1451.3
1328140 1451.3
1328150 1451.3
1328160 1451.2
1328170 1451.4
1328180 1451.4
1328190 1451.2
1328200 1450.9
1328210 1450.9
1328220 1450.9
1328230 1451.0
1328240 1447.2
1328250 1447.9
1328260 1449.4
1328270 1449.4
1328280 1451.0
1328290 1452.0
1328300 1452.0
1328310 1452.3
1328320 1452.0
1328330 1452.0
1328340 1450.7
1328350 1448.2
1328360 1448.2
1328370 1446.1
1328380 1444.9
1328390 1444.9
1328400 1445.0
1328410 1445.5
1328420 1445.5
1328430 1445.5
1328440 1445.8
1328450 1447.2
1328460 1447.2
1328470 1449.9
1328480 1453.8
1328490 1453.8
1328500 1457.8
1328510 1462.5
1328520 1462.5
1328530 1467.4
1328540 1469.4
1328550 1469.4
1328560 1469.0
1328570 1468.5
1328580 1468.5
1328590 1468.7
1328600 1469.0
1328610 1469.0
1328620 1469.3
1328630 1470.1
1328640 1470.1
1328650 1470.6
1328660 1474.2
1328670 1474.2
1328680 1478.0
1328690 1479.7
1328700 1479.7
1328710 1480.6
1328720 1480.5
1328730 1477.7
1328740 1477.7
1328750 1472.8
1328760 1466.8
1328770 1466.8
1328780 1459.7
1328790 1453.3
1328800 1453.3
1328810 1445.8
1328820 1438.1
1328830 1438.1
1328840 1431.7
1328850 1424.8
1328860 1424.8
1328870 1416.6
1328880 1406.8
1328890 1406.8
1328900 1405.1
1328910 1405.5
1328920 1405.5
1328930 1405.4
1328940 1407.1
1328950 1407.1
1328960 1403.0
1328970 1397.9
1328980 1397.9
1328990 1393.0
1329000 1389.6
1329010 1389.6
1329020 1385.6
1329030 1380.9
1329040 1376.4
1329050 1376.4
1329060 1362.3
1329070 1357.5
1329080 1357.5
1329090 1351.7
1329100 1342.1
1329110 1342.1
1329120 1330.1
1329130 1320.5
1329140 1320.5
1329150 1314.9
1329160 1317.9
1329170 1317.9
1329180 1342.6
1329190 1357.6
1329200 1357.6
1329210 1366.7
1329220 1376.3
1329230 1376.3
1329240 1387.0
1329250 1394.0
1329260 1394.0
1329270 1395.1
1329280 1390.1
1329290 1390.1
1329300 1393.7
1329310 1399.4
1329320 1407.5
1329330 1407.5
1329340 1419.3
1329350 1429.8
1329360 1429.8
1329370 1435.3
1329380 1439.3
1329390 1439.3
1329400 1437.7
1329410 1427.3
1329420 1427.3
1329430 1422.3
1329440 1419.6
1329450 1419.6
1329460 1424.9
1329470 1431.7
1329480 1431.7
1329490 1430.6
1329500 1426.3
1329510 1426.3
1329520 1425.5
1329530 1424.6
1329540 1424.6
1329550 1424.2
1329560 1425.1
1329570 1425.1
1329580 1430.7
1329590 1454.6
1329600 1454.6
1329610 1462.9
1329620 1462.2
1329630 1461.2
1329640 1461.2
1329650 1457.5
1329660 1452.9
1329670 1452.9
1329680 1445.7
1329690 1435.1
1329700 1435.1
1329710 1424.2
1329720 1424.2
1329730 1424.2
1329740 1427.8
1329750 1437.7
1329760 1437.7
1329770 1457.1
1329780 1477.8
1329790 1477.8
1329800 1504.6
1329810 1519.6
1329820 1519.6
1329830 1525.0
1329840 1522.4
1329850 1522.4
1329860 1515.1
1329870 1511.6
1329880 1495.6
1329890 1508.5
1329900 1538.8
1329910 1538.8
1329920 1546.2
1329930 1547.4
1329940 1550.6
1329950 1550.6
1329960 1556.2
1329970 1555.3
1329980 1555.3
1329990 1551.7
1330000 1548.2
1330010 1548.2
1330020 1545.4
1330030 1542.0
1330040 1542.0
1330050 1537.7
1330060 1534.7
1330070 1534.7
1330080 1532.9
1330090 1533.7
1330100 1533.7
1330110 1530.4
1330120 1527.5
1330130 1527.5
1330140 1524.9
1330150 1526.7
1330160 1526.7
1330170 1529.7
1330180 1532.2
1330190 1532.2
1330200 1530.3
1330210 1525.0
1330220 1525.0
1330230 1518.1
1330240 1508.8
1330250 1504.8
1330260 1504.8
1330270 1513.7
1330280 1526.3
1330290 1526.3
1330300 1524.0
1330310 1521.0
1330320 1521.0
1330330 1522.3
1330340 1525.7
1330350 1525.7
1330360 1533.3
1330370 1541.7
1330380 1541.7
1330390 1546.7
1330400 1544.7
1330410 1544.7
1330420 1541.4
1330430 1537.5
1330440 1537.5
1330450 1534.9
1330460 1537.2
1330470 1537.2
1330480 1535.7
1330490 1533.9
1330500 1533.9
1330510 1549.9
1330520 1568.3
1330530 1568.3
1330540 1581.2
1330550 1589.2
1330560 1593.9
1330570 1593.9
1330580 1601.3
1330590 1609.8
1330600 1609.8
1330610 1620.2
1330620 1631.7
1330630 1631.7
1330640 1648.7
1330650 1657.9
1330660 1657.9
1330670 1662.8
1330680 1666.8
1330690 1666.8
1330700 1678.2
1330710 1708.8
1330720 1708.8
1330730 1741.7
1330740 1755.7
1330750 1755.7
1330760 1755.8
1330770 1746.1
1330780 1746.1
1330790 1736.4
1330800 1728.4
1330810 1728.4
1330820 1720.3
1330830 1708.8
1330840 1694.7
1330850 1694.7
1330860 1679.8
1330870 1677.8
1330880 1677.8
1330890 1682.0
1330900 1689.6
1330910 1689.6
1330920 1700.8
1330930 1714.4
1330940 1714.4
1330950 1732.9
1330960 1748.1
1330970 1748.1
1330980 1742.5
1330990 1728.5
1331000 1728.5
1331010 1724.2
1331020 1743.5
1331030 1743.5
1331040 1763.7
1331050 1762.9
1331060 1762.9
1331070 1759.0
1331080 1754.3
1331090 1754.3
1331100 1748.3
1331110 1741.2
1331120 1741.2
1331130 1733.3
1331140 1726.6
1331150 1720.1
1331160 1720.1
1331170 1714.3
1331180 1707.2
1331190 1707.2
1331200 1701.1
1331210 1695.1
1331220 1695.1
1331230 1688.0
1331240 1679.4
1331250 1679.4
1331260 1670.3
1331270 1660.6
1331280 1660.6
1331290 1650.4
1331300 1639.5
1331310 1639.5
1331320 1631.2
1331330 1623.0
1331340 1623.0
1331350 1615.0
1331360 1606.7
1331370 1606.7
1331380 1598.6
1331390 1590.0
1331400 1590.0
1331410 1582.3
1331420 1573.8
1331430 1573.8
1331440 1564.5
1331450 1555.3
1331460 1546.5
1331470 1546.5
1331480 1538.3
1331490 1530.4
1331500 1530.4
1331510 1523.5
1331520 1518.2
1331530 1518.2
1331540 1509.0
1331550 1505.7
1331560 1505.7
1331570 1502.2
1331580 1498.1
1331590 1498.1
1331600 1493.3
1331610 1488.1
1331620 1488.1
1331630 1482.8
1331640 1478.0
1331650 1478.0
1331660 1473.6
1331670 1469.4
1331680 1469.4
1331690 1464.8
1331700 1460.3
1331710 1460.3
1331720 1456.1
1331730 1453.8
1331740 1453.8
1331750 1453.3
1331760 1453.3
1331770 1453.7
1331780 1453.7
1331790 1454.5
1331800 1456.6
1331810 1456.6
1331820 1458.1
1331830 1457.9
1331840 1457.9
1331850 1457.1
1331860 1458.4
1331870 1458.4
1331880 1458.9
1331890 1459.4
1331900 1459.4
1331910 1462.2
1331920 1460.3
1331930 1460.3
1331940 1455.3
1331950 1451.0
1331960 1451.0
1331970 1445.9
1331980 1439.6
1331990 1439.6
1332000 1434.5
1332010 1429.7
1332020 1429.7
1332030 1425.1
1332040 1421.1
1332050 1421.1
1332060 1417.1
1332070 1409.0
1332080 1399.2
1332090 1399.2
1332100 1391.3
1332110 1386.7
1332120 1386.7
1332130 1381.9
1332140 1377.2
1332150 1377.2
1332160 1373.2
1332170 1368.1
1332180 1368.1
1332190 1363.5
1332200 1359.8
1332210 1359.8
1332220 1356.2
1332230 1352.6
1332240 1352.6
1332250 1349.9
1332260 1347.9
1332270 1347.9
1332280 1347.8
1332290 1349.3
1332300 1349.3
1332310 1353.5
1332320 1359.7
1332330 1359.7
1332340 1366.2
1332350 1373.3
1332360 1380.8
1332370 1384.2
1332380 1395.4
1332390 1400.1
1332400 1400.1
1332410 1403.9
1332420 1407.2
1332430 1407.2
1332440 1412.0
1332450 1418.5
1332460 1418.5
1332470 1430.6
1332480 1436.0
1332490 1436.0
1332500 1438.3
1332510 1441.8
1332520 1441.8
1332530 1446.1
1332540 1450.7
1332550 1450.7
1332560 1455.6
1332570 1460.3
1332580 1460.3
1332590 1464.3
1332600 1467.8
1332610 1467.8
1332620 1471.0
1332630 1475.1
1332640 1475.1
1332650 1479.6
1332660 1484.8
1332670 1490.5
1332680 1490.5
1332690 1495.7
1332700 1501.6
1332710 1501.6
1332720 1508.2
1332730 1515.7
1332740 1515.7
1332750 1523.7
1332760 1530.6
1332770 1530.6
1332780 1535.4
1332790 1533.0
1332800 1533.0
1332810 1531.8
1332820 1533.1
1332830 1533.1
1332840 1537.0
1332850 1541.4
1332860 1541.4
1332870 1546.8
1332880 1552.5
1332890 1552.5
1332900 1554.9
1332910 1556.3
1332920 1556.3
1332930 1558.7
1332940 1562.1
1332950 1562.1
1332960 1566.2
1332970 1570.8
1332980 1575.0
1332990 1575.0
1333000 1577.9
1333010 1580.1
1333020 1580.1
1333030 1582.5
1333040 1584.5
1333050 1584.5
1333060 1585.5
1333070 1586.9
1333080 1586.9
1333090 1587.4
1333100 1586.8
1333110 1586.8
1333120 1587.3
1333130 1588.4
1333140 1588.4
1333150 1589.4
1333160 1588.6
1333170 1588.6
1333180 1586.0
1333190 1584.3
1333200 1584.3
1333210 1582.9
1333220 1586.9
1333230 1586.9
1333240 1586.5
1333250 1585.3
1333260 1585.3
1333270 1582.6
1333280 1578.5
1333290 1574.4
1333300 1574.4
1333310 1571.2
1333320 1568.5
1333330 1568.5
1333340 1566.1
1333350 1563.2
1333360 1563.2
1333370 1561.1
1333380 1560.1
1333390 1560.1
1333400 1559.5
1333410 1558.0
1333420 1558.0
1333430 1556.2
1333440 1553.4
1333450 1553.4
1333460 1549.9
1333470 1547.4
1333480 1547.4
1333490 1544.9
1333500 1542.6
1333510 1542.6
1333520 1541.1
1333530 1538.8
1333540 1538.8
1333550 1534.0
1333560 1531.7
1333570 1529.1
1333580 1529.1
1333590 1523.7
1333600 1515.9
1333610 1515.9
1333620 1509.2
1333630 1503.5
1333640 1503.5
1333650 1497.0
1333660 1490.5
1333670 1490.5
1333680 1483.7
1333690 1475.9
1333700 1475.9
1333710 1476.0
1333720 1485.5
1333730 1485.5
1333740 1494.6
1333750 1496.5
1333760 1496.5
1333770 1494.8
1333780 1494.9
1333790 1494.9
1333800 1493.7
1333810 1486.9
1333820 1486.9
1333830 1481.0
1333840 1475.9
1333850 1475.9
1333860 1478.9
1333870 1485.2
1333880 1490.6
1333890 1490.6
1333900 1497.4
1333910 1503.8
1333920 1503.8
1333930 1510.2
1333940 1516.3
1333950 1516.3
1333960 1518.7
1333970 1520.2
1333980 1520.2
1333990 1522.3
1334000 1525.0
1334010 1525.0
1334020 1527.2
1334030 1529.3
1334040 1529.3
1334050 1531.1
1334060 1538.2
1334070 1538.2
1334080 1539.1
1334090 1539.4
1334100 1539.4
1334110 1540.7
1334120 1541.9
1334130 1541.9
1334140 1543.0
1334150 1543.5
1334160 1543.5
1334170 1543.3
1334180 1543.1
1334190 1543.2
1334200 1543.2
1334210 1543.9
1334220 1544.6
1334230 1544.6
1334240 1545.4
1334250 1546.0
1334260 1546.0
1334270 1546.3
1334280 1546.5
1334290 1546.5
1334300 1546.4
1334310 1545.2
1334320 1545.2
1334330 1544.8
1334340 1544.7
1334350 1544.7
1334360 1544.3
1334370 1543.9
1334380 1543.9
1334390 1542.5
1334400 1540.9
1334410 1540.9
1334420 1539.5
1334430 1538.0
1334440 1538.0
1334450 1536.0
1334460 1532.8
1334470 1532.8
1334480 1528.9
1334490 1525.7
1334500 1523.4
1334510 1523.4
1334520 1521.2
1334530 1518.5
1334540 1518.5
1334550 1515.7
1334560 1512.9
1334570 1512.9
1334580 1511.1
1334590 1509.7
1334600 1509.7
1334610 1508.1
1334620 1506.3
1334630 1506.3
1334640 1503.8
1334650 1502.8
1334660 1502.8
1334670 1501.0
1334680 1499.0
1334690 1499.0
1334700 1497.7
1334710 1497.1
1334720 1497.1
1334730 1497.3
1334740 1497.3
1334750 1497.3
1334760 1497.9
1334770 1497.7
1334780 1497.7
1334790 1497.6
1334800 1497.2
1334810 1496.3
1334820 1496.3
1334830 1495.0
1334840 1492.5
1334850 1492.5
1334860 1489.5
1334870 1486.9
1334880 1486.9
1334890 1484.5
1334900 1481.8
1334910 1481.5
1334920 1478.0
1334930 1474.7
1334940 1474.7
1334950 1471.5
1334960 1469.0
1334970 1469.0
1334980 1467.2
1334990 1465.4
1335000 1465.4
1335010 1462.9
1335020 1460.8
1335030 1460.8
1335040 1457.7
1335050 1454.1
1335060 1454.1
1335070 1451.2
1335080 1448.6
1335090 1446.2
1335100 1446.2
1335110 1444.2
1335120 1441.2
1335130 1441.2
1335140 1436.9
1335150 1432.6
1335160 1432.6
1335170 1429.0
1335180 1425.8
1335190 1425.8
1335200 1421.8
1335210 1416.4
1335220 1416.4
1335230 1410.2
1335240 1404.5
1335250 1404.5
1335260 1398.7
1335270 1392.7
1335280 1392.7
1335290 1386.6
1335300 1381.3
1335310 1381.3
1335320 1375.8
1335330 1368.8
1335340 1368.8
1335350 1360.6
1335360 1355.9
1335370 1355.9
1335380 1353.4
1335390 1350.6
1335400 1346.8
1335410 1346.8
1335420 1341.5
1335430 1335.0
1335440 1335.0
1335450 1328.8
1335460 1323.6
1335470 1323.6
1335480 1320.2
1335490 1315.5
1335500 1315.5
1335510 1309.2
1335520 1304.6
1335530 1304.6
1335540 1301.5
1335550 1299.1
1335560 1299.1
1335570 1296.7
1335580 1295.7
1335590 1295.7
1335600 1296.6
1335610 1295.5
1335620 1295.5
1335630 1286.5
1335640 1274.5
1335650 1274.5
1335660 1271.3
1335670 1270.4
1335680 1270.4
1335690 1272.9
1335700 1269.1
1335710 1260.9
1335720 1260.9
1335730 1252.6
1335740 1246.9
1335750 1246.9
1335760 1240.2
1335770 1230.4
1335780 1230.4
1335790 1232.7
1335800 1236.4
1335810 1236.4
1335820 1236.7
1335830 1233.0
1335840 1233.0
1335850 1230.0
1335860 1228.0
1335870 1228.0
1335880 1226.9
1335890 1228.0
1335900 1228.0
1335910 1231.3
1335920 1235.2
1335930 1235.2
1335940 1234.7
1335950 1228.0
1335960 1228.0
1335970 1221.6
1335980 1216.8
1335990 1216.8
1336000 1212.0
1336010 1207.5
1336020 1202.0
1336030 1202.0
1336040 1197.3
1336050 1193.6
1336060 1193.6
1336070 1189.9
1336080 1186.0
1336090 1186.0
1336100 1179.8
1336110 1174.1
1336120 1174.1
1336130 1169.9
1336140 1165.3
1336150 1165.3
1336160 1159.7
1336170 1152.1
1336180 1152.1
1336190 1145.0
1336200 1139.1
1336210 1139.1
1336220 1131.8
1336230 1124.0
1336240 1124.0
1336250 1114.2
1336260 1105.3
1336270 1105.3
1336280 1098.6
1336290 1093.5
1336300 1093.5
1336310 1089.7
1336320 1085.5
1336330 1081.1
1336340 1081.1
1336350 1078.5
1336360 1076.2
1336370 1076.2
1336380 1073.4
1336390 1070.8
1336400 1070.8
1336410 1069.5
1336420 1068.0
1336430 1068.0
1336440 1066.7
1336450 1064.5
1336460 1064.5
1336470 1062.7
1336480 1062.3
1336490 1062.3
1336500 1064.3
1336510 1070.3
1336520 1070.3
1336530 1076.0
1336540 1081.8
1336550 1081.8
1336560 1086.7
1336570 1093.0
1336580 1093.0
1336590 1099.5
1336600 1105.0
1336610 1108.3
1336620 1108.3
1336630 1115.3
1336640 1117.7
1336650 1117.7
1336660 1118.9
1336670 1119.8
1336680 1119.8
1336690 1118.9
1336700 1118.8
1336710 1118.8
1336720 1123.2
1336730 1126.6
1336740 1126.6
1336750 1130.4
1336760 1135.2
1336770 1135.2
1336780 1140.8
1336790 1146.5
1336800 1146.5
1336810 1152.6
1336820 1157.8
1336830 1157.8
1336840 1163.5
1336850 1169.6
1336860 1169.6
1336870 1175.2
1336880 1179.5
1336890 1179.5
1336900 1182.0
1336910 1184.6
1336920 1189.6
1336930 1189.6
1336940 1194.5
1336950 1196.3
1336960 1196.3
1336970 1197.1
1336980 1198.2
1336990 1198.2
1337000 1199.2
1337010 1199.4
1337020 1199.4
1337030 1197.8
1337040 1195.9
1337050 1195.9
1337060 1194.2
1337070 1191.7
1337080 1191.7
1337090 1189.3
1337100 1188.0
1337110 1188.0
1337120 1185.8
1337130 1182.9
1337140 1182.9
1337150 1179.2
1337160 1175.0
1337170 1175.0
1337180 1170.9
1337190 1166.3
1337200 1166.3
1337210 1160.0
1337220 1151.8
1337230 1142.8
1337240 1142.8
1337250 1139.6
1337260 1143.2
1337270 1143.2
1337280 1146.7
1337290 1150.9
1337300 1150.9
1337310 1156.0
1337320 1161.4
1337330 1161.4
1337340 1166.3
1337350 1170.4
1337360 1170.4
1337370 1173.5
1337380 1177.6
1337390 1177.6
1337400 1181.0
1337410 1184.0
1337420 1184.0
1337430 1187.2
1337440 1190.2
1337450 1190.2
1337460 1192.8
1337470 1194.3
1337480 1194.3
1337490 1200.4
1337500 1200.9
1337510 1200.9
1337520 1200.6
1337530 1200.2
1337540 1199.8
1337550 1199.8
1337560 1199.4
1337570 1198.7
1337580 1198.7
1337590 1197.6
1337600 1196.3
1337610 1196.3
1337620 1194.7
1337630 1193.2
1337640 1193.2
1337650 1191.6
1337660 1190.5
1337670 1190.5
1337680 1189.4
1337690 1187.9
1337700 1187.9
1337710 1186.0
1337720 1183.9
1337730 1183.9
1337740 1181.6
1337750 1179.2
1337760 1179.2
1337770 1176.7
1337780 1173.9
1337790 1173.9
1337800 1171.3
1337810 1168.4
1337820 1165.5
1337830 1165.5
1337840 1162.2
1337850 1159.0
1337860 1159.0
1337870 1156.3
1337880 1153.7
1337890 1153.7
1337900 1151.2
1337910 1148.6
1337920 1148.6
1337930 1145.9
1337940 1143.0
1337950 1143.0
1337960 1140.8
1337970 1138.5
1337980 1138.5
1337990 1136.0
1338000 1133.5
1338010 1133.5
1338020 1131.6
1338030 1129.7
1338040 1129.7
1338050 1128.5
1338060 1127.6
1338070 1127.6
1338080 1126.2
1338090 1123.9
1338100 1123.9
1338110 1121.0
1338120 1118.1
1338130 1116.1
1338140 1116.1
1338150 1114.2
1338160 1112.2
1338170 1112.2
1338180 1110.5
1338190 1108.8
1338200 1108.8
1338210 1106.7
1338220 1104.8
1338230 1104.8
1338240 1102.5
1338250 1100.3
1338260 1100.3
1338270 1098.4
1338280 1096.5
1338290 1096.5
1338300 1094.7
1338310 1092.7
1338320 1092.7
1338330 1090.5
1338340 1088.0
1338350 1088.0
1338360 1085.3
1338370 1083.2
1338380 1083.2
1338390 1081.6
1338400 1079.6
1338410 1079.6
1338420 1076.6
1338430 1073.7
1338440 1072.0
1338450 1072.0
1338460 1069.7
1338470 1066.5
1338480 1066.5
1338490 1062.6
1338500 1057.8
1338510 1057.8
1338520 1052.5
1338530 1047.9
1338540 1047.9
1338550 1044.4
1338560 1042.4
1338570 1042.4
1338580 1040.3
1338590 1036.7
1338600 1036.7
1338610 1033.4
1338620 1031.5
1338630 1031.5
1338640 1030.0
1338650 1028.3
1338660 1028.3
1338670 1026.0
1338680 1023.8
1338690 1023.8
1338700 1021.5
1338710 1018.8
1338720 1018.8
1338730 1017.2
1338740 1014.9
1338750 1013.1
1338760 1013.1
1338770 1011.0
1338780 1007.8
1338790 1007.8
1338800 1005.3
1338810 1003.0
1338820 1003.0
1338830 1000.0
1338840 996.5
1338850 996.5
1338860 994.0
1338870 990.6
1338880 990.6
1338890 987.7
1338900 985.2
1338910 985.2
1338920 983.6
1338930 981.9
1338940 981.9
1338950 981.3
1338960 981.6
1338970 981.6
1338980 980.7
1338990 979.6
1339000 979.6
1339010 978.0
1339020 976.1
1339030 976.1
1339040 974.2
1339050 972.7
1339060 971.1
1339070 971.1
1339080 969.7
1339090 967.9
1339100 967.9
1339110 967.2
1339120 966.5
1339130 966.5
1339140 965.7
1339150 965.1
1339160 965.1
1339170 964.6
1339180 963.9
1339190 963.9
1339200 962.9
1339210 962.3
1339220 962.3
1339230 961.8
1339240 962.3
1339250 962.3
1339260 961.5
1339270 960.7
1339280 960.7
1339290 959.7
1339300 958.5
1339310 958.5
1339320 956.9
1339330 952.0
1339340 946.0
1339350 946.0
1339360 941.9
1339370 935.9
1339380 935.9
1339390 929.7
1339400 923.6
1339410 923.6
1339420 918.5
1339430 915.3
1339440 915.3
1339450 911.3
1339460 906.8
1339470 906.8
1339480 902.5
1339490 898.4
1339500 898.4
1339510 894.6
1339520 891.7
1339530 891.7
1339540 889.2
1339550 887.0
1339560 887.0
1339570 884.7
1339580 881.6
1339590 881.6
1339600 878.1
1339610 875.3
1339620 875.3
1339630 873.9
1339640 871.6
1339650 868.5
1339660 868.5
1339670 865.5
1339680 861.9
1339690 861.9
1339700 859.5
1339710 856.0
1339720 856.0
1339730 853.4
1339740 852.6
1339750 852.6
1339760 852.0
1339770 851.9
1339780 851.9
1339790 851.2
1339800 851.0
1339810 851.0
1339820 850.7
1339830 850.4
1339840 850.4
1339850 850.0
1339860 849.1
1339870 849.1
1339880 848.9
1339890 848.1
1339900 848.1
1339910 847.0
1339920 845.6
1339930 845.6
1339940 846.7
1339950 853.3
1339960 862.3
1339970 862.3
1339980 868.3
1339990 872.1
