1320000 518.9
1320010 518.9
1320020 518.8
1320030 518.8
1320040 518.9
1320050 518.9
1320060 518.9
1320070 518.9
1320080 518.9
1320090 518.8
1320100 518.8
1320110 518.7
1320120 518.5
1320130 518.5
1320140 518.3
1320150 518.1
1320160 518.1
1320170 518.2
1320180 518.4
1320190 518.4
1320200 518.8
1320210 519.1
1320220 519.1
1320230 519.3
1320240 519.3
1320250 519.3
1320260 519.3
1320270 520.6
1320280 520.6
1320290 524.4
1320300 528.5
1320310 528.5
1320320 533.6
1320330 540.8
1320340 540.8
1320350 554.9
1320360 565.9
1320370 565.9
1320380 570.6
1320390 573.4
1320400 575.4
1320410 575.4
1320420 578.8
1320430 583.1
1320440 583.1
1320450 588.2
1320460 592.8
1320470 592.8
1320480 596.7
1320490 600.2
1320500 600.2
1320510 603.0
1320520 603.9
1320530 603.9
1320540 605.4
1320550 608.4
1320560 608.4
1320570 611.7
1320580 614.8
1320590 614.8
1320600 618.1
1320610 620.5
1320620 620.5
1320630 622.4
1320640 623.2
1320650 623.2
1320660 623.0
1320670 622.7
1320680 622.7
1320690 622.4
1320700 622.3
1320710 623.5
1320720 623.5
1320730 627.1
1320740 630.4
1320750 630.4
1320760 632.5
1320770 634.2
1320780 634.2
1320790 635.4
1320800 635.2
1320810 635.2
1320820 638.1
1320830 641.9
1320840 641.9
1320850 644.6
1320860 647.6
1320870 647.6
1320880 649.8
1320890 650.5
1320900 650.5
1320910 652.5
1320920 654.5
1320930 654.5
1320940 655.5
1320950 656.4
1320960 656.4
1320970 656.8
1320980 657.1
1320990 657.1
1321000 657.3
1321010 657.4
1321020 657.4
1321030 657.4
1321040 657.4
1321050 656.7
1321060 656.7
1321070 656.6
1321080 656.5
1321090 656.5
1321100 655.6
1321110 654.8
1321120 654.8
1321130 654.5
1321140 652.8
1321150 652.8
1321160 652.6
1321170 652.1
1321180 652.1
1321190 651.3
1321200 650.6
1321210 650.6
1321220 649.7
1321230 648.9
1321240 648.9
1321250 648.2
1321260 647.5
1321270 647.5
1321280 646.9
1321290 646.3
1321300 646.3
1321310 645.7
1321320 640.3
1321330 638.4
1321340 638.4
1321350 638.1
1321360 638.4
1321370 638.4
1321380 640.4
1321390 642.7
1321400 642.7
1321410 644.0
1321420 645.1
1321430 645.1
1321440 647.4
1321450 649.2
1321460 649.2
1321470 650.2
1321480 651.1
1321490 651.1
1321500 651.8
1321510 652.4
1321520 652.4
1321530 652.8
1321540 652.9
1321550 652.9
1321560 652.9
1321570 652.8
1321580 652.8
1321590 652.6
1321600 652.1
1321610 652.1
1321620 651.2
1321630 650.0
1321640 649.1
1321650 649.1
1321660 649.1
1321670 649.4
1321680 649.4
1321690 649.5
1321700 649.3
1321710 649.3
1321720 648.9
1321730 648.5
1321740 648.5
1321750 648.2
1321760 647.2
1321770 647.2
1321780 645.9
1321790 645.0
1321800 645.0
1321810 643.5
1321820 639.5
1321830 639.5
1321840 634.0
1321850 629.0
1321860 629.0
1321870 624.7
1321880 622.3
1321890 622.3
1321900 620.9
1321910 619.9
1321920 619.9
1321930 619.5
1321940 619.3
1321950 619.4
1321960 619.4
1321970 619.8
1321980 620.3
1321990 620.3
1322000 620.9
1322010 621.6
1322020 621.6
1322030 622.2
1322040 622.8
1322050 622.8
1322060 623.4
1322070 624.7
1322080 624.7
1322090 626.8
1322100 624.4
1322110 624.4
1322120 626.7
1322130 630.0
1322140 630.0
1322150 633.2
1322160 634.8
1322170 634.8
1322180 635.8
1322190 635.9
1322200 635.9
1322210 635.8
1322220 636.4
1322230 636.7
1322240 636.7
1322250 637.1
1322260 637.3
1322270 637.3
1322280 637.3
1322290 637.4
1322300 637.4
1322310 637.3
1322320 637.1
1322330 637.1
1322340 637.0
1322350 636.9
1322360 636.9
1322370 636.9
1322380 636.8
1322390 636.8
1322400 636.7
1322410 636.7
1322420 636.7
1322430 636.5
1322440 636.3
1322450 636.3
1322460 636.5
1322470 636.2
1322480 636.2
1322490 636.1
1322500 636.2
1322510 636.2
1322520 636.1
1322530 635.6
1322540 635.4
1322550 635.4
1322560 635.3
1322570 635.3
1322580 635.3
1322590 635.5
1322600 635.5
1322610 635.5
1322620 635.7
1322630 636.0
1322640 636.0
1322650 636.4
1322660 636.6
1322670 636.6
1322680 636.5
1322690 636.6
1322700 636.6
1322710 636.8
1322720 636.7
1322730 636.7
1322740 636.9
1322750 637.0
1322760 637.0
1322770 636.9
1322780 636.9
1322790 636.9
1322800 637.0
1322810 637.2
1322820 637.2
1322830 637.3
1322840 637.4
1322850 637.4
1322860 637.4
1322870 637.3
1322880 637.4
1322890 637.8
1322900 637.6
1322910 637.5
1322920 637.5
1322930 637.5
1322940 637.6
1322950 637.6
1322960 637.8
1322970 638.4
1322980 638.4
1322990 639.2
1323000 639.5
1323010 639.5
1323020 639.6
1323030 639.7
1323040 639.7
1323050 640.2
1323060 640.6
1323070 640.6
1323080 641.4
1323090 642.6
1323100 642.6
1323110 643.9
1323120 645.4
1323130 645.4
1323140 646.5
1323150 647.4
1323160 648.2
1323170 648.2
1323180 649.0
1323190 650.1
1323200 650.1
1323210 650.8
1323220 651.6
1323230 651.6
1323240 652.3
1323250 653.3
1323260 653.3
1323270 654.4
1323280 655.6
1323290 655.6
1323300 656.7
1323310 657.8
1323320 657.8
1323330 659.0
1323340 660.3
1323350 660.3
1323360 661.6
1323370 662.8
1323380 662.8
1323390 663.7
1323400 664.9
1323410 664.9
1323420 666.0
1323430 666.9
1323440 666.9
1323450 667.8
1323460 668.5
1323470 664.6
1323480 664.6
1323490 656.1
1323500 648.4
1323510 648.4
1323520 641.0
1323530 632.8
1323540 632.8
1323550 624.6
1323560 617.1
1323570 617.1
1323580 613.4
1323590 612.6
1323600 612.6
1323610 612.5
1323620 612.2
1323630 612.2
1323640 612.3
1323650 612.6
1323660 612.6
1323670 612.7
1323680 613.6
1323690 613.6
1323700 614.3
1323710 614.8
1323720 614.8
1323730 615.5
1323740 616.1
1323750 616.1
1323760 616.8
1323770 617.5
1323780 618.1
1323790 618.1
1323800 618.9
1323810 621.0
1323820 621.0
1323830 623.3
1323840 623.8
1323850 623.8
1323860 624.4
1323870 625.2
1323880 625.2
1323890 625.9
1323900 626.9
1323910 626.9
1323920 630.6
1323930 634.6
1323940 634.6
1323950 638.7
1323960 642.6
1323970 642.6
1323980 646.7
1323990 651.0
1324000 651.0
1324010 654.6
1324020 659.3
1324030 659.3
1324040 666.1
1324050 673.2
1324060 673.2
1324070 677.5
1324080 679.7
1324090 682.7
1324100 682.7
1324110 687.2
1324120 690.0
1324130 690.0
1324140 692.7
1324150 695.4
1324160 695.4
1324170 697.0
1324180 697.9
1324190 697.9
1324200 699.9
1324210 703.9
1324220 703.9
1324230 707.3
1324240 708.4
1324250 708.4
1324260 707.0
1324270 704.2
1324280 704.2
1324290 704.2
1324300 702.4
1324310 702.4
1324320 698.2
1324330 697.0
1324340 697.0
1324350 695.4
1324360 692.9
1324370 692.9
1324380 691.1
1324390 689.9
1324400 689.4
1324410 689.4
1324420 689.5
1324430 690.0
1324440 690.0
1324450 690.1
1324460 689.4
1324470 686.4
1324480 686.7
1324490 687.9
1324500 687.9
1324510 688.8
1324520 687.0
1324530 687.0
1324540 684.4
1324550 683.4
1324560 683.4
1324570 683.1
1324580 683.5
1324590 683.5
1324600 684.5
1324610 685.7
1324620 685.7
1324630 686.8
1324640 688.1
1324650 688.1
1324660 689.2
1324670 689.7
1324680 689.7
1324690 691.2
1324700 696.4
1324710 701.1
1324720 701.1
1324730 700.1
1324740 697.7
1324750 697.7
1324760 698.0
1324770 701.1
1324780 701.1
1324790 705.3
1324800 711.0
1324810 711.0
1324820 716.3
1324830 720.7
1324840 720.7
1324850 724.5
1324860 728.0
1324870 728.0
1324880 730.7
1324890 732.4
1324900 732.4
1324910 734.3
1324920 736.8
1324930 736.8
1324940 739.4
1324950 742.1
1324960 742.1
1324970 746.5
1324980 750.4
1324990 750.4
1325000 753.4
1325010 755.3
1325020 751.5
1325030 751.5
1325040 755.4
1325050 758.2
1325060 758.2
1325070 759.9
1325080 760.6
1325090 760.6
1325100 762.3
1325110 766.2
1325120 766.2
1325130 771.0
1325140 775.0
1325150 775.0
1325160 779.8
1325170 784.7
1325180 784.7
1325190 786.4
1325200 789.5
1325210 789.5
1325220 799.1
1325230 810.1
1325240 810.1
1325250 819.6
1325260 827.2
1325270 823.7
1325280 826.1
1325290 827.9
1325300 829.3
1325310 829.3
1325320 828.1
1325330 825.8
1325340 825.8
1325350 824.8
1325360 827.8
1325370 827.8
1325380 833.4
1325390 844.6
1325400 844.6
1325410 851.4
1325420 853.1
1325430 853.1
1325440 852.8
1325450 852.2
1325460 852.2
1325470 851.9
1325480 849.6
1325490 849.6
1325500 846.7
1325510 843.3
1325520 843.3
1325530 839.0
1325540 840.5
1325550 840.5
1325560 843.2
1325570 844.6
1325580 844.6
1325590 843.5
1325600 842.4
1325610 840.9
1325620 840.9
1325630 842.0
1325640 843.7
1325650 843.7
1325660 844.5
1325670 846.6
1325680 846.6
1325690 849.9
1325700 854.4
1325710 854.4
1325720 859.2
1325730 862.9
1325740 862.9
1325750 869.5
1325760 879.2
1325770 879.2
1325780 883.2
1325790 884.4
1325800 884.4
1325810 884.0
1325820 882.1
1325830 882.1
1325840 881.1
1325850 879.9
1325860 879.9
1325870 878.0
1325880 877.4
1325890 877.4
1325900 879.3
1325910 883.8
1325920 889.0
1325930 889.0
1325940 893.4
1325950 897.9
1325960 897.9
1325970 901.6
1325980 910.3
1325990 910.3
1326000 919.2
1326010 923.0
1326020 923.0
1326030 924.3
1326040 929.1
1326050 929.1
1326060 937.1
1326070 936.0
1326080 936.0
1326090 942.3
1326100 946.9
1326110 946.9
1326120 950.7
1326130 953.5
1326140 953.5
1326150 955.0
1326160 957.4
1326170 957.4
1326180 961.8
1326190 966.4
1326200 966.4
1326210 970.7
1326220 975.0
1326230 979.8
1326240 979.8
1326250 983.4
1326260 988.3
1326270 988.3
1326280 993.4
1326290 998.7
1326300 998.7
1326310 1003.5
1326320 1009.2
1326330 1009.2
1326340 1014.8
1326350 1020.0
1326360 1020.0
1326370 1024.9
1326380 1029.3
1326390 1029.3
1326400 1032.5
1326410 1034.8
1326420 1034.8
1326430 1036.4
1326440 1039.2
1326450 1039.2
1326460 1041.6
1326470 1045.0
1326480 1045.0
1326490 1048.9
1326500 1053.3
1326510 1053.3
1326520 1056.8
1326530 1059.8
1326540 1063.4
1326550 1063.4
1326560 1066.2
1326570 1067.3
1326580 1067.3
1326590 1067.7
1326600 1068.9
1326610 1068.9
1326620 1073.4
1326630 1078.6
1326640 1078.6
1326650 1080.7
1326660 1082.6
1326670 1082.6
1326680 1085.0
1326690 1085.5
1326700 1085.5
1326710 1087.6
1326720 1091.8
1326730 1091.8
1326740 1095.1
1326750 1098.0
1326760 1098.0
1326770 1100.1
1326780 1103.3
1326790 1103.3
1326800 1107.9
1326810 1109.2
1326820 1109.2
1326830 1109.6
1326840 1110.0
1326850 1111.9
1326860 1111.9
1326870 1114.7
1326880 1119.2
1326890 1119.2
1326900 1122.5
1326910 1125.8
1326920 1125.8
1326930 1129.7
1326940 1133.9
1326950 1133.9
1326960 1137.5
1326970 1140.3
1326980 1140.3
1326990 1144.0
1327000 1150.0
1327010 1150.0
1327020 1154.7
1327030 1158.4
1327040 1158.4
1327050 1160.7
1327060 1162.7
1327070 1162.7
1327080 1164.5
1327090 1165.9
1327100 1165.9
1327110 1167.3
1327120 1168.8
1327130 1168.8
1327140 1170.8
1327150 1173.3
1327160 1176.1
1327170 1176.1
1327180 1178.9
1327190 1182.2
1327200 1182.2
1327210 1186.0
1327220 1190.0
1327230 1190.0
1327240 1193.7
1327250 1197.4
1327260 1197.4
1327270 1201.4
1327280 1205.8
1327290 1205.8
1327300 1210.0
1327310 1214.4
1327320 1214.4
1327330 1218.4
1327340 1222.5
1327350 1222.5
1327360 1227.0
1327370 1229.6
1327380 1229.6
1327390 1231.5
1327400 1233.7
1327410 1233.7
1327420 1235.6
1327430 1237.0
1327440 1237.0
1327450 1238.8
1327460 1241.8
1327470 1245.6
1327480 1245.6
1327490 1248.8
1327500 1250.8
1327510 1250.8
1327520 1252.8
1327530 1254.9
1327540 1254.9
1327550 1256.2
1327560 1258.1
1327570 1258.1
1327580 1260.8
1327590 1263.9
1327600 1263.9
1327610 1267.1
1327620 1271.0
1327630 1271.0
1327640 1275.9
1327650 1281.0
1327660 1281.0
1327670 1283.8
1327680 1285.6
1327690 1287.9
1327700 1290.3
1327710 1293.5
1327720 1293.5
1327730 1297.3
1327740 1300.9
1327750 1300.9
1327760 1303.7
1327770 1306.3
1327780 1307.9
1327790 1307.9
1327800 1308.4
1327810 1307.9
1327820 1307.9
1327830 1307.4
1327840 1307.5
1327850 1307.5
1327860 1307.3
1327870 1307.5
1327880 1307.5
1327890 1307.4
1327900 1306.2
1327910 1306.2
1327920 1305.6
1327930 1305.7
1327940 1305.7
1327950 1306.4
1327960 1307.6
1327970 1307.6
1327980 1309.4
1327990 1310.1
1328000 1310.1
1328010 1309.6
1328020 1309.3
1328030 1309.3
1328040 1307.9
1328050 1305.9
1328060 1304.3
1328070 1304.3
1328080 1304.8
1328090 1306.5
1328100 1306.5
1328110 1308.2
1328120 1309.3
1328130 1309.3
1328140 1311.4
1328150 1314.4
1328160 1314.4
1328170 1317.9
1328180 1321.6
1328190 1321.6
1328200 1325.3
1328210 1329.2
1328220 1329.2
1328230 1332.9
1328240 1336.8
1328250 1336.8
1328260 1341.0
1328270 1344.8
1328280 1344.8
1328290 1348.3
1328300 1351.3
1328310 1351.3
1328320 1354.3
1328330 1357.9
1328340 1357.9
1328350 1363.2
1328360 1368.9
1328370 1375.0
1328380 1375.0
1328390 1381.2
1328400 1386.2
1328410 1386.2
1328420 1388.6
1328430 1389.9
1328440 1389.9
1328450 1392.5
1328460 1395.8
1328470 1395.8
1328480 1399.6
1328490 1403.5
1328500 1403.5
1328510 1409.8
1328520 1414.5
1328530 1414.5
1328540 1419.4
1328550 1424.7
1328560 1424.7
1328570 1429.9
1328580 1435.0
1328590 1435.0
1328600 1438.3
1328610 1442.2
1328620 1442.2
1328630 1445.5
1328640 1449.3
1328650 1449.3
1328660 1452.5
1328670 1455.6
1328680 1461.1
1328690 1461.1
1328700 1468.5
1328710 1474.1
1328720 1474.1
1328730 1478.9
1328740 1487.4
1328750 1487.4
1328760 1502.4
1328770 1511.3
1328780 1511.3
1328790 1510.6
1328800 1512.4
1328810 1512.4
1328820 1524.9
1328830 1533.8
1328840 1533.8
1328850 1555.7
1328860 1557.6
1328870 1557.6
1328880 1558.8
1328890 1555.1
1328900 1555.1
1328910 1543.7
1328920 1541.5
1328930 1541.5
1328940 1549.5
1328950 1563.9
1328960 1563.9
1328970 1566.0
1328980 1564.9
1328990 1571.7
1329000 1571.7
1329010 1578.5
1329020 1582.9
1329030 1582.9
1329040 1584.9
1329050 1585.3
1329060 1585.3
1329070 1598.3
1329080 1607.8
1329090 1607.8
1329100 1611.7
1329110 1609.1
1329120 1609.1
1329130 1604.9
1329140 1601.8
1329150 1601.8
1329160 1599.8
1329170 1593.1
1329180 1593.1
1329190 1586.5
1329200 1581.2
1329210 1581.2
1329220 1576.3
1329230 1577.5
1329240 1577.5
1329250 1606.3
1329260 1619.5
1329270 1619.5
1329280 1615.3
1329290 1608.7
1329300 1603.8
1329310 1603.8
1329320 1619.1
1329330 1649.9
1329340 1649.9
1329350 1655.1
1329360 1654.5
1329370 1654.5
1329380 1652.7
1329390 1651.6
1329400 1651.6
1329410 1650.2
1329420 1650.8
1329430 1650.8
1329440 1651.3
1329450 1642.6
1329460 1642.6
1329470 1625.4
1329480 1614.3
1329490 1614.3
1329500 1613.3
1329510 1602.9
1329520 1602.9
1329530 1595.6
1329540 1598.4
1329550 1598.4
1329560 1598.3
1329570 1598.0
1329580 1598.0
1329590 1600.7
1329600 1602.6
1329610 1603.6
1329620 1603.6
1329630 1607.4
1329640 1612.0
1329650 1612.0
1329660 1613.4
1329670 1609.8
1329680 1609.8
1329690 1613.2
1329700 1627.7
1329710 1627.7
1329720 1643.8
1329730 1659.0
1329740 1659.0
1329750 1663.3
1329760 1666.9
1329770 1666.9
1329780 1665.6
1329790 1662.3
1329800 1662.3
1329810 1669.8
1329820 1693.0
1329830 1693.0
1329840 1695.9
1329850 1690.7
1329860 1690.7
1329870 1689.3
1329880 1692.5
1329890 1692.5
1329900 1694.9
1329910 1693.9
1329920 1692.6
1329930 1692.6
1329940 1689.9
1329950 1683.8
1329960 1683.8
1329970 1687.8
1329980 1702.3
1329990 1702.3
1330000 1708.7
1330010 1710.4
1330020 1710.4
1330030 1712.0
1330040 1714.2
1330050 1714.2
1330060 1715.2
1330070 1717.4
1330080 1717.4
1330090 1722.0
1330100 1726.8
1330110 1726.8
1330120 1729.8
1330130 1733.5
1330140 1733.5
1330150 1749.1
1330160 1755.8
1330170 1755.8
1330180 1754.7
1330190 1749.3
1330200 1749.3
1330210 1746.0
1330220 1745.8
1330230 1746.4
1330240 1746.4
1330250 1750.3
1330260 1752.7
1330270 1752.7
1330280 1751.4
1330290 1749.6
1330300 1749.6
1330310 1748.1
1330320 1745.9
1330330 1745.9
1330340 1742.9
1330350 1740.1
1330360 1740.1
1330370 1737.0
1330380 1733.1
1330390 1733.1
1330400 1728.5
1330410 1723.4
1330420 1723.4
1330430 1718.2
1330440 1712.8
1330450 1712.8
1330460 1707.0
1330470 1701.5
1330480 1701.5
1330490 1695.6
1330500 1690.1
1330510 1684.6
1330520 1684.6
1330530 1678.6
1330540 1672.1
1330550 1672.1
1330560 1664.7
1330570 1657.2
1330580 1657.2
1330590 1649.6
1330600 1641.9
1330610 1641.9
1330620 1634.6
1330630 1627.7
1330640 1627.7
1330650 1621.1
1330660 1613.7
1330670 1613.7
1330680 1606.0
1330690 1598.2
1330700 1598.2
1330710 1590.2
1330720 1582.9
1330730 1582.9
1330740 1575.5
1330750 1568.0
1330760 1568.0
1330770 1560.8
1330780 1554.0
1330790 1554.0
1330800 1546.4
1330810 1538.1
1330820 1531.1
1330830 1531.1
1330840 1524.4
1330850 1517.0
1330860 1517.0
1330870 1509.1
1330880 1501.1
1330890 1501.1
1330900 1492.7
1330910 1484.2
1330920 1484.2
1330930 1476.8
1330940 1470.1
1330950 1470.1
1330960 1463.9
1330970 1457.4
1330980 1457.6
1330990 1451.6
1331000 1444.9
1331010 1444.9
1331020 1438.2
1331030 1431.6
1331040 1431.6
1331050 1425.6
1331060 1419.4
1331070 1419.4
1331080 1412.5
1331090 1404.4
1331100 1404.4
1331110 1394.8
1331120 1385.4
1331130 1375.9
1331140 1375.9
1331150 1366.8
1331160 1366.7
1331170 1366.7
1331180 1371.0
1331190 1373.8
1331200 1373.8
1331210 1376.2
1331220 1377.3
1331230 1377.3
1331240 1373.8
1331250 1368.8
1331260 1368.8
1331270 1367.3
1331280 1366.8
1331290 1366.8
1331300 1362.6
1331310 1355.3
1331320 1355.3
1331330 1348.0
1331340 1339.4
1331350 1339.4
1331360 1330.3
1331370 1323.1
1331380 1323.1
1331390 1326.5
1331400 1335.3
1331410 1335.3
1331420 1339.2
1331430 1337.5
1331440 1338.9
1331450 1338.9
1331460 1341.5
1331470 1343.1
1331480 1343.1
1331490 1346.8
1331500 1352.1
1331510 1352.1
1331520 1353.1
1331530 1350.7
1331540 1350.7
1331550 1349.9
1331560 1347.9
1331570 1347.9
1331580 1344.6
1331590 1336.4
1331600 1336.4
1331610 1327.4
1331620 1322.1
1331630 1322.1
1331640 1325.3
1331650 1331.8
1331660 1331.8
1331670 1333.5
1331680 1332.7
1331690 1332.7
1331700 1334.2
1331710 1335.2
1331720 1335.2
1331730 1333.8
1331740 1331.3
1331750 1330.9
1331760 1330.9
1331770 1330.8
1331780 1329.9
1331790 1329.9
1331800 1330.4
1331810 1330.7
1331820 1336.1
1331830 1334.4
1331840 1331.7
1331850 1331.7
1331860 1330.6
1331870 1330.3
1331880 1330.3
1331890 1329.6
1331900 1328.2
1331910 1328.2
1331920 1326.3
1331930 1324.7
1331940 1324.7
1331950 1323.0
1331960 1321.6
1331970 1321.6
1331980 1320.1
1331990 1318.7
1332000 1318.7
1332010 1318.0
1332020 1316.8
1332030 1316.8
1332040 1315.7
1332050 1314.9
1332060 1314.4
1332070 1314.4
1332080 1314.0
1332090 1313.7
1332100 1313.7
1332110 1313.3
1332120 1312.5
1332130 1312.5
1332140 1311.3
1332150 1310.1
1332160 1310.1
1332170 1310.3
1332180 1309.4
1332190 1309.4
1332200 1308.8
1332210 1308.2
1332220 1308.2
1332230 1307.4
1332240 1305.7
1332250 1305.7
1332260 1306.2
1332270 1309.5
1332280 1309.5
1332290 1310.0
1332300 1310.1
1332310 1310.1
1332320 1310.3
1332330 1310.7
1332340 1310.7
1332350 1310.8
1332360 1310.2
1332370 1310.2
1332380 1310.2
1332390 1310.0
1332400 1309.8
1332410 1309.8
1332420 1309.4
1332430 1308.3
1332440 1308.3
1332450 1307.0
1332460 1306.5
1332470 1306.5
1332480 1306.2
1332490 1305.5
1332500 1305.5
1332510 1303.5
1332520 1300.9
1332530 1300.9
1332540 1299.4
1332550 1299.2
1332560 1299.2
1332570 1297.5
1332580 1293.1
1332590 1293.1
1332600 1287.4
1332610 1281.8
1332620 1281.8
1332630 1275.7
1332640 1268.8
1332650 1265.7
1332660 1259.4
1332670 1258.0
1332680 1257.6
1332690 1257.6
1332700 1255.0
1332710 1252.7
1332720 1252.7
1332730 1251.9
1332740 1252.3
1332750 1252.3
1332760 1253.1
1332770 1253.7
1332780 1253.7
1332790 1254.5
1332800 1255.8
1332810 1255.8
1332820 1254.5
1332830 1246.8
1332840 1246.8
1332850 1237.3
1332860 1233.6
1332870 1233.6
1332880 1236.6
1332890 1242.6
1332900 1242.6
1332910 1247.8
1332920 1253.5
1332930 1253.5
1332940 1259.6
1332950 1266.3
1332960 1273.5
1332970 1273.5
1332980 1279.6
1332990 1285.9
1333000 1285.9
1333010 1290.8
1333020 1292.6
1333030 1292.6
1333040 1295.6
1333050 1299.0
1333060 1299.0
1333070 1300.3
1333080 1301.1
1333090 1301.1
1333100 1301.6
1333110 1302.7
1333120 1302.7
1333130 1303.9
1333140 1305.0
1333150 1305.0
1333160 1305.4
1333170 1305.7
1333180 1305.7
1333190 1306.3
1333200 1305.9
1333210 1305.9
1333220 1306.1
1333230 1307.6
1333240 1307.6
1333250 1308.9
1333260 1310.0
1333270 1311.0
1333280 1311.0
1333290 1312.1
1333300 1311.4
1333310 1311.4
1333320 1308.3
1333330 1309.9
1333340 1309.9
1333350 1310.3
1333360 1309.8
1333370 1309.8
1333380 1310.2
1333390 1311.2
1333400 1311.2
1333410 1311.3
1333420 1310.7
1333430 1310.7
1333440 1310.0
1333450 1308.3
1333460 1308.3
1333470 1306.0
1333480 1303.9
1333490 1303.9
1333500 1304.4
1333510 1300.8
1333520 1300.8
1333530 1296.6
1333540 1291.3
1333550 1291.3
1333560 1284.4
1333570 1278.1
1333580 1272.8
1333590 1272.8
1333600 1265.5
1333610 1257.1
1333620 1257.1
1333630 1251.7
1333640 1259.6
1333650 1259.6
1333660 1266.0
1333670 1269.9
1333680 1269.9
1333690 1272.5
1333700 1273.2
1333710 1273.2
1333720 1277.1
1333730 1278.9
1333740 1278.9
1333750 1278.7
1333760 1276.8
1333770 1276.8
1333780 1271.5
1333790 1265.7
1333800 1265.7
1333810 1260.8
1333820 1254.8
1333830 1254.8
1333840 1251.2
1333850 1251.1
1333860 1251.1
1333870 1249.6
1333880 1245.9
1333890 1243.3
1333900 1243.3
1333910 1239.7
1333920 1235.3
1333930 1235.3
1333940 1230.8
1333950 1222.8
1333960 1222.8
1333970 1216.9
1333980 1215.8
1333990 1215.8
1334000 1220.3
1334010 1223.3
1334020 1223.3
1334030 1227.2
1334040 1231.1
1334050 1231.1
1334060 1234.7
1334070 1240.1
1334080 1240.1
1334090 1245.9
1334100 1252.6
1334110 1252.6
1334120 1258.6
1334130 1257.6
1334140 1257.6
1334150 1255.3
1334160 1255.6
1334170 1255.6
1334180 1255.4
1334190 1252.3
1334200 1248.5
1334210 1248.5
1334220 1246.7
1334230 1252.0
1334240 1252.0
1334250 1255.5
1334260 1256.3
1334270 1256.3
1334280 1257.4
1334290 1257.7
1334300 1257.7
1334310 1257.1
1334320 1255.5
1334330 1255.5
1334340 1253.6
1334350 1255.7
1334360 1255.7
1334370 1253.2
1334380 1250.0
1334390 1250.0
1334400 1245.2
1334410 1242.0
1334420 1242.0
1334430 1245.7
1334440 1252.3
1334450 1252.3
1334460 1257.2
1334470 1259.6
1334480 1259.6
1334490 1261.5
1334500 1263.0
1334510 1259.9
1334520 1259.9
1334530 1253.3
1334540 1247.6
1334550 1247.6
1334560 1242.7
1334570 1237.6
1334580 1237.6
1334590 1234.9
1334600 1238.1
1334610 1238.1
1334620 1245.5
1334630 1252.4
1334640 1252.4
1334650 1259.7
1334660 1262.3
1334670 1262.3
1334680 1257.2
1334690 1258.2
1334700 1258.2
1334710 1264.6
1334720 1270.1
1334730 1270.1
1334740 1275.2
1334750 1277.3
1334760 1277.3
1334770 1280.0
1334780 1282.3
1334790 1282.3
1334800 1283.5
1334810 1284.6
1334820 1285.7
1334830 1285.7
1334840 1286.0
1334850 1285.6
1334860 1285.6
1334870 1287.5
1334880 1291.3
1334890 1291.3
1334900 1293.3
1334910 1295.4
1334920 1295.4
1334930 1298.1
1334940 1300.0
1334950 1300.0
1334960 1301.5
1334970 1302.9
1334980 1302.9
1334990 1304.4
1335000 1306.4
1335010 1306.4
1335020 1307.2
1335030 1309.2
1335040 1309.2
1335050 1311.6
1335060 1313.9
1335070 1313.9
1335080 1316.2
1335090 1318.4
1335100 1318.4
1335110 1320.1
1335120 1321.8
1335130 1323.7
1335140 1323.7
1335150 1327.4
1335160 1331.0
1335170 1331.0
1335180 1333.7
1335190 1335.5
1335200 1339.2
1335210 1341.1
1335220 1343.9
1335230 1343.9
1335240 1346.5
1335250 1349.6
1335260 1349.6
1335270 1352.3
1335280 1354.7
1335290 1354.7
1335300 1359.1
1335310 1363.7
1335320 1363.7
1335330 1367.0
1335340 1369.7
1335350 1369.7
1335360 1372.1
1335370 1373.8
1335380 1373.8
1335390 1375.9
1335400 1377.4
1335410 1378.7
1335420 1378.7
1335430 1379.8
1335440 1380.8
1335450 1380.8
1335460 1381.4
1335470 1381.3
1335480 1381.3
1335490 1381.4
1335500 1381.2
1335510 1381.2
1335520 1380.4
1335530 1379.0
1335540 1379.0
1335550 1377.0
1335560 1374.7
1335570 1374.7
1335580 1373.1
1335590 1371.9
1335600 1371.9
1335610 1370.5
1335620 1368.5
1335630 1368.5
1335640 1366.8
1335650 1364.4
1335660 1364.4
1335670 1361.7
1335680 1358.5
1335690 1358.5
1335700 1355.1
1335710 1351.6
1335720 1348.2
1335730 1348.2
1335740 1344.3
1335750 1339.7
1335760 1339.7
1335770 1335.4
1335780 1331.5
1335790 1331.5
1335800 1328.0
1335810 1324.8
1335820 1324.8
1335830 1321.2
1335840 1317.4
1335850 1317.4
1335860 1313.9
1335870 1310.6
1335880 1310.6
1335890 1307.0
1335900 1303.2
1335910 1303.2
1335920 1297.3
1335930 1290.2
1335940 1290.2
1335950 1283.7
1335960 1279.6
1335970 1279.6
1335980 1276.7
1335990 1273.5
1336000 1273.5
1336010 1270.5
1336020 1268.2
1336030 1267.0
1336040 1267.0
1336050 1266.9
1336060 1267.8
1336070 1267.8
1336080 1265.8
1336090 1263.0
1336100 1263.0
1336110 1259.4
1336120 1254.5
1336130 1254.5
1336140 1248.7
1336150 1246.0
1336160 1246.0
1336170 1243.5
1336180 1239.3
1336190 1239.3
1336200 1234.4
1336210 1229.4
1336220 1229.4
1336230 1226.1
1336240 1222.9
1336250 1222.9
1336260 1218.4
1336270 1214.4
1336280 1214.4
1336290 1212.3
1336300 1211.2
1336310 1211.2
1336320 1209.8
1336330 1207.5
1336340 1205.3
1336350 1205.3
1336360 1203.4
1336370 1200.7
1336380 1200.7
1336390 1197.7
1336400 1193.8
1336410 1193.8
1336420 1189.9
1336430 1186.2
1336440 1186.2
1336450 1182.5
1336460 1178.5
1336470 1178.5
1336480 1174.5
1336490 1170.4
1336500 1170.4
1336510 1165.8
1336520 1161.2
1336530 1161.2
1336540 1157.0
1336550 1153.0
1336560 1153.0
1336570 1150.7
1336580 1147.0
1336590 1147.0
1336600 1143.5
1336610 1140.6
1336620 1140.6
1336630 1137.6
1336640 1134.5
1336650 1131.6
1336660 1131.6
1336670 1129.4
1336680 1127.6
1336690 1127.6
1336700 1125.5
1336710 1121.7
1336720 1121.7
1336730 1115.3
1336740 1110.0
1336750 1110.0
1336760 1104.1
1336770 1097.0
1336780 1097.0
1336790 1092.5
1336800 1090.4
1336810 1090.4
1336820 1090.7
1336830 1089.3
1336840 1089.3
1336850 1084.4
1336860 1079.4
1336870 1079.4
1336880 1078.2
1336890 1081.0
1336900 1081.0
1336910 1085.1
1336920 1084.7
1336930 1084.7
1336940 1090.0
1336950 1096.5
1336960 1101.4
1336970 1101.4
1336980 1101.2
1336990 1097.8
1337000 1097.8
1337010 1094.5
1337020 1094.0
1337030 1094.0
1337040 1096.9
1337050 1100.0
1337060 1100.0
1337070 1100.7
1337080 1100.5
1337090 1100.5
1337100 1099.8
1337110 1094.7
1337120 1094.7
1337130 1086.9
1337140 1081.2
1337150 1081.2
1337160 1078.3
1337170 1075.1
1337180 1075.1
1337190 1072.5
1337200 1068.5
1337210 1068.5
1337220 1063.5
1337230 1058.0
1337240 1058.0
1337250 1052.6
1337260 1048.2
1337270 1044.5
1337280 1044.5
1337290 1041.7
1337300 1039.4
1337310 1039.4
1337320 1037.3
1337330 1035.7
1337340 1035.7
1337350 1033.3
1337360 1032.3
1337370 1032.3
1337380 1026.8
1337390 1020.5
1337400 1020.5
1337410 1022.6
1337420 1025.8
1337430 1025.8
1337440 1022.9
1337450 1019.8
1337460 1019.8
1337470 1013.8
1337480 1006.1
1337490 1006.1
1337500 999.9
1337510 994.5
1337520 994.5
1337530 989.4
1337540 985.2
1337550 983.9
1337560 983.9
1337570 980.4
1337580 975.7
1337590 975.7
1337600 972.5
1337610 970.3
1337620 970.3
1337630 965.3
1337640 961.6
1337650 961.6
1337660 958.6
1337670 956.0
1337680 956.0
1337690 952.7
1337700 947.7
1337710 947.7
1337720 942.0
1337730 934.6
1337740 934.6
1337750 926.6
1337760 920.9
1337770 920.9
1337780 914.6
1337790 907.0
1337800 907.0
1337810 906.5
1337820 908.7
1337830 908.7
1337840 912.0
1337850 916.3
1337860 921.9
1337870 921.9
1337880 926.8
1337890 930.3
1337900 930.3
1337910 934.5
1337920 936.6
1337930 936.6
1337940 934.8
1337950 933.4
1337960 933.4
1337970 935.5
1337980 935.9
1337990 935.9
1338000 932.5
1338010 933.8
1338020 933.8
1338030 935.5
1338040 934.6
1338050 934.6
1338060 934.7
1338070 936.8
1338080 936.8
1338090 941.8
1338100 947.5
1338110 947.5
1338120 951.3
1338130 955.6
1338140 955.6
1338150 961.3
1338160 962.4
1338170 964.5
1338180 964.5
1338190 965.3
1338200 964.7
1338210 964.7
1338220 967.7
1338230 968.0
1338240 968.0
1338250 967.4
1338260 966.8
1338270 966.8
1338280 966.8
1338290 966.3
1338300 966.3
1338310 964.7
1338320 962.1
1338330 962.1
1338340 959.4
1338350 956.7
1338360 956.7
1338370 954.1
1338380 953.0
1338390 953.0
1338400 951.6
1338410 949.1
1338420 949.1
1338430 946.1
1338440 944.4
1338450 944.4
1338460 942.5
1338470 939.4
1338480 936.0
1338490 936.0
1338500 932.8
1338510 930.8
1338520 930.8
1338530 928.4
1338540 926.7
1338550 926.7
1338560 925.3
1338570 923.9
1338580 923.9
1338590 922.4
1338600 921.0
1338610 921.0
1338620 919.8
1338630 918.3
1338640 918.3
1338650 915.9
1338660 914.3
1338670 914.3
1338680 911.7
1338690 909.2
1338700 909.2
1338710 903.4
1338720 898.9
1338730 898.9
1338740 904.4
1338750 910.5
1338760 910.5
1338770 911.0
1338780 910.1
1338790 909.3
1338800 909.3
1338810 909.5
1338820 911.0
1338830 911.0
1338840 914.4
1338850 918.5
1338860 918.5
1338870 920.9
1338880 921.8
1338890 921.8
1338900 922.1
1338910 922.2
1338920 922.2
1338930 922.3
1338940 922.4
1338950 922.4
1338960 922.6
1338970 922.8
1338980 922.8
1338990 922.9
1339000 923.0
1339010 923.0
1339020 923.0
1339030 923.1
1339040 923.1
1339050 923.2
1339060 923.3
1339070 923.3
1339080 923.4
1339090 923.5
1339100 923.5
1339110 923.5
1339120 923.6
1339130 924.2
1339140 924.2
1339150 923.9
1339160 921.3
1339170 921.3
1339180 913.7
1339190 904.6
1339200 904.6
1339210 896.4
1339220 890.5
1339230 890.5
1339240 884.6
1339250 878.3
1339260 878.3
1339270 872.4
1339280 867.3
1339290 867.3
1339300 862.5
1339310 858.7
1339320 858.7
1339330 855.2
1339340 850.4
1339350 850.4
1339360 844.8
1339370 839.4
1339380 839.4
1339390 835.1
1339400 830.6
1339410 827.3
1339420 827.3
1339430 825.3
1339440 823.8
1339450 823.8
1339460 822.5
1339470 820.8
1339480 820.8
1339490 819.8
1339500 819.8
1339510 819.8
1339520 819.9
1339530 820.0
1339540 820.3
1339550 820.3
1339560 820.3
1339570 820.3
1339580 820.1
1339590 820.3
1339600 820.3
1339610 820.0
1339620 819.6
1339630 819.6
1339640 819.7
1339650 819.8
1339660 819.8
1339670 819.3
1339680 817.4
1339690 818.7
1339700 818.7
1339710 821.2
1339720 826.8
1339730 826.8
1339740 834.7
1339750 840.9
1339760 840.9
1339770 844.8
1339780 848.4
1339790 848.4
1339800 852.6
1339810 858.8
1339820 858.8
1339830 864.9
1339840 867.3
1339850 867.3
1339860 870.7
1339870 874.0
1339880 874.0
1339890 877.3
1339900 881.2
1339910 881.2
1339920 886.2
1339930 892.0
1339940 892.0
1339950 899.1
1339960 906.8
1339970 906.8
1339980 911.6
1339990 916.3
