1320000 518.7
1320010 518.6
1320020 518.6
1320030 518.6
1320040 518.6
1320050 518.6
1320060 518.6
1320070 518.5
1320080 518.5
1320090 518.5
1320100 518.7
1320110 518.7
1320120 518.5
1320130 518.2
1320140 518.2
1320150 518.3
1320160 518.4
1320170 518.4
1320180 518.3
1320190 518.2
1320200 518.2
1320210 518.2
1320220 518.1
1320230 518.1
1320240 518.2
1320250 518.1
1320260 518.1
1320270 518.1
1320280 518.0
1320290 518.0
1320300 517.9
1320310 517.8
1320320 517.9
1320330 517.9
1320340 518.0
1320350 518.1
1320360 518.1
1320370 518.1
1320380 517.7
1320390 517.7
1320400 517.6
1320410 517.7
1320420 517.7
1320430 517.9
1320440 518.0
1320450 518.0
1320460 518.3
1320470 518.5
1320480 518.5
1320490 518.4
1320500 517.4
1320510 517.4
1320520 518.5
1320530 518.7
1320540 518.7
1320550 518.5
1320560 518.3
1320570 518.3
1320580 518.3
1320590 519.5
1320600 519.5
1320610 520.5
1320620 520.1
1320630 520.0
1320640 520.0
1320650 519.9
1320660 519.9
1320670 519.9
1320680 519.5
1320690 519.6
1320700 519.6
1320710 519.9
1320720 519.7
1320730 519.7
1320740 519.6
1320750 519.8
1320760 519.8
1320770 520.3
1320780 520.6
1320790 520.6
1320800 520.0
1320810 520.6
1320820 520.6
1320830 523.1
1320840 524.1
1320850 524.1
1320860 525.4
1320870 528.7
1320880 528.7
1320890 533.1
1320900 536.9
1320910 536.9
1320920 540.9
1320930 544.4
1320940 546.3
1320950 546.3
1320960 548.4
1320970 550.7
1320980 550.7
1320990 553.0
1321000 554.6
1321010 558.3
1321020 559.4
1321030 562.9
1321040 562.9
1321050 567.4
1321060 571.8
1321070 571.8
1321080 575.0
1321090 576.2
1321100 576.2
1321110 577.4
1321120 578.0
1321130 578.0
1321140 578.5
1321150 580.6
1321160 580.6
1321170 583.9
1321180 585.7
1321190 585.7
1321200 588.2
1321210 591.5
1321220 591.5
1321230 596.0
1321240 600.9
1321250 604.7
1321260 604.7
1321270 607.5
1321280 611.0
1321290 611.0
1321300 614.4
1321310 616.6
1321320 616.6
1321330 617.2
1321340 617.1
1321350 617.1
1321360 617.5
1321370 618.8
1321380 618.8
1321390 620.5
1321400 623.0
1321410 623.0
1321420 625.5
1321430 628.2
1321440 628.2
1321450 630.9
1321460 633.5
1321470 633.5
1321480 636.2
1321490 637.3
1321500 637.3
1321510 637.4
1321520 636.9
1321530 636.9
1321540 636.2
1321550 635.4
1321560 634.3
1321570 634.3
1321580 632.9
1321590 631.5
1321600 631.5
1321610 630.6
1321620 629.9
1321630 629.9
1321640 629.4
1321650 629.0
1321660 629.0
1321670 628.6
1321680 628.2
1321690 628.2
1321700 628.0
1321710 627.8
1321720 627.8
1321730 627.7
1321740 627.6
1321750 627.6
1321760 627.6
1321770 627.8
1321780 627.8
1321790 627.8
1321800 628.6
1321810 628.6
1321820 628.0
1321830 627.3
1321840 627.3
1321850 626.6
1321860 625.9
1321870 624.9
1321880 624.9
1321890 624.8
1321900 625.4
1321910 625.4
1321920 625.9
1321930 626.2
1321940 626.2
1321950 626.6
1321960 627.0
1321970 627.0
1321980 627.6
1321990 628.0
1322000 628.0
1322010 628.2
1322020 628.3
1322030 628.3
1322040 628.3
1322050 628.6
1322060 628.6
1322070 629.6
1322080 630.6
1322090 630.6
1322100 631.5
1322110 631.4
1322120 631.4
1322130 631.9
1322140 632.7
1322150 632.7
1322160 632.0
1322170 633.0
1322180 634.4
1322190 634.4
1322200 635.3
1322210 635.9
1322220 635.9
1322230 636.7
1322240 637.1
1322250 637.1
1322260 637.6
1322270 638.0
1322280 638.0
1322290 638.5
1322300 639.4
1322310 639.4
1322320 640.2
1322330 641.2
1322340 641.2
1322350 641.9
1322360 642.3
1322370 642.3
1322380 642.4
1322390 642.2
1322400 642.2
1322410 642.4
1322420 643.9
1322430 643.9
1322440 644.0
1322450 642.0
1322460 642.0
1322470 640.3
1322480 637.9
1322490 637.5
1322500 637.5
1322510 637.0
1322520 636.8
1322530 636.8
1322540 636.6
1322550 637.0
1322560 637.0
1322570 637.3
1322580 636.2
1322590 636.2
1322600 636.3
1322610 636.9
1322620 636.9
1322630 637.2
1322640 637.3
1322650 637.3
1322660 637.5
1322670 637.6
1322680 637.6
1322690 637.7
1322700 637.9
1322710 637.9
1322720 638.3
1322730 638.9
1322740 638.9
1322750 639.6
1322760 639.9
1322770 639.9
1322780 639.9
1322790 639.7
1322800 639.2
1322810 639.2
1322820 638.8
1322830 638.2
1322840 638.2
1322850 636.7
1322860 633.7
1322870 633.7
1322880 630.6
1322890 628.7
1322900 628.7
1322910 627.5
1322920 626.5
1322930 626.5
1322940 625.6
1322950 625.0
1322960 625.0
1322970 625.1
1322980 625.6
1322990 625.6
1323000 627.6
1323010 630.0
1323020 630.0
1323030 631.2
1323040 632.2
1323050 632.2
1323060 633.3
1323070 634.4
1323080 634.4
1323090 635.6
1323100 636.6
1323110 637.6
1323120 637.6
1323130 638.6
1323140 637.6
1323150 637.6
1323160 637.5
1323170 637.8
1323180 637.8
1323190 637.5
1323200 637.4
1323210 637.4
1323220 638.1
1323230 638.6
1323240 638.6
1323250 639.6
1323260 640.9
1323270 640.9
1323280 642.0
1323290 643.0
1323300 643.0
1323310 644.0
1323320 645.2
1323330 645.2
1323340 646.3
1323350 647.4
1323360 647.4
1323370 649.0
1323380 650.4
1323390 650.4
1323400 651.8
1323410 653.2
1323420 655.3
1323430 655.3
1323440 657.6
1323450 659.4
1323460 659.4
1323470 660.2
1323480 660.4
1323490 660.4
1323500 660.0
1323510 658.8
1323520 658.8
1323530 657.2
1323540 654.6
1323550 654.6
1323560 650.5
1323570 646.0
1323580 646.0
1323590 642.5
1323600 640.3
1323610 640.3
1323620 638.8
1323630 637.6
1323640 637.6
1323650 636.8
1323660 636.2
1323670 636.2
1323680 635.6
1323690 635.6
1323700 635.9
1323710 635.9
1323720 636.0
1323730 636.0
1323740 636.0
1323750 635.3
1323760 633.4
1323770 633.4
1323780 630.6
1323790 626.9
1323800 626.9
1323810 624.1
1323820 622.4
1323830 622.4
1323840 621.5
1323850 615.7
1323860 615.7
1323870 602.5
1323880 594.6
1323890 594.6
1323900 593.1
1323910 594.3
1323920 594.3
1323930 599.9
1323940 599.3
1323950 599.3
1323960 596.5
1323970 596.3
1323980 596.3
1323990 596.7
1324000 597.0
1324010 597.3
1324020 597.3
1324030 598.0
1324040 599.7
1324050 599.7
1324060 602.0
1324070 605.8
1324080 605.8
1324090 609.3
1324100 614.2
1324110 614.2
1324120 620.8
1324130 626.9
1324140 626.9
1324150 632.1
1324160 635.8
1324170 637.3
1324180 642.3
1324190 647.0
1324200 647.0
1324210 651.4
1324220 653.4
1324230 653.4
1324240 656.0
1324250 660.0
1324260 660.0
1324270 664.8
1324280 670.3
1324290 670.3
1324300 677.2
1324310 684.0
1324320 691.1
1324330 691.1
1324340 698.3
1324350 705.5
1324360 705.5
1324370 713.6
1324380 721.9
1324390 721.9
1324400 729.8
1324410 737.6
1324420 737.6
1324430 743.6
1324440 750.9
1324450 750.9
1324460 755.3
1324470 758.3
1324480 758.3
1324490 761.7
1324500 764.7
1324510 764.7
1324520 767.0
1324530 769.1
1324540 769.1
1324550 770.2
1324560 771.1
1324570 771.1
1324580 771.8
1324590 772.6
1324600 772.6
1324610 773.5
1324620 774.5
1324630 775.5
1324640 775.5
1324650 776.9
1324660 779.4
1324670 779.4
1324680 781.4
1324690 782.3
1324700 782.3
1324710 783.4
1324720 784.5
1324730 784.5
1324740 785.2
1324750 785.8
1324760 785.8
1324770 786.7
1324780 787.5
1324790 787.5
1324800 788.0
1324810 788.0
1324820 788.0
1324830 788.1
1324840 788.4
1324850 788.4
1324860 789.7
1324870 792.7
1324880 792.7
1324890 796.5
1324900 799.3
1324910 799.3
1324920 802.6
1324930 806.1
1324940 809.2
1324950 809.2
1324960 812.2
1324970 815.1
1324980 815.1
1324990 817.6
1325000 819.9
1325010 819.9
1325020 822.6
1325030 825.2
1325040 825.2
1325050 827.7
1325060 830.1
1325070 830.1
1325080 831.8
1325090 833.0
1325100 833.0
1325110 834.3
1325120 835.9
1325130 835.9
1325140 838.0
1325150 838.6
1325160 838.6
1325170 840.8
1325180 844.4
1325190 844.4
1325200 846.7
1325210 850.1
1325220 850.1
1325230 852.7
1325240 854.3
1325250 855.5
1325260 855.5
1325270 856.1
1325280 856.1
1325290 856.1
1325300 856.2
1325310 856.7
1325320 856.7
1325330 857.2
1325340 857.5
1325350 857.5
1325360 857.8
1325370 858.6
1325380 858.6
1325390 860.2
1325400 863.6
1325410 863.6
1325420 866.8
1325430 869.4
1325440 869.4
1325450 872.0
1325460 875.3
1325470 875.3
1325480 878.8
1325490 882.2
1325500 882.2
1325510 885.1
1325520 888.2
1325530 888.2
1325540 891.2
1325550 894.1
1325560 898.0
1325570 898.0
1325580 901.5
1325590 904.7
1325600 904.7
1325610 909.1
1325620 914.1
1325630 914.1
1325640 918.8
1325650 921.6
1325660 921.6
1325670 923.0
1325680 923.9
1325690 923.9
1325700 924.8
1325710 926.2
1325720 926.2
1325730 928.3
1325740 931.0
1325750 931.0
1325760 931.7
1325770 929.7
1325780 929.7
1325790 926.9
1325800 924.1
1325810 924.1
1325820 921.5
1325830 919.6
1325840 919.6
1325850 918.4
1325860 918.0
1325870 918.5
1325880 918.5
1325890 919.2
1325900 920.1
1325910 920.1
1325920 920.8
1325930 921.1
1325940 921.1
1325950 922.1
1325960 923.7
1325970 923.7
1325980 927.4
1325990 932.3
1326000 932.3
1326010 933.9
1326020 935.0
1326030 935.0
1326040 936.5
1326050 938.0
1326060 938.0
1326070 939.8
1326080 941.6
1326090 941.6
1326100 943.9
1326110 947.7
1326120 947.7
1326130 951.6
1326140 957.2
1326150 957.2
1326160 967.8
1326170 976.3
1326180 983.0
1326190 983.0
1326200 988.9
1326210 995.5
1326220 995.5
1326230 1006.9
1326240 1020.2
1326250 1020.2
1326260 1027.2
1326270 1034.4
1326280 1034.4
1326290 1044.6
1326300 1054.8
1326310 1054.8
1326320 1061.1
1326330 1068.9
1326340 1068.9
1326350 1073.7
1326360 1078.0
1326370 1078.0
1326380 1082.9
1326390 1089.3
1326400 1089.3
1326410 1096.6
1326420 1103.5
1326430 1103.5
1326440 1110.5
1326450 1119.5
1326460 1119.5
1326470 1130.3
1326480 1138.9
1326490 1144.9
1326500 1144.9
1326510 1148.8
1326520 1152.0
1326530 1152.0
1326540 1156.5
1326550 1161.5
1326560 1161.5
1326570 1171.7
1326580 1175.6
1326590 1175.6
1326600 1179.0
1326610 1181.5
1326620 1181.5
1326630 1185.8
1326640 1191.3
1326650 1191.3
1326660 1196.7
1326670 1203.7
1326680 1203.7
1326690 1209.6
1326700 1212.0
1326710 1212.0
1326720 1211.6
1326730 1207.0
1326740 1207.0
1326750 1198.2
1326760 1192.6
1326770 1192.6
1326780 1191.2
1326790 1191.5
1326800 1191.0
1326810 1191.0
1326820 1192.2
1326830 1194.1
1326840 1194.1
1326850 1194.7
1326860 1194.1
1326870 1194.1
1326880 1193.7
1326890 1189.0
1326900 1189.0
1326910 1185.0
1326920 1183.5
1326930 1183.5
1326940 1183.0
1326950 1181.2
1326960 1181.2
1326970 1178.0
1326980 1175.3
1326990 1175.3
1327000 1172.9
1327010 1171.1
1327020 1171.1
1327030 1170.3
1327040 1170.0
1327050 1170.0
1327060 1169.5
1327070 1169.4
1327080 1169.4
1327090 1169.8
1327100 1170.0
1327110 1170.2
1327120 1170.2
1327130 1170.2
1327140 1170.2
1327150 1170.2
1327160 1170.7
1327170 1170.9
1327180 1170.9
1327190 1171.5
1327200 1171.7
1327210 1171.7
1327220 1172.0
1327230 1173.1
1327240 1173.1
1327250 1174.3
1327260 1175.4
1327270 1175.4
1327280 1176.4
1327290 1177.2
1327300 1177.2
1327310 1177.9
1327320 1178.7
1327330 1178.7
1327340 1179.5
1327350 1180.2
1327360 1180.2
1327370 1181.0
1327380 1182.5
1327390 1182.5
1327400 1183.5
1327410 1184.5
1327420 1185.6
1327430 1185.6
1327440 1186.7
1327450 1187.9
1327460 1187.9
1327470 1189.1
1327480 1190.5
1327490 1190.5
1327500 1192.2
1327510 1194.4
1327520 1194.4
1327530 1196.8
1327540 1199.2
1327550 1199.2
1327560 1201.9
1327570 1205.8
1327580 1205.8
1327590 1209.7
1327600 1213.7
1327610 1213.7
1327620 1217.7
1327630 1221.5
1327640 1221.5
1327650 1225.6
1327660 1229.1
1327670 1229.1
1327680 1231.9
1327690 1234.7
1327700 1237.3
1327710 1237.3
1327720 1241.2
1327730 1246.7
1327740 1246.7
1327750 1253.0
1327760 1258.4
1327770 1258.4
1327780 1262.8
1327790 1267.8
1327800 1267.8
1327810 1273.0
1327820 1278.8
1327830 1278.8
1327840 1285.1
1327850 1291.4
1327860 1291.4
1327870 1297.7
1327880 1304.4
1327890 1304.4
1327900 1311.2
1327910 1318.2
1327920 1318.2
1327930 1323.6
1327940 1329.0
1327950 1329.0
1327960 1335.9
1327970 1343.1
1327980 1343.1
1327990 1349.6
1328000 1355.6
1328010 1361.7
1328020 1361.7
1328030 1366.7
1328040 1369.0
1328050 1369.0
1328060 1371.0
1328070 1373.4
1328080 1373.4
1328090 1374.1
1328100 1374.4
1328110 1374.4
1328120 1375.0
1328130 1376.7
1328140 1376.7
1328150 1379.8
1328160 1384.5
1328170 1384.5
1328180 1389.6
1328190 1391.9
1328200 1391.9
1328210 1394.5
1328220 1396.4
1328230 1396.4
1328240 1396.0
1328250 1394.6
1328260 1394.6
1328270 1395.2
1328280 1397.8
1328290 1397.8
1328300 1401.0
1328310 1403.6
1328320 1406.1
1328330 1406.1
1328340 1409.8
1328350 1412.5
1328360 1412.5
1328370 1413.6
1328380 1414.2
1328390 1414.2
1328400 1415.0
1328410 1414.7
1328420 1414.7
1328430 1415.8
1328440 1419.5
1328450 1419.5
1328460 1424.7
1328470 1430.2
1328480 1430.2
1328490 1434.8
1328500 1438.2
1328510 1438.2
1328520 1438.9
1328530 1436.8
1328540 1436.8
1328550 1434.7
1328560 1435.8
1328570 1435.8
1328580 1439.4
1328590 1443.2
1328600 1443.2
1328610 1446.3
1328620 1448.0
1328630 1448.0
1328640 1448.0
1328650 1447.4
1328660 1445.8
1328670 1445.8
1328680 1445.6
1328690 1446.8
1328700 1446.8
1328710 1447.7
1328720 1445.7
1328730 1445.7
1328740 1444.6
1328750 1442.5
1328760 1442.5
1328770 1440.1
1328780 1437.5
1328790 1437.5
1328800 1431.2
1328810 1424.2
1328820 1424.2
1328830 1418.9
1328840 1414.9
1328850 1414.9
1328860 1411.5
1328870 1409.0
1328880 1409.0
1328890 1407.4
1328900 1406.7
1328910 1406.7
1328920 1406.5
1328930 1406.4
1328940 1406.9
1328950 1406.9
1328960 1409.5
1328970 1412.0
1328980 1412.0
1328990 1412.3
1329000 1408.5
1329010 1414.7
1329020 1410.8
1329030 1412.4
1329040 1412.4
1329050 1417.2
1329060 1417.8
1329070 1417.8
1329080 1418.5
1329090 1422.8
1329100 1422.8
1329110 1429.8
1329120 1434.3
1329130 1434.3
1329140 1437.8
1329150 1440.8
1329160 1440.8
1329170 1442.3
1329180 1444.3
1329190 1444.3
1329200 1446.6
1329210 1448.0
1329220 1448.0
1329230 1450.1
1329240 1452.4
1329250 1455.8
1329260 1455.8
1329270 1458.1
1329280 1459.8
1329290 1459.8
1329300 1461.5
1329310 1462.4
1329320 1462.4
1329330 1463.0
1329340 1462.6
1329350 1462.6
1329360 1462.5
1329370 1463.5
1329380 1463.5
1329390 1465.3
1329400 1466.2
1329410 1466.2
1329420 1466.4
1329430 1466.8
1329440 1466.8
1329450 1467.6
1329460 1468.9
1329470 1468.9
1329480 1470.9
1329490 1473.1
1329500 1473.1
1329510 1474.9
1329520 1475.8
1329530 1475.8
1329540 1476.3
1329550 1476.1
1329560 1476.3
1329570 1476.3
1329580 1477.3
1329590 1477.9
1329600 1477.9
1329610 1478.4
1329620 1479.6
1329630 1479.6
1329640 1481.0
1329650 1482.1
1329660 1482.1
1329670 1482.0
1329680 1481.8
1329690 1481.8
1329700 1481.9
1329710 1481.5
1329720 1481.5
1329730 1482.3
1329740 1484.7
1329750 1484.7
1329760 1487.5
1329770 1490.3
1329780 1490.3
1329790 1493.3
1329800 1496.0
1329810 1496.0
1329820 1498.2
1329830 1504.5
1329840 1504.5
1329850 1507.2
1329860 1510.9
1329870 1515.1
1329880 1515.1
1329890 1519.7
1329900 1524.1
1329910 1524.1
1329920 1526.6
1329930 1530.1
1329940 1530.1
1329950 1532.1
1329960 1532.1
1329970 1532.1
1329980 1532.0
1329990 1532.2
1330000 1532.2
1330010 1533.8
1330020 1535.5
1330030 1535.5
1330040 1537.0
1330050 1538.0
1330060 1538.0
1330070 1538.9
1330080 1539.6
1330090 1539.6
1330100 1541.1
1330110 1544.1
1330120 1544.1
1330130 1547.1
1330140 1549.9
1330150 1549.9
1330160 1552.7
1330170 1555.4
1330180 1558.9
1330190 1558.9
1330200 1562.8
1330210 1566.8
1330220 1566.8
1330230 1570.3
1330240 1572.0
1330250 1572.0
1330260 1572.6
1330270 1573.4
1330280 1573.4
1330290 1574.2
1330300 1575.0
1330310 1575.0
1330320 1575.8
1330330 1577.0
1330340 1577.0
1330350 1577.9
1330360 1578.5
1330370 1578.5
1330380 1578.4
1330390 1578.8
1330400 1578.8
1330410 1579.9
1330420 1580.4
1330430 1580.4
1330440 1580.3
1330450 1580.4
1330460 1580.4
1330470 1579.6
1330480 1578.1
1330490 1576.4
1330500 1576.4
1330510 1575.2
1330520 1574.2
1330530 1574.2
1330540 1572.6
1330550 1570.5
1330560 1570.5
1330570 1568.0
1330580 1564.4
1330590 1564.4
1330600 1560.2
1330610 1555.7
1330620 1555.7
1330630 1550.1
1330640 1543.8
1330650 1543.8
1330660 1541.6
1330670 1535.3
1330680 1535.3
1330690 1530.6
1330700 1526.9
1330710 1526.9
1330720 1523.1
1330730 1518.7
1330740 1518.7
1330750 1513.8
1330760 1508.5
1330770 1503.2
1330780 1503.2
1330790 1499.2
1330800 1495.9
1330810 1495.9
1330820 1492.7
1330830 1489.4
1330840 1489.4
1330850 1486.5
1330860 1484.4
1330870 1484.4
1330880 1482.3
1330890 1480.1
1330900 1480.1
1330910 1477.6
1330920 1475.1
1330930 1475.1
1330940 1472.7
1330950 1470.4
1330960 1470.4
1330970 1467.8
1330980 1464.4
1330990 1464.4
1331000 1461.0
1331010 1457.4
1331020 1457.4
1331030 1453.5
1331040 1448.9
1331050 1448.9
1331060 1443.5
1331070 1437.2
1331080 1430.3
1331090 1430.3
1331100 1423.6
1331110 1416.6
1331120 1416.6
1331130 1409.8
1331140 1404.1
1331150 1404.1
1331160 1398.4
1331170 1392.8
1331180 1392.8
1331190 1386.7
1331200 1378.7
1331210 1378.7
1331220 1370.6
1331230 1363.0
1331240 1363.0
1331250 1354.7
1331260 1345.5
1331270 1345.5
1331280 1337.1
1331290 1331.7
1331300 1331.7
1331310 1327.5
1331320 1323.8
1331330 1323.8
1331340 1320.3
1331350 1315.2
1331360 1315.2
1331370 1309.2
1331380 1303.7
1331390 1299.2
1331400 1299.2
1331410 1296.1
1331420 1292.5
1331430 1292.5
1331440 1288.4
1331450 1284.6
1331460 1284.6
1331470 1281.1
1331480 1277.4
1331490 1278.4
1331500 1275.7
1331510 1273.6
1331520 1273.6
1331530 1271.5
1331540 1269.0
1331550 1269.0
1331560 1266.7
1331570 1264.9
1331580 1264.9
1331590 1262.7
1331600 1259.9
1331610 1259.9
1331620 1258.2
1331630 1256.3
1331640 1256.3
1331650 1254.3
1331660 1252.1
1331670 1252.1
1331680 1248.9
1331690 1245.4
1331700 1239.2
1331710 1239.2
1331720 1231.6
1331730 1224.4
1331740 1224.4
1331750 1217.5
1331760 1214.1
1331770 1214.1
1331780 1214.9
1331790 1218.6
1331800 1218.6
1331810 1221.4
1331820 1225.0
1331830 1225.0
1331840 1222.1
1331850 1218.6
1331860 1218.6
1331870 1211.8
1331880 1211.2
1331890 1211.2
1331900 1213.8
1331910 1213.6
1331920 1213.6
1331930 1211.5
1331940 1212.5
1331950 1212.5
1331960 1211.5
1331970 1211.0
1331980 1211.0
1331990 1216.6
1332000 1221.9
1332010 1224.8
1332020 1224.8
1332030 1224.3
1332040 1219.9
1332050 1219.9
1332060 1214.6
1332070 1213.1
1332080 1213.1
1332090 1211.6
1332100 1211.1
1332110 1211.1
1332120 1209.0
1332130 1207.2
1332140 1207.2
1332150 1205.9
1332160 1204.5
1332170 1204.5
1332180 1202.6
1332190 1198.5
1332200 1198.5
1332210 1194.7
1332220 1192.9
1332230 1192.9
1332240 1194.1
1332250 1200.5
1332260 1200.5
1332270 1207.8
1332280 1212.9
1332290 1212.9
1332300 1212.6
1332310 1211.8
1332320 1213.7
1332330 1216.2
1332340 1217.2
1332350 1216.3
1332360 1216.3
1332370 1216.7
1332380 1216.5
1332390 1216.5
1332400 1215.9
1332410 1215.5
1332420 1215.5
1332430 1215.2
1332440 1214.8
1332450 1214.8
1332460 1215.1
1332470 1215.7
1332480 1215.7
1332490 1216.3
1332500 1216.6
1332510 1216.6
1332520 1216.9
1332530 1217.2
1332540 1217.2
1332550 1217.4
1332560 1217.3
1332570 1217.3
1332580 1217.2
1332590 1217.2
1332600 1217.2
1332610 1216.3
1332620 1215.9
1332630 1215.8
1332640 1215.8
1332650 1215.9
1332660 1215.8
1332670 1215.8
1332680 1214.9
1332690 1214.3
1332700 1214.3
1332710 1213.9
1332720 1213.5
1332730 1213.5
1332740 1208.7
1332750 1202.4
1332760 1202.4
1332770 1198.1
1332780 1191.4
1332790 1191.4
1332800 1185.3
1332810 1182.6
1332820 1182.6
1332830 1177.1
1332840 1176.4
1332850 1176.4
1332860 1178.5
1332870 1181.3
1332880 1181.3
1332890 1183.2
1332900 1186.3
1332910 1186.3
1332920 1193.8
1332930 1202.5
1332940 1203.2
1332950 1203.2
1332960 1201.6
1332970 1199.1
1332980 1199.1
1332990 1202.2
1333000 1210.5
1333010 1210.5
1333020 1216.9
1333030 1217.6
1333040 1217.6
1333050 1213.0
1333060 1211.7
1333070 1211.7
1333080 1216.8
1333090 1220.7
1333100 1220.7
1333110 1222.9
1333120 1225.8
1333130 1225.8
1333140 1228.8
1333150 1230.5
1333160 1230.5
1333170 1234.9
1333180 1234.9
1333190 1234.9
1333200 1235.5
1333210 1237.4
1333220 1237.4
1333230 1238.8
1333240 1239.5
1333250 1241.0
1333260 1241.0
1333270 1242.1
1333280 1244.1
1333290 1244.1
1333300 1245.3
1333310 1246.0
1333320 1246.0
1333330 1246.2
1333340 1245.5
1333350 1245.5
1333360 1243.4
1333370 1241.2
1333380 1241.2
1333390 1238.8
1333400 1236.5
1333410 1236.5
1333420 1234.2
1333430 1231.1
1333440 1231.1
1333450 1228.4
1333460 1227.5
1333470 1227.5
1333480 1228.7
1333490 1228.3
1333500 1228.3
1333510 1227.8
1333520 1227.5
1333530 1226.5
1333540 1226.5
1333550 1224.5
1333560 1222.9
1333570 1222.9
1333580 1221.4
1333590 1219.0
1333600 1219.0
1333610 1215.1
1333620 1210.6
1333630 1210.6
1333640 1204.7
1333650 1198.7
1333660 1198.7
1333670 1192.7
1333680 1185.9
1333690 1185.9
1333700 1179.3
1333710 1180.6
1333720 1180.6
1333730 1189.7
1333740 1196.1
1333750 1196.1
1333760 1200.1
1333770 1201.6
1333780 1201.6
1333790 1203.4
1333800 1203.2
1333810 1203.2
1333820 1201.3
1333830 1199.8
1333840 1201.5
1333850 1201.5
1333860 1201.5
1333870 1193.9
1333880 1193.9
1333890 1184.9
1333900 1176.9
1333910 1176.9
1333920 1169.9
1333930 1165.3
1333940 1165.3
1333950 1166.7
1333960 1173.9
1333970 1173.9
1333980 1181.5
1333990 1183.0
1334000 1183.0
1334010 1182.5
1334020 1183.3
1334030 1183.3
1334040 1181.6
1334050 1180.8
1334060 1180.8
1334070 1182.2
1334080 1187.0
1334090 1187.0
1334100 1194.4
1334110 1198.8
1334120 1198.8
1334130 1198.5
1334140 1195.9
1334150 1190.6
1334160 1190.6
1334170 1184.6
1334180 1185.6
1334190 1185.6
1334200 1191.6
1334210 1196.0
1334220 1196.0
1334230 1197.9
1334240 1199.7
1334250 1199.7
1334260 1200.7
1334270 1201.3
1334280 1201.3
1334290 1201.9
1334300 1202.3
1334310 1202.3
1334320 1202.4
1334330 1200.3
1334340 1200.3
1334350 1195.8
1334360 1194.3
1334370 1194.3
1334380 1189.8
1334390 1182.2
1334400 1182.2
1334410 1178.1
1334420 1179.7
1334430 1179.7
1334440 1184.9
1334450 1186.8
1334460 1187.7
1334470 1187.7
1334480 1190.5
1334490 1194.3
1334500 1194.3
1334510 1199.4
1334520 1203.5
1334530 1203.5
1334540 1206.0
1334550 1206.1
1334560 1206.1
1334570 1206.1
1334580 1207.0
1334590 1207.0
1334600 1207.4
1334610 1207.7
1334620 1207.7
1334630 1208.0
1334640 1208.5
1334650 1208.5
1334660 1208.0
1334670 1207.4
1334680 1207.4
1334690 1210.6
1334700 1214.2
1334710 1214.2
1334720 1216.2
1334730 1217.3
1334740 1217.3
1334750 1213.5
1334760 1212.6
1334770 1218.6
1334780 1218.6
1334790 1221.1
1334800 1224.0
1334810 1224.0
1334820 1227.3
1334830 1229.4
1334840 1229.4
1334850 1232.0
1334860 1234.3
1334870 1234.9
1334880 1237.4
1334890 1239.5
1334900 1239.5
1334910 1240.5
1334920 1241.4
1334930 1241.4
1334940 1242.7
1334950 1244.4
1334960 1244.4
1334970 1246.7
1334980 1248.9
1334990 1248.9
1335000 1251.1
1335010 1253.1
1335020 1253.1
1335030 1254.4
1335040 1254.9
1335050 1254.9
1335060 1254.2
1335070 1253.8
1335080 1253.8
1335090 1253.8
1335100 1254.6
1335110 1255.9
1335120 1255.9
1335130 1256.8
1335140 1258.9
1335150 1258.9
1335160 1260.4
1335170 1261.4
1335180 1261.4
1335190 1262.5
1335200 1263.6
1335210 1263.6
1335220 1264.1
1335230 1264.2
1335240 1264.2
1335250 1264.5
1335260 1264.9
1335270 1264.9
1335280 1264.5
1335290 1265.2
1335300 1265.2
1335310 1267.2
1335320 1269.0
1335330 1269.0
1335340 1270.5
1335350 1272.0
1335360 1272.0
1335370 1273.2
1335380 1274.2
1335390 1274.8
1335400 1274.8
1335410 1276.1
1335420 1277.1
1335430 1277.1
1335440 1277.7
1335450 1278.0
1335460 1278.0
1335470 1277.8
1335480 1276.7
1335490 1276.7
1335500 1276.0
1335510 1275.4
1335520 1275.4
1335530 1273.7
1335540 1272.2
1335550 1272.2
1335560 1272.0
1335570 1272.2
1335580 1272.2
1335590 1271.4
1335600 1271.7
1335610 1271.7
1335620 1270.2
1335630 1267.8
1335640 1267.8
1335650 1265.9
1335660 1264.3
1335670 1264.3
1335680 1264.1
1335690 1263.9
1335700 1263.4
1335710 1263.4
1335720 1263.4
1335730 1268.3
1335740 1268.3
1335750 1268.3
1335760 1267.6
1335770 1267.6
1335780 1265.9
1335790 1263.9
1335800 1263.9
1335810 1262.4
1335820 1261.7
1335830 1261.7
1335840 1260.8
1335850 1259.2
1335860 1259.2
1335870 1257.1
1335880 1255.0
1335890 1255.0
1335900 1252.9
1335910 1250.8
1335920 1250.8
1335930 1249.4
1335940 1248.4
1335950 1248.4
1335960 1245.7
1335970 1242.0
1335980 1242.0
1335990 1242.0
1336000 1244.6
1336010 1245.2
1336020 1245.2
1336030 1244.1
1336040 1242.3
1336050 1242.3
1336060 1240.9
1336070 1238.9
1336080 1238.9
1336090 1236.8
1336100 1234.4
1336110 1234.4
1336120 1231.4
1336130 1228.3
1336140 1228.3
1336150 1224.6
1336160 1220.9
1336170 1220.9
1336180 1218.6
1336190 1215.1
1336200 1215.1
1336210 1212.0
1336220 1209.4
1336230 1209.4
1336240 1206.4
1336250 1203.0
1336260 1203.0
1336270 1199.0
1336280 1195.8
1336290 1195.8
1336300 1192.9
1336310 1188.8
1336320 1184.5
1336330 1184.5
1336340 1180.6
1336350 1177.7
1336360 1177.7
1336370 1174.8
1336380 1171.3
1336390 1171.3
1336400 1167.2
1336410 1163.3
1336420 1163.3
1336430 1160.2
1336440 1156.9
1336450 1156.9
1336460 1153.9
1336470 1151.4
1336480 1151.4
1336490 1149.9
1336500 1149.1
1336510 1149.1
1336520 1148.4
1336530 1147.4
1336540 1147.4
1336550 1146.2
1336560 1145.8
1336570 1145.8
1336580 1146.1
1336590 1145.6
1336600 1144.2
1336610 1144.2
1336620 1143.4
1336630 1142.7
1336640 1142.7
1336650 1141.3
1336660 1139.5
1336670 1139.5
1336680 1138.5
1336690 1137.6
1336700 1137.6
1336710 1136.1
1336720 1134.7
1336730 1134.7
1336740 1133.3
1336750 1131.8
1336760 1131.8
1336770 1130.6
1336780 1130.1
1336790 1130.1
1336800 1129.6
1336810 1129.4
1336820 1129.4
1336830 1129.4
1336840 1129.5
1336850 1129.5
1336860 1128.5
1336870 1128.4
1336880 1128.4
1336890 1127.4
1336900 1126.1
1336910 1124.6
1336920 1124.6
1336930 1122.6
1336940 1120.2
1336950 1120.2
1336960 1117.7
1336970 1115.3
1336980 1115.3
1336990 1108.5
1337000 1099.4
1337010 1099.4
1337020 1094.5
1337030 1090.5
1337040 1090.5
1337050 1086.3
1337060 1083.0
1337070 1083.0
1337080 1081.9
1337090 1082.9
1337100 1082.9
1337110 1081.4
1337120 1076.0
1337130 1076.0
1337140 1071.5
1337150 1068.4
1337160 1068.4
1337170 1066.2
1337180 1064.3
1337190 1064.3
1337200 1063.1
1337210 1062.6
1337220 1062.8
1337230 1062.8
1337240 1062.5
1337250 1060.4
1337260 1060.4
1337270 1057.2
1337280 1055.1
1337290 1055.1
1337300 1055.4
1337310 1055.9
1337320 1055.9
1337330 1053.0
1337340 1050.3
1337350 1050.3
1337360 1048.5
1337370 1047.5
1337380 1047.5
1337390 1046.5
1337400 1043.4
1337410 1043.4
1337420 1039.6
1337430 1041.3
1337440 1041.3
1337450 1035.2
1337460 1039.6
1337470 1039.6
1337480 1036.4
1337490 1033.0
1337500 1033.0
1337510 1030.3
1337520 1027.2
1337530 1022.7
1337540 1022.7
1337550 1017.9
1337560 1015.2
1337570 1015.2
1337580 1012.5
1337590 1009.5
1337600 1009.5
1337610 1005.1
1337620 1001.9
1337630 1001.9
1337640 999.0
1337650 996.4
1337660 996.4
1337670 994.3
1337680 991.5
1337690 991.5
1337700 988.3
1337710 986.4
1337720 986.4
1337730 984.2
1337740 981.9
1337750 981.9
1337760 980.0
1337770 978.5
1337780 978.5
1337790 976.7
1337800 974.8
1337810 974.8
1337820 972.9
1337830 970.6
1337840 967.9
1337850 967.9
1337860 964.5
1337870 960.7
1337880 960.7
1337890 956.7
1337900 952.6
1337910 952.6
1337920 948.5
1337930 944.5
1337940 944.5
1337950 941.1
1337960 937.8
1337970 937.8
1337980 935.5
1337990 933.8
1338000 933.8
1338010 931.3
1338020 927.0
1338030 927.0
1338040 922.9
1338050 918.4
1338060 918.4
1338070 914.4
1338080 910.5
1338090 910.5
1338100 906.7
1338110 903.4
1338120 903.4
1338130 898.7
1338140 895.0
1338150 892.6
1338160 892.6
1338170 889.8
1338180 887.3
1338190 887.3
1338200 885.8
1338210 884.9
1338220 884.9
1338230 879.5
1338240 870.6
1338250 870.6
1338260 869.8
1338270 875.1
1338280 875.1
1338290 879.4
1338300 884.7
1338310 884.7
1338320 897.5
1338330 900.3
1338340 900.3
1338350 902.2
1338360 904.2
1338370 904.2
1338380 909.5
1338390 916.1
1338400 916.1
1338410 919.6
1338420 921.0
1338430 921.0
1338440 923.1
1338450 924.5
1338460 924.6
1338470 924.6
1338480 923.6
1338490 922.7
1338500 922.7
1338510 921.7
1338520 919.3
1338530 919.3
1338540 916.4
1338550 913.7
1338560 913.7
1338570 909.2
1338580 903.7
1338590 903.7
1338600 898.8
1338610 895.4
1338620 895.4
1338630 892.8
1338640 888.8
1338650 888.8
1338660 882.6
1338670 877.2
1338680 877.2
1338690 881.2
1338700 887.3
1338710 887.3
1338720 895.6
1338730 902.6
1338740 902.6
1338750 908.5
1338760 913.6
1338770 916.3
1338780 916.3
1338790 917.0
1338800 917.1
1338810 917.1
1338820 917.2
1338830 917.2
1338840 917.2
1338850 917.3
1338860 917.4
1338870 917.4
1338880 917.5
1338890 917.6
1338900 917.6
1338910 917.7
1338920 917.7
1338930 917.7
1338940 917.7
1338950 917.8
1338960 917.8
1338970 917.8
1338980 917.9
1338990 917.9
1339000 918.0
1339010 918.1
1339020 918.1
1339030 918.2
1339040 918.2
1339050 918.2
1339060 918.3
1339070 917.7
1339080 911.5
1339090 911.5
1339100 903.6
1339110 894.7
1339120 894.7
1339130 887.0
1339140 881.0
1339150 881.0
1339160 875.2
1339170 869.7
1339180 869.7
1339190 864.8
1339200 867.9
1339210 867.9
1339220 866.8
1339230 862.3
1339240 862.3
1339250 855.0
1339260 847.5
1339270 847.5
1339280 842.2
1339290 838.4
1339300 838.4
1339310 833.8
1339320 829.5
1339330 829.5
1339340 824.3
1339350 820.6
1339360 817.8
1339370 817.8
1339380 816.0
1339390 814.6
1339400 814.6
1339410 813.8
1339420 812.9
1339430 812.9
1339440 811.7
1339450 809.9
1339460 809.9
1339470 811.6
1339480 812.3
1339490 812.3
1339500 812.1
1339510 812.2
1339520 812.2
1339530 812.3
1339540 812.3
1339550 812.3
1339560 812.5
1339570 812.8
1339580 812.8
1339590 813.1
1339600 813.3
1339610 813.3
1339620 813.5
1339630 814.9
1339640 814.9
1339650 817.1
1339660 822.1
1339670 829.4
1339680 829.4
1339690 835.4
1339700 840.1
1339710 840.1
1339720 844.6
1339730 849.4
1339740 849.4
1339750 854.1
1339760 858.9
1339770 858.9
1339780 864.3
1339790 869.1
1339800 869.1
1339810 873.5
1339820 878.7
1339830 878.7
1339840 885.0
1339850 890.7
1339860 890.7
1339870 895.6
1339880 901.5
1339890 901.5
1339900 907.1
1339910 913.6
1339920 913.6
1339930 918.6
1339940 921.4
1339950 921.4
1339960 923.3
1339970 924.9
1339980 926.6
1339990 926.6
