1320000 518.5
1320010 518.5
1320020 518.5
1320030 518.5
1320040 518.6
1320050 518.6
1320060 519.1
1320070 520.1
1320080 520.1
1320090 520.3
1320100 520.3
1320110 520.3
1320120 520.3
1320130 519.8
1320140 519.8
1320150 519.2
1320160 519.0
1320170 519.1
1320180 519.1
1320190 519.3
1320200 519.6
1320210 519.6
1320220 519.8
1320230 519.6
1320240 519.6
1320250 518.6
1320260 517.2
1320270 517.2
1320280 516.4
1320290 516.2
1320300 516.2
1320310 515.9
1320320 515.3
1320330 515.3
1320340 515.1
1320350 515.1
1320360 515.1
1320370 515.1
1320380 515.1
1320390 515.1
1320400 515.0
1320410 515.1
1320420 515.1
1320430 515.1
1320440 515.0
1320450 515.0
1320460 515.0
1320470 515.0
1320480 515.0
1320490 515.0
1320500 515.0
1320510 515.0
1320520 515.0
1320530 515.0
1320540 515.0
1320550 515.0
1320560 515.2
1320570 516.2
1320580 516.2
1320590 517.9
1320600 519.2
1320610 519.2
1320620 519.6
1320630 519.5
1320640 519.5
1320650 519.4
1320660 519.3
1320670 519.3
1320680 519.2
1320690 519.0
1320700 519.0
1320710 518.8
1320720 518.8
1320730 518.8
1320740 518.9
1320750 518.9
1320760 518.9
1320770 518.8
1320780 518.8
1320790 518.6
1320800 518.6
1320810 518.6
1320820 518.6
1320830 518.6
1320840 518.7
1320850 518.6
1320860 518.6
1320870 518.2
1320880 519.8
1320890 519.8
1320900 520.2
1320910 519.3
1320920 519.3
1320930 518.8
1320940 518.7
1320950 518.7
1320960 518.6
1320970 518.5
1320980 518.5
1320990 518.3
1321000 518.1
1321010 518.1
1321020 517.6
1321030 517.0
1321040 517.0
1321050 517.2
1321060 518.3
1321070 518.3
1321080 519.9
1321090 521.0
1321100 521.5
1321110 521.5
1321120 521.3
1321130 521.5
1321140 521.5
1321150 521.6
1321160 522.7
1321170 522.7
1321180 524.4
1321190 527.4
1321200 527.4
1321210 532.6
1321220 537.7
1321230 537.7
1321240 543.1
1321250 551.1
1321260 551.1
1321270 556.8
1321280 558.4
1321290 558.4
1321300 558.0
1321310 557.0
1321320 557.0
1321330 555.2
1321340 554.1
1321350 554.1
1321360 557.6
1321370 562.4
1321380 562.4
1321390 561.9
1321400 560.4
1321410 559.3
1321420 559.3
1321430 557.2
1321440 554.0
1321450 554.0
1321460 548.8
1321470 543.0
1321480 543.0
1321490 535.9
1321500 529.8
1321510 529.8
1321520 526.2
1321530 524.9
1321540 524.9
1321550 524.6
1321560 524.6
1321570 524.6
1321580 524.6
1321590 524.7
1321600 524.7
1321610 525.7
1321620 526.1
1321630 526.1
1321640 525.7
1321650 525.6
1321660 525.6
1321670 526.1
1321680 525.8
1321690 525.8
1321700 525.4
1321710 525.9
1321720 526.9
1321730 526.9
1321740 528.6
1321750 530.8
1321760 530.8
1321770 532.1
1321780 532.6
1321790 532.6
1321800 533.6
1321810 535.6
1321820 535.6
1321830 537.5
1321840 539.0
1321850 539.0
1321860 541.5
1321870 545.1
1321880 545.1
1321890 549.0
1321900 551.8
1321910 551.8
1321920 554.2
1321930 557.3
1321940 557.3
1321950 561.0
1321960 562.4
1321970 562.4
1321980 562.1
1321990 562.5
1322000 562.5
1322010 563.6
1322020 564.9
1322030 566.0
1322040 566.0
1322050 566.6
1322060 566.9
1322070 566.9
1322080 567.0
1322090 567.1
1322100 567.1
1322110 567.3
1322120 567.4
1322130 567.4
1322140 567.3
1322150 567.0
1322160 567.0
1322170 567.0
1322180 567.0
1322190 567.0
1322200 566.9
1322210 566.9
1322220 566.9
1322230 568.0
1322240 568.2
1322250 568.2
1322260 568.4
1322270 568.4
1322280 568.4
1322290 568.3
1322300 567.9
1322310 567.9
1322320 566.9
1322330 566.4
1322340 566.0
1322350 566.0
1322360 565.5
1322370 563.2
1322380 563.2
1322390 561.7
1322400 561.2
1322410 561.2
1322420 561.0
1322430 560.8
1322440 560.8
1322450 560.9
1322460 561.0
1322470 561.0
1322480 561.0
1322490 561.1
1322500 561.1
1322510 561.9
1322520 561.7
1322530 561.7
1322540 558.8
1322550 555.1
1322560 555.1
1322570 552.1
1322580 551.1
1322590 551.1
1322600 550.5
1322610 550.4
1322620 550.4
1322630 550.5
1322640 550.7
1322650 550.9
1322660 550.9
1322670 549.1
1322680 549.3
1322690 548.7
1322700 550.8
1322710 551.6
1322720 551.6
1322730 551.8
1322740 552.2
1322750 552.2
1322760 553.4
1322770 553.6
1322780 553.6
1322790 553.4
1322800 553.3
1322810 553.3
1322820 553.5
1322830 553.7
1322840 553.7
1322850 554.0
1322860 554.6
1322870 554.6
1322880 555.1
1322890 555.6
1322900 555.6
1322910 556.3
1322920 557.4
1322930 557.4
1322940 558.1
1322950 559.3
1322960 560.5
1322970 560.5
1322980 561.0
1322990 562.0
1323000 562.0
1323010 563.5
1323020 565.6
1323030 565.6
1323040 569.4
1323050 571.6
1323060 571.6
1323070 574.4
1323080 577.1
1323090 577.1
1323100 579.6
1323110 582.7
1323120 582.7
1323130 585.8
1323140 588.6
1323150 588.6
1323160 591.7
1323170 594.7
1323180 594.7
1323190 597.7
1323200 600.7
1323210 600.7
1323220 603.7
1323230 606.4
1323240 606.4
1323250 609.0
1323260 611.9
1323270 615.4
1323280 615.4
1323290 619.4
1323300 623.6
1323310 623.6
1323320 625.6
1323330 625.9
1323340 625.9
1323350 625.4
1323360 624.9
1323370 624.9
1323380 625.0
1323390 625.6
1323400 625.6
1323410 625.4
1323420 624.9
1323430 624.9
1323440 624.4
1323450 624.7
1323460 624.7
1323470 625.2
1323480 622.0
1323490 622.0
1323500 622.7
1323510 622.9
1323520 622.9
1323530 623.3
1323540 623.5
1323550 623.5
1323560 623.9
1323570 624.6
1323580 625.3
1323590 625.3
1323600 626.0
1323610 626.8
1323620 626.8
1323630 627.4
1323640 629.7
1323650 629.7
1323660 631.3
1323670 633.4
1323680 633.4
1323690 635.2
1323700 637.3
1323710 637.3
1323720 639.6
1323730 642.5
1323740 642.5
1323750 645.8
1323760 646.9
1323770 646.9
1323780 647.8
1323790 648.8
1323800 648.8
1323810 649.6
1323820 650.4
1323830 650.4
1323840 651.2
1323850 652.0
1323860 652.0
1323870 653.0
1323880 654.6
1323890 656.5
1323900 656.5
1323910 658.2
1323920 659.8
1323930 659.8
1323940 661.4
1323950 663.1
1323960 663.1
1323970 664.5
1323980 665.9
1323990 665.9
1324000 667.3
1324010 668.3
1324020 668.3
1324030 669.0
1324040 669.8
1324050 669.8
1324060 671.7
1324070 674.8
1324080 674.8
1324090 677.6
1324100 679.0
1324110 679.0
1324120 679.9
1324130 680.6
1324140 680.6
1324150 681.2
1324160 681.8
1324170 681.8
1324180 682.6
1324190 682.1
1324200 683.4
1324210 683.4
1324220 687.3
1324230 689.9
1324240 689.9
1324250 691.3
1324260 692.1
1324270 687.3
1324280 690.9
1324290 695.8
1324300 695.8
1324310 699.6
1324320 702.8
1324330 702.8
1324340 706.3
1324350 706.9
1324360 706.9
1324370 707.4
1324380 709.1
1324390 709.1
1324400 707.2
1324410 704.9
1324420 704.9
1324430 703.6
1324440 702.7
1324450 702.7
1324460 702.6
1324470 702.8
1324480 702.8
1324490 703.3
1324500 704.2
1324510 704.6
1324520 704.6
1324530 701.9
1324540 698.1
1324550 698.1
1324560 694.0
1324570 689.9
1324580 689.9
1324590 687.1
1324600 687.3
1324610 687.3
1324620 695.8
1324630 710.1
1324640 710.1
1324650 718.2
1324660 723.8
1324670 723.8
1324680 728.3
1324690 730.6
1324700 730.6
1324710 733.0
1324720 736.1
1324730 736.1
1324740 738.8
1324750 740.5
1324760 740.5
1324770 740.7
1324780 739.0
1324790 739.0
1324800 736.6
1324810 735.1
1324820 733.2
1324830 733.2
1324840 732.3
1324850 731.7
1324860 731.7
1324870 731.4
1324880 730.6
1324890 730.6
1324900 729.4
1324910 726.5
1324920 726.5
1324930 723.1
1324940 720.5
1324950 720.5
1324960 715.2
1324970 707.9
1324980 707.9
1324990 709.5
1325000 712.7
1325010 712.7
1325020 715.7
1325030 717.0
1325040 717.0
1325050 719.0
1325060 721.9
1325070 723.3
1325080 729.0
1325090 737.0
1325100 737.0
1325110 745.6
1325120 755.7
1325130 765.0
1325140 765.0
1325150 770.7
1325160 770.5
1325170 770.5
1325180 769.1
1325190 771.0
1325200 771.0
1325210 773.9
1325220 774.5
1325230 774.5
1325240 771.9
1325250 772.5
1325260 772.5
1325270 775.7
1325280 778.8
1325290 778.8
1325300 782.6
1325310 785.9
1325320 785.9
1325330 787.8
1325340 784.3
1325350 784.3
1325360 782.7
1325370 784.4
1325380 784.4
1325390 786.8
1325400 790.9
1325410 790.9
1325420 794.5
1325430 793.1
1325440 791.5
1325450 791.5
1325460 793.3
1325470 794.7
1325480 794.7
1325490 798.5
1325500 800.3
1325510 800.3
1325520 795.0
1325530 794.4
1325540 794.4
1325550 797.3
1325560 796.8
1325570 796.8
1325580 796.7
1325590 796.0
1325600 796.0
1325610 795.5
1325620 793.8
1325630 793.8
1325640 794.3
1325650 793.6
1325660 793.6
1325670 793.4
1325680 793.4
1325690 793.4
1325700 794.3
1325710 796.2
1325720 796.2
1325730 797.5
1325740 798.9
1325750 801.5
1325760 801.5
1325770 804.9
1325780 808.1
1325790 808.1
1325800 809.4
1325810 811.2
1325820 811.2
1325830 812.7
1325840 813.5
1325850 813.5
1325860 816.2
1325870 808.2
1325880 808.2
1325890 808.4
1325900 809.2
1325910 809.2
1325920 810.2
1325930 811.1
1325940 811.1
1325950 812.6
1325960 813.6
1325970 813.6
1325980 814.4
1325990 815.8
1326000 815.8
1326010 818.3
1326020 821.6
1326030 821.6
1326040 824.1
1326050 826.0
1326060 828.4
1326070 828.4
1326080 830.8
1326090 831.8
1326100 831.8
1326110 831.0
1326120 831.2
1326130 831.2
1326140 832.5
1326150 831.5
1326160 831.5
1326170 830.8
1326180 830.6
1326190 830.6
1326200 831.0
1326210 831.5
1326220 831.5
1326230 832.1
1326240 833.3
1326250 833.3
1326260 835.8
1326270 839.2
1326280 839.2
1326290 843.4
1326300 845.7
1326310 845.7
1326320 847.4
1326330 848.4
1326340 848.4
1326350 850.3
1326360 850.9
1326370 851.9
1326380 851.9
1326390 852.2
1326400 852.2
1326410 852.2
1326420 850.0
1326430 849.6
1326440 849.6
1326450 850.5
1326460 851.7
1326470 851.7
1326480 852.4
1326490 854.6
1326500 854.6
1326510 856.5
1326520 857.4
1326530 857.4
1326540 859.1
1326550 861.6
1326560 861.6
1326570 865.0
1326580 865.8
1326590 865.8
1326600 869.2
1326610 874.0
1326620 874.0
1326630 874.3
1326640 876.5
1326650 876.5
1326660 880.7
1326670 883.4
1326680 892.5
1326690 892.5
1326700 893.3
1326710 896.8
1326720 896.8
1326730 896.1
1326740 898.9
1326750 898.9
1326760 900.3
1326770 902.5
1326780 902.5
1326790 905.0
1326800 907.1
1326810 907.1
1326820 908.8
1326830 910.4
1326840 910.4
1326850 912.4
1326860 914.9
1326870 914.9
1326880 918.0
1326890 920.7
1326900 920.7
1326910 923.9
1326920 926.7
1326930 926.7
1326940 928.7
1326950 930.5
1326960 930.5
1326970 932.6
1326980 934.1
1326990 935.2
1327000 935.2
1327010 938.3
1327020 941.6
1327030 941.6
1327040 944.1
1327050 946.9
1327060 946.9
1327070 948.3
1327080 949.5
1327090 949.5
1327100 950.6
1327110 951.7
1327120 951.7
1327130 948.6
1327140 943.3
1327150 943.3
1327160 938.5
1327170 934.4
1327180 934.4
1327190 930.4
1327200 928.8
1327210 928.8
1327220 929.3
1327230 933.6
1327240 933.6
1327250 940.6
1327260 947.2
1327270 947.2
1327280 952.1
1327290 954.4
1327300 958.2
1327310 958.2
1327320 961.1
1327330 965.1
1327340 965.1
1327350 967.1
1327360 969.9
1327370 969.9
1327380 973.1
1327390 977.0
1327400 977.0
1327410 982.2
1327420 985.7
1327430 985.7
1327440 988.4
1327450 994.0
1327460 994.0
1327470 998.9
1327480 1004.2
1327490 1000.3
1327500 1009.7
1327510 1017.0
1327520 1017.0
1327530 1020.2
1327540 1024.4
1327550 1024.4
1327560 1030.1
1327570 1036.3
1327580 1036.3
1327590 1041.4
1327600 1045.8
1327610 1049.6
1327620 1049.6
1327630 1053.1
1327640 1057.5
1327650 1057.5
1327660 1062.6
1327670 1068.3
1327680 1068.3
1327690 1074.2
1327700 1078.7
1327710 1078.7
1327720 1082.8
1327730 1087.1
1327740 1087.1
1327750 1091.3
1327760 1094.8
1327770 1094.8
1327780 1095.6
1327790 1095.9
1327800 1095.9
1327810 1098.4
1327820 1100.8
1327830 1100.8
1327840 1103.2
1327850 1106.4
1327860 1106.4
1327870 1108.2
1327880 1110.3
1327890 1112.7
1327900 1112.7
1327910 1115.2
1327920 1117.4
1327930 1117.4
1327940 1118.9
1327950 1119.8
1327960 1119.8
1327970 1121.0
1327980 1122.8
1327990 1122.8
1328000 1124.7
1328010 1126.3
1328020 1126.3
1328030 1127.0
1328040 1127.2
1328050 1127.2
1328060 1127.5
1328070 1127.8
1328080 1127.8
1328090 1129.3
1328100 1132.1
1328110 1132.1
1328120 1135.0
1328130 1136.1
1328140 1136.1
1328150 1136.5
1328160 1136.6
1328170 1136.6
1328180 1135.9
1328190 1133.8
1328200 1131.7
1328210 1131.7
1328220 1129.8
1328230 1128.6
1328240 1128.6
1328250 1128.7
1328260 1129.6
1328270 1129.6
1328280 1130.7
1328290 1132.6
1328300 1132.6
1328310 1141.0
1328320 1145.8
1328330 1145.8
1328340 1149.8
1328350 1154.1
1328360 1154.1
1328370 1159.1
1328380 1162.4
1328390 1162.4
1328400 1164.1
1328410 1166.6
1328420 1166.6
1328430 1169.4
1328440 1174.3
1328450 1174.3
1328460 1181.0
1328470 1187.0
1328480 1187.0
1328490 1192.3
1328500 1198.2
1328510 1202.4
1328520 1202.4
1328530 1206.4
1328540 1212.6
1328550 1212.6
1328560 1221.3
1328570 1225.1
1328580 1225.1
1328590 1226.9
1328600 1230.3
1328610 1230.3
1328620 1232.7
1328630 1234.9
1328640 1234.9
1328650 1238.1
1328660 1241.3
1328670 1241.3
1328680 1245.3
1328690 1249.6
1328700 1249.6
1328710 1252.7
1328720 1253.1
1328730 1253.1
1328740 1255.2
1328750 1258.8
1328760 1258.8
1328770 1262.5
1328780 1266.7
1328790 1266.7
1328800 1272.4
1328810 1274.8
1328820 1271.6
1328830 1271.6
1328840 1271.1
1328850 1274.0
1328860 1274.0
1328870 1278.5
1328880 1282.3
1328890 1282.3
1328900 1286.9
1328910 1289.8
1328920 1289.8
1328930 1291.9
1328940 1291.9
1328950 1291.9
1328960 1292.1
1328970 1295.3
1328980 1295.3
1328990 1299.6
1329000 1303.3
1329010 1303.3
1329020 1305.9
1329030 1311.1
1329040 1311.1
1329050 1317.7
1329060 1323.6
1329070 1323.6
1329080 1331.2
1329090 1349.9
1329100 1349.9
1329110 1365.0
1329120 1375.4
1329130 1374.5
1329140 1374.5
1329150 1372.3
1329160 1371.3
1329170 1371.3
1329180 1369.4
1329190 1366.9
1329200 1366.9
1329210 1366.4
1329220 1367.6
1329230 1367.6
1329240 1369.4
1329250 1371.5
1329260 1371.5
1329270 1372.3
1329280 1372.4
1329290 1372.4
1329300 1372.3
1329310 1373.1
1329320 1373.1
1329330 1374.4
1329340 1375.9
1329350 1375.9
1329360 1377.8
1329370 1379.9
1329380 1379.9
1329390 1381.6
1329400 1382.2
1329410 1382.2
1329420 1382.5
1329430 1383.7
1329440 1385.2
1329450 1385.2
1329460 1386.6
1329470 1387.3
1329480 1387.3
1329490 1387.7
1329500 1388.3
1329510 1388.3
1329520 1389.0
1329530 1389.8
1329540 1389.8
1329550 1389.5
1329560 1388.6
1329570 1388.6
1329580 1388.0
1329590 1388.1
1329600 1388.1
1329610 1387.5
1329620 1386.8
1329630 1386.8
1329640 1385.7
1329650 1384.5
1329660 1384.5
1329670 1382.7
1329680 1380.7
1329690 1380.7
1329700 1379.8
1329710 1378.7
1329720 1378.7
1329730 1378.1
1329740 1375.7
1329750 1374.5
1329760 1374.5
1329770 1376.8
1329780 1377.2
1329790 1377.2
1329800 1377.4
1329810 1380.3
1329820 1380.3
1329830 1387.0
1329840 1384.0
1329850 1384.0
1329860 1379.7
1329870 1376.3
1329880 1376.3
1329890 1373.9
1329900 1373.8
1329910 1373.8
1329920 1375.5
1329930 1377.8
1329940 1377.8
1329950 1388.5
1329960 1391.1
1329970 1391.1
1329980 1393.6
1329990 1397.1
1330000 1397.1
1330010 1401.8
1330020 1403.7
1330030 1403.7
1330040 1406.9
1330050 1406.8
1330060 1407.4
1330070 1407.4
1330080 1409.0
1330090 1409.6
1330100 1409.6
1330110 1410.5
1330120 1411.9
1330130 1411.9
1330140 1413.0
1330150 1414.7
1330160 1414.7
1330170 1416.0
1330180 1417.1
1330190 1417.1
1330200 1418.4
1330210 1419.6
1330220 1419.6
1330230 1420.7
1330240 1421.7
1330250 1421.7
1330260 1422.7
1330270 1423.8
1330280 1423.8
1330290 1425.5
1330300 1427.8
1330310 1427.8
1330320 1429.7
1330330 1431.7
1330340 1431.7
1330350 1434.1
1330360 1436.8
1330370 1439.7
1330380 1439.7
1330390 1442.5
1330400 1445.4
1330410 1445.4
1330420 1448.4
1330430 1451.4
1330440 1451.4
1330450 1454.1
1330460 1457.2
1330470 1457.2
1330480 1461.0
1330490 1464.6
1330500 1464.6
1330510 1468.6
1330520 1473.0
1330530 1473.0
1330540 1475.9
1330550 1478.3
1330560 1478.3
1330570 1480.5
1330580 1483.2
1330590 1483.2
1330600 1485.7
1330610 1487.4
1330620 1487.4
1330630 1489.2
1330640 1490.7
1330650 1490.7
1330660 1492.0
1330670 1493.3
1330680 1494.7
1330690 1494.7
1330700 1495.9
1330710 1496.9
1330720 1496.9
1330730 1498.0
1330740 1498.9
1330750 1498.9
1330760 1500.0
1330770 1501.5
1330780 1498.4
1330790 1500.0
1330800 1502.4
1330810 1502.4
1330820 1505.2
1330830 1507.8
1330840 1507.8
1330850 1509.8
1330860 1511.3
1330870 1511.3
1330880 1512.5
1330890 1513.2
1330900 1513.2
1330910 1513.9
1330920 1514.0
1330930 1514.0
1330940 1513.4
1330950 1512.8
1330960 1512.8
1330970 1512.6
1330980 1512.9
1330990 1512.8
1331000 1512.8
1331010 1512.0
1331020 1511.9
1331030 1511.9
1331040 1511.4
1331050 1510.5
1331060 1510.5
1331070 1509.7
1331080 1508.1
1331090 1508.1
1331100 1504.5
1331110 1502.8
1331120 1502.8
1331130 1501.3
1331140 1498.1
1331150 1498.1
1331160 1496.0
1331170 1493.9
1331180 1493.9
1331190 1490.7
1331200 1486.8
1331210 1486.8
1331220 1482.3
1331230 1478.1
1331240 1478.1
1331250 1474.8
1331260 1471.4
1331270 1471.4
1331280 1467.5
1331290 1463.8
1331300 1460.7
1331310 1460.7
1331320 1456.4
1331330 1450.6
1331340 1450.6
1331350 1445.8
1331360 1441.1
1331370 1441.1
1331380 1434.6
1331390 1427.8
1331400 1427.8
1331410 1422.0
1331420 1416.9
1331430 1416.9
1331440 1412.4
1331450 1408.1
1331460 1408.1
1331470 1403.6
1331480 1399.9
1331490 1399.9
1331500 1396.3
1331510 1392.7
1331520 1392.7
1331530 1388.5
1331540 1384.1
1331550 1384.1
1331560 1379.0
1331570 1373.6
1331580 1373.6
1331590 1367.1
1331600 1359.4
1331610 1344.8
1331620 1344.8
1331630 1339.0
1331640 1334.2
1331650 1334.2
1331660 1328.9
1331670 1322.0
1331680 1322.0
1331690 1314.4
1331700 1307.2
1331710 1307.2
1331720 1300.8
1331730 1297.1
1331740 1297.1
1331750 1292.8
1331760 1288.6
1331770 1288.6
1331780 1285.6
1331790 1283.5
1331800 1283.5
1331810 1281.0
1331820 1276.8
1331830 1276.8
1331840 1272.5
1331850 1268.8
1331860 1268.8
1331870 1267.4
1331880 1265.3
1331890 1265.3
1331900 1262.2
1331910 1258.3
1331920 1252.8
1331930 1252.8
1331940 1246.4
1331950 1240.1
1331960 1240.1
1331970 1236.4
1331980 1235.3
1331990 1235.3
1332000 1235.0
1332010 1234.5
1332020 1234.5
1332030 1231.6
1332040 1227.2
1332050 1227.2
1332060 1223.8
1332070 1221.4
1332080 1221.4
1332090 1218.4
1332100 1212.8
1332110 1212.8
1332120 1206.5
1332130 1201.7
1332140 1201.7
1332150 1197.4
1332160 1194.0
1332170 1194.0
1332180 1190.6
1332190 1185.3
1332200 1185.3
1332210 1180.8
1332220 1176.7
1332230 1173.1
1332240 1173.1
1332250 1169.2
1332260 1163.6
1332270 1163.6
1332280 1158.3
1332290 1153.9
1332300 1153.9
1332310 1149.6
1332320 1145.0
1332330 1145.0
1332340 1140.9
1332350 1137.2
1332360 1137.2
1332370 1133.4
1332380 1129.6
1332390 1129.6
1332400 1125.9
1332410 1122.4
1332420 1122.4
1332430 1119.0
1332440 1115.4
1332450 1117.4
1332460 1113.4
1332470 1109.4
1332480 1109.4
1332490 1105.3
1332500 1103.4
1332510 1103.4
1332520 1102.5
1332530 1099.0
1332540 1095.2
1332550 1095.2
1332560 1092.2
1332570 1090.2
1332580 1090.2
1332590 1088.2
1332600 1085.4
1332610 1085.4
1332620 1080.8
1332630 1075.5
1332640 1075.5
1332650 1072.2
1332660 1068.9
1332670 1068.9
1332680 1066.5
1332690 1064.4
1332700 1064.4
1332710 1062.3
1332720 1060.4
1332730 1060.4
1332740 1058.0
1332750 1055.8
1332760 1055.8
1332770 1054.3
1332780 1052.9
1332790 1052.9
1332800 1051.4
1332810 1048.1
1332820 1048.1
1332830 1045.6
1332840 1044.4
1332850 1043.3
1332860 1043.3
1332870 1043.4
1332880 1043.0
1332890 1043.0
1332900 1047.5
1332910 1053.8
1332920 1053.8
1332930 1055.6
1332940 1055.0
1332950 1055.0
1332960 1054.0
1332970 1053.1
1332980 1053.1
1332990 1052.2
1333000 1051.7
1333010 1051.7
1333020 1051.9
1333030 1052.6
1333040 1052.6
1333050 1053.1
1333060 1052.6
1333070 1052.6
1333080 1051.5
1333090 1050.3
1333100 1050.3
1333110 1049.3
1333120 1048.0
1333130 1048.0
1333140 1047.0
1333150 1046.4
1333160 1046.1
1333170 1046.1
1333180 1045.7
1333190 1045.2
1333200 1045.2
1333210 1044.8
1333220 1044.4
1333230 1044.4
1333240 1044.1
1333250 1043.5
1333260 1043.5
1333270 1044.7
1333280 1046.6
1333290 1050.0
1333300 1050.3
1333310 1047.5
1333320 1047.5
1333330 1049.3
1333340 1050.8
1333350 1050.8
1333360 1052.8
1333370 1055.9
1333380 1055.9
1333390 1059.5
1333400 1063.2
1333410 1063.2
1333420 1064.1
1333430 1062.2
1333440 1062.2
1333450 1058.2
1333460 1056.8
1333470 1054.0
1333480 1054.0
1333490 1049.3
1333500 1043.5
1333510 1043.5
1333520 1038.6
1333530 1036.9
1333540 1036.9
1333550 1039.7
1333560 1042.7
1333570 1042.7
1333580 1041.6
1333590 1040.7
1333600 1040.7
1333610 1040.2
1333620 1043.0
1333630 1043.0
1333640 1050.0
1333650 1057.4
1333660 1057.4
1333670 1064.6
1333680 1072.0
1333690 1072.0
1333700 1078.2
1333710 1083.7
1333720 1083.7
1333730 1088.9
1333740 1093.4
1333750 1093.4
1333760 1097.8
1333770 1102.2
1333780 1106.7
1333790 1106.7
1333800 1111.1
1333810 1115.7
1333820 1115.7
1333830 1121.1
1333840 1125.7
1333850 1125.7
1333860 1131.4
1333870 1136.4
1333880 1136.4
1333890 1141.0
1333900 1145.8
1333910 1145.8
1333920 1150.8
1333930 1155.6
1333940 1155.6
1333950 1160.5
1333960 1164.7
1333970 1164.7
1333980 1168.8
1333990 1173.6
1334000 1173.6
1334010 1178.8
1334020 1183.1
1334030 1183.1
1334040 1187.4
1334050 1192.3
1334060 1192.3
1334070 1196.3
1334080 1200.1
1334090 1203.9
1334100 1203.9
1334110 1207.7
1334120 1211.1
1334130 1211.1
1334140 1207.5
1334150 1210.6
1334160 1210.6
1334170 1216.2
1334180 1221.7
1334190 1221.7
1334200 1225.6
1334210 1228.7
1334220 1228.7
1334230 1231.8
1334240 1234.5
1334250 1234.5
1334260 1236.8
1334270 1238.8
1334280 1238.8
1334290 1240.5
1334300 1242.1
1334310 1242.1
1334320 1244.0
1334330 1245.4
1334340 1245.4
1334350 1246.6
1334360 1247.8
1334370 1247.8
1334380 1248.6
1334390 1249.3
1334400 1249.9
1334410 1249.9
1334420 1250.2
1334430 1250.1
1334440 1250.1
1334450 1249.7
1334460 1248.9
1334470 1248.9
1334480 1248.2
1334490 1247.4
1334500 1247.4
1334510 1247.1
1334520 1246.1
1334530 1246.1
1334540 1245.2
1334550 1244.1
1334560 1244.1
1334570 1242.9
1334580 1242.2
1334590 1242.2
1334600 1241.0
1334610 1239.3
1334620 1239.3
1334630 1237.6
1334640 1235.6
1334650 1235.6
1334660 1235.0
1334670 1234.2
1334680 1234.2
1334690 1233.2
1334700 1233.0
1334710 1232.4
1334720 1232.4
1334730 1230.8
1334740 1228.4
1334750 1228.4
1334760 1226.7
1334770 1225.2
1334780 1225.2
1334790 1222.7
1334800 1222.8
1334810 1222.8
1334820 1222.5
1334830 1221.9
1334840 1221.9
1334850 1221.5
1334860 1220.9
1334870 1220.9
1334880 1219.9
1334890 1218.8
1334900 1218.8
1334910 1217.9
1334920 1217.2
1334930 1217.2
1334940 1216.5
1334950 1215.8
1334960 1215.8
1334970 1215.1
1334980 1214.3
1334990 1211.3
1335000 1210.6
1335010 1209.8
1335020 1209.1
1335030 1209.1
1335040 1208.3
1335050 1207.1
1335060 1207.1
1335070 1206.1
1335080 1205.6
1335090 1205.6
1335100 1205.4
1335110 1205.2
1335120 1205.2
1335130 1204.8
1335140 1204.1
1335150 1204.1
1335160 1203.5
1335170 1202.7
1335180 1202.7
1335190 1201.9
1335200 1201.3
1335210 1201.3
1335220 1200.3
1335230 1199.6
1335240 1199.6
1335250 1198.8
1335260 1197.8
1335270 1197.8
1335280 1197.4
1335290 1197.8
1335300 1197.8
1335310 1197.6
1335320 1197.0
1335330 1196.1
1335340 1196.1
1335350 1194.7
1335360 1192.2
1335370 1192.2
1335380 1189.5
1335390 1188.5
1335400 1188.5
1335410 1189.7
1335420 1191.8
1335430 1191.8
1335440 1192.5
1335450 1192.0
1335460 1192.0
1335470 1191.2
1335480 1190.9
1335490 1190.9
1335500 1190.5
1335510 1190.0
1335520 1190.0
1335530 1189.9
1335540 1189.9
1335550 1189.9
1335560 1189.3
1335570 1189.4
1335580 1189.4
1335590 1190.1
1335600 1190.3
1335610 1190.3
1335620 1190.3
1335630 1190.3
1335640 1189.6
1335650 1189.6
1335660 1188.1
1335670 1187.0
1335680 1187.0
1335690 1186.2
1335700 1184.4
1335710 1184.4
1335720 1180.0
1335730 1178.1
1335740 1178.1
1335750 1177.9
1335760 1178.3
1335770 1178.3
1335780 1179.1
1335790 1179.7
1335800 1179.7
1335810 1180.5
1335820 1181.5
1335830 1181.5
1335840 1179.1
1335850 1180.5
1335860 1180.5
1335870 1181.7
1335880 1182.8
1335890 1182.8
1335900 1184.0
1335910 1185.2
1335920 1185.2
1335930 1186.1
1335940 1186.6
1335950 1185.3
1335960 1185.3
1335970 1184.5
1335980 1184.7
1335990 1184.7
1336000 1185.7
1336010 1186.7
1336020 1186.7
1336030 1187.9
1336040 1188.9
1336050 1188.9
1336060 1189.9
1336070 1190.8
1336080 1190.8
1336090 1191.6
1336100 1191.9
1336110 1191.9
1336120 1191.6
1336130 1190.7
1336140 1190.7
1336150 1189.6
1336160 1189.0
1336170 1189.0
1336180 1188.4
1336190 1187.2
1336200 1187.2
1336210 1185.7
1336220 1184.0
1336230 1184.0
1336240 1182.2
1336250 1179.8
1336260 1177.7
1336270 1177.7
1336280 1176.0
1336290 1174.5
1336300 1174.5
1336310 1172.6
1336320 1170.4
1336330 1170.4
1336340 1168.2
1336350 1165.9
1336360 1165.9
1336370 1163.4
1336380 1161.2
1336390 1161.2
1336400 1159.3
1336410 1157.1
1336420 1157.1
1336430 1154.2
1336440 1150.9
1336450 1150.9
1336460 1147.6
1336470 1144.5
1336480 1144.5
1336490 1141.7
1336500 1138.6
1336510 1138.6
1336520 1135.3
1336530 1131.9
1336540 1129.0
1336550 1129.0
1336560 1126.1
1336570 1123.4
1336580 1123.4
1336590 1122.2
1336600 1121.3
1336610 1121.3
1336620 1117.7
1336630 1114.3
1336640 1114.3
1336650 1111.4
1336660 1108.8
1336670 1108.8
1336680 1106.0
1336690 1102.8
1336700 1102.8
1336710 1101.1
1336720 1097.5
1336730 1097.5
1336740 1093.5
1336750 1089.2
1336760 1089.2
1336770 1084.9
1336780 1080.9
1336790 1080.9
1336800 1078.0
1336810 1075.8
1336820 1075.8
1336830 1073.5
1336840 1070.9
1336850 1068.5
1336860 1068.5
1336870 1066.2
1336880 1063.3
1336890 1063.3
1336900 1060.3
1336910 1057.6
1336920 1057.6
1336930 1054.9
1336940 1052.4
1336950 1052.4
1336960 1049.6
1336970 1046.1
1336980 1046.1
1336990 1042.0
1337000 1037.9
1337010 1037.9
1337020 1035.7
1337030 1034.4
1337040 1034.4
1337050 1029.7
1337060 1027.1
1337070 1027.1
1337080 1024.8
1337090 1021.0
1337100 1021.0
1337110 1017.5
1337120 1013.5
1337130 1013.5
1337140 1011.0
1337150 1009.5
1337160 1005.5
1337170 1005.5
1337180 1001.3
1337190 998.9
1337200 998.9
1337210 996.3
1337220 994.3
1337230 994.3
1337240 993.3
1337250 989.7
1337260 989.7
1337270 986.5
1337280 982.3
1337290 982.3
1337300 977.0
1337310 973.0
1337320 973.0
1337330 971.8
1337340 970.0
1337350 970.0
1337360 968.2
1337370 965.7
1337380 965.7
1337390 961.4
1337400 958.3
1337410 958.3
1337420 956.1
1337430 953.9
1337440 953.9
1337450 951.4
1337460 948.8
1337470 946.8
1337480 946.8
1337490 944.8
1337500 942.7
1337510 942.7
1337520 940.9
1337530 939.5
1337540 939.5
1337550 938.1
1337560 933.3
1337570 929.1
1337580 918.6
1337590 913.7
1337600 913.7
1337610 909.5
1337620 903.5
1337630 903.5
1337640 897.7
1337650 893.3
1337660 893.3
1337670 888.9
1337680 883.1
1337690 883.1
1337700 876.9
1337710 871.5
1337720 871.5
1337730 870.0
1337740 870.4
1337750 870.4
1337760 871.3
1337770 872.4
1337780 872.2
1337790 872.2
1337800 873.1
1337810 875.8
1337820 875.8
1337830 875.8
1337840 875.2
1337850 875.2
1337860 875.1
1337870 874.5
1337880 874.5
1337890 875.6
1337900 877.2
1337910 877.2
1337920 879.2
1337930 880.1
1337940 880.1
1337950 881.3
1337960 880.0
1337970 880.0
1337980 880.2
1337990 881.2
1338000 881.2
1338010 879.8
1338020 877.5
1338030 877.5
1338040 875.5
1338050 876.0
1338060 876.0
1338070 875.1
1338080 874.4
1338090 871.5
1338100 871.5
1338110 865.5
1338120 860.0
1338130 860.0
1338140 856.8
1338150 855.1
1338160 855.1
1338170 855.9
1338180 858.0
1338190 858.0
1338200 858.0
1338210 857.4
1338220 857.4
1338230 856.1
1338240 854.6
1338250 854.6
1338260 852.8
1338270 850.3
1338280 850.3
1338290 848.3
1338300 846.3
1338310 846.3
1338320 844.8
1338330 842.2
1338340 842.2
1338350 839.9
1338360 838.7
1338370 838.7
1338380 838.1
1338390 838.4
1338400 838.6
1338410 838.6
1338420 839.1
1338430 839.5
1338440 839.5
1338450 839.7
1338460 839.2
1338470 839.2
1338480 839.2
1338490 841.1
1338500 841.1
1338510 842.3
1338520 839.6
1338530 839.6
1338540 833.5
1338550 827.7
1338560 827.7
1338570 824.7
1338580 822.9
1338590 822.9
1338600 822.9
1338610 823.9
1338620 823.9
1338630 824.1
1338640 823.2
1338650 823.2
1338660 821.8
1338670 820.3
1338680 820.3
1338690 818.6
1338700 817.2
1338710 816.2
1338720 816.2
1338730 815.2
1338740 812.8
1338750 812.8
1338760 808.3
1338770 806.1
1338780 806.1
1338790 810.5
1338800 816.1
1338810 816.1
1338820 817.1
1338830 816.8
1338840 816.8
1338850 816.5
1338860 816.0
1338870 816.0
1338880 815.8
1338890 816.0
1338900 816.0
1338910 815.6
1338920 814.5
1338930 814.5
1338940 814.2
1338950 814.3
1338960 814.3
1338970 814.2
1338980 813.8
1338990 813.8
1339000 812.9
1339010 811.5
1339020 810.7
1339030 810.7
1339040 809.7
1339050 808.7
1339060 808.7
1339070 807.6
1339080 806.4
1339090 806.4
1339100 805.4
1339110 804.6
1339120 804.6
1339130 804.0
1339140 803.2
1339150 803.2
1339160 800.4
1339170 795.3
1339180 795.3
1339190 795.0
1339200 794.8
1339210 794.8
1339220 794.9
1339230 795.2
1339240 795.2
1339250 795.1
1339260 792.4
1339270 792.4
1339280 791.8
1339290 795.8
1339300 795.8
1339310 799.2
1339320 801.0
1339330 805.3
1339340 805.3
1339350 810.5
1339360 814.5
1339370 814.5
1339380 818.6
1339390 822.2
1339400 822.2
1339410 826.3
1339420 829.7
1339430 829.7
1339440 833.3
1339450 836.7
1339460 836.7
1339470 840.4
1339480 844.7
1339490 844.7
1339500 850.7
1339510 856.4
1339520 856.4
1339530 862.0
1339540 867.9
1339550 867.9
1339560 873.6
1339570 878.5
1339580 878.5
1339590 882.9
1339600 888.0
1339610 888.0
1339620 894.7
1339630 901.6
1339640 906.2
1339650 906.2
1339660 905.8
1339670 902.8
1339680 902.8
1339690 900.0
1339700 898.4
1339710 898.4
1339720 898.0
1339730 898.1
1339740 898.1
1339750 898.4
1339760 898.9
1339770 898.9
1339780 900.5
1339790 902.9
1339800 902.9
1339810 905.6
1339820 907.0
1339830 907.0
1339840 906.7
1339850 905.3
1339860 905.3
1339870 903.3
1339880 901.2
1339890 901.2
1339900 900.3
1339910 900.8
1339920 900.8
1339930 901.7
1339940 902.6
1339950 903.6
1339960 903.6
1339970 904.5
1339980 905.7
1339990 905.7
