1320000 518.5
1320010 518.5
1320020 518.5
1320030 518.6
1320040 519.2
1320050 519.2
1320060 520.2
1320070 520.3
1320080 520.3
1320090 520.4
1320100 520.3
1320110 520.3
1320120 519.8
1320130 519.2
1320140 519.2
1320150 519.1
1320160 519.2
1320170 519.5
1320180 519.5
1320190 519.8
1320200 519.8
1320210 519.8
1320220 519.5
1320230 518.4
1320240 518.4
1320250 516.7
1320260 516.2
1320270 516.2
1320280 515.8
1320290 515.5
1320300 515.5
1320310 515.2
1320320 515.1
1320330 515.1
1320340 515.1
1320350 515.1
1320360 515.1
1320370 515.1
1320380 515.1
1320390 515.1
1320400 515.0
1320410 515.1
1320420 515.1
1320430 515.1
1320440 515.0
1320450 515.0
1320460 515.0
1320470 515.0
1320480 515.0
1320490 515.0
1320500 515.0
1320510 515.0
1320520 515.0
1320530 515.0
1320540 515.0
1320550 515.0
1320560 515.2
1320570 516.2
1320580 516.2
1320590 519.6
1320600 519.5
1320610 519.5
1320620 519.4
1320630 519.3
1320640 519.3
1320650 519.1
1320660 518.9
1320670 518.9
1320680 518.9
1320690 518.9
1320700 518.9
1320710 518.9
1320720 518.9
1320730 518.9
1320740 518.9
1320750 518.9
1320760 518.9
1320770 518.9
1320780 518.9
1320790 518.7
1320800 518.7
1320810 518.5
1320820 518.5
1320830 518.5
1320840 518.5
1320850 518.6
1320860 518.6
1320870 518.4
1320880 519.7
1320890 519.7
1320900 520.5
1320910 520.0
1320920 520.0
1320930 518.8
1320940 518.7
1320950 518.7
1320960 518.6
1320970 518.4
1320980 518.4
1320990 517.9
1321000 517.0
1321010 517.0
1321020 517.0
1321030 518.2
1321040 518.2
1321050 520.1
1321060 521.2
1321070 521.2
1321080 521.4
1321090 521.3
1321100 521.3
1321110 521.3
1321120 521.3
1321130 521.5
1321140 521.5
1321150 521.6
1321160 522.7
1321170 522.7
1321180 524.4
1321190 527.4
1321200 527.4
1321210 532.6
1321220 537.7
1321230 537.7
1321240 543.1
1321250 551.1
1321260 551.1
1321270 556.8
1321280 558.4
1321290 558.4
1321300 558.0
1321310 557.0
1321320 557.0
1321330 555.2
1321340 554.1
1321350 554.1
1321360 557.6
1321370 562.4
1321380 562.7
1321390 560.6
1321400 558.2
1321410 554.1
1321420 554.1
1321430 550.0
1321440 545.8
1321450 545.8
1321460 540.7
1321470 535.8
1321480 535.8
1321490 530.5
1321500 526.3
1321510 526.3
1321520 524.9
1321530 524.6
1321540 524.6
1321550 524.6
1321560 524.6
1321570 524.6
1321580 524.6
1321590 525.0
1321600 525.0
1321610 526.3
1321620 526.1
1321630 526.1
1321640 526.0
1321650 526.3
1321660 526.3
1321670 526.3
1321680 526.1
1321690 526.1
1321700 526.7
1321710 528.1
1321720 529.8
1321730 529.8
1321740 531.9
1321750 534.0
1321760 534.0
1321770 535.1
1321780 535.4
1321790 535.4
1321800 536.0
1321810 537.3
1321820 537.3
1321830 538.0
1321840 539.5
1321850 539.5
1321860 542.1
1321870 545.8
1321880 545.8
1321890 549.5
1321900 551.8
1321910 551.8
1321920 554.2
1321930 557.3
1321940 557.3
1321950 561.0
1321960 562.4
1321970 562.4
1321980 562.1
1321990 562.5
1322000 562.5
1322010 563.6
1322020 564.9
1322030 566.0
1322040 566.0
1322050 566.6
1322060 566.9
1322070 566.9
1322080 567.0
1322090 567.1
1322100 567.1
1322110 567.3
1322120 567.4
1322130 567.4
1322140 567.3
1322150 567.0
1322160 567.2
1322170 567.0
1322180 567.0
1322190 567.0
1322200 567.1
1322210 567.3
1322220 567.3
1322230 568.1
1322240 568.3
1322250 568.3
1322260 568.5
1322270 568.5
1322280 568.5
1322290 568.4
1322300 568.1
1322310 568.1
1322320 567.3
1322330 566.9
1322340 566.5
1322350 566.5
1322360 566.2
1322370 563.7
1322380 563.7
1322390 562.2
1322400 561.5
1322410 561.5
1322420 561.1
1322430 560.9
1322440 560.9
1322450 561.0
1322460 561.1
1322470 561.1
1322480 561.3
1322490 561.6
1322500 561.6
1322510 562.0
1322520 562.0
1322530 562.0
1322540 559.5
1322550 555.6
1322560 555.6
1322570 552.9
1322580 551.6
1322590 551.6
1322600 550.9
1322610 550.6
1322620 550.6
1322630 550.8
1322640 550.9
1322650 551.1
1322660 551.1
1322670 550.4
1322680 548.7
1322690 548.7
1322700 550.8
1322710 551.6
1322720 551.6
1322730 551.8
1322740 552.2
1322750 552.2
1322760 553.4
1322770 553.6
1322780 553.6
1322790 553.4
1322800 553.3
1322810 553.3
1322820 553.5
1322830 553.7
1322840 553.7
1322850 554.0
1322860 554.6
1322870 554.6
1322880 555.1
1322890 555.6
1322900 555.6
1322910 556.3
1322920 557.4
1322930 557.4
1322940 558.1
1322950 558.4
1322960 559.4
1322970 559.4
1322980 560.5
1322990 561.1
1323000 561.1
1323010 562.5
1323020 565.6
1323030 565.6
1323040 568.3
1323050 570.2
1323060 570.2
1323070 572.0
1323080 574.6
1323090 574.6
1323100 577.4
1323110 580.4
1323120 580.4
1323130 583.4
1323140 586.2
1323150 586.2
1323160 589.0
1323170 591.8
1323180 591.8
1323190 594.9
1323200 598.3
1323210 598.3
1323220 601.3
1323230 604.0
1323240 604.0
1323250 606.7
1323260 609.6
1323270 613.1
1323280 613.1
1323290 617.0
1323300 619.0
1323310 619.0
1323320 619.5
1323330 619.6
1323340 619.6
1323350 619.4
1323360 619.6
1323370 619.6
1323380 620.2
1323390 621.0
1323400 621.0
1323410 620.8
1323420 620.5
1323430 620.5
1323440 620.8
1323450 621.0
1323460 621.0
1323470 621.0
1323480 622.0
1323490 622.0
1323500 622.7
1323510 622.9
1323520 622.9
1323530 623.3
1323540 623.5
1323550 623.5
1323560 623.9
1323570 624.6
1323580 625.3
1323590 625.3
1323600 626.0
1323610 626.8
1323620 626.8
1323630 627.4
1323640 629.7
1323650 629.7
1323660 631.3
1323670 633.4
1323680 633.4
1323690 635.2
1323700 637.3
1323710 637.3
1323720 639.6
1323730 642.5
1323740 639.7
1323750 641.9
1323760 642.6
1323770 642.6
1323780 643.6
1323790 645.4
1323800 645.4
1323810 647.3
1323820 648.6
1323830 648.6
1323840 649.8
1323850 650.7
1323860 650.7
1323870 651.5
1323880 652.7
1323890 654.4
1323900 654.4
1323910 656.1
1323920 657.5
1323930 657.5
1323940 658.8
1323950 660.2
1323960 660.2
1323970 661.4
1323980 662.6
1323990 662.6
1324000 663.6
1324010 664.1
1324020 664.1
1324030 664.7
1324040 666.0
1324050 666.0
1324060 668.2
1324070 671.6
1324080 671.6
1324090 674.5
1324100 675.8
1324110 675.8
1324120 676.5
1324130 677.1
1324140 677.1
1324150 677.5
1324160 677.8
1324170 677.8
1324180 678.3
1324190 677.2
1324200 680.6
1324210 680.6
1324220 683.9
1324230 685.7
1324240 685.7
1324250 686.3
1324260 687.3
1324270 687.3
1324280 690.9
1324290 695.8
1324300 695.8
1324310 699.6
1324320 702.8
1324330 702.8
1324340 706.3
1324350 706.9
1324360 706.9
1324370 707.4
1324380 709.1
1324390 709.1
1324400 707.2
1324410 704.9
1324420 704.9
1324430 703.6
1324440 702.7
1324450 702.7
1324460 702.6
1324470 702.8
1324480 702.8
1324490 703.3
1324500 704.2
1324510 704.6
1324520 704.6
1324530 695.2
1324540 690.0
1324550 690.0
1324560 684.5
1324570 679.4
1324580 679.4
1324590 679.9
1324600 687.4
1324610 687.4
1324620 702.1
1324630 714.1
1324640 714.1
1324650 719.4
1324660 723.2
1324670 723.2
1324680 725.7
1324690 728.9
1324700 728.9
1324710 731.6
1324720 733.8
1324730 733.8
1324740 734.9
1324750 735.0
1324760 735.0
1324770 733.4
1324780 731.1
1324790 731.1
1324800 728.4
1324810 725.7
1324820 724.7
1324830 724.7
1324840 723.4
1324850 721.9
1324860 721.9
1324870 721.0
1324880 720.5
1324890 720.5
1324900 719.2
1324910 716.3
1324920 716.3
1324930 712.9
1324940 708.2
1324950 708.2
1324960 705.2
1324970 702.9
1324980 702.9
1324990 710.7
1325000 712.9
1325010 712.9
1325020 715.6
1325030 718.5
1325040 718.5
1325050 721.5
1325060 723.3
1325070 723.3
1325080 729.0
1325090 737.0
1325100 737.0
1325110 745.6
1325120 755.7
1325130 765.0
1325140 765.0
1325150 770.7
1325160 770.5
1325170 770.5
1325180 769.1
1325190 771.0
1325200 771.0
1325210 773.9
1325220 774.5
1325230 774.5
1325240 771.9
1325250 772.5
1325260 772.5
1325270 775.7
1325280 778.8
1325290 778.8
1325300 782.6
1325310 785.9
1325320 785.9
1325330 791.7
1325340 788.7
1325350 788.7
1325360 786.8
1325370 788.0
1325380 788.0
1325390 790.8
1325400 796.4
1325410 796.4
1325420 800.5
1325430 800.4
1325440 797.6
1325450 797.6
1325460 798.4
1325470 801.5
1325480 801.5
1325490 804.5
1325500 805.6
1325510 805.6
1325520 800.1
1325530 800.5
1325540 800.5
1325550 802.9
1325560 803.1
1325570 803.1
1325580 802.9
1325590 802.4
1325600 802.4
1325610 802.6
1325620 802.2
1325630 802.2
1325640 802.0
1325650 800.4
1325660 800.4
1325670 799.1
1325680 799.1
1325690 799.1
1325700 797.6
1325710 797.0
1325720 797.0
1325730 797.7
1325740 798.1
1325750 798.1
1325760 798.1
1325770 798.9
1325780 800.5
1325790 800.5
1325800 802.3
1325810 803.8
1325820 803.8
1325830 805.1
1325840 806.3
1325850 806.3
1325860 807.9
1325870 808.2
1325880 808.2
1325890 808.4
1325900 809.2
1325910 809.2
1325920 810.2
1325930 811.1
1325940 811.1
1325950 812.6
1325960 813.6
1325970 813.6
1325980 814.4
1325990 815.8
1326000 815.8
1326010 818.3
1326020 821.6
1326030 821.6
1326040 824.1
1326050 826.0
1326060 828.4
1326070 828.4
1326080 830.8
1326090 831.8
1326100 831.8
1326110 831.0
1326120 831.2
1326130 831.2
1326140 825.7
1326150 826.6
1326160 826.6
1326170 827.3
1326180 828.5
1326190 828.5
1326200 830.0
1326210 832.4
1326220 832.4
1326230 834.3
1326240 836.6
1326250 836.6
1326260 840.4
1326270 843.5
1326280 843.5
1326290 847.6
1326300 851.6
1326310 851.6
1326320 853.7
1326330 854.0
1326340 854.0
1326350 856.1
1326360 856.2
1326370 857.8
1326380 857.8
1326390 858.3
1326400 858.7
1326410 858.7
1326420 857.0
1326430 857.2
1326440 857.2
1326450 858.2
1326460 858.6
1326470 858.6
1326480 858.4
1326490 860.1
1326500 860.1
1326510 860.3
1326520 862.3
1326530 862.3
1326540 864.3
1326550 867.4
1326560 867.4
1326570 870.7
1326580 869.8
1326590 869.8
1326600 870.6
1326610 877.1
1326620 877.1
1326630 880.3
1326640 879.8
1326650 879.8
1326660 884.8
1326670 891.4
1326680 892.5
1326690 892.5
1326700 893.3
1326710 896.8
1326720 896.8
1326730 896.1
1326740 898.9
1326750 898.9
1326760 900.3
1326770 902.5
1326780 902.5
1326790 905.0
1326800 907.1
1326810 907.1
1326820 908.8
1326830 910.4
1326840 910.4
1326850 912.4
1326860 914.9
1326870 914.9
1326880 918.0
1326890 920.7
1326900 920.7
1326910 923.9
1326920 926.7
1326930 926.7
1326940 931.0
1326950 932.8
1326960 932.8
1326970 934.8
1326980 937.0
1326990 938.9
1327000 938.9
1327010 940.7
1327020 943.6
1327030 943.6
1327040 946.9
1327050 950.1
1327060 950.1
1327070 952.2
1327080 953.6
1327090 953.6
1327100 955.1
1327110 957.0
1327120 957.0
1327130 956.4
1327140 950.6
1327150 950.6
1327160 946.0
1327170 942.6
1327180 942.6
1327190 939.0
1327200 935.0
1327210 935.0
1327220 932.5
1327230 932.9
1327240 932.9
1327250 934.8
1327260 938.8
1327270 938.8
1327280 943.4
1327290 945.7
1327300 949.6
1327310 949.6
1327320 953.8
1327330 958.0
1327340 958.0
1327350 958.9
1327360 961.7
1327370 961.7
1327380 964.3
1327390 966.7
1327400 966.7
1327410 971.6
1327420 977.9
1327430 977.9
1327440 983.1
1327450 988.6
1327460 988.6
1327470 993.5
1327480 1000.3
1327490 1000.3
1327500 1009.7
1327510 1017.0
1327520 1017.0
1327530 1020.2
1327540 1024.4
1327550 1024.4
1327560 1030.1
1327570 1036.3
1327580 1036.3
1327590 1041.4
1327600 1045.8
1327610 1049.6
1327620 1049.6
1327630 1053.1
1327640 1057.5
1327650 1057.5
1327660 1062.6
1327670 1068.3
1327680 1068.3
1327690 1074.2
1327700 1078.7
1327710 1078.7
1327720 1082.8
1327730 1087.1
1327740 1087.1
1327750 1089.9
1327760 1091.7
1327770 1091.7
1327780 1089.7
1327790 1089.5
1327800 1089.5
1327810 1091.4
1327820 1093.9
1327830 1093.9
1327840 1096.9
1327850 1101.0
1327860 1101.0
1327870 1103.9
1327880 1106.6
1327890 1106.6
1327900 1109.9
1327910 1112.4
1327920 1114.3
1327930 1114.3
1327940 1115.8
1327950 1117.0
1327960 1117.0
1327970 1118.0
1327980 1119.1
1327990 1119.1
1328000 1120.6
1328010 1122.0
1328020 1122.0
1328030 1122.8
1328040 1123.3
1328050 1123.3
1328060 1123.6
1328070 1123.8
1328080 1123.8
1328090 1124.8
1328100 1126.6
1328110 1126.6
1328120 1128.2
1328130 1129.1
1328140 1129.1
1328150 1129.6
1328160 1129.6
1328170 1129.6
1328180 1128.8
1328190 1127.3
1328200 1127.3
1328210 1125.9
1328220 1126.1
1328230 1126.8
1328240 1126.8
1328250 1127.8
1328260 1129.1
1328270 1129.1
1328280 1131.7
1328290 1135.9
1328300 1135.9
1328310 1141.0
1328320 1145.8
1328330 1145.8
1328340 1149.8
1328350 1154.1
1328360 1154.1
1328370 1159.1
1328380 1162.4
1328390 1162.4
1328400 1164.1
1328410 1166.6
1328420 1166.6
1328430 1169.4
1328440 1174.3
1328450 1174.3
1328460 1181.0
1328470 1187.0
1328480 1187.0
1328490 1192.3
1328500 1198.2
1328510 1198.2
1328520 1202.4
1328530 1206.4
1328540 1212.6
1328550 1212.6
1328560 1221.3
1328570 1236.1
1328580 1236.1
1328590 1238.2
1328600 1240.4
1328610 1240.4
1328620 1242.3
1328630 1244.1
1328640 1244.1
1328650 1246.9
1328660 1249.8
1328670 1249.8
1328680 1252.2
1328690 1256.4
1328700 1256.4
1328710 1260.5
1328720 1262.2
1328730 1262.2
1328740 1263.4
1328750 1266.3
1328760 1266.3
1328770 1269.9
1328780 1274.1
1328790 1274.1
1328800 1278.3
1328810 1280.7
1328820 1280.7
1328830 1277.4
1328840 1275.0
1328850 1276.1
1328860 1276.1
1328870 1279.6
1328880 1282.9
1328890 1282.9
1328900 1287.5
1328910 1291.0
1328920 1291.0
1328930 1293.1
1328940 1294.3
1328950 1294.3
1328960 1297.7
1328970 1301.5
1328980 1301.5
1328990 1304.1
1329000 1307.7
1329010 1307.7
1329020 1311.4
1329030 1315.4
1329040 1315.4
1329050 1321.6
1329060 1328.2
1329070 1328.2
1329080 1343.2
1329090 1365.8
1329100 1365.8
1329110 1373.6
1329120 1375.4
1329130 1375.4
1329140 1374.5
1329150 1372.3
1329160 1371.3
1329170 1371.3
1329180 1369.4
1329190 1366.9
1329200 1366.9
1329210 1366.4
1329220 1367.6
1329230 1367.6
1329240 1369.4
1329250 1371.5
1329260 1371.5
1329270 1372.3
1329280 1372.4
1329290 1372.4
1329300 1372.3
1329310 1373.1
1329320 1373.1
1329330 1374.4
1329340 1375.9
1329350 1375.9
1329360 1377.8
1329370 1379.9
1329380 1379.9
1329390 1388.7
1329400 1389.5
1329410 1389.5
1329420 1390.1
1329430 1391.3
1329440 1391.3
1329450 1393.3
1329460 1395.1
1329470 1396.1
1329480 1396.1
1329490 1395.8
1329500 1396.4
1329510 1396.4
1329520 1397.5
1329530 1398.8
1329540 1398.8
1329550 1397.8
1329560 1396.8
1329570 1396.8
1329580 1396.1
1329590 1396.2
1329600 1396.2
1329610 1395.5
1329620 1394.6
1329630 1394.6
1329640 1393.3
1329650 1392.1
1329660 1392.1
1329670 1390.6
1329680 1388.6
1329690 1388.6
1329700 1387.3
1329710 1386.8
1329720 1386.8
1329730 1386.5
1329740 1384.0
1329750 1384.0
1329760 1383.9
1329770 1386.0
1329780 1386.1
1329790 1386.1
1329800 1386.5
1329810 1387.1
1329820 1387.1
1329830 1389.4
1329840 1385.8
1329850 1385.8
1329860 1382.8
1329870 1380.5
1329880 1380.5
1329890 1379.7
1329900 1379.7
1329910 1379.7
1329920 1381.1
1329930 1384.1
1329940 1384.1
1329950 1388.5
1329960 1391.1
1329970 1391.1
1329980 1393.6
1329990 1397.1
1330000 1397.1
1330010 1401.8
1330020 1403.7
1330030 1403.7
1330040 1406.9
1330050 1406.8
1330060 1406.8
1330070 1407.4
1330080 1409.0
1330090 1409.6
1330100 1409.6
1330110 1410.5
1330120 1411.9
1330130 1411.9
1330140 1413.0
1330150 1414.7
1330160 1414.7
1330170 1416.0
1330180 1417.1
1330190 1417.1
1330200 1418.4
1330210 1419.6
1330220 1419.6
1330230 1420.8
1330240 1421.7
1330250 1421.7
1330260 1422.9
1330270 1424.1
1330280 1424.1
1330290 1425.8
1330300 1427.9
1330310 1427.9
1330320 1429.8
1330330 1431.8
1330340 1431.8
1330350 1434.2
1330360 1437.2
1330370 1437.2
1330380 1439.9
1330390 1443.0
1330400 1446.3
1330410 1446.3
1330420 1449.1
1330430 1451.9
1330440 1451.9
1330450 1454.8
1330460 1457.7
1330470 1457.7
1330480 1460.7
1330490 1464.0
1330500 1464.0
1330510 1468.0
1330520 1472.6
1330530 1472.6
1330540 1476.0
1330550 1477.9
1330560 1477.9
1330570 1479.9
1330580 1482.2
1330590 1482.2
1330600 1484.2
1330610 1485.8
1330620 1485.8
1330630 1487.3
1330640 1488.7
1330650 1488.7
1330660 1489.8
1330670 1491.0
1330680 1491.0
1330690 1492.3
1330700 1493.5
1330710 1494.7
1330720 1494.7
1330730 1496.0
1330740 1497.0
1330750 1497.0
1330760 1497.6
1330770 1498.4
1330780 1498.4
1330790 1500.0
1330800 1502.4
1330810 1502.4
1330820 1505.2
1330830 1507.8
1330840 1507.8
1330850 1509.8
1330860 1511.3
1330870 1511.3
1330880 1512.5
1330890 1513.2
1330900 1513.2
1330910 1513.9
1330920 1514.0
1330930 1514.0
1330940 1513.4
1330950 1512.8
1330960 1512.8
1330970 1512.6
1330980 1512.9
1330990 1512.8
1331000 1512.8
1331010 1512.0
1331020 1511.9
1331030 1511.9
1331040 1511.4
1331050 1506.2
1331060 1506.2
1331070 1505.4
1331080 1502.8
1331090 1502.8
1331100 1500.2
1331110 1499.3
1331120 1499.3
1331130 1498.1
1331140 1495.0
1331150 1495.0
1331160 1491.7
1331170 1488.3
1331180 1488.3
1331190 1484.4
1331200 1480.7
1331210 1480.7
1331220 1476.9
1331230 1473.1
1331240 1473.1
1331250 1469.5
1331260 1465.6
1331270 1465.6
1331280 1461.8
1331290 1458.3
1331300 1455.1
1331310 1455.1
1331320 1450.6
1331330 1445.5
1331340 1445.5
1331350 1440.5
1331360 1435.0
1331370 1435.0
1331380 1429.0
1331390 1422.8
1331400 1422.8
1331410 1416.7
1331420 1411.6
1331430 1411.6
1331440 1407.0
1331450 1402.8
1331460 1402.8
1331470 1398.1
1331480 1394.1
1331490 1394.1
1331500 1390.7
1331510 1387.2
1331520 1387.2
1331530 1383.3
1331540 1379.0
1331550 1379.0
1331560 1373.7
1331570 1368.4
1331580 1368.4
1331590 1361.6
1331600 1353.1
1331610 1344.8
1331620 1344.8
1331630 1339.0
1331640 1334.2
1331650 1334.2
1331660 1328.9
1331670 1322.0
1331680 1322.0
1331690 1314.4
1331700 1307.2
1331710 1307.2
1331720 1300.8
1331730 1297.1
1331740 1297.1
1331750 1292.8
1331760 1288.6
1331770 1288.6
1331780 1285.6
1331790 1283.5
1331800 1283.5
1331810 1281.0
1331820 1276.8
1331830 1276.8
1331840 1272.5
1331850 1268.8
1331860 1268.8
1331870 1267.4
1331880 1260.4
1331890 1260.4
1331900 1256.8
1331910 1253.1
1331920 1249.0
1331930 1249.0
1331940 1243.4
1331950 1237.2
1331960 1237.2
1331970 1233.1
1331980 1231.9
1331990 1231.9
1332000 1232.3
1332010 1231.8
1332020 1231.8
1332030 1229.9
1332040 1226.7
1332050 1226.7
1332060 1223.3
1332070 1220.5
1332080 1220.5
1332090 1217.5
1332100 1212.1
1332110 1212.1
1332120 1206.1
1332130 1201.6
1332140 1201.6
1332150 1198.1
1332160 1194.5
1332170 1194.5
1332180 1191.4
1332190 1186.7
1332200 1186.7
1332210 1182.4
1332220 1178.3
1332230 1174.1
1332240 1174.1
1332250 1169.7
1332260 1163.9
1332270 1163.9
1332280 1158.4
1332290 1154.4
1332300 1154.4
1332310 1150.7
1332320 1146.7
1332330 1146.7
1332340 1142.8
1332350 1139.0
1332360 1139.0
1332370 1135.3
1332380 1131.6
1332390 1131.6
1332400 1128.0
1332410 1124.4
1332420 1124.4
1332430 1120.8
1332440 1117.4
1332450 1117.4
1332460 1113.4
1332470 1109.4
1332480 1109.4
1332490 1105.3
1332500 1103.4
1332510 1103.4
1332520 1102.5
1332530 1099.0
1332540 1095.2
1332550 1095.2
1332560 1092.2
1332570 1090.2
1332580 1090.2
1332590 1088.2
1332600 1085.4
1332610 1085.4
1332620 1080.8
1332630 1075.5
1332640 1075.5
1332650 1072.2
1332660 1068.9
1332670 1068.9
1332680 1066.5
1332690 1064.4
1332700 1064.4
1332710 1062.3
1332720 1056.5
1332730 1056.5
1332740 1055.3
1332750 1053.6
1332760 1053.6
1332770 1051.9
1332780 1050.7
1332790 1050.7
1332800 1049.2
1332810 1048.6
1332820 1048.6
1332830 1047.7
1332840 1046.8
1332850 1046.9
1332860 1046.9
1332870 1046.9
1332880 1045.2
1332890 1045.2
1332900 1050.7
1332910 1056.1
1332920 1056.1
1332930 1056.7
1332940 1056.7
1332950 1056.7
1332960 1056.5
1332970 1056.4
1332980 1056.4
1332990 1056.3
1333000 1056.1
1333010 1056.1
1333020 1056.0
1333030 1055.7
1333040 1055.7
1333050 1055.0
1333060 1053.9
1333070 1053.9
1333080 1052.5
1333090 1051.0
1333100 1051.0
1333110 1049.7
1333120 1048.7
1333130 1048.7
1333140 1048.1
1333150 1047.7
1333160 1047.1
1333170 1047.1
1333180 1046.5
1333190 1045.9
1333200 1045.9
1333210 1045.6
1333220 1045.3
1333230 1045.3
1333240 1045.0
1333250 1044.8
1333260 1044.8
1333270 1046.4
1333280 1050.0
1333290 1050.0
1333300 1050.3
1333310 1047.5
1333320 1047.5
1333330 1049.3
1333340 1050.8
1333350 1050.8
1333360 1052.8
1333370 1055.9
1333380 1055.9
1333390 1059.5
1333400 1063.2
1333410 1063.2
1333420 1064.1
1333430 1062.2
1333440 1062.2
1333450 1058.2
1333460 1056.8
1333470 1054.0
1333480 1054.0
1333490 1049.3
1333500 1043.5
1333510 1043.5
1333520 1038.6
1333530 1036.9
1333540 1036.9
1333550 1039.7
1333560 1043.7
1333570 1043.7
1333580 1045.4
1333590 1047.3
1333600 1047.3
1333610 1045.0
1333620 1041.3
1333630 1041.3
1333640 1046.3
1333650 1055.3
1333660 1055.3
1333670 1064.9
1333680 1072.3
1333690 1072.3
1333700 1077.7
1333710 1082.7
1333720 1082.7
1333730 1087.2
1333740 1091.3
1333750 1091.3
1333760 1095.5
1333770 1099.8
1333780 1104.6
1333790 1104.6
1333800 1109.5
1333810 1114.0
1333820 1114.0
1333830 1118.8
1333840 1124.0
1333850 1124.0
1333860 1128.1
1333870 1132.9
1333880 1132.9
1333890 1137.2
1333900 1141.9
1333910 1141.9
1333920 1146.9
1333930 1151.8
1333940 1151.8
1333950 1156.3
1333960 1160.6
1333970 1160.6
1333980 1164.6
1333990 1169.8
1334000 1169.8
1334010 1175.2
1334020 1180.6
1334030 1180.6
1334040 1185.1
1334050 1189.7
1334060 1189.7
1334070 1193.4
1334080 1197.3
1334090 1200.7
1334100 1200.7
1334110 1203.9
1334120 1205.5
1334130 1205.5
1334140 1207.5
1334150 1210.6
1334160 1210.6
1334170 1216.2
1334180 1221.7
1334190 1221.7
1334200 1225.6
1334210 1228.7
1334220 1228.7
1334230 1231.8
1334240 1234.5
1334250 1234.5
1334260 1236.8
1334270 1238.8
1334280 1238.8
1334290 1240.5
1334300 1242.1
1334310 1242.1
1334320 1244.0
1334330 1245.4
1334340 1245.4
1334350 1246.6
1334360 1247.8
1334370 1247.8
1334380 1248.6
1334390 1249.3
1334400 1249.9
1334410 1245.9
1334420 1246.1
1334430 1246.1
1334440 1246.1
1334450 1245.7
1334460 1245.2
1334470 1245.2
1334480 1244.5
1334490 1243.7
1334500 1243.7
1334510 1243.3
1334520 1242.4
1334530 1242.4
1334540 1241.1
1334550 1239.5
1334560 1239.5
1334570 1238.1
1334580 1237.1
1334590 1237.1
1334600 1235.2
1334610 1234.0
1334620 1234.0
1334630 1232.6
1334640 1230.7
1334650 1230.7
1334660 1229.8
1334670 1228.5
1334680 1228.5
1334690 1226.9
1334700 1226.2
1334710 1226.0
1334720 1226.0
1334730 1224.5
1334740 1222.1
1334750 1222.1
1334760 1221.4
1334770 1220.0
1334780 1220.0
1334790 1218.5
1334800 1218.1
1334810 1218.1
1334820 1218.0
1334830 1217.9
1334840 1217.9
1334850 1217.8
1334860 1217.6
1334870 1217.6
1334880 1216.9
1334890 1215.9
1334900 1215.9
1334910 1215.2
1334920 1214.5
1334930 1214.5
1334940 1213.7
1334950 1212.9
1334960 1212.9
1334970 1212.1
1334980 1211.3
1334990 1211.3
1335000 1210.6
1335010 1209.8
1335020 1209.1
1335030 1209.1
1335040 1208.3
1335050 1207.1
1335060 1207.1
1335070 1206.1
1335080 1205.6
1335090 1205.6
1335100 1205.4
1335110 1205.2
1335120 1205.2
1335130 1204.8
1335140 1204.1
1335150 1204.1
1335160 1203.5
1335170 1202.7
1335180 1202.7
1335190 1201.9
1335200 1201.3
1335210 1201.3
1335220 1200.3
1335230 1199.6
1335240 1199.6
1335250 1198.8
1335260 1197.8
1335270 1196.8
1335280 1196.7
1335290 1196.2
1335300 1196.2
1335310 1194.4
1335320 1193.2
1335330 1192.4
1335340 1192.4
1335350 1191.7
1335360 1189.5
1335370 1189.5
1335380 1187.5
1335390 1186.8
1335400 1186.8
1335410 1188.2
1335420 1189.5
1335430 1189.5
1335440 1189.8
1335450 1189.6
1335460 1189.6
1335470 1189.0
1335480 1188.7
1335490 1188.7
1335500 1188.3
1335510 1187.9
1335520 1187.9
1335530 1188.2
1335540 1188.1
1335550 1188.1
1335560 1187.1
1335570 1186.9
1335580 1186.9
1335590 1187.7
1335600 1188.1
1335610 1188.1
1335620 1188.3
1335630 1188.8
1335640 1188.3
1335650 1188.3
1335660 1186.8
1335670 1185.4
1335680 1185.4
1335690 1184.9
1335700 1183.8
1335710 1183.8
1335720 1180.4
1335730 1176.9
1335740 1176.9
1335750 1175.2
1335760 1174.8
1335770 1174.8
1335780 1175.3
1335790 1175.9
1335800 1175.9
1335810 1176.6
1335820 1177.7
1335830 1177.7
1335840 1179.1
1335850 1180.5
1335860 1180.5
1335870 1181.7
1335880 1182.8
1335890 1182.8
1335900 1184.0
1335910 1185.2
1335920 1185.2
1335930 1186.1
1335940 1186.6
1335950 1185.3
1335960 1185.3
1335970 1184.5
1335980 1184.7
1335990 1184.7
1336000 1185.7
1336010 1186.7
1336020 1186.7
1336030 1187.9
1336040 1188.9
1336050 1188.9
1336060 1189.9
1336070 1190.8
1336080 1190.8
1336090 1191.6
1336100 1191.9
1336110 1191.9
1336120 1190.5
1336130 1190.0
1336140 1190.0
1336150 1188.9
1336160 1188.0
1336170 1188.0
1336180 1187.3
1336190 1186.3
1336200 1186.3
1336210 1184.8
1336220 1183.2
1336230 1183.2
1336240 1181.9
1336250 1179.8
1336260 1177.4
1336270 1177.4
1336280 1175.5
1336290 1173.7
1336300 1173.7
1336310 1171.8
1336320 1169.6
1336330 1169.6
1336340 1167.5
1336350 1165.6
1336360 1165.6
1336370 1163.5
1336380 1161.3
1336390 1161.3
1336400 1159.5
1336410 1157.1
1336420 1157.1
1336430 1154.3
1336440 1151.1
1336450 1151.1
1336460 1147.9
1336470 1144.9
1336480 1144.9
1336490 1141.9
1336500 1139.0
1336510 1139.0
1336520 1136.0
1336530 1133.0
1336540 1133.0
1336550 1130.0
1336560 1127.3
1336570 1123.8
1336580 1123.8
1336590 1122.6
1336600 1122.2
1336610 1122.2
1336620 1119.5
1336630 1116.3
1336640 1116.3
1336650 1113.4
1336660 1110.9
1336670 1110.9
1336680 1108.1
1336690 1104.7
1336700 1104.7
1336710 1101.1
1336720 1097.5
1336730 1097.5
1336740 1093.5
1336750 1089.2
1336760 1089.2
1336770 1084.9
1336780 1080.9
1336790 1080.9
1336800 1078.0
1336810 1075.8
1336820 1075.8
1336830 1073.5
1336840 1070.9
1336850 1070.9
1336860 1068.5
1336870 1066.2
1336880 1063.3
1336890 1063.3
1336900 1060.3
1336910 1057.6
1336920 1057.6
1336930 1054.9
1336940 1052.4
1336950 1052.4
1336960 1049.6
1336970 1046.1
1336980 1046.1
1336990 1044.2
1337000 1041.2
1337010 1041.2
1337020 1038.3
1337030 1035.3
1337040 1035.3
1337050 1032.1
1337060 1030.3
1337070 1030.3
1337080 1027.0
1337090 1022.9
1337100 1022.9
1337110 1020.0
1337120 1017.0
1337130 1017.0
1337140 1014.5
1337150 1011.4
1337160 1011.4
1337170 1007.9
1337180 1006.4
1337190 1003.9
1337200 1003.9
1337210 1000.2
1337220 996.7
1337230 996.7
1337240 994.6
1337250 991.9
1337260 991.9
1337270 987.0
1337280 981.9
1337290 981.9
1337300 977.9
1337310 977.2
1337320 977.2
1337330 975.4
1337340 972.2
1337350 972.2
1337360 969.9
1337370 968.2
1337380 968.2
1337390 964.2
1337400 960.6
1337410 960.6
1337420 958.1
1337430 955.8
1337440 955.8
1337450 953.3
1337460 950.9
1337470 950.9
1337480 948.7
1337490 946.6
1337500 944.6
1337510 944.6
1337520 943.0
1337530 941.3
1337540 941.3
1337550 937.4
1337560 929.1
1337570 929.1
1337580 918.6
1337590 913.7
1337600 913.7
1337610 909.5
1337620 903.5
1337630 903.5
1337640 897.7
1337650 893.3
1337660 893.3
1337670 888.9
1337680 883.1
1337690 883.1
1337700 876.9
1337710 871.5
1337720 871.5
1337730 870.0
1337740 870.4
1337750 870.4
1337760 871.3
1337770 872.4
1337780 872.4
1337790 872.2
1337800 873.1
1337810 875.8
1337820 875.8
1337830 875.8
1337840 875.2
1337850 875.2
1337860 879.5
1337870 879.3
1337880 879.3
1337890 881.0
1337900 883.7
1337910 883.7
1337920 885.6
1337930 886.0
1337940 886.0
1337950 886.2
1337960 884.1
1337970 884.1
1337980 883.1
1337990 882.6
1338000 882.6
1338010 881.0
1338020 878.2
1338030 878.2
1338040 877.7
1338050 877.0
1338060 877.0
1338070 875.9
1338080 873.5
1338090 873.5
1338100 867.2
1338110 861.7
1338120 861.1
1338130 861.1
1338140 860.7
1338150 861.3
1338160 861.3
1338170 862.7
1338180 861.7
1338190 861.7
1338200 860.0
1338210 858.4
1338220 858.4
1338230 857.1
1338240 855.8
1338250 855.8
1338260 854.3
1338270 852.2
1338280 852.2
1338290 850.5
1338300 848.2
1338310 848.2
1338320 845.1
1338330 842.6
1338340 842.6
1338350 840.8
1338360 839.9
1338370 839.9
1338380 839.2
1338390 839.1
1338400 839.1
1338410 839.4
1338420 839.7
1338430 840.0
1338440 840.0
1338450 839.7
1338460 839.2
1338470 839.2
1338480 839.2
1338490 841.1
1338500 841.1
1338510 842.3
1338520 839.6
1338530 839.6
1338540 833.5
1338550 827.7
1338560 827.7
1338570 824.7
1338580 822.9
1338590 822.9
1338600 822.9
1338610 823.9
1338620 823.9
1338630 824.1
1338640 823.2
1338650 823.2
1338660 821.8
1338670 820.3
1338680 820.3
1338690 818.6
1338700 817.2
1338710 817.2
1338720 816.2
1338730 816.0
1338740 811.8
1338750 811.8
1338760 807.0
1338770 808.1
1338780 808.1
1338790 813.9
1338800 818.1
1338810 818.1
1338820 818.1
1338830 817.8
1338840 817.8
1338850 817.6
1338860 817.2
1338870 817.2
1338880 817.3
1338890 817.3
1338900 817.3
1338910 816.7
1338920 815.5
1338930 815.5
1338940 814.4
1338950 814.5
1338960 814.5
1338970 814.2
1338980 813.7
1338990 813.7
1339000 813.0
1339010 811.3
1339020 810.4
1339030 810.4
1339040 809.4
1339050 808.2
1339060 808.2
1339070 806.8
1339080 805.6
1339090 805.6
1339100 804.7
1339110 803.8
1339120 803.8
1339130 803.1
1339140 802.5
1339150 802.5
1339160 801.1
1339170 796.5
1339180 796.5
1339190 795.2
1339200 795.0
1339210 795.0
1339220 795.0
1339230 795.3
1339240 795.3
1339250 795.3
1339260 793.5
1339270 793.5
1339280 791.4
1339290 794.5
1339300 794.5
1339310 797.5
1339320 801.0
1339330 805.3
1339340 805.3
1339350 810.5
1339360 814.5
1339370 814.5
1339380 818.6
1339390 822.2
1339400 822.2
1339410 826.3
1339420 829.7
1339430 829.7
1339440 833.3
1339450 836.7
1339460 836.7
1339470 840.4
1339480 844.7
1339490 844.7
1339500 850.7
1339510 856.4
1339520 856.4
1339530 862.0
1339540 867.9
1339550 867.9
1339560 873.6
1339570 878.5
1339580 878.5
1339590 882.9
1339600 888.0
1339610 883.9
1339620 889.3
1339630 897.2
1339640 904.6
1339650 904.6
1339660 906.6
1339670 904.3
1339680 904.3
1339690 901.2
1339700 899.1
1339710 899.1
1339720 898.5
1339730 898.5
1339740 898.5
1339750 898.7
1339760 899.1
1339770 899.1
1339780 900.6
1339790 903.1
1339800 903.1
1339810 905.4
1339820 907.0
1339830 907.0
1339840 907.4
1339850 906.6
1339860 906.6
1339870 905.1
1339880 903.0
1339890 903.0
1339900 901.7
1339910 902.0
1339920 902.0
1339930 902.9
1339940 903.8
1339950 905.2
1339960 905.2
1339970 905.8
1339980 906.9
1339990 906.9
