1320000 525.2
1320010 525.2
1320020 525.2
1320030 525.4
1320040 524.6
1320050 524.6
1320060 523.5
1320070 522.8
1320080 522.8
1320090 521.2
1320100 522.0
1320110 522.0
1320120 523.7
1320130 524.3
1320140 524.3
1320150 524.5
1320160 525.6
1320170 525.6
1320180 525.7
1320190 526.3
1320200 526.3
1320210 527.3
1320220 527.1
1320230 527.1
1320240 527.8
1320250 526.9
1320260 526.9
1320270 524.3
1320280 522.8
1320290 522.4
1320300 522.4
1320310 521.0
1320320 519.3
1320330 519.3
1320340 518.7
1320350 518.6
1320360 518.6
1320370 518.6
1320380 518.7
1320390 518.7
1320400 519.1
1320410 519.1
1320420 519.1
1320430 519.2
1320440 519.7
1320450 519.7
1320460 521.1
1320470 522.1
1320480 522.1
1320490 522.9
1320500 523.2
1320510 523.2
1320520 523.1
1320530 523.0
1320540 522.9
1320550 522.8
1320560 522.8
1320570 522.8
1320580 522.8
1320590 522.7
1320600 522.4
1320610 522.4
1320620 522.0
1320630 521.9
1320640 521.9
1320650 521.8
1320660 521.1
1320670 521.1
1320680 520.6
1320690 521.0
1320700 521.0
1320710 521.6
1320720 522.3
1320730 522.3
1320740 522.6
1320750 521.6
1320760 521.6
1320770 521.4
1320780 521.9
1320790 521.9
1320800 520.3
1320810 519.2
1320820 519.2
1320830 519.2
1320840 519.0
1320850 519.0
1320860 518.7
1320870 518.1
1320880 518.1
1320890 519.3
1320900 518.5
1320910 518.1
1320920 518.1
1320930 518.1
1320940 519.1
1320950 519.1
1320960 519.8
1320970 519.7
1320980 519.7
1320990 519.6
1321000 520.7
1321010 520.7
1321020 520.7
1321030 519.7
1321040 519.7
1321050 519.8
1321060 520.3
1321070 520.3
1321080 520.1
1321090 520.1
1321100 520.1
1321110 519.9
1321120 520.1
1321130 520.1
1321140 520.0
1321150 519.6
1321160 519.6
1321170 519.3
1321180 518.8
1321190 518.8
1321200 518.3
1321210 517.9
1321220 518.0
1321230 518.0
1321240 517.9
1321250 516.8
1321260 516.8
1321270 516.0
1321280 516.2
1321290 516.2
1321300 516.7
1321310 517.3
1321320 518.0
1321330 517.9
1321340 518.2
1321350 518.2
1321360 518.2
1321370 518.1
1321380 518.1
1321390 517.9
1321400 517.5
1321410 517.5
1321420 517.2
1321430 517.2
1321440 517.2
1321450 517.4
1321460 517.0
1321470 517.0
1321480 516.1
1321490 515.9
1321500 515.9
1321510 515.9
1321520 515.8
1321530 515.8
1321540 515.8
1321550 515.7
1321560 515.7
1321570 515.7
1321580 515.8
1321590 515.8
1321600 515.8
1321610 515.8
1321620 515.6
1321630 515.6
1321640 515.0
1321650 514.9
1321660 514.9
1321670 515.1
1321680 515.1
1321690 515.1
1321700 515.1
1321710 515.2
1321720 515.2
1321730 515.4
1321740 516.1
1321750 516.1
1321760 516.5
1321770 516.5
1321780 516.5
1321790 516.6
1321800 516.7
1321810 516.7
1321820 516.8
1321830 516.8
1321840 516.7
1321850 516.7
1321860 516.6
1321870 516.5
1321880 516.5
1321890 516.5
1321900 516.7
1321910 516.7
1321920 516.7
1321930 516.5
1321940 516.5
1321950 516.6
1321960 516.6
1321970 516.6
1321980 516.6
1321990 516.5
1322000 516.5
1322010 516.3
1322020 516.2
1322030 516.2
1322040 515.8
1322050 515.8
1322060 515.8
1322070 516.0
1322080 516.0
1322090 516.0
1322100 516.1
1322110 516.2
1322120 516.2
1322130 516.3
1322140 516.2
1322150 516.2
1322160 516.0
1322170 515.9
1322180 515.9
1322190 515.9
1322200 515.9
1322210 515.9
1322220 515.9
1322230 515.9
1322240 515.9
1322250 515.9
1322260 515.9
1322270 516.1
1322280 516.1
1322290 517.7
1322300 518.5
1322310 518.5
1322320 518.5
1322330 518.6
1322340 518.6
1322350 518.3
1322360 517.4
1322370 517.4
1322380 516.5
1322390 516.4
1322400 516.4
1322410 516.4
1322420 516.4
1322430 516.4
1322440 516.4
1322450 516.5
1322460 516.5
1322470 516.8
1322480 517.0
1322490 516.7
1322500 516.7
1322510 515.4
1322520 513.9
1322530 513.9
1322540 512.7
1322550 512.1
1322560 512.1
1322570 511.9
1322580 511.8
1322590 511.8
1322600 511.9
1322610 511.8
1322620 511.8
1322630 511.8
1322640 511.8
1322650 511.8
1322660 511.8
1322670 511.8
1322680 511.8
1322690 511.8
1322700 511.7
1322710 511.7
1322720 511.7
1322730 511.7
1322740 511.7
1322750 511.7
1322760 511.7
1322770 511.7
1322780 511.6
1322790 511.6
1322800 511.6
1322810 511.6
1322820 511.6
1322830 511.6
1322840 511.6
1322850 511.5
1322860 511.5
1322870 511.5
1322880 511.5
1322890 511.5
1322900 511.5
1322910 511.5
1322920 511.4
1322930 511.4
1322940 511.4
1322950 511.3
1322960 511.3
1322970 511.3
1322980 511.3
1322990 511.3
1323000 511.3
1323010 511.3
1323020 511.3
1323030 511.3
1323040 511.2
1323050 511.2
1323060 511.2
1323070 511.2
1323080 511.2
1323090 511.2
1323100 511.1
1323110 511.1
1323120 511.1
1323130 511.1
1323140 511.1
1323150 511.1
1323160 511.1
1323170 511.1
1323180 511.1
1323190 511.0
1323200 511.1
1323210 511.1
1323220 511.0
1323230 511.0
1323240 511.0
1323250 511.0
1323260 511.0
1323270 511.0
1323280 511.0
1323290 511.0
1323300 511.0
1323310 511.0
1323320 510.9
1323330 510.9
1323340 510.9
1323350 510.9
1323360 510.9
1323370 510.9
1323380 510.9
1323390 510.9
1323400 510.9
1323410 510.9
1323420 510.9
1323430 510.9
1323440 510.8
1323450 510.8
1323460 510.8
1323470 510.8
1323480 510.8
1323490 510.8
1323500 510.8
1323510 510.8
1323520 510.8
1323530 510.8
1323540 510.8
1323550 510.8
1323560 510.7
1323570 510.7
1323580 510.7
1323590 510.7
1323600 510.7
1323610 510.7
1323620 510.7
1323630 510.7
1323640 510.7
1323650 510.7
1323660 510.9
1323670 510.9
1323680 511.9
1323690 515.9
1323700 515.9
1323710 516.0
1323720 515.9
1323730 515.9
1323740 515.9
1323750 516.0
1323760 519.7
1323770 519.7
1323780 523.4
1323790 525.1
1323800 525.1
1323810 526.9
1323820 529.7
1323830 529.7
1323840 536.6
1323850 543.1
1323860 543.1
1323870 546.6
1323880 546.9
1323890 546.9
1323900 546.7
1323910 546.4
1323920 546.4
1323930 546.1
1323940 546.0
1323950 546.0
1323960 545.4
1323970 544.0
1323980 544.0
1323990 542.3
1324000 542.1
1324010 542.1
1324020 541.3
1324030 538.9
1324040 538.9
1324050 539.5
1324060 534.4
1324070 530.2
1324080 530.2
1324090 529.1
1324100 528.8
1324110 528.8
1324120 524.7
1324130 521.2
1324140 521.2
1324150 519.5
1324160 518.9
1324170 518.9
1324180 518.2
1324190 518.2
1324200 518.2
1324210 518.3
1324220 517.8
1324230 517.8
1324240 517.8
1324250 518.3
1324260 518.3
1324270 518.0
1324280 517.3
1324290 517.3
1324300 516.2
1324310 515.7
1324320 515.7
1324330 515.7
1324340 516.0
1324350 516.0
1324360 516.6
1324370 517.0
1324380 516.8
1324390 516.8
1324400 516.2
1324410 515.9
1324420 515.9
1324430 515.8
1324440 515.7
1324450 515.7
1324460 515.6
1324470 515.5
1324480 517.5
1324490 517.7
1324500 518.4
1324510 518.4
1324520 518.7
1324530 517.7
1324540 517.7
1324550 517.1
1324560 517.0
1324570 517.0
1324580 516.8
1324590 516.4
1324600 516.4
1324610 516.0
1324620 515.6
1324630 515.6
1324640 515.4
1324650 515.3
1324660 515.3
1324670 515.3
1324680 515.4
1324690 515.4
1324700 515.4
1324710 515.5
1324720 515.5
1324730 515.5
1324740 515.6
1324750 515.6
1324760 515.6
1324770 515.7
1324780 516.0
1324790 516.0
1324800 516.3
1324810 516.5
1324820 516.5
1324830 516.7
1324840 516.7
1324850 516.7
1324860 516.9
1324870 517.3
1324880 517.3
1324890 517.6
1324900 517.6
1324910 517.6
1324920 517.2
1324930 516.8
1324940 516.8
1324950 517.9
1324960 521.0
1324970 521.0
1324980 522.8
1324990 524.2
1325000 525.6
1325010 525.6
1325020 526.4
1325030 527.9
1325040 527.9
1325050 528.7
1325060 526.3
1325070 526.3
1325080 523.1
1325090 522.5
1325100 522.5
1325110 522.1
1325120 521.5
1325130 521.5
1325140 522.8
1325150 526.2
1325160 526.2
1325170 537.3
1325180 546.6
1325190 546.6
1325200 552.9
1325210 557.3
1325220 557.3
1325230 560.4
1325240 562.3
1325250 562.3
1325260 565.0
1325270 568.7
1325280 580.6
1325290 582.5
1325300 583.8
1325310 583.4
1325320 583.4
1325330 578.7
1325340 576.4
1325350 576.4
1325360 572.1
1325370 572.3
1325380 572.3
1325390 576.5
1325400 588.4
1325410 588.4
1325420 597.3
1325430 601.4
1325440 601.4
1325450 603.2
1325460 605.8
1325470 605.8
1325480 604.3
1325490 599.6
1325500 599.6
1325510 596.2
1325520 593.6
1325530 593.6
1325540 592.9
1325550 590.9
1325560 590.9
1325570 585.8
1325580 581.4
1325590 581.4
1325600 578.8
1325610 576.5
1325620 574.3
1325630 574.3
1325640 571.5
1325650 570.7
1325660 570.7
1325670 568.5
1325680 566.0
1325690 566.0
1325700 569.7
1325710 573.6
1325720 573.6
1325730 576.6
1325740 581.1
1325750 581.1
1325760 584.8
1325770 591.1
1325780 591.1
1325790 597.4
1325800 598.2
1325810 598.2
1325820 595.7
1325830 595.7
1325840 595.7
1325850 599.6
1325860 603.9
1325870 603.9
1325880 629.5
1325890 645.0
1325900 645.0
1325910 646.6
1325920 667.4
1325930 667.4
1325940 674.5
1325950 679.8
1325960 685.1
1325970 685.1
1325980 687.6
1325990 686.9
1326000 686.9
1326010 686.1
1326020 684.6
1326030 684.6
1326040 683.4
1326050 681.7
1326060 681.7
1326070 680.7
1326080 684.5
1326090 684.5
1326100 684.0
1326110 683.1
1326120 683.1
1326130 681.7
1326140 680.4
1326150 680.4
1326160 679.6
1326170 678.8
1326180 678.8
1326190 678.8
1326200 679.1
1326210 679.1
1326220 679.1
1326230 679.2
1326240 679.2
1326250 680.1
1326260 682.0
1326270 683.8
1326280 683.8
1326290 684.5
1326300 685.4
1326310 685.4
1326320 685.6
1326330 686.1
1326340 686.1
1326350 686.2
1326360 686.4
1326370 686.4
1326380 687.2
1326390 688.5
1326400 688.5
1326410 688.7
1326420 687.3
1326430 687.3
1326440 689.0
1326450 690.9
1326460 690.9
1326470 691.2
1326480 696.9
1326490 696.9
1326500 701.4
1326510 706.1
1326520 706.1
1326530 710.7
1326540 711.6
1326550 711.6
1326560 711.4
1326570 710.7
1326580 709.5
1326590 709.5
1326600 707.9
1326610 706.3
1326620 706.3
1326630 705.6
1326640 704.3
1326650 704.3
1326660 702.8
1326670 701.7
1326680 701.7
1326690 702.1
1326700 702.6
1326710 702.6
1326720 701.3
1326730 696.1
1326740 696.1
1326750 693.4
1326760 697.4
1326770 697.4
1326780 700.3
1326790 700.3
1326800 700.3
1326810 699.5
1326820 703.0
1326830 703.0
1326840 704.4
1326850 711.0
1326860 711.0
1326870 717.6
1326880 721.9
1326890 733.6
1326900 733.6
1326910 738.3
1326920 745.2
1326930 745.2
1326940 746.6
1326950 759.4
1326960 759.4
1326970 770.8
1326980 783.4
1326990 783.4
1327000 787.7
1327010 785.8
1327020 785.8
1327030 790.5
1327040 796.0
1327050 796.0
1327060 799.9
1327070 801.9
1327080 801.9
1327090 802.0
1327100 799.9
1327110 799.9
1327120 802.4
1327130 806.2
1327140 806.2
1327150 808.4
1327160 810.5
1327170 810.5
1327180 812.1
1327190 808.3
1327200 804.8
1327210 804.8
1327220 811.6
1327230 830.3
1327240 830.3
1327250 834.9
1327260 837.0
1327270 837.0
1327280 837.6
1327290 834.1
1327300 834.1
1327310 828.6
1327320 822.4
1327330 822.4
1327340 816.8
1327350 813.9
1327360 813.9
1327370 813.4
1327380 814.0
1327390 814.0
1327400 813.4
1327410 812.2
1327420 812.2
1327430 810.4
1327440 808.3
1327450 808.3
1327460 809.9
1327470 813.6
1327480 813.6
1327490 814.7
1327500 814.4
1327510 813.3
1327520 813.3
1327530 811.9
1327540 810.4
1327550 810.4
1327560 808.3
1327570 806.4
1327580 806.4
1327590 804.5
1327600 801.7
1327610 801.7
1327620 802.9
1327630 803.4
1327640 803.4
1327650 803.9
1327660 804.7
1327670 804.7
1327680 805.7
1327690 806.4
1327700 812.0
1327710 813.8
1327720 814.3
1327730 814.3
1327740 813.8
1327750 807.8
1327760 807.8
1327770 801.1
1327780 811.4
1327790 811.4
1327800 836.0
1327810 847.3
1327820 853.4
1327830 853.4
1327840 858.6
1327850 864.3
1327860 864.3
1327870 871.1
1327880 876.9
1327890 876.9
1327900 879.5
1327910 882.2
1327920 882.2
1327930 887.1
1327940 898.4
1327950 898.4
1327960 905.8
1327970 907.8
1327980 907.8
1327990 909.0
1328000 911.1
1328010 911.1
1328020 912.4
1328030 913.3
1328040 913.3
1328050 915.9
1328060 919.2
1328070 919.2
1328080 920.5
1328090 919.1
1328100 919.1
1328110 918.4
1328120 919.5
1328130 919.5
1328140 920.7
1328150 921.6
1328160 921.9
1328170 921.9
1328180 922.1
1328190 923.0
1328200 923.0
1328210 924.3
1328220 925.5
1328230 925.5
1328240 925.5
1328250 924.8
1328260 924.8
1328270 923.8
1328280 923.4
1328290 923.4
1328300 924.5
1328310 926.9
1328320 926.9
1328330 930.8
1328340 935.0
1328350 935.0
1328360 939.2
1328370 943.2
1328380 943.2
1328390 946.7
1328400 949.6
1328410 949.6
1328420 951.1
1328430 950.0
1328440 950.0
1328450 950.2
1328460 953.3
1328470 953.5
1328480 953.5
1328490 953.2
1328500 954.6
1328510 954.6
1328520 959.9
1328530 961.4
1328540 961.4
1328550 961.7
1328560 960.2
1328570 960.2
1328580 958.5
1328590 960.6
1328600 960.6
1328610 965.2
1328620 968.1
1328630 968.1
1328640 970.2
1328650 972.4
1328660 972.4
1328670 973.6
1328680 974.0
1328690 974.0
1328700 974.5
1328710 975.5
1328720 975.5
1328730 977.0
1328740 978.3
1328750 978.3
1328760 980.1
1328770 982.6
1328780 985.1
1328790 985.1
1328800 987.4
1328810 989.3
1328820 989.3
1328830 990.7
1328840 991.3
1328850 991.3
1328860 992.8
1328870 995.8
1328880 995.8
1328890 999.1
1328900 1000.7
1328910 1000.7
1328920 1000.7
1328930 1000.5
1328940 1000.5
1328950 1000.2
1328960 1000.2
1328970 1000.2
1328980 1001.4
1328990 1003.3
1329000 1003.3
1329010 1003.5
1329020 1003.8
1329030 1003.8
1329040 1006.4
1329050 1010.4
1329060 1010.4
1329070 1011.9
1329080 1013.3
1329090 1013.2
1329100 1013.2
1329110 1012.6
1329120 1014.2
1329130 1014.2
1329140 1016.7
1329150 1017.5
1329160 1017.5
1329170 1016.6
1329180 1015.3
1329190 1015.3
1329200 1013.8
1329210 1012.9
1329220 1012.9
1329230 1011.2
1329240 1008.9
1329250 1008.9
1329260 1006.5
1329270 1004.7
1329280 1004.7
1329290 1003.7
1329300 1002.5
1329310 1002.5
1329320 1001.9
1329330 1001.9
1329340 1010.5
1329350 1010.9
1329360 1010.7
1329370 1010.7
1329380 1011.2
1329390 1013.3
1329400 1015.2
1329410 1015.2
1329420 1016.2
1329430 1016.8
1329440 1016.8
1329450 1016.5
1329460 1015.7
1329470 1015.7
1329480 1015.1
1329490 1014.6
1329500 1014.6
1329510 1014.8
1329520 1015.4
1329530 1015.4
1329540 1015.8
1329550 1015.2
1329560 1015.2
1329570 1014.3
1329580 1013.3
1329590 1013.3
1329600 1011.7
1329610 1008.7
1329620 1008.7
1329630 1005.4
1329640 1002.5
1329650 1002.5
1329660 1001.3
1329670 1000.1
1329680 1000.1
1329690 997.8
1329700 995.9
1329710 994.0
1329720 994.0
1329730 992.6
1329740 991.8
1329750 991.8
1329760 992.1
1329770 992.4
1329780 992.4
1329790 991.5
1329800 980.5
1329810 980.5
1329820 959.5
1329830 944.5
1329840 944.5
1329850 936.1
1329860 929.3
1329870 929.3
1329880 922.8
1329890 916.4
1329900 916.4
1329910 910.6
1329920 903.9
1329930 903.9
1329940 896.8
1329950 890.6
1329960 890.6
1329970 883.5
1329980 875.9
1329990 875.9
1330000 868.7
1330010 861.7
1330020 854.1
1330030 854.1
1330040 846.3
1330050 838.8
1330060 838.8
1330070 831.1
1330080 824.3
1330090 824.3
1330100 819.0
1330110 816.2
1330120 816.2
1330130 815.6
1330140 813.6
1330150 813.6
1330160 813.4
1330170 817.0
1330180 817.0
1330190 824.8
1330200 832.0
1330210 832.0
1330220 837.9
1330230 842.4
1330240 842.4
1330250 845.9
1330260 848.9
1330270 848.9
1330280 852.7
1330290 858.4
1330300 858.4
1330310 861.9
1330320 865.2
1330330 865.2
1330340 868.4
1330350 870.6
1330360 873.0
1330370 873.0
1330380 874.4
1330390 877.0
1330400 877.0
1330410 880.2
1330420 884.3
1330430 884.3
1330440 889.0
1330450 892.5
1330460 892.5
1330470 894.9
1330480 898.2
1330490 898.2
1330500 902.6
1330510 909.1
1330520 909.1
1330530 917.1
1330540 922.6
1330550 922.6
1330560 928.9
1330570 935.2
1330580 935.2
1330590 939.1
1330600 940.4
1330610 940.4
1330620 940.8
1330630 941.2
1330640 941.2
1330650 941.1
1330660 941.3
1330670 942.0
1330680 942.0
1330690 943.2
1330700 944.8
1330710 944.8
1330720 947.0
1330730 948.8
1330740 948.8
1330750 951.9
1330760 954.1
1330770 954.1
1330780 957.2
1330790 961.2
1330800 961.2
1330810 967.2
1330820 974.2
1330830 974.2
1330840 981.4
1330850 988.0
1330860 988.0
1330870 994.8
1330880 1000.8
1330890 1000.8
1330900 1005.7
1330910 1009.3
1330920 1009.3
1330930 1012.8
1330940 1016.8
1330950 1016.8
1330960 1020.1
1330970 1022.2
1330980 1026.2
1330990 1026.2
1331000 1029.5
1331010 1033.1
1331020 1033.1
1331030 1038.1
1331040 1043.7
1331050 1043.7
1331060 1053.0
1331070 1062.5
1331080 1062.5
1331090 1076.1
1331100 1095.4
1331110 1095.4
1331120 1105.9
1331130 1111.0
1331140 1111.0
1331150 1115.8
1331160 1121.2
1331170 1121.2
1331180 1127.5
1331190 1133.1
1331200 1133.1
1331210 1137.7
1331220 1141.2
1331230 1141.2
1331240 1144.6
1331250 1148.6
1331260 1148.6
1331270 1152.8
1331280 1157.4
1331290 1162.8
1331300 1162.8
1331310 1168.3
1331320 1172.6
1331330 1172.6
1331340 1176.5
1331350 1180.5
1331360 1180.5
1331370 1185.1
1331380 1189.7
1331390 1189.7
1331400 1193.9
1331410 1197.9
1331420 1197.9
1331430 1201.6
1331440 1204.6
1331450 1204.6
1331460 1206.8
1331470 1208.2
1331480 1208.2
1331490 1209.1
1331500 1209.3
1331510 1209.3
1331520 1208.6
1331530 1207.4
1331540 1207.4
1331550 1205.8
1331560 1203.5
1331570 1203.5
1331580 1200.7
1331590 1197.7
1331600 1195.1
1331610 1195.1
1331620 1193.2
1331630 1191.9
1331640 1191.9
1331650 1190.8
1331660 1189.1
1331670 1189.1
1331680 1186.8
1331690 1184.1
1331700 1184.1
1331710 1181.2
1331720 1178.4
1331730 1178.4
1331740 1175.4
1331750 1171.7
1331760 1171.7
1331770 1168.0
1331780 1165.0
1331790 1165.0
1331800 1161.2
1331810 1156.3
1331820 1156.3
1331830 1150.8
1331840 1146.3
1331850 1146.3
1331860 1140.0
1331870 1133.6
1331880 1133.6
1331890 1126.9
1331900 1120.7
1331910 1114.7
1331920 1114.7
1331930 1108.7
1331940 1102.7
1331950 1102.7
1331960 1097.5
1331970 1093.2
1331980 1093.2
1331990 1091.7
1332000 1094.0
1332010 1094.0
1332020 1098.5
1332030 1103.2
1332040 1103.2
1332050 1104.6
1332060 1103.5
1332070 1103.5
1332080 1103.2
1332090 1104.6
1332100 1104.6
1332110 1108.6
1332120 1113.8
1332130 1113.8
1332140 1118.5
1332150 1120.3
1332160 1120.3
1332170 1122.0
1332180 1128.7
1332190 1128.7
1332200 1135.6
1332210 1140.9
1332220 1146.0
1332230 1146.0
1332240 1149.1
1332250 1150.3
1332260 1150.3
1332270 1151.2
1332280 1151.6
1332290 1151.6
1332300 1151.8
1332310 1150.1
1332320 1150.1
1332330 1147.1
1332340 1147.8
1332350 1147.8
1332360 1148.2
1332370 1146.3
1332380 1146.3
1332390 1145.5
1332400 1145.2
1332410 1145.2
1332420 1145.4
1332430 1149.9
1332440 1149.9
1332450 1155.8
1332460 1161.6
1332470 1161.6
1332480 1165.6
1332490 1165.9
1332500 1165.9
1332510 1164.6
1332520 1162.8
1332530 1160.1
1332540 1160.1
1332550 1156.9
1332560 1154.6
1332570 1154.6
1332580 1151.8
1332590 1148.5
1332600 1148.5
1332610 1145.9
1332620 1144.2
1332630 1144.2
1332640 1143.5
1332650 1142.8
1332660 1142.8
1332670 1139.9
1332680 1138.8
1332690 1138.8
1332700 1137.8
1332710 1136.7
1332720 1136.7
1332730 1135.1
1332740 1132.9
1332750 1132.9
1332760 1129.9
1332770 1126.8
1332780 1126.8
1332790 1123.8
1332800 1119.8
1332810 1119.8
1332820 1115.5
1332830 1111.6
1332840 1111.6
1332850 1108.6
1332860 1105.6
1332870 1101.7
1332880 1101.7
1332890 1098.2
1332900 1094.5
1332910 1094.5
1332920 1090.8
1332930 1087.8
1332940 1087.8
1332950 1085.6
1332960 1082.7
1332970 1082.7
1332980 1080.7
1332990 1079.9
1333000 1079.9
1333010 1078.0
1333020 1076.4
1333030 1076.4
1333040 1074.0
1333050 1069.4
1333060 1069.4
1333070 1064.7
1333080 1060.1
1333090 1060.1
1333100 1053.8
1333110 1044.9
1333120 1044.9
1333130 1037.3
1333140 1028.9
1333150 1028.9
1333160 1021.5
1333170 1013.4
1333180 1003.5
1333190 1003.5
1333200 995.0
1333210 989.2
1333220 989.2
1333230 983.1
1333240 976.0
1333250 976.0
1333260 968.0
1333270 961.3
1333280 961.3
1333290 954.4
1333300 950.0
1333310 950.0
1333320 946.5
1333330 940.8
1333340 940.8
1333350 936.9
1333360 933.3
1333370 933.3
1333380 929.2
1333390 924.8
1333400 924.8
1333410 920.6
1333420 916.6
1333430 916.6
1333440 912.4
1333450 908.2
1333460 908.2
1333470 904.2
1333480 900.2
1333490 897.2
1333500 897.2
1333510 891.1
1333520 888.1
1333530 888.1
1333540 885.7
1333550 882.8
1333560 882.8
1333570 879.8
1333580 877.4
1333590 877.4
1333600 874.0
1333610 868.5
1333620 868.5
1333630 863.2
1333640 862.2
1333650 862.2
1333660 870.9
1333670 876.6
1333680 876.6
1333690 879.4
1333700 884.3
1333710 884.3
1333720 887.6
1333730 889.2
1333740 889.2
1333750 889.6
1333760 886.6
1333770 886.6
1333780 879.0
1333790 867.0
1333800 848.8
1333810 848.8
1333820 832.5
1333830 814.2
1333840 814.2
1333850 804.7
1333860 817.5
1333870 817.5
1333880 816.5
1333890 787.7
1333900 787.7
1333910 766.0
1333920 771.8
1333930 771.8
1333940 778.6
1333950 789.5
1333960 789.5
1333970 799.9
1333980 811.1
1333990 811.1
1334000 825.5
1334010 845.3
1334020 845.3
1334030 864.9
1334040 876.0
1334050 876.0
1334060 883.0
1334070 890.6
1334080 890.6
1334090 894.9
1334100 895.7
1334110 893.7
1334120 893.7
1334130 886.4
1334140 884.6
1334150 884.6
1334160 874.3
1334170 862.5
1334180 862.5
1334190 878.2
1334200 883.8
1334210 883.8
1334220 887.8
1334230 886.2
1334240 886.2
1334250 881.9
1334260 886.5
1334270 886.5
1334280 899.0
1334290 914.3
1334300 914.3
1334310 932.1
1334320 944.8
1334330 944.8
1334340 950.1
1334350 951.6
1334360 955.3
1334370 956.6
1334380 956.7
1334390 956.7
1334400 956.5
1334410 955.4
1334420 953.4
1334430 953.4
1334440 950.5
1334450 949.3
1334460 949.3
1334470 948.2
1334480 945.7
1334490 945.7
1334500 943.7
1334510 941.4
1334520 941.4
1334530 939.7
1334540 935.0
1334550 935.0
1334560 929.7
1334570 923.0
1334580 923.0
1334590 917.3
1334600 909.0
1334610 909.0
1334620 900.6
1334630 894.3
1334640 894.3
1334650 889.1
1334660 884.9
1334670 884.9
1334680 881.1
1334690 877.4
1334700 877.4
1334710 874.7
1334720 872.2
1334730 869.9
1334740 869.9
1334750 868.2
1334760 866.4
1334770 866.4
1334780 864.6
1334790 862.7
1334800 862.7
1334810 861.1
1334820 859.0
1334830 859.0
1334840 857.0
1334850 855.2
1334860 855.2
1334870 853.6
1334880 851.8
1334890 851.8
1334900 848.9
1334910 845.4
1334920 845.4
1334930 843.0
1334940 839.6
1334950 839.6
1334960 834.8
1334970 831.9
1334980 831.9
1334990 831.3
1335000 829.3
1335010 829.3
1335020 826.8
1335030 824.0
1335040 824.0
1335050 821.5
1335060 818.9
1335070 816.6
1335080 816.6
1335090 814.5
1335100 812.4
1335110 812.4
1335120 810.4
1335130 807.8
1335140 807.8
1335150 805.2
1335160 802.6
1335170 802.6
1335180 800.4
1335190 796.9
1335200 796.9
1335210 793.2
1335220 787.0
1335230 787.0
1335240 779.7
1335250 773.1
1335260 773.1
1335270 769.6
1335280 766.6
1335290 766.6
1335300 763.4
1335310 754.6
1335320 754.6
1335330 744.7
1335340 735.2
1335350 735.2
1335360 727.9
1335370 721.9
1335380 716.4
1335390 716.4
1335400 709.8
1335410 702.3
1335420 702.3
1335430 704.6
1335440 713.3
1335450 713.3
1335460 723.1
1335470 734.5
1335480 734.5
1335490 743.1
1335500 743.2
1335510 743.2
1335520 745.4
1335530 745.2
1335540 745.2
1335550 740.6
1335560 733.2
1335570 733.2
1335580 728.8
1335590 723.7
1335600 723.7
1335610 716.5
1335620 712.4
1335630 712.4
1335640 714.3
1335650 715.3
1335660 715.3
1335670 719.3
1335680 721.4
1335690 715.9
1335700 715.9
1335710 711.2
1335720 708.0
1335730 708.0
1335740 701.8
1335750 696.1
1335760 696.1
1335770 693.5
1335780 691.5
1335790 691.5
1335800 688.8
1335810 687.0
1335820 687.0
1335830 681.1
1335840 676.3
1335850 676.3
1335860 673.8
1335870 672.8
1335880 672.8
1335890 673.6
1335900 675.0
1335910 675.0
1335920 677.1
1335930 678.2
1335940 678.2
1335950 679.3
1335960 683.0
1335970 683.0
1335980 688.1
1335990 691.1
1336000 692.3
1336010 692.3
1336020 692.9
1336030 694.2
1336040 694.2
1336050 694.8
1336060 695.1
1336070 690.2
1336080 686.9
1336090 680.5
1336100 680.5
1336110 680.0
1336120 680.6
1336130 680.6
1336140 680.5
1336150 680.8
1336160 680.8
1336170 681.6
1336180 683.3
1336190 683.3
1336200 683.8
1336210 684.7
1336220 684.7
1336230 685.2
1336240 685.0
1336250 685.0
1336260 685.0
1336270 686.1
1336280 686.1
1336290 691.1
1336300 701.0
1336310 708.6
1336320 708.6
1336330 716.9
1336340 716.8
1336350 716.8
1336360 713.6
1336370 716.4
1336380 716.4
1336390 721.2
1336400 723.0
1336410 723.0
1336420 724.0
1336430 727.4
1336440 727.4
1336450 731.2
1336460 735.4
1336470 735.4
1336480 738.7
1336490 740.3
1336500 740.3
1336510 742.3
1336520 744.2
1336530 744.2
1336540 745.7
1336550 746.6
1336560 746.6
1336570 747.3
1336580 748.2
1336590 748.2
1336600 749.4
1336610 750.8
1336620 753.7
1336630 753.7
1336640 757.8
1336650 760.1
1336660 760.1
1336670 759.6
1336680 758.6
1336690 758.6
1336700 759.4
1336710 760.7
1336720 760.7
1336730 761.9
1336740 763.5
1336750 763.5
1336760 765.0
1336770 766.3
1336780 766.3
1336790 767.6
1336800 768.9
1336810 768.9
1336820 770.2
1336830 771.6
1336840 771.6
1336850 772.9
1336860 774.3
1336870 774.3
1336880 775.8
1336890 777.2
1336900 777.2
1336910 778.4
1336920 779.5
1336930 780.6
1336940 779.8
1336950 781.5
1336960 783.3
1336970 783.3
1336980 785.5
1336990 787.8
1337000 787.8
1337010 790.9
1337020 794.2
1337030 794.2
1337040 796.8
1337050 799.7
1337060 799.7
1337070 803.1
1337080 807.8
1337090 807.8
1337100 813.9
1337110 815.8
1337120 815.8
1337130 816.1
1337140 816.2
1337150 816.2
1337160 816.2
1337170 815.9
1337180 815.9
1337190 817.3
1337200 819.7
1337210 819.7
1337220 822.3
1337230 823.9
1337240 823.9
1337250 823.8
1337260 822.9
1337270 822.7
1337280 822.7
1337290 823.0
1337300 823.1
1337310 823.1
1337320 823.2
1337330 822.8
1337340 822.8
1337350 822.3
1337360 823.5
1337370 823.5
1337380 824.1
1337390 822.1
1337400 822.1
1337410 821.5
1337420 823.5
1337430 823.5
1337440 828.6
1337450 833.2
1337460 833.2
1337470 835.8
1337480 837.8
1337490 837.8
1337500 840.8
1337510 843.9
1337520 843.9
1337530 846.0
1337540 847.4
1337550 847.4
1337560 849.5
1337570 852.0
1337580 853.9
1337590 853.9
1337600 854.5
1337610 853.2
1337620 853.2
1337630 854.6
1337640 859.0
1337650 859.0
1337660 862.4
1337670 864.8
1337680 864.8
1337690 865.9
1337700 866.2
1337710 866.2
1337720 866.7
1337730 867.3
1337740 867.3
1337750 867.0
1337760 865.8
1337770 865.8
1337780 863.2
1337790 857.7
1337800 853.0
1337810 846.7
1337820 840.4
1337830 840.4
1337840 835.6
1337850 830.6
1337860 830.6
1337870 823.6
1337880 815.8
1337890 820.5
1337900 820.5
1337910 829.7
1337920 835.8
1337930 835.8
1337940 840.4
1337950 843.1
1337960 843.1
1337970 846.4
1337980 851.1
1337990 851.1
1338000 855.4
1338010 859.0
1338020 859.0
1338030 863.4
1338040 867.9
1338050 867.9
1338060 872.2
1338070 876.1
1338080 876.1
1338090 879.9
1338100 880.4
1338110 880.4
1338120 880.4
1338130 882.1
1338140 882.1
1338150 883.3
1338160 885.5
1338170 885.5
1338180 889.8
1338190 895.5
1338200 901.6
1338210 901.6
1338220 906.8
1338230 901.7
1338240 901.7
1338250 892.9
1338260 886.0
1338270 886.0
1338280 880.2
1338290 875.1
1338300 875.1
1338310 871.4
1338320 866.0
1338330 866.0
1338340 855.1
1338350 848.0
1338360 848.0
1338370 852.8
1338380 858.1
1338390 858.1
1338400 863.5
1338410 871.2
1338420 871.2
1338430 878.4
1338440 883.1
1338450 883.1
1338460 885.1
1338470 886.7
1338480 886.7
1338490 889.6
1338500 892.2
1338510 894.4
1338520 894.4
1338530 899.1
1338540 904.7
1338550 904.7
1338560 909.4
1338570 915.7
1338580 915.7
1338590 923.3
1338600 931.1
1338610 931.1
1338620 941.5
1338630 952.1
1338640 952.1
1338650 959.0
1338660 964.8
1338670 964.8
1338680 965.1
1338690 970.2
1338700 970.2
1338710 977.3
1338720 983.5
1338730 983.5
1338740 986.6
1338750 992.1
1338760 992.1
1338770 997.8
1338780 1002.1
1338790 1002.1
1338800 1007.3
1338810 1011.4
1338820 1015.7
1338830 1015.7
1338840 1021.5
1338850 1027.2
1338860 1027.2
1338870 1029.6
1338880 1031.4
1338890 1031.4
1338900 1035.3
1338910 1038.3
1338920 1038.3
1338930 1041.0
1338940 1044.3
1338950 1044.3
1338960 1047.3
1338970 1049.8
1338980 1049.8
1338990 1051.7
1339000 1053.6
1339010 1053.6
1339020 1055.3
1339030 1056.6
1339040 1056.6
1339050 1058.2
1339060 1059.7
1339070 1059.7
1339080 1059.3
1339090 1058.3
1339100 1058.3
1339110 1057.3
1339120 1056.5
1339130 1055.8
1339140 1055.8
1339150 1054.4
1339160 1052.8
1339170 1052.8
1339180 1051.3
1339190 1049.6
1339200 1049.6
1339210 1047.8
1339220 1045.4
1339230 1045.4
1339240 1042.6
1339250 1039.8
1339260 1039.8
1339270 1036.9
1339280 1033.7
1339290 1033.7
1339300 1030.1
1339310 1025.9
1339320 1025.9
1339330 1020.5
1339340 1017.7
1339350 1017.7
1339360 1015.1
1339370 1010.4
1339380 1010.4
1339390 1005.8
1339400 1003.6
1339410 1003.6
1339420 1002.0
1339430 999.7
1339440 996.2
1339450 996.2
1339460 992.7
1339470 988.0
1339480 988.0
1339490 983.9
1339500 980.7
1339510 980.7
1339520 977.9
1339530 974.5
1339540 974.5
1339550 969.8
1339560 966.7
1339570 966.7
1339580 963.6
1339590 960.4
1339600 960.4
1339610 957.6
1339620 954.9
1339630 954.9
1339640 951.6
1339650 949.0
1339660 949.0
1339670 946.8
1339680 945.7
1339690 945.7
1339700 943.1
1339710 940.9
1339720 940.9
1339730 939.1
1339740 937.4
1339750 934.9
1339760 934.9
1339770 932.3
1339780 929.7
1339790 929.7
1339800 927.5
1339810 925.3
1339820 925.3
1339830 923.6
1339840 922.0
1339850 922.0
1339860 920.5
1339870 918.6
1339880 918.6
1339890 916.5
1339900 914.5
1339910 914.5
1339920 912.2
1339930 910.2
1339940 910.2
1339950 908.3
1339960 906.3
1339970 906.3
1339980 904.7
1339990 903.7
