1320000 553.4
1320010 553.2
1320020 552.3
1320030 552.3
1320040 551.3
1320050 547.9
1320060 545.0
1320070 545.0
1320080 544.1
1320090 543.8
1320100 543.8
1320110 543.9
1320120 543.7
1320130 543.7
1320140 541.4
1320150 539.2
1320160 539.2
1320170 537.3
1320180 537.7
1320190 537.7
1320200 538.0
1320210 536.6
1320220 536.6
1320230 535.2
1320240 534.3
1320250 534.3
1320260 533.5
1320270 532.2
1320280 532.2
1320290 531.2
1320300 530.6
1320310 530.6
1320320 530.6
1320330 531.2
1320340 531.2
1320350 530.0
1320360 528.3
1320370 528.3
1320380 526.8
1320390 525.5
1320400 524.6
1320410 524.6
1320420 523.5
1320430 522.6
1320440 522.6
1320450 521.9
1320460 521.3
1320470 521.3
1320480 521.0
1320490 520.6
1320500 520.6
1320510 520.7
1320520 520.7
1320530 520.7
1320540 520.4
1320550 520.1
1320560 520.1
1320570 519.6
1320580 519.4
1320590 519.4
1320600 520.0
1320610 520.1
1320620 520.1
1320630 519.3
1320640 519.5
1320650 519.5
1320660 518.6
1320670 518.0
1320680 518.0
1320690 520.4
1320700 521.9
1320710 521.8
1320720 521.8
1320730 520.9
1320740 520.7
1320750 520.7
1320760 521.0
1320770 520.8
1320780 520.8
1320790 520.6
1320800 520.6
1320810 520.6
1320820 520.8
1320830 519.6
1320840 519.6
1320850 519.0
1320860 518.2
1320870 518.2
1320880 517.5
1320890 517.5
1320900 517.5
1320910 516.7
1320920 516.1
1320930 516.1
1320940 515.9
1320950 515.9
1320960 515.9
1320970 515.9
1320980 515.9
1320990 515.9
1321000 515.9
1321010 515.8
1321020 515.8
1321030 515.8
1321040 515.7
1321050 515.5
1321060 515.5
1321070 515.2
1321080 514.9
1321090 514.9
1321100 514.8
1321110 514.9
1321120 514.9
1321130 514.9
1321140 515.0
1321150 515.0
1321160 514.9
1321170 514.9
1321180 514.9
1321190 514.9
1321200 515.0
1321210 515.0
1321220 515.1
1321230 515.2
1321240 515.2
1321250 515.3
1321260 515.5
1321270 515.5
1321280 515.7
1321290 515.8
1321300 515.8
1321310 516.1
1321320 516.3
1321330 516.6
1321340 516.6
1321350 516.2
1321360 516.5
1321370 516.5
1321380 517.0
1321390 517.3
1321400 517.3
1321410 517.2
1321420 516.7
1321430 516.7
1321440 517.0
1321450 517.1
1321460 517.1
1321470 517.0
1321480 517.1
1321490 517.1
1321500 517.5
1321510 517.6
1321520 517.6
1321530 517.8
1321540 518.0
1321550 518.0
1321560 518.1
1321570 518.8
1321580 518.8
1321590 519.2
1321600 518.7
1321610 518.7
1321620 518.2
1321630 517.9
1321640 517.9
1321650 517.9
1321660 518.0
1321670 518.3
1321680 518.3
1321690 518.3
1321700 518.0
1321710 518.0
1321720 517.8
1321730 517.9
1321740 517.9
1321750 517.8
1321760 517.8
1321770 517.8
1321780 518.0
1321790 517.9
1321800 517.9
1321810 517.3
1321820 517.1
1321830 517.1
1321840 516.9
1321850 516.7
1321860 516.7
1321870 516.7
1321880 516.5
1321890 516.5
1321900 515.7
1321910 515.2
1321920 515.2
1321930 514.9
1321940 514.8
1321950 514.8
1321960 515.1
1321970 515.2
1321980 515.2
1321990 515.2
1322000 515.1
1322010 515.1
1322020 515.1
1322030 515.2
1322040 515.2
1322050 515.2
1322060 515.3
1322070 515.3
1322080 515.3
1322090 515.2
1322100 515.2
1322110 515.2
1322120 515.2
1322130 515.2
1322140 515.2
1322150 515.2
1322160 515.3
1322170 515.3
1322180 515.8
1322190 517.0
1322200 517.0
1322210 517.2
1322220 516.8
1322230 516.8
1322240 516.6
1322250 517.3
1322260 517.3
1322270 516.9
1322280 518.4
1322290 518.6
1322300 518.6
1322310 516.9
1322320 518.1
1322330 518.1
1322340 521.6
1322350 524.0
1322360 524.0
1322370 524.3
1322380 522.1
1322390 522.1
1322400 518.6
1322410 517.2
1322420 517.2
1322430 517.0
1322440 517.0
1322450 517.0
1322460 516.9
1322470 516.9
1322480 516.9
1322490 516.9
1322500 517.0
1322510 517.0
1322520 517.8
1322530 520.4
1322540 520.4
1322550 523.6
1322560 524.4
1322570 524.4
1322580 524.1
1322590 522.8
1322600 521.3
1322610 521.3
1322620 520.8
1322630 520.7
1322640 520.7
1322650 520.4
1322660 520.2
1322670 520.2
1322680 519.9
1322690 519.6
1322700 519.6
1322710 519.4
1322720 519.1
1322730 519.1
1322740 518.8
1322750 518.7
1322760 518.7
1322770 519.0
1322780 519.9
1322790 519.9
1322800 519.2
1322810 518.8
1322820 518.8
1322830 518.8
1322840 518.6
1322850 518.6
1322860 518.6
1322870 518.5
1322880 518.5
1322890 518.7
1322900 519.1
1322910 519.4
1322920 519.4
1322930 519.5
1322940 519.5
1322950 519.5
1322960 519.3
1322970 519.0
1322980 519.0
1322990 518.6
1323000 518.4
1323010 518.4
1323020 518.4
1323030 518.5
1323040 518.5
1323050 518.7
1323060 519.2
1323070 519.2
1323080 518.9
1323090 516.4
1323100 516.4
1323110 515.0
1323120 514.6
1323130 514.6
1323140 514.5
1323150 514.5
1323160 514.5
1323170 514.5
1323180 514.4
1323190 514.4
1323200 514.3
1323210 514.2
1323220 514.2
1323230 514.2
1323240 514.1
1323250 514.2
1323260 514.2
1323270 514.2
1323280 514.2
1323290 514.2
1323300 514.2
1323310 514.2
1323320 514.2
1323330 514.1
1323340 514.1
1323350 514.1
1323360 514.3
1323370 514.6
1323380 514.6
1323390 514.4
1323400 514.4
1323410 514.4
1323420 514.5
1323430 514.6
1323440 514.6
1323450 514.8
1323460 514.8
1323470 514.8
1323480 514.4
1323490 514.1
1323500 514.1
1323510 514.1
1323520 514.2
1323530 514.2
1323540 514.2
1323550 514.3
1323560 514.3
1323570 514.3
1323580 514.3
1323590 514.3
1323600 514.3
1323610 514.4
1323620 514.4
1323630 514.4
1323640 514.4
1323650 514.3
1323660 514.3
1323670 514.4
1323680 514.5
1323690 514.5
1323700 514.7
1323710 514.7
1323720 514.7
1323730 514.7
1323740 514.7
1323750 514.7
1323760 514.6
1323770 514.6
1323780 514.6
1323790 514.8
1323800 515.3
1323810 515.3
1323820 515.6
1323830 515.4
1323840 515.4
1323850 514.0
1323860 511.2
1323870 510.4
1323880 510.4
1323890 510.4
1323900 510.4
1323910 510.4
1323920 510.4
1323930 510.4
1323940 510.4
1323950 510.4
1323960 510.4
1323970 510.4
1323980 510.4
1323990 510.5
1324000 510.5
1324010 512.3
1324020 514.5
1324030 514.5
1324040 514.7
1324050 515.0
1324060 515.0
1324070 515.4
1324080 515.3
1324090 515.3
1324100 514.2
1324110 513.9
1324120 513.9
1324130 513.7
1324140 513.5
1324150 513.5
1324160 513.8
1324170 513.9
1324180 513.5
1324190 513.5
1324200 513.0
1324210 512.8
1324220 512.8
1324230 512.8
1324240 512.9
1324250 512.9
1324260 512.9
1324270 512.8
1324280 512.8
1324290 512.8
1324300 512.8
1324310 512.8
1324320 513.0
1324330 513.2
1324340 513.2
1324350 513.3
1324360 513.3
1324370 513.3
1324380 513.3
1324390 513.3
1324400 513.3
1324410 513.1
1324420 513.0
1324430 513.0
1324440 513.2
1324450 513.1
1324460 513.1
1324470 513.1
1324480 513.2
1324490 513.3
1324500 513.3
1324510 513.2
1324520 513.2
1324530 513.2
1324540 513.3
1324550 513.4
1324560 513.4
1324570 513.5
1324580 513.7
1324590 513.7
1324600 513.3
1324610 513.2
1324620 513.2
1324630 513.3
1324640 513.0
1324650 513.0
1324660 513.1
1324670 513.4
1324680 513.4
1324690 513.5
1324700 513.5
1324710 513.5
1324720 513.5
1324730 513.5
1324740 513.5
1324750 513.5
1324760 513.3
1324770 513.3
1324780 513.1
1324790 512.9
1324800 512.8
1324810 512.8
1324820 512.7
1324830 512.6
1324840 512.6
1324850 512.6
1324860 512.6
1324870 512.6
1324880 512.6
1324890 512.5
1324900 512.5
1324910 512.3
1324920 512.3
1324930 512.3
1324940 512.3
1324950 512.4
1324960 512.4
1324970 512.9
1324980 514.0
1324990 514.0
1325000 515.3
1325010 516.6
1325020 516.6
1325030 517.3
1325040 517.1
1325050 517.1
1325060 516.1
1325070 514.5
1325080 514.5
1325090 513.1
1325100 512.4
1325110 512.4
1325120 512.2
1325130 512.2
1325140 512.2
1325150 512.2
1325160 512.1
1325170 512.1
1325180 512.1
1325190 512.1
1325200 512.2
1325210 512.2
1325220 512.6
1325230 513.3
1325240 513.3
1325250 513.5
1325260 513.1
1325270 513.1
1325280 512.6
1325290 512.3
1325300 512.3
1325310 512.0
1325320 511.9
1325330 511.9
1325340 512.0
1325350 512.2
1325360 512.2
1325370 512.2
1325380 512.1
1325390 512.1
1325400 512.1
1325410 512.1
1325420 512.1
1325430 512.2
1325440 512.3
1325450 512.4
1325460 512.4
1325470 512.3
1325480 512.4
1325490 512.4
1325500 512.4
1325510 512.2
1325520 512.2
1325530 512.2
1325540 512.2
1325550 512.2
1325560 512.3
1325570 512.3
1325580 512.3
1325590 512.3
1325600 512.4
1325610 512.4
1325620 513.2
1325630 514.9
1325640 514.9
1325650 515.4
1325660 513.3
1325670 513.3
1325680 513.3
1325690 513.2
1325700 513.2
1325710 512.9
1325720 513.1
1325730 513.1
1325740 514.7
1325750 513.8
1325760 512.5
1325770 512.5
1325780 513.1
1325790 512.6
1325800 512.6
1325810 513.4
1325820 517.4
1325830 517.4
1325840 520.1
1325850 520.8
1325860 520.8
1325870 520.9
1325880 520.9
1325890 520.9
1325900 521.0
1325910 521.0
1325920 521.0
1325930 520.9
1325940 520.9
1325950 520.9
1325960 520.8
1325970 520.8
1325980 520.8
1325990 520.8
1326000 520.8
1326010 520.8
1326020 520.8
1326030 521.1
1326040 521.1
1326050 521.2
1326060 521.2
1326070 520.9
1326080 520.9
1326090 519.5
1326100 516.6
1326110 512.5
1326120 511.6
1326130 511.6
1326140 511.6
1326150 511.5
1326160 511.2
1326170 511.2
1326180 511.1
1326190 511.4
1326200 511.4
1326210 511.2
1326220 512.0
1326230 512.0
1326240 511.9
1326250 503.9
1326260 503.9
1326270 499.4
1326280 508.4
1326290 508.4
1326300 512.2
1326310 511.9
1326320 511.9
1326330 511.5
1326340 511.7
1326350 511.7
1326360 511.7
1326370 511.7
1326380 511.7
1326390 511.7
1326400 511.7
1326410 511.7
1326420 511.7
1326430 512.3
1326440 513.0
1326450 513.0
1326460 512.1
1326470 511.7
1326480 511.7
1326490 511.6
1326500 511.5
1326510 511.5
1326520 511.3
1326530 511.2
1326540 511.2
1326550 511.1
1326560 511.1
1326570 511.1
1326580 511.2
1326590 511.2
1326600 511.2
1326610 511.5
1326620 511.9
1326630 511.9
1326640 512.4
1326650 513.4
1326660 513.4
1326670 513.8
1326680 513.2
1326690 513.2
1326700 513.2
1326710 513.3
1326720 513.5
1326730 513.5
1326740 514.1
1326750 515.3
1326760 515.3
1326770 517.1
1326780 517.5
1326790 517.5
1326800 516.8
1326810 516.8
1326820 516.8
1326830 517.8
1326840 516.4
1326850 516.4
1326860 514.9
1326870 513.8
1326880 513.8
1326890 513.1
1326900 513.1
1326910 513.1
1326920 520.2
1326930 522.8
1326940 522.8
1326950 524.5
1326960 526.2
1326970 526.2
1326980 530.1
1326990 534.4
1327000 534.4
1327010 538.1
1327020 542.8
1327030 547.2
1327040 547.2
1327050 550.4
1327060 552.2
1327070 552.2
1327080 553.8
1327090 558.5
1327100 558.5
1327110 560.1
1327120 560.6
1327130 560.6
1327140 560.7
1327150 560.8
1327160 560.8
1327170 560.3
1327180 560.2
1327190 560.2
1327200 563.0
1327210 567.0
1327220 567.0
1327230 569.6
1327240 573.1
1327250 573.1
1327260 578.2
1327270 582.9
1327280 582.9
1327290 585.0
1327300 588.5
1327310 588.5
1327320 589.7
1327330 589.4
1327340 592.9
1327350 592.9
1327360 599.1
1327370 603.9
1327380 603.9
1327390 605.7
1327400 604.7
1327410 604.7
1327420 601.4
1327430 600.7
1327440 600.7
1327450 597.5
1327460 599.0
1327470 599.0
1327480 599.3
1327490 597.2
1327500 597.2
1327510 599.4
1327520 605.8
1327530 605.8
1327540 613.1
1327550 624.1
1327560 624.1
1327570 631.4
1327580 637.2
1327590 637.2
1327600 641.9
1327610 645.0
1327620 645.0
1327630 647.9
1327640 651.2
1327650 653.3
1327660 653.3
1327670 655.8
1327680 656.9
1327690 656.9
1327700 658.7
1327710 661.2
1327720 661.2
1327730 668.9
1327740 672.1
1327750 672.1
1327760 674.0
1327770 675.9
1327780 675.9
1327790 678.0
1327800 680.4
1327810 680.4
1327820 683.8
1327830 689.0
1327840 689.0
1327850 693.1
1327860 695.8
1327870 695.8
1327880 698.8
1327890 702.7
1327900 702.7
1327910 706.9
1327920 711.1
1327930 711.1
1327940 714.8
1327950 719.1
1327960 723.3
1327970 723.3
1327980 727.8
1327990 731.8
1328000 731.8
1328010 734.5
1328020 734.9
1328030 734.9
1328040 734.0
1328050 735.2
1328060 735.2
1328070 734.6
1328080 746.3
1328090 746.3
1328100 756.2
1328110 761.8
1328120 761.8
1328130 766.1
1328140 769.7
1328150 769.7
1328160 773.0
1328170 775.8
1328180 775.8
1328190 778.0
1328200 778.1
1328210 778.1
1328220 778.8
1328230 779.1
1328240 779.1
1328250 779.4
1328260 781.4
1328270 783.2
1328280 783.2
1328290 783.7
1328300 784.7
1328310 784.7
1328320 785.8
1328330 784.2
1328340 784.2
1328350 780.7
1328360 777.9
1328370 777.9
1328380 776.7
1328390 775.5
1328400 775.5
1328410 774.3
1328420 773.5
1328430 773.5
1328440 774.6
1328450 775.4
1328460 775.4
1328470 774.6
1328480 773.5
1328490 773.5
1328500 773.1
1328510 771.2
1328520 771.2
1328530 770.5
1328540 772.4
1328550 780.5
1328560 784.1
1328570 787.0
1328580 787.0
1328590 790.5
1328600 793.8
1328610 796.6
1328620 796.6
1328630 800.2
1328640 804.3
1328650 804.3
1328660 808.1
1328670 809.1
1328680 809.1
1328690 810.7
1328700 811.1
1328710 811.1
1328720 810.2
1328730 808.8
1328740 808.8
1328750 808.6
1328760 809.9
1328770 809.9
1328780 812.0
1328790 813.3
1328800 813.3
1328810 813.5
1328820 813.9
1328830 813.9
1328840 816.4
1328850 820.1
1328860 820.1
1328870 825.7
1328880 830.9
1328890 830.9
1328900 834.3
1328910 838.9
1328920 843.8
1328930 843.8
1328940 848.4
1328950 853.3
1328960 853.3
1328970 859.8
1328980 863.9
1328990 863.9
1329000 864.2
1329010 862.2
1329020 862.2
1329030 860.1
1329040 857.6
1329050 857.6
1329060 855.0
1329070 854.3
1329080 854.3
1329090 854.9
1329100 855.1
1329110 855.1
1329120 854.0
1329130 853.4
1329140 853.4
1329150 852.6
1329160 850.5
1329170 850.5
1329180 848.6
1329190 847.7
1329200 847.7
1329210 847.8
1329220 847.8
1329230 846.4
1329240 846.4
1329250 848.1
1329260 850.9
1329270 850.9
1329280 854.5
1329290 857.0
1329300 857.0
1329310 858.1
1329320 855.8
1329330 855.8
1329340 851.1
1329350 850.2
1329360 850.2
1329370 859.2
1329380 860.9
1329390 860.9
1329400 862.4
1329410 862.8
1329420 862.8
1329430 860.7
1329440 858.4
1329450 858.4
1329460 860.6
1329470 860.5
1329480 860.5
1329490 857.6
1329500 853.2
1329510 853.2
1329520 848.4
1329530 844.6
1329540 841.9
1329550 841.9
1329560 838.1
1329570 832.8
1329580 832.8
1329590 826.8
1329600 821.8
1329610 821.8
1329620 818.7
1329630 810.3
1329640 810.3
1329650 813.4
1329660 814.1
1329670 814.1
1329680 811.3
1329690 816.9
1329700 816.9
1329710 820.9
1329720 819.2
1329730 819.2
1329740 820.5
1329750 825.4
1329760 825.4
1329770 829.6
1329780 830.5
1329790 830.5
1329800 831.3
1329810 830.4
1329820 830.4
1329830 829.9
1329840 832.6
1329850 835.2
1329860 835.2
1329870 835.1
1329880 833.8
1329890 833.8
1329900 834.0
1329910 835.2
1329920 835.2
1329930 834.8
1329940 834.8
1329950 834.8
1329960 836.3
1329970 839.8
1329980 839.8
1329990 844.4
1330000 849.8
1330010 849.8
1330020 853.8
1330030 846.8
1330040 846.8
1330050 849.8
1330060 855.6
1330070 855.6
1330080 854.1
1330090 849.1
1330100 849.1
1330110 837.7
1330120 827.4
1330130 827.4
1330140 821.4
1330150 813.0
1330160 780.1
1330170 780.1
1330180 760.0
1330190 750.4
1330200 750.4
1330210 744.1
1330220 743.5
1330230 743.5
1330240 748.7
1330250 754.9
1330260 754.9
1330270 761.7
1330280 770.0
1330290 770.0
1330300 777.9
1330310 784.6
1330320 784.6
1330330 790.5
1330340 796.1
1330350 796.1
1330360 802.1
1330370 808.9
1330380 808.9
1330390 815.3
1330400 822.2
1330410 822.2
1330420 829.2
1330430 836.2
1330440 836.2
1330450 842.4
1330460 847.7
1330470 847.7
1330480 853.4
1330490 858.5
1330500 863.8
1330510 863.8
1330520 868.3
1330530 872.7
1330540 872.7
1330550 876.9
1330560 882.0
1330570 882.0
1330580 887.4
1330590 894.7
1330600 894.7
1330610 901.9
1330620 907.0
1330630 907.0
1330640 914.9
1330650 922.3
1330660 922.3
1330670 928.8
1330680 934.9
1330690 934.9
1330700 940.7
1330710 946.4
1330720 946.4
1330730 951.7
1330740 956.5
1330750 956.5
1330760 961.4
1330770 966.1
1330780 966.1
1330790 970.4
1330800 973.9
1330810 976.4
1330820 976.4
1330830 980.5
1330840 986.7
1330850 986.7
1330860 994.4
1330870 1002.4
1330880 1002.4
1330890 1009.9
1330900 1016.8
1330910 1016.8
1330920 1021.4
1330930 1024.7
1330940 1024.7
1330950 1027.1
1330960 1029.3
1330970 1029.3
1330980 1032.0
1330990 1035.3
1331000 1035.3
1331010 1039.3
1331020 1049.6
1331030 1049.6
1331040 1050.5
1331050 1050.7
1331060 1050.7
1331070 1051.5
1331080 1050.8
1331090 1050.8
1331100 1051.6
1331110 1054.2
1331120 1056.7
1331130 1056.7
1331140 1060.7
1331150 1065.7
1331160 1065.7
1331170 1071.6
1331180 1076.6
1331190 1076.6
1331200 1081.5
1331210 1087.5
1331220 1087.5
1331230 1094.4
1331240 1101.0
1331250 1101.0
1331260 1106.1
1331270 1110.2
1331280 1110.2
1331290 1113.9
1331300 1117.9
1331310 1117.9
1331320 1121.1
1331330 1117.8
1331340 1117.8
1331350 1111.0
1331360 1124.4
1331370 1124.4
1331380 1128.1
1331390 1134.4
1331400 1134.4
1331410 1141.4
1331420 1148.1
1331430 1151.6
1331440 1151.6
1331450 1153.0
1331460 1152.6
1331470 1152.6
1331480 1150.2
1331490 1147.5
1331500 1147.5
1331510 1145.5
1331520 1143.6
1331530 1143.6
1331540 1142.5
1331550 1142.5
1331560 1142.5
1331570 1142.7
1331580 1142.3
1331590 1142.3
1331600 1141.4
1331610 1140.1
1331620 1140.1
1331630 1138.6
1331640 1136.9
1331650 1136.9
1331660 1135.1
1331670 1133.0
1331680 1133.0
1331690 1130.8
1331700 1128.4
1331710 1128.4
1331720 1126.2
1331730 1123.8
1331740 1121.4
1331750 1121.4
1331760 1119.3
1331770 1117.5
1331780 1117.5
1331790 1115.0
1331800 1112.6
1331810 1112.6
1331820 1111.0
1331830 1108.9
1331840 1108.9
1331850 1107.2
1331860 1102.7
1331870 1102.7
1331880 1098.9
1331890 1095.5
1331900 1095.5
1331910 1093.4
1331920 1090.4
1331930 1090.4
1331940 1087.1
1331950 1083.6
1331960 1083.6
1331970 1079.9
1331980 1076.1
1331990 1076.1
1332000 1071.9
1332010 1066.4
1332020 1066.4
1332030 1059.5
1332040 1052.0
1332050 1044.7
1332060 1044.7
1332070 1037.3
1332080 1034.1
1332090 1034.1
1332100 1035.9
1332110 1039.2
1332120 1039.2
1332130 1040.4
1332140 1040.9
1332150 1040.9
1332160 1043.0
1332170 1045.4
1332180 1045.4
1332190 1044.7
1332200 1039.2
1332210 1039.2
1332220 1033.6
1332230 1029.5
1332240 1029.5
1332250 1027.1
1332260 1025.6
1332270 1025.6
1332280 1027.2
1332290 1030.1
1332300 1030.1
1332310 1033.3
1332320 1037.6
1332330 1037.6
1332340 1042.4
1332350 1047.8
1332360 1047.8
1332370 1054.0
1332380 1060.1
1332390 1064.5
1332400 1064.5
1332410 1068.3
1332420 1071.2
1332430 1071.2
1332440 1073.3
1332450 1075.0
1332460 1075.0
1332470 1076.2
1332480 1076.7
1332490 1076.7
1332500 1076.3
1332510 1075.7
1332520 1075.7
1332530 1074.8
1332540 1074.2
1332550 1074.2
1332560 1072.4
1332570 1069.8
1332580 1069.8
1332590 1068.5
1332600 1067.7
1332610 1067.7
1332620 1068.3
1332630 1069.4
1332640 1069.4
1332650 1070.0
1332660 1070.5
1332670 1070.5
1332680 1072.2
1332690 1073.8
1332700 1079.7
1332710 1079.7
1332720 1081.2
1332730 1081.7
1332740 1081.7
1332750 1081.9
1332760 1082.3
1332770 1082.3
1332780 1082.5
1332790 1081.9
1332800 1081.9
1332810 1081.2
1332820 1080.4
1332830 1080.4
1332840 1079.6
1332850 1077.8
1332860 1077.8
1332870 1074.5
1332880 1070.1
1332890 1070.1
1332900 1069.1
1332910 1070.3
1332920 1070.3
1332930 1074.1
1332940 1078.5
1332950 1078.5
1332960 1080.6
1332970 1081.2
1332980 1081.2
1332990 1081.6
1333000 1085.4
1333010 1090.9
1333020 1090.9
1333030 1095.3
1333040 1099.5
1333050 1099.5
1333060 1103.3
1333070 1106.3
1333080 1106.3
1333090 1109.1
1333100 1112.1
1333110 1112.1
1333120 1115.1
1333130 1117.3
1333140 1117.3
1333150 1118.4
1333160 1118.2
1333170 1118.2
1333180 1116.8
1333190 1115.1
1333200 1115.1
1333210 1113.0
1333220 1110.4
1333230 1110.4
1333240 1107.7
1333250 1104.4
1333260 1104.4
1333270 1101.2
1333280 1097.8
1333290 1097.8
1333300 1094.2
1333310 1090.7
1333320 1087.2
1333330 1087.2
1333340 1083.9
1333350 1079.8
1333360 1079.8
1333370 1074.2
1333380 1068.6
1333390 1068.6
1333400 1063.9
1333410 1060.1
1333420 1060.1
1333430 1056.6
1333440 1054.0
1333450 1054.0
1333460 1051.7
1333470 1048.3
1333480 1048.3
1333490 1043.8
1333500 1038.8
1333510 1038.8
1333520 1033.9
1333530 1029.7
1333540 1028.6
1333550 1024.7
1333560 1022.0
1333570 1022.0
1333580 1019.2
1333590 1015.8
1333600 1015.8
1333610 1010.6
1333620 1004.5
1333630 998.9
1333640 998.9
1333650 994.6
1333660 989.3
1333670 989.3
1333680 984.2
1333690 977.7
1333700 977.7
1333710 970.0
1333720 963.8
1333730 963.8
1333740 958.2
1333750 953.7
1333760 953.7
1333770 949.8
1333780 946.4
1333790 946.4
1333800 943.5
1333810 940.6
1333820 940.6
1333830 937.1
1333840 934.0
1333850 934.0
1333860 930.3
1333870 925.2
1333880 925.2
1333890 920.1
1333900 914.6
1333910 914.6
1333920 910.2
1333930 905.4
1333940 898.5
1333950 898.5
1333960 889.5
1333970 879.2
1333980 879.2
1333990 867.5
1334000 859.2
1334010 859.2
1334020 859.4
1334030 868.0
1334040 868.0
1334050 865.2
1334060 841.1
1334070 841.1
1334080 810.5
1334090 801.3
1334100 801.3
1334110 793.2
1334120 783.8
1334130 783.8
1334140 775.1
1334150 766.1
1334160 766.1
1334170 757.3
1334180 749.4
1334190 749.4
1334200 742.2
1334210 734.9
1334220 734.9
1334230 727.1
1334240 714.8
1334250 714.8
1334260 709.0
1334270 728.5
1334280 749.6
1334290 749.6
1334300 771.2
1334310 771.8
1334320 771.8
1334330 776.7
1334340 796.3
1334350 796.3
1334360 816.4
1334370 839.8
1334380 839.8
1334390 864.7
1334400 871.0
1334410 871.0
1334420 873.6
1334430 873.1
1334440 873.1
1334450 871.6
1334460 870.6
1334470 870.6
1334480 869.6
1334490 867.3
1334500 867.3
1334510 864.1
1334520 860.9
1334530 860.9
1334540 857.6
1334550 854.4
1334560 854.4
1334570 851.1
1334580 847.1
1334590 839.9
1334600 839.9
1334610 832.5
1334620 825.8
1334630 825.8
1334640 817.0
1334650 800.4
1334660 800.4
1334670 785.1
1334680 779.0
1334690 779.0
1334700 775.8
1334710 773.4
1334720 773.4
1334730 771.0
1334740 769.3
1334750 769.3
1334760 768.3
1334770 767.0
1334780 767.0
1334790 765.3
1334800 763.0
1334810 763.0
1334820 760.9
1334830 755.2
1334840 755.2
1334850 749.8
1334860 745.0
1334870 745.0
1334880 742.9
1334890 742.5
1334900 741.7
1334910 741.7
1334920 740.2
1334930 737.7
1334940 737.7
1334950 733.9
1334960 729.7
1334970 729.7
1334980 725.5
1334990 721.4
1335000 721.4
1335010 717.3
1335020 712.9
1335030 712.9
1335040 704.7
1335050 694.8
1335060 694.8
1335070 684.7
1335080 671.7
1335090 671.7
1335100 665.9
1335110 664.1
1335120 664.1
1335130 658.1
1335140 652.8
1335150 652.8
1335160 649.7
1335170 649.3
1335180 649.3
1335190 649.8
1335200 650.3
1335210 651.1
1335220 651.1
1335230 652.5
1335240 650.9
1335250 650.9
1335260 651.5
1335270 652.2
1335280 652.2
1335290 653.2
1335300 654.0
1335310 654.0
1335320 654.2
1335330 655.0
1335340 655.0
1335350 656.2
1335360 657.6
1335370 657.6
1335380 659.1
1335390 661.1
1335400 661.1
1335410 663.4
1335420 664.6
1335430 664.6
1335440 665.8
1335450 666.9
1335460 666.9
1335470 669.2
1335480 670.0
1335490 670.0
1335500 672.9
1335510 677.7
1335520 683.1
1335530 683.1
1335540 687.9
1335550 692.1
1335560 692.1
1335570 696.4
1335580 699.9
1335590 699.9
1335600 704.0
1335610 711.5
1335620 711.5
1335630 719.6
1335640 728.1
1335650 728.1
1335660 737.0
1335670 745.9
1335680 745.9
1335690 749.7
1335700 750.6
1335710 750.6
1335720 748.4
1335730 747.7
1335740 747.7
1335750 750.6
1335760 759.7
1335770 759.7
1335780 769.0
1335790 774.3
1335800 774.3
1335810 772.9
1335820 771.6
1335830 765.5
1335840 765.5
1335850 756.1
1335860 748.5
1335870 748.5
1335880 748.9
1335890 756.4
1335900 756.4
1335910 764.8
1335920 773.2
1335930 773.2
1335940 781.0
1335950 787.5
1335960 787.5
1335970 791.6
1335980 794.4
1335990 794.4
1336000 795.1
1336010 790.5
1336020 790.5
1336030 783.5
1336040 785.3
1336050 785.3
1336060 792.9
1336070 796.3
1336080 796.3
1336090 800.5
1336100 800.6
1336110 800.6
1336120 802.8
1336130 805.5
1336140 805.5
1336150 808.6
1336160 813.0
1336170 815.4
1336180 815.4
1336190 812.1
1336200 812.5
1336210 812.5
1336220 815.6
1336230 813.2
1336240 813.2
1336250 812.6
1336260 817.5
1336270 817.5
1336280 824.8
1336290 827.3
1336300 827.3
1336310 826.5
1336320 826.9
1336330 826.9
1336340 828.8
1336350 829.1
1336360 829.1
1336370 826.2
1336380 821.0
1336390 821.0
1336400 813.2
1336410 805.4
1336420 805.4
1336430 802.3
1336440 809.2
1336450 809.2
1336460 817.9
1336470 826.4
1336480 832.1
1336490 832.1
1336500 836.2
1336510 837.1
1336520 837.1
1336530 833.6
1336540 826.5
1336550 826.5
1336560 820.8
1336570 817.4
1336580 817.4
1336590 816.9
1336600 815.4
1336610 815.4
1336620 814.5
1336630 816.0
1336640 816.0
1336650 816.0
1336660 816.9
1336670 816.9
1336680 818.1
1336690 818.2
1336700 818.2
1336710 820.4
1336720 824.9
1336730 824.9
1336740 830.8
1336750 835.4
1336760 835.4
1336770 832.8
1336780 831.2
1336790 831.7
1336800 831.7
1336810 833.1
1336820 834.7
1336830 834.7
1336840 835.9
1336850 838.2
1336860 838.2
1336870 843.8
1336880 850.2
1336890 850.2
1336900 855.4
1336910 857.7
1336920 857.7
1336930 859.0
1336940 858.0
1336950 858.0
1336960 849.7
1336970 848.3
1336980 848.3
1336990 849.1
1337000 849.4
1337010 849.4
1337020 849.9
1337030 850.6
1337040 850.6
1337050 851.2
1337060 852.0
1337070 852.0
1337080 853.4
1337090 853.9
1337100 855.3
1337110 855.3
1337120 856.9
1337130 858.1
1337140 858.1
1337150 859.4
1337160 860.4
1337170 860.4
1337180 861.8
1337190 863.4
1337200 863.4
1337210 864.4
1337220 865.0
1337230 865.0
1337240 867.6
1337250 873.0
1337260 873.0
1337270 878.9
1337280 884.8
1337290 884.8
1337300 890.7
1337310 896.1
1337320 896.1
1337330 900.8
1337340 903.2
1337350 903.2
1337360 904.8
1337370 906.8
1337380 906.8
1337390 908.7
1337400 910.4
1337410 912.1
1337420 912.1
1337430 914.1
1337440 918.1
1337450 918.1
1337460 924.5
1337470 929.7
1337480 929.7
1337490 932.7
1337500 936.6
1337510 936.6
1337520 940.6
1337530 943.7
1337540 943.7
1337550 946.5
1337560 948.5
1337570 948.5
1337580 949.7
1337590 950.7
1337600 950.7
1337610 951.3
1337620 951.6
1337630 951.6
1337640 952.0
1337650 952.5
1337660 952.5
1337670 952.9
1337680 952.7
1337690 952.7
1337700 952.8
1337710 952.7
1337720 952.8
1337730 952.8
1337740 952.7
1337750 952.2
1337760 952.2
1337770 951.9
1337780 952.0
1337790 952.0
1337800 950.4
1337810 946.7
1337820 946.7
1337830 941.8
1337840 937.1
1337850 937.1
1337860 930.2
1337870 921.1
1337880 921.1
1337890 913.9
1337900 906.7
1337910 906.7
1337920 900.2
1337930 892.7
1337940 892.7
1337950 884.8
1337960 878.4
1337970 878.4
1337980 873.4
1337990 870.6
1338000 870.6
1338010 869.4
1338020 868.0
1338030 868.0
1338040 871.4
1338050 880.7
1338060 889.6
1338070 889.6
1338080 894.6
1338090 896.5
1338100 896.5
1338110 900.4
1338120 905.0
1338130 905.0
1338140 909.3
1338150 914.1
1338160 914.1
1338170 918.4
1338180 922.1
1338190 922.1
1338200 927.9
1338210 933.8
1338220 933.8
1338230 940.4
1338240 947.8
1338250 947.8
1338260 955.0
1338270 958.6
1338280 958.6
1338290 961.2
1338300 962.1
1338310 962.1
1338320 961.1
1338330 959.2
1338340 959.2
1338350 958.0
1338360 957.7
1338370 954.0
1338380 954.0
1338390 951.5
1338400 951.5
1338410 951.5
1338420 951.1
1338430 950.0
1338440 950.0
1338450 947.5
1338460 942.0
1338470 942.0
1338480 935.1
1338490 927.9
1338500 927.9
1338510 925.1
1338520 927.6
1338530 927.6
1338540 932.8
1338550 939.3
1338560 939.3
1338570 942.9
1338580 945.1
1338590 945.1
1338600 950.5
1338610 958.5
1338620 958.5
1338630 966.4
1338640 971.9
1338650 971.9
1338660 976.8
1338670 981.4
1338680 985.2
1338690 985.2
1338700 988.5
1338710 991.7
1338720 991.7
1338730 996.2
1338740 999.8
1338750 999.8
1338760 1003.2
1338770 1006.3
1338780 1006.3
1338790 1009.8
1338800 1014.0
1338810 1014.0
1338820 1017.7
1338830 1021.4
1338840 1021.4
1338850 1025.0
1338860 1028.9
1338870 1028.9
1338880 1034.8
1338890 1040.8
1338900 1040.8
1338910 1045.5
1338920 1049.9
1338930 1049.9
1338940 1054.1
1338950 1058.0
1338960 1058.0
1338970 1062.4
1338980 1068.0
1338990 1075.2
1339000 1075.2
1339010 1082.7
1339020 1089.7
1339030 1089.7
1339040 1095.8
1339050 1100.2
1339060 1100.2
1339070 1104.7
1339080 1109.6
1339090 1109.6
1339100 1114.0
1339110 1118.2
1339120 1118.2
1339130 1122.2
1339140 1126.6
1339150 1126.6
1339160 1130.4
1339170 1133.5
1339180 1133.5
1339190 1136.6
1339200 1138.5
1339210 1138.5
1339220 1140.2
1339230 1141.9
1339240 1141.9
1339250 1143.1
1339260 1143.6
1339270 1143.6
1339280 1143.4
1339290 1143.8
1339300 1144.6
1339310 1144.6
1339320 1145.0
1339330 1144.8
1339340 1144.8
1339350 1144.0
1339360 1142.0
1339370 1142.0
1339380 1139.4
1339390 1136.8
1339400 1136.8
1339410 1133.8
1339420 1130.0
1339430 1130.0
1339440 1125.9
1339450 1121.9
1339460 1121.9
1339470 1117.5
1339480 1112.8
1339490 1112.8
1339500 1108.6
1339510 1105.2
1339520 1105.2
1339530 1102.0
1339540 1099.4
1339550 1099.4
1339560 1098.1
1339570 1097.0
1339580 1091.6
1339590 1089.7
1339600 1086.9
1339610 1082.9
1339620 1082.9
1339630 1078.8
1339640 1074.8
1339650 1074.8
1339660 1071.6
1339670 1068.3
1339680 1068.3
1339690 1065.1
1339700 1061.9
1339710 1061.9
1339720 1058.9
1339730 1056.3
1339740 1056.3
1339750 1053.7
1339760 1051.2
1339770 1051.2
1339780 1048.8
1339790 1046.0
1339800 1046.0
1339810 1043.2
1339820 1040.9
1339830 1040.9
1339840 1036.0
1339850 1033.8
1339860 1033.8
1339870 1033.1
1339880 1034.1
1339890 1034.1
1339900 1035.2
1339910 1034.9
1339920 1033.6
1339930 1033.6
1339940 1031.7
1339950 1030.0
1339960 1030.0
1339970 1028.8
1339980 1027.1
1339990 1027.1
