1320000 729.0
1320010 726.3
1320020 726.3
1320030 723.3
1320040 721.1
1320050 721.1
1320060 717.8
1320070 713.1
1320080 713.1
1320090 707.5
1320100 702.1
1320110 698.1
1320120 698.1
1320130 694.4
1320140 690.8
1320150 690.8
1320160 687.5
1320170 683.8
1320180 683.8
1320190 679.1
1320200 675.7
1320210 675.7
1320220 671.5
1320230 667.1
1320240 667.1
1320250 663.2
1320260 659.5
1320270 659.5
1320280 655.5
1320290 650.4
1320300 650.4
1320310 644.3
1320320 638.3
1320330 638.3
1320340 632.4
1320350 626.5
1320360 626.5
1320370 620.8
1320380 615.8
1320390 615.8
1320400 611.2
1320410 606.4
1320420 606.4
1320430 601.9
1320440 597.9
1320450 595.3
1320460 595.3
1320470 593.6
1320480 592.0
1320490 592.0
1320500 590.1
1320510 588.2
1320520 588.2
1320530 586.7
1320540 585.5
1320550 585.5
1320560 584.5
1320570 583.7
1320580 583.7
1320590 582.8
1320600 582.0
1320610 582.0
1320620 581.7
1320630 580.6
1320640 580.6
1320650 579.5
1320660 578.3
1320670 578.3
1320680 577.3
1320690 577.5
1320700 577.5
1320710 576.1
1320720 574.6
1320730 574.6
1320740 573.7
1320750 573.0
1320760 572.7
1320770 572.7
1320780 572.5
1320790 572.3
1320800 572.3
1320810 572.3
1320820 571.5
1320830 571.5
1320840 570.1
1320850 567.2
1320860 567.2
1320870 565.8
1320880 565.0
1320890 565.0
1320900 563.4
1320910 562.6
1320920 562.6
1320930 560.7
1320940 558.5
1320950 558.5
1320960 556.0
1320970 553.4
1320980 553.4
1320990 549.9
1321000 547.7
1321010 547.7
1321020 547.1
1321030 546.9
1321040 546.9
1321050 547.7
1321060 548.6
1321070 549.0
1321080 549.0
1321090 548.7
1321100 547.6
1321110 547.6
1321120 546.9
1321130 546.1
1321140 546.1
1321150 544.8
1321160 543.5
1321170 543.5
1321180 542.1
1321190 540.7
1321200 540.7
1321210 539.7
1321220 539.2
1321230 539.2
1321240 538.7
1321250 538.6
1321260 538.6
1321270 538.2
1321280 537.5
1321290 537.5
1321300 537.0
1321310 536.7
1321320 536.7
1321330 536.4
1321340 536.2
1321350 536.2
1321360 534.7
1321370 532.1
1321380 532.0
1321390 532.0
1321400 531.9
1321410 531.4
1321420 531.4
1321430 529.3
1321440 527.2
1321450 527.2
1321460 527.0
1321470 526.9
1321480 526.9
1321490 526.3
1321500 525.8
1321510 525.8
1321520 525.9
1321530 526.2
1321540 526.2
1321550 526.2
1321560 526.3
1321570 526.3
1321580 526.1
1321590 526.1
1321600 526.1
1321610 526.1
1321620 526.2
1321630 526.2
1321640 526.2
1321650 526.1
1321660 526.1
1321670 526.1
1321680 525.6
1321690 525.6
1321700 524.8
1321710 524.2
1321720 523.3
1321730 523.3
1321740 523.1
1321750 522.6
1321760 522.6
1321770 521.8
1321780 520.7
1321790 520.7
1321800 520.4
1321810 520.4
1321820 520.4
1321830 521.4
1321840 523.0
1321850 523.0
1321860 523.7
1321870 523.8
1321880 523.8
1321890 524.0
1321900 524.7
1321910 524.7
1321920 525.3
1321930 525.6
1321940 525.6
1321950 525.9
1321960 528.8
1321970 528.8
1321980 532.0
1321990 531.5
1322000 531.5
1322010 531.6
1322020 531.5
1322030 531.5
1322040 531.5
1322050 531.3
1322060 531.2
1322070 531.2
1322080 531.1
1322090 530.8
1322100 530.8
1322110 530.5
1322120 530.3
1322130 530.3
1322140 529.8
1322150 529.5
1322160 529.5
1322170 529.4
1322180 528.9
1322190 528.9
1322200 528.7
1322210 528.6
1322220 528.6
1322230 528.4
1322240 528.2
1322250 528.2
1322260 528.1
1322270 527.9
1322280 527.9
1322290 527.7
1322300 527.5
1322310 527.5
1322320 527.4
1322330 526.9
1322340 525.6
1322350 525.6
1322360 524.3
1322370 522.2
1322380 522.2
1322390 521.2
1322400 520.8
1322410 520.8
1322420 520.6
1322430 520.6
1322440 520.6
1322450 520.5
1322460 520.4
1322470 520.4
1322480 520.3
1322490 520.1
1322500 520.1
1322510 520.0
1322520 519.9
1322530 519.9
1322540 519.9
1322550 520.0
1322560 520.0
1322570 519.4
1322580 518.0
1322590 518.0
1322600 516.6
1322610 516.0
1322620 516.0
1322630 515.9
1322640 515.8
1322650 515.8
1322660 515.8
1322670 515.8
1322680 516.2
1322690 516.2
1322700 516.7
1322710 517.0
1322720 517.0
1322730 517.3
1322740 517.6
1322750 517.6
1322760 517.6
1322770 517.2
1322780 517.2
1322790 516.9
1322800 516.6
1322810 516.6
1322820 516.3
1322830 515.9
1322840 515.9
1322850 515.5
1322860 515.3
1322870 515.3
1322880 515.2
1322890 515.1
1322900 515.1
1322910 515.0
1322920 515.0
1322930 515.0
1322940 515.3
1322950 516.3
1322960 516.3
1322970 515.3
1322980 516.4
1322990 517.5
1323000 517.5
1323010 518.0
1323020 518.2
1323030 518.2
1323040 518.5
1323050 518.9
1323060 518.9
1323070 519.1
1323080 519.0
1323090 519.0
1323100 519.0
1323110 519.0
1323120 519.0
1323130 519.0
1323140 518.9
1323150 518.9
1323160 518.8
1323170 518.8
1323180 518.8
1323190 518.9
1323200 518.8
1323210 518.8
1323220 518.6
1323230 518.3
1323240 518.3
1323250 518.2
1323260 518.2
1323270 518.2
1323280 518.1
1323290 518.1
1323300 518.0
1323310 518.0
1323320 517.9
1323330 517.9
1323340 517.9
1323350 517.8
1323360 517.8
1323370 517.8
1323380 517.8
1323390 517.8
1323400 517.8
1323410 517.8
1323420 517.8
1323430 517.8
1323440 517.8
1323450 517.8
1323460 517.8
1323470 517.7
1323480 517.6
1323490 517.6
1323500 517.5
1323510 517.5
1323520 517.5
1323530 517.5
1323540 517.4
1323550 517.4
1323560 517.4
1323570 517.3
1323580 517.3
1323590 517.5
1323600 517.4
1323610 517.4
1323620 517.3
1323630 517.2
1323640 517.2
1323650 517.2
1323660 517.1
1323670 517.0
1323680 517.0
1323690 517.0
1323700 516.9
1323710 516.9
1323720 516.9
1323730 516.8
1323740 516.8
1323750 516.7
1323760 516.6
1323770 516.6
1323780 516.7
1323790 516.8
1323800 516.8
1323810 516.9
1323820 517.1
1323830 517.1
1323840 517.2
1323850 516.9
1323860 516.9
1323870 516.7
1323880 516.5
1323890 516.5
1323900 516.1
1323910 515.9
1323920 515.9
1323930 515.9
1323940 516.0
1323950 515.7
1323960 515.7
1323970 515.5
1323980 515.5
1323990 515.5
1324000 515.4
1324010 515.3
1324020 515.3
1324030 515.2
1324040 514.4
1324050 514.4
1324060 512.9
1324070 512.2
1324080 512.2
1324090 512.3
1324100 512.6
1324110 512.6
1324120 512.8
1324130 513.0
1324140 513.0
1324150 513.3
1324160 513.8
1324170 513.8
1324180 514.2
1324190 514.1
1324200 514.1
1324210 513.3
1324220 512.5
1324230 512.5
1324240 512.3
1324250 512.2
1324260 512.2
1324270 512.2
1324280 512.1
1324290 511.9
1324300 511.9
1324310 511.7
1324320 511.7
1324330 511.7
1324340 511.9
1324350 512.1
1324360 512.1
1324370 512.2
1324380 512.2
1324390 512.2
1324400 512.2
1324410 512.1
1324420 512.1
1324430 512.1
1324440 512.2
1324450 512.2
1324460 512.2
1324470 512.1
1324480 512.1
1324490 512.0
1324500 512.1
1324510 512.1
1324520 512.2
1324530 512.3
1324540 512.3
1324550 512.3
1324560 512.3
1324570 512.3
1324580 512.3
1324590 512.3
1324600 512.4
1324610 512.4
1324620 512.4
1324630 512.4
1324640 512.4
1324650 512.5
1324660 512.3
1324670 512.3
1324680 512.3
1324690 512.3
1324700 512.3
1324710 512.3
1324720 512.3
1324730 512.3
1324740 512.3
1324750 512.4
1324760 512.4
1324770 512.4
1324780 512.4
1324790 512.4
1324800 512.4
1324810 512.4
1324820 512.4
1324830 512.4
1324840 512.4
1324850 512.4
1324860 512.4
1324870 512.5
1324880 512.5
1324890 512.5
1324900 512.4
1324910 512.5
1324920 512.5
1324930 512.6
1324940 512.7
1324950 512.7
1324960 512.9
1324970 513.3
1324980 513.3
1324990 513.6
1325000 513.2
1325010 513.2
1325020 511.6
1325030 509.9
1325040 509.9
1325050 509.3
1325060 509.2
1325070 509.2
1325080 509.1
1325090 509.1
1325100 509.1
1325110 509.1
1325120 509.1
1325130 509.1
1325140 509.1
1325150 509.1
1325160 509.1
1325170 509.1
1325180 509.1
1325190 509.1
1325200 509.1
1325210 509.1
1325220 509.1
1325230 509.1
1325240 509.5
1325250 512.1
1325260 512.1
1325270 513.5
1325280 514.1
1325290 514.1
1325300 515.4
1325310 516.5
1325320 516.5
1325330 516.8
1325340 516.8
1325350 516.8
1325360 517.2
1325370 516.7
1325380 516.7
1325390 514.0
1325400 512.6
1325410 512.6
1325420 512.4
1325430 512.3
1325440 512.3
1325450 512.3
1325460 512.2
1325470 512.2
1325480 512.2
1325490 512.2
1325500 512.2
1325510 512.2
1325520 512.2
1325530 512.2
1325540 512.2
1325550 512.3
1325560 512.3
1325570 512.3
1325580 512.2
1325590 512.1
1325600 512.1
1325610 511.9
1325620 511.8
1325630 511.8
1325640 511.6
1325650 511.6
1325660 511.6
1325670 512.0
1325680 512.3
1325690 512.3
1325700 511.6
1325710 511.6
1325720 511.6
1325730 512.0
1325740 511.9
1325750 511.9
1325760 511.9
1325770 511.9
1325780 511.9
1325790 511.6
1325800 511.7
1325810 511.7
1325820 511.9
1325830 511.5
1325840 511.5
1325850 511.3
1325860 511.2
1325870 511.4
1325880 511.4
1325890 511.5
1325900 511.2
1325910 511.2
1325920 510.8
1325930 510.7
1325940 510.7
1325950 510.8
1325960 510.8
1325970 510.8
1325980 510.8
1325990 510.8
1326000 510.8
1326010 510.8
1326020 510.8
1326030 510.8
1326040 511.1
1326050 511.3
1326060 511.3
1326070 511.2
1326080 511.0
1326090 511.0
1326100 510.9
1326110 510.9
1326120 510.9
1326130 510.9
1326140 510.8
1326150 510.8
1326160 510.8
1326170 510.8
1326180 510.7
1326190 510.7
1326200 510.7
1326210 510.7
1326220 510.7
1326230 510.6
1326240 510.6
1326250 510.6
1326260 510.5
1326270 510.7
1326280 510.7
1326290 510.9
1326300 511.0
1326310 511.0
1326320 510.9
1326330 510.9
1326340 510.9
1326350 511.0
1326360 511.0
1326370 511.0
1326380 510.6
1326390 510.6
1326400 510.6
1326410 510.7
1326420 510.8
1326430 510.8
1326440 510.9
1326450 510.9
1326460 510.9
1326470 510.9
1326480 510.8
1326490 510.7
1326500 510.7
1326510 510.7
1326520 510.6
1326530 510.6
1326540 510.6
1326550 510.6
1326560 510.6
1326570 510.9
1326580 510.7
1326590 510.7
1326600 510.8
1326610 510.7
1326620 510.7
1326630 510.7
1326640 510.9
1326650 510.9
1326660 510.5
1326670 510.4
1326680 510.4
1326690 510.5
1326700 510.6
1326710 510.6
1326720 510.6
1326730 510.6
1326740 510.6
1326750 510.5
1326760 510.5
1326770 510.5
1326780 510.5
1326790 510.7
1326800 510.7
1326810 510.7
1326820 510.7
1326830 510.7
1326840 510.7
1326850 510.6
1326860 510.7
1326870 510.7
1326880 510.8
1326890 510.6
1326900 510.6
1326910 510.3
1326920 510.2
1326930 510.2
1326940 510.2
1326950 510.2
1326960 510.2
1326970 510.4
1326980 510.4
1326990 510.4
1327000 510.5
1327010 511.0
1327020 511.0
1327030 511.8
1327040 511.2
1327050 511.2
1327060 511.3
1327070 510.0
1327080 510.0
1327090 509.8
1327100 510.4
1327110 510.4
1327120 510.5
1327130 510.5
1327140 510.3
1327150 510.3
1327160 510.2
1327170 510.2
1327180 510.2
1327190 510.2
1327200 510.2
1327210 510.2
1327220 510.2
1327230 510.1
1327240 510.1
1327250 510.0
1327260 509.8
1327270 509.8
1327280 509.8
1327290 509.7
1327300 509.7
1327310 509.6
1327320 509.7
1327330 509.7
1327340 509.7
1327350 509.7
1327360 509.7
1327370 509.9
1327380 510.2
1327390 510.2
1327400 510.2
1327410 509.9
1327420 509.9
1327430 510.0
1327440 510.0
1327450 510.0
1327460 510.0
1327470 510.0
1327480 510.0
1327490 510.0
1327500 510.0
1327510 509.9
1327520 509.9
1327530 509.8
1327540 509.8
1327550 509.8
1327560 509.8
1327570 509.8
1327580 509.8
1327590 509.8
1327600 509.8
1327610 509.8
1327620 509.8
1327630 509.8
1327640 509.8
1327650 509.9
1327660 509.9
1327670 509.9
1327680 509.9
1327690 510.0
1327700 510.0
1327710 510.0
1327720 510.0
1327730 510.0
1327740 510.0
1327750 509.9
1327760 509.9
1327770 509.9
1327780 509.9
1327790 509.9
1327800 509.9
1327810 509.9
1327820 509.9
1327830 509.9
1327840 510.0
1327850 510.0
1327860 510.0
1327870 510.0
1327880 510.0
1327890 510.0
1327900 510.0
1327910 510.0
1327920 510.0
1327930 510.0
1327940 510.0
1327950 510.0
1327960 510.1
1327970 510.1
1327980 510.1
1327990 510.1
1328000 510.2
1328010 510.2
1328020 510.2
1328030 510.3
1328040 510.3
1328050 510.3
1328060 510.3
1328070 510.3
1328080 510.4
1328090 510.5
1328100 510.7
1328110 510.7
1328120 511.1
1328130 511.5
1328140 511.5
1328150 511.6
1328160 511.4
1328170 511.4
1328180 511.3
1328190 511.1
1328200 511.1
1328210 511.0
1328220 511.1
1328230 511.1
1328240 511.1
1328250 511.1
1328260 511.1
1328270 511.2
1328280 511.3
1328290 511.3
1328300 511.3
1328310 511.4
1328320 511.4
1328330 511.6
1328340 511.8
1328350 511.8
1328360 511.9
1328370 512.1
1328380 512.1
1328390 512.4
1328400 512.6
1328410 512.8
1328420 512.8
1328430 513.1
1328440 513.4
1328450 513.4
1328460 513.7
1328470 514.0
1328480 514.0
1328490 514.2
1328500 514.4
1328510 514.4
1328520 514.6
1328530 514.9
1328540 514.9
1328550 515.2
1328560 515.5
1328570 515.5
1328580 515.8
1328590 516.2
1328600 516.3
1328610 516.6
1328620 516.9
1328630 516.9
1328640 517.3
1328650 517.8
1328660 517.8
1328670 518.5
1328680 518.9
1328690 518.9
1328700 519.2
1328710 520.0
1328720 520.8
1328730 520.8
1328740 521.0
1328750 521.2
1328760 521.2
1328770 521.3
1328780 521.6
1328790 521.6
1328800 522.1
1328810 522.7
1328820 522.7
1328830 523.2
1328840 523.6
1328850 523.6
1328860 524.1
1328870 524.6
1328880 524.6
1328890 525.2
1328900 525.8
1328910 525.8
1328920 526.3
1328930 526.7
1328940 526.7
1328950 527.3
1328960 527.8
1328970 527.8
1328980 528.3
1328990 528.9
1329000 528.9
1329010 529.4
1329020 529.9
1329030 530.6
1329040 530.6
1329050 531.3
1329060 531.8
1329070 531.8
1329080 532.5
1329090 533.3
1329100 533.3
1329110 534.1
1329120 535.0
1329130 535.0
1329140 535.7
1329150 536.5
1329160 536.5
1329170 537.2
1329180 538.1
1329190 538.1
1329200 539.0
1329210 539.7
1329220 539.7
1329230 540.4
1329240 541.2
1329250 541.2
1329260 541.9
1329270 542.6
1329280 542.6
1329290 543.0
1329300 542.8
1329310 542.8
1329320 543.0
1329330 542.6
1329340 542.6
1329350 542.8
1329360 543.0
1329370 542.4
1329380 542.4
1329390 541.9
1329400 541.6
1329410 541.6
1329420 542.0
1329430 541.7
1329440 541.7
1329450 541.3
1329460 541.1
1329470 541.1
1329480 540.8
1329490 540.8
1329500 540.8
1329510 540.8
1329520 540.6
1329530 540.6
1329540 540.4
1329550 540.3
1329560 540.3
1329570 540.4
1329580 540.3
1329590 540.3
1329600 539.7
1329610 540.1
1329620 540.1
1329630 540.4
1329640 539.7
1329650 539.7
1329660 539.2
1329670 538.9
1329680 539.0
1329690 539.0
1329700 538.8
1329710 538.2
1329720 538.2
1329730 538.7
1329740 538.3
1329750 538.3
1329760 537.9
1329770 537.6
1329780 537.6
1329790 537.2
1329800 536.8
1329810 536.8
1329820 536.2
1329830 536.5
1329840 536.5
1329850 536.6
1329860 536.5
1329870 536.5
1329880 535.9
1329890 535.5
1329900 535.5
1329910 535.4
1329920 535.1
1329930 535.1
1329940 534.8
1329950 534.3
1329960 534.3
1329970 534.0
1329980 533.8
1329990 533.6
1330000 533.6
1330010 533.4
1330020 533.0
1330030 533.0
1330040 532.6
1330050 532.3
1330060 532.3
1330070 532.3
1330080 532.4
1330090 532.4
1330100 532.6
1330110 533.0
1330120 533.0
1330130 533.5
1330140 534.0
1330150 534.0
1330160 534.6
1330170 535.4
1330180 535.4
1330190 536.2
1330200 537.2
1330210 537.2
1330220 538.1
1330230 539.0
1330240 539.0
1330250 540.6
1330260 541.8
1330270 541.8
1330280 542.9
1330290 544.2
1330300 545.4
1330310 545.4
1330320 546.8
1330330 548.3
1330340 548.3
1330350 549.6
1330360 550.8
1330370 550.8
1330380 552.3
1330390 554.0
1330400 554.0
1330410 555.5
1330420 556.9
1330430 556.9
1330440 558.1
1330450 559.1
1330460 559.1
1330470 560.0
1330480 561.2
1330490 561.2
1330500 562.3
1330510 563.3
1330520 563.3
1330530 564.3
1330540 565.7
1330550 565.7
1330560 567.1
1330570 568.3
1330580 568.3
1330590 569.4
1330600 570.9
1330610 570.9
1330620 572.3
1330630 574.2
1330640 576.2
1330650 576.2
1330660 578.0
1330670 580.0
1330680 580.0
1330690 582.0
1330700 583.9
1330710 583.9
1330720 585.6
1330730 587.1
1330740 587.1
1330750 588.7
1330760 590.1
1330770 590.1
1330780 591.8
1330790 593.4
1330800 593.4
1330810 593.9
1330820 593.3
1330830 593.3
1330840 595.2
1330850 595.3
1330860 595.3
1330870 594.8
1330880 593.7
1330890 593.7
1330900 595.8
1330910 599.3
1330920 599.3
1330930 603.8
1330940 607.7
1330950 611.2
1330960 611.2
1330970 617.4
1330980 623.7
1330990 623.7
1331000 629.7
1331010 634.6
1331020 634.6
1331030 640.3
1331040 646.4
1331050 646.4
1331060 658.1
1331070 669.4
1331080 677.7
1331090 691.0
1331100 701.3
1331110 701.3
1331120 706.3
1331130 707.0
1331140 707.0
1331150 706.4
1331160 706.8
1331170 706.8
1331180 709.0
1331190 712.4
1331200 712.4
1331210 715.7
1331220 719.2
1331230 719.2
1331240 723.0
1331250 727.9
1331260 735.2
1331270 735.2
1331280 746.5
1331290 755.6
1331300 755.6
1331310 761.7
1331320 767.3
1331330 767.3
1331340 773.3
1331350 779.6
1331360 779.6
1331370 785.4
1331380 791.9
1331390 791.9
1331400 796.8
1331410 797.5
1331420 797.5
1331430 795.3
1331440 790.5
1331450 790.5
1331460 783.3
1331470 781.8
1331480 781.8
1331490 786.6
1331500 791.6
1331510 791.6
1331520 798.4
1331530 804.0
1331540 804.0
1331550 806.4
1331560 807.0
1331570 808.2
1331580 808.2
1331590 809.2
1331600 810.1
1331610 810.1
1331620 811.3
1331630 813.7
1331640 813.7
1331650 818.1
1331660 823.0
1331670 823.0
1331680 826.5
1331690 828.5
1331700 828.5
1331710 831.9
1331720 833.6
1331730 833.6
1331740 836.7
1331750 840.6
1331760 840.6
1331770 844.8
1331780 847.3
1331790 847.3
1331800 849.7
1331810 851.4
1331820 851.4
1331830 851.6
1331840 852.6
1331850 852.6
1331860 854.0
1331870 854.1
1331880 854.1
1331890 853.3
1331900 854.8
1331910 863.8
1331920 863.8
1331930 862.8
1331940 861.0
1331950 861.0
1331960 859.4
1331970 861.4
1331980 861.4
1331990 863.7
1332000 866.6
1332010 866.6
1332020 867.1
1332030 867.5
1332040 867.5
1332050 867.9
1332060 868.0
1332070 868.0
1332080 867.7
1332090 867.0
1332100 867.0
1332110 865.8
1332120 864.8
1332130 864.8
1332140 864.2
1332150 863.8
1332160 863.8
1332170 863.6
1332180 863.8
1332190 863.8
1332200 864.2
1332210 864.8
1332220 865.7
1332230 865.7
1332240 866.6
1332250 867.3
1332260 867.3
1332270 868.0
1332280 868.7
1332290 868.7
1332300 869.4
1332310 870.1
1332320 870.1
1332330 870.9
1332340 871.7
1332350 871.7
1332360 872.5
1332370 873.2
1332380 873.2
1332390 873.2
1332400 872.3
1332410 872.3
1332420 869.6
1332430 865.0
1332440 865.0
1332450 861.9
1332460 857.8
1332470 857.8
1332480 853.1
1332490 848.3
1332500 848.3
1332510 844.1
1332520 841.5
1332530 838.6
1332540 838.6
1332550 834.6
1332560 830.7
1332570 830.7
1332580 826.9
1332590 825.1
1332600 825.1
1332610 821.4
1332620 825.4
1332630 825.4
1332640 832.2
1332650 837.6
1332660 837.6
1332670 845.3
1332680 852.6
1332690 852.6
1332700 859.7
1332710 865.2
1332720 865.2
1332730 867.7
1332740 869.6
1332750 872.5
1332760 873.5
1332770 874.4
1332780 874.4
1332790 874.8
1332800 874.9
1332810 874.9
1332820 875.1
1332830 874.6
1332840 874.6
1332850 871.3
1332860 868.0
1332870 868.1
1332880 868.1
1332890 868.0
1332900 865.7
1332910 865.7
1332920 862.5
1332930 863.3
1332940 863.3
1332950 867.4
1332960 872.0
1332970 872.0
1332980 875.8
1332990 879.0
1333000 879.0
1333010 882.4
1333020 885.4
1333030 885.4
1333040 887.9
1333050 889.8
1333060 889.8
1333070 892.3
1333080 894.3
1333090 894.3
1333100 895.9
1333110 897.2
1333120 897.2
1333130 898.3
1333140 898.5
1333150 898.5
1333160 897.8
1333170 896.8
1333180 895.6
1333190 895.6
1333200 894.1
1333210 892.0
1333220 892.0
1333230 889.4
1333240 886.5
1333250 886.5
1333260 883.8
1333270 881.7
1333280 881.7
1333290 880.1
1333300 878.8
1333310 878.8
1333320 877.5
1333330 875.0
1333340 875.0
1333350 872.0
1333360 869.3
1333370 869.3
1333380 866.9
1333390 862.7
1333400 862.7
1333410 858.3
1333420 856.1
1333430 856.1
1333440 854.4
1333450 851.2
1333460 851.2
1333470 847.0
1333480 842.7
1333490 838.6
1333500 838.6
1333510 834.0
1333520 830.5
1333530 830.5
1333540 828.2
1333550 823.0
1333560 823.0
1333570 812.3
1333580 811.2
1333590 811.2
1333600 819.5
1333610 817.3
1333620 817.3
1333630 817.4
1333640 814.9
1333650 814.9
1333660 811.0
1333670 808.5
1333680 808.5
1333690 805.5
1333700 800.3
1333710 800.3
1333720 794.9
1333730 789.7
1333740 789.7
1333750 784.1
1333760 776.6
1333770 776.6
1333780 768.6
1333790 759.0
1333800 745.3
1333810 745.3
1333820 728.5
1333830 716.4
1333840 716.4
1333850 705.7
1333860 692.9
1333870 692.9
1333880 687.1
1333890 692.2
1333900 692.2
1333910 691.9
1333920 679.7
1333930 679.7
1333940 671.4
1333950 664.1
1333960 664.1
1333970 658.5
1333980 653.1
1333990 653.1
1334000 649.8
1334010 642.8
1334020 642.8
1334030 621.8
1334040 608.9
1334050 608.9
1334060 595.0
1334070 596.3
1334080 596.3
1334090 615.6
1334100 643.7
1334110 643.7
1334120 654.9
1334130 677.4
1334140 707.2
1334150 707.2
1334160 721.2
1334170 732.4
1334180 732.4
1334190 741.9
1334200 748.9
1334210 748.9
1334220 755.5
1334230 763.6
1334240 763.6
1334250 771.3
1334260 778.7
1334270 778.7
1334280 785.1
1334290 791.4
1334300 791.4
1334310 798.2
1334320 806.1
1334330 806.1
1334340 814.2
1334350 822.5
1334360 822.5
1334370 831.0
1334380 841.3
1334390 841.3
1334400 854.8
1334410 864.8
1334420 864.8
1334430 871.8
1334440 879.4
1334450 887.7
1334460 887.7
1334470 895.7
1334480 903.8
1334490 903.8
1334500 911.4
1334510 919.6
1334520 919.6
1334530 927.0
1334540 934.0
1334550 934.0
1334560 941.2
1334570 948.1
1334580 948.1
1334590 951.8
1334600 955.6
1334610 955.6
1334620 959.6
1334630 964.4
1334640 964.4
1334650 967.9
1334660 971.3
1334670 971.3
1334680 974.1
1334690 975.3
1334700 975.3
1334710 976.6
1334720 979.4
1334730 979.4
1334740 982.1
1334750 984.1
1334760 985.8
1334770 985.8
1334780 985.1
1334790 988.2
1334800 988.2
1334810 991.7
1334820 991.5
1334830 991.5
1334840 992.5
1334850 994.5
1334860 994.5
1334870 995.5
1334880 993.6
1334890 993.6
1334900 995.8
1334910 1001.4
1334920 1001.4
1334930 1004.7
1334940 1006.0
1334950 1006.0
1334960 1007.5
1334970 1009.9
1334980 1009.9
1334990 1012.7
1335000 1016.6
1335010 1016.6
1335020 1022.6
1335030 1029.8
1335040 1029.8
1335050 1037.2
1335060 1044.3
1335070 1050.6
1335080 1050.6
1335090 1055.3
1335100 1060.9
1335110 1060.9
1335120 1065.2
1335130 1067.5
1335140 1067.5
1335150 1070.1
1335160 1071.8
1335170 1071.8
1335180 1073.6
1335190 1074.6
1335200 1074.6
1335210 1074.5
1335220 1074.6
1335230 1074.6
1335240 1077.7
1335250 1080.6
1335260 1080.6
1335270 1082.6
1335280 1083.7
1335290 1083.7
1335300 1088.3
1335310 1089.4
1335320 1089.4
1335330 1090.8
1335340 1091.6
1335350 1091.6
1335360 1092.8
1335370 1093.6
1335380 1093.6
1335390 1093.7
1335400 1094.9
1335410 1096.4
1335420 1096.4
1335430 1098.1
1335440 1101.0
1335450 1101.0
1335460 1105.1
1335470 1107.4
1335480 1107.4
1335490 1107.7
1335500 1108.5
1335510 1108.5
1335520 1109.7
1335530 1110.7
1335540 1110.7
1335550 1117.6
1335560 1120.9
1335570 1120.9
1335580 1127.0
1335590 1132.8
1335600 1132.8
1335610 1140.1
1335620 1144.8
1335630 1144.8
1335640 1147.0
1335650 1149.3
1335660 1149.3
1335670 1150.1
1335680 1153.1
1335690 1153.1
1335700 1159.2
1335710 1161.7
1335720 1164.2
1335730 1164.2
1335740 1168.8
1335750 1173.5
1335760 1173.5
1335770 1177.5
1335780 1180.0
1335790 1180.0
1335800 1181.9
1335810 1182.4
1335820 1182.4
1335830 1182.3
1335840 1181.1
1335850 1181.1
1335860 1179.1
1335870 1177.6
1335880 1177.6
1335890 1178.4
1335900 1180.8
1335910 1180.8
1335920 1183.9
1335930 1187.3
1335940 1187.3
1335950 1190.3
1335960 1193.1
1335970 1193.1
1335980 1195.7
1335990 1198.4
1336000 1198.4
1336010 1201.2
1336020 1204.4
1336030 1207.8
1336040 1207.8
1336050 1211.2
1336060 1215.6
1336070 1215.6
1336080 1218.3
1336090 1219.4
1336100 1219.4
1336110 1220.4
1336120 1222.1
1336130 1222.1
1336140 1224.2
1336150 1226.6
1336160 1229.8
1336170 1232.2
1336180 1234.3
1336190 1234.3
1336200 1237.0
1336210 1240.5
1336220 1240.5
1336230 1244.3
1336240 1248.1
1336250 1248.1
1336260 1250.9
1336270 1252.4
1336280 1252.4
1336290 1254.8
1336300 1258.5
1336310 1258.5
1336320 1261.8
1336330 1263.9
1336340 1266.4
1336350 1266.4
1336360 1270.5
1336370 1274.6
1336380 1274.6
1336390 1278.4
1336400 1279.8
1336410 1279.8
1336420 1278.6
1336430 1275.8
1336440 1275.8
1336450 1274.7
1336460 1275.0
1336470 1275.0
1336480 1277.4
1336490 1279.3
1336500 1279.3
1336510 1279.9
1336520 1280.0
1336530 1280.0
1336540 1280.3
1336550 1280.6
1336560 1280.6
1336570 1280.2
1336580 1279.8
1336590 1279.8
1336600 1280.0
1336610 1280.8
1336620 1280.8
1336630 1282.4
1336640 1284.4
1336650 1284.4
1336660 1286.3
1336670 1287.7
1336680 1288.5
1336690 1288.5
1336700 1288.8
1336710 1288.9
1336720 1288.9
1336730 1289.2
1336740 1290.3
1336750 1290.3
1336760 1290.9
1336770 1291.8
1336780 1291.8
1336790 1293.1
1336800 1294.3
1336810 1294.3
1336820 1294.7
1336830 1294.7
1336840 1294.7
1336850 1293.7
1336860 1287.0
1336870 1287.0
1336880 1279.4
1336890 1277.7
1336900 1277.7
1336910 1272.4
1336920 1263.7
1336930 1263.7
1336940 1259.6
1336950 1256.7
1336960 1256.7
1336970 1258.6
1336980 1268.0
1336990 1286.5
1337000 1286.5
1337010 1294.7
1337020 1303.8
1337030 1303.8
1337040 1306.6
1337050 1304.3
1337060 1304.3
1337070 1302.0
1337080 1298.6
1337090 1298.6
1337100 1296.7
1337110 1298.9
1337120 1298.9
1337130 1308.4
1337140 1317.1
1337150 1317.1
1337160 1322.2
1337170 1326.7
1337180 1326.7
1337190 1331.2
1337200 1334.9
1337210 1334.9
1337220 1338.2
1337230 1342.9
1337240 1342.9
1337250 1347.4
1337260 1350.4
1337270 1350.4
1337280 1353.7
1337290 1358.1
1337300 1363.5
1337310 1363.5
1337320 1368.8
1337330 1372.1
1337340 1372.1
1337350 1374.5
1337360 1377.2
1337370 1377.2
1337380 1379.7
1337390 1381.6
1337400 1381.6
1337410 1383.0
1337420 1384.6
1337430 1384.6
1337440 1385.3
1337450 1385.0
1337460 1385.0
1337470 1385.9
1337480 1385.8
1337490 1385.8
1337500 1383.5
1337510 1369.9
1337520 1369.9
1337530 1362.9
1337540 1362.7
1337550 1362.7
1337560 1365.4
1337570 1371.6
1337580 1371.6
1337590 1383.9
1337600 1397.2
1337610 1397.2
1337620 1396.0
1337630 1392.4
1337640 1388.2
1337650 1388.2
1337660 1384.2
1337670 1382.8
1337680 1382.8
1337690 1382.8
1337700 1382.6
1337710 1382.6
1337720 1381.3
1337730 1378.1
1337740 1378.1
1337750 1373.0
1337760 1368.0
1337770 1368.0
1337780 1363.3
1337790 1359.4
1337800 1359.4
1337810 1356.2
1337820 1352.4
1337830 1352.4
1337840 1348.9
1337850 1342.9
1337860 1342.9
1337870 1329.5
1337880 1312.5
1337890 1319.1
1337900 1306.9
1337910 1298.4
1337920 1298.4
1337930 1286.2
1337940 1271.4
1337950 1261.7
1337960 1261.7
1337970 1256.0
1337980 1255.8
1337990 1255.8
1338000 1255.6
1338010 1255.9
1338020 1255.9
1338030 1266.0
1338040 1281.7
1338050 1281.7
1338060 1287.4
1338070 1274.3
1338080 1274.3
1338090 1261.6
1338100 1269.6
1338110 1269.6
1338120 1291.2
1338130 1293.2
1338140 1293.2
1338150 1294.3
1338160 1299.5
1338170 1299.5
1338180 1301.3
1338190 1302.1
1338200 1302.1
1338210 1304.7
1338220 1306.9
1338230 1306.9
1338240 1305.5
1338250 1299.4
1338260 1291.3
1338270 1291.3
1338280 1275.1
1338290 1256.7
1338300 1256.7
1338310 1260.0
1338320 1271.2
1338330 1271.2
1338340 1270.7
1338350 1259.5
1338360 1259.5
1338370 1258.3
1338380 1259.5
1338390 1259.5
1338400 1263.2
1338410 1265.8
1338420 1265.8
1338430 1268.8
1338440 1275.7
1338450 1275.7
1338460 1283.3
1338470 1286.2
1338480 1286.2
1338490 1285.8
1338500 1283.9
1338510 1283.9
1338520 1288.4
1338530 1294.1
1338540 1294.1
1338550 1295.7
1338560 1294.6
1338570 1291.5
1338580 1291.5
1338590 1288.0
1338600 1284.9
1338610 1284.9
1338620 1281.7
1338630 1278.7
1338640 1278.7
1338650 1276.2
1338660 1274.4
1338670 1274.4
1338680 1272.0
1338690 1267.4
1338700 1267.4
1338710 1263.3
1338720 1260.4
1338730 1260.4
1338740 1258.7
1338750 1263.4
1338760 1259.6
1338770 1264.6
1338780 1268.6
1338790 1268.6
1338800 1271.6
1338810 1272.4
1338820 1272.4
1338830 1271.3
1338840 1270.7
1338850 1270.7
1338860 1270.5
1338870 1270.7
1338880 1270.7
1338890 1271.1
1338900 1272.1
1338910 1274.4
1338920 1274.4
1338930 1276.8
1338940 1279.4
1338950 1279.4
1338960 1282.0
1338970 1283.8
1338980 1283.8
1338990 1285.6
1339000 1286.9
1339010 1286.9
1339020 1288.1
1339030 1289.7
1339040 1289.7
1339050 1292.4
1339060 1295.7
1339070 1295.7
1339080 1298.9
1339090 1301.8
1339100 1301.8
1339110 1305.3
1339120 1307.8
1339130 1307.8
1339140 1310.2
1339150 1312.5
1339160 1312.5
1339170 1314.2
1339180 1315.5
1339190 1315.5
1339200 1316.5
1339210 1317.2
1339220 1317.7
1339230 1317.7
1339240 1318.6
1339250 1319.4
1339260 1319.4
1339270 1320.0
1339280 1319.3
1339290 1319.3
1339300 1318.2
1339310 1317.3
1339320 1317.3
1339330 1316.6
1339340 1316.5
1339350 1316.5
1339360 1316.6
1339370 1315.5
1339380 1315.5
1339390 1313.7
1339400 1313.0
1339410 1313.0
1339420 1313.4
1339430 1314.0
1339440 1314.0
1339450 1313.7
1339460 1312.4
1339470 1312.4
1339480 1311.5
1339490 1311.1
1339500 1311.1
1339510 1310.5
1339520 1309.5
1339530 1308.4
1339540 1308.4
1339550 1307.2
1339560 1306.1
1339570 1306.1
1339580 1305.6
1339590 1304.9
1339600 1304.9
1339610 1303.3
1339620 1301.6
1339630 1301.6
1339640 1303.5
1339650 1304.5
1339660 1304.5
1339670 1306.8
1339680 1309.7
1339690 1309.7
1339700 1312.5
1339710 1316.5
1339720 1316.5
1339730 1320.5
1339740 1324.6
1339750 1324.6
1339760 1328.2
1339770 1331.8
1339780 1331.8
1339790 1335.0
1339800 1338.3
1339810 1338.3
1339820 1341.6
1339830 1344.7
1339840 1347.7
1339850 1347.7
1339860 1349.4
1339870 1350.6
1339880 1350.6
1339890 1351.5
1339900 1352.0
1339910 1352.0
1339920 1351.9
1339930 1351.4
1339940 1351.4
1339950 1350.6
1339960 1349.5
1339970 1349.5
1339980 1348.1
1339990 1346.5
