1320000 863.3
1320010 856.8
1320020 856.8
1320030 852.6
1320040 849.8
1320050 849.8
1320060 845.2
1320070 840.1
1320080 840.1
1320090 835.1
1320100 829.8
1320110 829.8
1320120 823.5
1320130 816.8
1320140 816.8
1320150 810.6
1320160 804.6
1320170 804.6
1320180 799.5
1320190 794.9
1320200 790.7
1320210 790.7
1320220 786.7
1320230 782.4
1320240 782.4
1320250 777.9
1320260 772.8
1320270 772.8
1320280 767.1
1320290 761.9
1320300 761.9
1320310 758.4
1320320 754.2
1320330 754.2
1320340 749.4
1320350 744.3
1320360 744.3
1320370 738.9
1320380 733.3
1320390 733.3
1320400 727.6
1320410 722.3
1320420 722.3
1320430 716.6
1320440 712.0
1320450 712.0
1320460 708.5
1320470 705.2
1320480 705.2
1320490 702.9
1320500 700.4
1320510 695.8
1320520 695.8
1320530 690.5
1320540 683.5
1320550 683.5
1320560 670.7
1320570 656.8
1320580 656.8
1320590 647.3
1320600 638.6
1320610 638.6
1320620 625.1
1320630 613.7
1320640 613.7
1320650 606.1
1320660 598.2
1320670 598.2
1320680 591.1
1320690 584.4
1320700 584.4
1320710 578.0
1320720 571.7
1320730 571.7
1320740 565.3
1320750 557.4
1320760 557.4
1320770 546.4
1320780 538.1
1320790 538.1
1320800 534.1
1320810 528.9
1320820 527.9
1320830 527.9
1320840 528.4
1320850 531.8
1320860 531.8
1320870 534.3
1320880 534.8
1320890 534.8
1320900 534.7
1320910 534.6
1320920 534.6
1320930 534.3
1320940 534.3
1320950 534.3
1320960 538.1
1320970 543.7
1320980 543.7
1320990 544.6
1321000 544.4
1321010 544.4
1321020 544.1
1321030 544.1
1321040 544.1
1321050 544.0
1321060 543.8
1321070 543.8
1321080 543.5
1321090 543.4
1321100 543.4
1321110 543.2
1321120 543.4
1321130 543.4
1321140 544.0
1321150 544.0
1321160 544.3
1321170 544.3
1321180 544.2
1321190 543.9
1321200 543.9
1321210 543.2
1321220 543.1
1321230 543.1
1321240 543.5
1321250 544.3
1321260 544.3
1321270 545.2
1321280 546.2
1321290 546.2
1321300 547.5
1321310 548.7
1321320 548.7
1321330 549.8
1321340 550.6
1321350 550.6
1321360 551.6
1321370 551.8
1321380 551.8
1321390 551.3
1321400 551.2
1321410 551.2
1321420 551.0
1321430 551.0
1321440 551.0
1321450 551.2
1321460 551.6
1321470 551.2
1321480 551.2
1321490 549.7
1321500 548.2
1321510 548.2
1321520 547.2
1321530 546.3
1321540 546.3
1321550 545.7
1321560 546.5
1321570 546.5
1321580 549.1
1321590 552.1
1321600 552.1
1321610 555.2
1321620 558.6
1321630 558.6
1321640 562.1
1321650 565.7
1321660 565.7
1321670 568.8
1321680 569.4
1321690 569.4
1321700 568.5
1321710 567.4
1321720 567.4
1321730 566.2
1321740 564.3
1321750 564.3
1321760 561.6
1321770 558.5
1321780 558.5
1321790 555.7
1321800 553.3
1321810 551.4
1321820 551.4
1321830 550.1
1321840 549.5
1321850 549.5
1321860 549.6
1321870 548.0
1321880 548.0
1321890 548.3
1321900 548.7
1321910 548.7
1321920 549.1
1321930 549.8
1321940 549.8
1321950 551.1
1321960 552.4
1321970 552.4
1321980 555.5
1321990 560.5
1322000 560.5
1322010 563.4
1322020 564.4
1322030 564.4
1322040 564.8
1322050 565.0
1322060 565.0
1322070 565.2
1322080 565.3
1322090 565.3
1322100 565.2
1322110 565.1
1322120 564.9
1322130 564.9
1322140 564.5
1322150 564.2
1322160 564.2
1322170 563.4
1322180 561.9
1322190 561.9
1322200 560.1
1322210 557.8
1322220 557.8
1322230 553.4
1322240 548.8
1322250 548.8
1322260 547.9
1322270 549.5
1322280 549.5
1322290 549.9
1322300 549.4
1322310 549.4
1322320 548.7
1322330 547.9
1322340 547.9
1322350 548.5
1322360 551.7
1322370 551.7
1322380 552.9
1322390 553.8
1322400 553.8
1322410 555.2
1322420 557.8
1322430 560.7
1322440 560.7
1322450 563.1
1322460 566.1
1322470 566.1
1322480 566.9
1322490 567.1
1322500 567.1
1322510 567.2
1322520 567.6
1322530 567.6
1322540 567.8
1322550 567.7
1322560 567.7
1322570 567.9
1322580 568.1
1322590 568.1
1322600 568.5
1322610 568.9
1322620 568.9
1322630 568.9
1322640 568.8
1322650 568.8
1322660 570.5
1322670 570.9
1322680 570.9
1322690 571.0
1322700 571.0
1322710 571.0
1322720 570.7
1322730 570.6
1322740 570.6
1322750 570.5
1322760 570.5
1322770 570.8
1322780 570.8
1322790 571.2
1322800 571.2
1322810 571.2
1322820 571.2
1322830 571.5
1322840 571.5
1322850 572.0
1322860 572.6
1322870 572.6
1322880 573.4
1322890 574.6
1322900 574.6
1322910 576.2
1322920 577.2
1322930 577.2
1322940 577.7
1322950 580.3
1322960 580.3
1322970 582.7
1322980 583.5
1322990 583.5
1323000 583.7
1323010 583.6
1323020 583.6
1323030 583.7
1323040 583.0
1323050 583.0
1323060 582.1
1323070 582.2
1323080 583.2
1323090 583.2
1323100 584.8
1323110 586.8
1323120 586.8
1323130 589.3
1323140 591.6
1323150 591.6
1323160 593.2
1323170 594.3
1323180 594.3
1323190 595.2
1323200 596.8
1323210 596.8
1323220 599.5
1323230 602.1
1323240 602.1
1323250 603.0
1323260 603.2
1323270 603.2
1323280 602.4
1323290 600.9
1323300 600.9
1323310 599.2
1323320 598.0
1323330 598.0
1323340 597.3
1323350 596.5
1323360 596.5
1323370 595.6
1323380 593.9
1323390 591.7
1323400 591.7
1323410 589.8
1323420 587.6
1323430 587.6
1323440 585.4
1323450 577.5
1323460 577.5
1323470 575.8
1323480 572.0
1323490 572.0
1323500 566.4
1323510 563.8
1323520 563.8
1323530 565.0
1323540 566.7
1323550 566.7
1323560 566.4
1323570 564.6
1323580 564.6
1323590 564.8
1323600 565.8
1323610 565.8
1323620 567.3
1323630 567.8
1323640 567.8
1323650 567.0
1323660 565.6
1323670 565.6
1323680 563.4
1323690 561.3
1323700 561.3
1323710 561.1
1323720 561.5
1323730 561.0
1323740 561.0
1323750 559.9
1323760 558.7
1323770 558.7
1323780 557.7
1323790 557.0
1323800 557.0
1323810 556.2
1323820 555.3
1323830 555.3
1323840 554.9
1323850 554.8
1323860 554.8
1323870 554.4
1323880 553.8
1323890 553.8
1323900 552.7
1323910 551.0
1323920 551.0
1323930 550.0
1323940 547.1
1323950 547.1
1323960 544.6
1323970 541.5
1323980 541.5
1323990 537.7
1324000 535.9
1324010 535.9
1324020 534.6
1324030 532.6
1324040 528.7
1324050 528.7
1324060 523.6
1324070 519.8
1324080 519.8
1324090 517.5
1324100 514.3
1324110 514.3
1324120 512.6
1324130 511.3
1324140 511.3
1324150 511.2
1324160 511.2
1324170 511.2
1324180 511.3
1324190 511.3
1324200 511.3
1324210 511.3
1324220 511.3
1324230 511.3
1324240 511.4
1324250 511.4
1324260 511.4
1324270 511.5
1324280 511.5
1324290 511.5
1324300 511.4
1324310 511.2
1324320 511.2
1324330 511.0
1324340 510.9
1324350 510.7
1324360 510.7
1324370 511.0
1324380 511.1
1324390 511.1
1324400 511.2
1324410 511.1
1324420 511.1
1324430 511.1
1324440 511.3
1324450 511.3
1324460 511.4
1324470 511.4
1324480 511.4
1324490 511.5
1324500 511.5
1324510 511.5
1324520 511.5
1324530 511.5
1324540 511.5
1324550 511.4
1324560 511.2
1324570 511.2
1324580 510.9
1324590 510.9
1324600 510.9
1324610 511.0
1324620 511.0
1324630 511.0
1324640 511.0
1324650 511.1
1324660 511.1
1324670 510.8
1324680 510.7
1324690 510.9
1324700 510.9
1324710 511.0
1324720 511.2
1324730 511.2
1324740 511.2
1324750 511.1
1324760 511.1
1324770 511.1
1324780 511.0
1324790 511.0
1324800 510.9
1324810 510.9
1324820 510.9
1324830 510.8
1324840 510.9
1324850 510.9
1324860 510.9
1324870 511.0
1324880 511.0
1324890 511.0
1324900 511.1
1324910 511.1
1324920 511.1
1324930 510.9
1324940 510.9
1324950 511.2
1324960 511.3
1324970 511.3
1324980 511.2
1324990 511.2
1325000 511.2
1325010 511.2
1325020 511.0
1325030 510.9
1325040 510.9
1325050 510.8
1325060 510.8
1325070 510.8
1325080 510.8
1325090 510.8
1325100 510.8
1325110 510.8
1325120 510.9
1325130 510.9
1325140 511.1
1325150 511.5
1325160 511.5
1325170 511.5
1325180 511.5
1325190 511.5
1325200 511.6
1325210 511.5
1325220 511.5
1325230 511.5
1325240 511.6
1325250 511.6
1325260 511.7
1325270 511.8
1325280 511.8
1325290 511.9
1325300 511.9
1325310 512.0
1325320 512.0
1325330 512.0
1325340 512.0
1325350 512.0
1325360 512.1
1325370 512.0
1325380 512.0
1325390 511.9
1325400 511.9
1325410 511.9
1325420 511.8
1325430 511.6
1325440 511.6
1325450 511.5
1325460 511.7
1325470 511.7
1325480 511.7
1325490 511.7
1325500 511.7
1325510 511.7
1325520 511.7
1325530 511.7
1325540 511.8
1325550 511.9
1325560 511.9
1325570 511.9
1325580 512.0
1325590 512.0
1325600 512.1
1325610 512.1
1325620 512.1
1325630 512.2
1325640 512.2
1325650 512.1
1325660 512.1
1325670 512.1
1325680 512.1
1325690 512.1
1325700 512.2
1325710 512.3
1325720 512.3
1325730 512.7
1325740 512.7
1325750 512.7
1325760 510.9
1325770 509.2
1325780 509.2
1325790 509.0
1325800 508.4
1325810 508.4
1325820 508.4
1325830 508.3
1325840 508.3
1325850 508.3
1325860 508.3
1325870 508.3
1325880 508.3
1325890 508.4
1325900 508.4
1325910 508.3
1325920 508.3
1325930 508.3
1325940 508.3
1325950 508.5
1325960 510.3
1325970 510.3
1325980 512.9
1325990 513.5
1326000 513.5
1326010 513.6
1326020 513.6
1326030 513.6
1326040 513.6
1326050 513.4
1326060 513.4
1326070 512.9
1326080 512.2
1326090 512.2
1326100 512.0
1326110 511.9
1326120 511.9
1326130 511.9
1326140 511.9
1326150 511.9
1326160 511.8
1326170 511.7
1326180 511.7
1326190 511.6
1326200 511.5
1326210 511.5
1326220 511.4
1326230 511.3
1326240 511.3
1326250 511.3
1326260 511.2
1326270 511.3
1326280 511.3
1326290 511.2
1326300 511.1
1326310 511.1
1326320 511.0
1326330 510.9
1326340 510.9
1326350 510.9
1326360 511.1
1326370 511.1
1326380 511.3
1326390 511.3
1326400 511.3
1326410 511.2
1326420 511.2
1326430 511.2
1326440 511.1
1326450 511.0
1326460 511.0
1326470 510.9
1326480 511.0
1326490 511.0
1326500 511.0
1326510 510.8
1326520 510.8
1326530 510.8
1326540 510.8
1326550 510.8
1326560 510.8
1326570 510.9
1326580 510.9
1326590 511.0
1326600 511.0
1326610 510.9
1326620 510.9
1326630 510.9
1326640 510.8
1326650 510.8
1326660 510.6
1326670 510.6
1326680 510.6
1326690 510.6
1326700 510.7
1326710 510.7
1326720 510.6
1326730 510.5
1326740 510.5
1326750 510.3
1326760 510.1
1326770 510.1
1326780 510.0
1326790 510.0
1326800 510.0
1326810 510.0
1326820 509.9
1326830 509.9
1326840 509.8
1326850 509.9
1326860 509.9
1326870 510.0
1326880 510.0
1326890 510.0
1326900 509.8
1326910 509.8
1326920 509.7
1326930 509.7
1326940 509.7
1326950 509.6
1326960 509.6
1326970 509.6
1326980 509.6
1326990 509.6
1327000 509.6
1327010 509.7
1327020 509.7
1327030 509.7
1327040 509.7
1327050 509.7
1327060 509.6
1327070 509.7
1327080 509.7
1327090 509.7
1327100 509.7
1327110 509.7
1327120 509.6
1327130 509.6
1327140 509.6
1327150 509.6
1327160 509.6
1327170 509.6
1327180 509.6
1327190 509.9
1327200 509.9
1327210 509.8
1327220 509.7
1327230 509.6
1327240 509.6
1327250 509.3
1327260 509.2
1327270 509.2
1327280 509.3
1327290 509.4
1327300 509.4
1327310 509.5
1327320 509.5
1327330 509.5
1327340 509.5
1327350 509.6
1327360 509.6
1327370 509.6
1327380 509.6
1327390 509.6
1327400 509.6
1327410 509.7
1327420 509.7
1327430 509.7
1327440 509.7
1327450 509.7
1327460 509.7
1327470 509.8
1327480 509.8
1327490 509.7
1327500 509.7
1327510 509.7
1327520 509.6
1327530 509.6
1327540 509.6
1327550 509.6
1327560 509.6
1327570 509.7
1327580 509.7
1327590 509.2
1327600 508.7
1327610 508.7
1327620 510.0
1327630 509.9
1327640 509.9
1327650 509.8
1327660 509.6
1327670 509.6
1327680 509.5
1327690 509.5
1327700 509.5
1327710 509.5
1327720 509.5
1327730 509.5
1327740 509.4
1327750 509.3
1327760 509.3
1327770 509.4
1327780 509.4
1327790 509.4
1327800 509.4
1327810 509.4
1327820 509.4
1327830 509.4
1327840 509.4
1327850 509.4
1327860 509.4
1327870 509.3
1327880 509.4
1327890 509.4
1327900 509.4
1327910 509.5
1327920 509.5
1327930 509.4
1327940 509.4
1327950 509.4
1327960 509.3
1327970 509.3
1327980 509.3
1327990 509.3
1328000 509.3
1328010 509.3
1328020 509.3
1328030 509.3
1328040 509.3
1328050 509.3
1328060 509.3
1328070 509.3
1328080 509.3
1328090 509.4
1328100 509.4
1328110 509.7
1328120 510.2
1328130 510.2
1328140 511.0
1328150 511.4
1328160 511.4
1328170 510.7
1328180 509.2
1328190 508.4
1328200 508.4
1328210 509.0
1328220 509.5
1328230 509.5
1328240 509.6
1328250 509.8
1328260 509.8
1328270 510.1
1328280 510.0
1328290 510.0
1328300 510.2
1328310 510.4
1328320 510.4
1328330 510.6
1328340 510.9
1328350 510.9
1328360 511.1
1328370 511.1
1328380 511.1
1328390 511.2
1328400 511.3
1328410 511.3
1328420 511.4
1328430 511.9
1328440 511.9
1328450 513.0
1328460 512.9
1328470 512.9
1328480 512.6
1328490 512.2
1328500 512.2
1328510 511.8
1328520 511.5
1328530 511.3
1328540 511.3
1328550 511.3
1328560 511.2
1328570 511.2
1328580 511.0
1328590 510.9
1328600 510.9
1328610 511.0
1328620 511.6
1328630 511.6
1328640 512.6
1328650 513.1
1328660 513.1
1328670 513.2
1328680 513.3
1328690 513.3
1328700 513.4
1328710 514.0
1328720 514.0
1328730 514.1
1328740 512.7
1328750 512.7
1328760 512.6
1328770 513.1
1328780 513.1
1328790 513.3
1328800 513.5
1328810 513.5
1328820 513.3
1328830 512.6
1328840 512.6
1328850 512.6
1328860 512.7
1328870 512.9
1328880 512.9
1328890 513.0
1328900 513.1
1328910 513.1
1328920 513.4
1328930 513.6
1328940 513.6
1328950 513.9
1328960 514.0
1328970 514.0
1328980 514.0
1328990 514.6
1329000 514.6
1329010 516.4
1329020 517.2
1329030 517.2
1329040 517.6
1329050 517.5
1329060 517.5
1329070 517.4
1329080 516.3
1329090 516.3
1329100 516.3
1329110 515.9
1329120 515.9
1329130 515.5
1329140 515.1
1329150 514.8
1329160 514.8
1329170 514.6
1329180 514.5
1329190 514.5
1329200 514.9
1329210 514.1
1329220 514.1
1329230 513.6
1329240 513.0
1329250 513.0
1329260 512.8
1329270 513.1
1329280 513.1
1329290 513.5
1329300 513.7
1329310 513.7
1329320 514.0
1329330 514.8
1329340 514.8
1329350 516.4
1329360 517.7
1329370 517.7
1329380 518.1
1329390 517.5
1329400 517.5
1329410 516.0
1329420 514.4
1329430 514.4
1329440 513.5
1329450 513.0
1329460 513.0
1329470 512.6
1329480 512.3
1329490 512.2
1329500 512.2
1329510 512.0
1329520 511.9
1329530 511.9
1329540 511.9
1329550 511.9
1329560 511.9
1329570 511.9
1329580 511.8
1329590 511.8
1329600 511.7
1329610 511.7
1329620 511.7
1329630 511.5
1329640 511.4
1329650 511.4
1329660 511.4
1329670 511.2
1329680 511.2
1329690 511.1
1329700 511.0
1329710 511.0
1329720 510.9
1329730 510.8
1329740 510.8
1329750 510.7
1329760 510.6
1329770 510.6
1329780 510.6
1329790 510.5
1329800 510.5
1329810 510.5
1329820 510.4
1329830 510.4
1329840 510.4
1329850 510.4
1329860 510.3
1329870 510.3
1329880 510.3
1329890 510.3
1329900 510.3
1329910 510.3
1329920 510.2
1329930 510.2
1329940 510.1
1329950 509.9
1329960 509.9
1329970 509.7
1329980 509.6
1329990 509.6
1330000 509.6
1330010 509.4
1330020 509.4
1330030 509.3
1330040 509.3
1330050 509.3
1330060 509.1
1330070 509.0
1330080 509.0
1330090 508.9
1330100 508.8
1330110 508.7
1330120 508.7
1330130 508.7
1330140 508.4
1330150 508.4
1330160 507.6
1330170 507.3
1330180 507.3
1330190 507.5
1330200 507.5
1330210 507.5
1330220 507.4
1330230 507.3
1330240 507.3
1330250 507.6
1330260 507.9
1330270 507.9
1330280 508.7
1330290 510.3
1330300 510.3
1330310 511.7
1330320 511.7
1330330 511.7
1330340 511.7
1330350 511.7
1330360 511.7
1330370 511.7
1330380 511.7
1330390 511.7
1330400 511.5
1330410 511.3
1330420 511.3
1330430 511.3
1330440 511.3
1330450 511.6
1330460 511.6
1330470 511.7
1330480 511.8
1330490 511.8
1330500 512.0
1330510 512.3
1330520 512.3
1330530 512.6
1330540 513.0
1330550 513.0
1330560 513.5
1330570 513.9
1330580 513.9
1330590 514.3
1330600 514.7
1330610 514.7
1330620 515.1
1330630 515.6
1330640 515.6
1330650 515.9
1330660 516.2
1330670 516.2
1330680 516.3
1330690 516.3
1330700 516.3
1330710 516.3
1330720 516.3
1330730 516.3
1330740 516.5
1330750 519.8
1330760 519.2
1330770 519.2
1330780 516.9
1330790 518.8
1330800 518.8
1330810 520.3
1330820 520.4
1330830 520.4
1330840 521.1
1330850 521.2
1330860 521.2
1330870 522.2
1330880 523.1
1330890 523.1
1330900 522.9
1330910 522.3
1330920 522.3
1330930 521.6
1330940 521.5
1330950 521.5
1330960 522.8
1330970 521.3
1330980 521.3
1330990 520.6
1331000 520.4
1331010 520.4
1331020 520.2
1331030 519.9
1331040 519.9
1331050 519.7
1331060 519.5
1331070 519.3
1331080 519.3
1331090 519.0
1331100 518.5
1331110 518.5
1331120 518.1
1331130 518.1
1331140 518.1
1331150 517.9
1331160 517.8
1331170 517.8
1331180 517.7
1331190 517.6
1331200 517.6
1331210 517.6
1331220 517.9
1331230 517.9
1331240 518.5
1331250 519.3
1331260 519.3
1331270 519.9
1331280 520.7
1331290 520.7
1331300 521.8
1331310 523.0
1331320 523.0
1331330 524.5
1331340 526.3
1331350 526.3
1331360 528.2
1331370 529.8
1331380 529.8
1331390 531.3
1331400 532.9
1331410 534.8
1331420 534.8
1331430 536.5
1331440 538.1
1331450 538.1
1331460 539.5
1331470 541.6
1331480 541.6
1331490 543.5
1331500 545.1
1331510 545.1
1331520 545.9
1331530 548.3
1331540 548.3
1331550 552.9
1331560 554.6
1331570 554.6
1331580 564.8
1331590 567.5
1331600 567.5
1331610 575.8
1331620 584.4
1331630 584.4
1331640 588.8
1331650 594.6
1331660 594.6
1331670 599.7
1331680 605.0
1331690 605.0
1331700 619.8
1331710 649.7
1331720 659.7
1331730 659.7
1331740 670.0
1331750 681.5
1331760 681.5
1331770 685.6
1331780 689.7
1331790 689.7
1331800 694.6
1331810 700.2
1331820 700.2
1331830 705.4
1331840 709.6
1331850 709.6
1331860 712.8
1331870 714.8
1331880 714.8
1331890 717.4
1331900 721.4
1331910 721.4
1331920 722.8
1331930 723.7
1331940 723.7
1331950 725.6
1331960 725.8
1331970 725.8
1331980 725.7
1331990 724.4
1332000 724.4
1332010 721.7
1332020 719.4
1332030 718.0
1332040 718.0
1332050 717.3
1332060 717.7
1332070 717.7
1332080 719.1
1332090 720.2
1332100 720.2
1332110 719.4
1332120 717.7
1332130 717.7
1332140 724.9
1332150 731.3
1332160 731.3
1332170 738.1
1332180 746.4
1332190 746.4
1332200 754.8
1332210 760.5
1332220 760.5
1332230 764.1
1332240 767.1
1332250 767.1
1332260 769.5
1332270 773.0
1332280 773.0
1332290 777.4
1332300 781.7
1332310 781.7
1332320 784.7
1332330 787.0
1332340 787.0
1332350 789.7
1332360 792.4
1332370 794.2
1332380 794.2
1332390 796.0
1332400 797.8
1332410 797.8
1332420 801.7
1332430 804.0
1332440 804.0
1332450 808.3
1332460 811.4
1332470 811.4
1332480 813.1
1332490 814.3
1332500 814.3
1332510 815.2
1332520 815.2
1332530 815.2
1332540 815.9
1332550 818.1
1332560 818.1
1332570 821.1
1332580 823.6
1332590 823.6
1332600 825.5
1332610 827.8
1332620 827.8
1332630 830.1
1332640 832.0
1332650 832.0
1332660 833.8
1332670 835.3
1332680 837.6
1332690 837.6
1332700 840.8
1332710 844.0
1332720 844.0
1332730 846.4
1332740 848.6
1332750 848.6
1332760 849.9
1332770 851.7
1332780 851.7
1332790 854.3
1332800 857.7
1332810 857.7
1332820 861.4
1332830 864.6
1332840 864.6
1332850 866.2
1332860 867.7
1332870 867.7
1332880 868.7
1332890 869.0
1332900 869.0
1332910 868.7
1332920 868.7
1332930 868.7
1332940 870.0
1332950 868.3
1332960 868.3
1332970 866.0
1332980 867.0
1332990 869.4
1333000 869.4
1333010 869.1
1333020 867.3
1333030 867.3
1333040 865.4
1333050 864.6
1333060 864.6
1333070 865.2
1333080 866.5
1333090 866.5
1333100 868.1
1333110 868.0
1333120 868.0
1333130 866.6
1333140 867.4
1333150 867.4
1333160 869.8
1333170 871.8
1333180 871.8
1333190 872.6
1333200 874.4
1333210 874.4
1333220 876.3
1333230 878.0
1333240 878.0
1333250 877.9
1333260 875.2
1333270 875.2
1333280 876.5
1333290 878.6
1333300 878.6
1333310 879.2
1333320 877.6
1333330 875.2
1333340 875.2
1333350 874.6
1333360 874.0
1333370 874.0
1333380 872.0
1333390 869.7
1333400 869.7
1333410 865.6
1333420 861.7
1333430 861.7
1333440 860.0
1333450 859.3
1333460 859.3
1333470 859.3
1333480 859.7
1333490 859.7
1333500 860.1
1333510 860.0
1333520 860.0
1333530 858.8
1333540 857.9
1333550 857.9
1333560 857.2
1333570 854.1
1333580 854.1
1333590 851.9
1333600 851.7
1333610 851.7
1333620 849.2
1333630 846.1
1333640 839.4
1333650 839.4
1333660 831.4
1333670 826.1
1333680 826.1
1333690 823.6
1333700 821.6
1333710 821.6
1333720 819.2
1333730 816.6
1333740 816.6
1333750 814.1
1333760 811.2
1333770 811.2
1333780 807.8
1333790 803.7
1333800 803.7
1333810 800.0
1333820 796.3
1333830 796.3
1333840 792.6
1333850 789.0
1333860 789.0
1333870 784.9
1333880 780.8
1333890 780.8
1333900 775.9
1333910 768.7
1333920 768.7
1333930 759.0
1333940 749.3
1333950 736.9
1333960 736.9
1333970 726.1
1333980 716.6
1333990 716.6
1334000 707.5
1334010 699.6
1334020 699.6
1334030 688.1
1334040 679.2
1334050 679.2
1334060 677.2
1334070 669.6
1334080 669.6
1334090 657.7
1334100 647.4
1334110 644.4
1334120 633.4
1334130 623.9
1334140 623.9
1334150 610.4
1334160 596.0
1334170 596.0
1334180 589.8
1334190 593.3
1334200 593.3
1334210 585.1
1334220 576.5
1334230 576.5
1334240 577.9
1334250 593.3
1334260 593.3
1334270 618.9
1334280 646.6
1334290 664.3
1334300 664.3
1334310 675.6
1334320 673.8
1334330 673.8
1334340 663.8
1334350 671.8
1334360 671.8
1334370 698.1
1334380 713.5
1334390 713.5
1334400 724.2
1334410 730.6
1334420 730.6
1334430 740.7
1334440 750.0
1334450 750.0
1334460 755.2
1334470 760.7
1334480 760.7
1334490 768.0
1334500 763.1
1334510 763.1
1334520 761.3
1334530 769.5
1334540 769.5
1334550 776.5
1334560 783.8
1334570 783.8
1334580 788.8
1334590 794.8
1334600 798.2
1334610 798.2
1334620 803.2
1334630 810.3
1334640 810.3
1334650 815.7
1334660 819.7
1334670 819.7
1334680 823.1
1334690 824.1
1334700 824.1
1334710 806.6
1334720 799.7
1334730 799.7
1334740 808.4
1334750 814.0
1334760 814.0
1334770 817.1
1334780 825.8
1334790 825.8
1334800 832.2
1334810 825.4
1334820 825.4
1334830 811.8
1334840 792.2
1334850 792.2
1334860 774.4
1334870 788.8
1334880 788.8
1334890 810.7
1334900 827.4
1334910 843.6
1334920 843.6
1334930 854.4
1334940 859.8
1334950 859.8
1334960 867.6
1334970 867.4
1334980 867.4
1334990 867.3
1335000 868.3
1335010 868.3
1335020 866.1
1335030 864.9
1335040 864.9
1335050 864.3
1335060 863.5
1335070 863.5
1335080 861.6
1335090 858.1
1335100 858.1
1335110 855.3
1335120 850.0
1335130 850.0
1335140 844.1
1335150 846.9
1335160 846.9
1335170 850.5
1335180 855.5
1335190 855.5
1335200 859.5
1335210 864.5
1335220 864.5
1335230 870.6
1335240 878.2
1335250 885.3
1335260 885.3
1335270 890.1
1335280 893.6
1335290 893.6
1335300 896.8
1335310 899.3
1335320 899.3
1335330 901.7
1335340 905.4
1335350 905.4
1335360 907.8
1335370 909.0
1335380 909.0
1335390 910.6
1335400 913.5
1335410 913.5
1335420 915.5
1335430 917.2
1335440 917.2
1335450 919.0
1335460 920.5
1335470 920.5
1335480 923.6
1335490 929.6
1335500 929.6
1335510 936.1
1335520 939.9
1335530 939.9
1335540 943.4
1335550 950.3
1335560 956.7
1335570 956.7
1335580 960.7
1335590 963.8
1335600 963.8
1335610 967.0
1335620 970.2
1335630 970.2
1335640 974.1
1335650 978.3
1335660 978.3
1335670 982.1
1335680 985.4
1335690 985.4
1335700 988.3
1335710 990.0
1335720 990.0
1335730 991.1
1335740 992.3
1335750 992.3
1335760 993.0
1335770 993.6
1335780 993.6
1335790 994.6
1335800 995.6
1335810 995.6
1335820 998.1
1335830 998.4
1335840 998.4
1335850 998.7
1335860 999.4
1335870 1000.0
1335880 1000.0
1335890 998.8
1335900 996.9
1335910 996.9
1335920 995.5
1335930 993.3
1335940 993.3
1335950 989.7
1335960 987.6
1335970 987.6
1335980 987.5
1335990 989.6
1336000 989.6
1336010 992.2
1336020 993.3
1336030 993.3
1336040 990.9
1336050 990.1
1336060 990.1
1336070 989.5
1336080 993.3
1336090 993.3
1336100 998.4
1336110 1004.0
1336120 1004.0
1336130 1010.1
1336140 1016.3
1336150 1016.3
1336160 1022.5
1336170 1029.3
1336180 1029.3
1336190 1034.9
1336200 1038.3
1336210 1040.5
1336220 1040.5
1336230 1041.0
1336240 1039.6
1336250 1039.6
1336260 1037.5
1336270 1037.4
1336280 1037.4
1336290 1041.2
1336300 1046.3
1336310 1046.3
1336320 1050.0
1336330 1052.6
1336340 1052.6
1336350 1055.2
1336360 1056.9
1336370 1056.9
1336380 1058.2
1336390 1059.6
1336400 1059.6
1336410 1060.8
1336420 1061.0
1336430 1061.0
1336440 1060.3
1336450 1055.7
1336460 1055.7
1336470 1047.6
1336480 1036.5
1336490 1036.5
1336500 1028.7
1336510 1022.7
1336520 1017.3
1336530 1017.3
1336540 1016.6
1336550 1021.2
1336560 1021.2
1336570 1021.0
1336580 1020.1
1336590 1020.1
1336600 1017.4
1336610 1015.3
1336620 1015.3
1336630 1013.6
1336640 1009.9
1336650 1009.9
1336660 1004.8
1336670 997.7
1336680 1001.7
1336690 998.6
1336700 995.6
1336710 995.6
1336720 1003.1
1336730 1013.5
1336740 1013.5
1336750 1027.7
1336760 1040.5
1336770 1040.5
1336780 1051.5
1336790 1058.7
1336800 1058.7
1336810 1063.0
1336820 1069.2
1336830 1077.6
1336840 1077.6
1336850 1085.2
1336860 1092.9
1336870 1092.9
1336880 1100.1
1336890 1106.5
1336900 1106.5
1336910 1113.3
1336920 1120.0
1336930 1120.0
1336940 1126.4
1336950 1132.7
1336960 1132.7
1336970 1140.8
1336980 1152.0
1336990 1152.0
1337000 1160.5
1337010 1166.0
1337020 1166.0
1337030 1170.8
1337040 1175.7
1337050 1175.7
1337060 1182.0
1337070 1190.0
1337080 1190.0
1337090 1197.2
1337100 1204.8
1337110 1204.8
1337120 1214.1
1337130 1223.1
1337140 1229.7
1337150 1229.7
1337160 1234.5
1337170 1238.3
1337180 1238.3
1337190 1242.0
1337200 1246.8
1337210 1246.8
1337220 1250.4
1337230 1251.2
1337240 1251.2
1337250 1251.4
1337260 1250.8
1337270 1250.8
1337280 1250.0
1337290 1250.7
1337300 1250.7
1337310 1252.6
1337320 1253.6
1337330 1253.6
1337340 1252.4
1337350 1252.6
1337360 1252.6
1337370 1253.3
1337380 1253.7
1337390 1253.7
1337400 1254.3
1337410 1255.0
1337420 1255.0
1337430 1255.3
1337440 1255.3
1337450 1255.3
1337460 1254.7
1337470 1253.9
1337480 1253.4
1337490 1253.4
1337500 1251.7
1337510 1250.6
1337520 1250.6
1337530 1247.9
1337540 1242.4
1337550 1246.7
1337560 1242.6
1337570 1237.3
1337580 1237.3
1337590 1232.5
1337600 1228.1
1337610 1228.1
1337620 1222.7
1337630 1214.2
1337640 1214.2
1337650 1205.8
1337660 1200.1
1337670 1200.1
1337680 1203.0
1337690 1213.5
1337700 1213.5
1337710 1223.6
1337720 1226.1
1337730 1226.1
1337740 1227.8
1337750 1229.3
1337760 1229.3
1337770 1232.7
1337780 1226.8
1337790 1219.2
1337800 1219.2
1337810 1211.9
1337820 1211.0
1337830 1211.0
1337840 1205.9
1337850 1200.0
1337860 1200.0
1337870 1201.6
1337880 1208.9
1337890 1208.9
1337900 1219.4
1337910 1229.6
1337920 1229.6
1337930 1240.3
1337940 1242.2
1337950 1242.2
1337960 1243.6
1337970 1247.2
1337980 1247.2
1337990 1256.4
1338000 1267.3
1338010 1267.3
1338020 1259.7
1338030 1267.0
1338040 1267.0
1338050 1273.3
1338060 1278.5
1338070 1278.5
1338080 1285.6
1338090 1291.5
1338100 1296.7
1338110 1296.7
1338120 1301.0
1338130 1304.2
1338140 1304.2
1338150 1308.3
1338160 1311.2
1338170 1311.2
1338180 1311.7
1338190 1315.3
1338200 1315.3
1338210 1322.4
1338220 1328.9
1338230 1328.9
1338240 1335.4
1338250 1342.5
1338260 1342.5
1338270 1349.3
1338280 1355.5
1338290 1355.5
1338300 1361.7
1338310 1367.7
1338320 1367.7
1338330 1373.0
1338340 1377.5
1338350 1377.5
1338360 1380.9
1338370 1383.1
1338380 1383.1
1338390 1384.0
1338400 1383.6
1338410 1383.6
1338420 1383.3
1338430 1383.8
1338440 1384.5
1338450 1384.5
1338460 1386.0
1338470 1387.8
1338480 1387.8
1338490 1389.3
1338500 1390.0
1338510 1390.0
1338520 1390.1
1338530 1389.9
1338540 1389.9
1338550 1390.3
1338560 1390.7
1338570 1390.7
1338580 1390.8
1338590 1390.5
1338600 1390.5
1338610 1389.4
1338620 1387.6
1338630 1387.6
1338640 1384.5
1338650 1382.6
1338660 1382.6
1338670 1383.2
1338680 1383.1
1338690 1383.1
1338700 1382.1
1338710 1381.3
1338720 1381.3
1338730 1380.0
1338740 1378.6
1338750 1377.4
1338760 1377.4
1338770 1375.8
1338780 1372.6
1338790 1372.6
1338800 1368.1
1338810 1363.4
1338820 1363.4
1338830 1359.2
1338840 1356.3
1338850 1356.3
1338860 1354.0
1338870 1351.1
1338880 1351.1
1338890 1347.4
1338900 1343.7
1338910 1343.7
1338920 1340.1
1338930 1336.6
1338940 1336.6
1338950 1332.9
1338960 1329.7
1338970 1329.7
1338980 1326.6
1338990 1323.6
1339000 1323.6
1339010 1320.5
1339020 1316.9
1339030 1316.9
1339040 1313.3
1339050 1309.4
1339060 1305.3
1339070 1305.3
1339080 1300.3
1339090 1294.1
1339100 1294.1
1339110 1285.9
1339120 1277.9
1339130 1277.9
1339140 1269.8
1339150 1264.4
1339160 1264.4
1339170 1258.4
1339180 1251.5
1339190 1251.5
1339200 1245.2
1339210 1241.7
1339220 1241.7
1339230 1242.8
1339240 1243.1
1339250 1243.1
1339260 1237.8
1339270 1230.9
1339280 1230.9
1339290 1225.2
1339300 1221.0
1339310 1221.0
1339320 1216.4
1339330 1211.6
1339340 1211.6
1339350 1206.4
1339360 1201.4
1339370 1201.4
1339380 1196.4
1339390 1191.6
1339400 1186.5
1339410 1186.5
1339420 1181.3
1339430 1176.1
1339440 1176.1
1339450 1171.2
1339460 1166.5
1339470 1166.5
1339480 1161.0
1339490 1154.8
1339500 1154.8
1339510 1147.9
1339520 1140.3
1339530 1140.3
1339540 1132.9
1339550 1126.3
1339560 1126.3
1339570 1119.1
1339580 1111.5
1339590 1111.5
1339600 1108.7
1339610 1114.0
1339620 1114.0
1339630 1119.7
1339640 1114.1
1339650 1114.1
1339660 1101.2
1339670 1090.5
1339680 1090.5
1339690 1079.2
1339700 1072.8
1339710 1080.1
1339720 1080.1
1339730 1087.5
1339740 1094.3
1339750 1094.3
1339760 1101.0
1339770 1098.7
1339780 1098.7
1339790 1093.0
1339800 1091.3
1339810 1091.3
1339820 1097.3
1339830 1102.1
1339840 1102.1
1339850 1108.6
1339860 1112.7
1339870 1112.7
1339880 1121.7
1339890 1130.3
1339900 1130.3
1339910 1135.0
1339920 1138.8
1339930 1138.8
1339940 1144.7
1339950 1151.0
1339960 1151.0
1339970 1154.8
1339980 1157.3
1339990 1157.3
