1320000 848.8
1320010 840.9
1320020 833.2
1320030 833.2
1320040 826.3
1320050 819.5
1320060 819.5
1320070 812.5
1320080 806.0
1320090 806.0
1320100 800.2
1320110 793.6
1320120 793.6
1320130 787.3
1320140 780.5
1320150 780.5
1320160 773.4
1320170 767.1
1320180 767.1
1320190 761.5
1320200 756.1
1320210 756.1
1320220 750.1
1320230 744.2
1320240 744.2
1320250 738.4
1320260 733.0
1320270 733.0
1320280 727.4
1320290 722.2
1320300 717.2
1320310 717.2
1320320 712.2
1320330 707.1
1320340 707.1
1320350 701.6
1320360 696.6
1320370 696.6
1320380 692.1
1320390 688.4
1320400 689.2
1320410 685.5
1320420 681.6
1320430 681.6
1320440 677.7
1320450 674.9
1320460 674.9
1320470 672.0
1320480 668.8
1320490 668.8
1320500 665.3
1320510 661.7
1320520 661.7
1320530 657.3
1320540 652.3
1320550 652.3
1320560 647.0
1320570 642.5
1320580 642.5
1320590 638.5
1320600 635.5
1320610 635.5
1320620 632.8
1320630 630.0
1320640 626.8
1320650 626.8
1320660 624.8
1320670 622.5
1320680 622.5
1320690 618.6
1320700 613.8
1320710 613.8
1320720 607.8
1320730 602.0
1320740 602.0
1320750 595.4
1320760 590.2
1320770 590.2
1320780 586.9
1320790 584.1
1320800 584.1
1320810 582.2
1320820 581.1
1320830 581.1
1320840 578.3
1320850 575.9
1320860 575.9
1320870 573.4
1320880 571.3
1320890 571.3
1320900 570.4
1320910 568.5
1320920 568.5
1320930 567.5
1320940 567.0
1320950 565.1
1320960 565.1
1320970 563.4
1320980 559.5
1320990 559.5
1321000 554.4
1321010 549.9
1321020 549.9
1321030 548.2
1321040 545.9
1321050 545.9
1321060 542.7
1321070 540.1
1321080 540.1
1321090 537.9
1321100 537.1
1321110 537.1
1321120 537.1
1321130 538.0
1321140 538.0
1321150 541.0
1321160 542.9
1321170 542.9
1321180 543.1
1321190 545.7
1321200 545.7
1321210 552.2
1321220 558.9
1321230 558.9
1321240 561.2
1321250 563.5
1321260 567.6
1321270 567.6
1321280 573.5
1321290 580.1
1321300 580.1
1321310 587.4
1321320 595.2
1321330 595.2
1321340 602.0
1321350 610.3
1321360 610.3
1321370 623.2
1321380 631.5
1321390 631.5
1321400 636.7
1321410 641.2
1321420 641.2
1321430 646.2
1321440 652.0
1321450 652.0
1321460 658.7
1321470 665.4
1321480 665.4
1321490 672.3
1321500 681.1
1321510 681.1
1321520 691.3
1321530 701.6
1321540 701.6
1321550 711.4
1321560 718.8
1321570 718.8
1321580 725.4
1321590 731.4
1321600 737.1
1321610 737.1
1321620 741.2
1321630 744.8
1321640 744.8
1321650 749.1
1321660 752.0
1321670 752.0
1321680 754.7
1321690 757.1
1321700 757.1
1321710 758.2
1321720 758.1
1321730 758.1
1321740 756.4
1321750 754.2
1321760 754.2
1321770 752.3
1321780 749.4
1321790 749.4
1321800 746.3
1321810 743.6
1321820 743.6
1321830 741.4
1321840 739.4
1321850 739.4
1321860 736.4
1321870 731.0
1321880 731.0
1321890 726.4
1321900 723.4
1321910 721.9
1321920 721.9
1321930 721.9
1321940 723.6
1321950 723.6
1321960 717.0
1321970 717.3
1321980 717.3
1321990 716.7
1322000 716.8
1322010 716.8
1322020 716.8
1322030 715.4
1322040 715.4
1322050 711.5
1322060 706.1
1322070 706.1
1322080 700.1
1322090 695.2
1322100 695.2
1322110 689.6
1322120 685.1
1322130 685.1
1322140 683.3
1322150 680.2
1322160 680.2
1322170 677.2
1322180 675.0
1322190 675.0
1322200 673.1
1322210 671.4
1322220 671.4
1322230 669.4
1322240 667.3
1322250 665.2
1322260 665.2
1322270 663.8
1322280 663.0
1322290 663.0
1322300 662.7
1322310 662.9
1322320 662.9
1322330 663.3
1322340 662.6
1322350 662.6
1322360 662.2
1322370 661.0
1322380 661.0
1322390 659.5
1322400 657.6
1322410 657.6
1322420 656.2
1322430 654.2
1322440 654.2
1322450 651.9
1322460 647.1
1322470 647.1
1322480 647.7
1322490 651.1
1322500 651.1
1322510 651.5
1322520 649.3
1322530 649.3
1322540 647.4
1322550 640.8
1322560 634.4
1322570 634.4
1322580 629.5
1322590 627.7
1322600 627.7
1322610 630.3
1322620 634.6
1322630 634.6
1322640 637.2
1322650 638.2
1322660 638.2
1322670 637.1
1322680 635.2
1322690 635.2
1322700 631.6
1322710 625.7
1322720 625.7
1322730 621.7
1322740 619.1
1322750 613.1
1322760 609.3
1322770 605.3
1322780 605.3
1322790 598.8
1322800 593.5
1322810 593.5
1322820 590.8
1322830 590.5
1322840 590.5
1322850 588.7
1322860 586.0
1322870 586.0
1322880 583.4
1322890 580.9
1322900 578.8
1322910 578.8
1322920 578.0
1322930 576.0
1322940 576.0
1322950 573.2
1322960 570.5
1322970 570.5
1322980 567.9
1322990 567.2
1323000 567.2
1323010 567.4
1323020 567.6
1323030 567.6
1323040 567.2
1323050 566.4
1323060 566.4
1323070 565.8
1323080 565.8
1323090 565.8
1323100 566.1
1323110 566.6
1323120 566.6
1323130 567.1
1323140 567.4
1323150 567.4
1323160 567.6
1323170 567.9
1323180 567.9
1323190 568.1
1323200 568.3
1323210 568.6
1323220 568.6
1323230 568.9
1323240 569.0
1323250 569.0
1323260 568.9
1323270 568.8
1323280 568.8
1323290 568.7
1323300 568.6
1323310 568.6
1323320 568.5
1323330 568.4
1323340 568.4
1323350 568.1
1323360 567.7
1323370 567.7
1323380 567.6
1323390 567.5
1323400 567.5
1323410 567.2
1323420 566.9
1323430 566.9
1323440 566.4
1323450 565.5
1323460 565.5
1323470 565.0
1323480 564.5
1323490 564.5
1323500 564.1
1323510 565.6
1323520 566.3
1323530 566.3
1323540 565.6
1323550 564.4
1323560 564.4
1323570 564.1
1323580 564.0
1323590 564.0
1323600 564.0
1323610 564.0
1323620 564.0
1323630 564.0
1323640 564.0
1323650 564.0
1323660 564.0
1323670 564.0
1323680 564.0
1323690 564.0
1323700 564.0
1323710 564.0
1323720 564.0
1323730 564.0
1323740 564.0
1323750 564.0
1323760 564.0
1323770 564.0
1323780 564.0
1323790 564.0
1323800 564.0
1323810 564.0
1323820 564.0
1323830 564.0
1323840 564.0
1323850 564.0
1323860 564.0
1323870 564.0
1323880 564.0
1323890 564.0
1323900 564.0
1323910 564.0
1323920 564.0
1323930 564.0
1323940 564.0
1323950 564.0
1323960 564.0
1323970 564.0
1323980 564.0
1323990 564.0
1324000 564.0
1324010 564.0
1324020 564.0
1324030 564.1
1324040 564.1
1324050 564.1
1324060 564.2
1324070 564.6
1324080 564.6
1324090 565.3
1324100 566.2
1324110 566.2
1324120 566.6
1324130 566.5
1324140 566.5
1324150 565.2
1324160 564.2
1324170 564.1
1324180 564.1
1324190 564.2
1324200 565.8
1324210 565.8
1324220 569.9
1324230 573.7
1324240 573.7
1324250 573.5
1324260 570.0
1324270 570.0
1324280 567.1
1324290 567.0
1324300 567.0
1324310 568.5
1324320 569.4
1324330 569.4
1324340 567.8
1324350 564.7
1324360 564.7
1324370 564.3
1324380 564.3
1324390 564.3
1324400 564.3
1324410 564.3
1324420 564.3
1324430 564.8
1324440 568.3
1324450 568.3
1324460 571.0
1324470 572.4
1324480 572.4
1324490 572.2
1324500 571.6
1324510 570.7
1324520 570.7
1324530 569.4
1324540 568.7
1324550 568.7
1324560 567.9
1324570 567.1
1324580 567.1
1324590 567.2
1324600 567.7
1324610 567.7
1324620 569.7
1324630 572.5
1324640 572.5
1324650 574.9
1324660 575.7
1324670 575.7
1324680 574.4
1324690 572.6
1324700 572.6
1324710 571.6
1324720 570.1
1324730 570.1
1324740 568.6
1324750 568.6
1324760 568.6
1324770 569.5
1324780 570.1
1324790 570.1
1324800 570.0
1324810 569.7
1324820 569.6
1324830 569.6
1324840 569.9
1324850 570.7
1324860 570.7
1324870 571.4
1324880 572.0
1324890 572.0
1324900 572.7
1324910 573.3
1324920 573.3
1324930 573.7
1324940 574.5
1324950 574.5
1324960 575.7
1324970 576.4
1324980 576.4
1324990 577.4
1325000 579.0
1325010 579.0
1325020 580.4
1325030 581.0
1325040 581.0
1325050 582.2
1325060 584.2
1325070 584.2
1325080 585.8
1325090 586.6
1325100 586.6
1325110 587.8
1325120 589.6
1325130 591.6
1325140 598.7
1325150 600.7
1325160 602.4
1325170 602.4
1325180 603.6
1325190 606.1
1325200 606.1
1325210 608.4
1325220 609.3
1325230 609.3
1325240 609.8
1325250 611.1
1325260 611.1
1325270 613.4
1325280 614.7
1325290 614.7
1325300 615.6
1325310 615.0
1325320 615.0
1325330 611.2
1325340 607.3
1325350 607.3
1325360 607.4
1325370 609.6
1325380 609.6
1325390 613.4
1325400 618.5
1325410 618.5
1325420 622.8
1325430 626.9
1325440 626.9
1325450 631.7
1325460 634.7
1325470 637.0
1325480 637.0
1325490 638.9
1325500 640.2
1325510 640.2
1325520 641.2
1325530 642.5
1325540 642.5
1325550 643.7
1325560 646.9
1325570 646.9
1325580 648.4
1325590 649.2
1325600 649.2
1325610 649.7
1325620 649.2
1325630 649.2
1325640 647.9
1325650 646.0
1325660 646.0
1325670 643.7
1325680 641.0
1325690 641.0
1325700 638.3
1325710 636.0
1325720 636.0
1325730 633.6
1325740 631.1
1325750 631.1
1325760 628.4
1325770 625.8
1325780 622.9
1325790 622.9
1325800 619.9
1325810 616.8
1325820 616.8
1325830 613.5
1325840 610.1
1325850 610.1
1325860 606.8
1325870 603.8
1325880 603.8
1325890 601.1
1325900 599.0
1325910 599.0
1325920 597.1
1325930 595.0
1325940 591.6
1325950 589.5
1325960 587.6
1325970 587.6
1325980 586.0
1325990 584.4
1326000 584.4
1326010 582.7
1326020 580.3
1326030 580.3
1326040 577.2
1326050 573.8
1326060 573.8
1326070 570.2
1326080 566.7
1326090 566.7
1326100 563.9
1326110 562.2
1326120 560.8
1326130 560.8
1326140 559.7
1326150 559.3
1326160 559.3
1326170 559.4
1326180 560.0
1326190 560.0
1326200 561.3
1326210 561.7
1326220 561.7
1326230 561.2
1326240 560.7
1326250 560.7
1326260 560.5
1326270 559.5
1326280 559.5
1326290 556.9
1326300 551.7
1326310 551.7
1326320 544.8
1326330 537.9
1326340 537.9
1326350 537.2
1326360 545.5
1326370 545.5
1326380 548.4
1326390 546.9
1326400 546.9
1326410 545.5
1326420 543.6
1326430 541.3
1326440 541.3
1326450 538.1
1326460 535.2
1326470 535.2
1326480 533.2
1326490 532.0
1326500 532.0
1326510 530.2
1326520 528.1
1326530 528.1
1326540 526.3
1326550 525.2
1326560 525.2
1326570 523.8
1326580 520.9
1326590 520.9
1326600 516.5
1326610 511.4
1326620 511.4
1326630 508.6
1326640 508.0
1326650 508.0
1326660 507.9
1326670 507.9
1326680 507.9
1326690 507.8
1326700 507.8
1326710 507.8
1326720 507.8
1326730 507.8
1326740 507.8
1326750 507.8
1326760 507.8
1326770 507.7
1326780 507.7
1326790 507.7
1326800 507.7
1326810 507.7
1326820 507.6
1326830 507.6
1326840 507.6
1326850 507.6
1326860 507.6
1326870 507.6
1326880 507.8
1326890 508.0
1326900 508.0
1326910 508.1
1326920 508.2
1326930 508.2
1326940 508.2
1326950 508.2
1326960 508.2
1326970 508.2
1326980 508.2
1326990 508.2
1327000 508.2
1327010 508.2
1327020 508.2
1327030 508.2
1327040 508.2
1327050 508.2
1327060 508.3
1327070 508.8
1327080 509.5
1327090 509.5
1327100 510.5
1327110 511.4
1327120 511.4
1327130 511.5
1327140 511.3
1327150 511.3
1327160 511.0
1327170 511.0
1327180 511.0
1327190 511.3
1327200 511.4
1327210 511.4
1327220 511.5
1327230 511.5
1327240 511.5
1327250 511.4
1327260 511.3
1327270 511.3
1327280 511.3
1327290 511.2
1327300 511.2
1327310 511.3
1327320 511.4
1327330 511.4
1327340 511.8
1327350 512.1
1327360 512.1
1327370 512.3
1327380 512.4
1327390 512.5
1327400 512.5
1327410 512.5
1327420 512.5
1327430 512.5
1327440 512.6
1327450 512.6
1327460 512.6
1327470 512.6
1327480 512.6
1327490 512.6
1327500 512.6
1327510 512.6
1327520 512.6
1327530 512.6
1327540 512.6
1327550 512.6
1327560 511.3
1327570 511.0
1327580 511.0
1327590 510.7
1327600 510.5
1327610 510.5
1327620 510.3
1327630 510.2
1327640 510.2
1327650 510.2
1327660 510.1
1327670 510.1
1327680 510.1
1327690 510.0
1327700 510.0
1327710 510.0
1327720 509.9
1327730 509.8
1327740 509.8
1327750 509.8
1327760 509.8
1327770 509.8
1327780 509.9
1327790 509.8
1327800 509.8
1327810 509.8
1327820 509.7
1327830 509.7
1327840 509.7
1327850 509.7
1327860 509.7
1327870 509.7
1327880 509.7
1327890 509.7
1327900 509.7
1327910 509.7
1327920 509.7
1327930 509.7
1327940 509.7
1327950 509.7
1327960 509.7
1327970 509.6
1327980 509.6
1327990 509.7
1328000 509.7
1328010 509.7
1328020 509.7
1328030 509.5
1328040 509.5
1328050 509.5
1328060 509.5
1328070 509.5
1328080 509.5
1328090 509.4
1328100 509.4
1328110 509.4
1328120 509.4
1328130 510.5
1328140 510.5
1328150 511.2
1328160 511.1
1328170 511.1
1328180 511.1
1328190 511.1
1328200 511.1
1328210 511.0
1328220 511.0
1328230 511.0
1328240 511.1
1328250 510.5
1328260 510.5
1328270 510.1
1328280 510.0
1328290 510.0
1328300 509.7
1328310 509.4
1328320 509.4
1328330 509.1
1328340 509.0
1328350 509.0
1328360 509.0
1328370 508.9
1328380 508.9
1328390 508.9
1328400 508.9
1328410 508.8
1328420 508.8
1328430 508.8
1328440 508.8
1328450 508.8
1328460 508.8
1328470 508.8
1328480 508.8
1328490 508.7
1328500 508.7
1328510 508.7
1328520 508.6
1328530 508.7
1328540 508.7
1328550 508.7
1328560 508.7
1328570 508.7
1328580 508.7
1328590 508.7
1328600 508.7
1328610 508.8
1328620 508.8
1328630 508.8
1328640 508.8
1328650 508.9
1328660 508.9
1328670 508.9
1328680 508.9
1328690 508.9
1328700 508.9
1328710 508.9
1328720 508.9
1328730 508.9
1328740 508.9
1328750 508.9
1328760 508.9
1328770 508.9
1328780 508.9
1328790 508.9
1328800 508.9
1328810 508.8
1328820 508.8
1328830 508.8
1328840 508.8
1328850 508.8
1328860 509.0
1328870 509.9
1328880 509.9
1328890 509.5
1328900 509.2
1328910 509.2
1328920 508.9
1328930 508.9
1328940 508.9
1328950 508.8
1328960 508.6
1328970 508.6
1328980 508.6
1328990 508.7
1329000 508.6
1329010 508.6
1329020 508.6
1329030 508.6
1329040 508.6
1329050 508.4
1329060 508.0
1329070 508.0
1329080 507.5
1329090 507.7
1329100 507.7
1329110 508.1
1329120 508.4
1329130 508.4
1329140 508.4
1329150 508.4
1329160 508.4
1329170 508.5
1329180 508.6
1329190 508.6
1329200 509.0
1329210 509.0
1329220 509.0
1329230 509.0
1329240 509.0
1329250 509.0
1329260 508.9
1329270 508.9
1329280 508.9
1329290 508.9
1329300 508.9
1329310 508.9
1329320 508.8
1329330 508.8
1329340 508.8
1329350 508.8
1329360 508.7
1329370 508.6
1329380 508.6
1329390 508.6
1329400 508.7
1329410 508.7
1329420 508.7
1329430 508.6
1329440 508.6
1329450 508.6
1329460 508.5
1329470 508.5
1329480 508.5
1329490 508.5
1329500 508.5
1329510 508.5
1329520 508.5
1329530 508.5
1329540 508.5
1329550 508.7
1329560 508.7
1329570 509.2
1329580 510.0
1329590 510.0
1329600 510.1
1329610 509.2
1329620 509.2
1329630 508.3
1329640 508.1
1329650 508.1
1329660 508.1
1329670 508.0
1329680 508.1
1329690 508.1
1329700 508.0
1329710 508.0
1329720 508.0
1329730 508.1
1329740 508.2
1329750 508.2
1329760 508.2
1329770 508.1
1329780 508.1
1329790 508.1
1329800 508.0
1329810 508.0
1329820 508.0
1329830 508.0
1329840 508.0
1329850 508.7
1329860 508.6
1329870 508.6
1329880 508.1
1329890 508.0
1329900 508.0
1329910 508.0
1329920 508.0
1329930 508.0
1329940 507.9
1329950 507.9
1329960 507.9
1329970 507.9
1329980 507.9
1329990 507.8
1330000 507.8
1330010 507.8
1330020 507.8
1330030 507.8
1330040 507.8
1330050 507.8
1330060 507.8
1330070 507.8
1330080 507.8
1330090 507.8
1330100 507.7
1330110 507.6
1330120 507.6
1330130 507.6
1330140 507.6
1330150 507.6
1330160 507.6
1330170 507.6
1330180 507.6
1330190 507.7
1330200 507.7
1330210 507.7
1330220 507.6
1330230 507.7
1330240 507.7
1330250 507.7
1330260 507.7
1330270 507.7
1330280 507.7
1330290 507.7
1330300 507.6
1330310 507.6
1330320 507.6
1330330 507.6
1330340 507.6
1330350 507.5
1330360 507.5
1330370 507.5
1330380 507.5
1330390 507.6
1330400 507.6
1330410 508.1
1330420 508.0
1330430 508.0
1330440 507.6
1330450 507.6
1330460 507.6
1330470 507.6
1330480 507.6
1330490 507.6
1330500 507.6
1330510 507.5
1330520 507.5
1330530 507.4
1330540 507.4
1330550 507.4
1330560 507.5
1330570 507.4
1330580 507.4
1330590 507.4
1330600 507.4
1330610 507.4
1330620 507.4
1330630 507.3
1330640 507.3
1330650 507.3
1330660 507.3
1330670 507.3
1330680 507.3
1330690 507.3
1330700 507.3
1330710 507.3
1330720 507.3
1330730 507.3
1330740 507.3
1330750 507.3
1330760 507.3
1330770 507.3
1330780 507.3
1330790 507.3
1330800 507.3
1330810 507.3
1330820 507.3
1330830 507.3
1330840 507.4
1330850 507.6
1330860 507.6
1330870 507.6
1330880 507.6
1330890 507.6
1330900 507.7
1330910 507.7
1330920 507.7
1330930 507.7
1330940 507.4
1330950 506.4
1330960 506.4
1330970 506.9
1330980 507.4
1330990 507.4
1331000 507.4
1331010 507.3
1331020 507.3
1331030 507.3
1331040 507.3
1331050 507.3
1331060 507.4
1331070 507.3
1331080 507.3
1331090 507.3
1331100 507.3
1331110 507.3
1331120 507.3
1331130 507.3
1331140 507.3
1331150 507.3
1331160 507.3
1331170 507.3
1331180 507.3
1331190 507.3
1331200 507.3
1331210 507.2
1331220 507.2
1331230 507.2
1331240 507.1
1331250 507.0
1331260 507.0
1331270 507.0
1331280 506.9
1331290 506.9
1331300 506.9
1331310 507.0
1331320 507.0
1331330 507.0
1331340 507.0
1331350 506.9
1331360 506.9
1331370 506.9
1331380 507.0
1331390 507.0
1331400 507.3
1331410 507.4
1331420 507.4
1331430 507.2
1331440 507.3
1331450 507.3
1331460 507.3
1331470 507.3
1331480 507.3
1331490 507.3
1331500 507.2
1331510 507.2
1331520 507.2
1331530 507.0
1331540 507.0
1331550 506.9
1331560 506.9
1331570 506.9
1331580 507.0
1331590 507.2
1331600 507.5
1331610 507.5
1331620 507.7
1331630 507.8
1331640 507.8
1331650 507.9
1331660 508.2
1331670 508.2
1331680 509.1
1331690 509.4
1331700 509.4
1331710 509.8
1331720 510.1
1331730 510.1
1331740 510.1
1331750 510.4
1331760 510.4
1331770 510.5
1331780 510.5
1331790 510.5
1331800 510.4
1331810 510.3
1331820 510.3
1331830 510.5
1331840 510.5
1331850 510.5
1331860 510.4
1331870 510.4
1331880 510.4
1331890 510.4
1331900 510.3
1331910 510.2
1331920 510.2
1331930 510.0
1331940 509.7
1331950 509.7
1331960 509.5
1331970 509.3
1331980 509.3
1331990 509.1
1332000 508.9
1332010 508.9
1332020 508.6
1332030 508.4
1332040 508.4
1332050 508.1
1332060 507.9
1332070 507.9
1332080 507.8
1332090 507.7
1332100 507.7
1332110 507.5
1332120 507.5
1332130 507.5
1332140 507.5
1332150 507.4
1332160 507.4
1332170 507.5
1332180 507.6
1332190 507.6
1332200 507.6
1332210 507.7
1332220 507.7
1332230 507.7
1332240 507.8
1332250 508.0
1332260 508.0
1332270 508.4
1332280 508.8
1332290 508.8
1332300 509.3
1332310 510.0
1332320 510.0
1332330 510.7
1332340 511.7
1332350 511.7
1332360 512.6
1332370 513.3
1332380 513.3
1332390 513.8
1332400 514.3
1332410 514.3
1332420 515.0
1332430 515.7
1332440 515.7
1332450 516.1
1332460 516.2
1332470 516.2
1332480 518.1
1332490 523.4
1332500 523.4
1332510 526.1
1332520 533.7
1332530 533.7
1332540 539.1
1332550 544.1
1332560 546.2
1332570 546.2
1332580 546.9
1332590 550.4
1332600 550.4
1332610 551.3
1332620 548.9
1332630 548.9
1332640 548.2
1332650 545.8
1332660 545.8
1332670 547.6
1332680 555.3
1332690 555.3
1332700 561.5
1332710 566.6
1332720 566.6
1332730 570.8
1332740 569.7
1332750 569.7
1332760 570.4
1332770 574.7
1332780 574.7
1332790 578.8
1332800 587.9
1332810 587.9
1332820 601.4
1332830 612.7
1332840 612.7
1332850 618.0
1332860 620.0
1332870 619.3
1332880 619.3
1332890 622.3
1332900 626.4
1332910 626.4
1332920 631.5
1332930 635.8
1332940 635.8
1332950 637.0
1332960 643.6
1332970 643.6
1332980 650.4
1332990 654.2
1333000 654.2
1333010 652.8
1333020 653.4
1333030 653.4
1333040 656.8
1333050 659.7
1333060 659.7
1333070 660.1
1333080 657.2
1333090 657.2
1333100 650.7
1333110 648.2
1333120 648.2
1333130 671.9
1333140 698.9
1333150 698.9
1333160 707.7
1333170 713.6
1333180 713.6
1333190 716.5
1333200 718.9
1333210 721.4
1333220 721.4
1333230 725.3
1333240 730.5
1333250 730.5
1333260 735.4
1333270 739.9
1333280 739.9
1333290 743.0
1333300 746.2
1333310 746.2
1333320 746.5
1333330 751.8
1333340 751.8
1333350 756.2
1333360 758.1
1333370 761.5
1333380 762.9
1333390 764.9
1333400 764.9
1333410 767.5
1333420 770.0
1333430 770.0
1333440 769.3
1333450 772.3
1333460 772.3
1333470 773.9
1333480 775.6
1333490 775.6
1333500 776.1
1333510 777.8
1333520 778.8
1333530 778.8
1333540 778.7
1333550 779.1
1333560 779.1
1333570 778.4
1333580 777.2
1333590 777.2
1333600 777.6
1333610 780.1
1333620 780.1
1333630 781.7
1333640 781.2
1333650 781.2
1333660 776.9
1333670 770.8
1333680 770.8
1333690 764.4
1333700 758.6
1333710 758.6
1333720 755.1
1333730 752.6
1333740 752.6
1333750 749.9
1333760 746.5
1333770 746.5
1333780 743.3
1333790 740.3
1333800 740.3
1333810 734.5
1333820 727.9
1333830 724.1
1333840 724.1
1333850 722.5
1333860 718.6
1333870 718.6
1333880 714.8
1333890 709.0
1333900 709.0
1333910 701.0
1333920 700.9
1333930 700.9
1333940 708.8
1333950 708.3
1333960 708.3
1333970 706.1
1333980 705.4
1333990 705.4
1334000 708.1
1334010 715.1
1334020 715.1
1334030 718.6
1334040 718.3
1334050 718.3
1334060 718.3
1334070 718.8
1334080 718.8
1334090 719.7
1334100 720.1
1334110 720.1
1334120 720.4
1334130 721.2
1334140 721.2
1334150 721.6
1334160 720.5
1334170 720.6
1334180 720.6
1334190 721.5
1334200 723.2
1334210 739.9
1334220 747.3
1334230 749.0
1334240 749.0
1334250 747.6
1334260 742.5
1334270 742.5
1334280 740.4
1334290 739.0
1334300 739.0
1334310 734.8
1334320 737.9
1334330 737.9
1334340 742.6
1334350 740.2
1334360 740.2
1334370 735.5
1334380 731.7
1334390 731.7
1334400 729.6
1334410 725.9
1334420 725.9
1334430 721.5
1334440 716.3
1334450 716.3
1334460 712.2
1334470 708.6
1334480 705.3
1334490 705.3
1334500 703.0
1334510 705.2
1334520 705.2
1334530 705.7
1334540 702.4
1334550 702.4
1334560 698.1
1334570 696.1
1334580 696.1
1334590 694.7
1334600 692.0
1334610 692.0
1334620 686.4
1334630 675.7
1334640 675.7
1334650 663.6
1334660 650.5
1334670 650.5
1334680 651.1
1334690 641.3
1334700 641.3
1334710 626.8
1334720 619.7
1334730 619.7
1334740 611.3
1334750 600.5
1334760 600.5
1334770 590.8
1334780 586.2
1334790 586.2
1334800 580.9
1334810 577.5
1334820 563.5
1334830 563.5
1334840 550.8
1334850 549.3
1334860 549.3
1334870 550.2
1334880 552.6
1334890 552.6
1334900 559.9
1334910 582.0
1334920 582.0
1334930 602.4
1334940 622.2
1334950 622.2
1334960 632.7
1334970 647.2
1334980 647.2
1334990 664.6
1335000 676.3
1335010 676.3
1335020 684.0
1335030 689.3
1335040 689.3
1335050 688.8
1335060 683.9
1335070 688.2
1335080 683.2
1335090 676.0
1335100 676.0
1335110 669.5
1335120 668.5
1335130 670.2
1335140 670.2
1335150 671.6
1335160 672.0
1335170 672.0
1335180 673.2
1335190 675.5
1335200 675.5
1335210 677.6
1335220 679.6
1335230 679.6
1335240 680.4
1335250 680.6
1335260 680.6
1335270 681.7
1335280 683.2
1335290 683.2
1335300 686.6
1335310 692.6
1335320 692.6
1335330 697.8
1335340 707.1
1335350 707.1
1335360 714.3
1335370 718.5
1335380 718.5
1335390 720.0
1335400 723.4
1335410 723.4
1335420 733.1
1335430 742.9
1335440 748.2
1335450 748.2
1335460 750.8
1335470 755.5
1335480 755.5
1335490 762.1
1335500 771.3
1335510 771.3
1335520 780.3
1335530 788.5
1335540 788.5
1335550 795.5
1335560 801.6
1335570 801.6
1335580 806.6
1335590 810.6
1335600 810.6
1335610 817.9
1335620 825.2
1335630 825.2
1335640 829.8
1335650 833.7
1335660 833.7
1335670 836.6
1335680 833.9
1335690 833.9
1335700 835.9
1335710 840.6
1335720 840.6
1335730 844.8
1335740 851.8
1335750 851.8
1335760 860.1
1335770 870.6
1335780 886.6
1335790 886.6
1335800 902.1
1335810 912.8
1335820 912.8
1335830 920.9
1335840 928.4
1335850 928.4
1335860 937.7
1335870 947.4
1335880 947.4
1335890 958.2
1335900 965.1
1335910 965.1
1335920 969.6
1335930 972.8
1335940 972.8
1335950 975.6
1335960 978.7
1335970 978.7
1335980 982.0
1335990 985.6
1336000 985.6
1336010 990.1
1336020 994.9
1336030 994.9
1336040 998.7
1336050 1002.1
1336060 1002.1
1336070 1004.8
1336080 1006.9
1336090 1007.5
1336100 1007.5
1336110 1006.8
1336120 1007.6
1336130 1007.6
1336140 1009.5
1336150 1012.4
1336160 1012.4
1336170 1014.3
1336180 1015.5
1336190 1015.5
1336200 1016.2
1336210 1018.4
1336220 1018.4
1336230 1019.9
1336240 1021.5
1336250 1021.5
1336260 1022.8
1336270 1021.9
1336280 1021.9
1336290 1020.7
1336300 1020.3
1336310 1020.3
1336320 1020.3
1336330 1020.6
1336340 1020.6
1336350 1020.8
1336360 1021.4
1336370 1021.4
1336380 1022.0
1336390 1022.6
1336400 1022.6
1336410 1022.4
1336420 1021.1
1336430 1019.9
1336440 1019.9
1336450 1019.6
1336460 1019.0
1336470 1019.0
1336480 1017.9
1336490 1016.4
1336500 1016.4
1336510 1015.1
1336520 1013.8
1336530 1013.8
1336540 1012.6
1336550 1012.0
1336560 1012.0
1336570 1011.4
1336580 1008.1
1336590 1008.1
1336600 1002.5
1336610 996.6
1336620 996.6
1336630 990.6
1336640 983.5
1336650 983.5
1336660 974.0
1336670 960.4
1336680 960.4
1336690 944.0
1336700 920.6
1336710 920.6
1336720 907.0
1336730 897.8
1336740 915.0
1336750 915.0
1336760 946.6
1336770 955.5
1336780 955.5
1336790 970.8
1336800 983.2
1336810 983.2
1336820 996.6
1336830 1009.0
1336840 1009.0
1336850 1018.0
1336860 1025.8
1336870 1025.8
1336880 1033.5
1336890 1046.8
1336900 1046.8
1336910 1061.6
1336920 1075.7
1336930 1075.7
1336940 1091.0
1336950 1096.1
1336960 1096.1
1336970 1096.5
1336980 1097.1
1336990 1097.1
1337000 1097.5
1337010 1096.4
1337020 1096.4
1337030 1094.6
1337040 1092.5
1337050 1089.6
1337060 1089.6
1337070 1086.1
1337080 1085.5
1337090 1085.5
1337100 1086.5
1337110 1086.6
1337120 1086.6
1337130 1086.3
1337140 1085.5
1337150 1085.5
1337160 1084.2
1337170 1081.8
1337180 1081.8
1337190 1079.4
1337200 1077.0
1337210 1077.0
1337220 1075.1
1337230 1073.7
1337240 1073.7
1337250 1072.1
1337260 1069.9
1337270 1069.9
1337280 1066.4
1337290 1059.9
1337300 1059.9
1337310 1053.8
1337320 1048.6
1337330 1048.6
1337340 1042.8
1337350 1035.1
1337360 1035.1
1337370 1025.2
1337380 1013.5
1337390 1001.0
1337400 1001.0
1337410 992.7
1337420 983.9
1337430 983.9
1337440 971.8
1337450 963.3
1337460 963.3
1337470 952.9
1337480 949.3
1337490 949.3
1337500 944.5
1337510 932.6
1337520 932.6
1337530 916.8
1337540 901.4
1337550 901.4
1337560 886.4
1337570 873.2
1337580 873.2
1337590 865.1
1337600 864.7
1337610 864.7
1337620 877.4
1337630 890.1
1337640 890.1
1337650 898.0
1337660 892.0
1337670 892.0
1337680 898.5
1337690 906.5
1337700 913.5
1337710 913.5
1337720 926.5
1337730 923.2
1337740 923.2
1337750 902.9
1337760 887.8
1337770 887.8
1337780 882.0
1337790 886.1
1337800 886.1
1337810 907.3
1337820 931.7
1337830 931.7
1337840 952.1
1337850 962.5
1337860 962.5
1337870 976.0
1337880 979.8
1337890 979.8
1337900 981.7
1337910 988.4
1337920 988.4
1337930 997.9
1337940 1007.0
1337950 1007.0
1337960 1017.2
1337970 1035.3
1337980 1035.3
1337990 1056.8
1338000 1074.1
1338010 1074.1
1338020 1099.6
1338030 1124.8
1338040 1133.3
1338050 1133.3
1338060 1137.1
1338070 1141.5
1338080 1141.5
1338090 1145.1
1338100 1148.5
1338110 1148.5
1338120 1151.5
1338130 1153.9
1338140 1153.9
1338150 1157.2
1338160 1159.3
1338170 1159.3
1338180 1159.9
1338190 1160.3
1338200 1160.3
1338210 1160.0
1338220 1159.6
1338230 1159.6
1338240 1160.4
1338250 1160.8
1338260 1160.8
1338270 1159.1
1338280 1155.8
1338290 1155.8
1338300 1152.0
1338310 1149.5
1338320 1149.5
1338330 1147.8
1338340 1145.8
1338350 1143.7
1338360 1143.7
1338370 1142.3
1338380 1141.1
1338390 1141.1
1338400 1139.0
1338410 1137.6
1338420 1137.6
1338430 1136.3
1338440 1134.8
1338450 1134.8
1338460 1133.3
1338470 1130.7
1338480 1130.7
1338490 1122.8
1338500 1117.1
1338510 1117.1
1338520 1123.5
1338530 1125.6
1338540 1125.6
1338550 1120.1
1338560 1117.6
1338570 1117.6
1338580 1119.1
1338590 1119.9
1338600 1119.9
1338610 1118.3
1338620 1115.5
1338630 1115.5
1338640 1111.3
1338650 1108.8
1338660 1109.3
1338670 1109.3
1338680 1111.0
1338690 1115.0
1338700 1115.0
1338710 1122.0
1338720 1126.4
1338730 1126.4
1338740 1125.4
1338750 1126.8
1338760 1126.8
1338770 1129.0
1338780 1123.9
1338790 1123.9
1338800 1116.5
1338810 1106.3
1338820 1106.3
1338830 1097.2
1338840 1088.6
1338850 1088.6
1338860 1080.3
1338870 1070.4
1338880 1070.4
1338890 1058.8
1338900 1044.5
1338910 1044.5
1338920 1035.0
1338930 1033.7
1338940 1033.7
1338950 1042.0
1338960 1061.7
1338970 1061.7
1338980 1074.3
1338990 1083.8
1339000 1092.1
1339010 1092.1
1339020 1102.7
1339030 1113.1
1339040 1113.1
1339050 1125.3
1339060 1134.9
1339070 1134.9
1339080 1135.7
1339090 1129.9
1339100 1129.9
1339110 1118.4
1339120 1127.3
1339130 1127.3
1339140 1140.0
1339150 1148.9
1339160 1148.9
1339170 1159.6
1339180 1173.4
1339190 1173.4
1339200 1184.2
1339210 1188.4
1339220 1188.4
1339230 1191.2
1339240 1194.4
1339250 1194.4
1339260 1196.0
1339270 1196.0
1339280 1196.0
1339290 1194.3
1339300 1192.3
1339310 1191.9
1339320 1191.9
1339330 1191.1
1339340 1190.2
1339350 1190.2
1339360 1189.7
1339370 1189.4
1339380 1189.4
1339390 1186.6
1339400 1183.0
1339410 1183.0
1339420 1178.1
1339430 1171.2
1339440 1171.2
1339450 1162.1
1339460 1153.3
1339470 1153.3
1339480 1145.1
1339490 1137.0
1339500 1137.0
1339510 1129.5
1339520 1122.5
1339530 1122.5
1339540 1115.9
1339550 1109.4
1339560 1109.4
1339570 1102.8
1339580 1096.1
1339590 1096.1
1339600 1090.0
1339610 1083.4
1339620 1083.4
1339630 1076.5
1339640 1069.4
1339650 1062.3
1339660 1062.3
1339670 1054.5
1339680 1048.3
1339690 1048.3
1339700 1042.8
1339710 1036.6
1339720 1036.6
1339730 1030.2
1339740 1026.3
1339750 1026.3
1339760 1024.4
1339770 1020.8
1339780 1020.8
1339790 1014.8
1339800 1008.1
1339810 1008.1
1339820 999.7
1339830 980.7
1339840 980.7
1339850 962.5
1339860 948.5
1339870 948.5
1339880 926.6
1339890 909.4
1339900 909.4
1339910 900.4
1339920 882.9
1339930 882.9
1339940 864.2
1339950 853.4
1339960 847.7
1339970 847.7
1339980 855.3
1339990 862.8
