1320000 843.8
1320010 837.2
1320020 831.0
1320030 825.0
1320040 825.0
1320050 817.5
1320060 810.3
1320070 810.3
1320080 803.2
1320090 796.5
1320100 796.5
1320110 789.9
1320120 782.5
1320130 782.5
1320140 777.3
1320150 771.6
1320160 771.6
1320170 765.3
1320180 759.2
1320190 759.2
1320200 752.9
1320210 746.7
1320220 746.7
1320230 740.5
1320240 734.2
1320250 734.2
1320260 728.3
1320270 722.6
1320280 722.6
1320290 716.6
1320300 711.6
1320310 711.6
1320320 707.1
1320330 701.0
1320340 701.0
1320350 694.4
1320360 688.6
1320370 683.3
1320380 683.3
1320390 678.8
1320400 674.8
1320410 674.8
1320420 671.7
1320430 669.0
1320440 669.0
1320450 666.2
1320460 662.7
1320470 662.7
1320480 659.4
1320490 655.8
1320500 655.8
1320510 652.0
1320520 648.4
1320530 647.9
1320540 643.8
1320550 640.6
1320560 640.6
1320570 638.1
1320580 636.1
1320590 636.1
1320600 634.4
1320610 632.3
1320620 632.3
1320630 629.7
1320640 627.2
1320650 627.2
1320660 625.3
1320670 622.8
1320680 619.7
1320690 619.7
1320700 616.2
1320710 613.0
1320720 613.0
1320730 610.3
1320740 607.9
1320750 607.9
1320760 605.9
1320770 603.4
1320780 603.4
1320790 600.4
1320800 598.4
1320810 598.4
1320820 596.2
1320830 593.4
1320840 593.4
1320850 591.0
1320860 588.7
1320870 588.7
1320880 586.3
1320890 584.0
1320900 584.0
1320910 581.5
1320920 576.7
1320930 576.7
1320940 567.2
1320950 557.6
1320960 557.6
1320970 551.9
1320980 546.7
1320990 546.7
1321000 540.6
1321010 539.4
1321020 539.3
1321030 539.3
1321040 540.5
1321050 543.0
1321060 543.0
1321070 543.2
1321080 543.1
1321090 543.1
1321100 543.2
1321110 544.8
1321120 544.8
1321130 548.3
1321140 551.8
1321150 551.8
1321160 556.8
1321170 563.5
1321180 563.5
1321190 574.5
1321200 581.8
1321210 581.8
1321220 588.8
1321230 595.5
1321240 595.5
1321250 602.7
1321260 610.6
1321270 610.6
1321280 616.3
1321290 625.5
1321300 625.5
1321310 636.9
1321320 644.4
1321330 655.6
1321340 655.6
1321350 667.3
1321360 677.4
1321370 677.4
1321380 687.4
1321390 696.3
1321400 696.3
1321410 699.7
1321420 702.3
1321430 702.3
1321440 706.1
1321450 710.6
1321460 710.6
1321470 716.3
1321480 720.9
1321490 720.9
1321500 725.5
1321510 731.8
1321520 731.8
1321530 738.6
1321540 746.8
1321550 746.8
1321560 757.3
1321570 768.3
1321580 768.3
1321590 774.2
1321600 780.1
1321610 780.1
1321620 787.0
1321630 794.6
1321640 794.6
1321650 800.1
1321660 802.7
1321670 804.2
1321680 804.2
1321690 804.6
1321700 805.9
1321710 805.9
1321720 807.2
1321730 809.2
1321740 809.2
1321750 809.8
1321760 807.7
1321770 807.7
1321780 805.1
1321790 804.2
1321800 804.2
1321810 804.7
1321820 805.0
1321830 805.0
1321840 806.9
1321850 809.2
1321860 809.2
1321870 809.8
1321880 814.1
1321890 814.1
1321900 819.9
1321910 825.7
1321920 825.7
1321930 830.6
1321940 831.1
1321950 831.1
1321960 828.4
1321970 826.8
1321980 825.4
1321990 825.4
1322000 824.1
1322010 822.9
1322020 822.9
1322030 820.1
1322040 815.0
1322050 815.0
1322060 809.2
1322070 803.3
1322080 803.3
1322090 797.8
1322100 787.5
1322110 787.5
1322120 783.4
1322130 780.0
1322140 780.0
1322150 777.5
1322160 775.3
1322170 775.3
1322180 773.0
1322190 770.5
1322200 770.5
1322210 767.6
1322220 764.6
1322230 764.6
1322240 761.6
1322250 757.4
1322260 757.4
1322270 752.4
1322280 747.5
1322290 747.5
1322300 743.3
1322310 739.6
1322320 735.7
1322330 735.7
1322340 731.6
1322350 727.9
1322360 727.9
1322370 724.3
1322380 720.4
1322390 720.4
1322400 716.4
1322410 712.5
1322420 712.5
1322430 709.2
1322440 706.3
1322450 706.3
1322460 703.0
1322470 700.3
1322480 700.3
1322490 699.1
1322500 699.0
1322510 699.0
1322520 697.8
1322530 696.3
1322540 696.3
1322550 694.7
1322560 693.1
1322570 693.1
1322580 693.4
1322590 694.0
1322600 694.0
1322610 693.6
1322620 690.9
1322630 688.2
1322640 688.2
1322650 684.1
1322660 679.6
1322670 679.6
1322680 675.0
1322690 671.8
1322700 671.8
1322710 672.3
1322720 675.6
1322730 675.6
1322740 683.1
1322750 687.7
1322760 687.7
1322770 692.4
1322780 695.1
1322790 695.1
1322800 695.3
1322810 693.9
1322820 693.9
1322830 692.6
1322840 691.6
1322850 691.6
1322860 686.6
1322870 680.8
1322880 680.8
1322890 668.4
1322900 664.8
1322910 664.8
1322920 663.1
1322930 661.8
1322940 656.9
1322950 656.9
1322960 650.6
1322970 645.2
1322980 645.2
1322990 640.0
1323000 634.9
1323010 634.9
1323020 630.1
1323030 625.6
1323040 625.6
1323050 621.6
1323060 617.4
1323070 617.4
1323080 613.2
1323090 609.2
1323100 609.2
1323110 605.2
1323120 601.0
1323130 601.0
1323140 597.0
1323150 592.8
1323160 592.8
1323170 589.1
1323180 587.3
1323190 587.3
1323200 587.9
1323210 588.7
1323220 588.7
1323230 589.7
1323240 590.7
1323250 590.7
1323260 591.6
1323270 592.4
1323280 593.1
1323290 593.1
1323300 593.4
1323310 593.4
1323320 593.4
1323330 593.8
1323340 593.7
1323350 593.7
1323360 593.9
1323370 593.7
1323380 593.7
1323390 593.6
1323400 592.3
1323410 592.3
1323420 590.8
1323430 589.5
1323440 589.5
1323450 588.6
1323460 587.4
1323470 587.4
1323480 586.4
1323490 585.6
1323500 585.6
1323510 584.9
1323520 584.0
1323530 584.0
1323540 582.8
1323550 579.9
1323560 579.9
1323570 576.5
1323580 574.0
1323590 568.8
1323600 568.8
1323610 564.9
1323620 564.1
1323630 564.1
1323640 564.1
1323650 564.0
1323660 564.0
1323670 564.0
1323680 564.0
1323690 564.0
1323700 564.0
1323710 564.0
1323720 564.0
1323730 564.0
1323740 564.0
1323750 564.0
1323760 564.0
1323770 564.0
1323780 564.0
1323790 564.0
1323800 564.0
1323810 564.0
1323820 564.0
1323830 564.0
1323840 564.0
1323850 564.0
1323860 564.0
1323870 564.0
1323880 564.0
1323890 564.0
1323900 564.0
1323910 564.0
1323920 564.0
1323930 564.0
1323940 564.0
1323950 564.0
1323960 564.0
1323970 564.0
1323980 564.0
1323990 564.0
1324000 564.0
1324010 564.0
1324020 564.0
1324030 564.0
1324040 564.0
1324050 564.0
1324060 564.0
1324070 564.1
1324080 564.1
1324090 564.1
1324100 564.1
1324110 564.1
1324120 564.1
1324130 564.1
1324140 564.1
1324150 564.1
1324160 564.1
1324170 564.1
1324180 564.1
1324190 564.1
1324200 564.1
1324210 564.1
1324220 564.1
1324230 564.1
1324240 564.1
1324250 564.1
1324260 564.1
1324270 564.1
1324280 564.1
1324290 564.1
1324300 564.1
1324310 564.1
1324320 564.1
1324330 564.1
1324340 564.1
1324350 564.1
1324360 564.1
1324370 564.1
1324380 564.1
1324390 564.1
1324400 564.1
1324410 564.1
1324420 564.1
1324430 564.1
1324440 564.1
1324450 564.1
1324460 564.1
1324470 564.1
1324480 564.1
1324490 564.1
1324500 564.1
1324510 564.1
1324520 564.1
1324530 564.1
1324540 564.1
1324550 564.1
1324560 564.1
1324570 564.1
1324580 564.1
1324590 564.1
1324600 564.1
1324610 564.1
1324620 564.1
1324630 564.1
1324640 564.1
1324650 564.1
1324660 564.1
1324670 564.1
1324680 564.1
1324690 564.1
1324700 564.1
1324710 564.1
1324720 564.1
1324730 564.1
1324740 564.1
1324750 564.1
1324760 564.1
1324770 564.1
1324780 564.1
1324790 564.1
1324800 564.1
1324810 564.1
1324820 564.1
1324830 564.1
1324840 564.1
1324850 564.1
1324860 564.1
1324870 564.1
1324880 564.1
1324890 564.1
1324900 564.1
1324910 564.1
1324920 564.1
1324930 564.1
1324940 564.3
1324950 564.5
1324960 564.5
1324970 566.3
1324980 568.9
1324990 568.9
1325000 572.4
1325010 576.2
1325020 576.2
1325030 579.4
1325040 581.7
1325050 581.7
1325060 582.9
1325070 583.6
1325080 583.6
1325090 583.4
1325100 582.2
1325110 582.2
1325120 581.7
1325130 581.2
1325140 581.2
1325150 580.4
1325160 579.0
1325170 579.0
1325180 577.2
1325190 576.2
1325200 575.7
1325210 575.7
1325220 575.3
1325230 574.8
1325240 574.8
1325250 574.1
1325260 573.2
1325270 573.2
1325280 572.2
1325290 572.5
1325300 572.5
1325310 572.8
1325320 573.2
1325330 573.2
1325340 573.5
1325350 573.5
1325360 573.5
1325370 573.7
1325380 573.9
1325390 573.9
1325400 574.2
1325410 574.5
1325420 574.5
1325430 574.9
1325440 575.4
1325450 575.4
1325460 575.9
1325470 576.7
1325480 576.7
1325490 577.4
1325500 579.4
1325510 579.4
1325520 581.5
1325530 582.6
1325540 583.8
1325550 583.8
1325560 586.0
1325570 587.8
1325580 587.8
1325590 589.2
1325600 591.6
1325610 591.6
1325620 594.4
1325630 597.0
1325640 597.0
1325650 599.3
1325660 601.6
1325670 601.6
1325680 604.1
1325690 605.9
1325700 605.9
1325710 607.1
1325720 608.2
1325730 608.2
1325740 609.4
1325750 610.0
1325760 610.0
1325770 611.1
1325780 612.4
1325790 612.4
1325800 615.3
1325810 618.8
1325820 618.8
1325830 620.4
1325840 622.3
1325850 623.3
1325860 623.3
1325870 624.0
1325880 626.6
1325890 626.6
1325900 628.4
1325910 628.4
1325920 628.4
1325930 629.8
1325940 633.4
1325950 633.4
1325960 636.1
1325970 637.1
1325980 637.1
1325990 637.5
1326000 637.5
1326010 637.5
1326020 637.1
1326030 635.7
1326040 635.7
1326050 633.6
1326060 631.3
1326070 631.3
1326080 622.8
1326090 619.7
1326100 619.7
1326110 616.9
1326120 614.9
1326130 614.9
1326140 613.4
1326150 610.7
1326160 610.7
1326170 609.9
1326180 611.2
1326190 611.1
1326200 611.1
1326210 608.2
1326220 604.0
1326230 604.0
1326240 601.3
1326250 598.6
1326260 598.6
1326270 594.2
1326280 593.0
1326290 593.0
1326300 593.5
1326310 591.7
1326320 591.7
1326330 588.7
1326340 585.3
1326350 585.3
1326360 583.3
1326370 581.8
1326380 581.8
1326390 580.2
1326400 579.9
1326410 579.9
1326420 579.2
1326430 578.4
1326440 578.4
1326450 578.4
1326460 578.0
1326470 578.0
1326480 577.2
1326490 576.6
1326500 576.6
1326510 576.6
1326520 577.2
1326530 577.3
1326540 577.3
1326550 577.0
1326560 576.7
1326570 576.7
1326580 576.7
1326590 577.4
1326600 577.4
1326610 578.0
1326620 578.7
1326630 578.7
1326640 579.3
1326650 579.6
1326660 579.6
1326670 578.9
1326680 577.9
1326690 577.9
1326700 577.1
1326710 576.5
1326720 576.5
1326730 576.1
1326740 574.6
1326750 574.6
1326760 572.1
1326770 569.8
1326780 569.8
1326790 568.2
1326800 567.0
1326810 567.0
1326820 565.8
1326830 564.6
1326840 563.4
1326850 563.4
1326860 561.5
1326870 560.0
1326880 560.0
1326890 559.2
1326900 556.8
1326910 556.8
1326920 553.7
1326930 550.3
1326940 550.3
1326950 546.9
1326960 543.6
1326970 543.6
1326980 540.3
1326990 537.4
1327000 537.4
1327010 534.8
1327020 532.0
1327030 532.0
1327040 529.4
1327050 527.3
1327060 527.3
1327070 524.8
1327080 521.5
1327090 521.5
1327100 517.7
1327110 513.0
1327120 513.0
1327130 510.3
1327140 509.1
1327150 508.3
1327160 508.3
1327170 509.6
1327180 514.3
1327190 514.3
1327200 516.4
1327210 520.4
1327220 520.4
1327230 522.9
1327240 523.6
1327250 523.6
1327260 522.7
1327270 521.1
1327280 521.1
1327290 518.7
1327300 517.5
1327310 517.5
1327320 515.6
1327330 513.3
1327340 513.3
1327350 512.7
1327360 512.1
1327370 512.1
1327380 511.2
1327390 512.1
1327400 512.1
1327410 510.9
1327420 508.1
1327430 508.1
1327440 506.5
1327450 506.7
1327460 506.7
1327470 507.6
1327480 507.0
1327490 506.7
1327500 506.7
1327510 506.9
1327520 507.2
1327530 507.2
1327540 507.2
1327550 507.2
1327560 507.2
1327570 507.2
1327580 507.2
1327590 507.2
1327600 507.2
1327610 507.2
1327620 507.2
1327630 507.1
1327640 507.1
1327650 507.1
1327660 507.1
1327670 507.1
1327680 507.1
1327690 507.0
1327700 507.0
1327710 507.0
1327720 507.0
1327730 507.0
1327740 507.0
1327750 506.9
1327760 506.8
1327770 506.8
1327780 506.8
1327790 506.8
1327800 506.8
1327810 506.8
1327820 506.8
1327830 506.8
1327840 506.8
1327850 506.8
1327860 506.9
1327870 506.9
1327880 506.9
1327890 507.0
1327900 507.0
1327910 507.6
1327920 508.2
1327930 508.2
1327940 507.3
1327950 507.4
1327960 507.4
1327970 507.5
1327980 507.8
1327990 507.8
1328000 507.7
1328010 508.0
1328020 508.0
1328030 508.5
1328040 509.3
1328050 509.3
1328060 510.4
1328070 510.0
1328080 510.0
1328090 509.8
1328100 510.1
1328110 510.3
1328120 510.3
1328130 510.4
1328140 510.4
1328150 510.4
1328160 510.4
1328170 510.4
1328180 510.4
1328190 510.5
1328200 510.4
1328210 510.4
1328220 510.4
1328230 510.7
1328240 510.7
1328250 511.3
1328260 511.4
1328270 511.4
1328280 511.2
1328290 510.8
1328300 510.8
1328310 511.1
1328320 510.6
1328330 510.6
1328340 509.9
1328350 512.4
1328360 512.4
1328370 514.0
1328380 514.4
1328390 514.4
1328400 514.6
1328410 514.8
1328420 514.8
1328430 514.9
1328440 514.9
1328450 515.0
1328460 515.0
1328470 514.9
1328480 514.9
1328490 514.9
1328500 514.9
1328510 514.9
1328520 512.6
1328530 511.5
1328540 510.6
1328550 510.6
1328560 510.1
1328570 509.8
1328580 509.8
1328590 509.6
1328600 509.5
1328610 509.5
1328620 509.3
1328630 509.2
1328640 509.2
1328650 509.1
1328660 509.2
1328670 509.2
1328680 509.2
1328690 509.1
1328700 509.1
1328710 509.1
1328720 509.1
1328730 509.1
1328740 509.1
1328750 509.1
1328760 509.2
1328770 509.2
1328780 509.3
1328790 509.5
1328800 509.5
1328810 509.6
1328820 509.4
1328830 509.4
1328840 508.9
1328850 508.8
1328860 508.8
1328870 508.8
1328880 508.8
1328890 508.8
1328900 508.8
1328910 508.8
1328920 508.8
1328930 508.8
1328940 508.8
1328950 508.8
1328960 508.8
1328970 508.8
1328980 508.8
1328990 508.9
1329000 508.9
1329010 508.9
1329020 508.9
1329030 508.9
1329040 508.9
1329050 508.8
1329060 508.9
1329070 508.9
1329080 509.0
1329090 509.0
1329100 508.9
1329110 508.9
1329120 508.9
1329130 508.8
1329140 508.8
1329150 508.7
1329160 508.6
1329170 508.6
1329180 508.6
1329190 508.6
1329200 508.6
1329210 508.5
1329220 508.5
1329230 508.5
1329240 508.5
1329250 508.4
1329260 508.4
1329270 508.3
1329280 508.3
1329290 508.3
1329300 508.3
1329310 508.3
1329320 508.3
1329330 508.3
1329340 508.2
1329350 508.2
1329360 508.1
1329370 508.1
1329380 508.1
1329390 508.1
1329400 508.1
1329410 508.1
1329420 508.1
1329430 508.2
1329440 508.2
1329450 508.2
1329460 508.2
1329470 508.2
1329480 508.2
1329490 508.1
1329500 508.0
1329510 508.0
1329520 508.0
1329530 508.0
1329540 508.0
1329550 508.0
1329560 507.7
1329570 507.7
1329580 507.3
1329590 507.1
1329600 507.1
1329610 507.4
1329620 507.9
1329630 507.9
1329640 508.2
1329650 508.2
1329660 508.2
1329670 508.1
1329680 508.0
1329690 508.0
1329700 507.9
1329710 507.8
1329720 507.8
1329730 507.9
1329740 508.0
1329750 508.1
1329760 508.1
1329770 508.1
1329780 508.2
1329790 508.2
1329800 508.1
1329810 508.1
1329820 508.1
1329830 508.1
1329840 508.2
1329850 508.2
1329860 508.1
1329870 508.1
1329880 508.1
1329890 508.5
1329900 509.3
1329910 509.3
1329920 509.7
1329930 509.0
1329940 509.0
1329950 507.8
1329960 507.4
1329970 507.4
1329980 507.4
1329990 507.7
1330000 507.7
1330010 507.8
1330020 507.7
1330030 507.7
1330040 507.7
1330050 507.7
1330060 507.7
1330070 507.7
1330080 507.7
1330090 507.6
1330100 507.6
1330110 507.6
1330120 507.5
1330130 507.5
1330140 507.5
1330150 507.5
1330160 507.5
1330170 507.4
1330180 507.3
1330190 507.3
1330200 507.3
1330210 507.3
1330220 507.3
1330230 507.4
1330240 507.5
1330250 507.5
1330260 507.5
1330270 507.5
1330280 507.5
1330290 507.6
1330300 507.5
1330310 507.5
1330320 507.5
1330330 507.5
1330340 507.5
1330350 507.6
1330360 507.6
1330370 507.5
1330380 507.5
1330390 507.4
1330400 507.3
1330410 507.3
1330420 507.3
1330430 507.4
1330440 507.4
1330450 507.3
1330460 507.5
1330470 507.5
1330480 507.7
1330490 507.7
1330500 507.7
1330510 507.4
1330520 507.3
1330530 507.3
1330540 507.7
1330550 508.0
1330560 508.0
1330570 508.2
1330580 508.1
1330590 508.1
1330600 508.0
1330610 508.4
1330620 508.4
1330630 508.6
1330640 508.6
1330650 508.6
1330660 508.6
1330670 508.5
1330680 508.5
1330690 508.3
1330700 508.1
1330710 507.7
1330720 507.7
1330730 507.6
1330740 507.6
1330750 507.6
1330760 507.6
1330770 507.6
1330780 507.6
1330790 507.5
1330800 507.5
1330810 507.5
1330820 507.4
1330830 507.3
1330840 507.3
1330850 507.3
1330860 507.2
1330870 507.2
1330880 507.1
1330890 507.1
1330900 507.1
1330910 507.1
1330920 507.1
1330930 507.1
1330940 506.6
1330950 506.3
1330960 506.3
1330970 508.3
1330980 510.0
1330990 510.0
1331000 507.4
1331010 507.4
1331020 507.4
1331030 507.4
1331040 507.4
1331050 507.4
1331060 507.4
1331070 507.5
1331080 507.7
1331090 507.7
1331100 507.6
1331110 507.5
1331120 507.5
1331130 507.4
1331140 507.4
1331150 507.4
1331160 507.4
1331170 507.4
1331180 507.4
1331190 507.4
1331200 507.4
1331210 507.4
1331220 507.3
1331230 507.4
1331240 507.4
1331250 507.3
1331260 507.2
1331270 507.2
1331280 507.1
1331290 507.1
1331300 507.1
1331310 507.2
1331320 507.3
1331330 507.3
1331340 507.1
1331350 507.1
1331360 507.0
1331370 507.0
1331380 507.0
1331390 507.0
1331400 507.0
1331410 507.0
1331420 507.0
1331430 507.0
1331440 507.0
1331450 506.9
1331460 506.9
1331470 506.7
1331480 506.7
1331490 506.7
1331500 506.7
1331510 506.7
1331520 506.7
1331530 506.7
1331540 506.7
1331550 506.7
1331560 506.7
1331570 506.7
1331580 506.7
1331590 506.7
1331600 506.6
1331610 506.6
1331620 506.7
1331630 506.8
1331640 506.8
1331650 507.1
1331660 507.3
1331670 507.5
1331680 507.5
1331690 507.5
1331700 507.5
1331710 507.5
1331720 507.5
1331730 507.4
1331740 507.4
1331750 507.4
1331760 507.5
1331770 507.5
1331780 507.5
1331790 507.5
1331800 507.5
1331810 507.5
1331820 507.7
1331830 507.8
1331840 507.8
1331850 507.8
1331860 507.8
1331870 507.8
1331880 507.7
1331890 507.7
1331900 507.7
1331910 507.8
1331920 507.8
1331930 507.7
1331940 507.7
1331950 507.7
1331960 507.6
1331970 507.6
1331980 507.5
1331990 507.5
1332000 507.6
1332010 507.6
1332020 507.6
1332030 507.6
1332040 507.6
1332050 507.6
1332060 507.6
1332070 507.7
1332080 507.7
1332090 508.0
1332100 508.5
1332110 508.5
1332120 509.0
1332130 509.3
1332140 509.3
1332150 509.1
1332160 508.8
1332170 508.8
1332180 508.3
1332190 507.8
1332200 507.8
1332210 507.6
1332220 507.6
1332230 507.6
1332240 507.6
1332250 507.6
1332260 507.6
1332270 507.5
1332280 507.5
1332290 507.5
1332300 507.5
1332310 507.5
1332320 507.5
1332330 507.5
1332340 507.6
1332350 507.6
1332360 507.6
1332370 507.7
1332380 507.7
1332390 507.7
1332400 507.9
1332410 508.0
1332420 508.0
1332430 508.0
1332440 508.2
1332450 508.2
1332460 508.7
1332470 509.2
1332480 509.2
1332490 509.7
1332500 510.1
1332510 510.1
1332520 510.5
1332530 511.0
1332540 511.0
1332550 511.4
1332560 512.3
1332570 512.3
1332580 514.0
1332590 514.7
1332600 514.7
1332610 514.9
1332620 515.1
1332630 515.3
1332640 515.3
1332650 515.5
1332660 515.7
1332670 515.7
1332680 516.0
1332690 516.2
1332700 516.2
1332710 516.4
1332720 516.5
1332730 516.5
1332740 516.6
1332750 516.9
1332760 516.9
1332770 517.3
1332780 517.9
1332790 517.9
1332800 518.9
1332810 520.4
1332820 520.4
1332830 522.3
1332840 524.6
1332850 524.6
1332860 527.4
1332870 530.0
1332880 530.0
1332890 532.3
1332900 532.7
1332910 532.7
1332920 532.2
1332930 534.9
1332940 534.9
1332950 541.1
1332960 546.9
1332970 552.4
1332980 552.4
1332990 559.3
1333000 565.0
1333010 565.0
1333020 566.3
1333030 570.8
1333040 570.8
1333050 584.4
1333060 598.4
1333070 598.4
1333080 604.6
1333090 611.9
1333100 611.9
1333110 617.3
1333120 620.1
1333130 620.1
1333140 622.3
1333150 625.6
1333160 625.6
1333170 629.3
1333180 632.3
1333190 632.3
1333200 635.1
1333210 636.2
1333220 636.2
1333230 636.4
1333240 635.8
1333250 635.8
1333260 635.6
1333270 634.9
1333280 634.6
1333290 634.6
1333300 634.7
1333310 632.5
1333320 632.5
1333330 629.1
1333340 624.7
1333350 624.7
1333360 626.2
1333370 632.8
1333380 632.8
1333390 635.9
1333400 642.3
1333410 642.3
1333420 651.1
1333430 655.2
1333440 655.2
1333450 657.3
1333460 658.2
1333470 658.2
1333480 657.1
1333490 654.8
1333500 654.8
1333510 657.7
1333520 656.3
1333530 656.3
1333540 655.4
1333550 654.4
1333560 654.4
1333570 653.1
1333580 651.5
1333590 651.5
1333600 649.4
1333610 647.4
1333620 645.3
1333630 645.3
1333640 643.2
1333650 641.1
1333660 641.1
1333670 638.9
1333680 637.7
1333690 637.7
1333700 637.6
1333710 639.4
1333720 639.4
1333730 642.5
1333740 644.9
1333750 644.9
1333760 644.4
1333770 641.9
1333780 641.9
1333790 638.7
1333800 634.9
1333810 634.9
1333820 633.7
1333830 632.9
1333840 632.9
1333850 631.1
1333860 628.0
1333870 628.0
1333880 626.4
1333890 626.1
1333900 626.1
1333910 624.8
1333920 623.0
1333930 619.4
1333940 619.4
1333950 619.8
1333960 619.5
1333970 619.5
1333980 622.9
1333990 624.7
1334000 624.7
1334010 625.9
1334020 627.2
1334030 627.2
1334040 627.1
1334050 626.1
1334060 626.1
1334070 625.9
1334080 625.1
1334090 625.1
1334100 622.5
1334110 620.7
1334120 620.7
1334130 618.7
1334140 616.4
1334150 616.4
1334160 615.1
1334170 613.2
1334180 613.2
1334190 611.9
1334200 612.8
1334210 612.8
1334220 613.2
1334230 613.3
1334240 613.1
1334250 613.1
1334260 614.3
1334270 615.5
1334280 615.5
1334290 616.6
1334300 616.7
1334310 616.7
1334320 617.2
1334330 622.5
1334340 622.5
1334350 628.4
1334360 639.3
1334370 639.3
1334380 640.0
1334390 640.6
1334400 640.6
1334410 641.1
1334420 641.1
1334430 641.1
1334440 643.3
1334450 645.0
1334460 645.0
1334470 646.6
1334480 648.3
1334490 648.3
1334500 649.2
1334510 648.9
1334520 648.9
1334530 645.3
1334540 634.2
1334550 634.2
1334560 608.7
1334570 594.3
1334580 577.6
1334590 577.6
1334600 561.0
1334610 546.8
1334620 546.8
1334630 544.8
1334640 544.9
1334650 544.9
1334660 544.3
1334670 547.0
1334680 547.0
1334690 568.2
1334700 595.9
1334710 595.9
1334720 615.5
1334730 626.3
1334740 626.3
1334750 628.9
1334760 626.0
1334770 626.0
1334780 619.6
1334790 614.7
1334800 614.7
1334810 608.1
1334820 605.9
1334830 605.9
1334840 617.5
1334850 627.4
1334860 627.4
1334870 634.9
1334880 640.6
1334890 646.3
1334900 646.3
1334910 651.7
1334920 656.0
1334930 656.0
1334940 660.1
1334950 661.2
1334960 661.2
1334970 662.4
1334980 662.6
1334990 662.6
1335000 661.5
1335010 661.8
1335020 661.8
1335030 664.0
1335040 666.2
1335050 666.2
1335060 669.5
1335070 673.6
1335080 673.6
1335090 676.8
1335100 680.8
1335110 680.8
1335120 686.8
1335130 692.1
1335140 692.1
1335150 695.6
1335160 698.0
1335170 698.0
1335180 703.4
1335190 711.4
1335200 711.4
1335210 719.9
1335220 728.3
1335230 735.9
1335240 735.9
1335250 743.8
1335260 752.2
1335270 752.2
1335280 761.3
1335290 771.0
1335300 771.0
1335310 779.2
1335320 786.2
1335330 786.2
1335340 793.1
1335350 799.8
1335360 799.8
1335370 805.5
1335380 813.5
1335390 813.5
1335400 823.2
1335410 830.2
1335420 830.2
1335430 834.3
1335440 837.0
1335450 837.0
1335460 838.5
1335470 841.2
1335480 841.2
1335490 844.9
1335500 849.2
1335510 849.2
1335520 853.5
1335530 858.1
1335540 864.1
1335550 864.1
1335560 870.9
1335570 879.1
1335580 879.1
1335590 888.3
1335600 895.0
1335610 895.0
1335620 899.5
1335630 904.4
1335640 904.4
1335650 909.3
1335660 912.9
1335670 912.9
1335680 915.5
1335690 917.3
1335700 917.3
1335710 918.2
1335720 919.2
1335730 919.2
1335740 922.0
1335750 926.0
1335760 926.0
1335770 929.7
1335780 932.7
1335790 932.7
1335800 935.0
1335810 937.0
1335820 937.0
1335830 939.7
1335840 942.7
1335850 945.2
1335860 945.2
1335870 950.9
1335880 958.5
1335890 958.5
1335900 962.7
1335910 965.5
1335920 965.5
1335930 968.5
1335940 972.5
1335950 972.5
1335960 977.1
1335970 979.4
1335980 979.4
1335990 980.3
1336000 982.1
1336010 982.1
1336020 985.1
1336030 986.1
1336040 986.1
1336050 985.3
1336060 988.0
1336070 988.0
1336080 994.8
1336090 996.4
1336100 996.4
1336110 996.0
1336120 994.5
1336130 994.5
1336140 994.6
1336150 998.0
1336160 998.0
1336170 1001.6
1336180 1003.3
1336190 1004.4
1336200 1004.4
1336210 1008.1
1336220 1013.2
1336230 1013.2
1336240 1017.9
1336250 1021.1
1336260 1021.1
1336270 1021.7
1336280 1021.6
1336290 1021.6
1336300 1021.3
1336310 1022.3
1336320 1022.3
1336330 1023.2
1336340 1022.9
1336350 1022.9
1336360 1021.6
1336370 1016.8
1336380 1016.8
1336390 1010.9
1336400 1006.4
1336410 1006.4
1336420 1003.4
1336430 1001.2
1336440 1001.2
1336450 998.3
1336460 996.4
1336470 996.4
1336480 994.6
1336490 993.3
1336500 991.6
1336510 991.6
1336520 989.0
1336530 982.1
1336540 982.1
1336550 974.2
1336560 966.4
1336570 966.4
1336580 959.2
1336590 951.6
1336600 951.6
1336610 944.2
1336620 935.7
1336630 935.7
1336640 924.3
1336650 914.1
1336660 914.1
1336670 903.7
1336680 887.9
1336690 887.9
1336700 873.0
1336710 857.9
1336720 857.9
1336730 834.2
1336740 828.1
1336750 828.1
1336760 849.4
1336770 863.5
1336780 863.5
1336790 885.9
1336800 922.9
1336810 922.9
1336820 932.6
1336830 942.0
1336840 954.2
1336850 954.2
1336860 962.4
1336870 968.2
1336880 968.2
1336890 977.1
1336900 988.9
1336910 988.9
1336920 1003.2
1336930 1011.0
1336940 1018.9
1336950 1026.0
1336960 1037.4
1336970 1037.4
1336980 1043.5
1336990 1054.7
1337000 1054.7
1337010 1062.3
1337020 1066.5
1337030 1066.5
1337040 1069.6
1337050 1071.4
1337060 1071.4
1337070 1071.2
1337080 1070.1
1337090 1070.1
1337100 1069.6
1337110 1067.1
1337120 1067.1
1337130 1063.1
1337140 1058.1
1337150 1053.5
1337160 1053.5
1337170 1048.6
1337180 1043.2
1337190 1043.2
1337200 1037.4
1337210 1032.3
1337220 1032.3
1337230 1027.4
1337240 1023.1
1337250 1023.1
1337260 1020.6
1337270 1018.4
1337280 1018.4
1337290 1014.6
1337300 1010.4
1337310 1010.4
1337320 1006.5
1337330 1003.6
1337340 1003.6
1337350 998.5
1337360 992.3
1337370 992.3
1337380 986.0
1337390 978.2
1337400 978.2
1337410 968.4
1337420 956.6
1337430 956.6
1337440 944.5
1337450 931.8
1337460 931.8
1337470 921.9
1337480 913.9
1337490 907.5
1337500 907.5
1337510 901.8
1337520 896.4
1337530 896.4
1337540 888.7
1337550 879.0
1337560 879.0
1337570 871.9
1337580 865.8
1337590 865.8
1337600 858.4
1337610 849.7
1337620 849.7
1337630 842.6
1337640 836.0
1337650 836.0
1337660 829.0
1337670 821.2
1337680 821.2
1337690 814.1
1337700 817.9
1337710 817.9
1337720 825.3
1337730 833.8
1337740 833.8
1337750 832.2
1337760 819.9
1337770 819.9
1337780 818.1
1337790 841.8
1337800 849.2
1337810 858.1
1337820 858.4
1337830 872.5
1337840 872.5
1337850 888.6
1337860 900.6
1337870 900.6
1337880 913.2
1337890 931.4
1337900 931.4
1337910 948.9
1337920 965.9
1337930 965.9
1337940 975.7
1337950 998.5
1337960 998.5
1337970 1018.8
1337980 1033.1
1337990 1033.1
1338000 1045.2
1338010 1055.5
1338020 1055.5
1338030 1063.5
1338040 1067.6
1338050 1067.6
1338060 1066.3
1338070 1061.5
1338080 1061.5
1338090 1058.8
1338100 1071.4
1338110 1083.6
1338120 1083.6
1338130 1089.1
1338140 1090.1
1338150 1090.1
1338160 1086.7
1338170 1084.4
1338180 1084.4
1338190 1086.9
1338200 1088.1
1338210 1088.1
1338220 1086.5
1338230 1097.6
1338240 1097.6
1338250 1102.4
1338260 1104.0
1338270 1104.0
1338280 1104.6
1338290 1103.3
1338300 1103.3
1338310 1101.4
1338320 1099.2
1338330 1099.2
1338340 1095.7
1338350 1092.9
1338360 1092.9
1338370 1092.9
1338380 1089.9
1338390 1089.9
1338400 1086.2
1338410 1084.1
1338420 1084.1
1338430 1082.5
1338440 1080.8
1338450 1078.7
1338460 1078.7
1338470 1077.2
1338480 1074.2
1338490 1074.2
1338500 1071.0
1338510 1068.1
1338520 1068.1
1338530 1068.2
1338540 1066.4
1338550 1066.4
1338560 1061.3
1338570 1056.6
1338580 1056.6
1338590 1052.2
1338600 1045.6
1338610 1045.6
1338620 1038.3
1338630 1030.9
1338640 1030.9
1338650 1025.6
1338660 1032.7
1338670 1032.7
1338680 1043.5
1338690 1052.1
1338700 1052.1
1338710 1057.2
1338720 1053.7
1338730 1053.7
1338740 1048.8
1338750 1044.1
1338760 1041.6
1338770 1041.6
1338780 1040.9
1338790 1041.2
1338800 1041.2
1338810 1036.9
1338820 1030.1
1338830 1030.1
1338840 1023.6
1338850 1017.3
1338860 1017.3
1338870 1013.0
1338880 1010.3
1338890 1010.3
1338900 1007.4
1338910 1000.7
1338920 1000.7
1338930 993.8
1338940 993.0
1338950 993.0
1338960 1002.0
1338970 1013.4
1338980 1013.4
1338990 1028.5
1339000 1041.1
1339010 1041.1
1339020 1050.4
1339030 1056.2
1339040 1056.2
1339050 1061.6
1339060 1072.9
1339070 1072.9
1339080 1086.8
1339090 1096.7
1339100 1103.3
1339110 1103.3
1339120 1110.4
1339130 1117.8
1339140 1117.8
1339150 1125.5
1339160 1134.6
1339170 1134.6
1339180 1144.2
1339190 1154.0
1339200 1154.0
1339210 1164.7
1339220 1168.2
1339230 1168.2
1339240 1167.2
1339250 1167.6
1339260 1167.6
1339270 1167.2
1339280 1164.5
1339290 1164.5
1339300 1160.1
1339310 1158.2
1339320 1158.2
1339330 1156.8
1339340 1152.7
1339350 1152.7
1339360 1148.5
1339370 1142.4
1339380 1142.4
1339390 1135.3
1339400 1128.7
1339410 1122.9
1339420 1122.9
1339430 1116.8
1339440 1111.1
1339450 1111.1
1339460 1107.5
1339470 1103.8
1339480 1103.8
1339490 1097.9
1339500 1090.6
1339510 1090.6
1339520 1082.8
1339530 1075.5
1339540 1075.5
1339550 1067.8
1339560 1056.1
1339570 1056.1
1339580 1042.7
1339590 1032.5
1339600 1032.5
1339610 1025.2
1339620 1016.4
1339630 1016.4
1339640 1006.8
1339650 995.3
1339660 995.3
1339670 980.6
1339680 967.7
1339690 967.7
1339700 975.2
1339710 991.3
1339720 1003.5
1339730 1003.5
1339740 995.0
1339750 986.8
1339760 986.8
1339770 978.2
1339780 966.8
1339790 966.8
1339800 951.6
1339810 940.7
1339820 940.7
1339830 936.8
1339840 924.3
1339850 924.3
1339860 912.0
1339870 909.8
1339880 909.8
1339890 913.6
1339900 919.7
1339910 919.7
1339920 922.9
1339930 914.5
1339940 914.5
1339950 912.1
1339960 908.4
1339970 908.4
1339980 896.7
1339990 882.5
