1320000 838.9
1320010 833.1
1320020 827.3
1320030 827.3
1320040 823.3
1320050 822.6
1320060 824.7
1320070 824.7
1320080 824.1
1320090 822.0
1320100 822.0
1320110 816.1
1320120 811.7
1320130 811.7
1320140 810.0
1320150 805.5
1320160 805.5
1320170 802.4
1320180 800.5
1320190 800.5
1320200 797.7
1320210 792.3
1320220 792.3
1320230 785.5
1320240 778.9
1320250 778.9
1320260 772.6
1320270 766.5
1320280 766.5
1320290 761.0
1320300 755.2
1320310 755.2
1320320 749.5
1320330 744.0
1320340 744.0
1320350 738.6
1320360 733.3
1320370 733.3
1320380 728.0
1320390 722.5
1320400 717.1
1320410 717.1
1320420 710.7
1320430 699.9
1320440 699.9
1320450 686.5
1320460 672.5
1320470 672.5
1320480 661.0
1320490 653.3
1320500 653.3
1320510 647.5
1320520 641.5
1320530 641.5
1320540 633.5
1320550 630.9
1320560 630.9
1320570 626.4
1320580 621.8
1320590 621.8
1320600 619.2
1320610 616.6
1320620 616.6
1320630 614.6
1320640 612.5
1320650 612.5
1320660 609.9
1320670 608.2
1320680 608.2
1320690 606.5
1320700 604.5
1320710 602.6
1320720 602.6
1320730 599.8
1320740 597.4
1320750 597.4
1320760 593.2
1320770 591.8
1320780 591.8
1320790 592.3
1320800 591.8
1320810 591.8
1320820 593.3
1320830 597.3
1320840 597.3
1320850 597.6
1320860 593.5
1320870 593.5
1320880 588.4
1320890 584.9
1320900 584.9
1320910 582.8
1320920 579.6
1320930 579.6
1320940 573.7
1320950 568.8
1320960 568.8
1320970 567.0
1320980 566.5
1320990 566.5
1321000 562.5
1321010 556.3
1321020 556.3
1321030 553.4
1321040 552.8
1321050 552.9
1321060 552.9
1321070 557.2
1321080 562.0
1321090 562.0
1321100 567.2
1321110 572.2
1321120 572.2
1321130 577.4
1321140 583.1
1321150 583.1
1321160 588.6
1321170 593.9
1321180 593.9
1321190 600.3
1321200 606.5
1321210 606.5
1321220 612.6
1321230 618.1
1321240 618.1
1321250 622.7
1321260 627.9
1321270 627.9
1321280 633.8
1321290 639.9
1321300 639.9
1321310 646.7
1321320 653.2
1321330 653.2
1321340 659.8
1321350 666.6
1321360 670.8
1321370 670.8
1321380 675.6
1321390 683.2
1321400 683.2
1321410 690.7
1321420 697.6
1321430 697.6
1321440 704.0
1321450 711.4
1321460 711.4
1321470 719.3
1321480 727.6
1321490 727.6
1321500 738.1
1321510 748.4
1321520 748.4
1321530 757.5
1321540 768.7
1321550 768.7
1321560 774.9
1321570 781.8
1321580 781.8
1321590 788.6
1321600 795.4
1321610 795.4
1321620 802.7
1321630 809.8
1321640 809.8
1321650 815.9
1321660 821.1
1321670 821.1
1321680 826.7
1321690 833.2
1321700 839.8
1321710 839.8
1321720 846.8
1321730 854.5
1321740 854.5
1321750 862.7
1321760 871.6
1321770 871.6
1321780 880.6
1321790 888.0
1321800 888.0
1321810 895.3
1321820 903.3
1321830 903.3
1321840 912.3
1321850 918.9
1321860 918.9
1321870 924.6
1321880 930.8
1321890 930.8
1321900 937.5
1321910 943.8
1321920 943.8
1321930 949.0
1321940 952.5
1321950 952.5
1321960 955.7
1321970 961.1
1321980 961.1
1321990 966.9
1322000 971.9
1322010 976.2
1322020 976.2
1322030 979.7
1322040 981.0
1322050 981.0
1322060 982.3
1322070 986.4
1322080 986.4
1322090 993.1
1322100 1001.4
1322110 1001.4
1322120 1009.8
1322130 1016.6
1322140 1016.6
1322150 1023.3
1322160 1030.1
1322170 1030.1
1322180 1036.2
1322190 1040.6
1322200 1040.6
1322210 1044.3
1322220 1047.9
1322230 1047.9
1322240 1051.2
1322250 1053.9
1322260 1053.9
1322270 1057.0
1322280 1060.0
1322290 1060.0
1322300 1063.8
1322310 1067.9
1322320 1067.9
1322330 1071.1
1322340 1074.6
1322350 1079.4
1322360 1079.4
1322370 1083.6
1322380 1087.9
1322390 1087.9
1322400 1092.1
1322410 1096.4
1322420 1096.4
1322430 1102.1
1322440 1107.5
1322450 1107.5
1322460 1112.9
1322470 1117.9
1322480 1117.9
1322490 1122.4
1322500 1127.0
1322510 1127.0
1322520 1130.6
1322530 1133.8
1322540 1133.8
1322550 1135.5
1322560 1134.5
1322570 1134.5
1322580 1132.7
1322590 1130.5
1322600 1130.5
1322610 1127.3
1322620 1122.0
1322630 1122.0
1322640 1117.7
1322650 1114.1
1322660 1110.5
1322670 1110.5
1322680 1108.2
1322690 1106.6
1322700 1106.6
1322710 1103.6
1322720 1101.5
1322730 1101.5
1322740 1100.6
1322750 1099.2
1322760 1099.2
1322770 1096.0
1322780 1090.2
1322790 1090.2
1322800 1078.5
1322810 1071.2
1322820 1071.2
1322830 1071.3
1322840 1063.5
1322850 1063.5
1322860 1052.4
1322870 1047.1
1322880 1047.1
1322890 1041.6
1322900 1039.7
1322910 1039.7
1322920 1032.6
1322930 1025.9
1322940 1025.9
1322950 1020.0
1322960 1009.5
1322970 1009.5
1322980 993.1
1322990 982.6
1323000 963.5
1323010 963.5
1323020 942.3
1323030 927.2
1323040 927.2
1323050 915.8
1323060 906.3
1323070 906.3
1323080 896.8
1323090 891.1
1323100 891.1
1323110 885.8
1323120 876.0
1323130 876.0
1323140 872.3
1323150 870.2
1323160 870.2
1323170 868.4
1323180 867.3
1323190 867.3
1323200 865.4
1323210 863.5
1323220 863.5
1323230 863.1
1323240 864.0
1323250 864.0
1323260 866.1
1323270 868.3
1323280 868.3
1323290 871.7
1323300 877.0
1323310 883.9
1323320 883.9
1323330 885.1
1323340 888.0
1323350 888.0
1323360 891.3
1323370 901.5
1323380 901.5
1323390 905.9
1323400 907.4
1323410 907.4
1323420 908.3
1323430 911.9
1323440 911.9
1323450 922.3
1323460 925.5
1323470 925.5
1323480 928.6
1323490 931.3
1323500 931.3
1323510 934.6
1323520 938.6
1323530 938.6
1323540 943.4
1323550 946.5
1323560 946.5
1323570 948.6
1323580 948.8
1323590 948.8
1323600 949.7
1323610 951.8
1323620 951.8
1323630 952.0
1323640 949.2
1323650 941.1
1323660 941.1
1323670 933.0
1323680 917.7
1323690 917.7
1323700 907.9
1323710 902.6
1323720 902.6
1323730 895.8
1323740 886.7
1323750 886.7
1323760 862.3
1323770 843.0
1323780 843.0
1323790 838.5
1323800 832.3
1323810 832.3
1323820 823.0
1323830 828.3
1323840 828.3
1323850 830.5
1323860 831.3
1323870 831.3
1323880 804.6
1323890 762.8
1323900 762.8
1323910 753.5
1323920 763.0
1323930 763.0
1323940 744.5
1323950 729.5
1323960 725.8
1323970 725.8
1323980 722.7
1323990 717.9
1324000 717.9
1324010 713.2
1324020 707.3
1324030 707.3
1324040 702.8
1324050 699.6
1324060 699.6
1324070 695.6
1324080 691.6
1324090 691.6
1324100 690.3
1324110 687.5
1324120 687.5
1324130 683.4
1324140 677.9
1324150 677.9
1324160 671.2
1324170 667.2
1324180 667.2
1324190 662.0
1324200 656.6
1324210 656.6
1324220 652.2
1324230 650.1
1324240 650.1
1324250 649.6
1324260 648.8
1324270 648.8
1324280 648.6
1324290 647.6
1324300 646.3
1324310 646.3
1324320 644.6
1324330 642.9
1324340 642.9
1324350 641.1
1324360 638.8
1324370 638.8
1324380 636.0
1324390 634.0
1324400 634.0
1324410 632.0
1324420 629.0
1324430 629.0
1324440 625.7
1324450 622.3
1324460 622.3
1324470 619.3
1324480 617.1
1324490 617.1
1324500 614.0
1324510 611.4
1324520 611.4
1324530 610.3
1324540 609.1
1324550 609.1
1324560 607.2
1324570 604.6
1324580 604.6
1324590 602.7
1324600 600.7
1324610 598.3
1324620 598.3
1324630 596.0
1324640 593.8
1324650 593.8
1324660 592.4
1324670 592.0
1324680 592.0
1324690 588.8
1324700 587.2
1324710 584.9
1324720 584.1
1324730 582.5
1324740 582.5
1324750 581.2
1324760 580.7
1324770 580.7
1324780 580.4
1324790 580.1
1324800 580.1
1324810 579.9
1324820 579.7
1324830 579.7
1324840 579.5
1324850 579.4
1324860 579.4
1324870 579.4
1324880 579.2
1324890 579.2
1324900 579.0
1324910 578.8
1324920 578.8
1324930 578.7
1324940 578.5
1324950 578.4
1324960 578.4
1324970 578.2
1324980 578.1
1324990 578.1
1325000 578.0
1325010 578.1
1325020 578.1
1325030 578.1
1325040 577.9
1325050 577.9
1325060 577.6
1325070 577.4
1325080 577.4
1325090 577.2
1325100 577.0
1325110 577.0
1325120 576.9
1325130 576.7
1325140 576.7
1325150 576.6
1325160 576.5
1325170 576.5
1325180 576.5
1325190 576.6
1325200 576.6
1325210 576.7
1325220 576.8
1325230 576.8
1325240 576.8
1325250 576.9
1325260 576.9
1325270 576.9
1325280 576.8
1325290 576.6
1325300 576.6
1325310 576.3
1325320 576.1
1325330 576.1
1325340 575.9
1325350 575.8
1325360 575.8
1325370 575.8
1325380 575.8
1325390 575.8
1325400 575.9
1325410 575.9
1325420 575.9
1325430 576.0
1325440 576.6
1325450 576.6
1325460 576.5
1325470 576.1
1325480 576.1
1325490 576.2
1325500 576.6
1325510 576.2
1325520 576.7
1325530 576.5
1325540 576.5
1325550 575.6
1325560 575.1
1325570 575.1
1325580 574.9
1325590 574.6
1325600 574.3
1325610 574.3
1325620 574.1
1325630 573.9
1325640 573.9
1325650 573.9
1325660 574.1
1325670 574.1
1325680 574.1
1325690 573.3
1325700 573.3
1325710 573.0
1325720 572.8
1325730 572.8
1325740 572.6
1325750 572.5
1325760 572.5
1325770 572.3
1325780 572.3
1325790 572.3
1325800 572.1
1325810 571.9
1325820 571.9
1325830 571.7
1325840 571.6
1325850 571.6
1325860 571.7
1325870 571.7
1325880 571.7
1325890 571.8
1325900 571.9
1325910 571.9
1325920 571.9
1325930 571.9
1325940 571.8
1325950 571.8
1325960 571.8
1325970 571.9
1325980 571.9
1325990 572.1
1326000 572.4
1326010 572.4
1326020 572.5
1326030 572.7
1326040 572.7
1326050 573.1
1326060 572.8
1326070 572.8
1326080 572.2
1326090 572.6
1326100 572.6
1326110 573.7
1326120 575.1
1326130 575.1
1326140 577.3
1326150 579.7
1326160 579.7
1326170 582.6
1326180 584.7
1326190 584.7
1326200 585.3
1326210 584.8
1326220 584.8
1326230 583.5
1326240 581.8
1326250 580.2
1326260 580.2
1326270 578.5
1326280 576.6
1326290 576.6
1326300 574.7
1326310 573.3
1326320 572.1
1326330 572.0
1326340 571.8
1326350 571.8
1326360 571.7
1326370 571.8
1326380 571.8
1326390 571.9
1326400 572.2
1326410 572.2
1326420 572.1
1326430 571.6
1326440 571.6
1326450 571.6
1326460 571.6
1326470 571.6
1326480 571.5
1326490 571.4
1326500 571.4
1326510 571.2
1326520 571.2
1326530 571.2
1326540 571.0
1326550 570.6
1326560 570.4
1326570 570.4
1326580 570.3
1326590 570.3
1326600 570.3
1326610 570.2
1326620 570.2
1326630 570.2
1326640 570.2
1326650 570.1
1326660 570.1
1326670 570.1
1326680 570.1
1326690 570.1
1326700 570.1
1326710 570.0
1326720 570.0
1326730 569.9
1326740 569.9
1326750 569.9
1326760 569.9
1326770 569.9
1326780 569.9
1326790 569.8
1326800 569.7
1326810 569.7
1326820 569.7
1326830 569.7
1326840 569.7
1326850 569.6
1326860 569.6
1326870 569.6
1326880 569.7
1326890 569.7
1326900 569.7
1326910 569.7
1326920 569.7
1326930 569.7
1326940 569.7
1326950 569.8
1326960 569.9
1326970 569.9
1326980 570.2
1326990 570.5
1327000 570.5
1327010 570.9
1327020 571.6
1327030 571.6
1327040 572.0
1327050 572.7
1327060 572.7
1327070 574.1
1327080 575.0
1327090 575.0
1327100 576.2
1327110 576.3
1327120 576.3
1327130 574.5
1327140 572.4
1327150 572.4
1327160 571.8
1327170 571.6
1327180 571.6
1327190 571.4
1327200 571.3
1327210 570.8
1327220 570.8
1327230 569.5
1327240 569.0
1327250 569.0
1327260 569.3
1327270 569.2
1327280 569.2
1327290 569.3
1327300 569.3
1327310 569.3
1327320 569.1
1327330 568.9
1327340 568.9
1327350 568.8
1327360 568.5
1327370 568.5
1327380 568.4
1327390 568.3
1327400 568.3
1327410 568.3
1327420 568.3
1327430 568.3
1327440 568.4
1327450 568.7
1327460 568.7
1327470 569.4
1327480 570.5
1327490 570.5
1327500 571.9
1327510 572.3
1327520 572.3
1327530 572.3
1327540 572.1
1327550 572.3
1327560 572.3
1327570 572.5
1327580 572.5
1327590 572.5
1327600 572.7
1327610 572.9
1327620 572.9
1327630 573.1
1327640 573.6
1327650 573.6
1327660 574.3
1327670 575.8
1327680 575.8
1327690 578.2
1327700 579.8
1327710 579.8
1327720 581.3
1327730 583.1
1327740 583.1
1327750 585.2
1327760 587.5
1327770 587.5
1327780 589.9
1327790 592.7
1327800 592.7
1327810 596.4
1327820 599.4
1327830 599.4
1327840 602.4
1327850 605.5
1327860 607.2
1327870 607.2
1327880 607.1
1327890 606.1
1327900 606.1
1327910 605.3
1327920 604.8
1327930 604.8
1327940 605.0
1327950 606.1
1327960 606.1
1327970 606.8
1327980 604.6
1327990 604.6
1328000 602.2
1328010 599.5
1328020 599.5
1328030 596.6
1328040 593.4
1328050 593.4
1328060 590.1
1328070 586.6
1328080 586.6
1328090 583.4
1328100 580.7
1328110 580.7
1328120 578.4
1328130 577.0
1328140 577.0
1328150 576.2
1328160 575.8
1328170 575.8
1328180 575.6
1328190 575.5
1328200 575.3
1328210 575.3
1328220 575.2
1328230 575.4
1328240 575.4
1328250 575.0
1328260 571.1
1328270 571.1
1328280 566.8
1328290 567.0
1328300 567.0
1328310 570.6
1328320 570.6
1328330 570.6
1328340 569.2
1328350 567.7
1328360 567.7
1328370 566.6
1328380 566.1
1328390 566.1
1328400 565.8
1328410 565.3
1328420 565.3
1328430 564.1
1328440 561.9
1328450 561.9
1328460 559.3
1328470 556.7
1328480 556.7
1328490 554.6
1328500 553.3
1328510 552.3
1328520 552.3
1328530 551.7
1328540 551.7
1328550 551.7
1328560 552.3
1328570 553.1
1328580 553.1
1328590 553.6
1328600 553.9
1328610 553.9
1328620 553.8
1328630 553.4
1328640 553.4
1328650 553.3
1328660 553.8
1328670 553.8
1328680 554.2
1328690 554.6
1328700 554.6
1328710 554.7
1328720 554.1
1328730 554.1
1328740 552.4
1328750 550.3
1328760 547.0
1328770 545.6
1328780 544.4
1328790 544.4
1328800 543.4
1328810 542.9
1328820 542.9
1328830 542.5
1328840 542.3
1328850 542.3
1328860 542.3
1328870 542.6
1328880 543.5
1328890 543.5
1328900 545.5
1328910 548.1
1328920 548.1
1328930 549.9
1328940 549.9
1328950 549.9
1328960 547.6
1328970 545.0
1328980 545.0
1328990 543.1
1329000 540.4
1329010 540.4
1329020 536.9
1329030 533.7
1329040 533.7
1329050 530.7
1329060 527.5
1329070 527.5
1329080 525.4
1329090 524.3
1329100 524.3
1329110 523.6
1329120 523.1
1329130 523.1
1329140 522.8
1329150 522.5
1329160 522.6
1329170 522.6
1329180 523.8
1329190 526.7
1329200 526.7
1329210 529.4
1329220 530.9
1329230 530.9
1329240 531.6
1329250 532.4
1329260 532.4
1329270 533.1
1329280 533.7
1329290 533.7
1329300 534.3
1329310 533.5
1329320 533.5
1329330 531.6
1329340 529.3
1329350 529.3
1329360 526.7
1329370 522.5
1329380 522.5
1329390 514.0
1329400 508.1
1329410 508.1
1329420 506.2
1329430 506.0
1329440 506.0
1329450 506.0
1329460 506.0
1329470 506.0
1329480 506.0
1329490 506.0
1329500 506.0
1329510 506.0
1329520 506.0
1329530 506.0
1329540 506.0
1329550 506.0
1329560 506.0
1329570 506.0
1329580 506.0
1329590 505.9
1329600 505.9
1329610 505.9
1329620 505.9
1329630 505.9
1329640 505.9
1329650 505.9
1329660 505.9
1329670 506.7
1329680 508.2
1329690 508.2
1329700 509.2
1329710 509.1
1329720 509.1
1329730 509.0
1329740 509.6
1329750 509.6
1329760 510.3
1329770 510.6
1329780 510.6
1329790 510.7
1329800 510.7
1329810 510.6
1329820 510.6
1329830 510.4
1329840 509.8
1329850 509.8
1329860 509.1
1329870 508.7
1329880 508.7
1329890 508.6
1329900 508.5
1329910 508.5
1329920 508.5
1329930 508.5
1329940 508.5
1329950 508.4
1329960 508.4
1329970 508.4
1329980 508.3
1329990 508.2
1330000 508.2
1330010 508.1
1330020 508.0
1330030 508.0
1330040 508.0
1330050 508.0
1330060 508.0
1330070 508.0
1330080 507.9
1330090 507.9
1330100 507.9
1330110 507.9
1330120 507.9
1330130 507.9
1330140 507.8
1330150 507.8
1330160 507.8
1330170 507.7
1330180 507.7
1330190 507.7
1330200 507.6
1330210 507.6
1330220 507.6
1330230 507.6
1330240 507.7
1330250 507.7
1330260 507.7
1330270 507.8
1330280 507.8
1330290 507.9
1330300 507.9
1330310 507.9
1330320 507.8
1330330 507.8
1330340 507.8
1330350 507.6
1330360 507.6
1330370 507.6
1330380 507.5
1330390 507.5
1330400 507.5
1330410 507.6
1330420 507.6
1330430 507.6
1330440 507.6
1330450 507.5
1330460 507.5
1330470 507.5
1330480 507.5
1330490 507.5
1330500 507.5
1330510 507.5
1330520 507.5
1330530 507.5
1330540 507.4
1330550 507.3
1330560 507.3
1330570 507.4
1330580 507.4
1330590 507.4
1330600 507.4
1330610 507.3
1330620 507.3
1330630 507.2
1330640 507.2
1330650 507.2
1330660 507.3
1330670 507.3
1330680 507.3
1330690 507.2
1330700 507.2
1330710 507.2
1330720 507.2
1330730 507.2
1330740 507.2
1330750 507.3
1330760 507.2
1330770 507.2
1330780 507.2
1330790 507.1
1330800 507.0
1330810 507.0
1330820 506.9
1330830 507.0
1330840 507.0
1330850 507.1
1330860 506.9
1330870 506.9
1330880 506.3
1330890 506.2
1330900 506.2
1330910 506.8
1330920 507.0
1330930 507.0
1330940 507.0
1330950 507.0
1330960 507.0
1330970 506.3
1330980 506.5
1330990 506.5
1331000 507.0
1331010 507.0
1331020 507.0
1331030 506.6
1331040 507.0
1331050 507.0
1331060 508.4
1331070 509.5
1331080 509.5
1331090 509.4
1331100 508.3
1331110 508.2
1331120 508.2
1331130 509.3
1331140 509.9
1331150 509.9
1331160 510.0
1331170 509.7
1331180 509.7
1331190 508.3
1331200 507.0
1331210 507.0
1331220 506.6
1331230 506.5
1331240 506.5
1331250 506.4
1331260 506.4
1331270 506.4
1331280 506.4
1331290 506.4
1331300 506.4
1331310 506.5
1331320 506.5
1331330 506.5
1331340 506.3
1331350 506.3
1331360 506.3
1331370 506.3
1331380 506.3
1331390 506.3
1331400 506.3
1331410 506.3
1331420 506.3
1331430 506.3
1331440 506.2
1331450 506.3
1331460 506.3
1331470 506.3
1331480 506.4
1331490 506.4
1331500 506.4
1331510 506.4
1331520 506.4
1331530 506.2
1331540 506.1
1331550 506.1
1331560 506.2
1331570 506.2
1331580 506.2
1331590 506.2
1331600 506.2
1331610 506.2
1331620 506.1
1331630 506.1
1331640 506.1
1331650 506.2
1331660 506.2
1331670 506.2
1331680 506.2
1331690 506.1
1331700 506.1
1331710 505.9
1331720 506.0
1331730 506.0
1331740 506.1
1331750 506.3
1331760 506.5
1331770 506.5
1331780 506.2
1331790 506.0
1331800 506.0
1331810 505.9
1331820 505.9
1331830 505.9
1331840 505.9
1331850 505.8
1331860 505.8
1331870 505.8
1331880 505.7
1331890 505.7
1331900 505.7
1331910 505.7
1331920 505.7
1331930 505.7
1331940 505.7
1331950 505.7
1331960 505.8
1331970 505.8
1331980 505.8
1331990 505.7
1332000 505.8
1332010 505.8
1332020 505.8
1332030 505.8
1332040 505.8
1332050 505.7
1332060 505.7
1332070 505.7
1332080 505.7
1332090 505.6
1332100 505.6
1332110 505.6
1332120 505.6
1332130 505.6
1332140 505.6
1332150 505.6
1332160 505.7
1332170 505.7
1332180 505.7
1332190 505.7
1332200 505.7
1332210 505.7
1332220 505.6
1332230 505.6
1332240 505.6
1332250 505.6
1332260 505.6
1332270 505.7
1332280 505.7
1332290 505.7
1332300 505.7
1332310 505.6
1332320 505.6
1332330 505.6
1332340 505.5
1332350 505.5
1332360 505.4
1332370 505.4
1332380 505.4
1332390 505.6
1332400 505.9
1332410 505.8
1332420 505.8
1332430 505.2
1332440 506.1
1332450 506.1
1332460 506.0
1332470 506.0
1332480 506.0
1332490 506.0
1332500 505.9
1332510 505.9
1332520 505.9
1332530 505.9
1332540 505.9
1332550 506.0
1332560 506.0
1332570 506.0
1332580 506.1
1332590 506.1
1332600 506.1
1332610 506.1
1332620 506.1
1332630 506.1
1332640 506.0
1332650 505.8
1332660 505.8
1332670 505.6
1332680 505.4
1332690 505.4
1332700 505.4
1332710 505.3
1332720 505.3
1332730 505.3
1332740 505.3
1332750 505.3
1332760 505.3
1332770 505.2
1332780 505.2
1332790 505.2
1332800 505.3
1332810 505.4
1332820 505.4
1332830 505.5
1332840 505.4
1332850 505.4
1332860 505.8
1332870 508.5
1332880 508.5
1332890 513.6
1332900 517.5
1332910 517.5
1332920 517.7
1332930 518.7
1332940 518.7
1332950 519.3
1332960 519.3
1332970 519.3
1332980 519.3
1332990 519.2
1333000 519.2
1333010 519.2
1333020 519.2
1333030 519.2
1333040 519.2
1333050 519.4
1333060 519.6
1333070 519.6
1333080 519.8
1333090 520.0
1333100 520.0
1333110 520.1
1333120 520.3
1333130 520.3
1333140 520.5
1333150 520.6
1333160 520.6
1333170 520.7
1333180 520.9
1333190 520.9
1333200 521.1
1333210 521.3
1333220 521.3
1333230 521.5
1333240 521.7
1333250 521.7
1333260 521.9
1333270 522.1
1333280 522.1
1333290 522.3
1333300 522.6
1333310 522.6
1333320 523.0
1333330 523.2
1333340 523.2
1333350 523.2
1333360 523.2
1333370 523.4
1333380 523.4
1333390 523.9
1333400 524.4
1333410 524.4
1333420 524.7
1333430 524.8
1333440 524.8
1333450 525.0
1333460 525.1
1333470 525.1
1333480 524.7
1333490 524.7
1333500 524.7
1333510 525.0
1333520 525.1
1333530 525.1
1333540 524.9
1333550 524.8
1333560 524.8
1333570 524.6
1333580 524.1
1333590 524.1
1333600 524.2
1333610 524.3
1333620 524.3
1333630 524.2
1333640 524.2
1333650 524.2
1333660 524.5
1333670 526.0
1333680 526.0
1333690 528.4
1333700 529.1
1333710 528.9
1333720 528.9
1333730 529.2
1333740 529.3
1333750 529.3
1333760 529.6
1333770 529.8
1333780 529.8
1333790 529.9
1333800 530.1
1333810 530.1
1333820 530.3
1333830 530.6
1333840 530.6
1333850 530.8
1333860 530.7
1333870 530.7
1333880 530.8
1333890 531.2
1333900 531.2
1333910 531.6
1333920 531.9
1333930 531.9
1333940 532.1
1333950 532.0
1333960 532.0
1333970 531.9
1333980 531.9
1333990 531.9
1334000 532.0
1334010 532.2
1334020 532.4
1334030 532.4
1334040 532.6
1334050 532.8
1334060 532.8
1334070 533.1
1334080 533.4
1334090 533.4
1334100 533.9
1334110 534.0
1334120 534.0
1334130 534.1
1334140 534.2
1334150 534.2
1334160 534.6
1334170 534.5
1334180 534.5
1334190 534.3
1334200 534.5
1334210 534.5
1334220 535.4
1334230 535.8
1334240 535.8
1334250 535.4
1334260 535.3
1334270 535.3
1334280 535.3
1334290 535.4
1334300 535.4
1334310 535.9
1334320 536.0
1334330 536.0
1334340 535.7
1334350 534.9
1334360 534.1
1334370 534.1
1334380 533.6
1334390 533.5
1334400 533.5
1334410 533.3
1334420 533.3
1334430 533.3
1334440 533.3
1334450 533.3
1334460 533.3
1334470 533.4
1334480 533.5
1334490 533.5
1334500 533.5
1334510 533.5
1334520 533.5
1334530 532.2
1334540 528.9
1334550 528.9
1334560 530.4
1334570 532.4
1334580 532.4
1334590 532.6
1334600 532.8
1334610 533.0
1334620 532.9
1334630 532.7
1334640 532.7
1334650 532.9
1334660 533.8
1334670 533.8
1334680 533.8
1334690 533.9
1334700 534.0
1334710 534.0
1334720 534.0
1334730 534.0
1334740 534.0
1334750 534.0
1334760 533.5
1334770 533.5
1334780 533.3
1334790 533.1
1334800 533.1
1334810 533.0
1334820 532.9
1334830 532.9
1334840 532.8
1334850 532.8
1334860 532.8
1334870 532.8
1334880 532.6
1334890 532.6
1334900 532.6
1334910 533.2
1334920 533.2
1334930 534.4
1334940 534.8
1334950 534.8
1334960 534.8
1334970 534.8
1334980 534.8
1334990 534.9
1335000 535.1
1335010 535.5
1335020 535.5
1335030 536.1
1335040 536.9
1335050 536.9
1335060 537.3
1335070 537.9
1335080 537.9
1335090 538.7
1335100 539.8
1335110 539.8
1335120 542.0
1335130 545.1
1335140 545.1
1335150 551.6
1335160 559.3
1335170 559.3
1335180 567.0
1335190 580.6
1335200 580.6
1335210 593.0
1335220 598.5
1335230 598.5
1335240 602.5
1335250 604.7
1335260 604.7
1335270 607.5
1335280 610.6
1335290 610.6
1335300 613.9
1335310 618.8
1335320 622.9
1335330 622.9
1335340 624.0
1335350 626.5
1335360 626.5
1335370 631.2
1335380 635.6
1335390 635.6
1335400 640.0
1335410 642.1
1335420 642.1
1335430 645.6
1335440 650.0
1335450 650.0
1335460 653.1
1335470 663.5
1335480 663.5
1335490 667.4
1335500 671.5
1335510 671.5
1335520 676.3
1335530 683.1
1335540 683.1
1335550 689.1
1335560 691.2
1335570 691.2
1335580 691.7
1335590 691.8
1335600 691.8
1335610 692.4
1335620 693.3
1335630 693.3
1335640 694.6
1335650 697.4
1335660 699.4
1335670 699.4
1335680 700.1
1335690 699.9
1335700 699.9
1335710 698.7
1335720 696.8
1335730 696.8
1335740 695.7
1335750 695.9
1335760 695.9
1335770 695.9
1335780 696.2
1335790 696.2
1335800 696.0
1335810 694.6
1335820 694.6
1335830 693.1
1335840 692.0
1335850 692.0
1335860 691.9
1335870 693.5
1335880 693.5
1335890 695.4
1335900 697.7
1335910 697.7
1335920 699.9
1335930 701.7
1335940 701.7
1335950 704.0
1335960 706.9
1335970 710.7
1335980 710.7
1335990 714.9
1336000 717.3
1336010 717.3
1336020 720.2
1336030 722.3
1336040 722.3
1336050 722.8
1336060 722.4
1336070 722.4
1336080 721.9
1336090 721.1
1336100 721.1
1336110 720.0
1336120 718.4
1336130 718.4
1336140 716.3
1336150 712.5
1336160 712.5
1336170 706.7
1336180 697.6
1336190 697.6
1336200 691.8
1336210 690.9
1336220 690.9
1336230 689.3
1336240 688.2
1336250 688.2
1336260 688.5
1336270 689.0
1336280 689.0
1336290 684.2
1336300 684.2
1336310 688.4
1336320 688.4
1336330 694.6
1336340 694.6
1336350 694.6
1336360 695.0
1336370 696.9
1336380 696.9
1336390 699.7
1336400 700.3
1336410 700.3
1336420 702.7
1336430 703.7
1336440 703.7
1336450 706.9
1336460 711.1
1336470 711.1
1336480 713.0
1336490 712.8
1336500 712.8
1336510 712.0
1336520 712.1
1336530 712.1
1336540 712.8
1336550 713.3
1336560 713.3
1336570 714.6
1336580 714.8
1336590 714.8
1336600 715.0
1336610 715.2
1336620 714.8
1336630 714.8
1336640 705.8
1336650 688.8
1336660 688.8
1336670 678.2
1336680 666.3
1336690 666.3
1336700 664.3
1336710 661.6
1336720 661.6
1336730 661.0
1336740 665.3
1336750 665.3
1336760 681.6
1336770 709.5
1336780 709.5
1336790 742.7
1336800 761.5
1336810 761.5
1336820 775.1
1336830 783.6
1336840 783.6
1336850 787.9
1336860 788.6
1336870 788.6
1336880 790.2
1336890 789.3
1336900 789.3
1336910 787.3
1336920 785.1
1336930 785.1
1336940 781.4
1336950 776.5
1336960 771.0
1336970 771.0
1336980 765.4
1336990 768.4
1337000 768.4
1337010 769.7
1337020 768.4
1337030 768.4
1337040 768.0
1337050 769.8
1337060 769.8
1337070 772.7
1337080 775.6
1337090 775.6
1337100 775.7
1337110 776.3
1337120 776.3
1337130 780.0
1337140 788.4
1337150 788.4
1337160 794.4
1337170 795.3
1337180 795.3
1337190 799.8
1337200 797.3
1337210 797.3
1337220 795.4
1337230 792.7
1337240 792.7
1337250 787.2
1337260 782.2
1337270 774.2
1337280 774.2
1337290 763.4
1337300 747.2
1337310 747.2
1337320 725.2
1337330 706.0
1337340 706.0
1337350 722.2
1337360 753.3
1337370 753.3
1337380 781.5
1337390 810.0
1337400 810.0
1337410 818.2
1337420 821.2
1337430 821.2
1337440 827.1
1337450 836.9
1337460 836.9
1337470 851.1
1337480 859.3
1337490 859.3
1337500 861.5
1337510 861.1
1337520 861.1
1337530 856.9
1337540 851.0
1337550 851.0
1337560 844.5
1337570 837.6
1337580 837.6
1337590 830.4
1337600 823.9
1337610 818.8
1337620 818.8
1337630 815.9
1337640 812.0
1337650 812.0
1337660 806.3
1337670 800.0
1337680 800.0
1337690 793.7
1337700 785.4
1337710 785.4
1337720 777.8
1337730 771.9
1337740 771.9
1337750 767.8
1337760 766.0
1337770 766.0
1337780 763.7
1337790 760.1
1337800 760.1
1337810 752.6
1337820 740.0
1337830 740.0
1337840 727.1
1337850 717.9
1337860 717.9
1337870 712.7
1337880 711.6
1337890 711.6
1337900 707.4
1337910 695.5
1337920 686.6
1337930 686.6
1337940 682.8
1337950 692.9
1337960 692.9
1337970 703.0
1337980 716.8
1337990 716.8
1338000 729.5
1338010 742.9
1338020 742.9
1338030 751.5
1338040 755.2
1338050 755.2
1338060 761.2
1338070 765.2
1338080 765.2
1338090 770.3
1338100 773.5
1338110 773.5
1338120 776.0
1338130 778.4
1338140 778.4
1338150 779.4
1338160 781.5
1338170 781.5
1338180 783.6
1338190 786.4
1338200 786.4
1338210 789.5
1338220 790.5
1338230 790.5
1338240 788.5
1338250 786.5
1338260 786.0
1338270 786.0
1338280 788.2
1338290 791.1
1338300 791.1
1338310 790.6
1338320 789.5
1338330 789.5
1338340 790.8
1338350 792.6
1338360 792.6
1338370 795.5
1338380 800.9
1338390 800.9
1338400 800.9
1338410 796.2
1338420 796.2
1338430 790.3
1338440 785.7
1338450 785.7
1338460 786.7
1338470 788.2
1338480 788.2
1338490 784.4
1338500 779.8
1338510 779.8
1338520 777.3
1338530 773.9
1338540 773.9
1338550 763.1
1338560 749.2
1338570 734.6
1338580 734.6
1338590 722.4
1338600 713.6
1338610 713.6
1338620 705.7
1338630 697.0
1338640 697.0
1338650 697.9
1338660 707.5
1338670 707.5
1338680 716.0
1338690 725.8
1338700 725.8
1338710 737.5
1338720 747.4
1338730 747.4
1338740 754.6
1338750 758.5
1338760 758.5
1338770 765.6
1338780 773.9
1338790 773.9
1338800 782.1
1338810 790.5
1338820 790.5
1338830 798.8
1338840 807.9
1338850 807.9
1338860 816.9
1338870 824.6
1338880 824.6
1338890 833.3
1338900 839.3
1338910 843.6
1338920 843.6
1338930 849.3
1338940 857.6
1338950 857.6
1338960 862.1
1338970 866.6
1338980 866.6
1338990 870.7
1339000 876.6
1339010 876.6
1339020 882.8
1339030 889.3
1339040 889.3
1339050 896.6
1339060 901.9
1339070 901.9
1339080 904.4
1339090 907.2
1339100 907.2
1339110 911.0
1339120 914.5
1339130 914.5
1339140 917.7
1339150 921.6
1339160 921.6
1339170 925.6
1339180 928.9
1339190 928.9
1339200 933.2
1339210 938.5
1339220 943.2
1339230 943.2
1339240 945.2
1339250 945.6
1339260 945.6
1339270 947.5
1339280 950.7
1339290 950.7
1339300 953.6
1339310 954.9
1339320 954.9
1339330 961.1
1339340 967.7
1339350 967.7
1339360 968.2
1339370 967.5
1339380 967.5
1339390 966.8
1339400 965.5
1339410 965.5
1339420 965.0
1339430 961.6
1339440 961.6
1339450 954.1
1339460 947.6
1339470 947.6
1339480 938.9
1339490 930.8
1339500 930.8
1339510 931.8
1339520 929.4
1339530 929.4
1339540 924.9
1339550 920.8
1339560 917.2
1339570 917.2
1339580 913.3
1339590 909.3
1339600 909.3
1339610 905.5
1339620 901.5
1339630 901.5
1339640 896.9
1339650 890.9
1339660 890.9
1339670 883.0
1339680 872.7
1339690 872.7
1339700 861.3
1339710 849.0
1339720 849.0
1339730 838.4
1339740 830.7
1339750 830.7
1339760 822.9
1339770 815.2
1339780 815.2
1339790 807.1
1339800 798.4
1339810 798.4
1339820 792.0
1339830 784.2
1339840 784.2
1339850 774.5
1339860 762.7
1339870 749.4
1339880 749.4
1339890 735.2
1339900 715.4
1339910 715.4
1339920 710.3
1339930 720.5
1339940 720.5
1339950 732.8
1339960 740.8
1339970 740.8
1339980 751.5
1339990 768.2
