1320000 806.0
1320010 806.0
1320020 802.1
1320030 798.4
1320040 798.4
1320050 795.4
1320060 792.9
1320070 791.1
1320080 791.1
1320090 791.0
1320100 790.5
1320110 790.5
1320120 789.6
1320130 788.8
1320140 788.8
1320150 782.2
1320160 777.8
1320170 777.8
1320180 771.1
1320190 765.7
1320200 765.7
1320210 761.9
1320220 759.9
1320230 759.9
1320240 758.9
1320250 757.8
1320260 757.8
1320270 755.8
1320280 750.9
1320290 750.9
1320300 745.6
1320310 739.9
1320320 739.9
1320330 733.5
1320340 726.2
1320350 726.2
1320360 718.4
1320370 712.5
1320380 707.9
1320390 707.9
1320400 704.4
1320410 699.9
1320420 699.9
1320430 695.0
1320440 691.7
1320450 691.7
1320460 689.2
1320470 686.5
1320480 686.5
1320490 683.3
1320500 680.3
1320510 680.3
1320520 677.5
1320530 674.6
1320540 674.6
1320550 672.5
1320560 669.9
1320570 669.9
1320580 666.8
1320590 663.9
1320600 663.9
1320610 661.2
1320620 658.4
1320630 658.4
1320640 655.5
1320650 652.6
1320660 652.6
1320670 649.4
1320680 646.8
1320690 646.8
1320700 644.9
1320710 643.0
1320720 640.8
1320730 640.8
1320740 638.1
1320750 635.3
1320760 635.3
1320770 632.7
1320780 629.8
1320790 629.8
1320800 626.4
1320810 622.9
1320820 622.9
1320830 620.3
1320840 620.5
1320850 620.5
1320860 621.3
1320870 620.0
1320880 620.0
1320890 617.9
1320900 615.6
1320910 615.6
1320920 612.7
1320930 602.4
1320940 602.4
1320950 595.6
1320960 589.3
1320970 589.3
1320980 582.8
1320990 575.1
1321000 575.1
1321010 567.2
1321020 562.6
1321030 559.0
1321040 559.0
1321050 556.0
1321060 554.6
1321070 554.6
1321080 554.8
1321090 557.7
1321100 557.7
1321110 564.6
1321120 571.4
1321130 571.4
1321140 574.4
1321150 574.8
1321160 574.8
1321170 575.9
1321180 577.8
1321190 577.8
1321200 577.4
1321210 576.9
1321220 576.9
1321230 577.2
1321240 578.8
1321250 578.8
1321260 583.5
1321270 591.0
1321280 591.0
1321290 599.3
1321300 607.8
1321310 607.8
1321320 615.5
1321330 622.2
1321340 622.2
1321350 629.1
1321360 636.3
1321370 643.9
1321380 643.9
1321390 652.0
1321400 659.5
1321410 659.5
1321420 667.0
1321430 674.2
1321440 674.2
1321450 680.9
1321460 687.2
1321470 687.2
1321480 691.1
1321490 693.7
1321500 693.7
1321510 699.3
1321520 704.9
1321530 704.9
1321540 708.4
1321550 711.1
1321560 711.1
1321570 713.1
1321580 716.2
1321590 716.2
1321600 720.2
1321610 725.6
1321620 725.6
1321630 731.7
1321640 737.1
1321650 737.1
1321660 743.9
1321670 750.4
1321680 757.4
1321690 757.4
1321700 763.5
1321710 768.3
1321720 772.4
1321730 777.5
1321740 783.0
1321750 783.0
1321760 789.0
1321770 795.5
1321780 795.5
1321790 801.9
1321800 808.3
1321810 808.3
1321820 815.5
1321830 824.7
1321840 824.7
1321850 836.9
1321860 844.4
1321870 844.4
1321880 851.5
1321890 858.6
1321900 858.6
1321910 865.7
1321920 873.2
1321930 873.2
1321940 881.9
1321950 891.9
1321960 891.9
1321970 900.7
1321980 906.8
1321990 906.8
1322000 911.8
1322010 916.6
1322020 922.1
1322030 922.1
1322040 927.7
1322050 932.9
1322060 932.9
1322070 937.8
1322080 943.0
1322090 943.0
1322100 948.7
1322110 955.0
1322120 955.0
1322130 961.7
1322140 968.1
1322150 968.1
1322160 971.6
1322170 975.8
1322180 975.8
1322190 983.0
1322200 992.2
1322210 992.2
1322220 1001.9
1322230 1010.0
1322240 1010.0
1322250 1018.4
1322260 1027.5
1322270 1027.5
1322280 1037.4
1322290 1045.0
1322300 1045.0
1322310 1051.8
1322320 1057.9
1322330 1063.8
1322340 1063.8
1322350 1070.3
1322360 1077.0
1322370 1077.0
1322380 1083.0
1322390 1089.6
1322400 1089.6
1322410 1096.5
1322420 1102.9
1322430 1102.9
1322440 1108.2
1322450 1112.6
1322460 1112.6
1322470 1115.2
1322480 1119.9
1322490 1119.9
1322500 1128.4
1322510 1134.7
1322520 1134.7
1322530 1140.9
1322540 1147.1
1322550 1147.1
1322560 1153.4
1322570 1160.0
1322580 1160.0
1322590 1166.9
1322600 1173.5
1322610 1173.5
1322620 1179.2
1322630 1184.6
1322640 1184.6
1322650 1190.5
1322660 1196.5
1322670 1202.7
1322680 1202.7
1322690 1208.3
1322700 1213.7
1322710 1213.7
1322720 1218.8
1322730 1224.0
1322740 1224.0
1322750 1229.2
1322760 1232.2
1322770 1232.2
1322780 1233.7
1322790 1234.1
1322800 1234.1
1322810 1235.4
1322820 1237.2
1322830 1237.2
1322840 1237.3
1322850 1236.8
1322860 1236.8
1322870 1234.6
1322880 1231.1
1322890 1231.1
1322900 1227.1
1322910 1224.0
1322920 1224.0
1322930 1221.0
1322940 1217.0
1322950 1217.0
1322960 1212.6
1322970 1207.8
1322980 1197.4
1322990 1197.4
1323000 1184.7
1323010 1177.4
1323020 1177.4
1323030 1169.4
1323040 1154.7
1323050 1154.7
1323060 1137.4
1323070 1127.5
1323080 1127.5
1323090 1120.7
1323100 1115.1
1323110 1115.1
1323120 1111.0
1323130 1103.0
1323140 1103.0
1323150 1095.5
1323160 1089.9
1323170 1089.9
1323180 1082.0
1323190 1074.3
1323200 1074.3
1323210 1068.4
1323220 1058.7
1323230 1058.7
1323240 1048.2
1323250 1039.6
1323260 1039.6
1323270 1032.9
1323280 1016.8
1323290 1006.7
1323300 994.8
1323310 985.1
1323320 982.7
1323330 982.7
1323340 979.3
1323350 978.1
1323360 978.1
1323370 980.3
1323380 983.8
1323390 983.8
1323400 986.7
1323410 990.3
1323420 990.3
1323430 994.0
1323440 995.4
1323450 995.4
1323460 995.6
1323470 995.4
1323480 995.4
1323490 994.2
1323500 992.9
1323510 992.9
1323520 990.8
1323530 988.3
1323540 988.3
1323550 985.9
1323560 983.4
1323570 983.4
1323580 980.9
1323590 978.1
1323600 978.1
1323610 975.6
1323620 973.4
1323630 972.0
1323640 972.0
1323650 971.6
1323660 972.0
1323670 972.0
1323680 975.0
1323690 978.8
1323700 978.8
1323710 978.6
1323720 975.9
1323730 975.9
1323740 974.0
1323750 974.0
1323760 974.0
1323770 975.4
1323780 974.1
1323790 974.1
1323800 970.5
1323810 967.0
1323820 967.0
1323830 963.9
1323840 963.0
1323850 963.0
1323860 962.9
1323870 962.9
1323880 962.9
1323890 962.8
1323900 963.3
1323910 963.3
1323920 964.2
1323930 964.5
1323940 964.5
1323950 963.1
1323960 961.2
1323970 960.2
1323980 960.2
1323990 957.0
1324000 950.5
1324010 950.5
1324020 943.8
1324030 937.0
1324040 937.0
1324050 931.9
1324060 928.8
1324070 928.8
1324080 923.6
1324090 910.2
1324100 910.2
1324110 886.3
1324120 885.9
1324130 885.9
1324140 900.0
1324150 909.8
1324160 909.8
1324170 903.5
1324180 889.0
1324190 889.0
1324200 891.6
1324210 901.3
1324220 901.3
1324230 908.0
1324240 911.6
1324250 911.6
1324260 914.9
1324270 913.5
1324280 901.0
1324290 901.0
1324300 879.9
1324310 858.5
1324320 858.5
1324330 839.9
1324340 816.5
1324350 816.5
1324360 799.0
1324370 788.8
1324380 788.8
1324390 780.0
1324400 775.9
1324410 775.9
1324420 772.9
1324430 769.4
1324440 769.4
1324450 765.4
1324460 761.2
1324470 761.2
1324480 756.5
1324490 751.9
1324500 751.9
1324510 748.1
1324520 744.4
1324530 744.4
1324540 739.5
1324550 736.6
1324560 736.6
1324570 733.7
1324580 730.6
1324590 730.6
1324600 727.9
1324610 723.1
1324620 719.5
1324630 719.5
1324640 715.1
1324650 712.3
1324660 712.3
1324670 709.9
1324680 707.4
1324690 707.4
1324700 705.1
1324710 702.3
1324720 702.3
1324730 699.8
1324740 697.7
1324750 697.7
1324760 695.2
1324770 692.8
1324780 692.8
1324790 690.4
1324800 687.7
1324810 687.7
1324820 680.2
1324830 673.5
1324840 673.5
1324850 665.9
1324860 656.2
1324870 656.2
1324880 649.0
1324890 637.5
1324900 637.5
1324910 633.1
1324920 627.8
1324930 623.0
1324940 623.0
1324950 619.0
1324960 616.1
1324970 616.1
1324980 612.4
1324990 609.9
1325000 609.9
1325010 607.8
1325020 605.6
1325030 605.6
1325040 604.1
1325050 603.9
1325060 603.9
1325070 603.2
1325080 600.9
1325090 600.9
1325100 598.1
1325110 595.1
1325120 595.1
1325130 593.6
1325140 592.5
1325150 592.5
1325160 591.4
1325170 590.3
1325180 590.3
1325190 588.4
1325200 587.8
1325210 587.8
1325220 587.1
1325230 585.8
1325240 585.8
1325250 585.1
1325260 584.9
1325270 584.1
1325280 584.1
1325290 583.7
1325300 583.3
1325310 583.3
1325320 582.9
1325330 582.7
1325340 582.7
1325350 583.0
1325360 583.6
1325370 583.6
1325380 583.5
1325390 583.2
1325400 583.2
1325410 583.4
1325420 583.6
1325430 583.6
1325440 584.0
1325450 584.2
1325460 584.2
1325470 584.6
1325480 584.4
1325490 584.4
1325500 584.2
1325510 584.2
1325520 584.2
1325530 584.3
1325540 584.1
1325550 584.1
1325560 584.0
1325570 583.3
1325580 583.2
1325590 583.2
1325600 583.1
1325610 582.7
1325620 582.7
1325630 582.2
1325640 581.4
1325650 581.4
1325660 580.7
1325670 580.2
1325680 580.2
1325690 579.3
1325700 578.6
1325710 578.6
1325720 578.0
1325730 577.5
1325740 577.5
1325750 577.1
1325760 576.6
1325770 576.6
1325780 576.1
1325790 575.6
1325800 575.6
1325810 575.1
1325820 574.8
1325830 574.8
1325840 574.5
1325850 574.6
1325860 574.6
1325870 574.4
1325880 573.8
1325890 573.8
1325900 573.3
1325910 573.1
1325920 572.8
1325930 572.8
1325940 572.7
1325950 572.5
1325960 572.5
1325970 572.2
1325980 572.1
1325990 572.1
1326000 572.0
1326010 571.8
1326020 571.8
1326030 571.7
1326040 571.6
1326050 571.6
1326060 571.4
1326070 571.4
1326080 571.4
1326090 571.3
1326100 571.2
1326110 571.2
1326120 571.2
1326130 571.2
1326140 571.2
1326150 571.7
1326160 571.9
1326170 571.9
1326180 571.5
1326190 571.3
1326200 571.3
1326210 571.6
1326220 571.9
1326230 571.7
1326240 571.7
1326250 571.2
1326260 571.0
1326270 571.0
1326280 570.9
1326290 570.7
1326300 570.7
1326310 570.5
1326320 570.4
1326330 570.4
1326340 570.4
1326350 570.4
1326360 570.4
1326370 570.4
1326380 570.4
1326390 570.4
1326400 570.3
1326410 570.3
1326420 570.3
1326430 570.3
1326440 570.3
1326450 570.3
1326460 570.2
1326470 570.2
1326480 570.2
1326490 570.3
1326500 570.4
1326510 570.4
1326520 570.5
1326530 570.7
1326540 570.7
1326550 571.2
1326560 572.1
1326570 573.2
1326580 573.2
1326590 574.5
1326600 575.7
1326610 575.7
1326620 577.0
1326630 579.1
1326640 579.1
1326650 582.6
1326660 587.0
1326670 587.0
1326680 590.6
1326690 593.2
1326700 593.2
1326710 594.6
1326720 594.3
1326730 594.3
1326740 592.8
1326750 591.0
1326760 591.0
1326770 588.4
1326780 585.7
1326790 585.7
1326800 582.7
1326810 578.9
1326820 578.9
1326830 574.8
1326840 571.5
1326850 571.5
1326860 570.2
1326870 569.9
1326880 569.9
1326890 569.9
1326900 569.7
1326910 569.5
1326920 569.5
1326930 569.4
1326940 569.3
1326950 569.3
1326960 569.2
1326970 569.1
1326980 569.1
1326990 569.0
1327000 568.9
1327010 568.9
1327020 568.9
1327030 568.9
1327040 568.9
1327050 569.0
1327060 569.1
1327070 569.1
1327080 568.9
1327090 568.8
1327100 568.8
1327110 568.7
1327120 568.8
1327130 568.8
1327140 568.7
1327150 568.7
1327160 568.7
1327170 568.6
1327180 567.9
1327190 567.9
1327200 568.4
1327210 568.8
1327220 568.9
1327230 568.9
1327240 568.9
1327250 568.9
1327260 568.9
1327270 568.9
1327280 568.8
1327290 568.8
1327300 568.7
1327310 568.8
1327320 568.8
1327330 569.0
1327340 569.0
1327350 569.0
1327360 568.8
1327370 568.7
1327380 568.7
1327390 568.6
1327400 568.7
1327410 568.7
1327420 568.6
1327430 568.6
1327440 568.6
1327450 568.6
1327460 568.7
1327470 568.7
1327480 568.8
1327490 568.4
1327500 568.4
1327510 568.1
1327520 568.4
1327530 568.8
1327540 568.8
1327550 569.2
1327560 569.4
1327570 569.4
1327580 569.4
1327590 569.7
1327600 569.7
1327610 570.2
1327620 570.6
1327630 570.6
1327640 570.8
1327650 571.1
1327660 571.1
1327670 571.4
1327680 571.6
1327690 571.6
1327700 573.7
1327710 578.7
1327720 578.7
1327730 582.3
1327740 580.3
1327750 580.3
1327760 576.5
1327770 575.8
1327780 575.8
1327790 575.9
1327800 576.1
1327810 576.1
1327820 576.6
1327830 578.2
1327840 578.2
1327850 580.4
1327860 583.0
1327870 585.9
1327880 585.9
1327890 587.9
1327900 588.6
1327910 588.6
1327920 588.8
1327930 589.7
1327940 589.7
1327950 589.4
1327960 587.1
1327970 587.1
1327980 584.5
1327990 583.1
1328000 583.1
1328010 582.9
1328020 583.1
1328030 583.1
1328040 583.5
1328050 584.3
1328060 584.3
1328070 586.0
1328080 588.1
1328090 588.1
1328100 589.9
1328110 590.9
1328120 589.0
1328130 589.4
1328140 590.2
1328150 590.2
1328160 591.2
1328170 592.8
1328180 592.8
1328190 594.9
1328200 596.9
1328210 598.5
1328220 598.5
1328230 600.0
1328240 602.1
1328250 602.1
1328260 604.6
1328270 607.3
1328280 607.3
1328290 609.0
1328300 610.1
1328310 610.1
1328320 610.6
1328330 609.5
1328340 609.5
1328350 608.2
1328360 607.9
1328370 607.9
1328380 608.5
1328390 610.9
1328400 610.9
1328410 612.3
1328420 612.6
1328430 612.6
1328440 612.6
1328450 612.8
1328460 612.8
1328470 613.2
1328480 613.1
1328490 613.1
1328500 611.8
1328510 608.6
1328520 605.5
1328530 605.5
1328540 602.9
1328550 600.0
1328560 600.0
1328570 596.8
1328580 593.7
1328590 593.7
1328600 591.4
1328610 589.7
1328620 589.7
1328630 588.3
1328640 586.6
1328650 586.6
1328660 585.3
1328670 584.5
1328680 584.5
1328690 584.1
1328700 583.9
1328710 583.9
1328720 584.1
1328730 584.7
1328740 584.7
1328750 585.4
1328760 585.5
1328770 585.5
1328780 585.4
1328790 585.2
1328800 585.2
1328810 584.1
1328820 582.7
1328830 582.7
1328840 581.6
1328850 580.8
1328860 579.5
1328870 579.5
1328880 577.7
1328890 576.0
1328900 576.0
1328910 574.9
1328920 574.5
1328930 574.5
1328940 572.2
1328950 572.4
1328960 572.4
1328970 573.1
1328980 574.0
1328990 574.0
1329000 574.8
1329010 575.5
1329020 575.5
1329030 575.1
1329040 573.8
1329050 573.8
1329060 573.0
1329070 572.1
1329080 572.1
1329090 570.3
1329100 568.0
1329110 568.0
1329120 565.8
1329130 563.3
1329140 563.3
1329150 560.3
1329160 558.1
1329170 555.5
1329180 555.5
1329190 552.5
1329200 549.7
1329210 549.7
1329220 546.5
1329230 542.6
1329240 542.6
1329250 539.8
1329260 538.5
1329270 538.5
1329280 537.7
1329290 537.3
1329300 537.3
1329310 537.2
1329320 537.9
1329330 537.9
1329340 537.5
1329350 535.2
1329360 535.2
1329370 533.1
1329380 532.2
1329390 532.2
1329400 532.3
1329410 533.2
1329420 533.2
1329430 534.1
1329440 534.7
1329450 534.7
1329460 534.6
1329470 532.9
1329480 532.9
1329490 529.6
1329500 526.3
1329510 524.0
1329520 524.0
1329530 522.5
1329540 521.5
1329550 521.5
1329560 520.4
1329570 519.6
1329580 519.6
1329590 519.0
1329600 518.7
1329610 518.7
1329620 518.5
1329630 518.4
1329640 518.4
1329650 518.4
1329660 518.5
1329670 518.5
1329680 519.5
1329690 522.6
1329700 522.6
1329710 524.7
1329720 525.0
1329730 525.0
1329740 525.0
1329750 522.8
1329760 513.9
1329770 508.2
1329780 505.9
1329790 505.9
1329800 506.1
1329810 505.9
1329820 505.6
1329830 505.6
1329840 505.7
1329850 505.7
1329860 505.7
1329870 505.6
1329880 505.6
1329890 505.6
1329900 505.6
1329910 505.6
1329920 505.6
1329930 505.6
1329940 505.6
1329950 505.6
1329960 505.6
1329970 505.5
1329980 505.5
1329990 505.5
1330000 505.5
1330010 505.5
1330020 505.5
1330030 505.4
1330040 505.4
1330050 505.5
1330060 505.5
1330070 505.5
1330080 505.5
1330090 505.9
1330100 505.9
1330110 506.8
1330120 507.7
1330130 507.7
1330140 508.1
1330150 508.5
1330160 508.6
1330170 508.6
1330180 508.4
1330190 508.2
1330200 508.2
1330210 508.3
1330220 508.6
1330230 508.6
1330240 508.7
1330250 509.2
1330260 509.2
1330270 509.7
1330280 510.1
1330290 510.1
1330300 510.3
1330310 510.3
1330320 510.3
1330330 510.3
1330340 510.1
1330350 510.1
1330360 509.9
1330370 509.4
1330380 509.4
1330390 508.6
1330400 508.1
1330410 508.1
1330420 508.0
1330430 507.9
1330440 507.9
1330450 507.8
1330460 507.7
1330470 507.6
1330480 507.6
1330490 507.6
1330500 507.6
1330510 507.6
1330520 507.6
1330530 507.6
1330540 507.6
1330550 507.6
1330560 507.5
1330570 507.5
1330580 507.5
1330590 507.4
1330600 507.4
1330610 507.3
1330620 507.3
1330630 507.3
1330640 507.3
1330650 507.3
1330660 507.3
1330670 507.3
1330680 507.3
1330690 507.3
1330700 507.3
1330710 507.4
1330720 507.4
1330730 507.3
1330740 507.3
1330750 507.3
1330760 507.2
1330770 507.2
1330780 507.2
1330790 507.3
1330800 507.3
1330810 507.3
1330820 507.3
1330830 507.3
1330840 507.3
1330850 507.3
1330860 507.2
1330870 507.1
1330880 507.1
1330890 507.1
1330900 507.0
1330910 507.0
1330920 507.1
1330930 507.1
1330940 507.1
1330950 507.0
1330960 507.0
1330970 507.0
1330980 507.1
1330990 507.1
1331000 507.1
1331010 507.0
1331020 507.0
1331030 507.0
1331040 506.9
1331050 506.9
1331060 506.9
1331070 506.9
1331080 506.8
1331090 506.8
1331100 506.8
1331110 506.8
1331120 506.7
1331130 506.7
1331140 506.7
1331150 506.7
1331160 506.7
1331170 506.6
1331180 506.6
1331190 506.6
1331200 506.6
1331210 506.6
1331220 506.6
1331230 506.6
1331240 506.7
1331250 506.7
1331260 506.7
1331270 506.8
1331280 506.8
1331290 506.4
1331300 505.7
1331310 505.7
1331320 506.0
1331330 506.4
1331340 506.4
1331350 505.8
1331360 505.7
1331370 505.7
1331380 506.4
1331390 506.5
1331400 506.5
1331410 506.5
1331420 507.0
1331430 507.0
1331440 507.2
1331450 508.4
1331460 509.6
1331470 509.6
1331480 509.5
1331490 508.1
1331500 508.1
1331510 506.6
1331520 506.0
1331530 506.0
1331540 505.9
1331550 505.8
1331560 505.8
1331570 506.1
1331580 506.5
1331590 506.5
1331600 506.5
1331610 506.4
1331620 506.4
1331630 506.4
1331640 506.4
1331650 506.4
1331660 506.4
1331670 506.4
1331680 506.4
1331690 506.3
1331700 506.2
1331710 506.2
1331720 506.2
1331730 506.2
1331740 506.2
1331750 506.2
1331760 506.2
1331770 506.2
1331780 506.2
1331790 506.2
1331800 506.2
1331810 506.2
1331820 506.2
1331830 506.1
1331840 506.1
1331850 506.1
1331860 506.0
1331870 506.0
1331880 506.0
1331890 506.0
1331900 506.0
1331910 506.0
1331920 506.0
1331930 506.0
1331940 506.0
1331950 506.1
1331960 506.1
1331970 506.1
1331980 506.0
1331990 506.0
1332000 506.0
1332010 505.9
1332020 505.9
1332030 505.8
1332040 505.8
1332050 505.8
1332060 505.7
1332070 505.7
1332080 505.7
1332090 505.9
1332100 506.4
1332110 506.4
1332120 506.4
1332130 506.4
1332140 506.6
1332150 506.6
1332160 506.6
1332170 506.0
1332180 506.0
1332190 505.9
1332200 505.6
1332210 505.6
1332220 505.5
1332230 505.5
1332240 505.5
1332250 505.5
1332260 505.5
1332270 505.5
1332280 505.5
1332290 505.5
1332300 505.5
1332310 505.4
1332320 505.4
1332330 505.4
1332340 505.4
1332350 505.3
1332360 505.3
1332370 505.3
1332380 505.3
1332390 505.3
1332400 505.3
1332410 505.5
1332420 505.6
1332430 505.6
1332440 505.5
1332450 505.4
1332460 505.4
1332470 505.4
1332480 505.4
1332490 505.4
1332500 505.5
1332510 505.6
1332520 505.6
1332530 505.7
1332540 505.9
1332550 505.9
1332560 505.3
1332570 505.9
1332580 505.9
1332590 506.1
1332600 505.8
1332610 505.8
1332620 505.8
1332630 505.8
1332640 505.8
1332650 505.8
1332660 505.8
1332670 505.8
1332680 505.7
1332690 505.6
1332700 505.6
1332710 505.6
1332720 505.6
1332730 505.6
1332740 505.6
1332750 505.6
1332760 505.5
1332770 505.5
1332780 505.5
1332790 505.6
1332800 505.6
1332810 505.6
1332820 505.6
1332830 505.6
1332840 505.6
1332850 505.7
1332860 505.7
1332870 505.8
1332880 505.9
1332890 505.9
1332900 505.5
1332910 506.6
1332920 506.6
1332930 509.5
1332940 515.3
1332950 515.3
1332960 517.6
1332970 517.2
1332980 517.2
1332990 517.1
1333000 517.3
1333010 517.3
1333020 517.5
1333030 517.7
1333040 517.7
1333050 517.9
1333060 518.2
1333070 518.4
1333080 518.4
1333090 518.6
1333100 518.9
1333110 518.9
1333120 519.2
1333130 519.5
1333140 519.5
1333150 519.6
1333160 519.7
1333170 519.7
1333180 519.9
1333190 520.1
1333200 520.1
1333210 520.3
1333220 520.4
1333230 520.4
1333240 520.6
1333250 520.8
1333260 520.8
1333270 521.0
1333280 521.2
1333290 521.2
1333300 521.4
1333310 521.7
1333320 521.7
1333330 521.8
1333340 522.0
1333350 522.0
1333360 522.2
1333370 522.3
1333380 522.3
1333390 522.4
1333400 522.5
1333410 522.9
1333420 522.9
1333430 522.9
1333440 522.9
1333450 522.9
1333460 523.0
1333470 522.9
1333480 522.9
1333490 522.9
1333500 522.8
1333510 522.8
1333520 522.8
1333530 522.9
1333540 522.9
1333550 522.8
1333560 522.8
1333570 522.8
1333580 522.9
1333590 523.0
1333600 523.0
1333610 523.1
1333620 523.2
1333630 523.2
1333640 523.2
1333650 523.1
1333660 523.1
1333670 523.1
1333680 523.1
1333690 523.1
1333700 523.1
1333710 523.3
1333720 523.5
1333730 523.5
1333740 524.0
1333750 526.0
1333760 526.0
1333770 528.0
1333780 528.1
1333790 528.1
1333800 527.8
1333810 527.8
1333820 527.8
1333830 528.2
1333840 528.4
1333850 528.4
1333860 528.6
1333870 528.7
1333880 528.7
1333890 528.8
1333900 528.8
1333910 528.8
1333920 528.7
1333930 528.6
1333940 528.6
1333950 529.4
1333960 529.3
1333970 529.3
1333980 529.1
1333990 529.2
1334000 529.2
1334010 529.4
1334020 529.6
1334030 529.6
1334040 529.9
1334050 530.2
1334060 530.2
1334070 530.2
1334080 530.4
1334090 530.6
1334100 530.6
1334110 530.8
1334120 531.0
1334130 531.0
1334140 531.1
1334150 531.2
1334160 531.2
1334170 531.2
1334180 531.2
1334190 531.2
1334200 531.3
1334210 531.3
1334220 531.3
1334230 531.1
1334240 530.7
1334250 530.7
1334260 530.0
1334270 529.2
1334280 529.2
1334290 528.7
1334300 528.8
1334310 528.8
1334320 529.1
1334330 529.3
1334340 529.3
1334350 529.2
1334360 529.2
1334370 529.3
1334380 529.3
1334390 529.5
1334400 529.9
1334410 529.9
1334420 529.8
1334430 529.7
1334440 529.7
1334450 529.8
1334460 529.6
1334470 529.6
1334480 527.7
1334490 528.4
1334500 528.4
1334510 528.9
1334520 528.9
1334530 528.9
1334540 528.8
1334550 527.0
1334560 527.0
1334570 527.2
1334580 530.5
1334590 530.5
1334600 530.9
1334610 530.6
1334620 530.6
1334630 530.0
1334640 529.3
1334650 529.3
1334660 529.6
1334670 530.2
1334680 530.2
1334690 530.3
1334700 529.3
1334710 528.4
1334720 528.4
1334730 528.6
1334740 528.3
1334750 528.3
1334760 528.3
1334770 528.0
1334780 528.0
1334790 527.8
1334800 527.8
1334810 527.8
1334820 527.9
1334830 527.9
1334840 527.9
1334850 527.8
1334860 528.6
1334870 528.6
1334880 529.4
1334890 529.5
1334900 529.5
1334910 529.5
1334920 529.4
1334930 529.4
1334940 529.6
1334950 530.0
1334960 530.0
1334970 530.2
1334980 530.3
1334990 530.3
1335000 530.1
1335010 530.1
1335020 530.0
1335030 530.0
1335040 529.9
1335050 530.0
1335060 530.0
1335070 530.1
1335080 530.0
1335090 530.0
1335100 530.1
1335110 530.4
1335120 530.4
1335130 531.1
1335140 531.7
1335150 531.7
1335160 531.7
1335170 531.6
1335180 531.6
1335190 531.5
1335200 531.4
1335210 531.4
1335220 531.4
1335230 531.1
1335240 531.1
1335250 530.8
1335260 530.6
1335270 530.6
1335280 530.5
1335290 530.4
1335300 530.4
1335310 530.3
1335320 530.1
1335330 530.1
1335340 530.0
1335350 529.8
1335360 529.6
1335370 529.6
1335380 529.5
1335390 529.6
1335400 529.6
1335410 530.7
1335420 533.2
1335430 533.2
1335440 535.6
1335450 536.0
1335460 536.0
1335470 535.3
1335480 537.3
1335490 537.3
1335500 540.3
1335510 544.1
1335520 544.1
1335530 548.2
1335540 554.7
1335550 554.7
1335560 561.3
1335570 567.7
1335580 567.7
1335590 572.3
1335600 575.6
1335610 575.6
1335620 577.8
1335630 579.3
1335640 579.3
1335650 579.6
1335660 582.8
1335670 583.4
1335680 583.4
1335690 584.4
1335700 584.5
1335710 584.5
1335720 585.1
1335730 588.8
1335740 588.8
1335750 592.0
1335760 593.1
1335770 593.1
1335780 594.4
1335790 594.9
1335800 594.9
1335810 595.0
1335820 594.9
1335830 594.9
1335840 594.7
1335850 594.2
1335860 594.2
1335870 593.9
1335880 593.6
1335890 593.6
1335900 592.8
1335910 591.6
1335920 591.6
1335930 593.0
1335940 592.7
1335950 592.7
1335960 592.4
1335970 592.0
1335980 592.0
1335990 591.6
1336000 591.6
1336010 591.8
1336020 591.8
1336030 592.6
1336040 593.4
1336050 593.4
1336060 594.1
1336070 594.8
1336080 594.8
1336090 595.5
1336100 595.6
1336110 595.6
1336120 594.7
1336130 592.6
1336140 592.6
1336150 590.7
1336160 590.8
1336170 590.8
1336180 591.7
1336190 593.7
1336200 593.7
1336210 593.4
1336220 591.9
1336230 591.9
1336240 594.2
1336250 593.2
1336260 593.2
1336270 589.0
1336280 591.9
1336290 591.9
1336300 595.7
1336310 593.0
1336320 589.6
1336330 589.6
1336340 587.1
1336350 586.7
1336360 586.7
1336370 582.9
1336380 580.0
1336390 580.0
1336400 578.1
1336410 576.8
1336420 576.8
1336430 575.0
1336440 572.1
1336450 572.1
1336460 569.5
1336470 567.4
1336480 567.4
1336490 566.3
1336500 565.0
1336510 565.0
1336520 569.5
1336530 567.8
1336540 567.8
1336550 565.9
1336560 562.9
1336570 562.9
1336580 560.3
1336590 557.6
1336600 557.6
1336610 557.8
1336620 558.2
1336630 558.2
1336640 561.9
1336650 573.0
1336660 582.0
1336670 582.0
1336680 589.8
1336690 595.2
1336700 595.2
1336710 593.0
1336720 598.2
1336730 598.2
1336740 606.5
1336750 611.7
1336760 611.7
1336770 614.8
1336780 618.3
1336790 618.3
1336800 621.2
1336810 624.8
1336820 624.8
1336830 627.2
1336840 630.4
1336850 630.4
1336860 634.2
1336870 635.3
1336880 635.3
1336890 635.6
1336900 639.4
1336910 639.4
1336920 640.5
1336930 639.4
1336940 639.4
1336950 638.6
1336960 642.3
1336970 646.3
1336980 646.3
1336990 647.1
1337000 647.6
1337010 647.6
1337020 648.1
1337030 648.2
1337040 648.2
1337050 647.7
1337060 647.7
1337070 647.7
1337080 649.3
1337090 649.3
1337100 649.3
1337110 650.1
1337120 650.1
1337130 650.1
1337140 649.2
1337150 646.4
1337160 646.4
1337170 642.5
1337180 640.0
1337190 640.0
1337200 639.2
1337210 638.9
1337220 638.9
1337230 638.5
1337240 638.3
1337250 638.3
1337260 638.3
1337270 638.3
1337280 638.3
1337290 638.2
1337300 638.3
1337310 639.1
1337320 639.1
1337330 640.8
1337340 655.0
1337350 655.0
1337360 672.4
1337370 688.5
1337380 688.5
1337390 710.2
1337400 719.0
1337410 719.0
1337420 725.3
1337430 729.3
1337440 729.3
1337450 731.0
1337460 729.7
1337470 729.7
1337480 728.8
1337490 728.2
1337500 728.2
1337510 731.1
1337520 728.4
1337530 728.4
1337540 744.0
1337550 754.8
1337560 754.8
1337570 757.8
1337580 752.1
1337590 752.1
1337600 751.8
1337610 761.1
1337620 758.1
1337630 758.1
1337640 749.8
1337650 738.2
1337660 738.2
1337670 730.7
1337680 731.6
1337690 731.6
1337700 731.2
1337710 724.1
1337720 724.1
1337730 718.7
1337740 715.7
1337750 715.7
1337760 712.5
1337770 709.2
1337780 709.2
1337790 706.3
1337800 704.5
1337810 704.5
1337820 701.8
1337830 692.1
1337840 692.1
1337850 675.8
1337860 659.8
1337870 659.8
1337880 658.5
1337890 682.3
1337900 682.3
1337910 686.5
1337920 680.8
1337930 680.8
1337940 673.1
1337950 663.5
1337960 654.0
1337970 654.0
1337980 644.6
1337990 659.5
1338000 659.5
1338010 673.2
1338020 677.4
1338030 677.4
1338040 675.8
1338050 672.8
1338060 672.8
1338070 675.5
1338080 675.4
1338090 675.4
1338100 670.5
1338110 666.8
1338120 666.8
1338130 665.1
1338140 668.0
1338150 668.0
1338160 673.1
1338170 673.2
1338180 673.2
1338190 672.8
1338200 674.2
1338210 674.2
1338220 674.6
1338230 680.6
1338240 680.6
1338250 684.1
1338260 688.5
1338270 690.2
1338280 690.2
1338290 692.1
1338300 694.1
1338310 694.1
1338320 695.8
1338330 698.2
1338340 698.2
1338350 701.6
1338360 705.6
1338370 705.6
1338380 708.7
1338390 707.5
1338400 707.5
1338410 703.7
1338420 702.7
1338430 702.7
1338440 702.7
1338450 705.2
1338460 705.2
1338470 710.7
1338480 714.0
1338490 714.0
1338500 714.3
1338510 712.3
1338520 712.3
1338530 708.9
1338540 704.4
1338550 704.4
1338560 698.9
1338570 687.4
1338580 687.4
1338590 670.0
1338600 659.6
1338610 657.4
1338620 657.4
1338630 661.6
1338640 672.6
1338650 672.6
1338660 679.9
1338670 690.6
1338680 690.6
1338690 699.8
1338700 710.2
1338710 710.2
1338720 724.0
1338730 737.3
1338740 737.3
1338750 747.3
1338760 756.8
1338770 756.8
1338780 765.8
1338790 769.9
1338800 769.9
1338810 769.7
1338820 772.8
1338830 772.8
1338840 777.3
1338850 779.8
1338860 779.8
1338870 780.1
1338880 779.4
1338890 779.4
1338900 780.8
1338910 782.5
1338920 786.9
1338930 786.9
1338940 794.0
1338950 800.7
1338960 800.7
1338970 805.4
1338980 810.0
1338990 810.0
1339000 814.2
1339010 818.6
1339020 818.6
1339030 823.1
1339040 828.0
1339050 828.0
1339060 832.5
1339070 834.6
1339080 834.6
1339090 835.1
1339100 836.2
1339110 836.2
1339120 838.8
1339130 841.7
1339140 841.7
1339150 844.5
1339160 848.5
1339170 848.5
1339180 853.9
1339190 859.4
1339200 859.4
1339210 862.6
1339220 864.4
1339230 864.4
1339240 865.0
1339250 864.5
1339260 863.9
1339270 863.9
1339280 858.1
1339290 851.5
1339300 851.5
1339310 848.7
1339320 851.5
1339330 851.5
1339340 854.4
1339350 856.8
1339360 856.8
1339370 857.9
1339380 855.9
1339390 855.9
1339400 849.8
1339410 843.6
1339420 843.6
1339430 839.6
1339440 836.8
1339450 836.8
1339460 832.2
1339470 826.1
1339480 826.1
1339490 821.8
1339500 819.5
1339510 819.5
1339520 819.1
1339530 817.3
1339540 817.3
1339550 817.8
1339560 817.0
1339570 816.0
1339580 816.0
1339590 811.5
1339600 804.3
1339610 804.3
1339620 794.9
1339630 781.3
1339640 781.3
1339650 767.1
1339660 752.0
1339670 752.0
1339680 741.1
1339690 731.9
1339700 731.9
1339710 714.1
1339720 696.7
1339730 696.7
1339740 673.4
1339750 670.1
1339760 670.1
1339770 678.5
1339780 689.2
1339790 689.2
1339800 704.8
1339810 718.3
1339820 718.3
1339830 728.4
1339840 736.6
1339850 736.6
1339860 743.8
1339870 750.7
1339880 750.7
1339890 760.4
1339900 773.6
1339910 789.5
1339920 789.5
1339930 803.4
1339940 805.2
1339950 805.2
1339960 809.5
1339970 822.6
1339980 822.6
1339990 831.3
