1320000 818.0
1320010 814.6
1320020 814.6
1320030 812.4
1320040 810.4
1320050 810.4
1320060 807.6
1320070 804.9
1320080 804.9
1320090 802.2
1320100 798.4
1320110 798.4
1320120 794.2
1320130 790.5
1320140 790.5
1320150 787.7
1320160 783.1
1320170 783.1
1320180 778.4
1320190 774.1
1320200 770.1
1320210 770.1
1320220 765.2
1320230 760.3
1320240 760.3
1320250 754.3
1320260 748.5
1320270 748.5
1320280 743.1
1320290 738.8
1320300 738.8
1320310 735.3
1320320 731.9
1320330 731.9
1320340 727.8
1320350 722.5
1320360 722.5
1320370 717.8
1320380 714.7
1320390 714.7
1320400 711.9
1320410 708.6
1320420 708.6
1320430 705.9
1320440 705.7
1320450 705.7
1320460 704.5
1320470 700.6
1320480 700.6
1320490 696.2
1320500 692.9
1320510 689.6
1320520 689.6
1320530 684.7
1320540 679.4
1320550 679.4
1320560 674.9
1320570 672.3
1320580 672.3
1320590 671.5
1320600 670.6
1320610 670.6
1320620 669.1
1320630 667.2
1320640 667.2
1320650 664.4
1320660 661.5
1320670 661.5
1320680 658.4
1320690 654.9
1320700 654.9
1320710 651.0
1320720 647.9
1320730 647.9
1320740 645.0
1320750 641.3
1320760 641.3
1320770 636.6
1320780 632.4
1320790 632.4
1320800 627.7
1320810 622.8
1320820 622.8
1320830 616.3
1320840 611.2
1320850 607.4
1320860 607.4
1320870 604.2
1320880 601.4
1320890 601.4
1320900 599.6
1320910 599.6
1320920 599.6
1320930 600.8
1320940 602.6
1320950 602.6
1320960 605.3
1320970 608.4
1320980 608.4
1320990 607.8
1321000 602.5
1321010 602.5
1321020 598.0
1321030 588.8
1321040 588.8
1321050 585.7
1321060 584.1
1321070 584.1
1321080 579.9
1321090 573.5
1321100 573.5
1321110 566.9
1321120 563.5
1321130 563.5
1321140 558.5
1321150 556.3
1321160 556.2
1321170 556.2
1321180 556.8
1321190 560.0
1321200 560.0
1321210 564.5
1321220 570.6
1321230 570.6
1321240 577.3
1321250 582.3
1321260 582.3
1321270 585.4
1321280 588.5
1321290 588.5
1321300 593.5
1321310 599.0
1321320 599.0
1321330 603.8
1321340 609.4
1321350 609.4
1321360 615.6
1321370 621.8
1321380 621.8
1321390 627.8
1321400 632.5
1321410 632.5
1321420 635.4
1321430 638.7
1321440 638.7
1321450 641.1
1321460 643.4
1321470 643.4
1321480 646.7
1321490 651.0
1321500 655.1
1321510 655.1
1321520 658.8
1321530 663.5
1321540 663.5
1321550 667.0
1321560 669.9
1321570 669.9
1321580 674.5
1321590 679.6
1321600 679.6
1321610 688.0
1321620 698.8
1321630 698.8
1321640 706.4
1321650 714.8
1321660 714.8
1321670 723.6
1321680 729.7
1321690 729.7
1321700 735.8
1321710 741.9
1321720 741.9
1321730 748.3
1321740 755.3
1321750 755.3
1321760 761.6
1321770 768.0
1321780 768.0
1321790 774.3
1321800 782.3
1321810 789.7
1321820 789.7
1321830 797.8
1321840 805.5
1321850 805.5
1321860 811.3
1321870 814.8
1321880 814.8
1321890 820.2
1321900 828.3
1321910 828.3
1321920 837.6
1321930 846.8
1321940 846.8
1321950 856.0
1321960 865.0
1321970 865.0
1321980 873.5
1321990 881.3
1322000 881.3
1322010 887.9
1322020 892.8
1322030 892.8
1322040 899.5
1322050 909.3
1322060 909.3
1322070 916.0
1322080 920.9
1322090 920.9
1322100 925.7
1322110 930.1
1322120 930.1
1322130 934.2
1322140 939.7
1322150 947.3
1322160 947.3
1322170 956.2
1322180 960.5
1322190 960.5
1322200 963.4
1322210 966.6
1322220 966.6
1322230 970.8
1322240 976.9
1322250 976.9
1322260 987.0
1322270 996.9
1322280 996.9
1322290 1008.8
1322300 1019.4
1322310 1019.4
1322320 1033.4
1322330 1041.9
1322340 1041.9
1322350 1050.0
1322360 1061.0
1322370 1061.0
1322380 1069.7
1322390 1077.4
1322400 1077.4
1322410 1086.3
1322420 1092.7
1322430 1092.7
1322440 1098.6
1322450 1106.5
1322460 1106.5
1322470 1115.0
1322480 1121.8
1322490 1128.2
1322500 1128.2
1322510 1133.7
1322520 1137.8
1322530 1137.8
1322540 1142.2
1322550 1148.3
1322560 1148.3
1322570 1154.1
1322580 1160.1
1322590 1160.1
1322600 1163.5
1322610 1169.9
1322620 1169.9
1322630 1177.9
1322640 1184.4
1322650 1184.4
1322660 1189.0
1322670 1193.1
1322680 1193.1
1322690 1196.8
1322700 1200.7
1322710 1200.7
1322720 1206.0
1322730 1212.1
1322740 1212.1
1322750 1217.5
1322760 1222.8
1322770 1222.8
1322780 1228.6
1322790 1234.0
1322800 1239.1
1322810 1239.1
1322820 1244.9
1322830 1249.3
1322840 1249.3
1322850 1252.8
1322860 1256.0
1322870 1256.0
1322880 1259.2
1322890 1262.0
1322900 1262.0
1322910 1266.0
1322920 1269.0
1322930 1269.0
1322940 1269.9
1322950 1269.0
1322960 1269.0
1322970 1266.5
1322980 1261.6
1322990 1261.6
1323000 1256.4
1323010 1251.8
1323020 1251.8
1323030 1247.9
1323040 1240.1
1323050 1240.1
1323060 1229.7
1323070 1223.7
1323080 1223.7
1323090 1218.4
1323100 1213.7
1323110 1213.7
1323120 1208.4
1323130 1202.4
1323140 1193.8
1323150 1193.8
1323160 1185.6
1323170 1179.2
1323180 1179.2
1323190 1169.5
1323200 1157.3
1323210 1157.3
1323220 1141.1
1323230 1122.3
1323240 1122.3
1323250 1132.8
1323260 1138.5
1323270 1138.5
1323280 1134.8
1323290 1129.3
1323300 1129.3
1323310 1122.7
1323320 1115.5
1323330 1115.5
1323340 1108.1
1323350 1100.9
1323360 1100.9
1323370 1094.2
1323380 1085.4
1323390 1073.5
1323400 1062.2
1323410 1055.2
1323420 1055.2
1323430 1050.3
1323440 1045.1
1323450 1039.6
1323460 1039.6
1323470 1033.7
1323480 1027.9
1323490 1027.9
1323500 1022.5
1323510 1017.2
1323520 1017.2
1323530 1012.0
1323540 1007.2
1323550 1007.2
1323560 1002.7
1323570 998.3
1323580 998.3
1323590 994.8
1323600 992.4
1323610 992.4
1323620 991.2
1323630 990.2
1323640 990.2
1323650 989.7
1323660 989.9
1323670 989.9
1323680 988.8
1323690 986.9
1323700 986.9
1323710 984.6
1323720 983.1
1323730 983.1
1323740 983.6
1323750 984.5
1323760 984.5
1323770 985.7
1323780 986.0
1323790 985.5
1323800 985.5
1323810 984.2
1323820 983.2
1323830 983.2
1323840 981.9
1323850 980.4
1323860 980.4
1323870 979.0
1323880 978.2
1323890 978.2
1323900 977.0
1323910 975.4
1323920 975.4
1323930 973.7
1323940 972.2
1323950 972.2
1323960 970.9
1323970 969.9
1323980 969.9
1323990 969.0
1324000 967.8
1324010 967.8
1324020 966.2
1324030 964.8
1324040 964.8
1324050 967.2
1324060 972.4
1324070 972.4
1324080 978.7
1324090 982.7
1324100 983.4
1324110 983.4
1324120 982.6
1324130 982.5
1324140 982.5
1324150 985.4
1324160 987.7
1324170 987.7
1324180 984.4
1324190 979.7
1324200 979.7
1324210 978.7
1324220 980.0
1324230 980.0
1324240 980.1
1324250 977.9
1324260 977.9
1324270 974.4
1324280 968.2
1324290 968.2
1324300 961.4
1324310 956.1
1324320 956.1
1324330 951.4
1324340 945.3
1324350 945.3
1324360 935.1
1324370 925.6
1324380 925.6
1324390 920.9
1324400 915.6
1324410 915.6
1324420 906.3
1324430 898.6
1324440 894.2
1324450 894.2
1324460 886.8
1324470 878.9
1324480 878.9
1324490 871.4
1324500 856.9
1324510 856.9
1324520 832.6
1324530 806.9
1324540 806.9
1324550 791.7
1324560 784.5
1324570 784.5
1324580 778.0
1324590 771.7
1324600 771.7
1324610 765.0
1324620 758.2
1324630 758.2
1324640 751.6
1324650 745.3
1324660 745.3
1324670 739.9
1324680 734.3
1324690 734.3
1324700 728.5
1324710 723.0
1324720 723.0
1324730 717.6
1324740 711.9
1324750 706.5
1324760 706.5
1324770 701.8
1324780 697.9
1324790 697.9
1324800 694.5
1324810 692.0
1324820 692.0
1324830 690.3
1324840 688.4
1324850 688.4
1324860 686.7
1324870 685.1
1324880 685.1
1324890 683.8
1324900 682.3
1324910 682.3
1324920 681.1
1324930 680.8
1324940 680.8
1324950 679.9
1324960 676.7
1324970 676.7
1324980 669.8
1324990 665.6
1325000 665.6
1325010 661.1
1325020 657.0
1325030 657.0
1325040 650.8
1325050 640.7
1325060 640.7
1325070 634.1
1325080 630.5
1325090 626.4
1325100 626.4
1325110 622.9
1325120 620.8
1325130 620.8
1325140 620.2
1325150 620.6
1325160 620.6
1325170 619.6
1325180 618.8
1325190 618.8
1325200 618.5
1325210 616.7
1325220 616.7
1325230 614.2
1325240 612.4
1325250 612.4
1325260 610.2
1325270 608.3
1325280 608.3
1325290 606.1
1325300 603.7
1325310 603.7
1325320 602.7
1325330 602.3
1325340 602.3
1325350 601.2
1325360 598.7
1325370 598.7
1325380 597.2
1325390 596.5
1325400 596.5
1325410 596.5
1325420 598.6
1325430 599.8
1325440 599.8
1325450 599.9
1325460 600.2
1325470 600.2
1325480 598.3
1325490 596.2
1325500 596.2
1325510 596.2
1325520 596.3
1325530 596.3
1325540 596.7
1325550 596.3
1325560 596.3
1325570 595.4
1325580 594.4
1325590 594.4
1325600 593.4
1325610 592.6
1325620 592.6
1325630 591.4
1325640 590.4
1325650 590.4
1325660 589.7
1325670 590.1
1325680 590.1
1325690 591.0
1325700 591.1
1325710 591.1
1325720 589.9
1325730 587.9
1325740 586.4
1325750 586.4
1325760 585.1
1325770 584.0
1325780 584.0
1325790 580.6
1325800 578.7
1325810 578.7
1325820 578.0
1325830 577.2
1325840 577.2
1325850 576.9
1325860 576.5
1325870 576.5
1325880 575.9
1325890 575.4
1325900 575.4
1325910 574.9
1325920 574.5
1325930 574.5
1325940 574.3
1325950 574.0
1325960 574.0
1325970 573.9
1325980 573.7
1325990 573.7
1326000 573.5
1326010 573.3
1326020 573.3
1326030 573.2
1326040 573.1
1326050 573.2
1326060 573.2
1326070 573.1
1326080 572.9
1326090 572.9
1326100 572.5
1326110 572.4
1326120 572.4
1326130 572.3
1326140 572.2
1326150 572.2
1326160 572.0
1326170 571.9
1326180 571.9
1326190 571.8
1326200 571.3
1326210 571.3
1326220 570.9
1326230 572.0
1326240 572.0
1326250 573.2
1326260 572.4
1326270 572.4
1326280 571.5
1326290 570.6
1326300 570.6
1326310 570.4
1326320 570.2
1326330 570.2
1326340 570.3
1326350 570.4
1326360 570.4
1326370 570.5
1326380 570.4
1326390 570.3
1326400 570.3
1326410 570.3
1326420 570.3
1326430 570.3
1326440 570.4
1326450 570.5
1326460 570.5
1326470 570.6
1326480 570.7
1326490 570.7
1326500 570.8
1326510 570.8
1326520 570.8
1326530 570.8
1326540 570.7
1326550 570.7
1326560 570.5
1326570 570.3
1326580 570.3
1326590 570.1
1326600 569.9
1326610 569.9
1326620 569.8
1326630 569.7
1326640 569.7
1326650 569.7
1326660 569.6
1326670 569.6
1326680 569.6
1326690 569.5
1326700 569.5
1326710 569.5
1326720 569.5
1326730 569.4
1326740 569.4
1326750 569.4
1326760 569.5
1326770 569.5
1326780 569.6
1326790 569.5
1326800 569.5
1326810 569.5
1326820 569.5
1326830 569.5
1326840 569.6
1326850 569.7
1326860 569.7
1326870 569.8
1326880 569.9
1326890 569.9
1326900 570.0
1326910 570.3
1326920 570.3
1326930 570.9
1326940 570.7
1326950 570.7
1326960 570.1
1326970 570.5
1326980 570.5
1326990 570.7
1327000 570.6
1327010 570.6
1327020 570.4
1327030 570.5
1327040 570.5
1327050 570.5
1327060 570.2
1327070 570.1
1327080 570.1
1327090 570.2
1327100 570.3
1327110 570.3
1327120 570.3
1327130 570.2
1327140 570.2
1327150 569.7
1327160 568.8
1327170 568.8
1327180 568.1
1327190 568.1
1327200 568.1
1327210 568.6
1327220 568.8
1327230 568.8
1327240 568.8
1327250 568.7
1327260 568.7
1327270 568.6
1327280 568.7
1327290 568.7
1327300 569.0
1327310 568.9
1327320 568.9
1327330 568.6
1327340 568.5
1327350 568.5
1327360 568.5
1327370 568.3
1327380 568.3
1327390 568.3
1327400 568.4
1327410 568.4
1327420 568.4
1327430 568.3
1327440 568.4
1327450 568.4
1327460 568.4
1327470 568.5
1327480 568.5
1327490 568.6
1327500 568.7
1327510 568.7
1327520 568.7
1327530 568.8
1327540 568.8
1327550 568.9
1327560 569.0
1327570 569.0
1327580 569.1
1327590 569.0
1327600 569.0
1327610 568.9
1327620 568.9
1327630 568.9
1327640 569.1
1327650 569.3
1327660 569.3
1327670 569.5
1327680 570.3
1327690 572.5
1327700 572.5
1327710 576.0
1327720 579.5
1327730 579.5
1327740 582.7
1327750 585.3
1327760 585.3
1327770 587.2
1327780 586.7
1327790 586.7
1327800 585.0
1327810 583.5
1327820 583.5
1327830 582.3
1327840 581.3
1327850 581.3
1327860 583.1
1327870 587.0
1327880 587.0
1327890 591.2
1327900 595.2
1327910 595.2
1327920 598.2
1327930 597.6
1327940 597.6
1327950 595.0
1327960 592.9
1327970 592.9
1327980 589.7
1327990 586.0
1328000 586.0
1328010 582.3
1328020 580.5
1328030 580.2
1328040 580.2
1328050 580.4
1328060 580.6
1328070 580.6
1328080 580.8
1328090 581.2
1328100 581.2
1328110 581.7
1328120 582.2
1328130 582.2
1328140 582.5
1328150 583.6
1328160 583.6
1328170 585.1
1328180 586.6
1328190 586.6
1328200 587.5
1328210 587.2
1328220 585.5
1328230 586.3
1328240 588.8
1328250 588.8
1328260 591.6
1328270 594.2
1328280 594.2
1328290 596.6
1328300 598.7
1328310 598.7
1328320 600.5
1328330 601.9
1328340 602.4
1328350 602.4
1328360 602.7
1328370 603.9
1328380 603.9
1328390 606.0
1328400 608.2
1328410 608.2
1328420 609.0
1328430 607.4
1328440 607.4
1328450 605.5
1328460 606.4
1328470 606.4
1328480 608.6
1328490 610.9
1328500 610.9
1328510 613.1
1328520 614.6
1328530 614.6
1328540 615.2
1328550 614.8
1328560 614.8
1328570 613.6
1328580 612.3
1328590 612.3
1328600 611.8
1328610 612.2
1328620 612.2
1328630 613.1
1328640 614.4
1328650 614.4
1328660 616.0
1328670 616.2
1328680 614.7
1328690 614.7
1328700 614.0
1328710 613.9
1328720 613.9
1328730 614.4
1328740 617.4
1328750 617.4
1328760 621.8
1328770 625.7
1328780 625.7
1328790 628.2
1328800 629.6
1328810 629.6
1328820 630.4
1328830 630.1
1328840 630.1
1328850 629.8
1328860 629.3
1328870 629.3
1328880 628.1
1328890 626.5
1328900 626.5
1328910 624.2
1328920 621.5
1328930 621.5
1328940 619.1
1328950 616.3
1328960 616.3
1328970 613.1
1328980 610.3
1328990 607.9
1329000 607.9
1329010 606.3
1329020 605.5
1329030 605.5
1329040 604.1
1329050 604.6
1329060 604.6
1329070 605.5
1329080 606.8
1329090 606.8
1329100 608.1
1329110 607.9
1329120 607.9
1329130 605.4
1329140 601.4
1329150 601.4
1329160 596.9
1329170 592.5
1329180 592.5
1329190 588.6
1329200 585.1
1329210 585.1
1329220 582.6
1329230 581.5
1329240 581.5
1329250 581.7
1329260 581.1
1329270 581.1
1329280 580.7
1329290 580.5
1329300 580.5
1329310 579.2
1329320 576.0
1329330 571.0
1329340 571.0
1329350 565.2
1329360 561.3
1329370 561.3
1329380 562.1
1329390 559.4
1329400 559.4
1329410 556.2
1329420 553.6
1329430 553.6
1329440 550.7
1329450 548.3
1329460 548.3
1329470 546.8
1329480 545.8
1329490 545.8
1329500 545.1
1329510 544.0
1329520 544.0
1329530 542.4
1329540 541.6
1329550 541.6
1329560 541.6
1329570 541.9
1329580 541.9
1329590 541.8
1329600 540.2
1329610 540.2
1329620 539.3
1329630 539.5
1329640 540.5
1329650 540.5
1329660 541.6
1329670 542.2
1329680 542.2
1329690 540.8
1329700 537.4
1329710 537.4
1329720 534.6
1329730 533.5
1329740 533.5
1329750 532.8
1329760 532.5
1329770 532.5
1329780 532.1
1329790 530.4
1329800 530.4
1329810 528.0
1329820 525.5
1329830 525.5
1329840 523.4
1329850 522.0
1329860 517.7
1329870 516.1
1329880 516.8
1329890 516.8
1329900 517.7
1329910 516.1
1329920 516.1
1329930 511.4
1329940 509.1
1329950 509.1
1329960 508.7
1329970 508.9
1329980 509.0
1329990 509.0
1330000 508.8
1330010 507.7
1330020 507.7
1330030 506.3
1330040 505.6
1330050 505.6
1330060 505.5
1330070 505.5
1330080 505.5
1330090 505.5
1330100 505.5
1330110 505.5
1330120 505.5
1330130 505.5
1330140 505.5
1330150 505.4
1330160 505.4
1330170 505.4
1330180 505.5
1330190 505.5
1330200 505.5
1330210 505.5
1330220 505.5
1330230 505.5
1330240 505.5
1330250 505.4
1330260 505.4
1330270 505.4
1330280 505.4
1330290 505.4
1330300 505.4
1330310 505.3
1330320 505.3
1330330 505.3
1330340 505.5
1330350 506.6
1330360 506.6
1330370 508.1
1330380 508.5
1330390 508.5
1330400 508.5
1330410 508.3
1330420 508.3
1330430 507.7
1330440 507.3
1330450 507.3
1330460 507.1
1330470 507.7
1330480 507.7
1330490 508.3
1330500 508.2
1330510 508.2
1330520 508.4
1330530 508.6
1330540 508.6
1330550 508.7
1330560 509.1
1330570 509.1
1330580 509.6
1330590 509.8
1330600 509.8
1330610 510.0
1330620 510.0
1330630 510.0
1330640 510.0
1330650 509.8
1330660 509.6
1330670 509.6
1330680 508.9
1330690 507.6
1330700 507.6
1330710 507.5
1330720 507.5
1330730 507.5
1330740 507.5
1330750 507.5
1330760 507.5
1330770 507.5
1330780 507.4
1330790 507.4
1330800 507.3
1330810 507.3
1330820 507.3
1330830 507.2
1330840 507.2
1330850 507.2
1330860 507.2
1330870 507.1
1330880 507.1
1330890 507.1
1330900 507.2
1330910 507.2
1330920 507.1
1330930 507.2
1330940 507.2
1330950 507.2
1330960 507.3
1330970 507.3
1330980 507.3
1330990 507.4
1331000 507.4
1331010 507.4
1331020 507.4
1331030 507.4
1331040 507.4
1331050 507.3
1331060 507.3
1331070 507.3
1331080 507.3
1331090 507.3
1331100 507.3
1331110 507.3
1331120 507.3
1331130 507.3
1331140 507.3
1331150 507.3
1331160 507.3
1331170 507.3
1331180 507.2
1331190 507.2
1331200 507.1
1331210 507.1
1331220 507.1
1331230 507.1
1331240 507.1
1331250 507.1
1331260 507.1
1331270 507.1
1331280 507.1
1331290 507.1
1331300 507.1
1331310 507.1
1331320 507.1
1331330 507.0
1331340 507.0
1331350 507.0
1331360 507.1
1331370 507.1
1331380 507.1
1331390 507.1
1331400 507.0
1331410 507.0
1331420 507.0
1331430 507.0
1331440 507.0
1331450 507.1
1331460 507.1
1331470 507.1
1331480 507.0
1331490 507.0
1331500 507.0
1331510 506.9
1331520 506.3
1331530 505.6
1331540 506.4
1331550 506.2
1331560 506.2
1331570 505.2
1331580 504.9
1331590 504.9
1331600 504.9
1331610 505.5
1331620 506.7
1331630 506.7
1331640 506.9
1331650 506.9
1331660 506.9
1331670 507.3
1331680 508.5
1331690 508.5
1331700 509.6
1331710 509.5
1331720 509.5
1331730 509.0
1331740 508.9
1331750 508.9
1331760 509.8
1331770 510.2
1331780 510.2
1331790 509.4
1331800 507.8
1331810 507.8
1331820 506.6
1331830 506.3
1331840 506.3
1331850 506.2
1331860 506.1
1331870 506.1
1331880 506.1
1331890 506.1
1331900 506.1
1331910 506.0
1331920 506.0
1331930 505.9
1331940 505.9
1331950 505.9
1331960 505.9
1331970 505.9
1331980 505.9
1331990 506.0
1332000 506.0
1332010 506.0
1332020 506.0
1332030 506.0
1332040 506.0
1332050 506.0
1332060 506.0
1332070 506.0
1332080 505.9
1332090 505.9
1332100 505.9
1332110 505.8
1332120 505.8
1332130 505.7
1332140 505.8
1332150 505.8
1332160 505.9
1332170 505.9
1332180 505.9
1332190 505.9
1332200 505.8
1332210 505.8
1332220 505.7
1332230 505.7
1332240 505.7
1332250 505.7
1332260 505.7
1332270 505.7
1332280 505.7
1332290 505.7
1332300 505.7
1332310 505.7
1332320 505.7
1332330 505.6
1332340 505.6
1332350 505.7
1332360 505.7
1332370 505.7
1332380 505.8
1332390 505.9
1332400 505.9
1332410 505.8
1332420 505.6
1332430 505.6
1332440 505.6
1332450 505.5
1332460 505.5
1332470 505.5
1332480 505.5
1332490 505.5
1332500 505.4
1332510 505.4
1332520 505.4
1332530 505.5
1332540 505.5
1332550 505.5
1332560 505.5
1332570 505.5
1332580 505.4
1332590 505.4
1332600 505.4
1332610 505.4
1332620 505.4
1332630 505.1
1332640 505.9
1332650 505.9
1332660 505.8
1332670 505.8
1332680 505.8
1332690 506.0
1332700 506.3
1332710 506.3
1332720 506.5
1332730 506.6
1332740 506.6
1332750 506.7
1332760 506.6
1332770 506.6
1332780 506.5
1332790 506.7
1332800 506.7
1332810 506.7
1332820 506.9
1332830 506.9
1332840 507.4
1332850 507.7
1332860 507.7
1332870 507.8
1332880 507.7
1332890 506.8
1332900 506.8
1332910 506.3
1332920 506.4
1332930 506.4
1332940 505.8
1332950 505.8
1332960 505.8
1332970 510.1
1332980 515.6
1332990 515.6
1333000 517.4
1333010 517.4
1333020 517.4
1333030 517.4
1333040 517.5
1333050 517.5
1333060 517.7
1333070 518.3
1333080 518.3
1333090 518.7
1333100 518.6
1333110 518.6
1333120 518.4
1333130 518.1
1333140 518.1
1333150 518.3
1333160 518.8
1333170 518.8
1333180 519.1
1333190 519.2
1333200 519.2
1333210 519.4
1333220 519.7
1333230 520.0
1333240 520.0
1333250 521.4
1333260 522.3
1333270 522.3
1333280 523.1
1333290 523.6
1333300 523.6
1333310 522.9
1333320 522.2
1333330 522.2
1333340 522.3
1333350 522.4
1333360 522.4
1333370 522.6
1333380 522.4
1333390 522.4
1333400 522.8
1333410 522.9
1333420 522.9
1333430 523.0
1333440 522.9
1333450 522.9
1333460 522.8
1333470 522.8
1333480 522.8
1333490 522.8
1333500 522.8
1333510 522.8
1333520 523.0
1333530 523.0
1333540 522.9
1333550 522.9
1333560 522.9
1333570 522.7
1333580 522.7
1333590 522.7
1333600 522.9
1333610 522.9
1333620 522.8
1333630 522.8
1333640 522.8
1333650 522.8
1333660 522.8
1333670 522.8
1333680 522.7
1333690 522.6
1333700 522.6
1333710 522.6
1333720 523.2
1333730 523.2
1333740 523.8
1333750 523.9
1333760 523.9
1333770 524.1
1333780 525.1
1333790 525.1
1333800 525.9
1333810 526.3
1333820 526.3
1333830 526.5
1333840 526.6
1333850 526.6
1333860 526.8
1333870 527.1
1333880 527.3
1333890 527.3
1333900 527.2
1333910 527.2
1333920 527.2
1333930 527.2
1333940 527.0
1333950 527.0
1333960 526.8
1333970 526.8
1333980 526.8
1333990 526.7
1334000 526.9
1334010 526.9
1334020 527.4
1334030 528.0
1334040 528.0
1334050 528.5
1334060 528.4
1334070 528.4
1334080 528.1
1334090 528.0
1334100 528.0
1334110 528.2
1334120 528.4
1334130 528.4
1334140 528.6
1334150 529.0
1334160 529.0
1334170 528.8
1334180 528.4
1334190 528.6
1334200 528.6
1334210 528.8
1334220 528.8
1334230 528.8
1334240 528.0
1334250 526.3
1334260 526.3
1334270 526.3
1334280 526.4
1334290 526.4
1334300 526.5
1334310 526.5
1334320 526.5
1334330 526.7
1334340 527.0
1334350 527.0
1334360 527.0
1334370 526.8
1334380 526.8
1334390 526.9
1334400 526.9
1334410 526.9
1334420 526.9
1334430 527.0
1334440 527.0
1334450 527.1
1334460 527.3
1334470 527.3
1334480 527.1
1334490 526.9
1334500 526.9
1334510 527.0
1334520 527.0
1334530 527.1
1334540 527.1
1334550 526.9
1334560 524.9
1334570 524.9
1334580 525.8
1334590 527.0
1334600 527.0
1334610 527.1
1334620 527.1
1334630 527.1
1334640 527.1
1334650 527.2
1334660 527.2
1334670 527.3
1334680 527.5
1334690 527.5
1334700 527.4
1334710 527.2
1334720 527.2
1334730 527.1
1334740 527.2
1334750 527.2
1334760 527.1
1334770 527.0
1334780 527.0
1334790 526.6
1334800 526.6
1334810 526.6
1334820 526.7
1334830 526.7
1334840 526.7
1334850 526.7
1334860 526.8
1334870 527.2
1334880 527.2
1334890 527.7
1334900 528.0
1334910 527.3
1334920 527.0
1334930 527.0
1334940 527.0
1334950 527.0
1334960 527.0
1334970 527.0
1334980 527.0
1334990 527.4
1335000 527.4
1335010 528.4
1335020 528.7
1335030 528.7
1335040 528.7
1335050 528.6
1335060 528.6
1335070 528.6
1335080 528.7
1335090 528.7
1335100 528.6
1335110 528.7
1335120 528.7
1335130 528.4
1335140 528.4
1335150 528.4
1335160 528.5
1335170 528.6
1335180 528.7
1335190 528.7
1335200 528.8
1335210 528.7
1335220 528.7
1335230 528.5
1335240 528.3
1335250 528.3
1335260 528.1
1335270 527.9
1335280 527.9
1335290 527.8
1335300 527.8
1335310 527.8
1335320 528.0
1335330 528.1
1335340 528.1
1335350 527.9
1335360 527.8
1335370 527.8
1335380 527.7
1335390 527.5
1335400 527.5
1335410 527.3
1335420 527.0
1335430 527.0
1335440 526.9
1335450 526.7
1335460 526.7
1335470 526.7
1335480 526.6
1335490 526.5
1335500 526.5
1335510 526.3
1335520 526.0
1335530 526.0
1335540 525.7
1335550 525.3
1335560 525.3
1335570 525.0
1335580 524.9
1335590 524.9
1335600 524.9
1335610 524.9
1335620 524.9
1335630 525.2
1335640 525.8
1335650 525.8
1335660 527.0
1335670 530.0
1335680 530.0
1335690 533.9
1335700 536.1
1335710 536.1
1335720 537.9
1335730 540.3
1335740 540.3
1335750 540.5
1335760 545.5
1335770 545.5
1335780 541.0
1335790 536.5
1335800 536.5
1335810 532.8
1335820 529.8
1335830 528.1
1335840 528.1
1335850 527.3
1335860 526.3
1335870 526.3
1335880 528.1
1335890 529.5
1335900 529.5
1335910 528.3
1335920 527.3
1335930 527.3
1335940 527.1
1335950 527.2
1335960 527.2
1335970 527.5
1335980 527.6
1335990 527.6
1336000 527.3
1336010 527.0
1336020 527.0
1336030 526.8
1336040 527.3
1336050 527.3
1336060 528.6
1336070 530.5
1336080 530.5
1336090 532.4
1336100 534.1
1336110 534.1
1336120 536.4
1336130 539.8
1336140 542.2
1336150 542.2
1336160 543.8
1336170 546.0
1336180 546.0
1336190 548.1
1336200 550.2
1336210 550.2
1336220 552.5
1336230 553.5
1336240 553.5
1336250 553.5
1336260 553.7
1336270 553.7
1336280 552.4
1336290 548.4
1336300 548.4
1336310 543.7
1336320 538.2
1336330 538.2
1336340 532.7
1336350 527.7
1336360 527.7
1336370 524.6
1336380 524.1
1336390 524.1
1336400 524.2
1336410 524.2
1336420 524.2
1336430 524.3
1336440 524.5
1336450 524.5
1336460 524.6
1336470 524.6
1336480 524.8
1336490 524.8
1336500 525.8
1336510 525.4
1336520 525.4
1336530 524.7
1336540 525.2
1336550 525.2
1336560 525.1
1336570 523.7
1336580 523.7
1336590 521.7
1336600 519.2
1336610 519.2
1336620 518.2
1336630 516.1
1336640 516.1
1336650 518.1
1336660 519.4
1336670 519.4
1336680 518.7
1336690 518.5
1336700 518.5
1336710 518.6
1336720 518.7
1336730 518.7
1336740 518.8
1336750 518.8
1336760 518.8
1336770 518.9
1336780 519.2
1336790 519.2
1336800 519.4
1336810 521.6
1336820 528.7
1336830 528.7
1336840 536.7
1336850 542.6
1336860 542.6
1336870 546.5
1336880 548.2
1336890 548.2
1336900 555.0
1336910 558.3
1336920 558.3
1336930 562.6
1336940 568.5
1336950 568.5
1336960 571.8
1336970 574.9
1336980 574.9
1336990 573.7
1337000 581.0
1337010 581.0
1337020 591.2
1337030 597.7
1337040 597.7
1337050 601.1
1337060 603.7
1337070 603.7
1337080 606.9
1337090 610.9
1337100 610.9
1337110 614.0
1337120 614.5
1337130 613.2
1337140 613.2
1337150 607.0
1337160 600.1
1337170 600.1
1337180 594.2
1337190 591.7
1337200 591.7
1337210 587.1
1337220 584.3
1337230 584.3
1337240 586.7
1337250 590.0
1337260 590.0
1337270 590.8
1337280 587.3
1337290 587.3
1337300 586.8
1337310 592.7
1337320 592.7
1337330 597.4
1337340 601.1
1337350 601.1
1337360 604.0
1337370 604.3
1337380 604.3
1337390 604.2
1337400 606.1
1337410 606.1
1337420 607.8
1337430 608.8
1337440 608.8
1337450 609.5
1337460 609.8
1337470 609.3
1337480 609.3
1337490 614.2
1337500 609.6
1337510 609.6
1337520 607.5
1337530 604.8
1337540 604.8
1337550 610.0
1337560 615.4
1337570 615.4
1337580 620.4
1337590 625.7
1337600 625.7
1337610 627.1
1337620 624.9
1337630 624.9
1337640 622.9
1337650 625.8
1337660 625.8
1337670 627.0
1337680 622.2
1337690 622.2
1337700 617.7
1337710 618.2
1337720 618.2
1337730 620.1
1337740 623.4
1337750 623.4
1337760 624.7
1337770 631.6
1337780 635.1
1337790 635.1
1337800 636.1
1337810 634.2
1337820 634.2
1337830 634.1
1337840 626.2
1337850 626.2
1337860 610.8
1337870 602.8
1337880 602.8
1337890 586.8
1337900 585.6
1337910 585.6
1337920 590.3
1337930 598.2
1337940 598.2
1337950 589.8
1337960 579.0
1337970 579.0
1337980 567.6
1337990 578.5
1338000 578.5
1338010 613.6
1338020 641.4
1338030 641.4
1338040 649.5
1338050 651.9
1338060 651.9
1338070 650.2
1338080 645.8
1338090 645.8
1338100 639.3
1338110 632.5
1338120 634.5
1338130 634.5
1338140 640.1
1338150 640.4
1338160 640.4
1338170 642.7
1338180 648.7
1338190 648.7
1338200 654.2
1338210 660.2
1338220 660.2
1338230 666.8
1338240 672.2
1338250 672.2
1338260 675.6
1338270 677.8
1338280 677.8
1338290 679.3
1338300 679.5
1338310 679.5
1338320 678.0
1338330 676.4
1338340 676.4
1338350 675.2
1338360 677.4
1338370 677.4
1338380 676.3
1338390 673.5
1338400 673.5
1338410 670.6
1338420 668.6
1338430 667.0
1338440 667.0
1338450 666.5
1338460 665.9
1338470 665.9
1338480 665.9
1338490 666.6
1338500 666.6
1338510 663.3
1338520 656.0
1338530 656.0
1338540 647.0
1338550 646.2
1338560 646.2
1338570 652.8
1338580 662.4
1338590 662.4
1338600 671.9
1338610 682.9
1338620 682.9
1338630 690.7
1338640 697.0
1338650 697.0
1338660 703.1
1338670 708.3
1338680 708.3
1338690 712.0
1338700 715.3
1338710 715.3
1338720 717.0
1338730 715.9
1338740 715.9
1338750 715.8
1338760 714.6
1338770 715.9
1338780 715.9
1338790 716.2
1338800 716.1
1338810 716.1
1338820 716.2
1338830 716.1
1338840 716.1
1338850 717.9
1338860 725.1
1338870 725.1
1338880 731.8
1338890 736.6
1338900 736.6
1338910 738.8
1338920 739.7
1338930 739.7
1338940 740.3
1338950 740.1
1338960 740.1
1338970 739.5
1338980 739.6
1338990 739.6
1339000 737.6
1339010 739.6
1339020 739.6
1339030 744.4
1339040 747.8
1339050 747.8
1339060 752.2
1339070 756.4
1339080 761.0
1339090 761.0
1339100 766.1
1339110 771.3
1339120 771.3
1339130 781.1
1339140 795.8
1339150 795.8
1339160 801.5
1339170 805.2
1339180 805.2
1339190 806.1
1339200 804.0
1339210 804.0
1339220 801.0
1339230 800.4
1339240 805.5
1339250 807.2
1339260 805.0
1339270 805.0
1339280 799.9
1339290 802.4
1339300 802.4
1339310 805.0
1339320 804.6
1339330 804.6
1339340 804.8
1339350 805.6
1339360 805.6
1339370 807.8
1339380 807.8
1339390 807.8
1339400 805.8
1339410 794.0
1339420 783.6
1339430 783.6
1339440 778.0
1339450 773.2
1339460 773.2
1339470 768.4
1339480 764.5
1339490 764.5
1339500 760.1
1339510 757.6
1339520 757.6
1339530 758.6
1339540 758.6
1339550 758.6
1339560 760.3
1339570 761.5
1339580 761.5
1339590 755.8
1339600 750.9
1339610 750.9
1339620 747.9
1339630 743.2
1339640 743.2
1339650 744.4
1339660 747.9
1339670 747.9
1339680 748.8
1339690 746.0
1339700 746.0
1339710 737.1
1339720 712.4
1339730 689.3
1339740 689.3
1339750 666.5
1339760 663.1
1339770 663.1
1339780 645.6
1339790 661.5
1339800 661.5
1339810 677.8
1339820 688.4
1339830 688.4
1339840 703.3
1339850 712.5
1339860 712.5
1339870 715.4
1339880 724.6
1339890 724.6
1339900 736.5
1339910 747.7
1339920 747.7
1339930 750.3
1339940 748.8
1339950 748.8
1339960 748.8
1339970 753.9
1339980 753.9
1339990 770.0
