1320000 811.8
1320010 808.6
1320020 808.6
1320030 806.1
1320040 804.3
1320050 804.3
1320060 801.9
1320070 800.4
1320080 800.4
1320090 801.3
1320100 802.2
1320110 802.2
1320120 800.5
1320130 796.4
1320140 796.4
1320150 790.7
1320160 786.6
1320170 786.6
1320180 782.6
1320190 779.4
1320200 779.4
1320210 777.2
1320220 774.9
1320230 774.9
1320240 770.8
1320250 765.1
1320260 765.1
1320270 759.4
1320280 754.7
1320290 754.7
1320300 749.8
1320310 743.2
1320320 736.1
1320330 736.1
1320340 728.6
1320350 722.1
1320360 722.1
1320370 716.8
1320380 712.0
1320390 712.0
1320400 706.7
1320410 702.3
1320420 702.3
1320430 698.1
1320440 694.4
1320450 694.4
1320460 692.3
1320470 689.4
1320480 689.4
1320490 686.6
1320500 683.6
1320510 683.6
1320520 679.9
1320530 676.8
1320540 676.8
1320550 674.6
1320560 671.1
1320570 671.1
1320580 667.9
1320590 665.3
1320600 665.3
1320610 663.1
1320620 660.8
1320630 660.8
1320640 658.4
1320650 656.3
1320660 653.8
1320670 653.8
1320680 651.1
1320690 648.2
1320700 644.4
1320710 641.2
1320720 638.3
1320730 638.3
1320740 635.9
1320750 633.7
1320760 633.7
1320770 631.9
1320780 630.1
1320790 630.1
1320800 628.9
1320810 628.5
1320820 628.5
1320830 628.5
1320840 627.8
1320850 627.8
1320860 626.1
1320870 623.5
1320880 623.5
1320890 620.3
1320900 616.1
1320910 616.1
1320920 611.0
1320930 604.1
1320940 604.1
1320950 597.8
1320960 592.2
1320970 586.3
1320980 586.3
1320990 579.2
1321000 571.5
1321010 571.5
1321020 565.4
1321030 563.6
1321040 563.6
1321050 562.0
1321060 557.5
1321070 557.5
1321080 555.5
1321090 555.5
1321100 555.5
1321110 555.7
1321120 557.1
1321130 557.1
1321140 563.0
1321150 569.6
1321160 569.6
1321170 574.0
1321180 575.5
1321190 575.5
1321200 576.9
1321210 578.2
1321220 578.2
1321230 578.5
1321240 579.3
1321250 579.3
1321260 582.3
1321270 588.5
1321280 588.5
1321290 596.1
1321300 603.3
1321310 610.3
1321320 610.3
1321330 617.2
1321340 624.2
1321350 624.2
1321360 630.8
1321370 637.5
1321380 637.5
1321390 643.6
1321400 649.8
1321410 649.8
1321420 655.6
1321430 660.8
1321440 660.8
1321450 666.1
1321460 671.1
1321470 671.1
1321480 682.3
1321490 687.7
1321500 687.7
1321510 692.5
1321520 695.2
1321530 695.2
1321540 698.0
1321550 701.9
1321560 701.9
1321570 705.5
1321580 709.2
1321590 709.2
1321600 713.1
1321610 717.5
1321620 723.0
1321630 723.0
1321640 729.0
1321650 735.6
1321660 735.6
1321670 742.4
1321680 749.1
1321690 749.1
1321700 755.0
1321710 760.4
1321720 760.4
1321730 766.0
1321740 771.8
1321750 771.8
1321760 777.3
1321770 782.9
1321780 782.9
1321790 788.8
1321800 795.3
1321810 795.3
1321820 802.6
1321830 809.6
1321840 809.6
1321850 817.5
1321860 828.8
1321870 828.8
1321880 842.2
1321890 850.3
1321900 850.3
1321910 857.7
1321920 865.0
1321930 865.0
1321940 872.7
1321950 880.6
1321960 888.0
1321970 888.0
1321980 893.3
1321990 897.4
1322000 897.4
1322010 902.4
1322020 907.1
1322030 907.1
1322040 910.3
1322050 912.3
1322060 912.3
1322070 919.2
1322080 928.4
1322090 928.4
1322100 937.1
1322110 942.8
1322120 942.8
1322130 944.6
1322140 944.3
1322150 944.3
1322160 948.4
1322170 955.9
1322180 955.9
1322190 967.2
1322200 980.5
1322210 980.5
1322220 992.5
1322230 1002.3
1322240 1002.3
1322250 1010.9
1322260 1020.5
1322270 1023.8
1322280 1033.8
1322290 1039.4
1322300 1044.2
1322310 1044.2
1322320 1049.8
1322330 1056.0
1322340 1056.0
1322350 1063.4
1322360 1070.6
1322370 1070.6
1322380 1076.6
1322390 1082.3
1322400 1082.3
1322410 1088.8
1322420 1096.6
1322430 1096.6
1322440 1103.1
1322450 1107.6
1322460 1107.6
1322470 1111.4
1322480 1115.2
1322490 1115.2
1322500 1120.5
1322510 1127.5
1322520 1127.5
1322530 1134.7
1322540 1141.9
1322550 1141.9
1322560 1148.3
1322570 1153.9
1322580 1153.9
1322590 1159.8
1322600 1166.3
1322610 1173.3
1322620 1173.3
1322630 1179.3
1322640 1184.1
1322650 1184.1
1322660 1190.1
1322670 1196.8
1322680 1196.8
1322690 1202.2
1322700 1207.0
1322710 1207.0
1322720 1213.2
1322730 1220.0
1322740 1220.0
1322750 1226.1
1322760 1230.9
1322770 1230.9
1322780 1235.3
1322790 1238.8
1322800 1238.8
1322810 1241.5
1322820 1245.4
1322830 1245.4
1322840 1250.2
1322850 1253.2
1322860 1253.2
1322870 1256.0
1322880 1256.8
1322890 1256.8
1322900 1255.0
1322910 1252.3
1322920 1252.3
1322930 1247.1
1322940 1240.9
1322950 1235.0
1322960 1235.0
1322970 1224.8
1322980 1212.0
1322990 1212.0
1323000 1202.2
1323010 1196.1
1323020 1196.1
1323030 1191.1
1323040 1182.6
1323050 1175.7
1323060 1168.4
1323070 1159.3
1323080 1159.3
1323090 1143.7
1323100 1135.6
1323110 1135.6
1323120 1130.5
1323130 1118.2
1323140 1118.2
1323150 1111.4
1323160 1107.0
1323170 1107.0
1323180 1100.7
1323190 1090.6
1323200 1090.6
1323210 1077.9
1323220 1067.4
1323230 1067.4
1323240 1061.6
1323250 1055.5
1323260 1046.4
1323270 1046.4
1323280 1036.2
1323290 1033.8
1323300 1033.8
1323310 1026.5
1323320 1018.9
1323330 1018.9
1323340 1009.8
1323350 1001.6
1323360 1001.6
1323370 1000.8
1323380 1001.2
1323390 1001.2
1323400 1002.1
1323410 1003.0
1323420 1003.0
1323430 1003.9
1323440 1004.5
1323450 1004.5
1323460 1004.7
1323470 1004.8
1323480 1004.8
1323490 1004.5
1323500 1002.4
1323510 1002.4
1323520 999.2
1323530 995.7
1323540 995.7
1323550 991.8
1323560 988.4
1323570 988.4
1323580 984.7
1323590 981.4
1323600 978.1
1323610 978.1
1323620 975.7
1323630 974.0
1323640 974.0
1323650 973.1
1323660 973.2
1323670 973.2
1323680 976.7
1323690 981.6
1323700 981.6
1323710 986.7
1323720 989.7
1323730 989.7
1323740 988.4
1323750 986.8
1323760 986.8
1323770 982.1
1323780 975.0
1323790 975.0
1323800 970.2
1323810 969.0
1323820 969.0
1323830 967.0
1323840 966.1
1323850 964.9
1323860 965.2
1323870 965.4
1323880 965.4
1323890 965.1
1323900 965.0
1323910 967.8
1323920 967.8
1323930 969.8
1323940 968.2
1323950 968.2
1323960 966.8
1323970 965.7
1323980 965.7
1323990 964.4
1324000 962.5
1324010 962.5
1324020 955.9
1324030 948.5
1324040 948.5
1324050 942.7
1324060 935.4
1324070 935.4
1324080 927.5
1324090 928.2
1324100 928.2
1324110 931.6
1324120 943.3
1324130 943.3
1324140 948.4
1324150 945.2
1324160 945.2
1324170 937.2
1324180 928.7
1324190 928.7
1324200 925.6
1324210 924.4
1324220 924.4
1324230 927.4
1324240 933.8
1324250 932.5
1324260 932.5
1324270 929.4
1324280 926.9
1324290 926.9
1324300 924.4
1324310 922.3
1324320 922.3
1324330 916.8
1324340 902.7
1324350 902.7
1324360 856.1
1324370 818.8
1324380 818.8
1324390 807.6
1324400 799.2
1324410 799.2
1324420 792.7
1324430 787.8
1324440 787.8
1324450 783.4
1324460 778.5
1324470 778.5
1324480 773.7
1324490 769.3
1324500 769.3
1324510 765.1
1324520 761.1
1324530 761.1
1324540 757.4
1324550 753.1
1324560 748.0
1324570 748.0
1324580 742.9
1324590 737.9
1324600 737.9
1324610 733.3
1324620 729.6
1324630 729.6
1324640 723.0
1324650 718.9
1324660 718.9
1324670 714.9
1324680 711.7
1324690 711.7
1324700 708.2
1324710 704.2
1324720 704.2
1324730 700.4
1324740 698.1
1324750 698.1
1324760 696.5
1324770 693.7
1324780 693.7
1324790 691.4
1324800 690.2
1324810 690.2
1324820 689.4
1324830 686.3
1324840 686.3
1324850 682.9
1324860 680.5
1324870 680.5
1324880 675.6
1324890 663.9
1324900 656.8
1324910 656.8
1324920 649.2
1324930 642.3
1324940 642.3
1324950 637.5
1324960 631.7
1324970 631.7
1324980 625.5
1324990 623.1
1325000 623.1
1325010 619.6
1325020 616.8
1325030 616.8
1325040 614.5
1325050 612.3
1325060 612.3
1325070 610.7
1325080 607.4
1325090 607.4
1325100 604.6
1325110 602.1
1325120 602.1
1325130 601.6
1325140 600.4
1325150 600.4
1325160 599.2
1325170 599.5
1325180 599.5
1325190 599.1
1325200 598.5
1325210 596.8
1325220 596.8
1325230 595.6
1325240 595.3
1325250 595.3
1325260 594.8
1325270 594.4
1325280 594.4
1325290 593.8
1325300 592.9
1325310 592.9
1325320 591.4
1325330 589.9
1325340 589.9
1325350 588.1
1325360 586.9
1325370 586.9
1325380 586.5
1325390 586.1
1325400 586.1
1325410 585.8
1325420 585.8
1325430 585.8
1325440 585.8
1325450 585.5
1325460 585.5
1325470 585.7
1325480 585.9
1325490 585.9
1325500 586.1
1325510 585.9
1325520 585.9
1325530 585.4
1325540 585.4
1325550 585.5
1325560 585.5
1325570 585.6
1325580 584.9
1325590 584.9
1325600 584.4
1325610 584.1
1325620 584.1
1325630 583.6
1325640 583.3
1325650 583.3
1325660 582.6
1325670 581.4
1325680 581.4
1325690 580.6
1325700 580.0
1325710 580.0
1325720 579.5
1325730 578.9
1325740 578.9
1325750 578.3
1325760 577.7
1325770 577.7
1325780 577.1
1325790 576.6
1325800 576.6
1325810 576.0
1325820 575.4
1325830 575.4
1325840 575.0
1325850 574.5
1325860 574.1
1325870 574.1
1325880 573.7
1325890 573.5
1325900 573.5
1325910 573.5
1325920 573.5
1325930 573.5
1325940 572.9
1325950 572.5
1325960 572.5
1325970 572.3
1325980 572.2
1325990 572.2
1326000 572.0
1326010 571.9
1326020 571.9
1326030 571.7
1326040 571.6
1326050 571.6
1326060 571.4
1326070 571.3
1326080 571.3
1326090 571.3
1326100 571.3
1326110 571.3
1326120 571.3
1326130 571.5
1326140 571.5
1326150 571.6
1326160 571.3
1326170 571.3
1326180 571.2
1326190 571.3
1326200 571.4
1326210 571.4
1326220 571.5
1326230 572.5
1326240 572.5
1326250 577.0
1326260 578.5
1326270 578.5
1326280 577.3
1326290 574.5
1326300 574.5
1326310 572.2
1326320 571.0
1326330 571.0
1326340 570.6
1326350 570.4
1326360 570.4
1326370 570.3
1326380 570.3
1326390 570.3
1326400 570.2
1326410 570.2
1326420 570.2
1326430 570.2
1326440 570.2
1326450 570.2
1326460 570.1
1326470 570.1
1326480 570.1
1326490 570.0
1326500 570.0
1326510 570.0
1326520 570.0
1326530 570.0
1326540 570.0
1326550 570.0
1326560 570.2
1326570 570.3
1326580 570.3
1326590 570.3
1326600 570.4
1326610 570.4
1326620 570.4
1326630 570.3
1326640 570.3
1326650 570.7
1326660 571.7
1326670 571.7
1326680 573.2
1326690 575.3
1326700 575.3
1326710 577.5
1326720 579.6
1326730 579.6
1326740 581.2
1326750 582.5
1326760 582.5
1326770 584.3
1326780 586.5
1326790 586.5
1326800 588.3
1326810 589.4
1326820 589.4
1326830 588.2
1326840 584.3
1326850 579.9
1326860 579.9
1326870 575.9
1326880 572.7
1326890 572.7
1326900 570.8
1326910 570.1
1326920 570.1
1326930 570.0
1326940 569.8
1326950 569.8
1326960 569.5
1326970 569.3
1326980 569.3
1326990 569.3
1327000 569.1
1327010 569.1
1327020 568.9
1327030 569.2
1327040 569.2
1327050 569.3
1327060 569.0
1327070 569.0
1327080 568.9
1327090 568.8
1327100 568.8
1327110 568.7
1327120 568.6
1327130 568.6
1327140 568.6
1327150 568.6
1327160 568.6
1327170 568.6
1327180 567.8
1327190 568.7
1327200 568.7
1327210 568.8
1327220 568.8
1327230 568.8
1327240 568.8
1327250 568.8
1327260 568.8
1327270 568.8
1327280 568.7
1327290 568.7
1327300 568.7
1327310 568.8
1327320 568.8
1327330 569.0
1327340 568.8
1327350 568.8
1327360 568.7
1327370 568.5
1327380 568.5
1327390 568.5
1327400 568.5
1327410 568.5
1327420 568.4
1327430 568.5
1327440 568.5
1327450 568.6
1327460 568.5
1327470 568.5
1327480 568.6
1327490 568.6
1327500 568.8
1327510 568.8
1327520 569.0
1327530 569.2
1327540 569.2
1327550 569.2
1327560 568.8
1327570 568.8
1327580 568.7
1327590 569.3
1327600 569.3
1327610 569.7
1327620 570.0
1327630 570.0
1327640 570.3
1327650 570.5
1327660 570.5
1327670 570.5
1327680 570.5
1327690 570.5
1327700 571.0
1327710 571.5
1327720 571.5
1327730 572.5
1327740 573.3
1327750 573.3
1327760 574.4
1327770 575.8
1327780 575.8
1327790 576.0
1327800 575.4
1327810 575.6
1327820 575.6
1327830 576.3
1327840 576.8
1327850 576.8
1327860 577.1
1327870 577.7
1327880 577.7
1327890 579.1
1327900 580.8
1327910 580.8
1327920 583.2
1327930 585.8
1327940 585.8
1327950 587.9
1327960 589.3
1327970 589.3
1327980 589.8
1327990 590.0
1328000 590.0
1328010 589.3
1328020 587.5
1328030 587.5
1328040 585.2
1328050 584.3
1328060 584.3
1328070 584.4
1328080 584.7
1328090 584.7
1328100 585.2
1328110 586.1
1328120 586.1
1328130 587.7
1328140 589.8
1328150 591.9
1328160 591.9
1328170 594.0
1328180 595.7
1328190 595.7
1328200 596.7
1328210 596.5
1328220 596.5
1328230 595.7
1328240 595.4
1328250 595.4
1328260 596.3
1328270 598.0
1328280 598.0
1328290 599.3
1328300 600.5
1328310 600.5
1328320 601.4
1328330 602.2
1328340 602.2
1328350 603.7
1328360 605.1
1328370 605.1
1328380 605.0
1328390 604.7
1328400 604.7
1328410 606.3
1328420 608.4
1328430 608.4
1328440 610.9
1328450 613.5
1328460 615.7
1328470 615.7
1328480 617.2
1328490 617.5
1328500 617.5
1328510 617.1
1328520 616.0
1328530 616.0
1328540 614.7
1328550 613.8
1328560 613.8
1328570 613.6
1328580 612.6
1328590 612.6
1328600 610.3
1328610 607.4
1328620 607.4
1328630 605.0
1328640 602.5
1328650 602.5
1328660 599.5
1328670 597.1
1328680 597.1
1328690 590.1
1328700 588.9
1328710 588.9
1328720 588.0
1328730 588.1
1328740 588.1
1328750 588.5
1328760 588.1
1328770 588.1
1328780 588.1
1328790 588.6
1328800 589.6
1328810 589.6
1328820 590.9
1328830 592.4
1328840 592.4
1328850 593.2
1328860 592.9
1328870 592.9
1328880 591.7
1328890 589.4
1328900 589.4
1328910 587.3
1328920 586.0
1328930 586.0
1328940 585.2
1328950 584.1
1328960 584.1
1328970 582.4
1328980 580.9
1328990 580.9
1329000 579.5
1329010 578.4
1329020 578.4
1329030 577.7
1329040 577.4
1329050 577.4
1329060 577.6
1329070 578.0
1329080 578.0
1329090 578.0
1329100 577.8
1329110 576.8
1329120 576.8
1329130 575.5
1329140 574.6
1329150 574.6
1329160 574.1
1329170 573.1
1329180 573.1
1329190 571.1
1329200 567.5
1329210 567.5
1329220 563.8
1329230 560.0
1329240 560.0
1329250 554.9
1329260 550.5
1329270 550.5
1329280 547.0
1329290 544.3
1329300 544.3
1329310 543.0
1329320 542.1
1329330 542.1
1329340 541.4
1329350 541.1
1329360 541.1
1329370 540.8
1329380 539.0
1329390 539.0
1329400 536.1
1329410 535.4
1329420 535.4
1329430 535.3
1329440 535.0
1329450 534.7
1329460 534.7
1329470 534.8
1329480 535.8
1329490 535.8
1329500 537.8
1329510 536.4
1329520 536.4
1329530 533.1
1329540 530.0
1329550 530.0
1329560 527.2
1329570 524.9
1329580 524.9
1329590 523.7
1329600 522.8
1329610 522.8
1329620 521.1
1329630 519.7
1329640 519.7
1329650 518.9
1329660 518.4
1329670 518.4
1329680 518.5
1329690 520.1
1329700 520.1
1329710 519.9
1329720 519.4
1329730 519.4
1329740 520.7
1329750 522.0
1329760 523.1
1329770 523.1
1329780 522.4
1329790 514.7
1329800 514.7
1329810 509.5
1329820 507.7
1329830 507.7
1329840 506.3
1329850 505.7
1329860 505.7
1329870 505.6
1329880 505.6
1329890 505.6
1329900 505.6
1329910 505.6
1329920 505.6
1329930 505.6
1329940 505.6
1329950 505.6
1329960 505.6
1329970 505.6
1329980 505.6
1329990 505.5
1330000 505.5
1330010 505.5
1330020 505.5
1330030 505.5
1330040 505.5
1330050 505.5
1330060 505.5
1330070 505.5
1330080 505.5
1330090 505.5
1330100 505.5
1330110 505.5
1330120 505.5
1330130 505.4
1330140 505.4
1330150 505.6
1330160 505.9
1330170 505.9
1330180 506.1
1330190 506.2
1330200 506.2
1330210 506.8
1330220 508.2
1330230 508.2
1330240 508.7
1330250 508.6
1330260 508.6
1330270 508.1
1330280 507.8
1330290 507.8
1330300 508.1
1330310 508.6
1330320 508.6
1330330 508.7
1330340 510.0
1330350 510.0
1330360 510.2
1330370 510.3
1330380 510.3
1330390 510.3
1330400 510.1
1330410 510.1
1330420 509.9
1330430 509.4
1330440 508.6
1330450 508.6
1330460 508.1
1330470 507.8
1330480 507.8
1330490 507.8
1330500 507.8
1330510 507.8
1330520 507.8
1330530 507.7
1330540 507.7
1330550 507.6
1330560 507.6
1330570 507.6
1330580 507.6
1330590 507.5
1330600 507.5
1330610 507.5
1330620 507.4
1330630 507.4
1330640 507.4
1330650 507.3
1330660 507.3
1330670 507.3
1330680 507.3
1330690 507.3
1330700 507.2
1330710 507.2
1330720 507.2
1330730 507.3
1330740 507.3
1330750 507.3
1330760 507.3
1330770 507.3
1330780 507.2
1330790 507.2
1330800 507.2
1330810 507.3
1330820 507.3
1330830 507.3
1330840 507.2
1330850 507.2
1330860 507.2
1330870 507.1
1330880 507.1
1330890 507.2
1330900 507.1
1330910 507.1
1330920 507.1
1330930 507.1
1330940 507.1
1330950 507.0
1330960 507.1
1330970 507.1
1330980 507.2
1330990 507.1
1331000 507.1
1331010 507.1
1331020 507.0
1331030 507.0
1331040 506.9
1331050 506.8
1331060 506.8
1331070 506.8
1331080 506.8
1331090 506.8
1331100 506.8
1331110 506.8
1331120 506.7
1331130 506.7
1331140 506.7
1331150 506.7
1331160 506.7
1331170 506.6
1331180 506.7
1331190 506.7
1331200 506.8
1331210 506.8
1331220 506.8
1331230 506.7
1331240 506.7
1331250 506.7
1331260 506.7
1331270 506.8
1331280 506.8
1331290 506.9
1331300 506.8
1331310 506.8
1331320 506.8
1331330 506.5
1331340 506.5
1331350 505.7
1331360 505.8
1331370 505.8
1331380 506.6
1331390 506.9
1331400 506.8
1331410 506.8
1331420 506.7
1331430 506.6
1331440 506.6
1331450 506.6
1331460 506.6
1331470 506.6
1331480 506.8
1331490 507.0
1331500 507.0
1331510 507.4
1331520 508.7
1331530 508.7
1331540 509.6
1331550 509.2
1331560 509.2
1331570 507.5
1331580 506.5
1331590 506.5
1331600 506.9
1331610 508.1
1331620 508.1
1331630 508.3
1331640 507.2
1331650 507.2
1331660 506.6
1331670 506.5
1331680 506.5
1331690 506.4
1331700 506.3
1331710 506.3
1331720 506.1
1331730 506.2
1331740 506.3
1331750 506.3
1331760 506.3
1331770 506.2
1331780 506.2
1331790 506.1
1331800 506.2
1331810 506.2
1331820 506.2
1331830 506.2
1331840 506.2
1331850 506.2
1331860 506.1
1331870 506.1
1331880 506.1
1331890 506.1
1331900 506.1
1331910 506.0
1331920 506.0
1331930 506.0
1331940 505.9
1331950 506.0
1331960 506.0
1331970 506.0
1331980 505.9
1331990 505.9
1332000 505.9
1332010 506.0
1332020 506.0
1332030 505.9
1332040 505.8
1332050 505.7
1332060 505.7
1332070 505.7
1332080 505.6
1332090 505.6
1332100 505.7
1332110 506.1
1332120 506.1
1332130 506.4
1332140 506.3
1332150 506.3
1332160 506.0
1332170 505.6
1332180 505.6
1332190 505.6
1332200 505.6
1332210 505.6
1332220 505.9
1332230 506.0
1332240 506.0
1332250 505.9
1332260 505.7
1332270 505.7
1332280 505.5
1332290 505.4
1332300 505.4
1332310 505.4
1332320 505.4
1332330 505.4
1332340 505.4
1332350 505.4
1332360 505.4
1332370 505.3
1332380 505.4
1332390 505.5
1332400 505.5
1332410 505.6
1332420 505.5
1332430 505.5
1332440 505.5
1332450 505.5
1332460 505.5
1332470 505.5
1332480 505.5
1332490 505.5
1332500 505.5
1332510 505.4
1332520 505.4
1332530 505.3
1332540 505.5
1332550 505.5
1332560 505.7
1332570 505.5
1332580 505.5
1332590 505.3
1332600 506.1
1332610 506.1
1332620 505.9
1332630 505.8
1332640 505.8
1332650 505.7
1332660 505.5
1332670 505.5
1332680 505.5
1332690 505.4
1332700 505.4
1332710 505.4
1332720 505.5
1332730 505.6
1332740 505.6
1332750 505.7
1332760 505.6
1332770 505.6
1332780 505.6
1332790 505.6
1332800 505.6
1332810 505.5
1332820 505.5
1332830 505.5
1332840 505.6
1332850 505.5
1332860 505.5
1332870 505.6
1332880 505.6
1332890 505.6
1332900 505.4
1332910 505.6
1332920 505.6
1332930 509.3
1332940 513.5
1332950 513.5
1332960 518.4
1332970 519.2
1332980 519.2
1332990 519.1
1333000 519.0
1333010 519.0
1333020 518.6
1333030 518.1
1333040 518.0
1333050 518.0
1333060 518.2
1333070 518.4
1333080 518.4
1333090 518.6
1333100 518.8
1333110 518.8
1333120 518.9
1333130 519.1
1333140 519.1
1333150 519.4
1333160 519.6
1333170 519.6
1333180 519.8
1333190 519.9
1333200 519.9
1333210 520.1
1333220 520.3
1333230 520.3
1333240 520.5
1333250 520.6
1333260 520.6
1333270 520.8
1333280 521.1
1333290 521.1
1333300 521.4
1333310 521.4
1333320 521.4
1333330 521.8
1333340 522.1
1333350 522.3
1333360 522.3
1333370 522.5
1333380 522.6
1333390 522.6
1333400 522.6
1333410 522.8
1333420 522.8
1333430 522.8
1333440 523.0
1333450 523.0
1333460 522.9
1333470 522.7
1333480 522.7
1333490 522.7
1333500 522.8
1333510 522.8
1333520 522.8
1333530 522.8
1333540 522.8
1333550 522.9
1333560 522.8
1333570 522.8
1333580 522.8
1333590 522.8
1333600 522.8
1333610 522.8
1333620 522.8
1333630 522.8
1333640 522.8
1333650 522.9
1333660 522.9
1333670 523.0
1333680 523.3
1333690 523.4
1333700 523.4
1333710 523.4
1333720 523.3
1333730 523.3
1333740 523.2
1333750 523.7
1333760 523.7
1333770 524.6
1333780 524.8
1333790 524.8
1333800 524.3
1333810 524.7
1333820 524.7
1333830 527.1
1333840 527.9
1333850 527.9
1333860 528.0
1333870 528.3
1333880 528.3
1333890 528.5
1333900 528.4
1333910 528.4
1333920 528.2
1333930 528.2
1333940 528.2
1333950 528.3
1333960 528.1
1333970 528.1
1333980 528.3
1333990 528.5
1334000 528.8
1334010 528.8
1334020 529.2
1334030 529.5
1334040 529.5
1334050 529.6
1334060 529.8
1334070 529.8
1334080 530.1
1334090 530.5
1334100 530.5
1334110 530.8
1334120 530.5
1334130 530.5
1334140 530.1
1334150 529.9
1334160 529.9
1334170 530.3
1334180 530.3
1334190 530.3
1334200 530.2
1334210 530.1
1334220 530.1
1334230 530.0
1334240 530.0
1334250 530.0
1334260 530.1
1334270 530.2
1334280 530.2
1334290 530.1
1334300 529.8
1334310 529.8
1334320 529.1
1334330 528.5
1334340 528.4
1334350 528.4
1334360 528.5
1334370 528.6
1334380 528.6
1334390 528.7
1334400 529.0
1334410 529.0
1334420 529.2
1334430 528.5
1334440 528.5
1334450 528.3
1334460 528.1
1334470 528.1
1334480 528.3
1334490 528.4
1334500 528.4
1334510 528.4
1334520 528.4
1334530 528.4
1334540 528.5
1334550 527.3
1334560 527.3
1334570 526.3
1334580 528.2
1334590 528.2
1334600 528.1
1334610 528.1
1334620 528.1
1334630 528.3
1334640 528.8
1334650 529.8
1334660 529.8
1334670 530.1
1334680 529.9
1334690 529.9
1334700 529.8
1334710 529.6
1334720 529.6
1334730 528.7
1334740 528.1
1334750 528.1
1334760 527.9
1334770 527.4
1334780 527.4
1334790 527.6
1334800 527.3
1334810 527.3
1334820 527.2
1334830 527.6
1334840 527.6
1334850 528.6
1334860 528.8
1334870 528.8
1334880 528.7
1334890 528.6
1334900 528.6
1334910 528.6
1334920 528.6
1334930 528.6
1334940 528.6
1334950 528.8
1334960 528.8
1334970 529.0
1334980 529.2
1334990 529.4
1335000 529.4
1335010 529.5
1335020 529.6
1335030 529.6
1335040 529.7
1335050 529.7
1335060 529.7
1335070 529.7
1335080 529.7
1335090 529.7
1335100 529.6
1335110 529.6
1335120 529.6
1335130 529.9
1335140 530.5
1335150 530.5
1335160 530.8
1335170 530.9
1335180 530.9
1335190 530.9
1335200 530.9
1335210 530.9
1335220 530.4
1335230 530.1
1335240 530.1
1335250 529.8
1335260 529.7
1335270 529.7
1335280 529.6
1335290 529.6
1335300 529.5
1335310 529.5
1335320 529.4
1335330 529.2
1335340 529.2
1335350 529.1
1335360 529.1
1335370 529.1
1335380 528.9
1335390 528.8
1335400 529.0
1335410 529.0
1335420 529.3
1335430 529.3
1335440 530.0
1335450 530.4
1335460 530.4
1335470 529.9
1335480 531.2
1335490 531.2
1335500 534.1
1335510 536.5
1335520 536.5
1335530 538.8
1335540 544.4
1335550 544.4
1335560 550.0
1335570 555.8
1335580 555.8
1335590 561.3
1335600 565.4
1335610 565.4
1335620 569.2
1335630 573.7
1335640 577.1
1335650 577.1
1335660 577.6
1335670 577.0
1335680 577.0
1335690 576.7
1335700 577.0
1335710 577.0
1335720 577.4
1335730 578.6
1335740 578.6
1335750 581.5
1335760 584.0
1335770 584.0
1335780 584.9
1335790 585.1
1335800 585.1
1335810 584.9
1335820 584.3
1335830 584.3
1335840 583.1
1335850 582.4
1335860 582.4
1335870 581.2
1335880 579.6
1335890 579.6
1335900 578.0
1335910 575.2
1335920 575.2
1335930 576.1
1335940 577.2
1335950 577.7
1335960 577.7
1335970 578.2
1335980 577.7
1335990 577.7
1336000 577.4
1336010 578.0
1336020 578.0
1336030 578.1
1336040 577.6
1336050 577.6
1336060 576.2
1336070 574.2
1336080 574.2
1336090 573.4
1336100 573.3
1336110 573.3
1336120 572.6
1336130 571.4
1336140 571.4
1336150 570.0
1336160 570.3
1336170 570.3
1336180 572.9
1336190 575.7
1336200 575.7
1336210 576.4
1336220 577.8
1336230 577.8
1336240 579.2
1336250 578.5
1336260 582.8
1336270 581.9
1336280 583.3
1336290 583.5
1336300 583.5
1336310 581.3
1336320 577.3
1336330 577.3
1336340 575.2
1336350 572.6
1336360 572.6
1336370 568.9
1336380 566.9
1336390 566.9
1336400 564.4
1336410 561.3
1336420 561.3
1336430 558.8
1336440 558.2
1336450 558.2
1336460 557.1
1336470 554.9
1336480 554.9
1336490 552.2
1336500 550.9
1336510 550.9
1336520 550.2
1336530 549.5
1336540 549.5
1336550 548.6
1336560 545.8
1336570 545.8
1336580 543.0
1336590 540.5
1336600 537.0
1336610 537.0
1336620 531.9
1336630 528.5
1336640 528.5
1336650 528.1
1336660 535.4
1336670 535.4
1336680 552.8
1336690 568.2
1336700 568.2
1336710 572.1
1336720 570.5
1336730 570.5
1336740 576.4
1336750 584.5
1336760 584.5
1336770 589.8
1336780 593.6
1336790 593.6
1336800 599.6
1336810 604.9
1336820 604.9
1336830 604.4
1336840 597.7
1336850 597.7
1336860 602.0
1336870 607.9
1336880 607.9
1336890 617.9
1336900 620.7
1336910 620.7
1336920 619.0
1336930 621.0
1336940 624.1
1336950 624.1
1336960 627.2
1336970 630.4
1336980 630.4
1336990 631.0
1337000 629.8
1337010 629.8
1337020 629.5
1337030 631.1
1337040 631.1
1337050 633.1
1337060 637.7
1337070 637.7
1337080 638.6
1337090 638.6
1337100 638.6
1337110 638.9
1337120 640.7
1337130 640.7
1337140 639.2
1337150 639.2
1337160 639.2
1337170 639.2
1337180 639.3
1337190 639.3
1337200 639.7
1337210 639.3
1337220 639.3
1337230 639.0
1337240 639.0
1337250 638.6
1337260 638.6
1337270 638.2
1337280 637.9
1337290 637.9
1337300 637.7
1337310 637.1
1337320 637.1
1337330 637.4
1337340 647.1
1337350 647.1
1337360 657.7
1337370 659.1
1337380 659.1
1337390 665.8
1337400 674.9
1337410 674.9
1337420 681.9
1337430 689.0
1337440 689.0
1337450 693.5
1337460 694.5
1337470 694.5
1337480 696.0
1337490 696.1
1337500 696.1
1337510 693.8
1337520 692.0
1337530 692.0
1337540 689.5
1337550 696.4
1337560 696.4
1337570 705.0
1337580 706.9
1337590 708.5
1337600 708.5
1337610 706.5
1337620 703.4
1337630 703.4
1337640 699.6
1337650 694.8
1337660 694.8
1337670 690.3
1337680 691.8
1337690 691.8
1337700 699.3
1337710 705.2
1337720 705.2
1337730 700.9
1337740 697.2
1337750 697.2
1337760 693.9
1337770 690.5
1337780 690.5
1337790 687.9
1337800 686.4
1337810 686.4
1337820 684.4
1337830 681.7
1337840 681.7
1337850 672.9
1337860 654.0
1337870 654.0
1337880 635.3
1337890 662.5
1337900 670.3
1337910 670.3
1337920 669.2
1337930 665.3
1337940 665.3
1337950 657.8
1337960 646.7
1337970 646.7
1337980 637.2
1337990 650.5
1338000 650.5
1338010 661.3
1338020 669.1
1338030 669.1
1338040 671.7
1338050 667.4
1338060 667.4
1338070 663.7
1338080 664.3
1338090 664.3
1338100 662.9
1338110 659.1
1338120 659.1
1338130 658.6
1338140 663.1
1338150 663.1
1338160 664.0
1338170 663.8
1338180 663.8
1338190 666.8
1338200 665.6
1338210 665.6
1338220 669.8
1338230 676.0
1338240 678.3
1338250 678.3
1338260 679.6
1338270 681.0
1338280 681.0
1338290 682.7
1338300 684.1
1338310 684.1
1338320 685.2
1338330 687.1
1338340 687.1
1338350 689.7
1338360 693.2
1338370 693.2
1338380 696.1
1338390 695.4
1338400 695.4
1338410 691.0
1338420 687.4
1338430 687.4
1338440 687.6
1338450 691.3
1338460 691.3
1338470 695.6
1338480 697.0
1338490 697.0
1338500 696.8
1338510 695.5
1338520 695.5
1338530 693.5
1338540 688.7
1338550 680.0
1338560 680.0
1338570 669.6
1338580 656.4
1338590 656.4
1338600 655.4
1338610 664.3
1338620 664.3
1338630 675.7
1338640 688.5
1338650 688.5
1338660 700.1
1338670 711.2
1338680 711.2
1338690 719.2
1338700 726.6
1338710 726.6
1338720 735.1
1338730 742.5
1338740 742.5
1338750 748.3
1338760 752.9
1338770 752.9
1338780 754.8
1338790 756.0
1338800 756.0
1338810 756.0
1338820 759.3
1338830 759.3
1338840 761.0
1338850 760.3
1338860 760.3
1338870 766.6
1338880 766.9
1338890 768.8
1338900 768.8
1338910 774.1
1338920 780.7
1338930 780.7
1338940 787.4
1338950 791.6
1338960 791.6
1338970 794.0
1338980 795.2
1338990 795.2
1339000 797.2
1339010 800.6
1339020 800.6
1339030 802.4
1339040 806.3
1339050 806.3
1339060 811.4
1339070 815.1
1339080 815.1
1339090 818.1
1339100 826.1
1339110 826.1
1339120 832.4
1339130 836.9
1339140 836.9
1339150 841.4
1339160 846.2
1339170 846.2
1339180 852.1
1339190 856.7
1339200 858.0
1339210 858.0
1339220 855.1
1339230 846.3
1339240 846.3
1339250 842.2
1339260 839.9
1339270 839.9
1339280 838.2
1339290 836.8
1339300 836.8
1339310 837.6
1339320 837.9
1339330 837.9
1339340 839.2
1339350 841.4
1339360 841.4
1339370 842.3
1339380 842.2
1339390 842.2
1339400 841.7
1339410 837.2
1339420 837.2
1339430 828.7
1339440 822.2
1339450 822.2
1339460 818.0
1339470 814.0
1339480 814.0
1339490 810.0
1339500 806.2
1339510 806.2
1339520 803.3
1339530 802.6
1339540 801.9
1339550 801.9
1339560 802.1
1339570 805.2
1339580 805.2
1339590 803.9
1339600 797.0
1339610 797.0
1339620 787.3
1339630 774.9
1339640 774.9
1339650 762.7
1339660 748.6
1339670 748.6
1339680 739.4
1339690 728.6
1339700 728.6
1339710 712.6
1339720 706.2
1339730 706.2
1339740 697.6
1339750 682.6
1339760 682.6
1339770 666.2
1339780 673.2
1339790 673.2
1339800 691.6
1339810 703.5
1339820 703.5
1339830 716.8
1339840 726.4
1339850 733.7
1339860 733.7
1339870 744.7
1339880 758.3
1339890 758.3
1339900 771.4
1339910 784.1
1339920 784.1
1339930 795.4
1339940 808.5
1339950 808.5
1339960 819.8
1339970 821.6
1339980 821.6
1339990 821.3
