1320000 945.8
1320010 940.2
1320020 940.2
1320030 934.3
1320040 928.7
1320050 928.7
1320060 923.3
1320070 917.0
1320080 917.0
1320090 910.3
1320100 904.1
1320110 904.1
1320120 898.0
1320130 891.0
1320140 891.0
1320150 884.1
1320160 878.0
1320170 878.0
1320180 871.7
1320190 864.6
1320200 864.6
1320210 858.4
1320220 852.3
1320230 852.3
1320240 845.0
1320250 837.8
1320260 837.8
1320270 830.6
1320280 824.2
1320290 819.7
1320300 819.7
1320310 815.8
1320320 810.5
1320330 810.5
1320340 805.2
1320350 800.7
1320360 800.7
1320370 795.5
1320380 788.8
1320390 788.8
1320400 784.8
1320410 779.0
1320420 779.0
1320430 773.0
1320440 767.4
1320450 767.4
1320460 762.2
1320470 757.2
1320480 757.2
1320490 752.1
1320500 746.4
1320510 746.4
1320520 741.0
1320530 736.0
1320540 736.0
1320550 729.6
1320560 721.0
1320570 721.0
1320580 715.0
1320590 712.2
1320600 708.7
1320610 708.7
1320620 703.2
1320630 697.8
1320640 697.8
1320650 692.6
1320660 687.1
1320670 687.1
1320680 680.3
1320690 673.3
1320700 673.3
1320710 666.9
1320720 659.6
1320730 659.6
1320740 649.0
1320750 635.5
1320760 635.5
1320770 614.8
1320780 606.7
1320790 606.7
1320800 601.3
1320810 598.9
1320820 598.9
1320830 595.9
1320840 590.7
1320850 590.7
1320860 586.0
1320870 581.6
1320880 581.6
1320890 577.4
1320900 575.7
1320910 575.7
1320920 573.9
1320930 572.5
1320940 571.3
1320950 571.3
1320960 571.0
1320970 574.3
1320980 574.3
1320990 579.9
1321000 583.6
1321010 583.6
1321020 587.6
1321030 592.5
1321040 592.5
1321050 598.2
1321060 604.5
1321070 604.5
1321080 610.4
1321090 615.2
1321100 615.2
1321110 619.3
1321120 621.6
1321130 621.6
1321140 622.6
1321150 631.7
1321160 631.7
1321170 635.7
1321180 640.1
1321190 640.1
1321200 640.2
1321210 645.0
1321220 645.0
1321230 650.9
1321240 657.2
1321250 657.2
1321260 665.2
1321270 672.5
1321280 679.9
1321290 679.9
1321300 688.4
1321310 696.3
1321320 696.3
1321330 704.5
1321340 713.5
1321350 713.5
1321360 723.1
1321370 728.1
1321380 728.1
1321390 733.7
1321400 739.6
1321410 739.6
1321420 745.7
1321430 753.4
1321440 753.4
1321450 759.5
1321460 763.7
1321470 763.7
1321480 770.2
1321490 776.5
1321500 776.5
1321510 781.9
1321520 786.6
1321530 786.6
1321540 791.2
1321550 795.8
1321560 795.8
1321570 801.0
1321580 806.7
1321590 806.7
1321600 813.0
1321610 819.8
1321620 826.9
1321630 826.9
1321640 834.2
1321650 841.8
1321660 841.8
1321670 849.6
1321680 857.2
1321690 857.2
1321700 866.6
1321710 879.5
1321720 879.5
1321730 889.9
1321740 898.4
1321750 898.4
1321760 909.0
1321770 913.5
1321780 913.5
1321790 917.0
1321800 920.0
1321810 920.0
1321820 921.1
1321830 923.0
1321840 923.0
1321850 927.0
1321860 931.9
1321870 931.9
1321880 936.2
1321890 938.3
1321900 938.3
1321910 942.7
1321920 947.8
1321930 949.0
1321940 949.1
1321950 951.9
1321960 951.9
1321970 951.9
1321980 949.9
1321990 949.1
1322000 949.1
1322010 948.0
1322020 945.7
1322030 945.7
1322040 944.1
1322050 943.1
1322060 943.1
1322070 942.7
1322080 943.3
1322090 943.3
1322100 944.2
1322110 944.6
1322120 944.6
1322130 942.7
1322140 939.7
1322150 939.7
1322160 942.2
1322170 945.3
1322180 945.3
1322190 945.4
1322200 943.4
1322210 943.4
1322220 942.8
1322230 944.9
1322240 944.9
1322250 948.2
1322260 948.9
1322270 947.4
1322280 947.4
1322290 945.4
1322300 942.1
1322310 942.1
1322320 938.6
1322330 937.0
1322340 937.0
1322350 936.9
1322360 937.6
1322370 937.6
1322380 939.7
1322390 942.5
1322400 942.5
1322410 945.0
1322420 947.6
1322430 947.6
1322440 950.7
1322450 954.0
1322460 954.0
1322470 957.1
1322480 960.0
1322490 960.0
1322500 962.5
1322510 964.8
1322520 964.8
1322530 965.4
1322540 968.2
1322550 968.2
1322560 973.1
1322570 976.9
1322580 976.9
1322590 979.9
1322600 983.2
1322610 985.9
1322620 985.9
1322630 988.2
1322640 990.8
1322650 990.8
1322660 994.1
1322670 998.0
1322680 998.0
1322690 1003.0
1322700 1009.2
1322710 1009.2
1322720 1014.4
1322730 1017.0
1322740 1017.0
1322750 1020.1
1322760 1023.2
1322770 1023.2
1322780 1025.1
1322790 1026.5
1322800 1026.5
1322810 1029.1
1322820 1033.9
1322830 1033.9
1322840 1038.8
1322850 1044.4
1322860 1044.4
1322870 1051.1
1322880 1055.7
1322890 1055.7
1322900 1059.5
1322910 1062.5
1322920 1062.5
1322930 1064.4
1322940 1065.4
1322950 1064.7
1322960 1064.7
1322970 1061.5
1322980 1059.8
1322990 1059.8
1323000 1058.7
1323010 1058.8
1323020 1058.8
1323030 1060.0
1323040 1061.2
1323050 1061.2
1323060 1061.2
1323070 1060.1
1323080 1060.1
1323090 1057.6
1323100 1055.1
1323110 1055.1
1323120 1053.5
1323130 1051.8
1323140 1051.8
1323150 1050.2
1323160 1049.4
1323170 1049.4
1323180 1049.0
1323190 1049.0
1323200 1049.0
1323210 1049.2
1323220 1048.9
1323230 1048.9
1323240 1049.2
1323250 1049.9
1323260 1049.8
1323270 1049.8
1323280 1049.4
1323290 1050.2
1323300 1050.2
1323310 1051.8
1323320 1053.0
1323330 1053.0
1323340 1052.6
1323350 1051.7
1323360 1051.7
1323370 1051.3
1323380 1051.5
1323390 1051.5
1323400 1051.7
1323410 1052.3
1323420 1052.3
1323430 1053.4
1323440 1053.9
1323450 1053.9
1323460 1053.9
1323470 1054.4
1323480 1054.4
1323490 1053.9
1323500 1053.4
1323510 1053.4
1323520 1065.0
1323530 1067.8
1323540 1067.8
1323550 1067.7
1323560 1066.5
1323570 1066.5
1323580 1068.0
1323590 1071.0
1323600 1073.8
1323610 1073.8
1323620 1074.2
1323630 1074.2
1323640 1074.2
1323650 1075.1
1323660 1075.8
1323670 1075.8
1323680 1077.4
1323690 1082.8
1323700 1082.8
1323710 1090.5
1323720 1101.9
1323730 1101.9
1323740 1116.9
1323750 1132.0
1323760 1132.0
1323770 1141.9
1323780 1149.1
1323790 1149.1
1323800 1154.0
1323810 1156.5
1323820 1156.5
1323830 1158.7
1323840 1159.7
1323850 1159.7
1323860 1158.7
1323870 1157.5
1323880 1157.5
1323890 1157.2
1323900 1158.3
1323910 1158.3
1323920 1159.5
1323930 1161.6
1323940 1164.0
1323950 1164.0
1323960 1166.1
1323970 1167.6
1323980 1167.6
1323990 1168.0
1324000 1168.6
1324010 1168.6
1324020 1170.1
1324030 1171.9
1324040 1171.9
1324050 1174.1
1324060 1176.9
1324070 1176.9
1324080 1179.8
1324090 1183.1
1324100 1183.1
1324110 1187.0
1324120 1190.9
1324130 1190.9
1324140 1194.3
1324150 1196.2
1324160 1196.2
1324170 1197.2
1324180 1197.7
1324190 1197.7
1324200 1198.6
1324210 1200.1
1324220 1200.1
1324230 1202.2
1324240 1204.2
1324250 1204.2
1324260 1205.8
1324270 1206.6
1324280 1207.6
1324290 1207.6
1324300 1208.3
1324310 1212.8
1324320 1212.8
1324330 1212.5
1324340 1212.6
1324350 1212.6
1324360 1213.2
1324370 1213.7
1324380 1213.7
1324390 1214.1
1324400 1213.9
1324410 1213.9
1324420 1212.7
1324430 1211.5
1324440 1211.5
1324450 1210.2
1324460 1209.5
1324470 1209.5
1324480 1209.3
1324490 1208.6
1324500 1208.6
1324510 1206.7
1324520 1205.3
1324530 1205.3
1324540 1205.1
1324550 1205.4
1324560 1205.4
1324570 1206.1
1324580 1206.1
1324590 1206.3
1324600 1206.3
1324610 1206.4
1324620 1206.4
1324630 1206.4
1324640 1206.3
1324650 1206.3
1324660 1206.3
1324670 1206.4
1324680 1207.1
1324690 1207.1
1324700 1208.9
1324710 1210.3
1324720 1210.3
1324730 1212.0
1324740 1213.5
1324750 1213.5
1324760 1215.3
1324770 1217.3
1324780 1217.3
1324790 1219.2
1324800 1220.5
1324810 1220.5
1324820 1221.7
1324830 1222.8
1324840 1222.8
1324850 1223.8
1324860 1224.8
1324870 1224.8
1324880 1225.6
1324890 1226.0
1324900 1226.0
1324910 1226.5
1324920 1227.5
1324930 1228.4
1324940 1228.4
1324950 1229.3
1324960 1230.3
1324970 1230.3
1324980 1231.5
1324990 1232.6
1325000 1232.6
1325010 1233.7
1325020 1235.1
1325030 1235.1
1325040 1236.6
1325050 1238.1
1325060 1238.1
1325070 1239.6
1325080 1241.1
1325090 1241.1
1325100 1242.3
1325110 1240.6
1325120 1240.6
1325130 1241.2
1325140 1241.4
1325150 1241.4
1325160 1241.3
1325170 1241.3
1325180 1241.3
1325190 1242.1
1325200 1243.2
1325210 1243.2
1325220 1244.5
1325230 1245.7
1325240 1245.7
1325250 1246.5
1325260 1247.3
1325270 1248.0
1325280 1248.0
1325290 1248.9
1325300 1250.3
1325310 1250.3
1325320 1251.4
1325330 1252.7
1325340 1252.7
1325350 1254.2
1325360 1255.8
1325370 1255.8
1325380 1257.2
1325390 1258.4
1325400 1258.4
1325410 1259.5
1325420 1260.5
1325430 1260.5
1325440 1261.2
1325450 1262.3
1325460 1262.3
1325470 1263.4
1325480 1263.9
1325490 1263.9
1325500 1264.5
1325510 1265.7
1325520 1265.7
1325530 1267.3
1325540 1268.7
1325550 1268.7
1325560 1269.8
1325570 1271.3
1325580 1272.6
1325590 1272.6
1325600 1273.8
1325610 1274.4
1325620 1274.4
1325630 1274.5
1325640 1274.8
1325650 1274.8
1325660 1275.2
1325670 1274.9
1325680 1274.9
1325690 1274.0
1325700 1272.5
1325710 1272.5
1325720 1269.9
1325730 1265.5
1325740 1265.5
1325750 1260.6
1325760 1255.0
1325770 1255.0
1325780 1249.6
1325790 1244.3
1325800 1244.3
1325810 1239.2
1325820 1235.3
1325830 1235.3
1325840 1231.9
1325850 1228.6
1325860 1228.6
1325870 1226.2
1325880 1225.5
1325890 1225.5
1325900 1227.4
1325910 1231.0
1325920 1232.6
1325930 1232.6
1325940 1235.7
1325950 1236.6
1325960 1236.6
1325970 1235.3
1325980 1234.2
1325990 1234.2
1326000 1233.9
1326010 1234.1
1326020 1234.1
1326030 1235.0
1326040 1235.9
1326050 1235.9
1326060 1236.4
1326070 1236.0
1326080 1236.0
1326090 1234.3
1326100 1230.2
1326110 1230.2
1326120 1226.4
1326130 1225.3
1326140 1225.3
1326150 1224.2
1326160 1222.5
1326170 1222.5
1326180 1221.7
1326190 1220.8
1326200 1220.8
1326210 1215.9
1326220 1209.3
1326230 1209.3
1326240 1201.8
1326250 1192.7
1326260 1182.7
1326270 1182.7
1326280 1174.1
1326290 1167.7
1326300 1167.7
1326310 1161.3
1326320 1154.3
1326330 1154.3
1326340 1148.0
1326350 1141.6
1326360 1141.6
1326370 1135.6
1326380 1129.3
1326390 1129.3
1326400 1122.7
1326410 1114.5
1326420 1114.5
1326430 1105.5
1326440 1096.9
1326450 1096.9
1326460 1088.8
1326470 1081.7
1326480 1081.7
1326490 1074.6
1326500 1068.3
1326510 1068.3
1326520 1064.2
1326530 1061.1
1326540 1061.1
1326550 1058.9
1326560 1056.8
1326570 1056.8
1326580 1053.6
1326590 1051.3
1326600 1048.4
1326610 1048.4
1326620 1044.6
1326630 1041.7
1326640 1041.7
1326650 1036.3
1326660 1033.9
1326670 1033.9
1326680 1031.6
1326690 1028.3
1326700 1028.3
1326710 1023.3
1326720 1013.9
1326730 1013.9
1326740 1007.7
1326750 1010.1
1326760 1010.1
1326770 1012.7
1326780 1011.3
1326790 1011.3
1326800 1009.7
1326810 1007.8
1326820 1007.8
1326830 1005.2
1326840 1001.4
1326850 1001.4
1326860 996.4
1326870 992.3
1326880 992.3
1326890 988.9
1326900 984.7
1326910 981.1
1326920 981.1
1326930 977.5
1326940 973.3
1326950 973.3
1326960 970.3
1326970 965.2
1326980 965.2
1326990 958.1
1327000 949.2
1327010 949.2
1327020 937.7
1327030 929.0
1327040 929.0
1327050 920.7
1327060 913.8
1327070 913.8
1327080 907.9
1327090 902.5
1327100 902.5
1327110 897.9
1327120 894.9
1327130 894.9
1327140 891.8
1327150 888.9
1327160 888.9
1327170 886.9
1327180 885.4
1327190 885.4
1327200 880.5
1327210 873.8
1327220 873.8
1327230 870.1
1327240 867.6
1327250 865.0
1327260 865.0
1327270 863.3
1327280 861.2
1327290 861.2
1327300 858.7
1327310 856.4
1327320 856.4
1327330 854.1
1327340 851.5
1327350 851.5
1327360 849.3
1327370 847.7
1327380 847.7
1327390 846.3
1327400 844.6
1327410 844.6
1327420 843.0
1327430 841.5
1327440 841.5
1327450 840.2
1327460 839.5
1327470 839.5
1327480 839.2
1327490 839.4
1327500 839.4
1327510 840.9
1327520 845.3
1327530 845.3
1327540 846.7
1327550 842.7
1327560 842.7
1327570 835.1
1327580 829.0
1327590 822.0
1327600 822.0
1327610 818.2
1327620 815.1
1327630 815.1
1327640 811.9
1327650 807.6
1327660 807.6
1327670 803.3
1327680 799.7
1327690 799.7
1327700 795.6
1327710 791.7
1327720 791.7
1327730 787.6
1327740 783.1
1327750 783.1
1327760 780.5
1327770 780.3
1327780 780.3
1327790 781.4
1327800 780.6
1327810 780.6
1327820 777.1
1327830 774.4
1327840 774.4
1327850 771.3
1327860 768.4
1327870 768.4
1327880 765.3
1327890 761.6
1327900 757.9
1327910 757.9
1327920 754.6
1327930 753.7
1327940 753.7
1327950 754.1
1327960 754.5
1327970 754.5
1327980 755.0
1327990 756.8
1328000 756.8
1328010 759.6
1328020 762.6
1328030 762.6
1328040 765.4
1328050 767.1
1328060 767.1
1328070 768.4
1328080 769.9
1328090 769.9
1328100 771.9
1328110 773.7
1328120 773.7
1328130 774.4
1328140 774.3
1328150 774.3
1328160 772.0
1328170 767.8
1328180 767.8
1328190 763.4
1328200 760.2
1328210 760.2
1328220 758.2
1328230 757.5
1328240 757.7
1328250 757.7
1328260 757.1
1328270 755.4
1328280 755.4
1328290 752.5
1328300 749.1
1328310 749.1
1328320 746.7
1328330 744.9
1328340 744.9
1328350 745.1
1328360 743.2
1328370 743.2
1328380 741.1
1328390 738.0
1328400 738.0
1328410 734.3
1328420 731.2
1328430 731.2
1328440 728.9
1328450 728.0
1328460 728.0
1328470 727.5
1328480 727.1
1328490 727.1
1328500 726.9
1328510 726.3
1328520 726.3
1328530 725.4
1328540 724.5
1328550 724.5
1328560 726.7
1328570 729.2
1328580 731.2
1328590 731.2
1328600 732.9
1328610 734.9
1328620 734.9
1328630 738.0
1328640 739.3
1328650 739.3
1328660 738.6
1328670 737.4
1328680 737.4
1328690 734.5
1328700 731.7
1328710 731.7
1328720 730.9
1328730 731.0
1328740 731.0
1328750 731.7
1328760 732.3
1328770 732.3
1328780 732.6
1328790 732.9
1328800 732.9
1328810 733.4
1328820 734.0
1328830 734.0
1328840 734.3
1328850 734.9
1328860 734.9
1328870 735.1
1328880 735.5
1328890 735.5
1328900 736.2
1328910 737.2
1328920 738.4
1328930 738.4
1328940 739.6
1328950 739.7
1328960 739.7
1328970 738.1
1328980 733.8
1328990 733.8
1329000 728.5
1329010 723.8
1329020 723.8
1329030 721.0
1329040 718.5
1329050 718.5
1329060 716.6
1329070 716.3
1329080 716.3
1329090 717.7
1329100 720.2
1329110 720.2
1329120 723.6
1329130 726.8
1329140 726.8
1329150 728.6
1329160 729.3
1329170 730.4
1329180 730.3
1329190 730.3
1329200 730.3
1329210 729.4
1329220 728.5
1329230 727.3
1329240 727.3
1329250 725.9
1329260 724.1
1329270 724.1
1329280 723.0
1329290 722.1
1329300 722.1
1329310 720.7
1329320 718.2
1329330 718.2
1329340 717.1
1329350 714.0
1329360 714.0
1329370 708.1
1329380 703.1
1329390 703.1
1329400 699.8
1329410 698.2
1329420 698.2
1329430 698.3
1329440 695.3
1329450 695.3
1329460 689.6
1329470 684.8
1329480 684.8
1329490 683.6
1329500 683.2
1329510 683.2
1329520 683.7
1329530 683.0
1329540 683.0
1329550 681.2
1329560 679.8
1329570 678.4
1329580 678.4
1329590 675.8
1329600 672.1
1329610 672.1
1329620 669.4
1329630 665.2
1329640 665.2
1329650 659.0
1329660 652.5
1329670 652.5
1329680 644.7
1329690 637.1
1329700 637.1
1329710 630.8
1329720 626.7
1329730 626.7
1329740 628.7
1329750 632.4
1329760 632.4
1329770 633.7
1329780 637.6
1329790 637.6
1329800 643.6
1329810 648.2
1329820 648.2
1329830 649.6
1329840 652.0
1329850 652.0
1329860 653.7
1329870 657.5
1329880 657.5
1329890 662.6
1329900 663.1
1329910 662.8
1329920 662.8
1329930 662.7
1329940 662.4
1329950 662.4
1329960 662.1
1329970 662.0
1329980 662.0
1329990 661.9
1330000 658.8
1330010 658.8
1330020 658.7
1330030 658.6
1330040 658.6
1330050 658.5
1330060 658.5
1330070 658.5
1330080 657.7
1330090 656.8
1330100 656.8
1330110 656.2
1330120 655.8
1330130 655.8
1330140 655.6
1330150 655.5
1330160 655.5
1330170 655.4
1330180 655.0
1330190 655.0
1330200 654.7
1330210 654.4
1330220 653.8
1330230 653.8
1330240 654.1
1330250 656.3
1330260 656.3
1330270 658.8
1330280 660.7
1330290 660.7
1330300 661.7
1330310 663.6
1330320 663.6
1330330 665.3
1330340 664.0
1330350 664.0
1330360 660.4
1330370 656.0
1330380 656.0
1330390 653.8
1330400 655.3
1330410 655.3
1330420 654.9
1330430 650.0
1330440 650.0
1330450 644.7
1330460 639.3
1330470 639.3
1330480 636.8
1330490 634.8
1330500 634.8
1330510 631.7
1330520 629.2
1330530 629.2
1330540 625.9
1330550 622.5
1330560 618.3
1330570 618.3
1330580 614.6
1330590 612.2
1330600 612.2
1330610 611.4
1330620 610.7
1330630 610.7
1330640 612.4
1330650 613.7
1330660 613.7
1330670 614.9
1330680 616.6
1330690 616.6
1330700 617.8
1330710 616.5
1330720 616.5
1330730 615.5
1330740 616.7
1330750 616.7
1330760 618.5
1330770 619.8
1330780 619.8
1330790 620.6
1330800 621.3
1330810 621.3
1330820 622.1
1330830 626.4
1330840 626.4
1330850 628.5
1330860 629.1
1330870 629.1
1330880 627.4
1330890 624.2
1330900 621.5
1330910 621.5
1330920 620.3
1330930 620.0
1330940 620.0
1330950 619.9
1330960 619.9
1330970 619.9
1330980 619.6
1330990 619.7
1331000 619.7
1331010 620.1
1331020 620.6
1331030 620.6
1331040 621.9
1331050 623.6
1331060 623.6
1331070 624.2
1331080 623.1
1331090 623.1
1331100 620.7
1331110 615.6
1331120 615.6
1331130 612.1
1331140 608.7
1331150 608.7
1331160 607.2
1331170 607.0
1331180 607.0
1331190 607.7
1331200 609.4
1331210 611.9
1331220 611.9
1331230 609.5
1331240 602.0
1331250 602.0
1331260 594.1
1331270 586.9
1331280 586.9
1331290 581.2
1331300 576.2
1331310 576.2
1331320 571.9
1331330 567.3
1331340 567.3
1331350 561.8
1331360 562.2
1331370 562.2
1331380 561.0
1331390 557.1
1331400 557.1
1331410 554.8
1331420 553.6
1331430 553.6
1331440 553.3
1331450 553.3
1331460 553.3
1331470 553.0
1331480 549.7
1331490 549.7
1331500 544.3
1331510 542.0
1331520 542.0
1331530 541.3
1331540 540.3
1331550 538.6
1331560 538.6
1331570 537.7
1331580 537.9
1331590 537.9
1331600 539.0
1331610 539.9
1331620 539.9
1331630 540.6
1331640 540.8
1331650 540.8
1331660 540.4
1331670 539.8
1331680 539.8
1331690 539.8
1331700 540.7
1331710 540.7
1331720 541.7
1331730 543.7
1331740 543.7
1331750 545.9
1331760 549.1
1331770 549.1
1331780 551.5
1331790 552.8
1331800 552.8
1331810 552.7
1331820 552.6
1331830 552.6
1331840 553.0
1331850 553.2
1331860 553.2
1331870 553.0
1331880 552.9
1331890 553.9
1331900 553.9
1331910 555.7
1331920 557.3
1331930 557.3
1331940 557.7
1331950 557.1
1331960 557.1
1331970 555.9
1331980 554.4
1331990 554.4
1332000 552.3
1332010 549.1
1332020 549.1
1332030 548.1
1332040 547.8
1332050 547.8
1332060 547.5
1332070 546.5
1332080 546.5
1332090 543.2
1332100 540.6
1332110 540.6
1332120 539.8
1332130 540.4
1332140 540.4
1332150 541.8
1332160 542.7
1332170 542.7
1332180 544.3
1332190 545.5
1332200 545.5
1332210 546.0
1332220 545.9
1332230 545.2
1332240 545.2
1332250 542.1
1332260 536.6
1332270 536.6
1332280 531.3
1332290 526.0
1332300 526.0
1332310 520.9
1332320 517.4
1332330 517.4
1332340 514.8
1332350 513.1
1332360 513.1
1332370 512.8
1332380 512.6
1332390 512.6
1332400 512.5
1332410 512.7
1332420 512.7
1332430 513.8
1332440 515.8
1332450 515.8
1332460 518.3
1332470 520.6
1332480 520.6
1332490 522.0
1332500 522.5
1332510 522.8
1332520 522.4
1332530 522.0
1332540 521.6
1332550 521.6
1332560 521.4
1332570 521.2
1332580 521.2
1332590 521.2
1332600 521.2
1332610 521.2
1332620 520.3
1332630 515.2
1332640 515.2
1332650 509.5
1332660 508.7
1332670 508.7
1332680 508.5
1332690 508.2
1332700 508.2
1332710 508.4
1332720 511.6
1332730 511.6
1332740 517.1
1332750 521.7
1332760 521.7
1332770 526.6
1332780 528.6
1332790 528.6
1332800 528.8
1332810 528.7
1332820 528.7
1332830 528.6
1332840 528.3
1332850 528.3
1332860 528.0
1332870 527.3
1332880 525.6
1332890 525.6
1332900 524.1
1332910 523.9
1332920 523.9
1332930 524.2
1332940 524.7
1332950 524.7
1332960 525.3
1332970 526.1
1332980 526.1
1332990 526.9
1333000 528.0
1333010 528.0
1333020 529.3
1333030 531.1
1333040 531.1
1333050 533.1
1333060 534.9
1333070 534.9
1333080 536.3
1333090 538.4
1333100 538.4
1333110 539.9
1333120 540.7
1333130 540.7
1333140 541.2
1333150 541.6
1333160 541.6
1333170 542.0
1333180 542.6
1333190 542.6
1333200 543.2
1333210 543.5
1333220 544.0
1333230 544.0
1333240 544.5
1333250 545.0
1333260 545.0
1333270 545.2
1333280 545.2
1333290 545.2
1333300 545.3
1333310 545.1
1333320 545.1
1333330 545.3
1333340 545.4
1333350 544.4
1333360 544.5
1333370 544.6
1333380 544.6
1333390 544.6
1333400 544.6
1333410 544.6
1333420 544.5
1333430 544.5
1333440 544.5
1333450 544.4
1333460 544.3
1333470 544.3
1333480 544.1
1333490 543.9
1333500 543.9
1333510 543.5
1333520 542.4
1333530 541.7
1333540 541.7
1333550 542.4
1333560 542.9
1333570 542.9
1333580 542.5
1333590 539.7
1333600 539.7
1333610 537.9
1333620 536.0
1333630 536.0
1333640 533.9
1333650 530.9
1333660 530.9
1333670 531.4
1333680 535.1
1333690 535.1
1333700 536.6
1333710 535.7
1333720 535.7
1333730 534.2
1333740 532.4
1333750 532.4
1333760 531.4
1333770 531.1
1333780 531.1
1333790 528.0
1333800 525.2
1333810 525.2
1333820 521.7
1333830 518.2
1333840 518.2
1333850 517.1
1333860 518.3
1333870 520.3
1333880 520.3
1333890 521.6
1333900 520.8
1333910 520.8
1333920 519.9
1333930 518.0
1333940 518.0
1333950 515.3
1333960 513.9
1333970 513.9
1333980 513.5
1333990 513.8
1334000 513.8
1334010 514.0
1334020 514.2
1334030 514.2
1334040 513.8
1334050 512.2
1334060 512.2
1334070 509.6
1334080 511.5
1334090 511.5
1334100 511.8
1334110 513.1
1334120 513.1
1334130 515.0
1334140 517.0
1334150 517.0
1334160 520.0
1334170 523.8
1334180 523.8
1334190 528.0
1334200 524.4
1334210 530.9
1334220 530.9
1334230 535.8
1334240 535.9
1334250 535.9
1334260 534.1
1334270 532.1
1334280 532.1
1334290 531.3
1334300 529.7
1334310 529.7
1334320 528.2
1334330 526.6
1334340 526.6
1334350 521.5
1334360 517.3
1334370 517.3
1334380 512.7
1334390 508.1
1334400 508.1
1334410 506.3
1334420 510.9
1334430 510.9
1334440 513.2
1334450 514.2
1334460 514.2
1334470 515.4
1334480 514.6
1334490 514.6
1334500 517.1
1334510 521.8
1334520 525.5
1334530 525.5
1334540 527.1
1334550 528.2
1334560 528.2
1334570 533.4
1334580 536.9
1334590 536.9
1334600 536.6
1334610 538.1
1334620 538.1
1334630 537.9
1334640 536.3
1334650 536.3
1334660 534.4
1334670 533.2
1334680 533.2
1334690 534.0
1334700 536.4
1334710 536.4
1334720 535.5
1334730 528.6
1334740 528.6
1334750 522.4
1334760 525.7
1334770 525.7
1334780 527.2
1334790 529.3
1334800 529.3
1334810 530.4
1334820 528.2
1334830 528.2
1334840 523.7
1334850 522.1
1334860 519.7
1334870 519.7
1334880 516.4
1334890 511.9
1334900 511.9
1334910 507.7
1334920 505.6
1334930 505.6
1334940 505.1
1334950 505.1
1334960 505.1
1334970 505.2
1334980 505.2
1334990 505.2
1335000 505.3
1335010 505.2
1335020 505.2
1335030 505.1
1335040 505.0
1335050 504.8
1335060 504.9
1335070 504.5
1335080 504.5
1335090 503.7
1335100 502.5
1335110 502.5
1335120 502.1
1335130 502.0
1335140 502.0
1335150 501.9
1335160 501.9
1335170 501.9
1335180 501.8
1335190 501.8
1335200 501.8
1335210 501.8
1335220 501.8
1335230 501.8
1335240 501.8
1335250 501.8
1335260 501.8
1335270 501.8
1335280 501.8
1335290 501.8
1335300 501.8
1335310 501.8
1335320 501.7
1335330 501.7
1335340 501.7
1335350 501.7
1335360 501.7
1335370 501.7
1335380 501.7
1335390 501.7
1335400 501.6
1335410 501.6
1335420 501.6
1335430 501.6
1335440 501.5
1335450 501.5
1335460 501.5
1335470 501.5
1335480 501.5
1335490 501.4
1335500 501.4
1335510 501.4
1335520 501.4
1335530 501.4
1335540 501.4
1335550 501.4
1335560 501.3
1335570 501.3
1335580 501.3
1335590 501.3
1335600 501.3
1335610 501.3
1335620 501.3
1335630 501.3
1335640 501.3
1335650 501.3
1335660 501.3
1335670 501.3
1335680 501.2
1335690 501.3
1335700 501.3
1335710 501.4
1335720 501.6
1335730 501.6
1335740 501.7
1335750 501.7
1335760 501.7
1335770 501.8
1335780 501.8
1335790 501.8
1335800 501.8
1335810 501.7
1335820 501.7
1335830 501.6
1335840 501.5
1335850 501.5
1335860 501.5
1335870 501.4
1335880 501.3
1335890 501.3
1335900 501.2
1335910 503.1
1335920 503.1
1335930 503.4
1335940 503.7
1335950 503.7
1335960 504.2
1335970 504.5
1335980 504.5
1335990 504.5
1336000 504.4
1336010 504.4
1336020 504.4
1336030 504.3
1336040 504.3
1336050 504.6
1336060 504.8
1336070 504.8
1336080 505.1
1336090 505.4
1336100 505.4
1336110 505.6
1336120 505.7
1336130 505.7
1336140 505.9
1336150 505.9
1336160 505.9
1336170 506.0
1336180 506.1
1336190 506.2
1336200 506.2
1336210 506.2
1336220 506.2
1336230 506.2
1336240 506.2
1336250 506.2
1336260 506.2
1336270 506.2
1336280 506.2
1336290 506.2
1336300 506.1
1336310 506.0
1336320 506.0
1336330 505.7
1336340 505.1
1336350 505.1
1336360 504.5
1336370 504.0
1336380 504.0
1336390 503.7
1336400 503.6
1336410 503.6
1336420 503.4
1336430 503.3
1336440 503.3
1336450 503.2
1336460 503.1
1336470 503.1
1336480 503.0
1336490 503.1
1336500 503.1
1336510 503.1
1336520 503.0
1336530 503.0
1336540 503.0
1336550 502.9
1336560 502.9
1336570 502.9
1336580 502.9
1336590 502.9
1336600 502.9
1336610 502.9
1336620 502.8
1336630 502.8
1336640 502.8
1336650 502.8
1336660 502.8
1336670 502.7
1336680 502.6
1336690 502.6
1336700 502.6
1336710 502.5
1336720 502.5
1336730 502.4
1336740 502.4
1336750 502.4
1336760 502.4
1336770 502.4
1336780 502.4
1336790 502.4
1336800 502.3
1336810 502.3
1336820 502.3
1336830 502.4
1336840 502.4
1336850 502.4
1336860 502.4
1336870 502.4
1336880 502.4
1336890 502.3
1336900 502.3
1336910 502.3
1336920 502.3
1336930 502.2
1336940 502.2
1336950 502.2
1336960 502.2
1336970 502.2
1336980 502.2
1336990 502.0
1337000 502.0
1337010 501.8
1337020 501.6
1337030 501.6
1337040 501.7
1337050 501.8
1337060 501.8
1337070 501.9
1337080 501.9
1337090 501.9
1337100 501.9
1337110 501.8
1337120 501.8
1337130 501.9
1337140 501.9
1337150 501.9
1337160 502.0
1337170 502.0
1337180 502.0
1337190 502.0
1337200 501.9
1337210 501.9
1337220 501.9
1337230 501.9
1337240 501.9
1337250 501.9
1337260 501.9
1337270 501.9
1337280 501.9
1337290 502.0
1337300 502.0
1337310 502.0
1337320 502.1
1337330 502.1
1337340 502.1
1337350 502.1
1337360 502.1
1337370 502.1
1337380 501.8
1337390 501.5
1337400 501.5
1337410 501.5
1337420 501.5
1337430 501.5
1337440 501.4
1337450 501.4
1337460 501.4
1337470 501.5
1337480 501.7
1337490 501.7
1337500 501.8
1337510 501.7
1337520 501.6
1337530 501.6
1337540 501.7
1337550 501.7
1337560 501.7
1337570 501.7
1337580 501.7
1337590 501.7
1337600 501.8
1337610 501.9
1337620 501.9
1337630 502.0
1337640 501.9
1337650 501.9
1337660 501.9
1337670 501.8
1337680 501.8
1337690 501.7
1337700 501.4
1337710 501.4
1337720 501.5
1337730 501.9
1337740 501.9
1337750 501.8
1337760 501.6
1337770 501.6
1337780 501.6
1337790 501.7
1337800 501.7
1337810 501.7
1337820 501.5
1337830 501.5
1337840 501.4
1337850 501.3
1337860 501.2
1337870 501.2
1337880 501.1
1337890 501.2
1337900 501.2
1337910 501.2
1337920 501.3
1337930 501.3
1337940 501.4
1337950 501.6
1337960 501.6
1337970 501.6
1337980 501.5
1337990 501.5
1338000 501.5
1338010 501.5
1338020 501.5
1338030 501.5
1338040 501.5
1338050 501.5
1338060 501.5
1338070 501.6
1338080 501.6
1338090 501.7
1338100 501.9
1338110 501.9
1338120 502.1
1338130 502.4
1338140 502.4
1338150 502.6
1338160 503.0
1338170 503.3
1338180 503.3
1338190 503.6
1338200 503.8
1338210 503.8
1338220 504.0
1338230 504.1
1338240 504.1
1338250 504.1
1338260 504.1
1338270 504.1
1338280 504.0
1338290 504.0
1338300 504.0
1338310 503.9
1338320 503.7
1338330 503.7
1338340 503.5
1338350 503.2
1338360 503.2
1338370 502.9
1338380 502.5
1338390 502.5
1338400 502.1
1338410 501.8
1338420 501.8
1338430 501.5
1338440 501.2
1338450 501.2
1338460 500.9
1338470 500.7
1338480 500.7
1338490 500.5
1338500 500.3
1338510 500.1
1338520 500.4
1338530 500.5
1338540 500.6
1338550 500.6
1338560 500.8
1338570 500.8
1338580 500.8
1338590 500.7
1338600 500.8
1338610 500.8
1338620 500.9
1338630 500.9
1338640 500.9
1338650 500.7
1338660 500.7
1338670 500.7
1338680 500.6
1338690 500.6
1338700 500.6
1338710 500.7
1338720 500.6
1338730 500.6
1338740 499.2
1338750 500.0
1338760 500.0
1338770 500.8
1338780 500.5
1338790 500.5
1338800 500.5
1338810 500.3
1338820 500.3
1338830 500.6
1338840 500.6
1338850 500.5
1338860 500.5
1338870 500.5
1338880 500.5
1338890 500.5
1338900 500.6
1338910 500.9
1338920 500.9
1338930 502.0
1338940 506.0
1338950 506.0
1338960 510.6
1338970 511.6
1338980 511.6
1338990 510.5
1339000 505.9
1339010 505.9
1339020 502.0
1339030 501.1
1339040 501.1
1339050 500.9
1339060 500.8
1339070 500.8
1339080 500.7
1339090 500.6
1339100 500.6
1339110 500.6
1339120 500.6
1339130 500.6
1339140 500.6
1339150 500.6
1339160 500.6
1339170 500.6
1339180 500.6
1339190 500.6
1339200 500.6
1339210 500.6
1339220 500.5
1339230 500.5
1339240 500.5
1339250 500.5
1339260 500.5
1339270 500.4
1339280 500.4
1339290 500.4
1339300 500.4
1339310 500.4
1339320 500.4
1339330 500.4
1339340 500.4
1339350 500.4
1339360 500.4
1339370 500.4
1339380 500.4
1339390 500.4
1339400 500.2
1339410 500.2
1339420 500.1
1339430 500.0
1339440 500.0
1339450 500.0
1339460 500.0
1339470 500.0
1339480 500.0
1339490 500.1
1339500 500.2
1339510 500.2
1339520 500.4
1339530 500.5
1339540 500.5
1339550 500.6
1339560 500.5
1339570 500.5
1339580 500.5
1339590 500.5
1339600 500.5
1339610 500.5
1339620 500.5
1339630 500.5
1339640 500.4
1339650 500.4
1339660 500.4
1339670 500.4
1339680 500.3
1339690 500.3
1339700 500.3
1339710 500.2
1339720 500.2
1339730 500.1
1339740 500.1
1339750 500.1
1339760 500.1
1339770 500.0
1339780 500.0
1339790 500.0
1339800 500.0
1339810 500.0
1339820 500.0
1339830 500.0
1339840 500.0
1339850 500.0
1339860 500.0
1339870 500.0
1339880 500.0
1339890 499.9
1339900 499.9
1339910 499.9
1339920 499.8
1339930 499.8
1339940 499.8
1339950 499.9
1339960 499.9
1339970 499.9
1339980 499.8
1339990 499.9
