1320000 870.8
1320010 856.1
1320020 853.2
1320030 853.2
1320040 849.6
1320050 845.7
1320060 845.7
1320070 839.4
1320080 826.4
1320090 826.4
1320100 812.7
1320110 799.4
1320120 799.4
1320130 790.1
1320140 782.2
1320150 774.5
1320160 774.5
1320170 764.9
1320180 753.8
1320190 753.8
1320200 743.7
1320210 734.6
1320220 734.6
1320230 726.1
1320240 725.6
1320250 725.6
1320260 732.1
1320270 735.6
1320280 735.6
1320290 735.8
1320300 732.6
1320310 732.6
1320320 729.4
1320330 728.9
1320340 728.9
1320350 724.3
1320360 716.0
1320370 716.0
1320380 709.1
1320390 704.1
1320400 704.1
1320410 701.6
1320420 705.1
1320430 705.1
1320440 707.6
1320450 707.1
1320460 707.1
1320470 701.5
1320480 695.9
1320490 693.9
1320500 693.9
1320510 706.1
1320520 723.4
1320530 723.4
1320540 735.8
1320550 743.5
1320560 743.5
1320570 743.8
1320580 744.3
1320590 744.3
1320600 740.3
1320610 740.6
1320620 740.6
1320630 740.7
1320640 739.9
1320650 739.9
1320660 737.2
1320670 733.8
1320680 733.8
1320690 728.6
1320700 722.5
1320710 722.5
1320720 716.3
1320730 710.0
1320740 710.0
1320750 704.2
1320760 698.8
1320770 698.8
1320780 692.7
1320790 686.5
1320800 686.5
1320810 680.7
1320820 675.9
1320830 671.7
1320840 671.7
1320850 668.3
1320860 662.9
1320870 662.9
1320880 653.1
1320890 638.6
1320900 638.6
1320910 627.3
1320920 625.6
1320930 625.6
1320940 619.5
1320950 611.5
1320960 611.5
1320970 605.0
1320980 598.6
1320990 598.6
1321000 590.8
1321010 584.1
1321020 584.1
1321030 580.3
1321040 577.0
1321050 577.0
1321060 574.8
1321070 573.7
1321080 573.7
1321090 573.6
1321100 574.7
1321110 574.7
1321120 578.5
1321130 582.5
1321140 586.6
1321150 586.6
1321160 591.4
1321170 597.8
1321180 597.8
1321190 605.4
1321200 613.0
1321210 613.0
1321220 619.1
1321230 622.1
1321240 622.1
1321250 623.4
1321260 625.7
1321270 625.7
1321280 627.9
1321290 630.6
1321300 630.6
1321310 633.8
1321320 637.2
1321330 637.2
1321340 641.2
1321350 646.0
1321360 646.0
1321370 650.9
1321380 657.0
1321390 657.0
1321400 662.9
1321410 668.3
1321420 668.3
1321430 673.5
1321440 679.0
1321450 679.0
1321460 685.1
1321470 691.9
1321480 699.5
1321490 699.5
1321500 707.2
1321510 715.0
1321520 715.0
1321530 722.9
1321540 730.4
1321550 730.4
1321560 738.0
1321570 745.8
1321580 745.8
1321590 753.9
1321600 762.1
1321610 762.1
1321620 770.3
1321630 778.5
1321640 778.5
1321650 793.7
1321660 815.7
1321670 815.7
1321680 828.6
1321690 836.7
1321700 836.7
1321710 844.4
1321720 853.5
1321730 853.5
1321740 863.9
1321750 873.7
1321760 873.7
1321770 884.6
1321780 894.0
1321790 894.0
1321800 901.7
1321810 910.2
1321820 920.6
1321830 920.6
1321840 928.6
1321850 934.7
1321860 934.7
1321870 937.9
1321880 937.7
1321890 937.7
1321900 936.4
1321910 934.5
1321920 934.5
1321930 930.9
1321940 927.3
1321950 927.3
1321960 925.3
1321970 923.2
1321980 923.2
1321990 921.1
1322000 918.7
1322010 918.7
1322020 916.8
1322030 916.0
1322040 916.0
1322050 914.1
1322060 912.9
1322070 912.9
1322080 914.3
1322090 915.2
1322100 915.2
1322110 917.2
1322120 918.6
1322130 918.6
1322140 918.5
1322150 917.7
1322160 918.6
1322170 918.6
1322180 921.0
1322190 924.8
1322200 924.8
1322210 930.3
1322220 934.9
1322230 934.9
1322240 939.5
1322250 945.3
1322260 945.3
1322270 951.1
1322280 955.0
1322290 955.0
1322300 957.6
1322310 960.1
1322320 960.1
1322330 961.8
1322340 961.2
1322350 961.2
1322360 959.5
1322370 956.9
1322380 956.9
1322390 951.6
1322400 945.2
1322410 945.2
1322420 940.7
1322430 934.8
1322440 934.8
1322450 929.2
1322460 929.2
1322470 929.2
1322480 929.8
1322490 927.8
1322500 926.8
1322510 926.8
1322520 924.6
1322530 923.3
1322540 923.3
1322550 921.3
1322560 918.7
1322570 918.7
1322580 920.2
1322590 926.0
1322600 926.0
1322610 930.5
1322620 932.5
1322630 932.5
1322640 930.2
1322650 927.7
1322660 927.7
1322670 926.5
1322680 929.2
1322690 929.2
1322700 934.3
1322710 937.5
1322720 937.5
1322730 939.7
1322740 941.9
1322750 941.9
1322760 942.1
1322770 942.6
1322780 942.6
1322790 943.6
1322800 944.9
1322810 964.3
1322820 964.3
1322830 981.2
1322840 982.1
1322850 982.1
1322860 978.5
1322870 974.2
1322880 974.2
1322890 970.0
1322900 965.7
1322910 965.7
1322920 962.3
1322930 961.3
1322940 961.3
1322950 962.6
1322960 961.7
1322970 961.7
1322980 961.0
1322990 960.9
1323000 960.9
1323010 960.2
1323020 959.8
1323030 959.8
1323040 959.3
1323050 958.8
1323060 958.8
1323070 958.5
1323080 957.8
1323090 957.8
1323100 957.5
1323110 956.8
1323120 956.8
1323130 955.9
1323140 955.5
1323150 955.1
1323160 955.1
1323170 954.8
1323180 954.0
1323190 954.0
1323200 952.9
1323210 952.5
1323220 952.5
1323230 953.0
1323240 953.8
1323250 953.8
1323260 955.1
1323270 955.0
1323280 955.0
1323290 953.5
1323300 951.9
1323310 951.9
1323320 953.6
1323330 955.8
1323340 955.8
1323350 955.8
1323360 955.5
1323370 955.5
1323380 955.7
1323390 956.1
1323400 956.1
1323410 956.4
1323420 956.8
1323430 956.8
1323440 956.5
1323450 954.6
1323460 954.6
1323470 953.3
1323480 952.6
1323490 953.8
1323500 953.8
1323510 954.8
1323520 956.7
1323530 956.7
1323540 960.2
1323550 963.7
1323560 963.7
1323570 965.8
1323580 966.8
1323590 966.8
1323600 967.4
1323610 967.1
1323620 967.1
1323630 966.6
1323640 966.9
1323650 966.9
1323660 967.1
1323670 967.1
1323680 967.1
1323690 967.3
1323700 967.4
1323710 967.4
1323720 966.5
1323730 963.0
1323740 965.2
1323750 965.2
1323760 967.3
1323770 967.3
1323780 968.0
1323790 967.5
1323800 967.5
1323810 968.7
1323820 971.1
1323830 970.2
1323840 970.2
1323850 968.9
1323860 969.7
1323870 969.7
1323880 970.4
1323890 972.4
1323900 972.4
1323910 974.2
1323920 976.3
1323930 976.3
1323940 979.1
1323950 982.1
1323960 982.1
1323970 984.7
1323980 985.6
1323990 985.6
1324000 987.2
1324010 989.5
1324020 989.5
1324030 991.7
1324040 993.1
1324050 993.1
1324060 993.5
1324070 995.1
1324080 995.1
1324090 996.1
1324100 996.0
1324110 996.0
1324120 996.3
1324130 996.7
1324140 997.7
1324150 997.7
1324160 999.3
1324170 1000.7
1324180 1000.7
1324190 1002.8
1324200 1007.5
1324210 1007.5
1324220 1013.0
1324230 1016.1
1324240 1016.1
1324250 1018.5
1324260 1020.1
1324270 1020.1
1324280 1022.7
1324290 1026.1
1324300 1026.1
1324310 1030.0
1324320 1034.5
1324330 1034.5
1324340 1039.7
1324350 1046.2
1324360 1046.2
1324370 1052.6
1324380 1058.0
1324390 1058.0
1324400 1064.5
1324410 1071.0
1324420 1071.0
1324430 1075.5
1324440 1079.4
1324450 1079.4
1324460 1082.7
1324470 1086.5
1324480 1091.5
1324490 1091.5
1324500 1098.3
1324510 1104.5
1324520 1104.5
1324530 1111.1
1324540 1123.8
1324550 1123.8
1324560 1132.1
1324570 1139.3
1324580 1139.3
1324590 1145.8
1324600 1151.9
1324610 1151.9
1324620 1156.8
1324630 1162.7
1324640 1162.7
1324650 1170.5
1324660 1175.6
1324670 1175.6
1324680 1180.4
1324690 1184.6
1324700 1184.6
1324710 1188.6
1324720 1190.9
1324730 1190.9
1324740 1191.6
1324750 1192.1
1324760 1192.1
1324770 1192.9
1324780 1194.0
1324790 1194.0
1324800 1193.4
1324810 1192.3
1324820 1191.6
1324830 1191.6
1324840 1190.5
1324850 1189.6
1324860 1189.6
1324870 1188.7
1324880 1189.3
1324890 1189.3
1324900 1193.2
1324910 1198.5
1324920 1198.5
1324930 1202.2
1324940 1204.2
1324950 1204.2
1324960 1206.6
1324970 1210.4
1324980 1210.4
1324990 1214.3
1325000 1218.0
1325010 1218.0
1325020 1221.2
1325030 1223.3
1325040 1223.3
1325050 1223.7
1325060 1223.2
1325070 1223.2
1325080 1222.9
1325090 1222.7
1325100 1222.7
1325110 1222.9
1325120 1223.0
1325130 1223.0
1325140 1222.9
1325150 1224.3
1325160 1228.3
1325170 1228.3
1325180 1233.5
1325190 1236.2
1325200 1236.2
1325210 1235.8
1325220 1234.4
1325230 1234.4
1325240 1232.5
1325250 1231.2
1325260 1231.2
1325270 1230.7
1325280 1231.0
1325290 1231.0
1325300 1232.0
1325310 1231.6
1325320 1231.6
1325330 1230.1
1325340 1233.9
1325350 1233.9
1325360 1234.0
1325370 1233.9
1325380 1233.9
1325390 1234.4
1325400 1235.5
1325410 1235.5
1325420 1236.2
1325430 1236.7
1325440 1236.7
1325450 1236.9
1325460 1237.2
1325470 1237.5
1325480 1237.5
1325490 1238.1
1325500 1238.9
1325510 1238.9
1325520 1239.9
1325530 1240.9
1325540 1240.9
1325550 1241.9
1325560 1242.5
1325570 1242.5
1325580 1242.5
1325590 1243.1
1325600 1243.1
1325610 1244.0
1325620 1243.9
1325630 1243.9
1325640 1242.8
1325650 1242.5
1325660 1242.5
1325670 1243.0
1325680 1243.4
1325690 1243.4
1325700 1243.7
1325710 1244.6
1325720 1244.6
1325730 1245.9
1325740 1247.2
1325750 1247.2
1325760 1247.8
1325770 1248.0
1325780 1248.0
1325790 1249.2
1325800 1251.1
1325810 1252.8
1325820 1252.8
1325830 1253.1
1325840 1252.5
1325850 1252.5
1325860 1251.1
1325870 1248.1
1325880 1248.1
1325890 1244.5
1325900 1241.5
1325910 1241.5
1325920 1239.0
1325930 1237.4
1325940 1237.4
1325950 1238.4
1325960 1239.4
1325970 1239.4
1325980 1240.0
1325990 1240.1
1326000 1240.1
1326010 1239.5
1326020 1239.2
1326030 1239.2
1326040 1239.8
1326050 1240.3
1326060 1240.3
1326070 1240.1
1326080 1239.6
1326090 1239.6
1326100 1238.3
1326110 1236.3
1326120 1236.3
1326130 1233.7
1326140 1231.8
1326150 1234.7
1326160 1234.7
1326170 1234.6
1326180 1234.0
1326190 1234.0
1326200 1233.2
1326210 1232.4
1326220 1232.4
1326230 1231.6
1326240 1230.8
1326250 1230.8
1326260 1229.6
1326270 1229.3
1326280 1229.3
1326290 1229.1
1326300 1227.4
1326310 1227.4
1326320 1224.6
1326330 1220.6
1326340 1220.6
1326350 1215.3
1326360 1209.7
1326370 1209.7
1326380 1205.7
1326390 1200.7
1326400 1200.7
1326410 1197.5
1326420 1195.7
1326430 1195.7
1326440 1194.5
1326450 1194.9
1326460 1194.9
1326470 1195.3
1326480 1194.0
1326490 1191.3
1326500 1191.3
1326510 1187.8
1326520 1183.4
1326530 1183.4
1326540 1177.8
1326550 1171.7
1326560 1171.7
1326570 1170.5
1326580 1175.1
1326590 1175.1
1326600 1177.1
1326610 1175.9
1326620 1175.9
1326630 1175.3
1326640 1174.0
1326650 1174.0
1326660 1171.6
1326670 1167.5
1326680 1167.5
1326690 1160.1
1326700 1149.6
1326710 1149.6
1326720 1141.6
1326730 1146.4
1326740 1146.4
1326750 1155.7
1326760 1162.2
1326770 1162.2
1326780 1165.8
1326790 1168.1
1326800 1168.7
1326810 1168.7
1326820 1166.4
1326830 1167.9
1326840 1167.9
1326850 1169.2
1326860 1170.3
1326870 1170.3
1326880 1172.5
1326890 1172.9
1326900 1172.9
1326910 1169.3
1326920 1162.4
1326930 1162.4
1326940 1155.9
1326950 1150.7
1326960 1143.8
1326970 1137.5
1326980 1132.8
1326990 1132.8
1327000 1128.6
1327010 1122.8
1327020 1122.8
1327030 1115.3
1327040 1108.9
1327050 1108.9
1327060 1103.3
1327070 1101.7
1327080 1101.7
1327090 1099.5
1327100 1093.4
1327110 1093.4
1327120 1090.5
1327130 1090.0
1327140 1088.0
1327150 1088.0
1327160 1083.8
1327170 1076.5
1327180 1076.5
1327190 1068.8
1327200 1062.2
1327210 1062.2
1327220 1058.2
1327230 1053.4
1327240 1053.4
1327250 1049.4
1327260 1046.3
1327270 1046.3
1327280 1042.4
1327290 1033.8
1327300 1033.8
1327310 1025.6
1327320 1028.2
1327330 1028.2
1327340 1032.4
1327350 1027.5
1327360 1027.5
1327370 1021.8
1327380 1018.6
1327390 1018.6
1327400 1015.8
1327410 1012.1
1327420 1012.1
1327430 1006.7
1327440 1002.9
1327450 1002.9
1327460 1000.8
1327470 995.7
1327480 985.0
1327490 985.0
1327500 974.9
1327510 968.3
1327520 968.3
1327530 963.2
1327540 957.4
1327550 957.4
1327560 955.2
1327570 949.1
1327580 949.1
1327590 943.8
1327600 942.7
1327610 942.7
1327620 948.1
1327630 942.9
1327640 942.9
1327650 936.4
1327660 929.1
1327670 929.1
1327680 920.6
1327690 909.1
1327700 909.1
1327710 894.5
1327720 886.3
1327730 886.3
1327740 879.5
1327750 874.5
1327760 874.5
1327770 862.8
1327780 857.1
1327790 857.1
1327800 852.2
1327810 850.5
1327820 847.6
1327830 847.6
1327840 844.6
1327850 841.6
1327860 841.6
1327870 838.6
1327880 835.2
1327890 835.2
1327900 831.1
1327910 828.2
1327920 828.2
1327930 827.3
1327940 825.4
1327950 825.4
1327960 822.2
1327970 818.6
1327980 818.6
1327990 815.3
1328000 812.1
1328010 812.1
1328020 808.7
1328030 806.6
1328040 806.6
1328050 805.1
1328060 803.3
1328070 803.3
1328080 801.9
1328090 800.6
1328100 800.6
1328110 799.8
1328120 799.6
1328130 800.2
1328140 800.2
1328150 801.3
1328160 801.6
1328170 801.6
1328180 798.9
1328190 792.1
1328200 792.1
1328210 789.3
1328220 791.4
1328230 791.4
1328240 795.2
1328250 796.7
1328260 796.7
1328270 795.6
1328280 794.6
1328290 794.6
1328300 794.9
1328310 793.2
1328320 793.2
1328330 791.5
1328340 793.2
1328350 793.2
1328360 791.4
1328370 784.2
1328380 784.2
1328390 778.2
1328400 772.8
1328410 772.8
1328420 767.2
1328430 762.8
1328440 762.8
1328450 758.9
1328460 754.3
1328470 751.5
1328480 751.5
1328490 750.4
1328500 750.0
1328510 750.0
1328520 749.2
1328530 746.9
1328540 746.9
1328550 744.5
1328560 742.1
1328570 742.1
1328580 739.6
1328590 734.0
1328600 734.0
1328610 732.8
1328620 732.0
1328630 732.0
1328640 731.6
1328650 731.3
1328660 731.3
1328670 731.0
1328680 730.7
1328690 730.7
1328700 730.3
1328710 729.9
1328720 729.9
1328730 729.6
1328740 729.3
1328750 729.3
1328760 728.9
1328770 728.6
1328780 728.6
1328790 728.3
1328800 728.3
1328810 728.9
1328820 728.9
1328830 730.8
1328840 731.5
1328850 731.5
1328860 731.3
1328870 730.4
1328880 730.4
1328890 729.1
1328900 727.9
1328910 727.9
1328920 726.7
1328930 727.8
1328940 727.8
1328950 731.6
1328960 735.8
1328970 735.8
1328980 739.5
1328990 741.3
1329000 741.3
1329010 740.4
1329020 737.0
1329030 737.0
1329040 734.9
1329050 734.8
1329060 734.8
1329070 734.6
1329080 733.6
1329090 733.6
1329100 731.2
1329110 728.5
1329120 728.5
1329130 725.3
1329140 721.8
1329150 718.5
1329160 718.5
1329170 717.2
1329180 719.1
1329190 719.1
1329200 722.2
1329210 723.6
1329220 723.6
1329230 725.0
1329240 726.1
1329250 726.1
1329260 724.7
1329270 721.0
1329280 721.0
1329290 717.0
1329300 714.8
1329310 714.8
1329320 713.5
1329330 713.2
1329340 713.2
1329350 713.0
1329360 713.5
1329370 713.5
1329380 714.3
1329390 715.3
1329400 715.3
1329410 716.1
1329420 718.1
1329430 718.1
1329440 719.8
1329450 720.5
1329460 720.6
1329470 720.6
1329480 719.5
1329490 717.7
1329500 717.7
1329510 717.6
1329520 718.7
1329530 718.7
1329540 719.5
1329550 718.7
1329560 718.7
1329570 715.6
1329580 713.9
1329590 713.9
1329600 714.1
1329610 714.1
1329620 714.1
1329630 713.3
1329640 712.3
1329650 712.3
1329660 711.6
1329670 710.5
1329680 710.5
1329690 708.4
1329700 707.4
1329710 707.4
1329720 707.4
1329730 706.6
1329740 706.6
1329750 706.5
1329760 706.9
1329770 706.9
1329780 706.5
1329790 704.4
1329800 702.5
1329810 702.5
1329820 701.2
1329830 700.5
1329840 700.5
1329850 700.3
1329860 700.6
1329870 700.6
1329880 701.5
1329890 704.2
1329900 704.2
1329910 708.3
1329920 711.6
1329930 711.6
1329940 707.7
1329950 702.4
1329960 702.4
1329970 699.4
1329980 698.7
1329990 698.7
1330000 701.6
1330010 704.9
1330020 704.9
1330030 703.3
1330040 695.9
1330050 695.9
1330060 689.2
1330070 683.5
1330080 683.5
1330090 679.5
1330100 678.9
1330110 678.9
1330120 679.2
1330130 679.4
1330140 679.3
1330150 679.3
1330160 678.8
1330170 678.3
1330180 678.3
1330190 678.0
1330200 677.5
1330210 677.5
1330220 677.1
1330230 676.5
1330240 673.3
1330250 673.7
1330260 674.4
1330270 674.4
1330280 675.0
1330290 675.1
1330300 675.1
1330310 674.6
1330320 674.1
1330330 674.1
1330340 674.1
1330350 674.8
1330360 674.8
1330370 675.9
1330380 676.1
1330390 676.1
1330400 675.4
1330410 675.0
1330420 675.0
1330430 674.9
1330440 674.8
1330450 674.8
1330460 674.8
1330470 674.9
1330480 675.3
1330490 675.3
1330500 675.6
1330510 675.8
1330520 675.8
1330530 675.0
1330540 674.1
1330550 674.1
1330560 675.2
1330570 677.0
1330580 677.0
1330590 677.8
1330600 678.4
1330610 678.4
1330620 678.6
1330630 679.0
1330640 679.0
1330650 679.5
1330660 679.2
1330670 679.2
1330680 678.0
1330690 677.3
1330700 677.3
1330710 677.1
1330720 676.9
1330730 676.9
1330740 677.2
1330750 677.8
1330760 677.8
1330770 677.5
1330780 677.1
1330790 676.9
1330800 676.9
1330810 675.7
1330820 673.7
1330830 673.7
1330840 671.1
1330850 667.2
1330860 667.2
1330870 664.9
1330880 665.9
1330890 665.9
1330900 667.3
1330910 668.9
1330920 668.9
1330930 670.1
1330940 670.6
1330950 670.6
1330960 671.7
1330970 673.5
1330980 673.5
1330990 674.6
1331000 674.2
1331010 674.2
1331020 672.3
1331030 670.4
1331040 670.4
1331050 668.0
1331060 663.8
1331070 667.5
1331080 662.9
1331090 658.2
1331100 658.2
1331110 654.3
1331120 651.1
1331130 648.3
1331140 648.3
1331150 645.0
1331160 642.8
1331170 642.8
1331180 643.3
1331190 642.4
1331200 642.4
1331210 638.7
1331220 634.7
1331230 634.7
1331240 631.5
1331250 629.6
1331260 629.6
1331270 627.7
1331280 626.3
1331290 626.3
1331300 623.5
1331310 621.2
1331320 621.2
1331330 620.1
1331340 618.8
1331350 618.8
1331360 618.2
1331370 617.9
1331380 617.9
1331390 615.4
1331400 611.8
1331410 611.8
1331420 606.6
1331430 601.9
1331440 601.9
1331450 598.2
1331460 595.4
1331470 592.9
1331480 592.9
1331490 591.0
1331500 588.6
1331510 588.6
1331520 583.3
1331530 579.6
1331540 579.6
1331550 576.9
1331560 574.6
1331570 574.6
1331580 572.8
1331590 573.2
1331600 573.2
1331610 570.3
1331620 564.3
1331630 564.3
1331640 561.3
1331650 560.6
1331660 560.6
1331670 557.4
1331680 553.6
1331690 553.6
1331700 552.1
1331710 550.9
1331720 550.9
1331730 549.8
1331740 548.9
1331750 548.9
1331760 548.1
1331770 547.5
1331780 547.0
1331790 547.0
1331800 546.5
1331810 546.1
1331820 546.1
1331830 545.8
1331840 545.5
1331850 545.5
1331860 545.2
1331870 544.5
1331880 544.5
1331890 543.8
1331900 543.2
1331910 543.1
1331920 542.6
1331930 542.2
1331940 542.2
1331950 541.9
1331960 542.0
1331970 542.0
1331980 542.1
1331990 542.6
1332000 542.6
1332010 543.1
1332020 544.1
1332030 544.1
1332040 545.8
1332050 547.4
1332060 547.4
1332070 548.7
1332080 549.5
1332090 549.5
1332100 549.8
1332110 549.8
1332120 549.5
1332130 549.5
1332140 549.1
1332150 548.6
1332160 548.6
1332170 548.0
1332180 547.4
1332190 547.4
1332200 546.8
1332210 546.2
1332220 546.2
1332230 545.5
1332240 544.6
1332250 544.6
1332260 544.9
1332270 546.0
1332280 546.0
1332290 545.2
1332300 543.8
1332310 543.8
1332320 543.4
1332330 542.5
1332340 542.5
1332350 541.4
1332360 540.9
1332370 540.9
1332380 540.9
1332390 542.3
1332400 542.3
1332410 543.7
1332420 542.7
1332430 542.7
1332440 542.5
1332450 542.2
1332460 540.9
1332470 540.9
1332480 539.3
1332490 535.7
1332500 535.7
1332510 531.6
1332520 530.9
1332530 530.9
1332540 530.9
1332550 531.1
1332560 531.1
1332570 531.3
1332580 531.4
1332590 531.4
1332600 531.1
1332610 530.5
1332620 530.5
1332630 529.7
1332640 528.7
1332650 528.7
1332660 527.5
1332670 525.4
1332680 525.4
1332690 522.0
1332700 519.5
1332710 519.5
1332720 518.0
1332730 517.0
1332740 517.0
1332750 513.9
1332760 513.3
1332770 513.3
1332780 513.0
1332790 512.3
1332800 512.2
1332810 512.2
1332820 511.7
1332830 511.8
1332840 511.8
1332850 511.7
1332860 511.8
1332870 511.8
1332880 513.0
1332890 512.1
1332900 512.1
1332910 511.5
1332920 511.8
1332930 511.8
1332940 512.5
1332950 513.9
1332960 513.9
1332970 514.3
1332980 514.8
1332990 514.8
1333000 515.5
1333010 516.3
1333020 516.3
1333030 517.2
1333040 517.6
1333050 517.6
1333060 517.8
1333070 517.9
1333080 517.9
1333090 518.4
1333100 519.5
1333110 520.7
1333120 520.7
1333130 521.9
1333140 523.3
1333150 523.3
1333160 524.7
1333170 526.1
1333180 526.1
1333190 527.2
1333200 528.4
1333210 528.4
1333220 529.7
1333230 530.8
1333240 530.8
1333250 532.0
1333260 533.2
1333270 533.2
1333280 534.4
1333290 535.8
1333300 535.8
1333310 537.2
1333320 539.0
1333330 539.0
1333340 541.2
1333350 542.6
1333360 542.6
1333370 543.2
1333380 543.2
1333390 543.2
1333400 546.0
1333410 547.3
1333420 547.3
1333430 547.5
1333440 548.1
1333450 548.1
1333460 548.1
1333470 548.4
1333480 548.9
1333490 548.9
1333500 549.8
1333510 550.9
1333520 550.9
1333530 552.0
1333540 553.2
1333550 553.2
1333560 554.2
1333570 555.1
1333580 555.1
1333590 555.5
1333600 556.5
1333610 556.5
1333620 557.5
1333630 558.7
1333640 558.7
1333650 560.0
1333660 561.3
1333670 561.3
1333680 562.2
1333690 563.1
1333700 563.1
1333710 563.5
1333720 564.1
1333730 564.1
1333740 564.4
1333750 565.0
1333760 565.0
1333770 565.7
1333780 566.7
1333790 567.5
1333800 567.5
1333810 567.9
1333820 568.1
1333830 568.1
1333840 568.1
1333850 568.0
1333860 568.0
1333870 567.7
1333880 567.9
1333890 567.9
1333900 568.1
1333910 568.3
1333920 568.3
1333930 567.9
1333940 568.1
1333950 568.1
1333960 568.2
1333970 568.6
1333980 568.6
1333990 568.6
1334000 568.6
1334010 568.6
1334020 568.7
1334030 569.0
1334040 569.0
1334050 569.2
1334060 569.5
1334070 569.5
1334080 569.8
1334090 570.0
1334100 570.0
1334110 569.7
1334120 568.8
1334130 567.8
1334140 567.8
1334150 568.0
1334160 569.1
1334170 569.1
1334180 569.9
1334190 570.8
1334200 570.8
1334210 571.3
1334220 571.7
1334230 571.7
1334240 572.3
1334250 572.5
1334260 572.5
1334270 572.3
1334280 572.3
1334290 572.3
1334300 572.4
1334310 572.5
1334320 572.5
1334330 572.3
1334340 572.7
1334350 572.7
1334360 573.0
1334370 573.3
1334380 573.3
1334390 574.0
1334400 574.8
1334410 574.8
1334420 575.5
1334430 576.2
1334440 575.8
1334450 575.8
1334460 575.7
1334470 575.7
1334480 575.7
1334490 574.8
1334500 570.0
1334510 570.0
1334520 563.0
1334530 565.3
1334540 565.3
1334550 568.9
1334560 571.4
1334570 571.4
1334580 572.8
1334590 572.9
1334600 572.9
1334610 572.8
1334620 572.8
1334630 572.8
1334640 572.8
1334650 573.0
1334660 573.0
1334670 573.4
1334680 573.8
1334690 573.8
1334700 574.5
1334710 575.4
1334720 575.4
1334730 576.6
1334740 577.8
1334750 577.8
1334760 578.7
1334770 580.0
1334780 581.8
1334790 581.8
1334800 583.6
1334810 584.4
1334820 584.4
1334830 586.0
1334840 587.6
1334850 587.6
1334860 588.6
1334870 589.9
1334880 589.9
1334890 590.6
1334900 590.7
1334910 590.7
1334920 590.5
1334930 589.6
1334940 589.6
1334950 589.0
1334960 588.6
1334970 588.6
1334980 588.1
1334990 587.2
1335000 587.2
1335010 585.4
1335020 582.9
1335030 582.9
1335040 579.9
1335050 578.1
1335060 578.1
1335070 576.1
1335080 574.6
1335090 574.6
1335100 573.6
1335110 572.9
1335120 572.2
1335130 572.2
1335140 571.7
1335150 570.8
1335160 570.8
1335170 570.7
1335180 571.1
1335190 571.1
1335200 570.1
1335210 568.5
1335220 568.5
1335230 567.1
1335240 565.9
1335250 565.9
1335260 562.7
1335270 560.7
1335280 560.7
1335290 558.9
1335300 561.6
1335310 561.6
1335320 562.2
1335330 560.8
1335340 560.8
1335350 557.2
1335360 554.7
1335370 554.7
1335380 553.0
1335390 552.3
1335400 552.3
1335410 557.2
1335420 559.9
1335430 561.4
1335440 561.4
1335450 561.3
1335460 559.1
1335470 559.1
1335480 557.0
1335490 555.2
1335500 555.2
1335510 553.7
1335520 552.1
1335530 552.1
1335540 547.5
1335550 541.3
1335560 541.3
1335570 539.5
1335580 543.7
1335590 543.7
1335600 544.3
1335610 543.3
1335620 543.3
1335630 542.5
1335640 542.6
1335650 542.6
1335660 542.5
1335670 539.6
1335680 539.6
1335690 536.2
1335700 539.0
1335710 539.0
1335720 543.2
1335730 546.2
1335740 546.2
1335750 547.8
1335760 551.7
1335770 555.2
1335780 555.2
1335790 556.3
1335800 553.8
1335810 553.8
1335820 551.4
1335830 553.2
1335840 553.2
1335850 555.8
1335860 556.4
1335870 556.4
1335880 556.3
1335890 555.2
1335900 555.2
1335910 553.3
1335920 548.7
1335930 548.7
1335940 543.4
1335950 541.3
1335960 541.3
1335970 538.2
1335980 536.2
1335990 536.2
1336000 533.3
1336010 530.5
1336020 530.5
1336030 529.3
1336040 529.3
1336050 529.3
1336060 529.2
1336070 528.8
1336080 528.8
1336090 529.2
1336100 529.7
1336110 528.8
1336120 528.8
1336130 527.4
1336140 526.0
1336150 522.9
1336160 522.1
1336170 521.0
1336180 521.0
1336190 519.9
1336200 519.5
1336210 519.5
1336220 519.0
1336230 518.0
1336240 518.0
1336250 517.6
1336260 516.8
1336270 516.8
1336280 515.1
1336290 513.6
1336300 513.6
1336310 513.1
1336320 512.7
1336330 512.7
1336340 511.0
1336350 508.8
1336360 508.8
1336370 507.4
1336380 506.0
1336390 506.0
1336400 504.6
1336410 503.8
1336420 503.8
1336430 503.6
1336440 503.7
1336450 503.9
1336460 503.9
1336470 503.9
1336480 503.9
1336490 503.9
1336500 503.6
1336510 503.3
1336520 503.3
1336530 503.1
1336540 502.9
1336550 502.9
1336560 502.7
1336570 502.3
1336580 502.3
1336590 501.6
1336600 501.5
1336610 501.5
1336620 501.2
1336630 501.0
1336640 501.0
1336650 500.9
1336660 500.9
1336670 500.9
1336680 500.8
1336690 500.8
1336700 500.8
1336710 500.7
1336720 500.6
1336730 500.6
1336740 500.5
1336750 500.4
1336760 500.4
1336770 500.4
1336780 500.4
1336790 500.4
1336800 500.4
1336810 500.4
1336820 500.4
1336830 500.4
1336840 500.4
1336850 500.4
1336860 500.4
1336870 500.4
1336880 500.4
1336890 500.4
1336900 500.4
1336910 500.4
1336920 500.4
1336930 500.4
1336940 500.4
1336950 500.4
1336960 500.4
1336970 500.4
1336980 500.4
1336990 500.4
1337000 500.3
1337010 500.3
1337020 500.4
1337030 500.3
1337040 500.3
1337050 500.3
1337060 500.5
1337070 500.5
1337080 501.5
1337090 502.6
1337100 502.1
1337110 502.1
1337120 502.8
1337130 503.4
1337140 503.4
1337150 503.5
1337160 503.7
1337170 503.7
1337180 504.1
1337190 504.6
1337200 504.6
1337210 504.9
1337220 505.3
1337230 505.3
1337240 505.8
1337250 506.3
1337260 506.3
1337270 506.9
1337280 507.4
1337290 507.4
1337300 507.7
1337310 507.8
1337320 507.8
1337330 507.8
1337340 507.8
1337350 507.8
1337360 507.8
1337370 507.7
1337380 507.7
1337390 507.7
1337400 507.7
1337410 507.7
1337420 507.7
1337430 507.6
1337440 507.5
1337450 507.5
1337460 507.5
1337470 507.4
1337480 507.4
1337490 507.2
1337500 506.9
1337510 506.9
1337520 506.6
1337530 506.2
1337540 506.2
1337550 505.9
1337560 505.4
1337570 505.4
1337580 505.1
1337590 504.6
1337600 504.6
1337610 504.3
1337620 503.9
1337630 503.9
1337640 503.6
1337650 503.4
1337660 503.4
1337670 503.2
1337680 503.0
1337690 503.0
1337700 502.8
1337710 502.6
1337720 502.6
1337730 502.4
1337740 502.3
1337750 502.3
1337760 502.2
1337770 502.1
1337780 502.1
1337790 502.1
1337800 502.1
1337810 502.0
1337820 502.0
1337830 502.0
1337840 501.9
1337850 501.9
1337860 501.9
1337870 501.9
1337880 501.9
1337890 501.8
1337900 501.8
1337910 501.8
1337920 501.7
1337930 501.7
1337940 501.7
1337950 501.7
1337960 501.8
1337970 501.8
1337980 501.8
1337990 501.7
1338000 501.7
1338010 501.8
1338020 501.8
1338030 501.8
1338040 501.8
1338050 501.7
1338060 501.7
1338070 501.8
1338080 501.8
1338090 501.7
1338100 501.7
1338110 501.8
1338120 501.7
1338130 501.7
1338140 501.7
1338150 501.8
1338160 501.8
1338170 501.8
1338180 501.8
1338190 501.8
1338200 501.7
1338210 501.4
1338220 501.4
1338230 501.4
1338240 501.4
1338250 501.4
1338260 501.6
1338270 501.6
1338280 501.6
1338290 501.5
1338300 501.5
1338310 501.5
1338320 501.5
1338330 501.6
1338340 501.6
1338350 501.6
1338360 501.6
1338370 501.6
1338380 501.6
1338390 501.6
1338400 501.6
1338410 501.6
1338420 501.5
1338430 501.5
1338440 501.5
1338450 501.5
1338460 501.5
1338470 501.5
1338480 501.6
1338490 501.7
1338500 501.7
1338510 501.8
1338520 502.1
1338530 502.1
1338540 502.4
1338550 503.0
1338560 503.0
1338570 503.7
1338580 504.7
1338590 504.7
1338600 505.9
1338610 507.3
1338620 507.3
1338630 508.6
1338640 509.2
1338650 509.2
1338660 509.2
1338670 508.4
1338680 508.4
1338690 506.6
1338700 504.4
1338710 504.4
1338720 503.0
1338730 503.1
1338740 503.1
1338750 506.0
1338760 510.1
1338770 511.0
1338780 511.0
1338790 511.1
1338800 508.2
1338810 508.2
1338820 503.5
1338830 501.3
1338840 501.3
1338850 501.0
1338860 501.4
1338870 501.4
1338880 503.7
1338890 507.8
1338900 507.8
1338910 509.1
1338920 506.3
1338930 506.3
1338940 502.4
1338950 500.9
1338960 500.9
1338970 500.9
1338980 501.0
1338990 501.0
1339000 501.1
1339010 501.3
1339020 501.3
1339030 501.3
1339040 501.5
1339050 501.5
1339060 501.6
1339070 501.6
1339080 501.6
1339090 501.4
1339100 501.1
1339110 500.9
1339120 500.9
1339130 500.9
1339140 501.1
1339150 501.1
1339160 501.3
1339170 501.0
1339180 501.0
1339190 500.7
1339200 500.5
1339210 500.5
1339220 500.4
1339230 500.4
1339240 500.4
1339250 500.5
1339260 500.6
1339270 500.6
1339280 500.5
1339290 500.8
1339300 500.8
1339310 500.9
1339320 500.8
1339330 500.8
1339340 500.9
1339350 501.0
1339360 501.0
1339370 500.8
1339380 500.8
1339390 500.8
1339400 500.9
1339410 500.9
1339420 500.9
1339430 500.9
1339440 500.9
1339450 501.0
1339460 501.0
1339470 501.0
1339480 501.0
1339490 501.0
1339500 501.1
1339510 501.1
1339520 501.1
1339530 501.0
1339540 501.0
1339550 501.0
1339560 501.0
1339570 500.9
1339580 500.9
1339590 500.9
1339600 500.8
1339610 500.8
1339620 500.9
1339630 500.8
1339640 500.8
1339650 500.8
1339660 500.8
1339670 500.8
1339680 500.8
1339690 500.8
1339700 500.8
1339710 500.8
1339720 500.8
1339730 500.8
1339740 500.8
1339750 500.7
1339760 500.7
1339770 500.7
1339780 500.8
1339790 500.8
1339800 500.8
1339810 500.8
1339820 500.8
1339830 500.8
1339840 500.8
1339850 501.0
1339860 501.0
1339870 501.2
1339880 501.1
1339890 501.1
1339900 501.1
1339910 501.3
1339920 501.3
1339930 501.4
1339940 501.4
1339950 501.4
1339960 501.5
1339970 501.5
1339980 501.5
1339990 501.6
