1320000 1393.2
1320010 1393.2
1320020 1389.3
1320030 1385.2
1320040 1385.2
1320050 1381.4
1320060 1377.0
1320070 1377.0
1320080 1372.0
1320090 1366.6
1320100 1366.6
1320110 1361.2
1320120 1356.0
1320130 1350.4
1320140 1350.4
1320150 1344.5
1320160 1337.4
1320170 1337.4
1320180 1331.5
1320190 1326.9
1320200 1326.9
1320210 1323.4
1320220 1319.8
1320230 1319.8
1320240 1316.2
1320250 1312.8
1320260 1312.8
1320270 1310.1
1320280 1308.9
1320290 1308.9
1320300 1306.7
1320310 1303.6
1320320 1303.6
1320330 1299.5
1320340 1294.6
1320350 1294.6
1320360 1289.9
1320370 1284.3
1320380 1284.3
1320390 1279.2
1320400 1275.7
1320410 1275.7
1320420 1270.7
1320430 1265.7
1320440 1265.7
1320450 1260.5
1320460 1255.9
1320470 1251.5
1320480 1251.5
1320490 1246.5
1320500 1241.4
1320510 1241.4
1320520 1237.6
1320530 1234.9
1320540 1234.9
1320550 1232.7
1320560 1230.4
1320570 1230.4
1320580 1227.9
1320590 1224.9
1320600 1224.9
1320610 1221.1
1320620 1217.3
1320630 1217.3
1320640 1214.5
1320650 1210.3
1320660 1210.3
1320670 1203.0
1320680 1195.0
1320690 1194.0
1320700 1185.9
1320710 1177.3
1320720 1177.3
1320730 1168.7
1320740 1160.4
1320750 1160.4
1320760 1152.5
1320770 1144.8
1320780 1144.8
1320790 1137.2
1320800 1129.7
1320810 1121.6
1320820 1121.6
1320830 1112.6
1320840 1103.9
1320850 1103.9
1320860 1094.8
1320870 1086.4
1320880 1086.4
1320890 1079.8
1320900 1074.2
1320910 1074.2
1320920 1068.6
1320930 1063.5
1320940 1063.5
1320950 1057.0
1320960 1047.4
1320970 1047.4
1320980 1039.2
1320990 1031.2
1321000 1031.2
1321010 1023.5
1321020 1017.8
1321030 1017.8
1321040 1012.8
1321050 1008.4
1321060 1008.4
1321070 1002.4
1321080 996.4
1321090 996.4
1321100 986.8
1321110 975.8
1321120 975.8
1321130 966.4
1321140 959.1
1321150 952.2
1321160 952.2
1321170 945.8
1321180 940.2
1321190 940.2
1321200 934.9
1321210 929.9
1321220 929.9
1321230 924.6
1321240 920.9
1321250 920.9
1321260 916.9
1321270 911.1
1321280 911.1
1321290 905.3
1321300 900.8
1321310 900.8
1321320 897.1
1321330 894.5
1321340 894.5
1321350 891.4
1321360 886.2
1321370 886.2
1321380 880.8
1321390 876.2
1321400 876.2
1321410 871.8
1321420 867.3
1321430 867.3
1321440 863.3
1321450 860.2
1321460 860.2
1321470 852.0
1321480 849.4
1321490 846.4
1321500 846.4
1321510 841.4
1321520 836.7
1321530 836.7
1321540 832.2
1321550 827.8
1321560 827.8
1321570 823.5
1321580 819.1
1321590 819.1
1321600 814.8
1321610 811.9
1321620 811.9
1321630 810.4
1321640 809.2
1321650 809.2
1321660 806.1
1321670 802.6
1321680 802.6
1321690 798.8
1321700 794.9
1321710 794.9
1321720 790.2
1321730 785.3
1321740 785.3
1321750 779.7
1321760 773.6
1321770 773.6
1321780 769.2
1321790 764.8
1321800 764.8
1321810 759.0
1321820 753.8
1321830 749.5
1321840 749.5
1321850 744.7
1321860 740.5
1321870 740.5
1321880 737.9
1321890 735.1
1321900 735.1
1321910 731.2
1321920 728.6
1321930 728.6
1321940 727.6
1321950 726.7
1321960 726.7
1321970 725.8
1321980 725.8
1321990 725.8
1322000 727.2
1322010 729.4
1322020 729.4
1322030 730.1
1322040 730.3
1322050 730.3
1322060 730.5
1322070 730.4
1322080 730.4
1322090 729.5
1322100 728.1
1322110 728.1
1322120 724.2
1322130 719.4
1322140 719.4
1322150 714.4
1322160 709.2
1322170 703.2
1322180 703.2
1322190 696.7
1322200 689.5
1322210 689.5
1322220 683.7
1322230 680.9
1322240 680.9
1322250 674.3
1322260 662.6
1322270 662.6
1322280 654.6
1322290 659.8
1322300 659.8
1322310 674.5
1322320 686.3
1322330 686.3
1322340 692.4
1322350 693.7
1322360 693.7
1322370 695.4
1322380 695.9
1322390 695.9
1322400 695.4
1322410 693.0
1322420 693.0
1322430 689.9
1322440 687.2
1322450 687.2
1322460 683.0
1322470 681.0
1322480 681.0
1322490 681.4
1322500 678.0
1322510 668.4
1322520 668.4
1322530 654.2
1322540 642.4
1322550 642.4
1322560 633.0
1322570 622.0
1322580 622.0
1322590 608.8
1322600 607.1
1322610 607.1
1322620 607.4
1322630 607.8
1322640 607.8
1322650 609.8
1322660 618.9
1322670 618.9
1322680 625.4
1322690 630.2
1322700 630.2
1322710 635.1
1322720 638.8
1322730 638.8
1322740 642.2
1322750 646.0
1322760 646.0
1322770 650.3
1322780 655.8
1322790 655.8
1322800 660.7
1322810 666.1
1322820 671.7
1322830 671.7
1322840 677.2
1322850 682.3
1322860 682.3
1322870 686.9
1322880 692.0
1322890 692.0
1322900 698.2
1322910 703.6
1322920 703.6
1322930 709.3
1322940 715.1
1322950 715.1
1322960 721.1
1322970 727.4
1322980 727.4
1322990 733.8
1323000 740.1
1323010 740.1
1323020 746.0
1323030 751.7
1323040 753.2
1323050 757.0
1323060 760.6
1323070 760.6
1323080 763.5
1323090 766.1
1323100 766.1
1323110 768.7
1323120 771.6
1323130 771.6
1323140 775.0
1323150 778.3
1323160 781.6
1323170 781.6
1323180 785.3
1323190 789.0
1323200 789.0
1323210 792.7
1323220 796.3
1323230 796.3
1323240 799.6
1323250 803.9
1323260 803.9
1323270 808.6
1323280 812.5
1323290 812.5
1323300 816.3
1323310 819.3
1323320 819.3
1323330 821.2
1323340 822.9
1323350 822.9
1323360 823.0
1323370 821.3
1323380 821.3
1323390 818.3
1323400 816.6
1323410 816.6
1323420 816.6
1323430 817.4
1323440 817.4
1323450 817.8
1323460 817.7
1323470 817.7
1323480 817.1
1323490 815.0
1323500 812.1
1323510 812.1
1323520 809.1
1323530 806.4
1323540 806.4
1323550 804.1
1323560 801.1
1323570 801.1
1323580 796.3
1323590 790.8
1323600 790.8
1323610 786.2
1323620 782.1
1323630 782.1
1323640 778.1
1323650 772.8
1323660 772.8
1323670 767.0
1323680 762.5
1323690 762.5
1323700 761.3
1323710 761.9
1323720 761.9
1323730 762.3
1323740 763.0
1323750 763.0
1323760 762.8
1323770 763.1
1323780 763.1
1323790 763.6
1323800 765.7
1323810 765.7
1323820 768.9
1323830 775.7
1323840 778.5
1323850 778.5
1323860 781.6
1323870 785.3
1323880 785.3
1323890 788.4
1323900 790.2
1323910 790.2
1323920 790.8
1323930 790.7
1323940 790.7
1323950 791.4
1323960 791.8
1323970 791.8
1323980 792.2
1323990 792.9
1324000 792.9
1324010 794.6
1324020 796.9
1324030 796.9
1324040 798.8
1324050 801.1
1324060 801.1
1324070 802.9
1324080 804.2
1324090 804.2
1324100 806.3
1324110 809.0
1324120 809.0
1324130 811.0
1324140 812.1
1324150 812.1
1324160 813.1
1324170 814.1
1324180 816.2
1324190 816.2
1324200 818.7
1324210 820.9
1324220 820.9
1324230 822.9
1324240 824.8
1324250 824.8
1324260 826.5
1324270 827.3
1324280 827.3
1324290 827.6
1324300 827.8
1324310 827.8
1324320 828.6
1324330 830.0
1324340 830.0
1324350 831.5
1324360 831.3
1324370 831.3
1324380 830.9
1324390 830.8
1324400 830.8
1324410 830.7
1324420 831.1
1324430 831.1
1324440 832.0
1324450 833.4
1324460 833.4
1324470 835.1
1324480 837.5
1324490 837.5
1324500 840.6
1324510 844.2
1324520 847.5
1324530 847.5
1324540 850.7
1324550 853.8
1324560 853.8
1324570 856.4
1324580 857.8
1324590 857.8
1324600 856.0
1324610 852.9
1324620 852.9
1324630 857.8
1324640 862.7
1324650 862.7
1324660 867.1
1324670 870.6
1324680 870.6
1324690 872.1
1324700 871.3
1324710 871.3
1324720 872.3
1324730 872.6
1324740 872.6
1324750 872.9
1324760 874.4
1324770 874.4
1324780 877.6
1324790 882.5
1324800 882.5
1324810 888.7
1324820 895.0
1324830 895.0
1324840 900.7
1324850 904.5
1324860 906.6
1324870 906.6
1324880 908.2
1324890 906.8
1324900 906.8
1324910 903.3
1324920 899.8
1324930 899.8
1324940 894.6
1324950 887.4
1324960 887.4
1324970 879.2
1324980 871.2
1324990 871.2
1325000 862.8
1325010 859.2
1325020 859.2
1325030 864.4
1325040 869.7
1325050 869.7
1325060 874.9
1325070 879.2
1325080 879.2
1325090 883.6
1325100 888.9
1325110 888.9
1325120 893.9
1325130 900.1
1325140 900.1
1325150 905.5
1325160 909.5
1325170 909.5
1325180 912.4
1325190 914.7
1325200 918.5
1325210 918.5
1325220 922.3
1325230 924.5
1325240 924.5
1325250 925.0
1325260 922.3
1325270 922.3
1325280 916.1
1325290 909.4
1325300 909.4
1325310 903.1
1325320 897.1
1325330 897.1
1325340 890.8
1325350 884.7
1325360 884.7
1325370 878.8
1325380 873.1
1325390 873.1
1325400 867.5
1325410 862.3
1325420 862.3
1325430 857.6
1325440 853.3
1325450 853.3
1325460 851.7
1325470 856.2
1325480 856.2
1325490 860.9
1325500 863.4
1325510 863.4
1325520 864.1
1325530 864.5
1325540 864.4
1325550 864.4
1325560 864.3
1325570 864.6
1325580 864.6
1325590 865.5
1325600 866.4
1325610 866.4
1325620 867.4
1325630 868.9
1325640 868.9
1325650 871.6
1325660 874.6
1325670 874.6
1325680 875.6
1325690 874.8
1325700 874.8
1325710 874.6
1325720 875.8
1325730 875.8
1325740 877.3
1325750 878.3
1325760 878.3
1325770 878.0
1325780 879.0
1325790 879.0
1325800 881.9
1325810 889.8
1325820 889.8
1325830 898.4
1325840 900.9
1325850 900.9
1325860 900.4
1325870 905.3
1325880 910.5
1325890 910.5
1325900 911.3
1325910 907.0
1325920 907.0
1325930 900.5
1325940 893.6
1325950 893.6
1325960 887.6
1325970 884.1
1325980 884.1
1325990 883.5
1326000 885.7
1326010 885.7
1326020 890.4
1326030 890.0
1326040 890.0
1326050 886.8
1326060 880.4
1326070 880.4
1326080 872.6
1326090 871.0
1326100 871.0
1326110 876.2
1326120 880.0
1326130 880.0
1326140 885.0
1326150 888.4
1326160 888.4
1326170 890.7
1326180 890.7
1326190 890.7
1326200 891.4
1326210 893.4
1326220 893.3
1326230 893.3
1326240 896.8
1326250 894.1
1326260 894.1
1326270 891.6
1326280 891.2
1326290 891.2
1326300 891.1
1326310 894.2
1326320 894.2
1326330 897.8
1326340 902.0
1326350 902.0
1326360 906.6
1326370 911.3
1326380 911.3
1326390 916.3
1326400 922.1
1326410 922.1
1326420 926.0
1326430 929.7
1326440 929.7
1326450 932.8
1326460 934.7
1326470 934.7
1326480 936.4
1326490 938.1
1326500 938.1
1326510 939.6
1326520 940.5
1326530 941.2
1326540 941.2
1326550 941.7
1326560 942.2
1326570 942.2
1326580 942.5
1326590 942.7
1326600 942.7
1326610 943.0
1326620 943.2
1326630 943.2
1326640 943.4
1326650 943.5
1326660 943.5
1326670 943.6
1326680 943.7
1326690 943.7
1326700 943.8
1326710 943.7
1326720 943.7
1326730 943.6
1326740 943.4
1326750 943.4
1326760 943.4
1326770 943.9
1326780 943.9
1326790 944.2
1326800 944.4
1326810 944.4
1326820 944.7
1326830 945.2
1326840 945.2
1326850 945.7
1326860 946.2
1326870 946.7
1326880 946.7
1326890 946.9
1326900 947.0
1326910 947.0
1326920 946.5
1326930 945.2
1326940 945.2
1326950 943.7
1326960 942.0
1326970 942.0
1326980 939.9
1326990 934.6
1327000 934.6
1327010 927.4
1327020 923.1
1327030 923.1
1327040 925.6
1327050 934.0
1327060 934.0
1327070 939.7
1327080 943.5
1327090 943.5
1327100 946.6
1327110 949.2
1327120 949.2
1327130 952.1
1327140 954.4
1327150 954.4
1327160 956.4
1327170 957.9
1327180 957.9
1327190 959.0
1327200 959.8
1327210 960.6
1327220 960.6
1327230 961.6
1327240 962.7
1327250 962.7
1327260 963.8
1327270 964.8
1327280 964.8
1327290 965.9
1327300 967.1
1327310 967.1
1327320 968.1
1327330 969.1
1327340 969.1
1327350 970.0
1327360 971.3
1327370 971.3
1327380 972.1
1327390 973.0
1327400 973.0
1327410 974.3
1327420 975.4
1327430 975.4
1327440 976.0
1327450 976.1
1327460 976.1
1327470 976.9
1327480 978.4
1327490 978.4
1327500 979.3
1327510 980.1
1327520 980.1
1327530 981.1
1327540 982.4
1327550 983.8
1327560 983.8
1327570 985.0
1327580 987.1
1327590 987.1
1327600 989.0
1327610 990.0
1327620 990.0
1327630 990.6
1327640 992.1
1327650 992.1
1327660 993.9
1327670 995.1
1327680 995.1
1327690 997.4
1327700 999.7
1327710 999.7
1327720 1001.4
1327730 1003.0
1327740 1003.0
1327750 1004.6
1327760 1006.3
1327770 1006.3
1327780 1008.3
1327790 1010.4
1327800 1010.4
1327810 1012.5
1327820 1014.7
1327830 1014.7
1327840 1017.0
1327850 1019.1
1327860 1019.1
1327870 1023.2
1327880 1025.6
1327890 1027.4
1327900 1027.4
1327910 1029.4
1327920 1031.8
1327930 1031.8
1327940 1034.3
1327950 1036.7
1327960 1036.7
1327970 1039.1
1327980 1041.9
1327990 1041.9
1328000 1044.6
1328010 1046.7
1328020 1046.7
1328030 1048.4
1328040 1051.3
1328050 1051.3
1328060 1055.2
1328070 1058.8
1328080 1058.8
1328090 1062.0
1328100 1065.7
1328110 1065.7
1328120 1069.7
1328130 1073.8
1328140 1073.8
1328150 1077.6
1328160 1082.0
1328170 1082.0
1328180 1089.5
1328190 1096.6
1328200 1096.6
1328210 1104.3
1328220 1108.6
1328230 1112.6
1328240 1112.6
1328250 1118.6
1328260 1123.8
1328270 1123.8
1328280 1127.7
1328290 1132.1
1328300 1132.1
1328310 1137.9
1328320 1145.1
1328330 1145.1
1328340 1153.1
1328350 1159.9
1328360 1159.9
1328370 1164.0
1328380 1163.5
1328390 1163.5
1328400 1161.4
1328410 1160.8
1328420 1160.8
1328430 1160.7
1328440 1159.6
1328450 1159.6
1328460 1159.7
1328470 1160.1
1328480 1160.1
1328490 1160.4
1328500 1159.4
1328510 1159.4
1328520 1158.1
1328530 1157.3
1328540 1157.3
1328550 1156.6
1328560 1156.0
1328570 1155.0
1328580 1155.0
1328590 1154.3
1328600 1154.1
1328610 1154.1
1328620 1153.8
1328630 1153.6
1328640 1153.6
1328650 1153.2
1328660 1152.0
1328670 1152.0
1328680 1147.7
1328690 1146.0
1328700 1146.0
1328710 1145.1
1328720 1144.9
1328730 1144.9
1328740 1144.8
1328750 1144.8
1328760 1144.8
1328770 1145.6
1328780 1146.7
1328790 1146.7
1328800 1147.3
1328810 1147.4
1328820 1147.4
1328830 1147.4
1328840 1147.3
1328850 1147.3
1328860 1147.3
1328870 1147.0
1328880 1147.0
1328890 1146.5
1328900 1145.9
1328910 1145.3
1328920 1145.3
1328930 1145.1
1328940 1145.2
1328950 1145.2
1328960 1145.4
1328970 1145.1
1328980 1145.1
1328990 1144.5
1329000 1144.0
1329010 1144.0
1329020 1143.6
1329030 1143.1
1329040 1143.1
1329050 1142.5
1329060 1142.0
1329070 1142.0
1329080 1141.4
1329090 1140.8
1329100 1140.8
1329110 1140.0
1329120 1137.8
1329130 1137.8
1329140 1134.0
1329150 1130.6
1329160 1130.6
1329170 1127.7
1329180 1125.3
1329190 1125.3
1329200 1123.7
1329210 1123.0
1329220 1123.0
1329230 1123.3
1329240 1125.0
1329250 1127.2
1329260 1127.2
1329270 1127.5
1329280 1126.5
1329290 1126.5
1329300 1126.0
1329310 1125.8
1329320 1125.8
1329330 1125.3
1329340 1124.4
1329350 1124.4
1329360 1123.8
1329370 1122.4
1329380 1122.4
1329390 1120.2
1329400 1117.4
1329410 1117.4
1329420 1116.4
1329430 1112.2
1329440 1112.2
1329450 1108.2
1329460 1103.4
1329470 1103.4
1329480 1099.0
1329490 1094.6
1329500 1094.6
1329510 1088.8
1329520 1085.0
1329530 1085.0
1329540 1081.9
1329550 1078.9
1329560 1078.9
1329570 1075.8
1329580 1073.3
1329590 1071.3
1329600 1071.3
1329610 1069.5
1329620 1067.2
1329630 1067.2
1329640 1063.6
1329650 1059.4
1329660 1059.4
1329670 1055.9
1329680 1053.1
1329690 1053.1
1329700 1050.7
1329710 1048.5
1329720 1048.5
1329730 1045.8
1329740 1042.2
1329750 1042.2
1329760 1038.7
1329770 1034.8
1329780 1034.8
1329790 1031.5
1329800 1028.5
1329810 1028.5
1329820 1026.1
1329830 1023.5
1329840 1023.5
1329850 1020.1
1329860 1015.4
1329870 1015.4
1329880 1011.2
1329890 1007.2
1329900 1003.0
1329910 1003.0
1329920 998.8
1329930 994.9
1329940 994.9
1329950 992.8
1329960 990.1
1329970 990.1
1329980 986.5
1329990 988.4
1330000 988.4
1330010 989.5
1330020 990.4
1330030 990.4
1330040 989.6
1330050 990.2
1330060 990.2
1330070 993.5
1330080 994.9
1330090 994.9
1330100 993.8
1330110 993.2
1330120 993.2
1330130 992.8
1330140 991.6
1330150 991.6
1330160 990.2
1330170 988.7
1330180 988.7
1330190 984.8
1330200 981.5
1330210 981.5
1330220 980.8
1330230 979.3
1330240 975.5
1330250 975.5
1330260 970.9
1330270 966.8
1330280 966.8
1330290 962.0
1330300 957.1
1330310 957.1
1330320 953.4
1330330 950.1
1330340 944.8
1330350 940.1
1330360 934.6
1330370 934.6
1330380 928.7
1330390 924.2
1330400 924.2
1330410 920.8
1330420 917.7
1330430 917.7
1330440 914.2
1330450 909.9
1330460 909.9
1330470 905.9
1330480 902.3
1330490 902.3
1330500 899.1
1330510 895.6
1330520 895.6
1330530 890.9
1330540 885.7
1330550 885.7
1330560 882.0
1330570 877.8
1330580 874.4
1330590 874.4
1330600 871.7
1330610 869.4
1330620 869.4
1330630 865.9
1330640 860.3
1330650 860.3
1330660 854.2
1330670 848.8
1330680 848.8
1330690 843.0
1330700 838.3
1330710 838.3
1330720 833.7
1330730 829.7
1330740 829.7
1330750 827.9
1330760 825.9
1330770 825.9
1330780 824.0
1330790 821.8
1330800 821.8
1330810 820.3
1330820 817.9
1330830 817.9
1330840 816.0
1330850 816.2
1330860 816.2
1330870 815.3
1330880 813.9
1330890 813.9
1330900 812.9
1330910 813.5
1330920 813.0
1330930 813.0
1330940 813.3
1330950 813.5
1330960 813.5
1330970 813.6
1330980 813.2
1330990 813.2
1331000 811.4
1331010 809.3
1331020 809.3
1331030 806.7
1331040 803.7
1331050 803.7
1331060 802.4
1331070 803.7
1331080 803.7
1331090 804.2
1331100 804.0
1331110 804.0
1331120 804.7
1331130 805.9
1331140 805.9
1331150 807.2
1331160 808.2
1331170 800.7
1331180 799.5
1331190 796.0
1331200 796.0
1331210 792.3
1331220 792.3
1331230 792.3
1331240 795.0
1331250 796.3
1331260 796.5
1331270 796.5
1331280 796.3
1331290 793.8
1331300 793.8
1331310 789.8
1331320 786.7
1331330 786.7
1331340 784.6
1331350 780.4
1331360 780.4
1331370 772.7
1331380 763.6
1331390 763.6
1331400 755.0
1331410 747.7
1331420 747.7
1331430 740.4
1331440 733.7
1331450 733.7
1331460 728.5
1331470 723.9
1331480 723.9
1331490 721.0
1331500 719.0
1331510 719.0
1331520 715.9
1331530 712.2
1331540 712.2
1331550 706.3
1331560 698.0
1331570 698.0
1331580 691.3
1331590 686.3
1331600 680.6
1331610 680.6
1331620 675.1
1331630 671.1
1331640 671.1
1331650 667.0
1331660 662.2
1331670 662.2
1331680 656.8
1331690 650.5
1331700 650.5
1331710 644.0
1331720 637.7
1331730 637.7
1331740 631.0
1331750 625.4
1331760 625.4
1331770 620.4
1331780 615.5
1331790 615.5
1331800 611.3
1331810 607.1
1331820 607.1
1331830 603.4
1331840 599.9
1331850 599.9
1331860 597.8
1331870 596.2
1331880 596.2
1331890 593.9
1331900 591.6
1331910 591.6
1331920 588.6
1331930 584.8
1331940 581.1
1331950 581.1
1331960 577.8
1331970 576.1
1331980 576.1
1331990 576.4
1332000 575.4
1332010 574.4
1332020 574.4
1332030 574.3
1332040 574.3
1332050 574.1
1332060 574.0
1332070 574.0
1332080 574.2
1332090 574.2
1332100 574.2
1332110 573.2
1332120 571.4
1332130 571.4
1332140 570.0
1332150 569.2
1332160 569.2
1332170 568.5
1332180 568.0
1332190 568.0
1332200 567.8
1332210 567.9
1332220 567.9
1332230 568.3
1332240 568.9
1332250 568.9
1332260 568.9
1332270 569.6
1332280 568.9
1332290 568.9
1332300 569.7
1332310 570.2
1332320 570.2
1332330 570.3
1332340 569.9
1332350 569.9
1332360 569.3
1332370 569.0
1332380 569.0
1332390 568.5
1332400 568.1
1332410 568.1
1332420 567.9
1332430 567.8
1332440 567.8
1332450 567.6
1332460 567.0
1332470 567.0
1332480 566.3
1332490 565.9
1332500 565.9
1332510 566.1
1332520 566.7
1332530 566.7
1332540 567.2
1332550 567.5
1332560 567.5
1332570 567.7
1332580 567.6
1332590 567.6
1332600 567.3
1332610 567.3
1332620 566.7
1332630 566.7
1332640 566.3
1332650 566.8
1332660 566.8
1332670 567.2
1332680 567.4
1332690 567.4
1332700 567.5
1332710 567.0
1332720 567.0
1332730 566.9
1332740 566.8
1332750 566.8
1332760 566.2
1332770 565.6
1332780 565.6
1332790 565.2
1332800 564.7
1332810 564.7
1332820 563.8
1332830 563.4
1332840 563.4
1332850 562.5
1332860 562.3
1332870 562.3
1332880 561.3
1332890 560.2
1332900 560.2
1332910 559.4
1332920 558.8
1332930 558.0
1332940 558.0
1332950 557.5
1332960 556.9
1332970 556.9
1332980 556.1
1332990 555.2
1333000 555.2
1333010 554.3
1333020 553.6
1333030 553.6
1333040 553.1
1333050 553.3
1333060 553.3
1333070 553.3
1333080 553.4
1333090 553.4
1333100 553.2
1333110 552.7
1333120 552.7
1333130 552.4
1333140 551.7
1333150 551.7
1333160 551.4
1333170 550.8
1333180 550.8
1333190 550.2
1333200 549.8
1333210 549.8
1333220 549.8
1333230 549.7
1333240 549.7
1333250 549.7
1333260 550.0
1333270 550.9
1333280 550.9
1333290 552.4
1333300 554.2
1333310 554.2
1333320 556.4
1333330 559.1
1333340 559.1
1333350 562.0
1333360 564.8
1333370 564.8
1333380 567.4
1333390 570.1
1333400 570.1
1333410 572.4
1333420 574.7
1333430 574.7
1333440 577.0
1333450 578.5
1333460 578.5
1333470 578.0
1333480 577.4
1333490 577.4
1333500 577.3
1333510 578.9
1333520 578.9
1333530 582.3
1333540 585.9
1333550 585.9
1333560 590.2
1333570 593.7
1333580 593.7
1333590 596.2
1333600 599.4
1333610 603.2
1333620 603.2
1333630 606.9
1333640 609.0
1333650 609.0
1333660 610.0
1333670 613.4
1333680 613.4
1333690 615.3
1333700 620.7
1333710 620.7
1333720 623.8
1333730 625.2
1333740 625.2
1333750 625.6
1333760 625.4
1333770 625.4
1333780 625.0
1333790 624.4
1333800 624.4
1333810 624.3
1333820 624.9
1333830 624.9
1333840 625.6
1333850 626.5
1333860 626.5
1333870 627.3
1333880 628.1
1333890 628.1
1333900 629.0
1333910 630.0
1333920 630.0
1333930 630.6
1333940 631.6
1333950 632.8
1333960 632.8
1333970 633.4
1333980 634.0
1333990 634.0
1334000 634.8
1334010 635.5
1334020 635.5
1334030 636.0
1334040 636.0
1334050 636.0
1334060 636.2
1334070 636.8
1334080 636.8
1334090 637.4
1334100 638.0
1334110 638.0
1334120 638.8
1334130 639.7
1334140 639.7
1334150 640.4
1334160 641.1
1334170 641.1
1334180 641.9
1334190 642.4
1334200 642.4
1334210 642.4
1334220 642.0
1334230 642.0
1334240 641.4
1334250 640.5
1334260 640.5
1334270 639.6
1334280 638.8
1334290 638.2
1334300 638.2
1334310 637.9
1334320 637.5
1334330 637.5
1334340 637.1
1334350 636.7
1334360 636.7
1334370 636.3
1334380 636.5
1334390 636.5
1334400 636.8
1334410 637.3
1334420 637.3
1334430 637.6
1334440 637.1
1334450 637.1
1334460 636.1
1334470 634.9
1334480 634.9
1334490 633.8
1334500 633.0
1334510 633.0
1334520 632.5
1334530 632.0
1334540 631.3
1334550 631.1
1334560 631.2
1334570 631.2
1334580 630.8
1334590 629.5
1334600 629.5
1334610 628.5
1334620 627.8
1334630 627.4
1334640 627.4
1334650 627.0
1334660 626.6
1334670 626.6
1334680 626.2
1334690 625.9
1334700 625.9
1334710 625.7
1334720 625.7
1334730 625.7
1334740 625.5
1334750 625.1
1334760 625.1
1334770 624.8
1334780 624.6
1334790 624.6
1334800 624.1
1334810 623.5
1334820 623.5
1334830 622.8
1334840 622.3
1334850 622.3
1334860 622.1
1334870 621.9
1334880 621.9
1334890 621.6
1334900 621.3
1334910 621.3
1334920 621.4
1334930 621.7
1334940 621.7
1334950 622.0
1334960 622.5
1334970 622.9
1334980 622.9
1334990 623.4
1335000 623.8
1335010 623.8
1335020 624.1
1335030 624.4
1335040 624.4
1335050 624.8
1335060 625.2
1335070 625.2
1335080 625.5
1335090 625.5
1335100 625.5
1335110 625.6
1335120 625.4
1335130 625.4
1335140 625.2
1335150 625.5
1335160 625.5
1335170 626.0
1335180 626.2
1335190 626.2
1335200 626.2
1335210 626.5
1335220 626.5
1335230 627.0
1335240 627.6
1335250 627.6
1335260 628.1
1335270 628.4
1335280 628.4
1335290 629.7
1335300 632.4
1335310 634.7
1335320 634.7
1335330 635.2
1335340 635.4
1335350 635.4
1335360 637.3
1335370 640.2
1335380 640.2
1335390 642.3
1335400 645.1
1335410 645.1
1335420 645.7
1335430 646.5
1335440 646.5
1335450 647.0
1335460 647.5
1335470 647.5
1335480 647.9
1335490 648.0
1335500 648.0
1335510 647.9
1335520 647.6
1335530 647.6
1335540 647.2
1335550 647.0
1335560 647.0
1335570 646.6
1335580 646.3
1335590 646.3
1335600 646.0
1335610 645.6
1335620 645.6
1335630 645.6
1335640 645.5
1335650 645.2
1335660 645.2
1335670 645.0
1335680 644.5
1335690 644.5
1335700 643.9
1335710 642.5
1335720 642.5
1335730 640.2
1335740 639.3
1335750 639.3
1335760 639.8
1335770 641.6
1335780 641.6
1335790 642.0
1335800 641.7
1335810 641.7
1335820 641.0
1335830 640.5
1335840 640.5
1335850 640.7
1335860 640.4
1335870 640.4
1335880 640.1
1335890 639.8
1335900 639.8
1335910 639.4
1335920 639.1
1335930 639.1
1335940 638.8
1335950 638.6
1335960 638.6
1335970 638.4
1335980 638.4
1335990 638.2
1336000 638.2
1336010 638.2
1336020 638.0
1336030 638.0
1336040 637.6
1336050 636.9
1336060 636.9
1336070 636.1
1336080 635.3
1336090 635.3
1336100 634.8
1336110 634.8
1336120 634.8
1336130 634.8
1336140 634.7
1336150 634.7
1336160 634.7
1336170 634.7
1336180 634.7
1336190 634.7
1336200 634.6
1336210 634.6
1336220 634.8
1336230 635.0
1336240 635.0
1336250 635.1
1336260 635.3
1336270 635.3
1336280 635.5
1336290 635.7
1336300 636.0
1336310 636.0
1336320 636.3
1336330 636.8
1336340 636.8
1336350 637.7
1336360 639.1
1336370 639.1
1336380 640.6
1336390 642.0
1336400 642.0
1336410 643.0
1336420 643.8
1336430 643.8
1336440 644.7
1336450 645.5
1336460 645.5
1336470 646.2
1336480 647.2
1336490 647.2
1336500 647.7
1336510 648.3
1336520 648.3
1336530 648.4
1336540 648.7
1336550 648.7
1336560 649.0
1336570 649.1
1336580 649.1
1336590 649.0
1336600 649.0
1336610 649.0
1336620 649.5
1336630 649.6
1336640 649.7
1336650 649.7
1336660 649.8
1336670 649.8
1336680 649.8
1336690 649.9
1336700 650.0
1336710 650.0
1336720 650.1
1336730 650.2
1336740 650.2
1336750 650.4
1336760 650.6
1336770 650.6
1336780 650.6
1336790 650.7
1336800 650.7
1336810 650.7
1336820 650.7
1336830 650.7
1336840 650.7
1336850 650.6
1336860 650.6
1336870 650.5
1336880 650.3
1336890 650.3
1336900 650.2
1336910 650.1
1336920 650.1
1336930 649.8
1336940 649.7
1336950 649.7
1336960 650.3
1336970 650.3
1336980 649.7
1336990 649.7
1337000 649.1
1337010 649.0
1337020 649.0
1337030 649.1
1337040 648.5
1337050 648.5
1337060 648.0
1337070 647.8
1337080 647.8
1337090 647.6
1337100 647.5
1337110 647.5
1337120 647.3
1337130 645.8
1337140 645.8
1337150 645.1
1337160 644.4
1337170 644.4
1337180 643.9
1337190 643.4
1337200 643.4
1337210 642.9
1337220 642.7
1337230 642.7
1337240 642.5
1337250 642.4
1337260 642.4
1337270 642.5
1337280 642.4
1337290 642.4
1337300 642.4
1337310 642.4
1337320 642.4
1337330 642.4
1337340 642.4
1337350 642.8
1337360 642.8
1337370 642.7
1337380 642.4
1337390 642.4
1337400 642.1
1337410 642.0
1337420 642.0
1337430 641.9
1337440 641.6
1337450 641.6
1337460 641.4
1337470 641.3
1337480 641.3
1337490 641.1
1337500 641.0
1337510 641.0
1337520 640.8
1337530 640.5
1337540 640.5
1337550 640.3
1337560 640.0
1337570 640.0
1337580 639.7
1337590 639.5
1337600 639.5
1337610 639.3
1337620 639.0
1337630 639.0
1337640 638.5
1337650 638.0
1337660 637.5
1337670 637.5
1337680 636.8
1337690 636.1
1337700 636.1
1337710 635.2
1337720 634.4
1337730 634.4
1337740 633.7
1337750 633.0
1337760 633.0
1337770 632.6
1337780 632.1
1337790 632.1
1337800 631.5
1337810 631.1
1337820 631.1
1337830 630.8
1337840 630.4
1337850 630.4
1337860 630.2
1337870 630.1
1337880 630.1
1337890 630.1
1337900 630.1
1337910 630.1
1337920 630.2
1337930 630.4
1337940 630.4
1337950 630.5
1337960 630.7
1337970 630.7
1337980 631.0
1337990 631.4
1338000 632.5
1338010 632.5
1338020 633.4
1338030 634.4
1338040 634.4
1338050 635.6
1338060 636.5
1338070 636.5
1338080 637.2
1338090 637.9
1338100 637.9
1338110 638.4
1338120 638.8
1338130 638.8
1338140 639.3
1338150 639.8
1338160 639.8
1338170 640.2
1338180 640.7
1338190 640.7
1338200 641.1
1338210 641.6
1338220 641.6
1338230 642.0
1338240 642.4
1338250 642.4
1338260 642.9
1338270 643.3
1338280 643.3
1338290 643.7
1338300 644.0
1338310 644.0
1338320 644.3
1338330 644.6
1338340 644.9
1338350 644.9
1338360 645.3
1338370 645.6
1338380 645.6
1338390 646.0
1338400 646.5
1338410 646.5
1338420 647.1
1338430 647.7
1338440 647.7
1338450 648.4
1338460 649.0
1338470 649.0
1338480 649.7
1338490 650.3
1338500 650.3
1338510 651.1
1338520 652.0
1338530 652.0
1338540 652.9
1338550 653.9
1338560 653.9
1338570 654.8
1338580 655.5
1338590 655.5
1338600 656.1
1338610 656.6
1338620 656.6
1338630 656.9
1338640 657.2
1338650 657.2
1338660 657.6
1338670 658.2
1338680 658.6
1338690 658.6
1338700 659.0
1338710 659.0
1338720 659.0
1338730 659.0
1338740 659.0
1338750 659.0
1338760 659.4
1338770 659.9
1338780 659.9
1338790 660.2
1338800 660.5
1338810 660.5
1338820 661.2
1338830 661.7
1338840 661.7
1338850 662.2
1338860 662.9
1338870 662.9
1338880 662.8
1338890 663.7
1338900 663.7
1338910 664.5
1338920 665.4
1338930 665.4
1338940 666.3
1338950 667.0
1338960 667.0
1338970 667.5
1338980 667.7
1338990 667.7
1339000 667.8
1339010 667.7
1339020 667.5
1339030 667.5
1339040 667.2
1339050 666.8
1339060 666.8
1339070 666.4
1339080 665.9
1339090 665.9
1339100 665.5
1339110 665.0
1339120 665.0
1339130 664.5
1339140 663.9
1339150 663.9
1339160 663.2
1339170 662.4
1339180 662.4
1339190 661.6
1339200 661.2
1339210 661.2
1339220 660.7
1339230 659.9
1339240 659.9
1339250 659.5
1339260 659.4
1339270 659.4
1339280 659.5
1339290 659.8
1339300 659.8
1339310 659.9
1339320 659.7
1339330 659.7
1339340 659.6
1339350 658.8
1339360 657.9
1339370 657.9
1339380 657.7
1339390 656.5
1339400 656.5
1339410 654.7
1339420 652.5
1339430 652.5
1339440 651.1
1339450 649.9
1339460 649.9
1339470 648.2
1339480 646.1
1339490 646.1
1339500 643.7
1339510 641.8
1339520 641.8
1339530 640.3
1339540 638.8
1339550 638.8
1339560 637.1
1339570 635.5
1339580 635.5
1339590 634.0
1339600 632.3
1339610 632.3
1339620 630.6
1339630 629.1
1339640 629.1
1339650 628.0
1339660 626.9
1339670 626.9
1339680 625.6
1339690 624.4
1339700 623.2
1339710 623.2
1339720 622.2
1339730 621.1
1339740 621.1
1339750 620.1
1339760 617.3
1339770 617.3
1339780 616.7
1339790 615.8
1339800 615.8
1339810 615.0
1339820 614.4
1339830 614.4
1339840 613.8
1339850 613.1
1339860 613.1
1339870 612.3
1339880 611.6
1339890 611.6
1339900 611.2
1339910 611.0
1339920 611.0
1339930 610.6
1339940 609.9
1339950 609.9
1339960 609.0
1339970 607.3
1339980 607.3
1339990 605.3
