1320000 1399.3
1320010 1399.3
1320020 1394.8
1320030 1389.8
1320040 1389.8
1320050 1384.8
1320060 1379.6
1320070 1379.6
1320080 1374.4
1320090 1369.5
1320100 1369.5
1320110 1363.9
1320120 1358.3
1320130 1358.3
1320140 1352.4
1320150 1345.9
1320160 1345.9
1320170 1340.2
1320180 1334.9
1320190 1334.9
1320200 1329.2
1320210 1322.6
1320220 1322.6
1320230 1317.3
1320240 1314.2
1320250 1311.7
1320260 1311.7
1320270 1309.3
1320280 1306.6
1320290 1306.6
1320300 1302.9
1320310 1298.5
1320320 1298.5
1320330 1293.7
1320340 1288.5
1320350 1288.5
1320360 1282.5
1320370 1275.8
1320380 1275.8
1320390 1268.9
1320400 1261.3
1320410 1261.3
1320420 1252.9
1320430 1244.1
1320440 1244.1
1320450 1234.8
1320460 1226.2
1320470 1226.2
1320480 1219.2
1320490 1212.3
1320500 1212.3
1320510 1206.2
1320520 1201.0
1320530 1201.0
1320540 1196.5
1320550 1192.3
1320560 1192.3
1320570 1189.1
1320580 1186.9
1320590 1184.5
1320600 1184.5
1320610 1182.5
1320620 1178.0
1320630 1170.0
1320640 1164.6
1320650 1159.7
1320660 1159.7
1320670 1156.3
1320680 1153.7
1320690 1153.7
1320700 1151.6
1320710 1149.6
1320720 1149.6
1320730 1147.8
1320740 1145.6
1320750 1145.6
1320760 1141.3
1320770 1134.2
1320780 1134.2
1320790 1126.8
1320800 1119.6
1320810 1119.6
1320820 1112.2
1320830 1104.9
1320840 1104.9
1320850 1096.9
1320860 1088.8
1320870 1088.8
1320880 1080.9
1320890 1073.2
1320900 1073.2
1320910 1065.6
1320920 1058.5
1320930 1051.3
1320940 1051.3
1320950 1042.5
1320960 1030.1
1320970 1030.1
1320980 1019.3
1320990 1009.9
1321000 1009.9
1321010 1001.0
1321020 993.1
1321030 993.1
1321040 985.4
1321050 977.4
1321060 977.4
1321070 967.3
1321080 959.4
1321090 959.4
1321100 950.1
1321110 940.3
1321120 940.3
1321130 932.9
1321140 927.3
1321150 927.3
1321160 921.8
1321170 916.7
1321180 916.7
1321190 911.2
1321200 905.9
1321210 905.9
1321220 900.5
1321230 895.1
1321240 895.1
1321250 890.0
1321260 885.0
1321270 879.9
1321280 879.9
1321290 874.6
1321300 869.1
1321310 869.1
1321320 864.4
1321330 860.4
1321340 860.4
1321350 856.5
1321360 852.9
1321370 852.9
1321380 849.4
1321390 846.0
1321400 846.0
1321410 837.3
1321420 833.0
1321430 833.0
1321440 828.4
1321450 824.7
1321460 824.7
1321470 820.9
1321480 816.2
1321490 816.2
1321500 813.1
1321510 808.9
1321520 808.9
1321530 804.7
1321540 802.1
1321550 802.1
1321560 799.1
1321570 796.2
1321580 796.2
1321590 793.2
1321600 788.3
1321610 781.9
1321620 781.9
1321630 775.9
1321640 772.1
1321650 772.1
1321660 770.9
1321670 768.6
1321680 768.6
1321690 766.7
1321700 763.7
1321710 763.7
1321720 760.2
1321730 756.5
1321740 756.5
1321750 751.9
1321760 746.5
1321770 746.5
1321780 741.0
1321790 736.1
1321800 736.1
1321810 730.6
1321820 727.0
1321830 727.0
1321840 723.9
1321850 722.2
1321860 722.2
1321870 718.6
1321880 716.7
1321890 716.7
1321900 713.8
1321910 710.4
1321920 710.4
1321930 706.6
1321940 701.1
1321950 696.8
1321960 696.8
1321970 694.6
1321980 695.8
1321990 695.8
1322000 700.9
1322010 705.2
1322020 705.2
1322030 708.2
1322040 713.1
1322050 713.1
1322060 717.2
1322070 717.4
1322080 717.4
1322090 716.3
1322100 714.1
1322110 714.1
1322120 709.6
1322130 705.7
1322140 705.7
1322150 704.1
1322160 705.0
1322170 705.0
1322180 705.1
1322190 700.7
1322200 695.9
1322210 691.6
1322220 684.6
1322230 684.6
1322240 675.8
1322250 666.8
1322260 657.0
1322270 657.0
1322280 644.2
1322290 634.8
1322300 634.8
1322310 635.8
1322320 640.4
1322330 640.4
1322340 641.8
1322350 641.6
1322360 641.6
1322370 641.5
1322380 639.8
1322390 639.8
1322400 638.0
1322410 636.9
1322420 636.9
1322430 634.3
1322440 632.4
1322450 632.4
1322460 629.3
1322470 622.4
1322480 622.4
1322490 615.5
1322500 608.9
1322510 608.9
1322520 604.6
1322530 604.9
1322540 604.9
1322550 609.0
1322560 617.0
1322570 617.0
1322580 627.8
1322590 635.2
1322600 640.7
1322610 640.7
1322620 645.1
1322630 647.2
1322640 647.2
1322650 652.9
1322660 659.7
1322670 659.7
1322680 664.4
1322690 668.0
1322700 668.0
1322710 669.9
1322720 670.7
1322730 670.7
1322740 672.8
1322750 676.7
1322760 676.7
1322770 681.8
1322780 688.8
1322790 688.8
1322800 693.0
1322810 696.3
1322820 696.3
1322830 700.6
1322840 705.3
1322850 705.3
1322860 711.3
1322870 721.2
1322880 721.2
1322890 722.4
1322900 724.5
1322910 724.5
1322920 728.7
1322930 732.4
1322940 737.7
1322950 737.7
1322960 747.0
1322970 755.5
1322980 759.2
1322990 764.7
1323000 769.9
1323010 769.9
1323020 775.2
1323030 781.0
1323040 781.0
1323050 784.3
1323060 785.9
1323070 785.9
1323080 786.8
1323090 787.8
1323100 787.8
1323110 789.2
1323120 791.0
1323130 791.0
1323140 792.5
1323150 793.9
1323160 793.9
1323170 795.6
1323180 799.1
1323190 799.1
1323200 803.0
1323210 806.3
1323220 806.3
1323230 808.7
1323240 811.3
1323250 811.3
1323260 815.2
1323270 819.5
1323280 824.9
1323290 824.9
1323300 830.3
1323310 835.4
1323320 835.4
1323330 840.8
1323340 846.3
1323350 846.3
1323360 851.1
1323370 855.4
1323380 855.4
1323390 857.9
1323400 858.0
1323410 858.0
1323420 857.5
1323430 856.0
1323440 856.0
1323450 853.3
1323460 850.1
1323470 850.1
1323480 846.3
1323490 842.1
1323500 842.1
1323510 837.5
1323520 831.9
1323530 831.9
1323540 825.8
1323550 819.9
1323560 819.9
1323570 815.2
1323580 812.9
1323590 812.9
1323600 810.3
1323610 805.8
1323620 800.2
1323630 800.2
1323640 794.1
1323650 787.8
1323660 787.8
1323670 782.3
1323680 777.8
1323690 777.8
1323700 777.6
1323710 780.1
1323720 780.1
1323730 782.6
1323740 784.4
1323750 784.4
1323760 785.0
1323770 784.8
1323780 787.9
1323790 788.1
1323800 788.8
1323810 788.8
1323820 790.0
1323830 791.3
1323840 791.3
1323850 792.1
1323860 792.9
1323870 792.9
1323880 794.2
1323890 796.1
1323900 796.1
1323910 798.4
1323920 800.9
1323930 800.9
1323940 804.0
1323950 807.4
1323960 809.0
1323970 809.0
1323980 810.1
1323990 811.2
1324000 811.2
1324010 812.4
1324020 813.8
1324030 813.8
1324040 815.4
1324050 818.2
1324060 818.2
1324070 820.6
1324080 823.3
1324090 823.3
1324100 824.4
1324110 825.1
1324120 825.1
1324130 825.9
1324140 827.1
1324150 827.1
1324160 828.1
1324170 829.6
1324180 829.6
1324190 833.2
1324200 835.4
1324210 835.4
1324220 836.9
1324230 838.1
1324240 838.1
1324250 839.3
1324260 840.5
1324270 840.5
1324280 841.9
1324290 843.3
1324300 844.2
1324310 844.2
1324320 846.3
1324330 848.7
1324340 848.7
1324350 850.4
1324360 852.2
1324370 852.2
1324380 854.1
1324390 855.7
1324400 855.7
1324410 856.6
1324420 857.2
1324430 857.2
1324440 858.5
1324450 859.8
1324460 859.8
1324470 861.3
1324480 863.4
1324490 863.4
1324500 865.8
1324510 868.4
1324520 868.4
1324530 869.9
1324540 868.9
1324550 868.9
1324560 867.6
1324570 868.7
1324580 872.0
1324590 874.0
1324600 878.9
1324610 878.9
1324620 882.6
1324630 881.7
1324640 879.5
1324650 879.5
1324660 879.1
1324670 880.7
1324680 880.7
1324690 884.5
1324700 890.1
1324710 890.1
1324720 897.4
1324730 904.9
1324740 904.9
1324750 913.1
1324760 914.6
1324770 914.6
1324780 914.5
1324790 915.5
1324800 915.5
1324810 916.3
1324820 916.9
1324830 916.9
1324840 917.3
1324850 917.5
1324860 917.5
1324870 917.4
1324880 914.8
1324890 914.8
1324900 907.0
1324910 899.0
1324920 899.0
1324930 892.0
1324940 886.0
1324950 886.0
1324960 881.2
1324970 878.8
1324980 877.1
1324990 877.1
1325000 880.5
1325010 886.2
1325020 886.2
1325030 888.9
1325040 891.7
1325050 891.7
1325060 897.9
1325070 905.2
1325080 905.2
1325090 913.1
1325100 920.3
1325110 920.3
1325120 921.8
1325130 921.7
1325140 921.7
1325150 921.4
1325160 921.6
1325170 921.6
1325180 922.5
1325190 923.5
1325200 923.5
1325210 924.2
1325220 924.7
1325230 924.7
1325240 924.9
1325250 922.7
1325260 922.7
1325270 916.3
1325280 909.4
1325290 909.4
1325300 902.9
1325310 896.7
1325320 890.7
1325330 890.7
1325340 885.0
1325350 879.2
1325360 879.2
1325370 873.7
1325380 867.6
1325390 867.6
1325400 863.6
1325410 862.2
1325420 862.2
1325430 862.5
1325440 864.9
1325450 864.9
1325460 867.3
1325470 872.1
1325480 872.1
1325490 878.3
1325500 881.2
1325510 881.2
1325520 881.0
1325530 877.5
1325540 877.5
1325550 874.3
1325560 872.6
1325570 872.6
1325580 872.0
1325590 873.3
1325600 873.3
1325610 876.0
1325620 878.0
1325630 880.3
1325640 880.3
1325650 883.7
1325660 886.8
1325670 886.8
1325680 891.3
1325690 896.8
1325700 896.8
1325710 902.2
1325720 905.9
1325730 905.9
1325740 906.0
1325750 906.3
1325760 906.3
1325770 907.1
1325780 907.0
1325790 907.0
1325800 904.8
1325810 904.6
1325820 904.6
1325830 907.3
1325840 912.9
1325850 912.9
1325860 919.8
1325870 927.4
1325880 927.4
1325890 929.3
1325900 926.4
1325910 926.4
1325920 925.3
1325930 923.3
1325940 923.3
1325950 920.2
1325960 917.2
1325970 912.6
1325980 912.6
1325990 906.6
1326000 900.6
1326010 900.6
1326020 895.6
1326030 892.2
1326040 892.2
1326050 894.6
1326060 896.6
1326070 896.6
1326080 896.9
1326090 897.1
1326100 897.1
1326110 896.7
1326120 896.0
1326130 896.0
1326140 897.1
1326150 901.3
1326160 901.3
1326170 906.5
1326180 914.7
1326190 914.7
1326200 919.1
1326210 922.2
1326220 922.2
1326230 923.2
1326240 922.2
1326250 922.2
1326260 920.2
1326270 921.1
1326280 921.1
1326290 921.6
1326300 919.0
1326310 915.2
1326320 915.2
1326330 911.3
1326340 908.7
1326350 908.7
1326360 908.3
1326370 907.4
1326380 907.4
1326390 912.3
1326400 917.6
1326410 917.6
1326420 922.3
1326430 928.2
1326440 928.2
1326450 931.7
1326460 933.8
1326470 933.8
1326480 935.7
1326490 937.7
1326500 937.7
1326510 939.7
1326520 941.4
1326530 941.4
1326540 942.6
1326550 943.5
1326560 943.5
1326570 944.2
1326580 944.9
1326590 944.9
1326600 945.7
1326610 946.1
1326620 946.1
1326630 946.3
1326640 946.7
1326650 947.1
1326660 947.1
1326670 947.3
1326680 947.4
1326690 947.4
1326700 947.5
1326710 947.8
1326720 947.8
1326730 948.1
1326740 948.4
1326750 948.4
1326760 948.6
1326770 948.7
1326780 948.7
1326790 948.7
1326800 949.1
1326810 949.1
1326820 949.8
1326830 950.4
1326840 950.4
1326850 950.9
1326860 951.4
1326870 951.4
1326880 951.8
1326890 952.1
1326900 952.1
1326910 952.8
1326920 953.6
1326930 953.6
1326940 954.1
1326950 954.5
1326960 954.5
1326970 953.9
1326980 949.4
1326990 953.6
1327000 953.6
1327010 956.2
1327020 956.2
1327030 956.2
1327040 955.7
1327050 951.4
1327060 951.4
1327070 944.6
1327080 948.8
1327090 948.8
1327100 957.7
1327110 960.4
1327120 960.4
1327130 960.8
1327140 961.4
1327150 961.4
1327160 962.2
1327170 963.0
1327180 963.0
1327190 963.9
1327200 964.8
1327210 964.8
1327220 965.8
1327230 967.1
1327240 967.1
1327250 968.5
1327260 969.8
1327270 969.8
1327280 971.1
1327290 972.1
1327300 972.1
1327310 972.9
1327320 974.0
1327330 975.3
1327340 975.3
1327350 976.9
1327360 977.8
1327370 977.8
1327380 978.7
1327390 979.7
1327400 979.7
1327410 980.5
1327420 981.3
1327430 981.3
1327440 982.3
1327450 984.0
1327460 984.0
1327470 985.5
1327480 986.3
1327490 986.3
1327500 987.1
1327510 988.9
1327520 988.9
1327530 990.5
1327540 990.7
1327550 990.7
1327560 990.9
1327570 991.8
1327580 991.8
1327590 993.2
1327600 994.4
1327610 994.4
1327620 995.9
1327630 997.0
1327640 997.0
1327650 999.0
1327660 1000.9
1327670 1002.5
1327680 1002.5
1327690 1004.2
1327700 1006.0
1327710 1006.0
1327720 1007.9
1327730 1009.7
1327740 1009.7
1327750 1011.6
1327760 1013.8
1327770 1013.8
1327780 1016.4
1327790 1019.3
1327800 1019.3
1327810 1024.6
1327820 1028.6
1327830 1028.6
1327840 1032.3
1327850 1035.8
1327860 1035.8
1327870 1039.7
1327880 1044.8
1327890 1044.8
1327900 1050.1
1327910 1053.0
1327920 1053.0
1327930 1056.4
1327940 1060.1
1327950 1060.1
1327960 1063.3
1327970 1066.8
1327980 1066.8
1327990 1071.1
1328000 1075.3
1328010 1079.5
1328020 1079.5
1328030 1083.5
1328040 1085.6
1328050 1085.6
1328060 1084.0
1328070 1083.1
1328080 1083.1
1328090 1085.2
1328100 1089.6
1328110 1089.6
1328120 1095.0
1328130 1100.2
1328140 1100.2
1328150 1104.4
1328160 1109.0
1328170 1109.0
1328180 1114.1
1328190 1118.6
1328200 1118.6
1328210 1123.7
1328220 1128.2
1328230 1128.2
1328240 1132.4
1328250 1137.5
1328260 1137.5
1328270 1142.5
1328280 1147.8
1328290 1147.8
1328300 1153.2
1328310 1159.2
1328320 1159.2
1328330 1164.4
1328340 1169.6
1328350 1174.2
1328360 1174.2
1328370 1175.9
1328380 1174.3
1328390 1174.3
1328400 1170.7
1328410 1167.3
1328420 1167.3
1328430 1164.5
1328440 1161.4
1328450 1161.4
1328460 1158.4
1328470 1156.1
1328480 1156.1
1328490 1154.5
1328500 1153.2
1328510 1153.2
1328520 1151.7
1328530 1150.8
1328540 1150.8
1328550 1150.2
1328560 1149.7
1328570 1149.7
1328580 1149.0
1328590 1148.3
1328600 1148.3
1328610 1147.7
1328620 1147.4
1328630 1148.4
1328640 1148.8
1328650 1150.3
1328660 1150.3
1328670 1151.5
1328680 1151.9
1328690 1152.5
1328700 1152.5
1328710 1153.8
1328720 1155.7
1328730 1155.7
1328740 1157.0
1328750 1158.2
1328760 1158.2
1328770 1159.6
1328780 1161.0
1328790 1161.0
1328800 1161.8
1328810 1162.5
1328820 1162.5
1328830 1163.9
1328840 1165.8
1328850 1165.8
1328860 1167.2
1328870 1168.6
1328880 1168.6
1328890 1169.9
1328900 1171.4
1328910 1171.4
1328920 1172.2
1328930 1173.7
1328940 1173.7
1328950 1174.5
1328960 1174.1
1328970 1174.1
1328980 1173.4
1328990 1171.8
1329000 1169.5
1329010 1169.5
1329020 1166.3
1329030 1163.3
1329040 1163.3
1329050 1161.0
1329060 1159.6
1329070 1159.6
1329080 1159.4
1329090 1160.1
1329100 1160.1
1329110 1158.8
1329120 1156.0
1329130 1156.0
1329140 1154.3
1329150 1153.7
1329160 1153.7
1329170 1152.3
1329180 1145.7
1329190 1145.7
1329200 1134.6
1329210 1131.1
1329220 1131.1
1329230 1130.1
1329240 1120.2
1329250 1120.2
1329260 1110.6
1329270 1110.8
1329280 1110.8
1329290 1110.5
1329300 1108.5
1329310 1108.5
1329320 1107.2
1329330 1106.6
1329340 1108.3
1329350 1108.3
1329360 1110.3
1329370 1109.5
1329380 1109.5
1329390 1106.7
1329400 1103.6
1329410 1103.6
1329420 1100.0
1329430 1097.5
1329440 1097.5
1329450 1083.8
1329460 1070.5
1329470 1070.5
1329480 1061.5
1329490 1056.4
1329500 1056.4
1329510 1052.6
1329520 1049.7
1329530 1049.7
1329540 1048.0
1329550 1047.0
1329560 1047.0
1329570 1046.3
1329580 1045.8
1329590 1045.8
1329600 1044.8
1329610 1043.6
1329620 1043.6
1329630 1041.4
1329640 1038.4
1329650 1038.4
1329660 1035.4
1329670 1033.3
1329680 1032.3
1329690 1032.3
1329700 1031.6
1329710 1032.4
1329720 1032.4
1329730 1034.2
1329740 1036.5
1329750 1036.5
1329760 1039.0
1329770 1041.6
1329780 1041.6
1329790 1044.0
1329800 1045.8
1329810 1045.8
1329820 1045.8
1329830 1044.4
1329840 1044.4
1329850 1042.0
1329860 1037.7
1329870 1037.7
1329880 1032.6
1329890 1026.8
1329900 1026.8
1329910 1020.1
1329920 1013.0
1329930 1013.0
1329940 1005.5
1329950 997.7
1329960 997.7
1329970 987.9
1329980 978.7
1329990 978.7
1330000 970.8
1330010 962.4
1330020 954.3
1330030 954.3
1330040 947.7
1330050 944.3
1330060 944.3
1330070 945.6
1330080 948.5
1330090 948.5
1330100 950.8
1330110 952.2
1330120 952.2
1330130 952.3
1330140 949.7
1330150 949.7
1330160 947.5
1330170 946.3
1330180 946.3
1330190 945.5
1330200 944.4
1330210 944.4
1330220 942.6
1330230 939.6
1330240 939.6
1330250 935.6
1330260 932.0
1330270 932.0
1330280 920.8
1330290 918.0
1330300 918.0
1330310 914.7
1330320 911.0
1330330 911.0
1330340 906.2
1330350 901.4
1330360 896.6
1330370 896.6
1330380 892.4
1330390 888.9
1330400 888.9
1330410 886.0
1330420 883.3
1330430 883.3
1330440 880.2
1330450 876.7
1330460 876.7
1330470 873.2
1330480 869.3
1330490 869.3
1330500 865.6
1330510 862.8
1330520 862.8
1330530 860.7
1330540 859.1
1330550 859.1
1330560 857.1
1330570 854.9
1330580 854.9
1330590 852.3
1330600 849.6
1330610 849.6
1330620 845.5
1330630 840.0
1330640 840.0
1330650 834.0
1330660 828.6
1330670 828.6
1330680 824.6
1330690 821.8
1330700 817.8
1330710 817.8
1330720 812.3
1330730 807.1
1330740 807.1
1330750 803.0
1330760 798.0
1330770 798.0
1330780 790.7
1330790 785.9
1330800 785.9
1330810 783.4
1330820 780.8
1330830 780.8
1330840 778.1
1330850 776.7
1330860 776.7
1330870 775.2
1330880 773.0
1330890 773.0
1330900 771.4
1330910 770.4
1330920 770.4
1330930 769.5
1330940 770.1
1330950 770.1
1330960 770.8
1330970 770.6
1330980 770.6
1330990 769.7
1331000 768.4
1331010 768.4
1331020 767.2
1331030 764.0
1331040 758.7
1331050 758.7
1331060 753.4
1331070 753.0
1331080 753.0
1331090 751.6
1331100 749.5
1331110 741.6
1331120 742.0
1331130 741.5
1331140 741.5
1331150 741.1
1331160 740.7
1331170 740.7
1331180 740.3
1331190 740.3
1331200 740.3
1331210 740.1
1331220 738.9
1331230 738.9
1331240 738.3
1331250 739.9
1331260 739.9
1331270 740.1
1331280 740.0
1331290 740.0
1331300 739.4
1331310 737.4
1331320 737.4
1331330 735.9
1331340 733.6
1331350 733.6
1331360 729.1
1331370 723.9
1331380 719.4
1331390 719.4
1331400 714.9
1331410 710.5
1331420 710.5
1331430 705.9
1331440 702.2
1331450 702.2
1331460 698.5
1331470 692.8
1331480 692.8
1331490 687.9
1331500 683.0
1331510 683.0
1331520 679.2
1331530 674.9
1331540 674.9
1331550 670.1
1331560 664.8
1331570 664.8
1331580 659.5
1331590 653.9
1331600 653.9
1331610 648.1
1331620 643.5
1331630 643.5
1331640 638.6
1331650 633.6
1331660 633.6
1331670 629.0
1331680 624.4
1331690 624.4
1331700 619.9
1331710 615.2
1331720 610.3
1331730 610.3
1331740 605.0
1331750 599.5
1331760 599.5
1331770 594.4
1331780 589.2
1331790 589.2
1331800 584.1
1331810 580.3
1331820 580.3
1331830 578.9
1331840 578.5
1331850 578.5
1331860 578.2
1331870 578.9
1331880 578.9
1331890 579.5
1331900 579.9
1331910 579.9
1331920 579.8
1331930 579.7
1331940 579.7
1331950 579.8
1331960 580.0
1331970 580.0
1331980 580.0
1331990 579.8
1332000 579.8
1332010 579.7
1332020 579.6
1332030 579.3
1332040 579.3
1332050 578.5
1332060 576.9
1332070 576.9
1332080 574.6
1332090 572.2
1332100 572.2
1332110 569.3
1332120 566.6
1332130 566.6
1332140 563.9
1332150 562.7
1332160 562.7
1332170 561.5
1332180 561.0
1332190 561.0
1332200 561.1
1332210 561.0
1332220 561.0
1332230 560.9
1332240 561.0
1332250 561.0
1332260 561.1
1332270 561.3
1332280 561.3
1332290 561.5
1332300 561.7
1332310 561.7
1332320 561.4
1332330 560.9
1332340 560.9
1332350 560.3
1332360 559.8
1332370 559.0
1332380 559.0
1332390 558.4
1332400 558.2
1332410 558.2
1332420 557.9
1332430 557.6
1332440 557.6
1332450 558.0
1332460 558.6
1332470 558.6
1332480 558.9
1332490 559.5
1332500 559.5
1332510 560.1
1332520 560.9
1332530 560.9
1332540 561.5
1332550 562.0
1332560 562.0
1332570 561.9
1332580 561.6
1332590 561.6
1332600 561.7
1332610 561.4
1332620 561.4
1332630 560.9
1332640 560.9
1332650 560.9
1332660 561.1
1332670 561.2
1332680 561.2
1332690 561.7
1332700 562.3
1332710 562.2
1332720 562.2
1332730 561.9
1332740 561.6
1332750 561.6
1332760 561.8
1332770 561.5
1332780 561.5
1332790 560.0
1332800 558.9
1332810 558.9
1332820 558.4
1332830 557.3
1332840 557.3
1332850 557.0
1332860 556.4
1332870 556.4
1332880 556.3
1332890 556.2
1332900 556.2
1332910 555.8
1332920 555.2
1332930 555.2
1332940 554.5
1332950 553.6
1332960 553.6
1332970 552.9
1332980 552.3
1332990 552.3
1333000 551.7
1333010 551.1
1333020 551.1
1333030 550.3
1333040 549.6
1333050 549.0
1333060 549.0
1333070 548.6
1333080 548.3
1333090 548.3
1333100 548.0
1333110 547.8
1333120 547.8
1333130 547.6
1333140 547.4
1333150 547.4
1333160 547.1
1333170 547.0
1333180 547.0
1333190 547.0
1333200 547.1
1333210 547.1
1333220 547.1
1333230 547.2
1333240 547.2
1333250 547.0
1333260 547.7
1333270 547.7
1333280 548.7
1333290 549.4
1333300 549.4
1333310 550.0
1333320 551.2
1333330 551.2
1333340 554.7
1333350 556.7
1333360 556.7
1333370 555.7
1333380 555.9
1333390 557.1
1333400 557.1
1333410 558.7
1333420 560.5
1333430 560.5
1333440 563.0
1333450 566.8
1333460 566.8
1333470 571.8
1333480 577.0
1333490 577.0
1333500 581.6
1333510 585.2
1333520 585.2
1333530 588.6
1333540 592.1
1333550 592.1
1333560 595.5
1333570 598.8
1333580 598.8
1333590 601.8
1333600 605.5
1333610 605.5
1333620 610.9
1333630 615.0
1333640 615.0
1333650 617.6
1333660 619.5
1333670 619.5
1333680 622.0
1333690 624.6
1333700 624.6
1333710 626.5
1333720 627.8
1333730 629.0
1333740 629.0
1333750 629.9
1333760 630.9
1333770 630.9
1333780 631.9
1333790 632.7
1333800 632.7
1333810 633.4
1333820 634.4
1333830 634.4
1333840 635.8
1333850 636.7
1333860 636.7
1333870 637.3
1333880 638.0
1333890 638.0
1333900 638.6
1333910 637.1
1333920 637.1
1333930 635.8
1333940 639.4
1333950 639.4
1333960 642.1
1333970 643.3
1333980 643.3
1333990 644.1
1334000 644.4
1334010 644.4
1334020 644.5
1334030 644.1
1334040 644.1
1334050 643.8
1334060 643.9
1334070 644.1
1334080 644.1
1334090 644.2
1334100 644.3
1334110 644.3
1334120 644.2
1334130 644.3
1334140 644.3
1334150 644.4
1334160 644.1
1334170 644.1
1334180 643.3
1334190 642.6
1334200 642.6
1334210 641.6
1334220 640.7
1334230 640.7
1334240 639.7
1334250 638.8
1334260 638.8
1334270 638.2
1334280 637.5
1334290 637.5
1334300 637.1
1334310 636.8
1334320 636.8
1334330 636.5
1334340 636.3
1334350 636.3
1334360 636.1
1334370 636.0
1334380 636.0
1334390 635.9
1334400 635.7
1334410 635.4
1334420 635.4
1334430 635.1
1334440 634.9
1334450 634.9
1334460 634.8
1334470 634.4
1334480 634.7
1334490 633.6
1334500 632.5
1334510 632.5
1334520 631.3
1334530 630.5
1334540 630.5
1334550 629.8
1334560 629.0
1334570 629.0
1334580 628.4
1334590 627.5
1334600 627.5
1334610 626.5
1334620 625.6
1334630 625.6
1334640 624.8
1334650 624.4
1334660 624.4
1334670 624.1
1334680 623.9
1334690 623.9
1334700 623.9
1334710 623.9
1334720 623.9
1334730 624.0
1334740 624.0
1334750 623.9
1334760 623.9
1334770 623.9
1334780 624.0
1334790 624.0
1334800 624.3
1334810 624.6
1334820 624.6
1334830 624.7
1334840 624.6
1334850 624.6
1334860 624.5
1334870 624.3
1334880 624.3
1334890 624.4
1334900 624.7
1334910 624.7
1334920 625.2
1334930 625.4
1334940 625.4
1334950 625.6
1334960 626.1
1334970 626.1
1334980 626.4
1334990 626.6
1335000 626.6
1335010 627.0
1335020 627.2
1335030 627.2
1335040 627.4
1335050 627.9
1335060 628.8
1335070 628.8
1335080 629.5
1335090 629.7
1335100 629.7
1335110 629.1
1335120 629.0
1335130 629.0
1335140 629.5
1335150 629.9
1335160 629.9
1335170 631.6
1335180 632.3
1335190 632.3
1335200 632.0
1335210 631.7
1335220 631.7
1335230 632.4
1335240 634.6
1335250 634.6
1335260 637.9
1335270 640.7
1335280 640.7
1335290 640.2
1335300 637.3
1335310 637.3
1335320 637.1
1335330 639.8
1335340 638.6
1335350 641.4
1335360 644.1
1335370 644.1
1335380 647.5
1335390 650.2
1335400 651.1
1335410 651.1
1335420 651.4
1335430 651.2
1335440 651.2
1335450 650.8
1335460 650.8
1335470 650.8
1335480 650.6
1335490 650.3
1335500 650.3
1335510 649.7
1335520 649.2
1335530 649.2
1335540 648.8
1335550 648.5
1335560 648.5
1335570 648.3
1335580 648.4
1335590 648.4
1335600 648.4
1335610 648.3
1335620 648.3
1335630 648.0
1335640 646.6
1335650 646.6
1335660 645.5
1335670 643.8
1335680 643.8
1335690 644.4
1335700 646.0
1335710 646.0
1335720 646.5
1335730 646.1
1335740 645.6
1335750 645.6
1335760 645.4
1335770 645.3
1335780 645.3
1335790 645.3
1335800 645.3
1335810 645.3
1335820 645.2
1335830 645.2
1335840 645.2
1335850 645.2
1335860 645.0
1335870 645.0
1335880 644.8
1335890 644.7
1335900 644.7
1335910 644.5
1335920 644.4
1335930 644.4
1335940 644.2
1335950 643.7
1335960 643.7
1335970 643.1
1335980 642.4
1335990 642.4
1336000 641.5
1336010 640.5
1336020 640.5
1336030 639.3
1336040 638.4
1336050 638.4
1336060 637.7
1336070 637.5
1336080 637.3
1336090 637.3
1336100 637.2
1336110 637.2
1336120 637.2
1336130 637.1
1336140 636.6
1336150 636.6
1336160 636.2
1336170 636.1
1336180 636.1
1336190 636.1
1336200 637.4
1336210 637.4
1336220 637.5
1336230 637.6
1336240 637.6
1336250 637.5
1336260 637.6
1336270 637.6
1336280 637.9
1336290 638.9
1336300 638.9
1336310 640.1
1336320 641.1
1336330 641.1
1336340 642.0
1336350 642.9
1336360 642.9
1336370 643.8
1336380 644.9
1336390 644.9
1336400 645.7
1336410 646.3
1336420 647.0
1336430 647.0
1336440 647.6
1336450 648.1
1336460 648.1
1336470 648.3
1336480 648.4
1336490 648.4
1336500 648.6
1336510 648.6
1336520 648.6
1336530 648.5
1336540 648.8
1336550 648.8
1336560 649.2
1336570 649.4
1336580 649.4
1336590 649.5
1336600 649.8
1336610 649.8
1336620 649.9
1336630 650.0
1336640 650.0
1336650 650.1
1336660 650.3
1336670 650.3
1336680 650.5
1336690 650.7
1336700 650.7
1336710 650.8
1336720 650.9
1336730 650.9
1336740 651.2
1336750 651.3
1336760 651.4
1336770 651.4
1336780 651.4
1336790 651.3
1336800 651.3
1336810 651.3
1336820 651.2
1336830 651.2
1336840 651.1
1336850 651.0
1336860 651.0
1336870 650.8
1336880 650.8
1336890 650.8
1336900 650.9
1336910 650.7
1336920 650.7
1336930 650.3
1336940 649.8
1336950 649.8
1336960 649.3
1336970 648.7
1336980 648.7
1336990 648.1
1337000 647.3
1337010 647.3
1337020 646.5
1337030 645.5
1337040 645.5
1337050 644.5
1337060 643.5
1337070 642.0
1337080 641.0
1337090 640.0
1337100 639.1
1337110 639.1
1337120 638.0
1337130 637.3
1337140 637.3
1337150 636.9
1337160 636.9
1337170 636.9
1337180 637.3
1337190 637.9
1337200 637.9
1337210 638.6
1337220 638.9
1337230 638.9
1337240 638.6
1337250 638.4
1337260 638.4
1337270 638.4
1337280 638.2
1337290 638.2
1337300 637.9
1337310 637.6
1337320 637.6
1337330 637.4
1337340 637.3
1337350 637.3
1337360 637.0
1337370 636.6
1337380 636.6
1337390 636.5
1337400 636.3
1337410 636.3
1337420 636.1
1337430 635.9
1337440 635.6
1337450 635.6
1337460 635.3
1337470 635.1
1337480 635.1
1337490 634.6
1337500 634.1
1337510 634.1
1337520 633.5
1337530 633.0
1337540 633.0
1337550 632.3
1337560 631.7
1337570 631.7
1337580 631.1
1337590 630.6
1337600 630.6
1337610 630.3
1337620 629.9
1337630 629.9
1337640 629.2
1337650 628.0
1337660 628.0
1337670 626.6
1337680 625.7
1337690 625.7
1337700 624.0
1337710 621.9
1337720 621.9
1337730 619.8
1337740 618.7
1337750 618.7
1337760 619.9
1337770 622.6
1337780 625.4
1337790 625.4
1337800 627.3
1337810 628.4
1337820 628.4
1337830 629.3
1337840 629.8
1337850 629.8
1337860 630.5
1337870 631.4
1337880 631.4
1337890 632.4
1337900 633.3
1337910 633.3
1337920 634.1
1337930 634.8
1337940 635.7
1337950 636.3
1337960 636.9
1337970 636.9
1337980 637.5
1337990 638.1
1338000 638.1
1338010 638.5
1338020 638.9
1338030 638.9
1338040 639.3
1338050 639.6
1338060 639.6
1338070 639.9
1338080 640.3
1338090 640.7
1338100 640.7
1338110 640.9
1338120 641.3
1338130 641.3
1338140 641.2
1338150 640.9
1338160 640.9
1338170 640.9
1338180 640.9
1338190 640.9
1338200 641.1
1338210 641.4
1338220 641.4
1338230 641.5
1338240 641.7
1338250 641.7
1338260 642.1
1338270 642.6
1338280 642.6
1338290 643.1
1338300 643.9
1338310 643.9
1338320 644.8
1338330 645.9
1338340 645.9
1338350 647.2
1338360 648.0
1338370 648.0
1338380 648.9
1338390 649.9
1338400 649.9
1338410 650.7
1338420 651.5
1338430 652.3
1338440 652.3
1338450 652.9
1338460 653.5
1338470 653.5
1338480 653.7
1338490 653.8
1338500 653.8
1338510 653.6
1338520 653.4
1338530 653.4
1338540 653.3
1338550 653.0
1338560 653.0
1338570 652.8
1338580 652.6
1338590 652.6
1338600 652.8
1338610 652.7
1338620 652.7
1338630 652.4
1338640 652.2
1338650 652.2
1338660 652.0
1338670 651.8
1338680 651.8
1338690 651.8
1338700 652.0
1338710 652.0
1338720 652.4
1338730 653.1
1338740 653.1
1338750 654.2
1338760 655.2
1338770 656.2
1338780 656.2
1338790 656.9
1338800 657.6
1338810 656.7
1338820 657.4
1338830 658.1
1338840 658.1
1338850 658.7
1338860 659.4
1338870 659.4
1338880 659.5
1338890 659.4
1338900 659.4
1338910 659.2
1338920 659.2
1338930 659.2
1338940 659.1
1338950 658.9
1338960 658.9
1338970 658.7
1338980 658.7
1338990 658.7
1339000 658.8
1339010 658.6
1339020 658.6
1339030 658.1
1339040 657.5
1339050 657.5
1339060 657.0
1339070 656.6
1339080 656.6
1339090 656.0
1339100 655.1
1339110 653.8
1339120 653.8
1339130 652.5
1339140 651.1
1339150 651.1
1339160 649.8
1339170 648.4
1339180 648.4
1339190 647.2
1339200 645.5
1339210 645.5
1339220 644.2
1339230 643.3
1339240 643.3
1339250 642.3
1339260 641.0
1339270 641.0
1339280 639.8
1339290 638.7
1339300 638.7
1339310 637.6
1339320 636.7
1339330 636.7
1339340 635.3
1339350 633.9
1339360 633.9
1339370 632.5
1339380 631.5
1339390 631.5
1339400 630.3
1339410 628.6
1339420 628.6
1339430 627.2
1339440 626.1
1339450 625.0
1339460 625.0
1339470 624.0
1339480 623.1
1339490 623.1
1339500 622.3
1339510 621.4
1339520 621.4
1339530 620.5
1339540 619.6
1339550 619.6
1339560 618.8
1339570 617.8
1339580 617.8
1339590 616.9
1339600 616.1
1339610 616.1
1339620 615.4
1339630 614.8
1339640 614.8
1339650 614.0
1339660 613.1
1339670 613.1
1339680 611.7
1339690 610.3
1339700 610.6
1339710 609.3
1339720 608.9
1339730 608.9
1339740 607.5
1339750 606.7
1339760 606.7
1339770 607.1
1339780 606.5
1339790 605.5
1339800 605.5
1339810 604.2
1339820 602.6
1339830 602.6
1339840 600.8
1339850 599.3
1339860 599.3
1339870 598.3
1339880 597.8
1339890 597.8
1339900 598.0
1339910 599.6
1339920 599.6
1339930 599.3
1339940 596.4
1339950 596.4
1339960 593.6
1339970 592.0
1339980 592.0
1339990 591.1
