1320000 1343.9
1320010 1342.8
1320020 1342.8
1320030 1341.8
1320040 1340.8
1320050 1346.8
1320060 1345.3
1320070 1343.8
1320080 1343.8
1320090 1342.6
1320100 1342.1
1320110 1342.1
1320120 1341.7
1320130 1340.9
1320140 1340.9
1320150 1338.9
1320160 1337.4
1320170 1335.5
1320180 1335.5
1320190 1332.8
1320200 1329.5
1320210 1329.5
1320220 1326.2
1320230 1322.5
1320240 1322.5
1320250 1318.1
1320260 1316.0
1320270 1316.0
1320280 1315.9
1320290 1315.5
1320300 1315.5
1320310 1314.7
1320320 1314.1
1320330 1314.1
1320340 1314.3
1320350 1314.4
1320360 1314.4
1320370 1313.5
1320380 1311.8
1320390 1311.8
1320400 1310.3
1320410 1309.4
1320420 1309.4
1320430 1307.8
1320440 1305.6
1320450 1305.6
1320460 1302.4
1320470 1298.5
1320480 1298.5
1320490 1293.4
1320500 1288.5
1320510 1283.7
1320520 1283.7
1320530 1279.9
1320540 1276.7
1320550 1276.7
1320560 1274.2
1320570 1271.6
1320580 1271.6
1320590 1268.8
1320600 1265.5
1320610 1265.5
1320620 1261.9
1320630 1257.8
1320640 1257.8
1320650 1252.3
1320660 1245.8
1320670 1245.8
1320680 1238.4
1320690 1231.2
1320700 1231.2
1320710 1224.4
1320720 1218.1
1320730 1218.1
1320740 1211.7
1320750 1206.0
1320760 1206.0
1320770 1200.9
1320780 1196.1
1320790 1196.1
1320800 1191.8
1320810 1187.9
1320820 1183.9
1320830 1177.7
1320840 1173.5
1320850 1169.0
1320860 1169.0
1320870 1163.4
1320880 1157.0
1320890 1157.0
1320900 1150.4
1320910 1144.2
1320920 1144.2
1320930 1137.9
1320940 1131.2
1320950 1131.2
1320960 1124.1
1320970 1116.5
1320980 1116.5
1320990 1109.0
1321000 1101.3
1321010 1101.3
1321020 1093.2
1321030 1086.2
1321040 1086.2
1321050 1078.8
1321060 1071.2
1321070 1071.2
1321080 1062.7
1321090 1054.7
1321100 1054.7
1321110 1047.5
1321120 1041.0
1321130 1041.0
1321140 1035.2
1321150 1029.3
1321160 1023.6
1321170 1023.6
1321180 1019.3
1321190 1015.4
1321200 1015.4
1321210 1011.6
1321220 1008.6
1321230 1008.6
1321240 1004.8
1321250 1000.4
1321260 1000.4
1321270 996.1
1321280 992.1
1321290 992.1
1321300 987.9
1321310 984.0
1321320 984.0
1321330 980.0
1321340 976.8
1321350 976.8
1321360 974.1
1321370 971.1
1321380 971.1
1321390 968.3
1321400 965.2
1321410 965.2
1321420 961.5
1321430 956.7
1321440 956.7
1321450 951.7
1321460 946.9
1321470 946.9
1321480 942.1
1321490 937.5
1321500 932.7
1321510 932.7
1321520 928.5
1321530 924.6
1321540 924.6
1321550 921.1
1321560 917.4
1321570 917.4
1321580 913.6
1321590 909.6
1321600 909.6
1321610 899.3
1321620 895.1
1321630 895.1
1321640 890.7
1321650 886.3
1321660 886.3
1321670 882.1
1321680 877.5
1321690 877.5
1321700 872.9
1321710 869.6
1321720 869.6
1321730 866.6
1321740 864.7
1321750 864.7
1321760 862.5
1321770 860.0
1321780 860.0
1321790 856.6
1321800 853.2
1321810 853.2
1321820 850.0
1321830 846.9
1321840 844.3
1321850 844.3
1321860 841.5
1321870 838.4
1321880 838.4
1321890 835.2
1321900 831.1
1321910 831.1
1321920 825.8
1321930 820.1
1321940 820.1
1321950 814.7
1321960 809.4
1321970 809.4
1321980 803.4
1321990 797.1
1322000 797.1
1322010 790.7
1322020 784.0
1322030 784.0
1322040 777.6
1322050 770.7
1322060 770.7
1322070 762.0
1322080 754.6
1322090 754.6
1322100 745.3
1322110 732.0
1322120 732.0
1322130 724.3
1322140 721.7
1322150 721.7
1322160 712.0
1322170 704.0
1322180 696.2
1322190 696.2
1322200 687.3
1322210 683.3
1322220 683.3
1322230 683.0
1322240 683.0
1322250 683.0
1322260 688.1
1322270 694.9
1322280 694.9
1322290 702.3
1322300 708.5
1322310 708.5
1322320 714.2
1322330 738.8
1322340 738.8
1322350 756.2
1322360 764.4
1322370 764.4
1322380 768.6
1322390 765.7
1322400 760.2
1322410 756.1
1322420 752.6
1322430 752.6
1322440 748.2
1322450 743.0
1322460 743.0
1322470 737.5
1322480 733.2
1322490 733.2
1322500 729.8
1322510 726.6
1322520 722.7
1322530 722.7
1322540 720.9
1322550 718.0
1322560 718.0
1322570 714.5
1322580 710.4
1322590 710.4
1322600 704.5
1322610 695.0
1322620 695.0
1322630 685.2
1322640 675.1
1322650 675.1
1322660 666.0
1322670 657.0
1322680 657.0
1322690 651.3
1322700 649.4
1322710 649.4
1322720 642.5
1322730 632.6
1322740 632.6
1322750 625.4
1322760 616.9
1322770 616.9
1322780 611.8
1322790 612.2
1322800 612.2
1322810 616.0
1322820 624.7
1322830 624.7
1322840 637.9
1322850 644.3
1322860 646.5
1322870 646.5
1322880 647.5
1322890 643.7
1322900 643.7
1322910 641.3
1322920 641.8
1322930 641.8
1322940 643.2
1322950 643.8
1322960 643.8
1322970 645.5
1322980 648.8
1322990 648.8
1323000 652.5
1323010 656.7
1323020 656.7
1323030 662.4
1323040 675.1
1323050 675.1
1323060 697.0
1323070 709.8
1323080 709.8
1323090 716.4
1323100 719.9
1323110 719.9
1323120 726.9
1323130 734.7
1323140 734.7
1323150 741.9
1323160 747.5
1323170 747.5
1323180 752.7
1323190 769.6
1323200 776.4
1323210 776.4
1323220 781.4
1323230 783.4
1323240 783.4
1323250 783.3
1323260 782.9
1323270 782.9
1323280 781.7
1323290 778.6
1323300 778.6
1323310 773.3
1323320 767.5
1323330 767.5
1323340 761.6
1323350 756.1
1323360 756.1
1323370 753.2
1323380 752.5
1323390 752.5
1323400 755.4
1323410 757.7
1323420 757.7
1323430 760.4
1323440 762.5
1323450 762.5
1323460 762.0
1323470 760.1
1323480 760.1
1323490 759.1
1323500 756.9
1323510 756.9
1323520 754.4
1323530 753.0
1323540 751.5
1323550 751.5
1323560 750.5
1323570 750.1
1323580 750.1
1323590 750.5
1323600 751.4
1323610 751.4
1323620 751.1
1323630 749.3
1323640 749.3
1323650 745.5
1323660 741.7
1323670 741.7
1323680 738.6
1323690 735.8
1323700 735.8
1323710 732.8
1323720 729.7
1323730 729.7
1323740 726.6
1323750 722.9
1323760 722.9
1323770 719.0
1323780 716.7
1323790 716.7
1323800 715.4
1323810 714.1
1323820 714.1
1323830 713.7
1323840 713.8
1323850 713.8
1323860 714.0
1323870 713.3
1323880 711.3
1323890 711.3
1323900 710.3
1323910 711.9
1323920 711.9
1323930 715.8
1323940 720.6
1323950 720.6
1323960 726.0
1323970 730.8
1323980 732.3
1323990 736.9
1324000 742.4
1324010 742.4
1324020 747.1
1324030 751.1
1324040 751.1
1324050 754.2
1324060 755.5
1324070 755.5
1324080 757.2
1324090 761.5
1324100 761.5
1324110 763.1
1324120 764.3
1324130 764.3
1324140 765.6
1324150 766.0
1324160 766.0
1324170 766.5
1324180 768.6
1324190 768.6
1324200 770.5
1324210 771.2
1324220 771.1
1324230 771.1
1324240 771.1
1324250 771.2
1324260 771.2
1324270 771.6
1324280 772.4
1324290 772.4
1324300 773.2
1324310 774.4
1324320 774.4
1324330 775.7
1324340 776.3
1324350 776.3
1324360 777.9
1324370 779.6
1324380 779.6
1324390 780.5
1324400 781.3
1324410 781.3
1324420 781.8
1324430 782.5
1324440 782.5
1324450 783.1
1324460 784.0
1324470 784.0
1324480 785.4
1324490 787.4
1324500 787.4
1324510 789.3
1324520 790.5
1324530 790.5
1324540 791.2
1324550 791.8
1324560 792.4
1324570 792.4
1324580 792.5
1324590 793.0
1324600 793.0
1324610 794.1
1324620 795.5
1324630 795.5
1324640 797.2
1324650 798.9
1324660 798.9
1324670 800.9
1324680 804.0
1324690 804.0
1324700 807.5
1324710 809.7
1324720 809.7
1324730 811.0
1324740 814.0
1324750 814.0
1324760 818.5
1324770 823.4
1324780 827.2
1324790 832.3
1324800 837.3
1324810 837.3
1324820 839.0
1324830 842.4
1324840 842.4
1324850 846.7
1324860 850.5
1324870 850.5
1324880 851.1
1324890 850.0
1324900 854.4
1324910 854.4
1324920 852.6
1324930 848.4
1324940 848.4
1324950 843.4
1324960 838.0
1324970 838.0
1324980 833.0
1324990 828.4
1325000 828.4
1325010 824.1
1325020 820.1
1325030 820.1
1325040 816.3
1325050 812.8
1325060 812.8
1325070 814.4
1325080 818.5
1325090 818.5
1325100 821.9
1325110 826.0
1325120 826.0
1325130 829.6
1325140 833.3
1325150 833.3
1325160 837.7
1325170 844.8
1325180 844.8
1325190 853.5
1325200 862.5
1325210 862.5
1325220 868.4
1325230 872.8
1325240 876.5
1325250 876.5
1325260 879.7
1325270 882.7
1325280 882.7
1325290 885.7
1325300 887.4
1325310 887.4
1325320 887.9
1325330 886.4
1325340 886.4
1325350 883.9
1325360 880.6
1325370 880.6
1325380 876.8
1325390 872.6
1325400 872.6
1325410 866.9
1325420 862.3
1325430 862.3
1325440 856.2
1325450 846.2
1325460 846.2
1325470 838.1
1325480 830.9
1325490 830.9
1325500 824.4
1325510 821.4
1325520 821.4
1325530 823.4
1325540 824.9
1325550 824.9
1325560 827.9
1325570 830.9
1325580 833.2
1325590 834.5
1325600 835.2
1325610 835.2
1325620 835.2
1325630 834.0
1325640 832.6
1325650 832.6
1325660 831.3
1325670 831.2
1325680 831.2
1325690 833.1
1325700 835.0
1325710 835.0
1325720 836.7
1325730 837.9
1325740 837.9
1325750 837.5
1325760 836.8
1325770 836.8
1325780 838.2
1325790 841.3
1325800 841.3
1325810 844.2
1325820 846.2
1325830 846.2
1325840 847.4
1325850 844.7
1325860 844.7
1325870 840.5
1325880 837.2
1325890 837.2
1325900 833.6
1325910 830.5
1325920 826.8
1325930 826.8
1325940 824.6
1325950 829.4
1325960 829.4
1325970 834.9
1325980 841.0
1325990 841.0
1326000 846.7
1326010 851.8
1326020 851.8
1326030 857.7
1326040 863.2
1326050 863.2
1326060 868.5
1326070 873.2
1326080 873.2
1326090 877.8
1326100 882.5
1326110 882.5
1326120 887.7
1326130 893.3
1326140 893.3
1326150 899.2
1326160 904.4
1326170 904.4
1326180 906.3
1326190 906.9
1326200 906.9
1326210 908.0
1326220 907.8
1326230 905.9
1326240 905.9
1326250 904.4
1326260 903.0
1326270 903.0
1326280 901.9
1326290 901.5
1326300 901.5
1326310 900.8
1326320 899.7
1326330 899.7
1326340 898.5
1326350 896.7
1326360 896.7
1326370 893.8
1326380 890.9
1326390 895.7
1326400 894.1
1326410 893.6
1326420 893.6
1326430 894.1
1326440 893.9
1326450 893.9
1326460 893.1
1326470 892.5
1326480 892.5
1326490 893.1
1326500 893.5
1326510 893.5
1326520 893.5
1326530 894.0
1326540 894.0
1326550 894.5
1326560 895.3
1326570 898.2
1326580 898.2
1326590 901.8
1326600 903.8
1326610 903.8
1326620 902.9
1326630 899.8
1326640 899.8
1326650 900.4
1326660 906.6
1326670 906.6
1326680 914.5
1326690 922.8
1326700 922.8
1326710 929.1
1326720 933.8
1326730 933.8
1326740 935.7
1326750 936.1
1326760 936.1
1326770 935.1
1326780 932.7
1326790 932.7
1326800 929.6
1326810 925.1
1326820 925.1
1326830 920.1
1326840 915.3
1326850 915.3
1326860 909.4
1326870 903.9
1326880 903.9
1326890 900.3
1326900 895.7
1326910 891.9
1326920 891.9
1326930 888.4
1326940 886.5
1326950 886.5
1326960 889.5
1326970 893.5
1326980 893.5
1326990 897.4
1327000 903.5
1327010 903.5
1327020 909.4
1327030 914.0
1327040 914.0
1327050 918.7
1327060 923.2
1327070 923.2
1327080 927.6
1327090 931.6
1327100 931.6
1327110 933.9
1327120 936.4
1327130 936.4
1327140 939.2
1327150 941.8
1327160 941.8
1327170 943.3
1327180 944.2
1327190 944.2
1327200 945.8
1327210 946.7
1327220 946.7
1327230 947.4
1327240 948.1
1327250 948.8
1327260 948.8
1327270 949.4
1327280 950.2
1327290 950.2
1327300 951.0
1327310 951.6
1327320 951.6
1327330 952.2
1327340 952.8
1327350 952.8
1327360 953.4
1327370 954.1
1327380 954.1
1327390 954.7
1327400 955.4
1327410 955.4
1327420 956.2
1327430 956.9
1327440 956.9
1327450 957.6
1327460 958.2
1327470 958.2
1327480 958.9
1327490 959.7
1327500 959.7
1327510 960.3
1327520 961.1
1327530 961.1
1327540 962.0
1327550 963.2
1327560 963.2
1327570 964.3
1327580 965.3
1327590 966.3
1327600 966.3
1327610 967.5
1327620 968.7
1327630 968.7
1327640 970.0
1327650 971.2
1327660 971.2
1327670 972.2
1327680 973.2
1327690 973.2
1327700 974.1
1327710 975.3
1327720 975.3
1327730 977.0
1327740 978.8
1327750 978.8
1327760 980.3
1327770 981.8
1327780 981.8
1327790 983.6
1327800 985.4
1327810 985.4
1327820 987.3
1327830 989.3
1327840 989.3
1327850 991.4
1327860 993.4
1327870 993.4
1327880 994.8
1327890 996.0
1327900 996.0
1327910 997.8
1327920 999.7
1327930 1001.6
1327940 1001.6
1327950 1003.6
1327960 1006.0
1327970 1006.0
1327980 1008.9
1327990 1011.0
1328000 1011.0
1328010 1012.4
1328020 1017.0
1328030 1017.0
1328040 1018.8
1328050 1022.1
1328060 1022.1
1328070 1024.4
1328080 1025.8
1328090 1025.8
1328100 1027.4
1328110 1031.1
1328120 1031.1
1328130 1034.7
1328140 1038.0
1328150 1038.0
1328160 1040.8
1328170 1043.7
1328180 1043.7
1328190 1046.8
1328200 1050.0
1328210 1050.0
1328220 1052.7
1328230 1053.6
1328240 1053.6
1328250 1052.9
1328260 1054.5
1328270 1058.0
1328280 1058.0
1328290 1061.2
1328300 1064.7
1328310 1064.7
1328320 1068.3
1328330 1071.5
1328340 1071.5
1328350 1074.8
1328360 1078.1
1328370 1078.1
1328380 1080.6
1328390 1083.2
1328400 1083.2
1328410 1086.1
1328420 1088.1
1328430 1088.1
1328440 1090.5
1328450 1092.9
1328460 1092.9
1328470 1095.2
1328480 1097.8
1328490 1097.8
1328500 1100.4
1328510 1101.4
1328520 1101.4
1328530 1101.3
1328540 1101.6
1328550 1101.6
1328560 1102.0
1328570 1102.5
1328580 1102.5
1328590 1103.3
1328600 1105.0
1328610 1106.1
1328620 1106.1
1328630 1106.9
1328640 1107.6
1328650 1107.6
1328660 1108.4
1328670 1109.1
1328680 1109.1
1328690 1109.7
1328700 1110.3
1328710 1110.3
1328720 1110.9
1328730 1111.5
1328740 1111.5
1328750 1112.3
1328760 1113.0
1328770 1113.0
1328780 1113.7
1328790 1114.4
1328800 1114.4
1328810 1115.2
1328820 1116.3
1328830 1116.3
1328840 1118.5
1328850 1119.5
1328860 1119.5
1328870 1121.1
1328880 1122.7
1328890 1122.7
1328900 1124.0
1328910 1125.7
1328920 1125.7
1328930 1127.5
1328940 1129.4
1328950 1131.0
1328960 1131.0
1328970 1131.1
1328980 1131.2
1328990 1131.2
1329000 1131.2
1329010 1131.4
1329020 1131.4
1329030 1131.6
1329040 1132.0
1329050 1132.0
1329060 1132.4
1329070 1132.9
1329080 1132.9
1329090 1133.8
1329100 1134.3
1329110 1134.3
1329120 1134.8
1329130 1135.6
1329140 1135.6
1329150 1136.7
1329160 1137.0
1329170 1137.0
1329180 1137.5
1329190 1138.7
1329200 1138.7
1329210 1139.4
1329220 1140.0
1329230 1140.0
1329240 1141.0
1329250 1141.9
1329260 1141.9
1329270 1142.4
1329280 1142.9
1329290 1143.1
1329300 1143.1
1329310 1142.6
1329320 1141.5
1329330 1141.5
1329340 1140.1
1329350 1138.3
1329360 1138.3
1329370 1135.7
1329380 1133.7
1329390 1133.7
1329400 1131.6
1329410 1128.8
1329420 1128.8
1329430 1126.5
1329440 1124.5
1329450 1124.5
1329460 1122.7
1329470 1121.3
1329480 1121.3
1329490 1120.2
1329500 1119.6
1329510 1119.6
1329520 1120.1
1329530 1120.7
1329540 1120.7
1329550 1121.0
1329560 1119.4
1329570 1119.4
1329580 1113.3
1329590 1105.6
1329600 1105.6
1329610 1102.6
1329620 1099.6
1329630 1096.9
1329640 1096.9
1329650 1095.4
1329660 1088.1
1329670 1088.1
1329680 1087.8
1329690 1087.9
1329700 1087.9
1329710 1088.7
1329720 1091.1
1329730 1091.1
1329740 1093.8
1329750 1096.3
1329760 1096.3
1329770 1092.8
1329780 1083.0
1329790 1083.0
1329800 1077.1
1329810 1071.9
1329820 1071.9
1329830 1066.8
1329840 1060.6
1329850 1060.6
1329860 1056.2
1329870 1053.5
1329880 1053.5
1329890 1052.8
1329900 1056.0
1329910 1056.0
1329920 1059.0
1329930 1060.9
1329940 1060.9
1329950 1062.9
1329960 1065.5
1329970 1065.5
1329980 1065.5
1329990 1063.7
1330000 1062.9
1330010 1062.9
1330020 1062.1
1330030 1061.3
1330040 1061.3
1330050 1060.7
1330060 1059.3
1330070 1059.3
1330080 1057.2
1330090 1055.6
1330100 1055.6
1330110 1054.2
1330120 1053.6
1330130 1053.6
1330140 1053.4
1330150 1053.2
1330160 1053.2
1330170 1052.6
1330180 1051.4
1330190 1051.4
1330200 1050.5
1330210 1049.6
1330220 1049.6
1330230 1047.6
1330240 1045.7
1330250 1045.7
1330260 1042.4
1330270 1039.1
1330280 1036.6
1330290 1036.6
1330300 1033.8
1330310 1029.9
1330320 1029.9
1330330 1025.2
1330340 1019.4
1330350 1019.4
1330360 1014.4
1330370 1009.0
1330380 1009.0
1330390 1003.3
1330400 999.3
1330410 999.3
1330420 996.8
1330430 995.0
1330440 995.0
1330450 992.2
1330460 987.5
1330470 987.5
1330480 981.6
1330490 972.3
1330500 972.3
1330510 966.2
1330520 963.6
1330530 963.6
1330540 960.6
1330550 957.3
1330560 957.3
1330570 955.0
1330580 953.5
1330590 953.5
1330600 951.2
1330610 948.4
1330620 945.7
1330630 945.7
1330640 945.0
1330650 945.0
1330660 945.0
1330670 945.0
1330680 944.7
1330690 944.7
1330700 944.0
1330710 943.6
1330720 943.6
1330730 943.8
1330740 942.8
1330750 942.8
1330760 940.4
1330770 937.9
1330780 937.9
1330790 936.3
1330800 936.1
1330810 936.1
1330820 935.0
1330830 934.6
1330840 934.6
1330850 934.1
1330860 933.8
1330870 933.8
1330880 933.3
1330890 932.1
1330900 932.1
1330910 931.7
1330920 930.7
1330930 930.7
1330940 929.9
1330950 929.8
1330960 930.8
1330970 930.8
1330980 931.3
1330990 931.7
1331000 931.7
1331010 932.8
1331020 933.8
1331030 933.8
1331040 933.4
1331050 934.3
1331060 934.3
1331070 935.0
1331080 936.0
1331090 936.0
1331100 937.3
1331110 937.8
1331120 937.8
1331130 937.8
1331140 938.3
1331150 938.3
1331160 936.5
1331170 934.7
1331180 934.7
1331190 934.5
1331200 934.3
1331210 934.3
1331220 934.9
1331230 936.6
1331240 936.6
1331250 936.9
1331260 937.0
1331270 937.0
1331280 936.7
1331290 934.8
1331300 932.1
1331310 932.1
1331320 929.8
1331330 923.1
1331340 923.1
1331350 920.5
1331360 918.0
1331370 918.0
1331380 915.6
1331390 912.7
1331400 912.7
1331410 909.5
1331420 905.9
1331430 905.9
1331440 901.8
1331450 898.3
1331460 898.3
1331470 895.4
1331480 891.5
1331490 891.5
1331500 887.4
1331510 882.7
1331520 882.7
1331530 877.0
1331540 871.8
1331550 871.8
1331560 866.9
1331570 862.6
1331580 862.6
1331590 859.3
1331600 856.1
1331610 856.1
1331620 852.7
1331630 849.0
1331640 844.4
1331650 844.4
1331660 839.0
1331670 834.0
1331680 834.0
1331690 829.0
1331700 822.3
1331710 822.3
1331720 814.6
1331730 802.7
1331740 802.7
1331750 783.3
1331760 764.9
1331770 764.9
1331780 742.0
1331790 726.0
1331800 726.0
1331810 715.4
1331820 710.9
1331830 710.9
1331840 713.9
1331850 717.9
1331860 717.9
1331870 722.1
1331880 722.2
1331890 722.2
1331900 713.3
1331910 705.3
1331920 705.3
1331930 700.1
1331940 692.2
1331950 692.2
1331960 684.0
1331970 679.1
1331980 673.2
1331990 673.2
1332000 666.9
1332010 660.8
1332020 660.8
1332030 653.0
1332040 646.0
1332050 646.0
1332060 640.5
1332070 635.9
1332080 635.9
1332090 630.4
1332100 625.1
1332110 625.1
1332120 619.7
1332130 613.7
1332140 613.7
1332150 608.7
1332160 602.5
1332170 595.0
1332180 588.2
1332190 582.7
1332200 582.7
1332210 580.8
1332220 579.0
1332230 579.0
1332240 576.4
1332250 574.9
1332260 574.9
1332270 575.0
1332280 575.1
1332290 575.1
1332300 575.4
1332310 575.7
1332320 576.2
1332330 576.2
1332340 576.6
1332350 577.0
1332360 577.0
1332370 577.4
1332380 578.1
1332390 578.1
1332400 578.7
1332410 579.3
1332420 579.3
1332430 579.7
1332440 579.9
1332450 579.9
1332460 580.1
1332470 580.7
1332480 580.7
1332490 581.4
1332500 581.6
1332510 581.6
1332520 581.5
1332530 580.6
1332540 580.6
1332550 580.0
1332560 579.7
1332570 579.7
1332580 579.5
1332590 579.1
1332600 579.1
1332610 579.1
1332620 579.4
1332630 579.4
1332640 579.7
1332650 578.6
1332660 579.3
1332670 579.3
1332680 579.6
1332690 579.4
1332700 579.4
1332710 578.0
1332720 577.5
1332730 577.5
1332740 577.6
1332750 577.2
1332760 577.2
1332770 577.1
1332780 576.8
1332790 576.8
1332800 576.6
1332810 576.3
1332820 576.3
1332830 576.1
1332840 576.0
1332850 576.0
1332860 575.7
1332870 575.1
1332880 575.1
1332890 575.3
1332900 575.2
1332910 575.2
1332920 574.7
1332930 573.9
1332940 573.9
1332950 573.5
1332960 573.1
1332970 573.1
1332980 572.8
1332990 572.6
1333000 571.8
1333010 570.9
1333020 570.2
1333030 569.5
1333040 569.5
1333050 568.3
1333060 567.2
1333070 567.2
1333080 566.2
1333090 565.6
1333100 565.6
1333110 565.5
1333120 565.3
1333130 565.3
1333140 564.4
1333150 563.3
1333160 563.3
1333170 562.3
1333180 561.5
1333190 561.5
1333200 560.8
1333210 560.0
1333220 560.0
1333230 559.5
1333240 559.0
1333250 559.0
1333260 558.7
1333270 560.9
1333280 560.9
1333290 566.4
1333300 570.9
1333310 570.9
1333320 574.7
1333330 577.8
1333340 579.9
1333350 579.9
1333360 580.8
1333370 581.3
1333380 581.3
1333390 586.2
1333400 590.9
1333410 590.9
1333420 592.4
1333430 594.0
1333440 594.0
1333450 597.6
1333460 600.6
1333470 600.6
1333480 603.0
1333490 604.7
1333500 604.7
1333510 608.0
1333520 611.0
1333530 611.0
1333540 613.1
1333550 615.0
1333560 615.0
1333570 618.9
1333580 623.3
1333590 623.3
1333600 626.5
1333610 629.5
1333620 629.5
1333630 632.1
1333640 634.4
1333650 634.4
1333660 636.5
1333670 638.5
1333680 639.8
1333690 639.8
1333700 640.7
1333710 641.6
1333720 641.6
1333730 641.8
1333740 642.2
1333750 642.2
1333760 642.8
1333770 643.8
1333780 643.8
1333790 645.1
1333800 646.4
1333810 646.4
1333820 647.7
1333830 648.8
1333840 648.8
1333850 647.9
1333860 648.6
1333870 648.6
1333880 649.3
1333890 649.9
1333900 649.9
1333910 650.8
1333920 651.4
1333930 651.4
1333940 651.6
1333950 651.7
1333960 651.7
1333970 651.7
1333980 651.3
1333990 651.3
1334000 650.8
1334010 650.1
1334020 649.4
1334030 649.4
1334040 648.6
1334050 647.9
1334060 647.9
1334070 647.6
1334080 647.7
1334090 647.7
1334100 648.0
1334110 648.4
1334120 648.4
1334130 649.1
1334140 650.1
1334150 650.1
1334160 651.1
1334170 651.7
1334180 651.7
1334190 652.3
1334200 653.1
1334210 653.1
1334220 653.4
1334230 653.9
1334240 653.9
1334250 654.3
1334260 654.4
1334270 654.4
1334280 654.7
1334290 654.6
1334300 654.6
1334310 654.6
1334320 654.6
1334330 654.6
1334340 654.5
1334350 654.3
1334360 654.0
1334370 654.0
1334380 653.3
1334390 653.6
1334400 653.6
1334410 653.9
1334420 653.9
1334430 653.9
1334440 653.4
1334450 652.9
1334460 652.9
1334470 652.5
1334480 652.2
1334490 652.2
1334500 651.7
1334510 651.2
1334520 651.2
1334530 650.9
1334540 650.9
1334550 650.9
1334560 651.1
1334570 651.5
1334580 651.5
1334590 651.9
1334600 652.2
1334610 652.2
1334620 652.5
1334630 652.4
1334640 652.4
1334650 652.0
1334660 651.3
1334670 650.8
1334680 650.8
1334690 650.2
1334700 647.5
1334710 647.5
1334720 646.9
1334730 646.3
1334740 646.3
1334750 645.3
1334760 644.3
1334770 644.3
1334780 644.4
1334790 644.6
1334800 644.6
1334810 643.8
1334820 642.7
1334830 642.7
1334840 641.4
1334850 640.5
1334860 640.5
1334870 639.2
1334880 636.8
1334890 636.8
1334900 634.4
1334910 632.0
1334920 632.0
1334930 629.2
1334940 626.5
1334950 626.5
1334960 624.3
1334970 622.9
1334980 622.9
1334990 622.2
1335000 621.8
1335010 621.6
1335020 621.6
1335030 621.5
1335040 621.5
1335050 621.5
1335060 621.6
1335070 621.5
1335080 621.5
1335090 621.5
1335100 621.5
1335110 621.5
1335120 621.5
1335130 621.5
1335140 621.5
1335150 621.5
1335160 621.5
1335170 621.5
1335180 621.5
1335190 621.5
1335200 621.5
1335210 621.6
1335220 621.6
1335230 621.6
1335240 621.6
1335250 621.6
1335260 621.6
1335270 621.6
1335280 621.6
1335290 621.6
1335300 621.6
1335310 621.5
1335320 621.5
1335330 621.4
1335340 621.5
1335350 621.5
1335360 621.5
1335370 621.4
1335380 621.4
1335390 621.4
1335400 621.3
1335410 621.2
1335420 621.2
1335430 621.1
1335440 621.7
1335450 621.7
1335460 622.9
1335470 624.5
1335480 624.5
1335490 625.8
1335500 626.6
1335510 626.6
1335520 627.0
1335530 627.4
1335540 627.4
1335550 627.6
1335560 628.0
1335570 628.0
1335580 628.1
1335590 628.3
1335600 628.3
1335610 629.3
1335620 630.1
1335630 630.1
1335640 630.9
1335650 631.6
1335660 631.6
1335670 632.0
1335680 632.4
1335690 632.9
1335700 632.9
1335710 632.9
1335720 632.7
1335730 632.7
1335740 632.5
1335750 632.4
1335760 632.4
1335770 632.4
1335780 632.3
1335790 632.3
1335800 631.9
1335810 631.4
1335820 631.4
1335830 630.9
1335840 630.3
1335850 630.3
1335860 629.5
1335870 628.4
1335880 628.4
1335890 628.0
1335900 627.5
1335910 627.5
1335920 627.7
1335930 629.1
1335940 629.1
1335950 630.0
1335960 630.4
1335970 630.4
1335980 631.0
1335990 631.6
1336000 631.6
1336010 632.2
1336020 632.6
1336030 632.7
1336040 632.7
1336050 633.0
1336060 633.6
1336070 633.6
1336080 634.3
1336090 635.0
1336100 635.0
1336110 635.8
1336120 636.5
1336130 636.5
1336140 637.1
1336150 637.7
1336160 637.7
1336170 638.4
1336180 639.0
1336190 639.0
1336200 639.6
1336210 640.0
1336220 640.0
1336230 640.2
1336240 640.2
1336250 640.2
1336260 640.3
1336270 640.6
1336280 640.6
1336290 641.1
1336300 641.5
1336310 641.5
1336320 641.9
1336330 642.4
1336340 642.4
1336350 642.9
1336360 643.6
1336370 644.5
1336380 644.5
1336390 645.2
1336400 645.9
1336410 645.9
1336420 647.4
1336430 648.1
1336440 648.1
1336450 648.5
1336460 648.8
1336470 648.8
1336480 649.3
1336490 650.3
1336500 650.3
1336510 651.5
1336520 652.3
1336530 652.3
1336540 652.7
1336550 653.2
1336560 653.2
1336570 653.6
1336580 653.8
1336590 653.8
1336600 654.2
1336610 654.7
1336620 654.7
1336630 655.0
1336640 655.2
1336650 655.2
1336660 655.3
1336670 655.3
1336680 655.3
1336690 655.2
1336700 654.8
1336710 654.3
1336720 654.3
1336730 653.5
1336740 652.3
1336750 652.3
1336760 650.7
1336770 648.9
1336780 648.9
1336790 647.3
1336800 646.0
1336810 646.0
1336820 644.7
1336830 643.7
1336840 643.7
1336850 643.2
1336860 642.9
1336870 642.9
1336880 643.0
1336890 643.1
1336900 643.1
1336910 643.3
1336920 643.5
1336930 643.5
1336940 643.6
1336950 643.6
1336960 643.6
1336970 643.5
1336980 643.5
1336990 643.5
1337000 643.6
1337010 643.7
1337020 643.7
1337030 644.0
1337040 644.3
1337050 644.5
1337060 644.5
1337070 644.7
1337080 644.7
1337090 644.7
1337100 644.8
1337110 644.7
1337120 644.7
1337130 644.6
1337140 644.4
1337150 644.4
1337160 644.2
1337170 643.9
1337180 643.9
1337190 643.5
1337200 643.2
1337210 643.2
1337220 642.9
1337230 642.6
1337240 642.6
1337250 642.3
1337260 641.9
1337270 641.9
1337280 641.6
1337290 641.6
1337300 641.6
1337310 641.3
1337320 641.0
1337330 641.0
1337340 640.7
1337350 640.4
1337360 640.4
1337370 640.1
1337380 639.9
1337390 639.6
1337400 639.6
1337410 639.3
1337420 639.0
1337430 639.0
1337440 638.7
1337450 638.6
1337460 638.6
1337470 638.6
1337480 638.6
1337490 638.6
1337500 638.7
1337510 638.7
1337520 638.7
1337530 638.8
1337540 639.0
1337550 639.0
1337560 639.2
1337570 639.5
1337580 639.5
1337590 639.7
1337600 640.0
1337610 640.0
1337620 640.4
1337630 640.8
1337640 640.8
1337650 641.0
1337660 641.3
1337670 641.3
1337680 641.4
1337690 641.8
1337700 641.8
1337710 642.5
1337720 642.8
1337730 643.4
1337740 643.4
1337750 643.9
1337760 644.1
1337770 644.1
1337780 644.3
1337790 644.3
1337800 644.3
1337810 644.4
1337820 644.4
1337830 644.4
1337840 644.3
1337850 644.3
1337860 644.3
1337870 644.3
1337880 644.2
1337890 644.2
1337900 644.1
1337910 644.1
1337920 644.1
1337930 644.0
1337940 644.0
1337950 644.0
1337960 644.0
1337970 644.0
1337980 644.0
1337990 644.1
1338000 644.3
1338010 644.3
1338020 644.5
1338030 644.6
1338040 644.6
1338050 644.8
1338060 645.0
1338070 645.2
1338080 645.2
1338090 645.3
1338100 645.5
1338110 645.5
1338120 645.6
1338130 645.5
1338140 645.5
1338150 645.3
1338160 643.8
1338170 643.8
1338180 643.3
1338190 642.9
1338200 642.9
1338210 642.5
1338220 642.2
1338230 642.2
1338240 642.2
1338250 642.4
1338260 642.4
1338270 642.3
1338280 641.9
1338290 641.9
1338300 641.8
1338310 641.9
1338320 641.9
1338330 642.2
1338340 642.8
1338350 642.8
1338360 643.8
1338370 644.7
1338380 644.7
1338390 645.6
1338400 646.5
1338410 647.4
1338420 647.4
1338430 648.2
1338440 648.8
1338450 648.8
1338460 649.4
1338470 650.0
1338480 650.0
1338490 650.5
1338500 650.9
1338510 650.9
1338520 651.4
1338530 651.9
1338540 651.9
1338550 652.4
1338560 653.2
1338570 653.2
1338580 654.3
1338590 655.5
1338600 655.5
1338610 656.2
1338620 656.8
1338630 656.8
1338640 657.3
1338650 658.0
1338660 658.0
1338670 658.5
1338680 658.8
1338690 658.8
1338700 659.4
1338710 659.9
1338720 659.9
1338730 660.1
1338740 660.7
1338750 661.2
1338760 661.2
1338770 661.5
1338780 661.9
1338790 661.9
1338800 662.5
1338810 663.0
1338820 663.0
1338830 663.3
1338840 663.7
1338850 663.7
1338860 664.3
1338870 665.0
1338880 665.0
1338890 665.9
1338900 666.7
1338910 666.7
1338920 667.4
1338930 668.2
1338940 668.2
1338950 668.8
1338960 669.5
1338970 669.5
1338980 670.1
1338990 670.9
1339000 670.9
1339010 671.8
1339020 672.6
1339030 672.6
1339040 674.5
1339050 675.2
1339060 675.8
1339070 675.8
1339080 676.5
1339090 677.3
1339100 677.3
1339110 678.0
1339120 678.6
1339130 678.6
1339140 679.1
1339150 679.7
1339160 679.7
1339170 680.0
1339180 680.2
1339190 680.2
1339200 680.3
1339210 680.4
1339220 680.4
1339230 680.4
1339240 680.3
1339250 680.3
1339260 680.2
1339270 680.0
1339280 680.0
1339290 680.0
1339300 680.3
1339310 680.3
1339320 680.4
1339330 679.7
1339340 679.7
1339350 679.5
1339360 678.9
1339370 678.9
1339380 678.4
1339390 677.9
1339400 677.4
1339410 677.4
1339420 676.9
1339430 676.4
1339440 676.4
1339450 676.0
1339460 675.6
1339470 675.6
1339480 675.2
1339490 674.7
1339500 674.7
1339510 674.3
1339520 674.1
1339530 674.1
1339540 674.0
1339550 674.0
1339560 674.0
1339570 674.1
1339580 674.4
1339590 674.4
1339600 674.6
1339610 674.6
1339620 674.6
1339630 674.6
1339640 674.4
1339650 674.4
1339660 674.2
1339670 674.3
1339680 674.3
1339690 674.4
1339700 674.0
1339710 674.0
1339720 673.4
1339730 672.5
1339740 671.8
1339750 671.8
1339760 671.3
1339770 669.7
1339780 669.7
1339790 668.4
1339800 667.3
1339810 667.3
1339820 666.1
1339830 664.8
1339840 664.8
1339850 663.4
1339860 662.2
1339870 662.2
1339880 661.1
1339890 660.2
1339900 660.2
1339910 659.5
1339920 655.7
1339930 655.7
1339940 654.6
1339950 653.3
1339960 653.3
1339970 652.4
1339980 651.2
1339990 651.2
