1320000 1303.1
1320010 1301.8
1320020 1300.0
1320030 1300.0
1320040 1297.1
1320050 1294.9
1320060 1294.9
1320070 1293.4
1320080 1293.7
1320090 1293.7
1320100 1294.4
1320110 1295.0
1320120 1295.0
1320130 1295.5
1320140 1295.8
1320150 1295.8
1320160 1295.8
1320170 1295.8
1320180 1295.8
1320190 1295.8
1320200 1295.6
1320210 1295.6
1320220 1294.3
1320230 1291.5
1320240 1291.5
1320250 1288.7
1320260 1287.6
1320270 1287.6
1320280 1288.3
1320290 1288.5
1320300 1288.5
1320310 1288.6
1320320 1289.1
1320330 1289.7
1320340 1289.7
1320350 1289.7
1320360 1288.8
1320370 1288.8
1320380 1287.1
1320390 1284.6
1320400 1284.6
1320410 1281.6
1320420 1278.9
1320430 1278.9
1320440 1276.4
1320450 1274.2
1320460 1274.2
1320470 1270.6
1320480 1266.1
1320490 1266.1
1320500 1261.4
1320510 1257.5
1320520 1257.5
1320530 1254.3
1320540 1251.1
1320550 1251.1
1320560 1247.5
1320570 1243.4
1320580 1243.4
1320590 1239.7
1320600 1236.7
1320610 1236.7
1320620 1234.4
1320630 1232.0
1320640 1232.0
1320650 1233.4
1320660 1230.1
1320670 1225.7
1320680 1225.7
1320690 1221.0
1320700 1216.1
1320710 1216.1
1320720 1210.4
1320730 1204.2
1320740 1204.2
1320750 1197.7
1320760 1191.3
1320770 1191.3
1320780 1185.7
1320790 1181.4
1320800 1181.4
1320810 1178.3
1320820 1175.2
1320830 1175.2
1320840 1171.6
1320850 1168.4
1320860 1168.4
1320870 1166.2
1320880 1163.4
1320890 1163.4
1320900 1159.4
1320910 1154.3
1320920 1154.3
1320930 1148.5
1320940 1143.0
1320950 1143.0
1320960 1138.1
1320970 1133.0
1320980 1133.0
1320990 1127.6
1321000 1122.0
1321010 1116.4
1321020 1116.4
1321030 1111.5
1321040 1106.9
1321050 1106.9
1321060 1102.7
1321070 1098.8
1321080 1098.8
1321090 1095.2
1321100 1091.7
1321110 1091.7
1321120 1087.6
1321130 1082.2
1321140 1082.2
1321150 1077.1
1321160 1071.5
1321170 1071.5
1321180 1064.9
1321190 1058.9
1321200 1058.9
1321210 1053.3
1321220 1048.4
1321230 1048.4
1321240 1044.0
1321250 1040.5
1321260 1040.5
1321270 1036.8
1321280 1032.0
1321290 1032.0
1321300 1027.4
1321310 1024.2
1321320 1024.2
1321330 1022.3
1321340 1019.5
1321350 1016.9
1321360 1016.9
1321370 1013.5
1321380 1010.0
1321390 1010.0
1321400 1006.6
1321410 1002.7
1321420 1002.7
1321430 1000.9
1321440 997.0
1321450 997.0
1321460 992.7
1321470 986.6
1321480 986.6
1321490 979.1
1321500 971.0
1321510 971.0
1321520 962.7
1321530 954.7
1321540 954.7
1321550 947.5
1321560 941.0
1321570 941.0
1321580 934.3
1321590 927.0
1321600 927.0
1321610 919.7
1321620 912.0
1321630 912.0
1321640 904.2
1321650 897.4
1321660 897.4
1321670 891.8
1321680 886.4
1321690 881.2
1321700 881.2
1321710 874.4
1321720 863.3
1321730 863.3
1321740 850.4
1321750 840.4
1321760 840.4
1321770 833.5
1321780 826.6
1321790 826.6
1321800 816.5
1321810 806.2
1321820 806.2
1321830 797.8
1321840 791.4
1321850 791.4
1321860 785.5
1321870 778.4
1321880 778.4
1321890 773.5
1321900 771.1
1321910 771.1
1321920 769.7
1321930 769.4
1321940 769.4
1321950 769.4
1321960 770.4
1321970 770.4
1321980 769.7
1321990 768.6
1322000 768.6
1322010 765.8
1322020 761.3
1322030 754.8
1322040 754.8
1322050 748.5
1322060 739.7
1322070 739.7
1322080 738.1
1322090 737.8
1322100 737.8
1322110 734.9
1322120 737.4
1322130 737.4
1322140 743.3
1322150 740.2
1322160 740.2
1322170 725.7
1322180 720.0
1322190 720.0
1322200 718.0
1322210 716.2
1322220 710.0
1322230 710.0
1322240 712.6
1322250 712.6
1322260 714.8
1322270 715.7
1322280 715.7
1322290 717.7
1322300 719.4
1322310 719.4
1322320 722.9
1322330 729.3
1322340 729.3
1322350 736.9
1322360 749.3
1322370 769.8
1322380 769.8
1322390 787.6
1322400 797.1
1322410 797.1
1322420 796.0
1322430 792.3
1322440 792.3
1322450 787.9
1322460 783.1
1322470 783.1
1322480 777.9
1322490 772.4
1322500 772.4
1322510 766.7
1322520 760.5
1322530 760.5
1322540 753.8
1322550 747.7
1322560 747.7
1322570 742.0
1322580 735.7
1322590 735.7
1322600 729.1
1322610 726.1
1322620 726.1
1322630 720.7
1322640 714.9
1322650 714.9
1322660 710.3
1322670 706.6
1322680 706.6
1322690 703.1
1322700 700.6
1322710 697.0
1322720 697.0
1322730 692.0
1322740 687.7
1322750 687.7
1322760 688.1
1322770 688.7
1322780 688.7
1322790 686.2
1322800 681.4
1322810 681.4
1322820 676.9
1322830 672.4
1322840 672.4
1322850 672.3
1322860 674.4
1322870 674.4
1322880 677.4
1322890 677.0
1322900 677.0
1322910 677.8
1322920 679.1
1322930 679.1
1322940 677.5
1322950 673.2
1322960 673.2
1322970 668.4
1322980 660.3
1322990 660.3
1323000 635.2
1323010 617.2
1323020 617.2
1323030 616.7
1323040 624.9
1323050 633.0
1323060 633.0
1323070 640.9
1323080 648.9
1323090 648.9
1323100 657.0
1323110 665.7
1323120 665.7
1323130 674.1
1323140 681.7
1323150 681.7
1323160 689.8
1323170 698.2
1323180 698.2
1323190 706.5
1323200 718.6
1323210 718.6
1323220 731.8
1323230 737.0
1323240 737.0
1323250 739.2
1323260 740.0
1323270 740.0
1323280 740.3
1323290 740.1
1323300 740.1
1323310 739.1
1323320 738.0
1323330 738.0
1323340 736.8
1323350 734.9
1323360 733.1
1323370 733.1
1323380 732.9
1323390 734.2
1323400 734.2
1323410 734.9
1323420 734.1
1323430 734.1
1323440 733.0
1323450 731.4
1323460 731.4
1323470 729.7
1323480 727.5
1323490 727.5
1323500 726.4
1323510 724.5
1323520 724.5
1323530 721.9
1323540 716.6
1323550 716.6
1323560 712.2
1323570 710.0
1323580 710.0
1323590 709.0
1323600 709.1
1323610 709.1
1323620 708.4
1323630 707.7
1323640 707.7
1323650 705.9
1323660 703.4
1323670 703.4
1323680 703.0
1323690 703.5
1323700 703.8
1323710 703.8
1323720 703.7
1323730 705.1
1323740 705.1
1323750 706.3
1323760 706.6
1323770 706.6
1323780 708.4
1323790 707.3
1323800 711.1
1323810 705.4
1323820 698.6
1323830 698.6
1323840 691.6
1323850 687.5
1323860 687.5
1323870 686.2
1323880 688.7
1323890 688.7
1323900 694.7
1323910 700.1
1323920 700.1
1323930 705.9
1323940 712.4
1323950 712.4
1323960 718.4
1323970 721.5
1323980 721.5
1323990 722.6
1324000 723.6
1324010 723.6
1324020 723.4
1324030 723.4
1324040 724.7
1324050 724.7
1324060 726.2
1324070 726.8
1324080 726.8
1324090 727.7
1324100 729.0
1324110 729.0
1324120 730.8
1324130 732.3
1324140 732.3
1324150 734.1
1324160 735.9
1324170 735.9
1324180 737.4
1324190 739.0
1324200 739.0
1324210 740.5
1324220 742.0
1324230 742.0
1324240 744.3
1324250 747.0
1324260 747.0
1324270 749.6
1324280 752.0
1324290 752.0
1324300 753.2
1324310 754.4
1324320 754.4
1324330 754.9
1324340 755.4
1324350 755.4
1324360 756.2
1324370 756.8
1324380 757.5
1324390 757.5
1324400 758.3
1324410 759.1
1324420 759.1
1324430 760.5
1324440 761.9
1324450 761.9
1324460 762.7
1324470 763.5
1324480 763.5
1324490 764.7
1324500 765.5
1324510 765.5
1324520 766.0
1324530 767.5
1324540 767.5
1324550 768.7
1324560 769.8
1324570 769.8
1324580 771.4
1324590 773.2
1324600 775.2
1324610 776.4
1324620 777.8
1324630 777.8
1324640 779.4
1324650 780.9
1324660 780.9
1324670 782.0
1324680 783.5
1324690 783.5
1324700 786.0
1324710 789.9
1324720 794.4
1324730 794.4
1324740 797.7
1324750 800.7
1324760 800.7
1324770 802.5
1324780 804.0
1324790 804.0
1324800 806.9
1324810 809.8
1324820 809.8
1324830 814.0
1324840 818.2
1324850 818.2
1324860 822.3
1324870 826.6
1324880 826.6
1324890 827.6
1324900 826.1
1324910 826.1
1324920 821.3
1324930 816.3
1324940 816.3
1324950 812.4
1324960 807.6
1324970 807.6
1324980 802.4
1324990 798.4
1325000 798.4
1325010 796.8
1325020 795.9
1325030 795.9
1325040 795.5
1325050 796.6
1325060 799.4
1325070 799.4
1325080 801.7
1325090 803.9
1325100 803.9
1325110 806.3
1325120 808.9
1325130 808.9
1325140 811.2
1325150 813.7
1325160 813.7
1325170 815.9
1325180 818.8
1325190 818.8
1325200 821.7
1325210 824.7
1325220 824.7
1325230 827.5
1325240 830.1
1325250 830.1
1325260 833.1
1325270 835.2
1325280 835.2
1325290 836.0
1325300 836.1
1325310 836.1
1325320 835.8
1325330 836.3
1325340 836.3
1325350 836.1
1325360 836.1
1325370 836.1
1325380 836.7
1325390 836.9
1325400 838.8
1325410 838.8
1325420 834.8
1325430 829.2
1325440 829.2
1325450 823.7
1325460 820.6
1325470 820.6
1325480 819.2
1325490 814.4
1325500 814.4
1325510 807.1
1325520 798.6
1325530 798.6
1325540 792.9
1325550 794.7
1325560 794.7
1325570 802.5
1325580 810.6
1325590 810.6
1325600 812.4
1325610 809.6
1325620 809.6
1325630 808.9
1325640 809.5
1325650 809.5
1325660 810.2
1325670 811.0
1325680 811.0
1325690 812.7
1325700 813.5
1325710 813.5
1325720 814.1
1325730 813.9
1325740 814.5
1325750 814.5
1325760 816.8
1325770 819.9
1325780 819.9
1325790 819.3
1325800 813.5
1325810 813.5
1325820 807.9
1325830 803.0
1325840 803.0
1325850 803.1
1325860 808.2
1325870 808.2
1325880 814.7
1325890 820.0
1325900 820.0
1325910 823.2
1325920 825.9
1325930 825.9
1325940 828.8
1325950 832.0
1325960 832.0
1325970 833.5
1325980 834.7
1325990 834.7
1326000 836.9
1326010 839.6
1326020 839.6
1326030 843.3
1326040 847.3
1326050 847.3
1326060 850.8
1326070 854.8
1326080 860.0
1326090 860.0
1326100 866.1
1326110 869.4
1326120 869.4
1326130 871.3
1326140 872.9
1326150 872.9
1326160 875.4
1326170 876.8
1326180 876.8
1326190 873.6
1326200 870.9
1326210 878.3
1326220 874.6
1326230 871.3
1326240 871.3
1326250 868.1
1326260 868.2
1326270 868.2
1326280 869.5
1326290 868.5
1326300 868.5
1326310 866.2
1326320 865.7
1326330 865.7
1326340 866.4
1326350 867.4
1326360 867.4
1326370 868.4
1326380 869.6
1326390 869.6
1326400 870.8
1326410 872.0
1326420 872.3
1326430 872.3
1326440 867.9
1326450 864.8
1326460 864.8
1326470 866.8
1326480 870.3
1326490 870.3
1326500 873.8
1326510 876.5
1326520 876.5
1326530 878.8
1326540 880.5
1326550 880.5
1326560 883.1
1326570 886.1
1326580 886.1
1326590 888.1
1326600 889.5
1326610 889.5
1326620 890.2
1326630 889.8
1326640 889.8
1326650 889.3
1326660 889.7
1326670 889.7
1326680 891.2
1326690 893.0
1326700 893.0
1326710 893.8
1326720 891.1
1326730 891.1
1326740 885.8
1326750 880.3
1326760 877.2
1326770 877.2
1326780 875.3
1326790 873.1
1326800 873.1
1326810 869.1
1326820 867.8
1326830 867.8
1326840 866.1
1326850 867.0
1326860 867.0
1326870 871.5
1326880 875.4
1326890 875.4
1326900 877.4
1326910 878.4
1326920 878.4
1326930 879.8
1326940 881.1
1326950 881.1
1326960 882.6
1326970 886.5
1326980 886.5
1326990 892.3
1327000 898.4
1327010 898.4
1327020 903.5
1327030 910.4
1327040 910.4
1327050 916.6
1327060 920.0
1327070 920.0
1327080 919.6
1327090 920.9
1327100 923.7
1327110 923.7
1327120 926.8
1327130 929.5
1327140 929.5
1327150 931.0
1327160 931.7
1327170 931.7
1327180 932.4
1327190 933.3
1327200 933.3
1327210 933.8
1327220 933.7
1327230 933.7
1327240 932.8
1327250 932.1
1327260 932.1
1327270 931.9
1327280 931.3
1327290 931.3
1327300 931.5
1327310 932.4
1327320 932.4
1327330 933.6
1327340 934.4
1327350 934.4
1327360 933.9
1327370 931.5
1327380 931.5
1327390 929.0
1327400 928.2
1327410 928.2
1327420 928.7
1327430 928.0
1327440 929.6
1327450 929.6
1327460 932.0
1327470 933.8
1327480 933.8
1327490 934.0
1327500 937.6
1327510 937.6
1327520 941.4
1327530 943.9
1327540 943.9
1327550 945.8
1327560 949.4
1327570 949.4
1327580 951.9
1327590 953.1
1327600 953.1
1327610 955.3
1327620 957.7
1327630 957.7
1327640 959.2
1327650 960.3
1327660 960.3
1327670 961.2
1327680 962.4
1327690 962.4
1327700 963.8
1327710 965.2
1327720 965.2
1327730 966.3
1327740 967.4
1327750 967.4
1327760 968.7
1327770 969.9
1327780 971.1
1327790 971.1
1327800 972.6
1327810 974.3
1327820 974.3
1327830 977.0
1327840 979.5
1327850 979.5
1327860 983.4
1327870 987.1
1327880 987.1
1327890 989.1
1327900 990.5
1327910 990.5
1327920 992.3
1327930 994.0
1327940 994.0
1327950 995.7
1327960 997.7
1327970 997.7
1327980 999.7
1327990 1001.5
1328000 1001.5
1328010 1002.9
1328020 1004.4
1328030 1004.4
1328040 1006.1
1328050 1007.6
1328060 1007.6
1328070 1009.0
1328080 1011.0
1328090 1011.0
1328100 1013.3
1328110 1016.2
1328120 1018.3
1328130 1018.3
1328140 1020.6
1328150 1022.5
1328160 1022.5
1328170 1024.4
1328180 1026.2
1328190 1026.2
1328200 1029.5
1328210 1031.8
1328220 1031.8
1328230 1034.8
1328240 1037.6
1328250 1037.6
1328260 1040.4
1328270 1043.5
1328280 1043.5
1328290 1046.1
1328300 1048.1
1328310 1048.1
1328320 1050.0
1328330 1051.6
1328340 1051.6
1328350 1052.9
1328360 1054.8
1328370 1054.8
1328380 1057.6
1328390 1060.2
1328400 1060.2
1328410 1062.2
1328420 1064.3
1328430 1064.3
1328440 1065.8
1328450 1066.9
1328460 1068.4
1328470 1068.4
1328480 1069.9
1328490 1071.0
1328500 1071.0
1328510 1071.3
1328520 1072.5
1328530 1072.5
1328540 1074.9
1328550 1077.0
1328560 1077.0
1328570 1078.9
1328580 1080.5
1328590 1080.5
1328600 1081.8
1328610 1082.9
1328620 1082.9
1328630 1084.0
1328640 1085.0
1328650 1087.7
1328660 1088.9
1328670 1089.7
1328680 1089.7
1328690 1090.9
1328700 1092.5
1328710 1092.5
1328720 1093.8
1328730 1095.1
1328740 1095.1
1328750 1096.6
1328760 1098.1
1328770 1099.6
1328780 1099.6
1328790 1101.2
1328800 1103.0
1328810 1103.0
1328820 1104.4
1328830 1106.0
1328840 1106.0
1328850 1107.7
1328860 1108.8
1328870 1108.8
1328880 1110.5
1328890 1112.6
1328900 1112.6
1328910 1114.7
1328920 1116.8
1328930 1116.8
1328940 1119.1
1328950 1121.5
1328960 1121.5
1328970 1123.3
1328980 1125.3
1328990 1125.3
1329000 1127.7
1329010 1130.4
1329020 1130.4
1329030 1131.6
1329040 1132.8
1329050 1132.8
1329060 1134.4
1329070 1136.1
1329080 1136.1
1329090 1137.9
1329100 1139.4
1329110 1140.8
1329120 1140.8
1329130 1142.3
1329140 1144.7
1329150 1144.7
1329160 1147.3
1329170 1149.2
1329180 1149.2
1329190 1150.1
1329200 1150.8
1329210 1150.8
1329220 1151.1
1329230 1151.1
1329240 1151.1
1329250 1151.1
1329260 1150.7
1329270 1150.7
1329280 1151.0
1329290 1151.3
1329300 1151.3
1329310 1151.1
1329320 1150.5
1329330 1150.5
1329340 1149.5
1329350 1148.6
1329360 1148.6
1329370 1146.7
1329380 1144.7
1329390 1144.7
1329400 1142.7
1329410 1140.3
1329420 1140.3
1329430 1137.2
1329440 1132.7
1329450 1128.0
1329460 1128.0
1329470 1121.8
1329480 1118.8
1329490 1118.8
1329500 1116.6
1329510 1114.1
1329520 1114.1
1329530 1111.8
1329540 1109.2
1329550 1109.2
1329560 1107.0
1329570 1105.0
1329580 1105.0
1329590 1104.1
1329600 1103.7
1329610 1103.7
1329620 1103.5
1329630 1102.3
1329640 1102.3
1329650 1100.8
1329660 1100.7
1329670 1100.7
1329680 1101.0
1329690 1101.9
1329700 1101.9
1329710 1102.8
1329720 1103.3
1329730 1103.3
1329740 1102.7
1329750 1101.3
1329760 1101.3
1329770 1100.8
1329780 1100.1
1329790 1099.8
1329800 1099.8
1329810 1098.7
1329820 1096.8
1329830 1096.8
1329840 1093.5
1329850 1092.6
1329860 1092.6
1329870 1095.8
1329880 1099.2
1329890 1099.2
1329900 1102.0
1329910 1105.9
1329920 1105.9
1329930 1110.0
1329940 1113.4
1329950 1113.4
1329960 1115.6
1329970 1113.6
1329980 1113.6
1329990 1111.6
1330000 1109.4
1330010 1109.4
1330020 1106.7
1330030 1104.7
1330040 1104.7
1330050 1102.9
1330060 1100.4
1330070 1100.4
1330080 1097.6
1330090 1094.7
1330100 1094.7
1330110 1092.0
1330120 1089.5
1330130 1087.7
1330140 1087.7
1330150 1087.0
1330160 1086.0
1330170 1086.0
1330180 1084.3
1330190 1079.5
1330200 1079.5
1330210 1075.0
1330220 1071.7
1330230 1071.7
1330240 1069.9
1330250 1069.7
1330260 1069.7
1330270 1068.9
1330280 1066.7
1330290 1066.7
1330300 1059.5
1330310 1054.3
1330320 1054.3
1330330 1047.2
1330340 1042.9
1330350 1042.9
1330360 1037.8
1330370 1034.7
1330380 1034.7
1330390 1032.3
1330400 1031.8
1330410 1031.8
1330420 1031.1
1330430 1029.1
1330440 1029.1
1330450 1025.8
1330460 1021.1
1330470 1019.2
1330480 1019.2
1330490 1017.8
1330500 1017.6
1330510 1017.6
1330520 1017.7
1330530 1017.9
1330540 1017.9
1330550 1018.6
1330560 1019.1
1330570 1019.1
1330580 1019.3
1330590 1018.4
1330600 1018.4
1330610 1015.6
1330620 1013.0
1330630 1013.0
1330640 1010.8
1330650 1009.0
1330660 1009.0
1330670 1007.1
1330680 1004.7
1330690 1004.7
1330700 1002.8
1330710 1000.8
1330720 1000.8
1330730 998.7
1330740 996.8
1330750 996.8
1330760 995.2
1330770 993.8
1330780 993.8
1330790 992.3
1330800 991.3
1330810 990.6
1330820 990.6
1330830 989.1
1330840 988.0
1330850 988.0
1330860 986.9
1330870 987.5
1330880 987.5
1330890 988.3
1330900 989.2
1330910 989.2
1330920 990.4
1330930 991.0
1330940 991.0
1330950 991.2
1330960 990.8
1330970 990.8
1330980 989.2
1330990 987.2
1331000 987.2
1331010 984.7
1331020 983.7
1331030 983.7
1331040 983.0
1331050 981.7
1331060 981.7
1331070 980.0
1331080 978.1
1331090 978.1
1331100 977.1
1331110 976.7
1331120 976.7
1331130 971.8
1331140 970.2
1331150 968.0
1331160 968.0
1331170 966.2
1331180 964.8
1331190 964.8
1331200 963.6
1331210 963.2
1331220 963.2
1331230 963.4
1331240 964.2
1331250 964.2
1331260 965.1
1331270 965.0
1331280 965.0
1331290 965.0
1331300 964.4
1331310 964.4
1331320 963.9
1331330 963.5
1331340 963.5
1331350 962.9
1331360 961.9
1331370 961.9
1331380 960.0
1331390 957.7
1331400 957.7
1331410 955.8
1331420 952.5
1331430 952.5
1331440 949.0
1331450 943.9
1331460 943.9
1331470 938.8
1331480 934.9
1331490 931.7
1331500 931.7
1331510 929.3
1331520 926.7
1331530 926.7
1331540 923.5
1331550 919.8
1331560 919.8
1331570 916.4
1331580 913.3
1331590 913.3
1331600 909.8
1331610 906.1
1331620 906.1
1331630 901.9
1331640 896.9
1331650 896.9
1331660 890.9
1331670 884.3
1331680 884.3
1331690 877.4
1331700 870.0
1331710 870.0
1331720 862.6
1331730 855.8
1331740 855.8
1331750 849.1
1331760 841.8
1331770 841.8
1331780 832.5
1331790 823.8
1331800 823.8
1331810 816.1
1331820 808.3
1331830 800.4
1331840 800.4
1331850 792.9
1331860 787.3
1331870 787.3
1331880 779.9
1331890 771.0
1331900 771.0
1331910 762.2
1331920 754.5
1331930 754.5
1331940 747.0
1331950 739.9
1331960 739.9
1331970 730.6
1331980 723.9
1331990 723.9
1332000 717.3
1332010 710.8
1332020 710.8
1332030 704.4
1332040 698.0
1332050 698.0
1332060 691.2
1332070 683.8
1332080 683.8
1332090 675.1
1332100 666.4
1332110 666.4
1332120 658.8
1332130 651.7
1332140 651.7
1332150 644.9
1332160 638.6
1332170 633.0
1332180 633.0
1332190 626.9
1332200 621.6
1332210 621.6
1332220 617.5
1332230 613.4
1332240 613.4
1332250 608.6
1332260 603.7
1332270 603.7
1332280 599.5
1332290 596.9
1332300 596.9
1332310 595.3
1332320 593.4
1332330 593.4
1332340 591.7
1332350 590.1
1332360 590.1
1332370 588.8
1332380 587.8
1332390 587.8
1332400 587.3
1332410 587.4
1332420 587.4
1332430 587.9
1332440 588.2
1332450 588.2
1332460 588.6
1332470 589.1
1332480 589.1
1332490 589.2
1332500 588.8
1332510 588.2
1332520 588.2
1332530 587.6
1332540 587.3
1332550 587.3
1332560 586.8
1332570 586.0
1332580 586.0
1332590 586.1
1332600 585.9
1332610 585.9
1332620 585.7
1332630 585.6
1332640 585.6
1332650 586.1
1332660 586.6
1332670 586.6
1332680 586.9
1332690 586.6
1332700 586.6
1332710 586.7
1332720 587.0
1332730 587.0
1332740 586.8
1332750 586.6
1332760 586.6
1332770 586.5
1332780 586.5
1332790 586.5
1332800 586.0
1332810 584.6
1332820 584.6
1332830 584.3
1332840 584.1
1332850 583.9
1332860 583.9
1332870 583.5
1332880 582.6
1332890 582.6
1332900 582.0
1332910 582.2
1332920 582.2
1332930 581.3
1332940 580.5
1332950 580.5
1332960 580.4
1332970 579.9
1332980 579.9
1332990 578.9
1333000 577.9
1333010 577.9
1333020 577.2
1333030 576.7
1333040 576.7
1333050 576.3
1333060 575.7
1333070 575.7
1333080 574.7
1333090 573.8
1333100 573.8
1333110 572.7
1333120 571.1
1333130 571.1
1333140 569.8
1333150 568.7
1333160 568.7
1333170 567.9
1333180 567.2
1333190 566.4
1333200 566.4
1333210 565.7
1333220 565.9
1333230 565.9
1333240 570.2
1333250 575.8
1333260 575.8
1333270 579.9
1333280 583.5
1333290 583.5
1333300 587.0
1333310 589.4
1333320 589.4
1333330 591.4
1333340 593.1
1333350 593.1
1333360 594.2
1333370 595.9
1333380 595.9
1333390 599.8
1333400 602.5
1333410 602.5
1333420 604.8
1333430 606.8
1333440 606.8
1333450 609.2
1333460 611.3
1333470 611.3
1333480 613.7
1333490 615.4
1333500 616.7
1333510 616.7
1333520 617.6
1333530 619.2
1333540 619.2
1333550 621.7
1333560 623.8
1333570 623.8
1333580 626.3
1333590 629.1
1333600 629.1
1333610 631.8
1333620 634.3
1333630 634.3
1333640 635.7
1333650 636.5
1333660 637.8
1333670 637.5
1333680 639.2
1333690 639.2
1333700 641.4
1333710 643.7
1333720 643.7
1333730 645.8
1333740 648.4
1333750 648.4
1333760 651.2
1333770 653.6
1333780 653.6
1333790 655.8
1333800 657.6
1333810 657.6
1333820 659.2
1333830 660.6
1333840 661.9
1333850 661.9
1333860 663.0
1333870 664.2
1333880 664.2
1333890 665.2
1333900 666.5
1333910 666.5
1333920 667.8
1333930 668.5
1333940 668.5
1333950 668.7
1333960 668.8
1333970 668.8
1333980 669.1
1333990 669.1
1334000 669.1
1334010 669.1
1334020 669.3
1334030 669.3
1334040 669.7
1334050 670.1
1334060 670.1
1334070 670.2
1334080 670.4
1334090 670.4
1334100 669.7
1334110 669.1
1334120 669.1
1334130 668.5
1334140 668.0
1334150 668.0
1334160 667.4
1334170 667.4
1334180 667.4
1334190 667.4
1334200 666.9
1334210 666.7
1334220 666.7
1334230 666.9
1334240 666.6
1334250 666.6
1334260 665.5
1334270 664.6
1334280 664.6
1334290 663.6
1334300 662.7
1334310 662.7
1334320 662.2
1334330 661.9
1334340 661.9
1334350 661.6
1334360 661.6
1334370 661.6
1334380 661.8
1334390 661.9
1334400 661.9
1334410 661.9
1334420 661.7
1334430 661.7
1334440 661.4
1334450 661.2
1334460 661.2
1334470 661.1
1334480 661.5
1334490 661.5
1334500 662.0
1334510 662.4
1334520 662.8
1334530 662.8
1334540 663.1
1334550 663.4
1334560 663.4
1334570 663.4
1334580 663.3
1334590 663.3
1334600 663.3
1334610 663.1
1334620 663.1
1334630 662.9
1334640 662.6
1334650 662.6
1334660 662.4
1334670 662.0
1334680 662.0
1334690 662.0
1334700 661.8
1334710 661.8
1334720 662.0
1334730 662.1
1334740 662.1
1334750 661.9
1334760 661.4
1334770 661.4
1334780 660.5
1334790 659.5
1334800 659.5
1334810 658.3
1334820 657.5
1334830 657.5
1334840 656.5
1334850 654.9
1334860 652.6
1334870 652.6
1334880 650.2
1334890 648.1
1334900 648.1
1334910 646.1
1334920 644.4
1334930 644.4
1334940 643.1
1334950 641.6
1334960 641.6
1334970 640.3
1334980 639.0
1334990 639.0
1335000 638.1
1335010 637.8
1335020 637.8
1335030 636.8
1335040 636.3
1335050 636.3
1335060 635.6
1335070 634.5
1335080 634.5
1335090 633.4
1335100 632.6
1335110 632.6
1335120 631.2
1335130 629.8
1335140 629.8
1335150 627.9
1335160 626.2
1335170 626.2
1335180 625.2
1335190 624.5
1335200 624.4
1335210 624.4
1335220 624.4
1335230 624.3
1335240 624.3
1335250 624.1
1335260 623.9
1335270 623.9
1335280 623.6
1335290 623.2
1335300 623.2
1335310 623.0
1335320 622.8
1335330 622.8
1335340 622.5
1335350 622.2
1335360 621.6
1335370 621.8
1335380 621.8
1335390 621.8
1335400 621.3
1335410 620.8
1335420 620.8
1335430 620.6
1335440 620.2
1335450 620.2
1335460 619.5
1335470 619.3
1335480 619.3
1335490 619.5
1335500 619.6
1335510 619.6
1335520 619.7
1335530 619.9
1335540 620.3
1335550 620.3
1335560 620.9
1335570 621.4
1335580 621.4
1335590 621.9
1335600 622.5
1335610 622.5
1335620 623.3
1335630 624.3
1335640 624.3
1335650 624.9
1335660 625.4
1335670 625.4
1335680 626.0
1335690 626.6
1335700 626.6
1335710 627.3
1335720 628.3
1335730 628.3
1335740 628.7
1335750 629.7
1335760 629.7
1335770 629.8
1335780 626.7
1335790 626.7
1335800 624.0
1335810 623.8
1335820 623.8
1335830 624.3
1335840 623.7
1335850 623.7
1335860 625.4
1335870 629.2
1335880 631.2
1335890 631.2
1335900 632.0
1335910 632.9
1335920 632.9
1335930 633.0
1335940 633.8
1335950 633.8
1335960 635.0
1335970 635.9
1335980 635.9
1335990 636.6
1336000 637.0
1336010 637.0
1336020 637.2
1336030 637.5
1336040 637.5
1336050 637.9
1336060 638.2
1336070 638.2
1336080 638.4
1336090 638.4
1336100 638.4
1336110 638.3
1336120 638.2
1336130 638.2
1336140 638.2
1336150 638.4
1336160 638.4
1336170 638.7
1336180 639.1
1336190 639.1
1336200 639.5
1336210 639.8
1336220 639.2
1336230 639.2
1336240 639.6
1336250 640.2
1336260 640.2
1336270 641.1
1336280 642.0
1336290 642.0
1336300 642.7
1336310 643.3
1336320 643.3
1336330 643.8
1336340 644.2
1336350 644.2
1336360 644.6
1336370 644.9
1336380 644.9
1336390 645.2
1336400 645.4
1336410 645.4
1336420 645.5
1336430 645.6
1336440 645.6
1336450 645.7
1336460 645.8
1336470 645.8
1336480 645.6
1336490 645.5
1336500 645.5
1336510 645.3
1336520 645.3
1336530 645.3
1336540 645.3
1336550 645.3
1336560 645.2
1336570 645.2
1336580 645.0
1336590 644.8
1336600 644.8
1336610 644.4
1336620 643.9
1336630 643.9
1336640 642.9
1336650 641.4
1336660 641.4
1336670 640.4
1336680 639.9
1336690 639.9
1336700 640.3
1336710 641.6
1336720 641.6
1336730 642.6
1336740 643.0
1336750 643.0
1336760 642.8
1336770 642.5
1336780 642.5
1336790 643.3
1336800 644.1
1336810 644.1
1336820 644.0
1336830 643.3
1336840 643.3
1336850 642.8
1336860 642.8
1336870 642.8
1336880 643.1
1336890 642.6
1336900 641.7
1336910 641.7
1336920 641.6
1336930 639.5
1336940 639.5
1336950 638.0
1336960 640.6
1336970 640.6
1336980 642.7
1336990 644.3
1337000 644.3
1337010 645.9
1337020 646.9
1337030 646.9
1337040 647.8
1337050 648.6
1337060 648.6
1337070 649.5
1337080 649.8
1337090 647.4
1337100 647.1
1337110 646.5
1337120 646.5
1337130 645.9
1337140 645.2
1337150 645.2
1337160 644.3
1337170 643.6
1337180 643.6
1337190 643.1
1337200 642.6
1337210 642.6
1337220 642.2
1337230 641.8
1337240 641.5
1337250 641.5
1337260 641.2
1337270 641.0
1337280 641.0
1337290 640.9
1337300 640.7
1337310 640.7
1337320 640.4
1337330 640.2
1337340 640.2
1337350 640.1
1337360 639.8
1337370 639.8
1337380 639.5
1337390 639.2
1337400 639.2
1337410 638.9
1337420 638.6
1337430 638.6
1337440 638.4
1337450 638.3
1337460 638.3
1337470 638.1
1337480 637.9
1337490 637.9
1337500 637.8
1337510 637.7
1337520 637.7
1337530 637.8
1337540 638.0
1337550 638.0
1337560 638.3
1337570 638.7
1337580 639.1
1337590 639.1
1337600 639.5
1337610 639.7
1337620 639.7
1337630 639.8
1337640 639.7
1337650 639.7
1337660 639.5
1337670 639.3
1337680 639.3
1337690 639.0
1337700 638.8
1337710 638.8
1337720 638.7
1337730 638.8
1337740 638.8
1337750 639.0
1337760 639.3
1337770 639.3
1337780 640.0
1337790 640.7
1337800 640.7
1337810 641.0
1337820 640.8
1337830 640.8
1337840 641.0
1337850 641.8
1337860 641.8
1337870 642.4
1337880 642.7
1337890 642.7
1337900 643.0
1337910 643.6
1337920 644.0
1337930 644.0
1337940 644.3
1337950 644.8
1337960 644.7
1337970 645.0
1337980 645.4
1337990 645.4
1338000 645.5
1338010 645.5
1338020 645.5
1338030 645.2
1338040 645.0
1338050 645.0
1338060 644.8
1338070 644.7
1338080 644.7
1338090 644.7
1338100 644.6
1338110 644.6
1338120 644.7
1338130 645.0
1338140 645.0
1338150 645.3
1338160 645.7
1338170 645.7
1338180 646.0
1338190 646.3
1338200 646.3
1338210 646.4
1338220 646.6
1338230 646.6
1338240 647.0
1338250 647.3
1338260 647.6
1338270 647.6
1338280 647.8
1338290 647.8
1338300 647.8
1338310 647.8
1338320 647.8
1338330 647.8
1338340 647.7
1338350 647.6
1338360 647.6
1338370 647.4
1338380 647.2
1338390 647.2
1338400 646.9
1338410 646.5
1338420 646.5
1338430 646.1
1338440 645.5
1338450 645.5
1338460 644.9
1338470 644.5
1338480 644.5
1338490 644.4
1338500 644.9
1338510 644.9
1338520 646.0
1338530 647.1
1338540 647.1
1338550 647.8
1338560 648.3
1338570 648.3
1338580 648.7
1338590 649.0
1338600 649.3
1338610 649.3
1338620 649.5
1338630 649.7
1338640 649.7
1338650 650.2
1338660 650.7
1338670 650.7
1338680 651.4
1338690 652.3
1338700 652.3
1338710 653.0
1338720 653.8
1338730 653.8
1338740 654.3
1338750 655.0
1338760 655.0
1338770 655.6
1338780 656.1
1338790 656.1
1338800 656.0
1338810 655.8
1338820 655.8
1338830 656.3
1338840 659.7
1338850 659.7
1338860 660.3
1338870 661.0
1338880 661.0
1338890 661.6
1338900 662.2
1338910 662.8
1338920 662.8
1338930 663.3
1338940 664.1
1338950 664.1
1338960 665.0
1338970 665.9
1338980 665.9
1338990 666.9
1339000 667.7
1339010 667.7
1339020 668.6
1339030 669.6
1339040 669.6
1339050 670.3
1339060 671.2
1339070 671.2
1339080 671.9
1339090 672.3
1339100 672.3
1339110 672.6
1339120 673.0
1339130 673.0
1339140 673.3
1339150 673.6
1339160 673.6
1339170 673.9
1339180 674.1
1339190 674.1
1339200 674.4
1339210 674.5
1339220 674.5
1339230 674.7
1339240 675.0
1339250 675.4
1339260 675.4
1339270 676.0
1339280 676.3
1339290 676.3
1339300 676.6
1339310 677.4
1339320 677.4
1339330 678.2
1339340 678.4
1339350 678.4
1339360 678.6
1339370 679.3
1339380 679.3
1339390 679.7
1339400 679.9
1339410 679.9
1339420 680.4
1339430 680.8
1339440 680.8
1339450 680.9
1339460 680.8
1339470 680.8
1339480 680.9
1339490 681.1
1339500 681.1
1339510 681.1
1339520 681.2
1339530 681.2
1339540 681.3
1339550 681.5
1339560 681.5
1339570 681.6
1339580 681.7
1339590 681.7
1339600 681.7
1339610 681.8
1339620 681.9
1339630 681.9
1339640 681.8
1339650 681.6
1339660 681.6
1339670 681.4
1339680 681.2
1339690 681.2
1339700 680.9
1339710 680.6
1339720 680.5
1339730 680.3
1339740 680.4
1339750 680.4
1339760 679.4
1339770 679.0
1339780 679.0
1339790 680.0
1339800 678.9
1339810 678.9
1339820 676.7
1339830 676.5
1339840 676.5
1339850 676.0
1339860 675.4
1339870 675.4
1339880 675.1
1339890 674.3
1339900 674.3
1339910 673.5
1339920 672.7
1339930 671.8
1339940 671.8
1339950 670.9
1339960 669.9
1339970 669.9
1339980 669.0
1339990 668.0
