1320000 1292.9
1320010 1292.9
1320020 1286.7
1320030 1281.5
1320040 1281.5
1320050 1277.8
1320060 1275.1
1320070 1275.1
1320080 1272.4
1320090 1269.4
1320100 1269.4
1320110 1264.9
1320120 1259.2
1320130 1259.2
1320140 1254.9
1320150 1253.1
1320160 1253.1
1320170 1253.3
1320180 1253.1
1320190 1253.1
1320200 1253.9
1320210 1255.5
1320220 1255.5
1320230 1262.9
1320240 1263.3
1320250 1263.3
1320260 1260.7
1320270 1255.2
1320280 1255.2
1320290 1250.1
1320300 1247.8
1320310 1247.8
1320320 1247.0
1320330 1244.8
1320340 1241.1
1320350 1241.1
1320360 1239.2
1320370 1238.9
1320380 1238.9
1320390 1234.5
1320400 1227.4
1320410 1227.4
1320420 1219.9
1320430 1214.6
1320440 1214.6
1320450 1210.1
1320460 1205.6
1320470 1205.6
1320480 1201.5
1320490 1197.5
1320500 1197.5
1320510 1193.2
1320520 1188.8
1320530 1188.8
1320540 1185.1
1320550 1181.2
1320560 1181.2
1320570 1177.5
1320580 1174.2
1320590 1174.2
1320600 1170.4
1320610 1168.1
1320620 1168.1
1320630 1166.8
1320640 1164.8
1320650 1164.8
1320660 1161.4
1320670 1158.2
1320680 1156.2
1320690 1156.2
1320700 1154.1
1320710 1151.9
1320720 1151.9
1320730 1149.6
1320740 1147.4
1320750 1147.4
1320760 1146.1
1320770 1145.3
1320780 1145.3
1320790 1144.7
1320800 1143.7
1320810 1143.7
1320820 1143.0
1320830 1142.5
1320840 1142.5
1320850 1142.1
1320860 1141.6
1320870 1141.6
1320880 1140.8
1320890 1139.8
1320900 1139.8
1320910 1138.9
1320920 1138.2
1320930 1138.2
1320940 1137.2
1320950 1135.9
1320960 1135.9
1320970 1134.6
1320980 1133.6
1320990 1133.6
1321000 1132.9
1321010 1130.6
1321020 1128.9
1321030 1128.9
1321040 1127.5
1321050 1126.8
1321060 1126.8
1321070 1125.3
1321080 1123.3
1321090 1123.3
1321100 1121.3
1321110 1119.6
1321120 1119.6
1321130 1116.6
1321140 1112.8
1321150 1112.8
1321160 1108.2
1321170 1103.2
1321180 1103.2
1321190 1098.8
1321200 1095.0
1321210 1095.0
1321220 1090.5
1321230 1084.0
1321240 1084.0
1321250 1075.7
1321260 1068.7
1321270 1068.7
1321280 1062.6
1321290 1056.4
1321300 1056.4
1321310 1051.1
1321320 1048.7
1321330 1048.7
1321340 1048.9
1321350 1049.5
1321360 1050.6
1321370 1050.6
1321380 1050.2
1321390 1051.2
1321400 1051.2
1321410 1052.8
1321420 1055.7
1321430 1055.7
1321440 1059.4
1321450 1061.3
1321460 1061.3
1321470 1061.0
1321480 1060.0
1321490 1060.0
1321500 1058.5
1321510 1056.9
1321520 1056.9
1321530 1055.2
1321540 1053.7
1321550 1053.7
1321560 1050.3
1321570 1044.9
1321580 1044.9
1321590 1038.7
1321600 1031.9
1321610 1031.9
1321620 1023.4
1321630 1016.9
1321640 1016.9
1321650 1015.6
1321660 1014.2
1321670 1014.2
1321680 1013.1
1321690 1012.4
1321700 1013.3
1321710 1013.3
1321720 1013.3
1321730 1011.4
1321740 1011.4
1321750 1008.6
1321760 1005.5
1321770 1005.5
1321780 1002.5
1321790 998.9
1321800 992.7
1321810 988.3
1321820 984.1
1321830 984.1
1321840 981.1
1321850 979.3
1321860 979.3
1321870 978.5
1321880 978.0
1321890 978.0
1321900 978.1
1321910 976.1
1321920 976.1
1321930 972.1
1321940 967.9
1321950 967.9
1321960 964.9
1321970 963.3
1321980 963.3
1321990 960.8
1322000 957.3
1322010 957.3
1322020 953.4
1322030 951.3
1322040 949.5
1322050 949.5
1322060 947.7
1322070 946.2
1322080 946.2
1322090 946.6
1322100 945.9
1322110 945.9
1322120 943.4
1322130 939.2
1322140 939.2
1322150 935.7
1322160 936.5
1322170 936.5
1322180 937.9
1322190 936.7
1322200 936.7
1322210 936.8
1322220 934.5
1322230 934.5
1322240 930.0
1322250 926.4
1322260 926.4
1322270 925.0
1322280 921.5
1322290 921.5
1322300 919.3
1322310 920.0
1322320 920.0
1322330 921.6
1322340 924.2
1322350 924.2
1322360 926.1
1322370 926.9
1322380 927.5
1322390 927.5
1322400 926.8
1322410 924.5
1322420 924.5
1322430 922.1
1322440 918.9
1322450 918.9
1322460 916.3
1322470 915.4
1322480 915.4
1322490 914.9
1322500 914.8
1322510 914.8
1322520 914.4
1322530 913.8
1322540 913.8
1322550 912.2
1322560 909.5
1322570 909.5
1322580 902.4
1322590 901.1
1322600 901.1
1322610 900.5
1322620 900.0
1322630 900.0
1322640 898.9
1322650 896.7
1322660 896.7
1322670 894.6
1322680 893.1
1322690 893.1
1322700 892.4
1322710 891.9
1322720 891.4
1322730 891.4
1322740 890.6
1322750 888.4
1322760 888.4
1322770 885.4
1322780 882.0
1322790 882.0
1322800 880.3
1322810 879.5
1322820 879.5
1322830 878.6
1322840 876.4
1322850 876.4
1322860 874.3
1322870 872.8
1322880 872.8
1322890 871.6
1322900 871.9
1322910 871.9
1322920 872.2
1322930 871.2
1322940 871.2
1322950 871.4
1322960 871.6
1322970 871.6
1322980 869.7
1322990 866.1
1323000 866.1
1323010 862.3
1323020 861.2
1323030 861.2
1323040 864.1
1323050 867.7
1323060 871.3
1323070 871.3
1323080 876.8
1323090 882.5
1323100 882.5
1323110 886.7
1323120 889.8
1323130 889.8
1323140 893.7
1323150 897.5
1323160 897.5
1323170 900.7
1323180 898.7
1323190 898.7
1323200 893.3
1323210 888.7
1323220 888.7
1323230 886.0
1323240 881.6
1323250 881.6
1323260 877.1
1323270 872.6
1323280 872.6
1323290 868.2
1323300 865.1
1323310 865.1
1323320 862.6
1323330 860.2
1323340 860.2
1323350 857.8
1323360 855.5
1323370 852.2
1323380 850.6
1323390 848.7
1323400 846.5
1323410 846.5
1323420 844.5
1323430 841.3
1323440 841.3
1323450 836.6
1323460 831.6
1323470 831.6
1323480 826.0
1323490 820.9
1323500 820.9
1323510 816.5
1323520 813.1
1323530 813.1
1323540 809.9
1323550 806.4
1323560 806.4
1323570 803.3
1323580 799.7
1323590 799.7
1323600 795.7
1323610 790.6
1323620 790.6
1323630 787.3
1323640 784.0
1323650 784.0
1323660 780.3
1323670 776.8
1323680 776.8
1323690 772.7
1323700 768.7
1323710 768.7
1323720 765.3
1323730 761.9
1323740 757.8
1323750 757.8
1323760 753.1
1323770 749.0
1323780 749.0
1323790 745.2
1323800 741.6
1323810 741.6
1323820 737.5
1323830 733.9
1323840 733.9
1323850 730.3
1323860 723.9
1323870 723.9
1323880 716.3
1323890 711.6
1323900 711.6
1323910 707.6
1323920 703.9
1323930 703.9
1323940 702.1
1323950 701.0
1323960 701.0
1323970 699.2
1323980 697.5
1323990 697.5
1324000 696.1
1324010 692.7
1324020 692.7
1324030 690.1
1324040 688.9
1324050 688.9
1324060 687.7
1324070 687.3
1324080 687.3
1324090 688.1
1324100 689.6
1324110 689.2
1324120 689.2
1324130 688.0
1324140 687.0
1324150 687.0
1324160 686.4
1324170 682.2
1324180 682.2
1324190 680.0
1324200 676.4
1324210 676.4
1324220 674.1
1324230 671.5
1324240 671.5
1324250 666.3
1324260 660.0
1324270 660.0
1324280 655.9
1324290 652.4
1324300 652.4
1324310 648.8
1324320 651.5
1324330 651.5
1324340 659.1
1324350 663.6
1324360 663.6
1324370 664.0
1324380 664.4
1324390 664.4
1324400 666.6
1324410 671.1
1324420 671.1
1324430 675.8
1324440 680.4
1324450 684.5
1324460 684.5
1324470 687.0
1324480 688.7
1324490 688.7
1324500 690.9
1324510 693.4
1324520 693.4
1324530 695.2
1324540 697.0
1324550 697.0
1324560 699.0
1324570 701.1
1324580 701.1
1324590 703.5
1324600 706.6
1324610 706.6
1324620 710.4
1324630 714.6
1324640 714.6
1324650 717.9
1324660 721.3
1324670 721.3
1324680 724.4
1324690 726.9
1324700 726.9
1324710 729.5
1324720 732.7
1324730 732.7
1324740 736.2
1324750 738.6
1324760 738.6
1324770 740.0
1324780 741.0
1324790 741.0
1324800 741.0
1324810 740.1
1324820 742.1
1324830 742.1
1324840 743.8
1324850 742.5
1324860 742.5
1324870 740.9
1324880 739.9
1324890 739.9
1324900 738.8
1324910 741.5
1324920 741.5
1324930 745.7
1324940 750.5
1324950 750.5
1324960 751.8
1324970 742.2
1324980 742.2
1324990 741.9
1325000 740.1
1325010 740.1
1325020 741.8
1325030 748.1
1325040 748.1
1325050 754.4
1325060 755.6
1325070 755.6
1325080 754.7
1325090 753.8
1325100 753.8
1325110 757.6
1325120 765.4
1325130 771.5
1325140 771.5
1325150 777.4
1325160 783.4
1325170 783.4
1325180 787.7
1325190 791.2
1325200 791.2
1325210 794.1
1325220 795.7
1325230 795.7
1325240 796.2
1325250 796.5
1325260 796.5
1325270 797.3
1325280 798.9
1325290 798.9
1325300 800.8
1325310 803.0
1325320 803.0
1325330 805.1
1325340 806.6
1325350 806.6
1325360 806.7
1325370 805.5
1325380 805.5
1325390 803.3
1325400 800.8
1325410 800.8
1325420 798.5
1325430 796.3
1325440 796.3
1325450 795.2
1325460 795.8
1325470 796.9
1325480 796.9
1325490 798.1
1325500 799.2
1325510 799.2
1325520 799.8
1325530 799.3
1325540 799.3
1325550 797.6
1325560 795.4
1325570 795.4
1325580 792.5
1325590 793.7
1325600 793.7
1325610 794.8
1325620 795.7
1325630 795.7
1325640 797.6
1325650 800.4
1325660 800.4
1325670 804.5
1325680 808.7
1325690 808.7
1325700 812.7
1325710 815.6
1325720 815.6
1325730 817.9
1325740 820.1
1325750 820.1
1325760 822.1
1325770 823.7
1325780 823.7
1325790 825.0
1325800 827.6
1325810 829.5
1325820 829.5
1325830 831.6
1325840 834.3
1325850 834.3
1325860 837.8
1325870 841.2
1325880 841.2
1325890 844.4
1325900 846.8
1325910 846.8
1325920 848.5
1325930 849.6
1325940 849.6
1325950 850.4
1325960 851.0
1325970 851.0
1325980 851.7
1325990 852.6
1326000 852.6
1326010 853.7
1326020 855.0
1326030 855.0
1326040 856.4
1326050 857.8
1326060 857.8
1326070 860.0
1326080 862.5
1326090 862.5
1326100 864.3
1326110 865.3
1326120 865.3
1326130 866.2
1326140 867.5
1326150 868.7
1326160 868.7
1326170 869.7
1326180 870.7
1326190 870.7
1326200 870.8
1326210 870.3
1326220 870.3
1326230 871.0
1326240 872.7
1326250 872.7
1326260 874.5
1326270 877.0
1326280 877.0
1326290 880.5
1326300 883.7
1326310 883.7
1326320 886.3
1326330 889.2
1326340 889.2
1326350 892.8
1326360 899.2
1326370 899.2
1326380 905.8
1326390 911.7
1326400 911.7
1326410 917.0
1326420 922.1
1326430 922.1
1326440 924.8
1326450 925.7
1326460 925.7
1326470 926.1
1326480 926.4
1326490 926.0
1326500 926.0
1326510 924.0
1326520 921.0
1326530 921.0
1326540 917.1
1326550 913.2
1326560 913.2
1326570 910.2
1326580 905.8
1326590 905.8
1326600 904.9
1326610 905.4
1326620 905.4
1326630 906.3
1326640 907.5
1326650 907.5
1326660 908.7
1326670 909.6
1326680 909.6
1326690 910.7
1326700 912.1
1326710 912.1
1326720 913.8
1326730 915.7
1326740 915.7
1326750 918.1
1326760 920.6
1326770 920.6
1326780 923.3
1326790 925.6
1326800 925.6
1326810 927.2
1326820 928.2
1326830 929.6
1326840 929.6
1326850 930.6
1326860 930.9
1326870 930.9
1326880 929.9
1326890 929.1
1326900 929.1
1326910 931.1
1326920 933.9
1326930 933.9
1326940 936.7
1326950 941.1
1326960 941.1
1326970 943.9
1326980 944.3
1326990 944.3
1327000 944.3
1327010 944.1
1327020 944.1
1327030 943.9
1327040 943.6
1327050 943.6
1327060 943.3
1327070 942.8
1327080 942.8
1327090 941.2
1327100 937.8
1327110 937.8
1327120 934.9
1327130 930.8
1327140 930.8
1327150 927.6
1327160 925.0
1327170 922.3
1327180 922.3
1327190 919.7
1327200 917.8
1327210 917.8
1327220 917.0
1327230 916.3
1327240 916.3
1327250 915.8
1327260 916.2
1327270 916.2
1327280 916.2
1327290 915.3
1327300 915.3
1327310 913.8
1327320 911.9
1327330 911.9
1327340 910.8
1327350 910.5
1327360 910.5
1327370 910.7
1327380 911.7
1327390 908.9
1327400 906.6
1327410 902.9
1327420 902.9
1327430 899.8
1327440 903.5
1327450 903.5
1327460 913.1
1327470 924.0
1327480 924.0
1327490 933.1
1327500 941.1
1327510 949.2
1327520 949.2
1327530 956.8
1327540 964.2
1327550 964.2
1327560 973.2
1327570 980.5
1327580 980.5
1327590 985.2
1327600 989.6
1327610 989.6
1327620 993.6
1327630 996.5
1327640 996.5
1327650 998.1
1327660 999.4
1327670 999.4
1327680 1001.2
1327690 1003.6
1327700 1003.6
1327710 1005.9
1327720 1008.2
1327730 1008.2
1327740 1010.4
1327750 1012.6
1327760 1012.6
1327770 1014.9
1327780 1016.7
1327790 1016.7
1327800 1018.6
1327810 1020.6
1327820 1020.6
1327830 1022.1
1327840 1023.5
1327850 1025.0
1327860 1025.0
1327870 1026.4
1327880 1027.6
1327890 1027.6
1327900 1028.9
1327910 1030.8
1327920 1030.8
1327930 1032.8
1327940 1034.2
1327950 1034.2
1327960 1036.0
1327970 1038.9
1327980 1038.9
1327990 1041.3
1328000 1044.0
1328010 1044.0
1328020 1046.9
1328030 1049.4
1328040 1049.4
1328050 1051.7
1328060 1053.7
1328070 1053.7
1328080 1055.8
1328090 1058.7
1328100 1058.7
1328110 1062.1
1328120 1065.1
1328130 1065.1
1328140 1068.5
1328150 1072.6
1328160 1072.6
1328170 1076.2
1328180 1079.3
1328190 1082.1
1328200 1082.1
1328210 1083.6
1328220 1087.0
1328230 1087.0
1328240 1090.9
1328250 1095.4
1328260 1095.4
1328270 1099.0
1328280 1102.6
1328290 1102.6
1328300 1106.5
1328310 1110.4
1328320 1110.4
1328330 1113.4
1328340 1115.4
1328350 1115.4
1328360 1115.4
1328370 1116.1
1328380 1116.1
1328390 1118.0
1328400 1121.9
1328410 1121.9
1328420 1126.7
1328430 1131.0
1328440 1131.0
1328450 1135.1
1328460 1139.3
1328470 1139.3
1328480 1143.6
1328490 1147.8
1328500 1147.8
1328510 1152.6
1328520 1160.1
1328530 1169.7
1328540 1169.7
1328550 1178.3
1328560 1187.0
1328570 1187.0
1328580 1195.1
1328590 1202.5
1328600 1202.5
1328610 1209.3
1328620 1215.6
1328630 1215.6
1328640 1221.4
1328650 1226.8
1328660 1226.8
1328670 1231.7
1328680 1235.2
1328690 1235.2
1328700 1237.1
1328710 1240.5
1328720 1240.5
1328730 1248.0
1328740 1255.7
1328750 1255.7
1328760 1263.0
1328770 1269.9
1328780 1269.9
1328790 1272.0
1328800 1276.7
1328810 1276.7
1328820 1284.9
1328830 1291.6
1328840 1291.6
1328850 1298.7
1328860 1305.9
1328870 1312.8
1328880 1312.8
1328890 1319.7
1328900 1326.0
1328910 1326.0
1328920 1331.2
1328930 1336.1
1328940 1336.1
1328950 1340.4
1328960 1344.5
1328970 1344.5
1328980 1348.1
1328990 1352.6
1329000 1352.6
1329010 1357.3
1329020 1362.1
1329030 1358.9
1329040 1363.5
1329050 1367.8
1329060 1367.8
1329070 1371.7
1329080 1376.1
1329090 1376.1
1329100 1380.6
1329110 1384.9
1329120 1384.9
1329130 1388.7
1329140 1391.8
1329150 1391.8
1329160 1394.9
1329170 1399.0
1329180 1399.0
1329190 1403.6
1329200 1408.6
1329210 1412.7
1329220 1412.7
1329230 1417.9
1329240 1422.4
1329250 1422.4
1329260 1427.1
1329270 1430.1
1329280 1430.1
1329290 1432.3
1329300 1434.8
1329310 1434.8
1329320 1437.5
1329330 1439.7
1329340 1439.7
1329350 1439.9
1329360 1440.1
1329370 1440.1
1329380 1441.3
1329390 1441.7
1329400 1441.7
1329410 1442.5
1329420 1443.8
1329430 1443.8
1329440 1445.6
1329450 1448.6
1329460 1448.6
1329470 1450.6
1329480 1452.4
1329490 1452.4
1329500 1455.0
1329510 1457.3
1329520 1457.3
1329530 1459.4
1329540 1461.7
1329550 1464.2
1329560 1464.2
1329570 1467.1
1329580 1469.8
1329590 1469.8
1329600 1470.6
1329610 1471.6
1329620 1471.6
1329630 1473.4
1329640 1473.2
1329650 1473.2
1329660 1472.2
1329670 1470.9
1329680 1470.9
1329690 1468.1
1329700 1464.8
1329710 1464.8
1329720 1463.0
1329730 1464.1
1329740 1464.1
1329750 1467.4
1329760 1468.0
1329770 1468.0
1329780 1468.7
1329790 1469.7
1329800 1469.7
1329810 1469.3
1329820 1468.2
1329830 1468.2
1329840 1465.9
1329850 1462.7
1329860 1459.3
1329870 1456.4
1329880 1452.6
1329890 1449.4
1329900 1449.4
1329910 1446.6
1329920 1443.6
1329930 1443.6
1329940 1441.1
1329950 1439.1
1329960 1439.1
1329970 1437.4
1329980 1436.3
1329990 1436.3
1330000 1435.6
1330010 1434.6
1330020 1434.6
1330030 1434.1
1330040 1434.0
1330050 1434.0
1330060 1435.3
1330070 1437.2
1330080 1437.2
1330090 1439.0
1330100 1440.2
1330110 1440.2
1330120 1441.4
1330130 1443.3
1330140 1443.3
1330150 1445.0
1330160 1447.0
1330170 1447.0
1330180 1448.1
1330190 1448.0
1330200 1448.0
1330210 1447.0
1330220 1445.8
1330230 1445.0
1330240 1445.0
1330250 1444.6
1330260 1444.3
1330270 1444.3
1330280 1443.7
1330290 1443.5
1330300 1443.5
1330310 1443.1
1330320 1442.0
1330330 1442.0
1330340 1439.8
1330350 1437.1
1330360 1437.1
1330370 1437.1
1330380 1438.5
1330390 1438.5
1330400 1435.2
1330410 1433.1
1330420 1433.1
1330430 1435.6
1330440 1442.5
1330450 1442.5
1330460 1443.4
1330470 1442.6
1330480 1442.6
1330490 1442.3
1330500 1445.4
1330510 1445.4
1330520 1445.7
1330530 1445.3
1330540 1445.3
1330550 1447.3
1330560 1448.7
1330570 1448.1
1330580 1448.1
1330590 1446.8
1330600 1445.2
1330610 1445.2
1330620 1443.0
1330630 1441.3
1330640 1441.3
1330650 1439.7
1330660 1437.4
1330670 1437.4
1330680 1434.8
1330690 1426.2
1330700 1426.2
1330710 1424.0
1330720 1421.5
1330730 1421.5
1330740 1418.9
1330750 1416.3
1330760 1416.3
1330770 1414.0
1330780 1412.4
1330790 1412.4
1330800 1411.1
1330810 1409.5
1330820 1409.5
1330830 1407.7
1330840 1405.6
1330850 1405.6
1330860 1402.9
1330870 1399.7
1330880 1399.7
1330890 1396.3
1330900 1392.5
1330910 1389.0
1330920 1389.0
1330930 1385.3
1330940 1381.7
1330950 1381.7
1330960 1378.4
1330970 1375.0
1330980 1375.0
1330990 1371.8
1331000 1368.2
1331010 1368.2
1331020 1364.4
1331030 1360.5
1331040 1360.5
1331050 1356.6
1331060 1352.9
1331070 1352.9
1331080 1349.5
1331090 1345.6
1331100 1345.6
1331110 1340.4
1331120 1332.9
1331130 1332.9
1331140 1323.3
1331150 1314.0
1331160 1314.0
1331170 1303.9
1331180 1295.0
1331190 1295.0
1331200 1286.9
1331210 1280.0
1331220 1280.0
1331230 1274.0
1331240 1269.0
1331250 1264.7
1331260 1264.7
1331270 1261.0
1331280 1257.1
1331290 1257.1
1331300 1252.3
1331310 1246.0
1331320 1246.0
1331330 1239.1
1331340 1233.3
1331350 1233.3
1331360 1228.0
1331370 1221.2
1331380 1221.2
1331390 1214.5
1331400 1207.7
1331410 1207.7
1331420 1201.0
1331430 1194.5
1331440 1194.5
1331450 1187.9
1331460 1180.8
1331470 1180.8
1331480 1173.3
1331490 1166.1
1331500 1166.1
1331510 1157.3
1331520 1150.2
1331530 1150.2
1331540 1138.2
1331550 1129.2
1331560 1129.2
1331570 1121.0
1331580 1113.6
1331590 1106.1
1331600 1106.1
1331610 1098.3
1331620 1091.8
1331630 1091.8
1331640 1087.7
1331650 1083.6
1331660 1083.6
1331670 1078.9
1331680 1074.0
1331690 1074.0
1331700 1068.2
1331710 1061.0
1331720 1061.0
1331730 1051.8
1331740 1042.2
1331750 1042.2
1331760 1032.5
1331770 1022.1
1331780 1022.1
1331790 1012.1
1331800 1002.8
1331810 1002.8
1331820 993.7
1331830 985.1
1331840 985.1
1331850 976.5
1331860 967.8
1331870 967.8
1331880 959.0
1331890 950.5
1331900 950.5
1331910 941.8
1331920 933.1
1331930 925.5
1331940 925.5
1331950 917.1
1331960 906.0
1331970 906.0
1331980 897.0
1331990 888.1
1332000 888.1
1332010 879.5
1332020 870.7
1332030 870.7
1332040 860.9
1332050 850.0
1332060 850.0
1332070 841.3
1332080 834.8
1332090 834.8
1332100 827.7
1332110 818.4
1332120 818.4
1332130 808.4
1332140 795.5
1332150 795.5
1332160 785.5
1332170 783.3
1332180 783.3
1332190 775.9
1332200 768.0
1332210 768.0
1332220 763.8
1332230 759.1
1332240 759.1
1332250 752.3
1332260 745.6
1332270 738.8
1332280 738.8
1332290 731.8
1332300 725.1
1332310 725.1
1332320 718.7
1332330 712.6
1332340 712.6
1332350 706.5
1332360 697.0
1332370 697.0
1332380 690.1
1332390 683.6
1332400 683.6
1332410 678.0
1332420 677.4
1332430 677.4
1332440 677.8
1332450 677.4
1332460 677.4
1332470 676.8
1332480 676.7
1332490 676.7
1332500 676.2
1332510 675.4
1332520 675.4
1332530 676.2
1332540 675.7
1332550 675.7
1332560 675.5
1332570 674.7
1332580 674.7
1332590 672.9
1332600 671.3
1332610 670.6
1332620 670.6
1332630 668.4
1332640 661.9
1332650 661.9
1332660 653.6
1332670 647.7
1332680 647.7
1332690 648.5
1332700 653.3
1332710 653.3
1332720 659.3
1332730 661.9
1332740 661.9
1332750 662.0
1332760 661.4
1332770 661.4
1332780 659.9
1332790 657.6
1332800 657.6
1332810 654.2
1332820 648.6
1332830 648.6
1332840 641.7
1332850 635.9
1332860 635.9
1332870 630.8
1332880 624.2
1332890 624.2
1332900 616.1
1332910 610.6
1332920 610.6
1332930 609.9
1332940 609.9
1332950 609.7
1332960 609.7
1332970 609.5
1332980 609.4
1332990 609.4
1333000 609.7
1333010 611.1
1333020 611.1
1333030 611.8
1333040 615.6
1333050 615.6
1333060 621.5
1333070 623.2
1333080 623.2
1333090 621.9
1333100 618.1
1333110 618.1
1333120 613.7
1333130 612.2
1333140 612.2
1333150 614.0
1333160 614.0
1333170 614.0
1333180 613.8
1333190 613.7
1333200 613.7
1333210 613.9
1333220 613.7
1333230 613.7
1333240 612.7
1333250 611.9
1333260 611.9
1333270 610.9
1333280 610.4
1333290 610.3
1333300 610.3
1333310 610.3
1333320 610.3
1333330 610.3
1333340 610.3
1333350 610.3
1333360 610.3
1333370 610.3
1333380 610.3
1333390 610.3
1333400 610.3
1333410 610.3
1333420 610.3
1333430 610.4
1333440 610.4
1333450 610.4
1333460 610.4
1333470 610.4
1333480 610.4
1333490 610.4
1333500 610.3
1333510 610.3
1333520 610.3
1333530 610.3
1333540 610.3
1333550 610.3
1333560 610.3
1333570 610.3
1333580 610.3
1333590 610.2
1333600 610.2
1333610 610.2
1333620 610.1
1333630 610.1
1333640 610.1
1333650 610.1
1333660 610.1
1333670 610.1
1333680 610.1
1333690 610.0
1333700 610.0
1333710 610.0
1333720 610.0
1333730 610.0
1333740 610.0
1333750 610.0
1333760 610.0
1333770 610.0
1333780 610.0
1333790 610.0
1333800 610.0
1333810 610.2
1333820 610.2
1333830 610.8
1333840 612.3
1333850 612.3
1333860 616.1
1333870 617.1
1333880 617.1
1333890 618.6
1333900 620.8
1333910 620.8
1333920 619.0
1333930 620.2
1333940 620.2
1333950 624.3
1333960 628.9
1333970 633.0
1333980 633.0
1333990 636.2
1334000 636.6
1334010 636.6
1334020 637.8
1334030 638.2
1334040 638.2
1334050 643.1
1334060 645.5
1334070 645.5
1334080 646.0
1334090 645.4
1334100 645.4
1334110 644.2
1334120 643.1
1334130 643.1
1334140 641.9
1334150 640.1
1334160 640.1
1334170 638.7
1334180 639.2
1334190 639.2
1334200 639.8
1334210 639.5
1334220 639.5
1334230 638.5
1334240 636.6
1334250 636.6
1334260 633.1
1334270 627.8
1334280 627.8
1334290 625.3
1334300 628.3
1334310 631.4
1334320 631.4
1334330 630.2
1334340 629.6
1334350 629.6
1334360 630.6
1334370 630.0
1334380 630.0
1334390 629.5
1334400 628.1
1334410 628.1
1334420 625.2
1334430 621.3
1334440 621.3
1334450 619.4
1334460 619.6
1334470 619.6
1334480 620.1
1334490 618.1
1334500 618.1
1334510 615.6
1334520 613.4
1334530 613.4
1334540 611.8
1334550 611.3
1334560 611.3
1334570 610.8
1334580 610.1
1334590 610.1
1334600 609.9
1334610 609.4
1334620 609.4
1334630 609.0
1334640 608.7
1334650 608.5
1334660 608.5
1334670 608.1
1334680 607.5
1334690 607.5
1334700 607.0
1334710 606.7
1334720 606.7
1334730 606.4
1334740 606.3
1334750 606.3
1334760 606.0
1334770 605.9
1334780 605.9
1334790 606.1
1334800 606.2
1334810 606.2
1334820 606.2
1334830 605.6
1334840 605.6
1334850 604.7
1334860 603.8
1334870 603.8
1334880 602.4
1334890 601.8
1334900 601.8
1334910 602.0
1334920 602.0
1334930 602.0
1334940 602.2
1334950 602.4
1334960 602.4
1334970 600.8
1334980 598.7
1334990 596.5
1335000 596.5
1335010 595.6
1335020 594.8
1335030 594.8
1335040 594.1
1335050 594.0
1335060 594.0
1335070 594.5
1335080 596.0
1335090 596.0
1335100 599.5
1335110 602.8
1335120 602.8
1335130 603.8
1335140 603.9
1335150 603.9
1335160 603.4
1335170 603.2
1335180 603.2
1335190 603.6
1335200 604.0
1335210 604.0
1335220 604.1
1335230 604.1
1335240 604.1
1335250 604.2
1335260 604.7
1335270 604.7
1335280 604.9
1335290 604.7
1335300 604.7
1335310 604.6
1335320 604.7
1335330 604.6
1335340 604.6
1335350 604.6
1335360 604.8
1335370 604.8
1335380 605.5
1335390 606.6
1335400 606.6
1335410 608.5
1335420 611.5
1335430 611.5
1335440 613.9
1335450 614.4
1335460 614.4
1335470 612.8
1335480 613.3
1335490 613.3
1335500 616.4
1335510 619.8
1335520 619.8
1335530 621.2
1335540 621.8
1335550 621.8
1335560 621.4
1335570 617.9
1335580 617.9
1335590 615.0
1335600 611.2
1335610 611.2
1335620 608.3
1335630 610.2
1335640 610.2
1335650 613.5
1335660 618.1
1335670 620.5
1335680 620.5
1335690 620.2
1335700 619.8
1335710 619.8
1335720 620.0
1335730 620.2
1335740 620.2
1335750 620.2
1335760 621.0
1335770 621.0
1335780 621.2
1335790 621.5
1335800 621.5
1335810 621.9
1335820 622.1
1335830 622.1
1335840 621.9
1335850 621.9
1335860 621.9
1335870 622.0
1335880 622.1
1335890 622.1
1335900 622.6
1335910 622.8
1335920 622.8
1335930 622.7
1335940 622.5
1335950 622.5
1335960 622.6
1335970 623.2
1335980 623.2
1335990 623.7
1336000 623.6
1336010 623.8
1336020 623.8
1336030 623.7
1336040 623.3
1336050 623.3
1336060 622.4
1336070 621.7
1336080 621.7
1336090 621.5
1336100 621.0
1336110 621.0
1336120 620.8
1336130 620.5
1336140 620.5
1336150 620.1
1336160 619.7
1336170 619.7
1336180 619.5
1336190 619.4
1336200 619.4
1336210 619.3
1336220 619.0
1336230 619.0
1336240 618.9
1336250 618.4
1336260 618.4
1336270 618.0
1336280 618.2
1336290 618.2
1336300 618.2
1336310 618.1
1336320 618.1
1336330 618.3
1336340 618.1
1336350 618.0
1336360 618.0
1336370 617.3
1336380 615.1
1336390 615.1
1336400 615.4
1336410 617.8
1336420 617.8
1336430 618.3
1336440 618.0
1336450 618.0
1336460 616.5
1336470 617.1
1336480 617.1
1336490 618.5
1336500 618.4
1336510 618.4
1336520 618.5
1336530 618.8
1336540 618.8
1336550 619.1
1336560 620.3
1336570 620.3
1336580 621.7
1336590 623.5
1336600 623.5
1336610 625.3
1336620 627.1
1336630 630.8
1336640 632.1
1336650 633.2
1336660 633.2
1336670 633.9
1336680 634.3
1336690 633.8
1336700 633.8
1336710 634.8
1336720 635.9
1336730 635.9
1336740 635.9
1336750 635.8
1336760 635.8
1336770 635.5
1336780 635.1
1336790 635.1
1336800 634.6
1336810 634.1
1336820 634.1
1336830 633.6
1336840 632.9
1336850 632.9
1336860 632.1
1336870 631.1
1336880 631.1
1336890 630.4
1336900 630.0
1336910 630.0
1336920 630.0
1336930 629.9
1336940 629.9
1336950 629.1
1336960 626.2
1336970 626.2
1336980 621.6
1336990 618.5
1337000 618.5
1337010 619.3
1337020 622.3
1337030 623.7
1337040 623.7
1337050 623.9
1337060 625.8
1337070 625.8
1337080 627.1
1337090 626.4
1337100 626.4
1337110 622.6
1337120 619.7
1337130 619.7
1337140 621.5
1337150 625.3
1337160 625.3
1337170 627.1
1337180 626.8
1337190 626.8
1337200 627.4
1337210 627.6
1337220 627.6
1337230 627.6
1337240 627.7
1337250 627.7
1337260 628.1
1337270 628.9
1337280 628.9
1337290 629.9
1337300 631.1
1337310 631.1
1337320 632.2
1337330 633.3
1337340 633.3
1337350 633.9
1337360 633.8
1337370 633.8
1337380 633.2
1337390 631.5
1337400 628.2
1337410 628.2
1337420 626.2
1337430 625.7
1337440 625.7
1337450 624.6
1337460 622.9
1337470 622.9
1337480 621.6
1337490 620.4
1337500 620.4
1337510 618.7
1337520 616.8
1337530 616.8
1337540 616.2
1337550 615.3
1337560 615.3
1337570 612.8
1337580 607.8
1337590 607.8
1337600 602.0
1337610 598.1
1337620 598.1
1337630 600.5
1337640 606.9
1337650 606.9
1337660 611.8
1337670 615.1
1337680 615.1
1337690 620.4
1337700 626.0
1337710 626.0
1337720 631.4
1337730 633.8
1337740 634.5
1337750 634.5
1337760 634.8
1337770 634.9
1337780 634.9
1337790 635.0
1337800 635.2
1337810 635.2
1337820 634.9
1337830 634.9
1337840 634.9
1337850 634.7
1337860 634.5
1337870 634.5
1337880 634.3
1337890 634.0
1337900 634.0
1337910 633.4
1337920 632.8
1337930 632.8
1337940 632.3
1337950 631.9
1337960 631.9
1337970 631.7
1337980 631.6
1337990 631.6
1338000 631.4
1338010 631.5
1338020 631.5
1338030 631.6
1338040 631.8
1338050 631.8
1338060 632.1
1338070 632.9
1338080 634.1
1338090 634.1
1338100 635.2
1338110 636.0
1338120 636.0
1338130 636.6
1338140 637.3
1338150 637.3
1338160 639.2
1338170 641.2
1338180 641.2
1338190 643.0
1338200 644.4
1338210 644.4
1338220 646.5
1338230 648.6
1338240 648.6
1338250 649.5
1338260 651.4
1338270 651.4
1338280 652.5
1338290 653.2
1338300 653.2
1338310 654.0
1338320 655.0
1338330 655.0
1338340 655.7
1338350 656.0
1338360 656.0
1338370 658.9
1338380 659.4
1338390 659.4
1338400 659.4
1338410 659.0
1338420 658.4
1338430 658.4
1338440 657.4
1338450 656.2
1338460 656.2
1338470 654.7
1338480 653.4
1338490 653.4
1338500 652.2
1338510 651.1
1338520 651.1
1338530 650.2
1338540 649.5
1338550 649.5
1338560 649.1
1338570 648.7
1338580 648.7
1338590 648.4
1338600 648.3
1338610 648.3
1338620 648.2
1338630 648.1
1338640 648.1
1338650 647.7
1338660 648.1
1338670 648.1
1338680 649.0
1338690 649.4
1338700 649.4
1338710 649.7
1338720 649.6
1338730 649.6
1338740 649.5
1338750 649.5
1338760 649.5
1338770 649.5
1338780 649.6
1338790 649.6
1338800 649.6
1338810 649.7
1338820 650.0
1338830 650.0
1338840 650.5
1338850 651.1
1338860 651.1
1338870 651.3
1338880 651.3
1338890 651.3
1338900 651.2
1338910 651.1
1338920 651.1
1338930 650.9
1338940 650.8
1338950 650.8
1338960 650.6
1338970 650.3
1338980 650.3
1338990 650.1
1339000 649.9
1339010 649.9
1339020 649.8
1339030 649.7
1339040 649.7
1339050 649.6
1339060 649.5
1339070 649.5
1339080 649.3
1339090 649.3
1339100 649.3
1339110 649.3
1339120 649.3
1339130 649.2
1339140 649.2
1339150 649.1
1339160 648.9
1339170 648.9
1339180 648.9
1339190 648.9
1339200 648.9
1339210 648.8
1339220 648.5
1339230 648.5
1339240 648.4
1339250 648.7
1339260 648.7
1339270 648.5
1339280 648.5
1339290 648.5
1339300 648.3
1339310 648.0
1339320 648.0
1339330 647.7
1339340 647.3
1339350 647.3
1339360 646.9
1339370 646.5
1339380 646.5
1339390 646.2
1339400 645.8
1339410 645.8
1339420 645.3
1339430 645.0
1339440 644.6
1339450 644.6
1339460 644.4
1339470 643.9
1339480 643.9
1339490 643.5
1339500 643.2
1339510 643.2
1339520 642.7
1339530 642.2
1339540 642.2
1339550 641.8
1339560 640.8
1339570 640.8
1339580 639.0
1339590 638.0
1339600 638.0
1339610 638.0
1339620 638.9
1339630 638.9
1339640 640.8
1339650 642.1
1339660 642.1
1339670 642.8
1339680 643.2
1339690 643.2
1339700 643.2
1339710 643.1
1339720 643.1
1339730 642.9
1339740 642.6
1339750 642.6
1339760 642.1
1339770 641.6
1339780 640.9
1339790 640.9
1339800 640.4
1339810 640.2
1339820 640.2
1339830 639.9
1339840 639.8
1339850 639.8
1339860 639.9
1339870 640.1
1339880 640.1
1339890 640.3
1339900 640.5
1339910 640.5
1339920 640.8
1339930 641.0
1339940 641.0
1339950 641.3
1339960 641.7
1339970 641.7
1339980 642.0
1339990 642.3
