1320000 1242.6
1320010 1238.8
1320020 1235.5
1320030 1235.5
1320040 1232.6
1320050 1230.1
1320060 1230.1
1320070 1228.0
1320080 1226.1
1320090 1224.4
1320100 1222.5
1320110 1220.9
1320120 1220.9
1320130 1219.7
1320140 1218.7
1320150 1218.7
1320160 1218.3
1320170 1218.1
1320180 1218.1
1320190 1218.2
1320200 1218.3
1320210 1218.2
1320220 1218.2
1320230 1218.0
1320240 1217.1
1320250 1217.1
1320260 1215.9
1320270 1214.6
1320280 1214.6
1320290 1213.6
1320300 1213.0
1320310 1213.0
1320320 1212.3
1320330 1211.9
1320340 1211.9
1320350 1211.6
1320360 1211.5
1320370 1211.5
1320380 1211.4
1320390 1211.3
1320400 1211.3
1320410 1211.1
1320420 1210.9
1320430 1210.9
1320440 1210.5
1320450 1210.2
1320460 1210.2
1320470 1209.7
1320480 1208.7
1320490 1208.7
1320500 1208.3
1320510 1208.2
1320520 1208.2
1320530 1207.8
1320540 1206.7
1320550 1205.7
1320560 1205.7
1320570 1205.1
1320580 1205.0
1320590 1205.0
1320600 1205.2
1320610 1205.2
1320620 1205.2
1320630 1205.4
1320640 1206.0
1320650 1206.0
1320660 1205.6
1320670 1204.7
1320680 1204.7
1320690 1204.0
1320700 1203.4
1320710 1203.4
1320720 1203.3
1320730 1203.5
1320740 1203.5
1320750 1203.8
1320760 1204.2
1320770 1204.2
1320780 1204.6
1320790 1204.8
1320800 1204.8
1320810 1205.6
1320820 1206.4
1320830 1206.4
1320840 1207.9
1320850 1210.3
1320860 1207.5
1320870 1210.6
1320880 1214.4
1320890 1218.3
1320900 1218.3
1320910 1223.2
1320920 1227.2
1320930 1227.2
1320940 1229.1
1320950 1231.6
1320960 1231.6
1320970 1233.1
1320980 1232.9
1320990 1232.9
1321000 1232.3
1321010 1231.7
1321020 1231.7
1321030 1231.0
1321040 1230.0
1321050 1230.0
1321060 1227.8
1321070 1224.7
1321080 1224.7
1321090 1221.1
1321100 1218.4
1321110 1218.4
1321120 1217.3
1321130 1217.0
1321140 1217.0
1321150 1217.3
1321160 1217.4
1321170 1217.4
1321180 1217.8
1321190 1218.2
1321200 1218.2
1321210 1218.6
1321220 1218.1
1321230 1216.1
1321240 1216.1
1321250 1213.6
1321260 1212.1
1321270 1212.1
1321280 1210.8
1321290 1207.8
1321300 1207.8
1321310 1204.8
1321320 1202.0
1321330 1202.0
1321340 1199.0
1321350 1196.5
1321360 1196.5
1321370 1194.5
1321380 1193.0
1321390 1193.0
1321400 1192.4
1321410 1191.5
1321420 1191.5
1321430 1190.7
1321440 1189.6
1321450 1189.6
1321460 1187.4
1321470 1184.4
1321480 1184.4
1321490 1180.9
1321500 1176.6
1321510 1176.6
1321520 1172.2
1321530 1167.1
1321540 1167.1
1321550 1161.2
1321560 1155.6
1321570 1151.2
1321580 1151.2
1321590 1148.1
1321600 1145.1
1321610 1145.1
1321620 1142.1
1321630 1139.5
1321640 1139.5
1321650 1136.2
1321660 1133.8
1321670 1133.8
1321680 1131.3
1321690 1127.6
1321700 1127.6
1321710 1124.1
1321720 1121.4
1321730 1121.4
1321740 1118.6
1321750 1115.2
1321760 1115.2
1321770 1111.8
1321780 1108.2
1321790 1108.2
1321800 1104.7
1321810 1101.5
1321820 1101.5
1321830 1098.3
1321840 1094.9
1321850 1094.9
1321860 1091.3
1321870 1087.1
1321880 1087.1
1321890 1082.4
1321900 1077.2
1321910 1077.2
1321920 1072.7
1321930 1068.7
1321940 1065.9
1321950 1065.9
1321960 1063.7
1321970 1060.6
1321980 1060.6
1321990 1056.8
1322000 1052.6
1322010 1052.6
1322020 1049.9
1322030 1046.5
1322040 1046.5
1322050 1043.4
1322060 1040.7
1322070 1040.7
1322080 1039.5
1322090 1040.7
1322100 1040.7
1322110 1041.4
1322120 1041.6
1322130 1041.6
1322140 1041.3
1322150 1040.8
1322160 1040.8
1322170 1040.9
1322180 1040.8
1322190 1040.8
1322200 1037.5
1322210 1033.1
1322220 1033.1
1322230 1030.6
1322240 1029.0
1322250 1029.0
1322260 1027.5
1322270 1025.6
1322280 1023.7
1322290 1023.7
1322300 1022.6
1322310 1022.1
1322320 1022.1
1322330 1021.5
1322340 1020.3
1322350 1020.3
1322360 1018.1
1322370 1015.5
1322380 1015.5
1322390 1011.9
1322400 1008.6
1322410 1008.6
1322420 1005.2
1322430 1002.1
1322440 1002.1
1322450 999.9
1322460 997.1
1322470 997.1
1322480 992.9
1322490 988.6
1322500 988.6
1322510 984.8
1322520 981.8
1322530 981.8
1322540 978.3
1322550 975.2
1322560 975.2
1322570 972.4
1322580 968.0
1322590 968.0
1322600 963.1
1322610 959.7
1322620 957.7
1322630 957.7
1322640 955.6
1322650 953.2
1322660 953.2
1322670 949.8
1322680 945.5
1322690 945.5
1322700 940.8
1322710 935.3
1322720 935.3
1322730 929.7
1322740 926.4
1322750 926.4
1322760 925.4
1322770 925.6
1322780 925.6
1322790 927.5
1322800 929.4
1322810 929.4
1322820 934.3
1322830 942.0
1322840 942.0
1322850 942.2
1322860 936.0
1322870 936.0
1322880 929.0
1322890 922.3
1322900 922.3
1322910 916.1
1322920 910.2
1322930 910.2
1322940 904.6
1322950 901.8
1322960 900.4
1322970 900.4
1322980 900.6
1322990 901.9
1323000 901.9
1323010 902.5
1323020 902.4
1323030 902.4
1323040 902.0
1323050 900.7
1323060 900.7
1323070 899.8
1323080 899.0
1323090 899.0
1323100 898.3
1323110 897.1
1323120 897.1
1323130 894.1
1323140 891.0
1323150 891.0
1323160 890.0
1323170 889.8
1323180 889.8
1323190 890.1
1323200 889.8
1323210 889.8
1323220 885.8
1323230 885.7
1323240 885.7
1323250 885.0
1323260 882.9
1323270 882.9
1323280 879.1
1323290 873.7
1323300 867.8
1323310 867.8
1323320 862.3
1323330 858.0
1323340 858.0
1323350 856.3
1323360 856.1
1323370 856.1
1323380 854.7
1323390 852.8
1323400 852.8
1323410 852.4
1323420 853.8
1323430 853.8
1323440 855.0
1323450 855.3
1323460 855.3
1323470 855.4
1323480 855.3
1323490 855.3
1323500 855.4
1323510 855.9
1323520 855.9
1323530 856.5
1323540 857.4
1323550 857.4
1323560 858.1
1323570 856.9
1323580 856.9
1323590 854.5
1323600 850.8
1323610 850.8
1323620 846.4
1323630 841.8
1323640 837.3
1323650 837.3
1323660 834.4
1323670 831.9
1323680 831.9
1323690 829.7
1323700 826.7
1323710 826.7
1323720 824.3
1323730 821.1
1323740 821.1
1323750 817.8
1323760 815.0
1323770 815.0
1323780 812.8
1323790 810.8
1323800 810.8
1323810 808.5
1323820 806.2
1323830 806.2
1323840 804.1
1323850 802.5
1323860 802.5
1323870 801.6
1323880 800.9
1323890 800.9
1323900 799.8
1323910 798.3
1323920 798.3
1323930 796.3
1323940 794.4
1323950 794.4
1323960 793.1
1323970 790.8
1323980 787.1
1323990 787.1
1324000 782.5
1324010 777.2
1324020 772.4
1324030 766.5
1324040 760.5
1324050 760.5
1324060 754.5
1324070 747.0
1324080 747.0
1324090 737.5
1324100 727.7
1324110 727.7
1324120 720.3
1324130 713.9
1324140 713.9
1324150 706.7
1324160 700.6
1324170 700.6
1324180 694.8
1324190 689.5
1324200 689.5
1324210 684.0
1324220 678.1
1324230 678.1
1324240 672.3
1324250 668.3
1324260 668.3
1324270 665.5
1324280 660.4
1324290 660.4
1324300 652.7
1324310 652.8
1324320 660.7
1324330 660.7
1324340 668.4
1324350 675.0
1324360 675.0
1324370 681.3
1324380 684.7
1324390 684.7
1324400 687.9
1324410 694.3
1324420 694.3
1324430 701.5
1324440 705.1
1324450 705.1
1324460 708.2
1324470 711.9
1324480 711.9
1324490 714.7
1324500 716.8
1324510 716.8
1324520 718.6
1324530 720.2
1324540 720.2
1324550 721.5
1324560 722.5
1324570 722.5
1324580 723.3
1324590 724.1
1324600 724.1
1324610 725.4
1324620 727.3
1324630 727.3
1324640 729.4
1324650 731.5
1324660 734.0
1324670 734.0
1324680 736.8
1324690 740.0
1324700 740.0
1324710 743.3
1324720 747.0
1324730 747.0
1324740 750.9
1324750 755.2
1324760 755.2
1324770 759.3
1324780 763.6
1324790 763.6
1324800 767.2
1324810 770.1
1324820 767.8
1324830 770.4
1324840 772.3
1324850 772.3
1324860 773.9
1324870 775.6
1324880 775.6
1324890 776.9
1324900 778.8
1324910 778.8
1324920 783.6
1324930 787.4
1324940 787.4
1324950 792.2
1324960 797.4
1324970 797.4
1324980 803.0
1324990 807.8
1325000 812.6
1325010 812.6
1325020 817.8
1325030 822.7
1325040 822.7
1325050 826.9
1325060 831.1
1325070 831.1
1325080 835.7
1325090 837.4
1325100 837.4
1325110 838.1
1325120 840.4
1325130 840.4
1325140 844.1
1325150 848.3
1325160 848.3
1325170 854.2
1325180 860.8
1325190 860.8
1325200 867.5
1325210 873.9
1325220 873.9
1325230 878.0
1325240 879.9
1325250 879.9
1325260 881.8
1325270 883.2
1325280 883.2
1325290 885.8
1325300 888.7
1325310 888.7
1325320 892.2
1325330 895.8
1325340 899.3
1325350 899.3
1325360 901.8
1325370 903.5
1325380 903.5
1325390 906.1
1325400 908.7
1325410 908.7
1325420 911.2
1325430 913.6
1325440 913.6
1325450 915.9
1325460 918.1
1325470 918.1
1325480 919.0
1325490 920.0
1325500 920.0
1325510 921.4
1325520 923.0
1325530 923.0
1325540 925.3
1325550 928.5
1325560 928.5
1325570 932.4
1325580 936.1
1325590 936.1
1325600 939.7
1325610 942.8
1325620 940.9
1325630 943.9
1325640 946.3
1325650 946.3
1325660 949.3
1325670 952.4
1325680 952.4
1325690 954.7
1325700 956.8
1325710 957.8
1325720 957.8
1325730 958.5
1325740 960.5
1325750 960.5
1325760 962.8
1325770 964.8
1325780 964.8
1325790 966.5
1325800 968.1
1325810 968.1
1325820 970.0
1325830 971.4
1325840 971.4
1325850 972.8
1325860 974.7
1325870 974.7
1325880 977.1
1325890 979.2
1325900 979.2
1325910 980.9
1325920 982.2
1325930 982.2
1325940 983.2
1325950 984.1
1325960 984.1
1325970 984.6
1325980 985.4
1325990 985.4
1326000 986.7
1326010 987.9
1326020 987.9
1326030 988.8
1326040 989.2
1326050 988.6
1326060 988.6
1326070 987.9
1326080 987.6
1326090 987.6
1326100 988.1
1326110 988.5
1326120 988.5
1326130 988.4
1326140 988.0
1326150 988.0
1326160 987.4
1326170 986.6
1326180 986.6
1326190 985.2
1326200 983.5
1326210 983.5
1326220 981.0
1326230 976.9
1326240 976.9
1326250 973.9
1326260 977.0
1326270 977.0
1326280 984.7
1326290 990.8
1326300 990.8
1326310 996.3
1326320 1002.5
1326330 1002.5
1326340 1008.8
1326350 1014.8
1326360 1014.8
1326370 1020.4
1326380 1025.1
1326390 1029.3
1326400 1029.3
1326410 1033.4
1326420 1037.2
1326430 1037.6
1326440 1041.6
1326450 1046.0
1326460 1046.0
1326470 1050.5
1326480 1055.0
1326490 1055.0
1326500 1058.7
1326510 1061.5
1326520 1061.5
1326530 1063.6
1326540 1065.7
1326550 1065.7
1326560 1067.5
1326570 1069.9
1326580 1069.9
1326590 1072.1
1326600 1073.5
1326610 1073.5
1326620 1074.6
1326630 1075.8
1326640 1075.8
1326650 1077.2
1326660 1078.7
1326670 1078.7
1326680 1080.4
1326690 1082.1
1326700 1082.1
1326710 1083.3
1326720 1084.4
1326730 1085.6
1326740 1085.6
1326750 1086.6
1326760 1087.2
1326770 1087.2
1326780 1087.3
1326790 1087.4
1326800 1087.4
1326810 1087.4
1326820 1088.3
1326830 1088.3
1326840 1091.5
1326850 1096.1
1326860 1096.1
1326870 1099.5
1326880 1102.6
1326890 1102.6
1326900 1104.1
1326910 1103.4
1326920 1103.4
1326930 1101.9
1326940 1100.5
1326950 1100.5
1326960 1099.4
1326970 1098.3
1326980 1098.3
1326990 1097.4
1327000 1097.7
1327010 1097.7
1327020 1100.6
1327030 1102.1
1327040 1102.1
1327050 1101.8
1327060 1100.6
1327070 1098.5
1327080 1098.5
1327090 1096.2
1327100 1093.5
1327110 1093.5
1327120 1090.6
1327130 1087.6
1327140 1087.6
1327150 1084.8
1327160 1082.2
1327170 1082.2
1327180 1079.8
1327190 1078.2
1327200 1078.2
1327210 1076.5
1327220 1074.5
1327230 1074.5
1327240 1067.4
1327250 1067.0
1327260 1067.0
1327270 1067.3
1327280 1066.9
1327290 1066.9
1327300 1066.0
1327310 1065.4
1327320 1065.4
1327330 1064.1
1327340 1062.1
1327350 1062.1
1327360 1060.4
1327370 1059.2
1327380 1059.2
1327390 1057.4
1327400 1055.4
1327410 1054.1
1327420 1054.1
1327430 1052.5
1327440 1051.5
1327450 1051.5
1327460 1050.3
1327470 1049.0
1327480 1049.0
1327490 1047.5
1327500 1046.0
1327510 1046.0
1327520 1044.7
1327530 1043.6
1327540 1043.6
1327550 1042.7
1327560 1041.9
1327570 1041.9
1327580 1041.2
1327590 1040.9
1327600 1040.9
1327610 1040.6
1327620 1040.2
1327630 1040.2
1327640 1039.8
1327650 1035.2
1327660 1035.2
1327670 1028.9
1327680 1025.5
1327690 1025.5
1327700 1023.4
1327710 1021.3
1327720 1021.3
1327730 1019.6
1327740 1019.0
1327750 1019.4
1327760 1019.4
1327770 1019.7
1327780 1020.2
1327790 1020.2
1327800 1020.6
1327810 1020.8
1327820 1020.8
1327830 1020.7
1327840 1020.8
1327850 1020.8
1327860 1023.0
1327870 1026.9
1327880 1026.9
1327890 1029.7
1327900 1036.7
1327910 1036.7
1327920 1044.7
1327930 1048.6
1327940 1048.6
1327950 1050.7
1327960 1050.7
1327970 1050.7
1327980 1048.0
1327990 1044.8
1328000 1044.8
1328010 1043.9
1328020 1044.1
1328030 1044.1
1328040 1042.2
1328050 1042.5
1328060 1042.5
1328070 1049.1
1328080 1055.1
1328090 1062.1
1328100 1062.1
1328110 1068.3
1328120 1075.0
1328130 1075.0
1328140 1081.7
1328150 1086.9
1328160 1086.9
1328170 1090.3
1328180 1096.2
1328190 1096.2
1328200 1107.2
1328210 1115.5
1328220 1115.5
1328230 1123.3
1328240 1130.5
1328250 1130.5
1328260 1137.0
1328270 1144.2
1328280 1144.2
1328290 1152.1
1328300 1161.7
1328310 1161.7
1328320 1171.5
1328330 1179.0
1328340 1179.0
1328350 1187.0
1328360 1195.0
1328370 1195.0
1328380 1204.5
1328390 1214.7
1328400 1214.7
1328410 1224.6
1328420 1231.8
1328430 1238.2
1328440 1238.2
1328450 1244.9
1328460 1250.7
1328470 1250.7
1328480 1255.9
1328490 1261.8
1328500 1261.8
1328510 1268.4
1328520 1274.8
1328530 1274.8
1328540 1280.9
1328550 1286.8
1328560 1286.8
1328570 1293.1
1328580 1298.9
1328590 1298.9
1328600 1305.1
1328610 1311.4
1328620 1311.4
1328630 1317.9
1328640 1324.9
1328650 1324.9
1328660 1332.5
1328670 1339.1
1328680 1339.1
1328690 1345.7
1328700 1352.7
1328710 1352.7
1328720 1359.9
1328730 1367.2
1328740 1367.2
1328750 1374.1
1328760 1380.8
1328770 1387.5
1328780 1387.5
1328790 1394.3
1328800 1401.4
1328810 1401.4
1328820 1408.3
1328830 1415.4
1328840 1415.4
1328850 1421.9
1328860 1428.3
1328870 1426.4
1328880 1432.2
1328890 1437.0
1328900 1437.0
1328910 1440.9
1328920 1444.7
1328930 1444.7
1328940 1447.4
1328950 1448.8
1328960 1448.8
1328970 1451.0
1328980 1453.2
1328990 1453.2
1329000 1454.1
1329010 1455.0
1329020 1455.0
1329030 1455.9
1329040 1457.3
1329050 1457.3
1329060 1458.0
1329070 1457.8
1329080 1457.8
1329090 1453.1
1329100 1444.5
1329110 1436.2
1329120 1436.2
1329130 1428.3
1329140 1422.0
1329150 1422.0
1329160 1416.7
1329170 1414.1
1329180 1414.1
1329190 1415.2
1329200 1417.2
1329210 1417.2
1329220 1418.8
1329230 1416.7
1329240 1416.7
1329250 1414.0
1329260 1411.5
1329270 1411.5
1329280 1409.5
1329290 1410.8
1329300 1410.8
1329310 1413.6
1329320 1416.7
1329330 1416.7
1329340 1419.4
1329350 1418.3
1329360 1418.3
1329370 1413.7
1329380 1408.8
1329390 1408.8
1329400 1404.2
1329410 1403.6
1329420 1403.6
1329430 1405.0
1329440 1403.8
1329450 1403.6
1329460 1403.6
1329470 1409.9
1329480 1416.1
1329490 1416.1
1329500 1421.3
1329510 1424.9
1329520 1424.9
1329530 1426.7
1329540 1425.7
1329550 1425.7
1329560 1423.7
1329570 1422.4
1329580 1422.4
1329590 1422.0
1329600 1423.1
1329610 1423.1
1329620 1424.9
1329630 1426.4
1329640 1426.4
1329650 1428.0
1329660 1427.6
1329670 1427.6
1329680 1426.0
1329690 1424.5
1329700 1431.7
1329710 1431.8
1329720 1433.0
1329730 1433.0
1329740 1432.2
1329750 1430.0
1329760 1430.0
1329770 1427.1
1329780 1423.1
1329790 1423.1
1329800 1420.0
1329810 1425.6
1329820 1434.3
1329830 1434.3
1329840 1441.2
1329850 1447.9
1329860 1447.9
1329870 1454.4
1329880 1460.7
1329890 1460.7
1329900 1466.9
1329910 1472.8
1329920 1472.8
1329930 1478.7
1329940 1484.1
1329950 1484.1
1329960 1488.7
1329970 1493.0
1329980 1493.0
1329990 1497.2
1330000 1501.5
1330010 1501.5
1330020 1505.8
1330030 1510.1
1330040 1510.1
1330050 1514.1
1330060 1518.3
1330070 1518.3
1330080 1522.4
1330090 1526.5
1330100 1526.5
1330110 1530.6
1330120 1534.8
1330130 1534.8
1330140 1539.0
1330150 1543.0
1330160 1547.3
1330170 1547.3
1330180 1552.0
1330190 1556.8
1330200 1556.8
1330210 1561.8
1330220 1567.1
1330230 1567.1
1330240 1572.5
1330250 1578.2
1330260 1578.2
1330270 1583.7
1330280 1589.4
1330290 1589.4
1330300 1595.4
1330310 1600.5
1330320 1600.5
1330330 1604.8
1330340 1610.2
1330350 1610.2
1330360 1616.4
1330370 1623.0
1330380 1623.0
1330390 1630.5
1330400 1638.0
1330410 1638.0
1330420 1644.7
1330430 1650.3
1330440 1650.3
1330450 1654.7
1330460 1656.4
1330470 1656.4
1330480 1654.3
1330490 1653.1
1330500 1651.5
1330510 1651.5
1330520 1649.1
1330530 1645.2
1330540 1645.2
1330550 1641.5
1330560 1635.6
1330570 1635.6
1330580 1626.0
1330590 1617.3
1330600 1617.3
1330610 1609.5
1330620 1602.0
1330630 1602.0
1330640 1594.8
1330650 1588.7
1330660 1588.7
1330670 1582.9
1330680 1576.3
1330690 1576.3
1330700 1569.2
1330710 1562.8
1330720 1562.8
1330730 1557.3
1330740 1550.5
1330750 1550.5
1330760 1544.4
1330770 1539.2
1330780 1539.2
1330790 1533.5
1330800 1526.8
1330810 1526.8
1330820 1520.3
1330830 1513.7
1330840 1507.2
1330850 1507.2
1330860 1500.5
1330870 1494.0
1330880 1494.0
1330890 1488.0
1330900 1482.5
1330910 1482.5
1330920 1476.5
1330930 1470.0
1330940 1470.0
1330950 1463.2
1330960 1456.6
1330970 1456.6
1330980 1450.4
1330990 1444.0
1331000 1444.0
1331010 1437.6
1331020 1430.9
1331030 1430.9
1331040 1423.7
1331050 1417.1
1331060 1417.1
1331070 1414.6
1331080 1411.1
1331090 1411.1
1331100 1405.1
1331110 1397.6
1331120 1397.6
1331130 1391.8
1331140 1386.6
1331150 1386.6
1331160 1384.6
1331170 1379.8
1331180 1376.3
1331190 1376.3
1331200 1376.5
1331210 1373.0
1331220 1373.0
1331230 1368.6
1331240 1364.5
1331250 1364.5
1331260 1360.2
1331270 1355.9
1331280 1355.9
1331290 1351.9
1331300 1347.2
1331310 1347.2
1331320 1342.3
1331330 1337.5
1331340 1337.5
1331350 1333.0
1331360 1328.6
1331370 1324.1
1331380 1319.7
1331390 1315.1
1331400 1315.1
1331410 1310.6
1331420 1306.0
1331430 1306.0
1331440 1301.1
1331450 1295.6
1331460 1295.6
1331470 1288.3
1331480 1278.7
1331490 1278.7
1331500 1266.7
1331510 1260.7
1331520 1268.7
1331530 1268.7
1331540 1276.8
1331550 1288.1
1331560 1288.1
1331570 1290.8
1331580 1286.1
1331590 1286.1
1331600 1279.0
1331610 1269.1
1331620 1269.1
1331630 1257.4
1331640 1246.3
1331650 1246.3
1331660 1236.4
1331670 1221.7
1331680 1221.7
1331690 1205.5
1331700 1195.4
1331710 1195.4
1331720 1186.9
1331730 1177.5
1331740 1177.5
1331750 1170.3
1331760 1164.4
1331770 1164.4
1331780 1157.7
1331790 1152.5
1331800 1152.5
1331810 1149.7
1331820 1143.4
1331830 1143.4
1331840 1134.8
1331850 1128.1
1331860 1124.6
1331870 1124.6
1331880 1120.3
1331890 1115.3
1331900 1115.3
1331910 1112.0
1331920 1113.2
1331930 1113.2
1331940 1106.9
1331950 1096.0
1331960 1096.0
1331970 1086.0
1331980 1076.8
1331990 1076.8
1332000 1069.1
1332010 1061.7
1332020 1061.7
1332030 1053.4
1332040 1046.1
1332050 1046.1
1332060 1039.1
1332070 1032.1
1332080 1032.1
1332090 1024.2
1332100 1014.5
1332110 1014.5
1332120 1007.1
1332130 998.5
1332140 998.5
1332150 988.3
1332160 974.8
1332170 974.8
1332180 962.1
1332190 959.0
1332200 951.8
1332210 951.8
1332220 947.0
1332230 941.0
1332240 941.0
1332250 932.1
1332260 926.6
1332270 926.6
1332280 922.2
1332290 918.1
1332300 918.1
1332310 914.7
1332320 899.2
1332330 899.2
1332340 884.0
1332350 872.2
1332360 872.2
1332370 860.2
1332380 854.4
1332390 854.4
1332400 846.6
1332410 835.4
1332420 835.4
1332430 824.3
1332440 810.2
1332450 810.2
1332460 794.1
1332470 786.5
1332480 786.5
1332490 796.4
1332500 806.4
1332510 806.4
1332520 829.8
1332530 836.0
1332540 837.2
1332550 837.2
1332560 837.3
1332570 836.4
1332580 836.4
1332590 833.0
1332600 826.1
1332610 826.1
1332620 816.2
1332630 808.8
1332640 808.8
1332650 797.1
1332660 786.2
1332670 786.2
1332680 788.6
1332690 795.6
1332700 795.6
1332710 809.2
1332720 815.9
1332730 815.9
1332740 813.9
1332750 809.3
1332760 809.3
1332770 803.9
1332780 798.8
1332790 798.8
1332800 794.5
1332810 790.7
1332820 790.7
1332830 787.2
1332840 784.0
1332850 784.0
1332860 780.2
1332870 776.1
1332880 773.9
1332890 773.9
1332900 771.9
1332910 767.8
1332920 767.8
1332930 762.5
1332940 764.0
1332950 764.0
1332960 767.4
1332970 765.4
1332980 765.4
1332990 761.3
1333000 758.0
1333010 758.0
1333020 754.9
1333030 750.3
1333040 750.3
1333050 737.5
1333060 732.3
1333070 732.3
1333080 727.4
1333090 722.6
1333100 722.6
1333110 717.8
1333120 713.5
1333130 713.5
1333140 709.5
1333150 705.3
1333160 705.3
1333170 700.4
1333180 695.6
1333190 695.6
1333200 690.9
1333210 686.9
1333220 682.9
1333230 682.9
1333240 679.9
1333250 676.5
1333260 676.5
1333270 672.4
1333280 668.3
1333290 668.3
1333300 665.0
1333310 661.4
1333320 661.4
1333330 657.2
1333340 652.1
1333350 652.1
1333360 648.1
1333370 646.1
1333380 646.1
1333390 644.5
1333400 641.9
1333410 641.9
1333420 639.7
1333430 638.2
1333440 638.2
1333450 636.4
1333460 635.3
1333470 635.3
1333480 634.4
1333490 634.7
1333500 634.7
1333510 635.0
1333520 635.5
1333530 635.5
1333540 636.1
1333550 636.9
1333560 637.2
1333570 637.2
1333580 637.8
1333590 638.1
1333600 638.1
1333610 638.6
1333620 638.7
1333630 638.7
1333640 639.0
1333650 639.4
1333660 639.4
1333670 639.8
1333680 640.3
1333690 640.3
1333700 640.8
1333710 641.3
1333720 641.3
1333730 641.7
1333740 642.4
1333750 642.4
1333760 642.4
1333770 642.1
1333780 642.1
1333790 640.9
1333800 639.8
1333810 639.8
1333820 640.2
1333830 639.9
1333840 639.9
1333850 640.0
1333860 639.7
1333870 639.7
1333880 639.4
1333890 637.9
1333900 637.6
1333910 637.6
1333920 637.2
1333930 636.4
1333940 636.4
1333950 636.0
1333960 635.1
1333970 635.1
1333980 634.4
1333990 633.5
1334000 633.5
1334010 630.7
1334020 628.9
1334030 628.9
1334040 628.8
1334050 629.2
1334060 629.2
1334070 628.4
1334080 627.2
1334090 627.2
1334100 626.1
1334110 625.0
1334120 625.0
1334130 624.2
1334140 623.7
1334150 623.7
1334160 623.1
1334170 622.5
1334180 622.5
1334190 621.7
1334200 621.0
1334210 621.0
1334220 620.3
1334230 619.5
1334240 619.5
1334250 618.5
1334260 617.6
1334270 616.7
1334280 616.7
1334290 615.8
1334300 615.0
1334310 615.0
1334320 614.3
1334330 613.6
1334340 613.6
1334350 613.1
1334360 613.0
1334370 613.0
1334380 612.8
1334390 612.0
1334400 612.0
1334410 611.3
1334420 610.8
1334430 610.8
1334440 610.2
1334450 609.7
1334460 609.7
1334470 609.2
1334480 608.6
1334490 608.6
1334500 608.0
1334510 607.3
1334520 607.3
1334530 606.7
1334540 606.2
1334550 606.2
1334560 605.7
1334570 605.2
1334580 605.2
1334590 604.6
1334600 603.9
1334610 603.1
1334620 603.1
1334630 602.2
1334640 601.4
1334650 601.4
1334660 600.8
1334670 600.1
1334680 600.1
1334690 599.5
1334700 598.8
1334710 598.8
1334720 598.1
1334730 597.5
1334740 597.5
1334750 597.0
1334760 596.4
1334770 596.4
1334780 595.8
1334790 595.2
1334800 595.2
1334810 594.7
1334820 594.2
1334830 594.2
1334840 593.6
1334850 593.2
1334860 593.2
1334870 592.7
1334880 592.2
1334890 592.2
1334900 591.7
1334910 591.3
1334920 591.3
1334930 590.9
1334940 590.6
1334950 590.3
1334960 590.3
1334970 589.9
1334980 589.6
1334990 589.6
1335000 589.3
1335010 589.0
1335020 589.0
1335030 588.7
1335040 588.4
1335050 588.4
1335060 588.3
1335070 588.2
1335080 588.2
1335090 587.8
1335100 587.4
1335110 587.4
1335120 587.1
1335130 586.8
1335140 586.8
1335150 586.6
1335160 586.4
1335170 586.4
1335180 586.3
1335190 586.1
1335200 586.1
1335210 586.0
1335220 585.8
1335230 585.8
1335240 585.7
1335250 585.5
1335260 585.5
1335270 585.4
1335280 585.3
1335290 585.1
1335300 585.1
1335310 585.0
1335320 584.9
1335330 584.9
1335340 584.7
1335350 584.6
1335360 584.6
1335370 584.6
1335380 584.5
1335390 584.5
1335400 584.6
1335410 584.7
1335420 584.7
1335430 584.2
1335440 583.7
1335450 583.7
1335460 583.5
1335470 583.5
1335480 583.5
1335490 584.0
1335500 584.7
1335510 584.7
1335520 584.5
1335530 583.8
1335540 583.8
1335550 584.0
1335560 583.3
1335570 583.3
1335580 582.7
1335590 582.4
1335600 582.3
1335610 582.3
1335620 582.1
1335630 581.9
1335640 581.9
1335650 581.5
1335660 580.9
1335670 580.9
1335680 580.3
1335690 579.7
1335700 579.7
1335710 579.3
1335720 578.9
1335730 578.9
1335740 578.5
1335750 578.1
1335760 578.1
1335770 577.8
1335780 577.4
1335790 577.4
1335800 577.1
1335810 576.8
1335820 576.8
1335830 576.6
1335840 576.3
1335850 576.3
1335860 576.0
1335870 575.8
1335880 575.8
1335890 575.7
1335900 575.5
1335910 575.5
1335920 575.3
1335930 575.0
1335940 575.0
1335950 574.8
1335960 574.5
1335970 574.1
1335980 574.1
1335990 573.8
1336000 573.5
1336010 573.5
1336020 573.4
1336030 573.4
1336040 573.4
1336050 573.3
1336060 573.2
1336070 573.2
1336080 572.9
1336090 572.9
1336100 572.9
1336110 572.9
1336120 572.8
1336130 572.8
1336140 572.7
1336150 572.6
1336160 572.6
1336170 572.6
1336180 572.7
1336190 572.7
1336200 572.7
1336210 572.6
1336220 572.6
1336230 572.4
1336240 572.1
1336250 572.1
1336260 572.0
1336270 572.0
1336280 572.0
1336290 571.9
1336300 571.9
1336310 572.0
1336320 572.0
1336330 571.9
1336340 571.8
1336350 571.8
1336360 571.7
1336370 571.7
1336380 571.7
1336390 571.6
1336400 571.5
1336410 571.5
1336420 571.5
1336430 571.3
1336440 571.3
1336450 571.3
1336460 571.3
1336470 571.3
1336480 571.2
1336490 571.2
1336500 571.2
1336510 571.1
1336520 571.1
1336530 571.1
1336540 571.0
1336550 571.0
1336560 571.0
1336570 571.0
1336580 570.9
1336590 570.9
1336600 570.8
1336610 570.7
1336620 570.7
1336630 570.6
1336640 570.5
1336650 570.5
1336660 570.5
1336670 570.5
1336680 570.5
1336690 570.5
1336700 570.4
1336710 570.4
1336720 570.4
1336730 570.4
1336740 570.5
1336750 570.5
1336760 570.4
1336770 570.5
1336780 570.5
1336790 570.9
1336800 571.1
1336810 571.1
1336820 570.6
1336830 570.2
1336840 570.2
1336850 570.1
1336860 570.0
1336870 570.0
1336880 570.1
1336890 570.4
1336900 570.4
1336910 571.0
1336920 572.2
1336930 572.2
1336940 574.0
1336950 576.7
1336960 576.7
1336970 579.3
1336980 581.4
1336990 583.1
1337000 583.1
1337010 584.2
1337020 584.5
1337030 584.5
1337040 584.8
1337050 587.4
1337060 587.4
1337070 590.8
1337080 594.2
1337090 594.2
1337100 597.7
1337110 599.6
1337120 599.6
1337130 600.4
1337140 600.4
1337150 600.4
1337160 598.3
1337170 598.4
1337180 598.4
1337190 602.5
1337200 604.5
1337210 604.5
1337220 605.4
1337230 607.4
1337240 607.4
1337250 610.7
1337260 614.9
1337270 614.9
1337280 617.1
1337290 615.5
1337300 615.5
1337310 615.3
1337320 617.0
1337330 621.9
1337340 621.9
1337350 624.3
1337360 621.7
1337370 621.7
1337380 621.1
1337390 624.0
1337400 624.0
1337410 622.2
1337420 619.8
1337430 619.8
1337440 621.6
1337450 625.6
1337460 625.6
1337470 629.2
1337480 633.5
1337490 633.5
1337500 637.2
1337510 639.1
1337520 639.1
1337530 640.6
1337540 641.8
1337550 641.8
1337560 642.8
1337570 644.0
1337580 644.0
1337590 645.3
1337600 646.5
1337610 646.5
1337620 647.7
1337630 649.0
1337640 649.0
1337650 650.1
1337660 650.7
1337670 651.0
1337680 651.0
1337690 651.2
1337700 651.5
1337710 651.5
1337720 651.6
1337730 651.5
1337740 651.5
1337750 651.3
1337760 651.1
1337770 651.1
1337780 650.7
1337790 650.1
1337800 650.1
1337810 649.4
1337820 648.6
1337830 648.6
1337840 647.6
1337850 646.5
1337860 646.5
1337870 645.3
1337880 644.1
1337890 644.1
1337900 642.9
1337910 641.8
1337920 641.8
1337930 640.8
1337940 639.6
1337950 639.6
1337960 638.7
1337970 637.8
1337980 637.8
1337990 636.7
1338000 635.5
1338010 634.2
1338020 634.2
1338030 632.5
1338040 630.7
1338050 630.7
1338060 628.8
1338070 626.7
1338080 626.7
1338090 624.4
1338100 621.7
1338110 621.7
1338120 619.3
1338130 616.6
1338140 616.6
1338150 613.9
1338160 611.5
1338170 611.5
1338180 609.4
1338190 607.9
1338200 607.6
1338210 606.1
1338220 604.6
1338230 604.6
1338240 603.5
1338250 603.2
1338260 603.2
1338270 603.4
1338280 604.4
1338290 604.4
1338300 604.6
1338310 604.6
1338320 604.6
1338330 605.4
1338340 606.9
1338350 606.9
1338360 610.7
1338370 615.7
1338380 618.4
1338390 618.4
1338400 619.2
1338410 619.3
1338420 619.3
1338430 620.5
1338440 622.6
1338450 622.6
1338460 623.6
1338470 624.0
1338480 624.0
1338490 624.5
1338500 624.9
1338510 624.9
1338520 625.0
1338530 625.9
1338540 625.9
1338550 627.7
1338560 628.5
1338570 628.5
1338580 628.8
1338590 629.1
1338600 629.1
1338610 629.2
1338620 629.0
1338630 629.0
1338640 628.5
1338650 627.8
1338660 627.8
1338670 626.7
1338680 625.6
1338690 625.6
1338700 624.6
1338710 623.7
1338720 622.8
1338730 622.8
1338740 622.1
1338750 621.5
1338760 621.5
1338770 620.5
1338780 620.9
1338790 620.9
1338800 620.9
1338810 620.8
1338820 620.8
1338830 620.9
1338840 621.1
1338850 621.1
1338860 621.8
1338870 623.2
1338880 623.2
1338890 624.3
1338900 625.6
1338910 625.6
1338920 627.3
1338930 628.9
1338940 628.9
1338950 630.2
1338960 631.3
1338970 631.3
1338980 630.6
1338990 627.1
1339000 627.1
1339010 624.5
1339020 624.8
1339030 624.8
1339040 626.5
1339050 629.3
1339060 633.8
1339070 633.8
1339080 634.9
1339090 636.1
1339100 636.1
1339110 636.4
1339120 636.3
1339130 636.3
1339140 636.2
1339150 636.5
1339160 636.5
1339170 636.9
1339180 637.2
1339190 637.2
1339200 637.4
1339210 637.7
1339220 637.7
1339230 638.0
1339240 638.3
1339250 638.3
1339260 638.8
1339270 639.5
1339280 639.5
1339290 639.9
1339300 640.2
1339310 640.2
1339320 640.3
1339330 640.4
1339340 640.4
1339350 640.4
1339360 640.5
1339370 640.5
1339380 640.7
1339390 641.0
1339400 641.3
1339410 641.3
1339420 641.5
1339430 641.6
1339440 641.6
1339450 641.6
1339460 641.5
1339470 641.5
1339480 641.2
1339490 640.8
1339500 640.8
1339510 640.3
1339520 639.8
1339530 639.8
1339540 639.3
1339550 638.8
1339560 638.8
1339570 638.6
1339580 638.5
1339590 638.5
1339600 638.7
1339610 639.0
1339620 639.0
1339630 639.4
1339640 639.3
1339650 639.3
1339660 639.1
1339670 639.0
1339680 639.0
1339690 639.3
1339700 639.3
1339710 639.3
1339720 639.1
1339730 638.6
1339740 637.1
1339750 637.1
1339760 633.7
1339770 629.4
1339780 629.4
1339790 624.5
1339800 620.3
1339810 620.3
1339820 619.8
1339830 621.5
1339840 621.5
1339850 627.5
1339860 634.1
1339870 634.1
1339880 639.5
1339890 641.2
1339900 641.2
1339910 641.5
1339920 641.8
1339930 641.8
1339940 642.1
1339950 642.5
1339960 642.2
1339970 642.5
1339980 642.9
1339990 642.9
