1320000 1088.1
1320010 1085.0
1320020 1085.0
1320030 1078.3
1320040 1073.3
1320050 1073.3
1320060 1070.9
1320070 1079.6
1320080 1079.6
1320090 1082.1
1320100 1087.6
1320110 1087.6
1320120 1093.2
1320130 1096.6
1320140 1096.6
1320150 1096.9
1320160 1092.6
1320170 1092.6
1320180 1090.2
1320190 1095.9
1320200 1095.9
1320210 1103.7
1320220 1115.2
1320230 1128.6
1320240 1128.6
1320250 1137.9
1320260 1147.8
1320270 1147.8
1320280 1157.0
1320290 1164.7
1320300 1164.7
1320310 1171.7
1320320 1179.3
1320330 1179.3
1320340 1187.6
1320350 1195.7
1320360 1195.7
1320370 1204.8
1320380 1212.0
1320390 1212.0
1320400 1219.0
1320410 1226.6
1320420 1226.6
1320430 1233.6
1320440 1240.6
1320450 1240.6
1320460 1249.0
1320470 1255.6
1320480 1255.6
1320490 1261.5
1320500 1267.2
1320510 1267.2
1320520 1272.7
1320530 1277.9
1320540 1277.9
1320550 1283.1
1320560 1288.3
1320570 1291.4
1320580 1291.4
1320590 1294.3
1320600 1297.5
1320610 1297.5
1320620 1300.7
1320630 1303.1
1320640 1303.1
1320650 1305.7
1320660 1306.7
1320670 1306.7
1320680 1307.5
1320690 1308.7
1320700 1308.7
1320710 1309.6
1320720 1308.4
1320730 1308.4
1320740 1305.8
1320750 1303.4
1320760 1303.4
1320770 1300.4
1320780 1293.9
1320790 1293.9
1320800 1285.9
1320810 1279.1
1320820 1279.1
1320830 1273.0
1320840 1266.9
1320850 1268.6
1320860 1266.4
1320870 1265.0
1320880 1265.0
1320890 1264.6
1320900 1263.8
1320910 1259.7
1320920 1259.7
1320930 1254.5
1320940 1249.3
1320950 1249.3
1320960 1244.1
1320970 1237.8
1320980 1237.8
1320990 1233.1
1321000 1232.2
1321010 1232.2
1321020 1228.0
1321030 1222.9
1321040 1222.9
1321050 1215.8
1321060 1206.9
1321070 1206.9
1321080 1198.7
1321090 1193.0
1321100 1193.0
1321110 1194.0
1321120 1193.9
1321130 1193.9
1321140 1193.8
1321150 1193.2
1321160 1193.2
1321170 1192.1
1321180 1191.5
1321190 1191.5
1321200 1189.2
1321210 1185.6
1321220 1185.6
1321230 1181.5
1321240 1177.5
1321250 1175.3
1321260 1175.3
1321270 1172.7
1321280 1170.2
1321290 1170.2
1321300 1167.1
1321310 1163.8
1321320 1163.8
1321330 1159.8
1321340 1155.8
1321350 1155.8
1321360 1152.4
1321370 1149.3
1321380 1149.3
1321390 1146.2
1321400 1144.4
1321410 1144.4
1321420 1143.2
1321430 1141.9
1321440 1141.9
1321450 1140.7
1321460 1139.8
1321470 1139.8
1321480 1139.1
1321490 1137.8
1321500 1137.8
1321510 1136.1
1321520 1133.8
1321530 1133.8
1321540 1130.9
1321550 1127.6
1321560 1127.6
1321570 1124.3
1321580 1120.5
1321590 1120.5
1321600 1116.8
1321610 1113.7
1321620 1110.9
1321630 1114.1
1321640 1110.9
1321650 1107.8
1321660 1107.8
1321670 1104.3
1321680 1100.9
1321690 1100.9
1321700 1097.6
1321710 1094.4
1321720 1094.4
1321730 1093.2
1321740 1092.4
1321750 1092.4
1321760 1092.4
1321770 1092.8
1321780 1092.8
1321790 1093.5
1321800 1094.4
1321810 1094.4
1321820 1095.2
1321830 1095.8
1321840 1095.8
1321850 1096.5
1321860 1097.3
1321870 1097.3
1321880 1098.3
1321890 1099.6
1321900 1099.6
1321910 1101.3
1321920 1103.8
1321930 1103.8
1321940 1107.5
1321950 1112.2
1321960 1117.9
1321970 1117.9
1321980 1124.9
1321990 1130.9
1322000 1130.9
1322010 1134.2
1322020 1138.1
1322030 1138.1
1322040 1141.9
1322050 1144.6
1322060 1144.6
1322070 1146.9
1322080 1149.2
1322090 1149.2
1322100 1151.8
1322110 1154.2
1322120 1154.2
1322130 1157.4
1322140 1161.9
1322150 1161.9
1322160 1166.7
1322170 1170.5
1322180 1170.5
1322190 1171.2
1322200 1168.1
1322210 1168.1
1322220 1165.1
1322230 1164.5
1322240 1164.5
1322250 1165.3
1322260 1165.1
1322270 1165.1
1322280 1163.5
1322290 1160.1
1322300 1158.8
1322310 1158.8
1322320 1161.0
1322330 1162.7
1322340 1162.7
1322350 1163.5
1322360 1165.1
1322370 1165.1
1322380 1166.8
1322390 1168.6
1322400 1168.6
1322410 1169.8
1322420 1162.2
1322430 1162.2
1322440 1162.0
1322450 1161.5
1322460 1161.5
1322470 1160.8
1322480 1159.5
1322490 1159.5
1322500 1158.4
1322510 1157.4
1322520 1157.4
1322530 1157.2
1322540 1157.7
1322550 1157.7
1322560 1158.5
1322570 1159.9
1322580 1159.9
1322590 1161.1
1322600 1162.1
1322610 1162.1
1322620 1162.8
1322630 1163.4
1322640 1164.3
1322650 1164.3
1322660 1164.8
1322670 1164.5
1322680 1164.5
1322690 1163.7
1322700 1161.9
1322710 1161.9
1322720 1159.5
1322730 1156.6
1322740 1156.6
1322750 1154.1
1322760 1151.7
1322770 1151.7
1322780 1149.2
1322790 1146.1
1322800 1146.1
1322810 1142.4
1322820 1137.7
1322830 1137.7
1322840 1132.5
1322850 1127.9
1322860 1127.9
1322870 1123.6
1322880 1119.1
1322890 1119.1
1322900 1115.0
1322910 1111.5
1322920 1111.5
1322930 1108.6
1322940 1105.5
1322950 1105.5
1322960 1102.7
1322970 1101.6
1322980 1101.6
1322990 1101.3
1323000 1100.7
1323010 1099.5
1323020 1099.5
1323030 1099.6
1323040 1102.2
1323050 1102.2
1323060 1104.6
1323070 1105.5
1323080 1105.5
1323090 1104.8
1323100 1102.9
1323110 1102.9
1323120 1100.5
1323130 1098.5
1323140 1098.5
1323150 1095.2
1323160 1091.7
1323170 1091.7
1323180 1088.8
1323190 1086.0
1323200 1086.0
1323210 1076.5
1323220 1075.4
1323230 1075.4
1323240 1074.0
1323250 1071.2
1323260 1071.2
1323270 1067.9
1323280 1064.5
1323290 1064.5
1323300 1060.9
1323310 1056.9
1323320 1056.9
1323330 1053.2
1323340 1049.6
1323350 1045.8
1323360 1045.8
1323370 1041.9
1323380 1037.8
1323390 1037.8
1323400 1033.4
1323410 1029.4
1323420 1029.4
1323430 1025.5
1323440 1020.8
1323450 1020.8
1323460 1015.3
1323470 1008.9
1323480 1008.9
1323490 1002.2
1323500 995.7
1323510 995.7
1323520 988.9
1323530 982.3
1323540 982.3
1323550 975.0
1323560 967.8
1323570 967.8
1323580 961.0
1323590 954.8
1323600 954.8
1323610 948.7
1323620 942.2
1323630 942.2
1323640 935.6
1323650 928.9
1323660 928.9
1323670 922.1
1323680 915.6
1323690 909.6
1323700 909.6
1323710 903.0
1323720 896.6
1323730 896.6
1323740 891.2
1323750 886.3
1323760 886.3
1323770 881.9
1323780 877.4
1323790 877.4
1323800 872.5
1323810 866.9
1323820 866.9
1323830 861.0
1323840 854.9
1323850 854.9
1323860 848.3
1323870 841.6
1323880 841.6
1323890 833.9
1323900 825.5
1323910 825.5
1323920 817.2
1323930 809.0
1323940 809.0
1323950 801.6
1323960 794.0
1323970 794.0
1323980 786.7
1323990 780.1
1324000 778.4
1324010 771.3
1324020 761.9
1324030 756.9
1324040 756.9
1324050 751.5
1324060 744.5
1324070 744.5
1324080 737.8
1324090 731.9
1324100 731.9
1324110 725.6
1324120 719.2
1324130 719.2
1324140 714.7
1324150 709.2
1324160 709.2
1324170 702.7
1324180 696.8
1324190 696.8
1324200 690.9
1324210 684.5
1324220 684.5
1324230 678.4
1324240 672.5
1324250 672.5
1324260 669.2
1324270 667.4
1324280 667.4
1324290 666.7
1324300 667.1
1324310 667.1
1324320 667.4
1324330 667.8
1324340 667.8
1324350 669.4
1324360 671.8
1324370 676.0
1324380 676.0
1324390 680.2
1324400 681.6
1324410 681.6
1324420 683.3
1324430 687.5
1324440 687.5
1324450 690.5
1324460 696.7
1324470 696.7
1324480 702.1
1324490 705.6
1324500 705.6
1324510 707.5
1324520 708.5
1324530 708.5
1324540 709.9
1324550 711.2
1324560 711.2
1324570 712.1
1324580 713.2
1324590 713.2
1324600 715.4
1324610 718.1
1324620 718.1
1324630 720.9
1324640 722.0
1324650 722.0
1324660 722.9
1324670 723.9
1324680 723.9
1324690 727.2
1324700 730.0
1324710 730.0
1324720 732.6
1324730 738.8
1324740 747.7
1324750 747.7
1324760 753.6
1324770 758.0
1324780 758.0
1324790 762.7
1324800 760.7
1324810 760.7
1324820 765.1
1324830 770.7
1324840 770.7
1324850 777.3
1324860 784.7
1324870 784.7
1324880 791.2
1324890 797.4
1324900 797.4
1324910 801.9
1324920 801.1
1324930 801.1
1324940 808.3
1324950 820.6
1324960 820.6
1324970 832.5
1324980 839.6
1324990 839.6
1325000 843.5
1325010 846.8
1325020 846.8
1325030 850.6
1325040 858.6
1325050 858.6
1325060 877.2
1325070 888.5
1325080 891.2
1325090 891.2
1325100 891.6
1325110 893.2
1325120 893.2
1325130 897.7
1325140 903.7
1325150 903.7
1325160 909.5
1325170 916.1
1325180 916.1
1325190 926.1
1325200 935.6
1325210 935.6
1325220 942.3
1325230 946.6
1325240 946.6
1325250 951.0
1325260 955.5
1325270 955.5
1325280 961.3
1325290 968.3
1325300 968.3
1325310 978.1
1325320 987.1
1325330 987.1
1325340 995.1
1325350 1003.4
1325360 1003.4
1325370 1012.8
1325380 1015.4
1325390 1015.4
1325400 1014.3
1325410 1015.3
1325420 1016.8
1325430 1016.8
1325440 1014.9
1325450 1013.1
1325460 1013.1
1325470 1015.4
1325480 1019.4
1325490 1019.4
1325500 1023.9
1325510 1029.3
1325520 1029.3
1325530 1035.9
1325540 1041.9
1325550 1041.9
1325560 1042.6
1325570 1048.4
1325580 1048.4
1325590 1056.7
1325600 1065.0
1325610 1064.5
1325620 1070.3
1325630 1074.1
1325640 1074.1
1325650 1075.9
1325660 1076.5
1325670 1076.5
1325680 1078.6
1325690 1081.8
1325700 1081.8
1325710 1083.8
1325720 1085.0
1325730 1085.0
1325740 1089.6
1325750 1094.4
1325760 1098.1
1325770 1098.1
1325780 1101.2
1325790 1104.1
1325800 1104.1
1325810 1107.7
1325820 1111.5
1325830 1111.5
1325840 1115.0
1325850 1117.5
1325860 1117.5
1325870 1119.3
1325880 1120.7
1325890 1120.7
1325900 1123.3
1325910 1126.3
1325920 1126.3
1325930 1129.6
1325940 1132.8
1325950 1132.8
1325960 1136.0
1325970 1138.7
1325980 1138.7
1325990 1141.6
1326000 1144.8
1326010 1144.8
1326020 1147.7
1326030 1150.2
1326040 1150.2
1326050 1152.9
1326060 1154.9
1326070 1154.9
1326080 1154.4
1326090 1151.3
1326100 1150.2
1326110 1150.2
1326120 1152.6
1326130 1156.5
1326140 1156.5
1326150 1161.5
1326160 1166.6
1326170 1166.6
1326180 1171.8
1326190 1175.8
1326200 1175.8
1326210 1178.5
1326220 1182.0
1326230 1182.0
1326240 1186.3
1326250 1189.2
1326260 1189.2
1326270 1194.9
1326280 1204.9
1326290 1204.9
1326300 1213.1
1326310 1219.5
1326320 1219.5
1326330 1225.0
1326340 1230.3
1326350 1230.3
1326360 1236.2
1326370 1242.5
1326380 1242.5
1326390 1248.3
1326400 1254.3
1326410 1254.4
1326420 1260.5
1326430 1266.7
1326440 1266.7
1326450 1273.2
1326460 1279.1
1326470 1284.0
1326480 1284.0
1326490 1288.4
1326500 1292.5
1326510 1292.5
1326520 1295.9
1326530 1298.2
1326540 1298.2
1326550 1299.8
1326560 1300.0
1326570 1300.0
1326580 1298.9
1326590 1298.5
1326600 1298.5
1326610 1297.7
1326620 1296.1
1326630 1296.1
1326640 1294.5
1326650 1292.4
1326660 1292.4
1326670 1289.9
1326680 1286.9
1326690 1286.9
1326700 1286.2
1326710 1287.2
1326720 1287.2
1326730 1288.7
1326740 1291.0
1326750 1291.0
1326760 1293.6
1326770 1296.0
1326780 1296.0
1326790 1298.4
1326800 1301.3
1326810 1304.3
1326820 1304.3
1326830 1307.0
1326840 1310.5
1326850 1310.5
1326860 1313.6
1326870 1315.9
1326880 1315.9
1326890 1318.7
1326900 1321.6
1326910 1321.6
1326920 1325.0
1326930 1328.3
1326940 1328.3
1326950 1331.2
1326960 1333.6
1326970 1333.6
1326980 1335.8
1326990 1338.1
1327000 1338.1
1327010 1340.9
1327020 1344.4
1327030 1344.4
1327040 1347.6
1327050 1351.8
1327060 1351.8
1327070 1355.1
1327080 1357.4
1327090 1357.4
1327100 1359.1
1327110 1360.6
1327120 1360.6
1327130 1361.7
1327140 1361.4
1327150 1361.1
1327160 1361.1
1327170 1361.4
1327180 1361.5
1327190 1361.5
1327200 1360.9
1327210 1359.6
1327220 1354.6
1327230 1353.1
1327240 1351.8
1327250 1351.8
1327260 1350.1
1327270 1348.2
1327280 1348.2
1327290 1346.9
1327300 1346.3
1327310 1346.3
1327320 1346.0
1327330 1345.7
1327340 1345.7
1327350 1345.3
1327360 1346.8
1327370 1346.8
1327380 1348.0
1327390 1349.9
1327400 1349.9
1327410 1354.5
1327420 1359.8
1327430 1359.8
1327440 1362.3
1327450 1365.9
1327460 1365.9
1327470 1373.1
1327480 1379.5
1327490 1385.1
1327500 1385.1
1327510 1390.3
1327520 1394.2
1327530 1394.2
1327540 1398.7
1327550 1404.2
1327560 1404.2
1327570 1409.3
1327580 1414.2
1327590 1414.2
1327600 1418.7
1327610 1420.7
1327620 1420.7
1327630 1422.9
1327640 1425.0
1327650 1425.0
1327660 1426.8
1327670 1428.7
1327680 1428.7
1327690 1430.6
1327700 1432.6
1327710 1432.6
1327720 1433.6
1327730 1432.4
1327740 1432.4
1327750 1431.2
1327760 1428.9
1327770 1428.9
1327780 1425.6
1327790 1421.8
1327800 1421.8
1327810 1417.4
1327820 1412.7
1327830 1407.2
1327840 1407.2
1327850 1401.2
1327860 1397.3
1327870 1397.3
1327880 1394.2
1327890 1391.3
1327900 1391.3
1327910 1389.6
1327920 1387.8
1327930 1387.8
1327940 1385.9
1327950 1384.2
1327960 1384.2
1327970 1383.3
1327980 1382.8
1327990 1382.8
1328000 1381.8
1328010 1379.6
1328020 1379.6
1328030 1376.6
1328040 1372.5
1328050 1372.5
1328060 1366.5
1328070 1360.7
1328080 1360.7
1328090 1355.6
1328100 1349.9
1328110 1349.9
1328120 1343.9
1328130 1343.1
1328140 1343.1
1328150 1345.7
1328160 1346.5
1328170 1346.5
1328180 1345.7
1328190 1344.1
1328200 1342.6
1328210 1342.6
1328220 1340.6
1328230 1338.3
1328240 1338.3
1328250 1336.9
1328260 1336.6
1328270 1336.6
1328280 1336.2
1328290 1334.5
1328300 1334.5
1328310 1331.0
1328320 1335.9
1328330 1335.9
1328340 1339.2
1328350 1336.1
1328360 1336.1
1328370 1329.6
1328380 1324.1
1328390 1324.1
1328400 1317.9
1328410 1308.8
1328420 1308.8
1328430 1307.6
1328440 1315.3
1328450 1315.3
1328460 1324.8
1328470 1332.7
1328480 1332.7
1328490 1340.6
1328500 1348.5
1328510 1348.5
1328520 1356.0
1328530 1362.5
1328540 1368.4
1328550 1368.4
1328560 1374.2
1328570 1380.2
1328580 1380.2
1328590 1386.3
1328600 1392.5
1328610 1392.5
1328620 1397.8
1328630 1403.0
1328640 1403.0
1328650 1409.0
1328660 1414.7
1328670 1414.7
1328680 1420.0
1328690 1425.0
1328700 1425.0
1328710 1429.8
1328720 1434.3
1328730 1434.3
1328740 1438.6
1328750 1441.7
1328760 1441.7
1328770 1444.4
1328780 1446.9
1328790 1446.9
1328800 1449.3
1328810 1452.5
1328820 1452.5
1328830 1457.3
1328840 1461.8
1328850 1461.8
1328860 1459.0
1328870 1456.9
1328880 1451.9
1328890 1451.9
1328900 1449.8
1328910 1452.7
1328920 1452.7
1328930 1456.8
1328940 1460.6
1328950 1460.6
1328960 1462.8
1328970 1461.3
1328980 1461.3
1328990 1456.9
1329000 1451.4
1329010 1451.4
1329020 1446.3
1329030 1443.6
1329040 1443.6
1329050 1444.0
1329060 1444.8
1329070 1444.8
1329080 1444.6
1329090 1440.0
1329100 1440.0
1329110 1432.8
1329120 1424.7
1329130 1424.7
1329140 1418.3
1329150 1418.6
1329160 1418.6
1329170 1420.1
1329180 1421.8
1329190 1421.8
1329200 1420.9
1329210 1416.0
1329220 1414.6
1329230 1414.6
1329240 1419.4
1329250 1423.0
1329260 1423.0
1329270 1418.7
1329280 1412.7
1329290 1412.7
1329300 1414.8
1329310 1415.7
1329320 1415.7
1329330 1413.5
1329340 1411.0
1329350 1411.0
1329360 1408.0
1329370 1409.5
1329380 1409.5
1329390 1418.7
1329400 1427.2
1329410 1427.2
1329420 1436.0
1329430 1441.3
1329440 1441.3
1329450 1443.8
1329460 1448.5
1329470 1448.5
1329480 1451.9
1329490 1453.9
1329500 1453.9
1329510 1458.0
1329520 1461.0
1329530 1461.0
1329540 1465.7
1329550 1473.4
1329560 1484.4
1329570 1484.4
1329580 1497.2
1329590 1504.2
1329600 1504.2
1329610 1511.2
1329620 1517.4
1329630 1517.4
1329640 1528.1
1329650 1537.0
1329660 1537.0
1329670 1544.9
1329680 1552.3
1329690 1550.3
1329700 1557.7
1329710 1565.7
1329720 1565.7
1329730 1571.9
1329740 1576.6
1329750 1576.6
1329760 1584.9
1329770 1595.1
1329780 1595.1
1329790 1602.9
1329800 1611.1
1329810 1611.1
1329820 1620.4
1329830 1631.0
1329840 1631.0
1329850 1637.2
1329860 1642.5
1329870 1642.5
1329880 1648.3
1329890 1655.3
1329900 1655.3
1329910 1661.2
1329920 1668.1
1329930 1676.6
1329940 1676.6
1329950 1682.1
1329960 1688.2
1329970 1688.2
1329980 1692.1
1329990 1694.8
1330000 1694.8
1330010 1698.4
1330020 1702.0
1330030 1702.0
1330040 1707.3
1330050 1712.1
1330060 1712.1
1330070 1717.2
1330080 1723.0
1330090 1723.0
1330100 1726.7
1330110 1728.9
1330120 1728.9
1330130 1729.7
1330140 1729.6
1330150 1729.6
1330160 1729.5
1330170 1729.2
1330180 1729.2
1330190 1729.7
1330200 1731.2
1330210 1731.2
1330220 1732.3
1330230 1733.6
1330240 1733.6
1330250 1735.5
1330260 1738.5
1330270 1737.8
1330280 1737.8
1330290 1734.6
1330300 1730.9
1330310 1730.9
1330320 1725.3
1330330 1720.5
1330340 1720.5
1330350 1716.1
1330360 1712.3
1330370 1712.3
1330380 1709.7
1330390 1708.5
1330400 1708.5
1330410 1709.2
1330420 1708.8
1330430 1708.8
1330440 1705.6
1330450 1701.0
1330460 1701.0
1330470 1698.5
1330480 1699.6
1330490 1699.6
1330500 1692.1
1330510 1683.7
1330520 1686.0
1330530 1678.1
1330540 1670.4
1330550 1670.4
1330560 1663.4
1330570 1657.5
1330580 1657.5
1330590 1652.4
1330600 1651.6
1330610 1652.6
1330620 1652.6
1330630 1653.0
1330640 1651.6
1330650 1651.6
1330660 1645.1
1330670 1635.9
1330680 1635.9
1330690 1622.8
1330700 1614.7
1330710 1614.7
1330720 1607.2
1330730 1603.1
1330740 1603.1
1330750 1599.6
1330760 1598.8
1330770 1598.8
1330780 1593.6
1330790 1586.7
1330800 1586.7
1330810 1578.2
1330820 1569.0
1330830 1569.0
1330840 1561.1
1330850 1553.8
1330860 1553.8
1330870 1550.6
1330880 1545.5
1330890 1545.5
1330900 1549.4
1330910 1546.7
1330920 1546.7
1330930 1539.4
1330940 1530.1
1330950 1528.6
1330960 1528.6
1330970 1535.8
1330980 1543.7
1330990 1543.7
1331000 1552.1
1331010 1558.3
1331020 1558.3
1331030 1563.3
1331040 1567.9
1331050 1567.9
1331060 1574.4
1331070 1582.0
1331080 1582.0
1331090 1592.6
1331100 1599.9
1331110 1599.9
1331120 1600.3
1331130 1604.0
1331140 1604.0
1331150 1609.4
1331160 1615.3
1331170 1615.3
1331180 1623.6
1331190 1631.6
1331200 1631.6
1331210 1638.1
1331220 1644.9
1331230 1644.9
1331240 1651.6
1331250 1658.5
1331260 1658.5
1331270 1663.5
1331280 1664.4
1331290 1667.2
1331300 1667.2
1331310 1670.9
1331320 1675.7
1331330 1675.7
1331340 1677.7
1331350 1685.6
1331360 1685.6
1331370 1690.4
1331380 1695.1
1331390 1695.1
1331400 1701.8
1331410 1708.0
1331420 1708.0
1331430 1714.1
1331440 1720.6
1331450 1720.6
1331460 1726.9
1331470 1733.2
1331480 1733.2
1331490 1736.9
1331500 1736.8
1331510 1736.8
1331520 1734.9
1331530 1733.3
1331540 1733.3
1331550 1728.9
1331560 1723.1
1331570 1723.1
1331580 1719.2
1331590 1718.1
1331600 1718.1
1331610 1713.4
1331620 1705.5
1331630 1705.5
1331640 1697.9
1331650 1691.2
1331660 1684.0
1331670 1684.0
1331680 1675.7
1331690 1666.0
1331700 1666.0
1331710 1654.6
1331720 1646.2
1331730 1646.2
1331740 1640.8
1331750 1638.1
1331760 1638.1
1331770 1627.4
1331780 1602.9
1331790 1602.9
1331800 1587.7
1331810 1579.5
1331820 1579.5
1331830 1571.4
1331840 1562.9
1331850 1562.9
1331860 1553.8
1331870 1548.2
1331880 1548.2
1331890 1544.5
1331900 1536.2
1331910 1536.2
1331920 1526.0
1331930 1513.9
1331940 1513.9
1331950 1499.2
1331960 1488.3
1331970 1488.3
1331980 1479.9
1331990 1467.5
1332000 1457.4
1332010 1457.4
1332020 1448.2
1332030 1438.9
1332040 1438.9
1332050 1431.6
1332060 1433.0
1332070 1433.0
1332080 1434.7
1332090 1432.1
1332100 1432.1
1332110 1432.1
1332120 1435.2
1332130 1435.2
1332140 1434.0
1332150 1422.4
1332160 1422.4
1332170 1410.5
1332180 1400.3
1332190 1394.2
1332200 1383.0
1332210 1375.2
1332220 1375.2
1332230 1368.1
1332240 1352.9
1332250 1352.9
1332260 1339.0
1332270 1332.5
1332280 1332.5
1332290 1320.5
1332300 1312.9
1332310 1312.9
1332320 1308.2
1332330 1317.0
1332340 1335.0
1332350 1335.0
1332360 1342.2
1332370 1349.7
1332380 1349.7
1332390 1355.5
1332400 1355.5
1332410 1355.5
1332420 1353.2
1332430 1350.1
1332440 1350.1
1332450 1346.1
1332460 1338.9
1332470 1338.9
1332480 1333.8
1332490 1332.2
1332500 1332.2
1332510 1333.9
1332520 1327.3
1332530 1327.3
1332540 1321.9
1332550 1317.6
1332560 1317.6
1332570 1314.0
1332580 1311.2
1332590 1311.2
1332600 1304.5
1332610 1293.9
1332620 1293.9
1332630 1278.9
1332640 1263.6
1332650 1263.6
1332660 1249.7
1332670 1238.3
1332680 1227.5
1332690 1227.5
1332700 1219.5
1332710 1212.9
1332720 1212.9
1332730 1206.4
1332740 1199.8
1332750 1199.8
1332760 1189.6
1332770 1175.2
1332780 1175.2
1332790 1162.8
1332800 1153.7
1332810 1153.7
1332820 1144.7
1332830 1137.3
1332840 1137.3
1332850 1131.1
1332860 1124.6
1332870 1124.6
1332880 1118.0
1332890 1112.3
1332900 1112.3
1332910 1107.7
1332920 1104.1
1332930 1104.1
1332940 1099.8
1332950 1095.4
1332960 1095.4
1332970 1091.5
1332980 1087.1
1332990 1087.1
1333000 1083.8
1333010 1078.9
1333020 1074.3
1333030 1073.2
1333040 1066.9
1333050 1060.6
1333060 1060.6
1333070 1058.8
1333080 1058.1
1333090 1058.1
1333100 1057.1
1333110 1055.6
1333120 1055.6
1333130 1053.2
1333140 1049.0
1333150 1049.0
1333160 1046.5
1333170 1042.3
1333180 1042.3
1333190 1038.1
1333200 1039.2
1333210 1039.2
1333220 1040.9
1333230 1042.3
1333240 1042.3
1333250 1044.4
1333260 1045.9
1333270 1045.9
1333280 1048.7
1333290 1050.1
1333300 1050.1
1333310 1052.2
1333320 1053.5
1333330 1053.5
1333340 1054.5
1333350 1055.5
1333360 1055.5
1333370 1057.1
1333380 1059.1
1333390 1061.9
1333400 1061.9
1333410 1065.2
1333420 1068.2
1333430 1068.2
1333440 1072.0
1333450 1075.4
1333460 1075.4
1333470 1078.6
1333480 1080.7
1333490 1080.7
1333500 1082.3
1333510 1085.0
1333520 1085.0
1333530 1087.8
1333540 1090.4
1333550 1090.4
1333560 1093.4
1333570 1095.5
1333580 1095.5
1333590 1096.7
1333600 1097.9
1333610 1097.9
1333620 1098.0
1333630 1094.2
1333640 1094.2
1333650 1090.3
1333660 1088.1
1333670 1088.1
1333680 1086.7
1333690 1086.0
1333700 1086.0
1333710 1085.0
1333720 1084.3
1333730 1083.9
1333740 1083.9
1333750 1085.3
1333760 1088.3
1333770 1088.3
1333780 1090.3
1333790 1091.7
1333800 1091.7
1333810 1094.1
1333820 1094.6
1333830 1094.6
1333840 1094.6
1333850 1092.6
1333860 1092.6
1333870 1090.5
1333880 1079.8
1333890 1079.8
1333900 1075.4
1333910 1071.8
1333920 1071.8
1333930 1072.3
1333940 1073.6
1333950 1073.6
1333960 1075.5
1333970 1076.9
1333980 1076.9
1333990 1077.0
1334000 1076.5
1334010 1076.5
1334020 1076.1
1334030 1076.4
1334040 1076.4
1334050 1076.4
1334060 1076.8
1334070 1077.8
1334080 1077.8
1334090 1079.0
1334100 1079.5
1334110 1079.5
1334120 1080.5
1334130 1081.7
1334140 1081.7
1334150 1082.4
1334160 1083.8
1334170 1083.8
1334180 1086.1
1334190 1087.5
1334200 1087.5
1334210 1088.9
1334220 1087.9
1334230 1087.9
1334240 1083.7
1334250 1078.0
1334260 1078.0
1334270 1076.7
1334280 1077.6
1334290 1077.6
1334300 1071.3
1334310 1064.3
1334320 1064.3
1334330 1060.6
1334340 1057.6
1334350 1057.6
1334360 1055.2
1334370 1053.6
1334380 1053.6
1334390 1052.9
1334400 1051.9
1334410 1051.7
1334420 1051.7
1334430 1053.3
1334440 1057.7
1334450 1057.7
1334460 1058.7
1334470 1055.8
1334480 1055.8
1334490 1052.3
1334500 1049.9
1334510 1049.9
1334520 1044.5
1334530 1037.5
1334540 1037.5
1334550 1029.9
1334560 1022.0
1334570 1022.0
1334580 1014.2
1334590 1006.6
1334600 1006.6
1334610 999.1
1334620 991.9
1334630 991.9
1334640 984.7
1334650 976.0
1334660 976.0
1334670 965.7
1334680 955.5
1334690 955.5
1334700 944.4
1334710 932.6
1334720 932.6
1334730 925.4
1334740 916.0
1334750 908.6
1334760 908.6
1334770 898.8
1334780 887.6
1334790 887.6
1334800 877.2
1334810 871.3
1334820 871.3
1334830 869.6
1334840 868.2
1334850 868.2
1334860 862.4
1334870 853.7
1334880 853.7
1334890 844.1
1334900 836.1
1334910 836.1
1334920 833.1
1334930 833.1
1334940 833.1
1334950 834.2
1334960 837.3
1334970 837.3
1334980 839.1
1334990 839.5
1335000 839.5
1335010 839.1
1335020 839.3
1335030 839.3
1335040 843.5
1335050 850.2
1335060 850.2
1335070 853.9
1335080 855.6
1335090 855.6
1335100 858.4
1335110 859.2
1335120 860.6
1335130 860.6
1335140 864.8
1335150 868.6
1335160 868.6
1335170 868.1
1335180 865.9
1335190 865.9
1335200 864.7
1335210 863.7
1335220 863.7
1335230 862.2
1335240 859.9
1335250 859.9
1335260 857.5
1335270 855.0
1335280 855.0
1335290 852.1
1335300 846.9
1335310 846.9
1335320 843.6
1335330 840.0
1335340 840.0
1335350 835.6
1335360 836.8
1335370 836.8
1335380 843.9
1335390 846.4
1335400 846.4
1335410 843.0
1335420 839.4
1335430 839.4
1335440 834.7
1335450 827.8
1335460 822.1
1335470 822.1
1335480 818.2
1335490 814.8
1335500 814.8
1335510 811.6
1335520 806.1
1335530 806.1
1335540 798.4
1335550 785.5
1335560 785.5
1335570 775.5
1335580 771.8
1335590 765.2
1335600 763.6
1335610 762.5
1335620 762.5
1335630 759.8
1335640 756.0
1335650 756.0
1335660 752.6
1335670 749.6
1335680 749.6
1335690 746.1
1335700 741.7
1335710 741.7
1335720 736.3
1335730 732.2
1335740 732.2
1335750 729.2
1335760 726.4
1335770 726.4
1335780 723.7
1335790 720.5
1335800 717.0
1335810 717.0
1335820 714.7
1335830 713.1
1335840 713.1
1335850 711.8
1335860 710.8
1335870 710.8
1335880 710.0
1335890 708.9
1335900 708.9
1335910 707.1
1335920 705.6
1335930 705.6
1335940 704.5
1335950 702.4
1335960 702.4
1335970 700.1
1335980 698.4
1335990 698.4
1336000 697.0
1336010 694.7
1336020 694.7
1336030 692.1
1336040 688.9
1336050 688.9
1336060 683.5
1336070 677.7
1336080 677.7
1336090 676.9
1336100 677.5
1336110 677.5
1336120 673.5
1336130 668.3
1336140 666.5
1336150 666.5
1336160 665.6
1336170 665.4
1336180 665.4
1336190 666.9
1336200 668.7
1336210 668.7
1336220 668.2
1336230 666.9
1336240 666.9
1336250 665.4
1336260 663.3
1336270 663.3
1336280 661.8
1336290 660.9
1336300 660.9
1336310 658.8
1336320 658.1
1336330 658.1
1336340 655.6
1336350 649.6
1336360 649.6
1336370 645.9
1336380 644.7
1336390 644.7
1336400 648.6
1336410 653.4
1336420 653.4
1336430 652.8
1336440 651.8
1336450 651.4
1336460 650.7
1336470 650.2
1336480 650.1
1336490 650.1
1336500 648.2
1336510 645.1
1336520 645.1
1336530 642.3
1336540 642.2
1336550 642.2
1336560 644.8
1336570 645.4
1336580 645.4
1336590 643.5
1336600 639.2
1336610 639.2
1336620 636.3
1336630 632.4
1336640 632.4
1336650 627.2
1336660 625.5
1336670 625.5
1336680 623.2
1336690 617.7
1336700 617.7
1336710 614.0
1336720 612.7
1336730 612.7
1336740 611.1
1336750 608.7
1336760 608.7
1336770 605.9
1336780 603.6
1336790 603.6
1336800 601.7
1336810 599.8
1336820 599.8
1336830 597.5
1336840 595.0
1336850 592.8
1336860 592.8
1336870 591.0
1336880 589.5
1336890 589.5
1336900 588.7
1336910 588.2
1336920 588.2
1336930 587.9
1336940 588.0
1336950 588.0
1336960 588.5
1336970 588.7
1336980 588.7
1336990 588.6
1337000 588.6
1337010 588.6
1337020 588.7
1337030 588.7
1337040 588.7
1337050 588.7
1337060 588.8
1337070 588.8
1337080 589.0
1337090 589.2
1337100 589.2
1337110 589.4
1337120 589.6
1337130 589.6
1337140 589.6
1337150 589.6
1337160 589.6
1337170 589.2
1337180 588.8
1337190 588.4
1337200 588.4
1337210 588.0
1337220 587.8
1337230 587.8
1337240 587.6
1337250 587.5
1337260 587.5
1337270 587.4
1337280 587.6
1337290 587.6
1337300 587.8
1337310 588.3
1337320 587.4
1337330 587.8
1337340 588.1
1337350 588.1
1337360 588.5
1337370 588.6
1337380 588.6
1337390 588.7
1337400 588.8
1337410 588.8
1337420 589.0
1337430 588.9
1337440 588.9
1337450 588.7
1337460 588.6
1337470 588.6
1337480 588.5
1337490 588.4
1337500 588.4
1337510 588.4
1337520 588.4
1337530 588.7
1337540 588.7
1337550 589.0
1337560 589.0
1337570 589.0
1337580 589.2
1337590 589.4
1337600 589.4
1337610 589.7
1337620 590.6
1337630 590.6
1337640 593.7
1337650 594.5
1337660 594.5
1337670 594.9
1337680 594.9
1337690 594.9
1337700 594.9
1337710 594.3
1337720 594.3
1337730 593.2
1337740 592.5
1337750 592.5
1337760 591.7
1337770 590.1
1337780 590.1
1337790 588.3
1337800 586.6
1337810 586.6
1337820 585.5
1337830 584.7
1337840 584.7
1337850 584.0
1337860 583.6
1337870 583.6
1337880 583.6
1337890 583.0
1337900 582.1
1337910 582.1
1337920 581.3
1337930 580.8
1337940 580.8
1337950 580.4
1337960 580.2
1337970 580.2
1337980 579.8
1337990 578.7
1338000 578.7
1338010 577.0
1338020 574.6
1338030 574.6
1338040 571.7
1338050 569.8
1338060 569.8
1338070 568.8
1338080 568.3
1338090 568.3
1338100 567.9
1338110 567.8
1338120 567.8
1338130 568.0
1338140 568.2
1338150 568.2
1338160 568.4
1338170 568.6
1338180 568.6
1338190 568.3
1338200 568.5
1338210 568.6
1338220 568.6
1338230 568.5
1338240 568.4
1338250 568.4
1338260 568.4
1338270 568.3
1338280 568.3
1338290 568.2
1338300 568.1
1338310 568.1
1338320 568.2
1338330 568.2
1338340 568.2
1338350 568.1
1338360 568.0
1338370 568.0
1338380 568.0
1338390 567.9
1338400 567.9
1338410 567.8
1338420 568.1
1338430 568.1
1338440 569.1
1338450 568.5
1338460 568.5
1338470 567.4
1338480 567.1
1338490 567.1
1338500 566.8
1338510 566.4
1338520 566.4
1338530 565.9
1338540 565.5
1338550 565.5
1338560 565.1
1338570 564.7
1338580 564.4
1338590 564.4
1338600 564.3
1338610 564.2
1338620 564.2
1338630 564.0
1338640 564.0
1338650 564.0
1338660 564.1
1338670 563.9
1338680 563.9
1338690 563.8
1338700 563.9
1338710 563.9
1338720 563.7
1338730 563.7
1338740 563.7
1338750 563.8
1338760 563.8
1338770 563.8
1338780 563.7
1338790 563.6
1338800 563.6
1338810 563.4
1338820 563.2
1338830 563.2
1338840 563.5
1338850 564.3
1338860 564.3
1338870 566.3
1338880 567.9
1338890 567.9
1338900 569.6
1338910 570.6
1338920 572.0
1338930 572.0
1338940 573.9
1338950 575.4
1338960 575.4
1338970 576.4
1338980 577.5
1338990 577.5
1339000 579.2
1339010 580.5
1339020 580.5
1339030 581.7
1339040 583.5
1339050 583.5
1339060 588.7
1339070 589.8
1339080 589.8
1339090 591.0
1339100 592.6
1339110 592.6
1339120 594.5
1339130 595.3
1339140 595.3
1339150 596.4
1339160 598.2
1339170 598.2
1339180 599.8
1339190 601.2
1339200 601.2
1339210 602.4
1339220 603.7
1339230 603.7
1339240 605.1
1339250 606.3
1339260 607.1
1339270 607.1
1339280 607.3
1339290 607.2
1339300 607.2
1339310 607.5
1339320 607.5
1339330 607.5
1339340 607.9
1339350 608.4
1339360 608.4
1339370 608.4
1339380 607.8
1339390 607.8
1339400 607.0
1339410 605.9
1339420 605.9
1339430 605.2
1339440 604.8
1339450 604.8
1339460 604.5
1339470 604.2
1339480 604.2
1339490 602.7
1339500 596.4
1339510 596.4
1339520 588.9
1339530 583.8
1339540 583.8
1339550 580.8
1339560 577.8
1339570 577.8
1339580 576.1
1339590 577.7
1339600 582.0
1339610 582.0
1339620 583.0
1339630 583.5
1339640 583.5
1339650 586.3
1339660 587.9
1339670 587.9
1339680 589.2
1339690 590.1
1339700 590.1
1339710 590.6
1339720 590.8
1339730 590.8
1339740 590.9
1339750 592.9
1339760 592.9
1339770 597.9
1339780 604.5
1339790 604.5
1339800 610.5
1339810 613.8
1339820 613.8
1339830 614.9
1339840 615.5
1339850 615.5
1339860 616.1
1339870 616.6
1339880 616.6
1339890 617.0
1339900 617.6
1339910 617.6
1339920 618.5
1339930 619.5
1339940 620.4
1339950 621.1
1339960 621.9
1339970 622.5
1339980 622.5
1339990 623.1
