1320000 911.2
1320010 908.8
1320020 908.8
1320030 907.6
1320040 909.6
1320050 909.6
1320060 916.4
1320070 920.1
1320080 920.1
1320090 926.2
1320100 931.8
1320110 937.9
1320120 937.9
1320130 943.5
1320140 947.7
1320150 947.7
1320160 948.9
1320170 948.6
1320180 948.6
1320190 949.3
1320200 951.1
1320210 951.1
1320220 950.6
1320230 946.4
1320240 946.4
1320250 941.1
1320260 936.5
1320270 936.5
1320280 935.8
1320290 939.4
1320300 939.4
1320310 943.3
1320320 940.7
1320330 940.7
1320340 937.3
1320350 940.7
1320360 940.7
1320370 947.4
1320380 955.0
1320390 955.0
1320400 962.6
1320410 968.2
1320420 968.2
1320430 967.9
1320440 965.7
1320450 965.7
1320460 963.6
1320470 962.4
1320480 959.9
1320490 959.9
1320500 957.8
1320510 957.3
1320520 957.3
1320530 955.3
1320540 960.3
1320550 960.3
1320560 966.9
1320570 968.5
1320580 968.5
1320590 967.8
1320600 967.1
1320610 967.1
1320620 970.3
1320630 974.5
1320640 974.5
1320650 976.7
1320660 979.4
1320670 979.4
1320680 983.0
1320690 987.1
1320700 987.1
1320710 989.6
1320720 991.4
1320730 991.4
1320740 995.5
1320750 999.3
1320760 999.3
1320770 1001.9
1320780 1005.6
1320790 1005.6
1320800 1008.8
1320810 1011.1
1320820 1012.8
1320830 1012.8
1320840 1020.0
1320850 1022.0
1320860 1022.0
1320870 1023.6
1320880 1022.4
1320890 1022.4
1320900 1014.2
1320910 996.0
1320920 996.0
1320930 975.7
1320940 966.4
1320950 966.4
1320960 956.6
1320970 955.5
1320980 955.5
1320990 967.5
1321000 979.5
1321010 979.5
1321020 989.0
1321030 995.4
1321040 995.4
1321050 1001.9
1321060 1012.1
1321070 1012.1
1321080 1022.1
1321090 1029.6
1321100 1029.6
1321110 1036.0
1321120 1041.5
1321130 1041.5
1321140 1045.0
1321150 1048.8
1321160 1052.0
1321170 1052.0
1321180 1054.9
1321190 1057.3
1321200 1057.3
1321210 1060.5
1321220 1063.6
1321230 1063.6
1321240 1066.5
1321250 1069.2
1321260 1069.2
1321270 1072.4
1321280 1075.8
1321290 1075.8
1321300 1079.5
1321310 1083.3
1321320 1083.3
1321330 1086.6
1321340 1090.5
1321350 1090.5
1321360 1094.9
1321370 1099.2
1321380 1099.2
1321390 1103.5
1321400 1107.8
1321410 1107.8
1321420 1110.4
1321430 1114.9
1321440 1114.9
1321450 1119.1
1321460 1123.6
1321470 1123.6
1321480 1127.8
1321490 1132.4
1321500 1136.9
1321510 1136.9
1321520 1141.5
1321530 1146.1
1321540 1146.1
1321550 1151.0
1321560 1155.5
1321570 1155.5
1321580 1160.4
1321590 1166.1
1321600 1166.1
1321610 1172.2
1321620 1176.0
1321630 1176.0
1321640 1182.0
1321650 1188.1
1321660 1188.1
1321670 1194.3
1321680 1200.3
1321690 1200.3
1321700 1206.1
1321710 1212.1
1321720 1212.1
1321730 1219.1
1321740 1225.6
1321750 1225.6
1321760 1231.6
1321770 1237.3
1321780 1237.3
1321790 1241.7
1321800 1244.3
1321810 1244.3
1321820 1245.1
1321830 1244.4
1321840 1244.4
1321850 1243.0
1321860 1239.7
1321870 1234.1
1321880 1234.1
1321890 1226.0
1321900 1218.1
1321910 1218.1
1321920 1212.8
1321930 1210.7
1321940 1210.7
1321950 1206.7
1321960 1200.9
1321970 1200.9
1321980 1192.3
1321990 1183.0
1322000 1183.0
1322010 1176.2
1322020 1168.0
1322030 1168.0
1322040 1153.7
1322050 1140.7
1322060 1140.7
1322070 1131.1
1322080 1124.3
1322090 1124.3
1322100 1114.2
1322110 1103.1
1322120 1103.1
1322130 1088.5
1322140 1079.6
1322150 1079.6
1322160 1068.1
1322170 1058.4
1322180 1058.4
1322190 1053.2
1322200 1047.0
1322210 1050.9
1322220 1050.9
1322230 1054.9
1322240 1053.2
1322250 1053.2
1322260 1048.3
1322270 1039.9
1322280 1039.9
1322290 1035.0
1322300 1030.6
1322310 1030.6
1322320 1023.6
1322330 1016.2
1322340 1016.2
1322350 1012.0
1322360 1005.6
1322370 1005.6
1322380 998.7
1322390 992.0
1322400 992.0
1322410 995.8
1322420 989.2
1322430 989.2
1322440 981.3
1322450 975.9
1322460 975.9
1322470 970.7
1322480 964.5
1322490 964.5
1322500 957.8
1322510 949.3
1322520 949.3
1322530 938.3
1322540 929.4
1322550 924.3
1322560 924.3
1322570 921.9
1322580 916.5
1322590 916.5
1322600 911.5
1322610 906.4
1322620 906.4
1322630 899.8
1322640 893.0
1322650 893.0
1322660 887.5
1322670 883.2
1322680 883.2
1322690 879.7
1322700 875.9
1322710 875.9
1322720 872.1
1322730 868.5
1322740 868.5
1322750 868.5
1322760 871.2
1322770 871.2
1322780 871.5
1322790 870.3
1322800 870.3
1322810 867.4
1322820 861.0
1322830 861.0
1322840 855.2
1322850 848.4
1322860 848.4
1322870 841.9
1322880 842.4
1322890 842.4
1322900 846.5
1322910 850.1
1322920 849.2
1322930 849.2
1322940 847.6
1322950 844.6
1322960 844.6
1322970 841.7
1322980 839.8
1322990 839.8
1323000 838.4
1323010 837.6
1323020 837.6
1323030 836.7
1323040 835.1
1323050 835.1
1323060 833.3
1323070 831.5
1323080 831.5
1323090 829.8
1323100 828.1
1323110 828.1
1323120 826.8
1323130 825.0
1323140 825.0
1323150 823.4
1323160 817.6
1323170 817.6
1323180 813.3
1323190 815.6
1323200 819.8
1323210 823.1
1323220 819.1
1323230 819.1
1323240 817.1
1323250 816.9
1323260 820.3
1323270 820.3
1323280 820.7
1323290 822.1
1323300 822.1
1323310 822.7
1323320 821.8
1323330 821.8
1323340 819.9
1323350 817.7
1323360 817.7
1323370 817.8
1323380 814.8
1323390 814.8
1323400 808.7
1323410 802.2
1323420 802.2
1323430 797.8
1323440 793.6
1323450 793.6
1323460 791.8
1323470 789.9
1323480 789.9
1323490 786.3
1323500 780.6
1323510 780.6
1323520 778.5
1323530 776.0
1323540 776.0
1323550 770.9
1323560 767.3
1323570 767.3
1323580 763.1
1323590 760.5
1323600 760.5
1323610 760.5
1323620 762.0
1323630 763.8
1323640 763.8
1323650 764.6
1323660 765.2
1323670 765.2
1323680 763.6
1323690 763.7
1323700 763.7
1323710 765.6
1323720 766.2
1323730 766.2
1323740 765.3
1323750 765.4
1323760 765.4
1323770 767.4
1323780 765.5
1323790 765.5
1323800 760.7
1323810 754.3
1323820 754.3
1323830 747.8
1323840 740.4
1323850 740.4
1323860 733.8
1323870 728.0
1323880 728.0
1323890 723.5
1323900 721.5
1323910 721.5
1323920 720.6
1323930 719.8
1323940 716.3
1323950 716.3
1323960 714.4
1323970 716.9
1323980 716.9
1323990 725.8
1324000 724.8
1324010 724.8
1324020 720.5
1324030 714.1
1324040 714.1
1324050 708.0
1324060 703.0
1324070 703.0
1324080 699.1
1324090 694.7
1324100 694.7
1324110 690.4
1324120 686.5
1324130 686.5
1324140 684.2
1324150 682.4
1324160 682.4
1324170 679.6
1324180 675.8
1324190 675.8
1324200 673.8
1324210 671.4
1324220 671.4
1324230 670.6
1324240 670.8
1324250 670.8
1324260 671.5
1324270 674.1
1324280 674.1
1324290 674.1
1324300 674.5
1324310 674.7
1324320 674.7
1324330 675.1
1324340 675.7
1324350 675.7
1324360 676.3
1324370 676.9
1324380 676.9
1324390 678.5
1324400 682.7
1324410 682.7
1324420 689.0
1324430 695.2
1324440 695.2
1324450 700.8
1324460 706.4
1324470 706.4
1324480 711.7
1324490 714.1
1324500 714.1
1324510 714.9
1324520 715.8
1324530 715.8
1324540 717.4
1324550 720.4
1324560 720.4
1324570 724.7
1324580 728.8
1324590 728.8
1324600 732.9
1324610 737.8
1324620 737.8
1324630 743.3
1324640 748.0
1324650 752.1
1324660 752.1
1324670 755.8
1324680 760.0
1324690 760.0
1324700 764.0
1324710 766.7
1324720 766.7
1324730 767.6
1324740 768.6
1324750 768.6
1324760 770.7
1324770 774.0
1324780 774.0
1324790 775.9
1324800 782.1
1324810 782.1
1324820 787.4
1324830 792.3
1324840 792.3
1324850 797.6
1324860 802.5
1324870 802.5
1324880 807.0
1324890 811.9
1324900 811.9
1324910 816.7
1324920 822.3
1324930 822.3
1324940 827.2
1324950 832.2
1324960 832.2
1324970 838.4
1324980 844.5
1324990 850.5
1325000 850.5
1325010 856.2
1325020 862.2
1325030 862.2
1325040 868.6
1325050 875.0
1325060 875.0
1325070 881.2
1325080 887.3
1325090 887.3
1325100 893.7
1325110 900.3
1325120 900.3
1325130 907.0
1325140 913.5
1325150 913.5
1325160 920.4
1325170 927.3
1325180 927.3
1325190 933.8
1325200 940.1
1325210 940.1
1325220 946.5
1325230 952.9
1325240 952.9
1325250 959.3
1325260 965.7
1325270 965.7
1325280 972.2
1325290 978.7
1325300 978.7
1325310 985.7
1325320 993.0
1325330 993.0
1325340 999.4
1325350 1005.7
1325360 1011.9
1325370 1011.9
1325380 1018.1
1325390 1024.0
1325400 1024.0
1325410 1030.6
1325420 1037.4
1325430 1037.4
1325440 1044.5
1325450 1052.6
1325460 1052.6
1325470 1060.7
1325480 1063.8
1325490 1063.8
1325500 1065.1
1325510 1067.1
1325520 1067.1
1325530 1071.8
1325540 1077.8
1325550 1077.8
1325560 1083.0
1325570 1086.8
1325580 1086.8
1325590 1093.7
1325600 1094.1
1325610 1094.1
1325620 1093.3
1325630 1091.9
1325640 1091.9
1325650 1091.5
1325660 1093.4
1325670 1093.4
1325680 1096.7
1325690 1099.4
1325700 1101.6
1325710 1101.6
1325720 1103.4
1325730 1102.6
1325740 1102.6
1325750 1103.5
1325760 1106.7
1325770 1106.7
1325780 1109.8
1325790 1111.6
1325800 1111.6
1325810 1110.0
1325820 1109.6
1325830 1109.6
1325840 1109.2
1325850 1108.7
1325860 1108.7
1325870 1109.7
1325880 1109.5
1325890 1109.5
1325900 1107.7
1325910 1107.0
1325920 1107.0
1325930 1107.9
1325940 1108.4
1325950 1108.4
1325960 1107.1
1325970 1110.2
1325980 1110.2
1325990 1115.8
1326000 1121.3
1326010 1121.3
1326020 1123.5
1326030 1116.0
1326040 1113.6
1326050 1113.6
1326060 1121.3
1326070 1123.5
1326080 1123.5
1326090 1129.0
1326100 1136.9
1326110 1136.9
1326120 1144.9
1326130 1152.2
1326140 1152.2
1326150 1158.5
1326160 1163.0
1326170 1163.0
1326180 1166.3
1326190 1165.6
1326200 1165.6
1326210 1162.8
1326220 1161.4
1326230 1161.4
1326240 1163.9
1326250 1168.7
1326260 1168.7
1326270 1174.0
1326280 1175.9
1326290 1175.9
1326300 1174.9
1326310 1178.5
1326320 1178.5
1326330 1183.2
1326340 1188.1
1326350 1188.1
1326360 1201.4
1326370 1209.0
1326380 1207.4
1326390 1207.4
1326400 1216.5
1326410 1216.9
1326420 1216.9
1326430 1215.9
1326440 1221.0
1326450 1221.0
1326460 1226.1
1326470 1230.2
1326480 1230.2
1326490 1232.2
1326500 1234.9
1326510 1234.9
1326520 1239.0
1326530 1242.7
1326540 1242.7
1326550 1246.3
1326560 1249.5
1326570 1249.5
1326580 1252.6
1326590 1256.1
1326600 1256.1
1326610 1260.6
1326620 1267.1
1326630 1267.1
1326640 1272.1
1326650 1276.6
1326660 1276.6
1326670 1281.5
1326680 1286.7
1326690 1286.7
1326700 1292.5
1326710 1298.2
1326720 1298.2
1326730 1303.5
1326740 1308.6
1326750 1313.6
1326760 1313.6
1326770 1318.4
1326780 1323.4
1326790 1323.4
1326800 1328.5
1326810 1333.5
1326820 1333.5
1326830 1337.6
1326840 1341.3
1326850 1341.3
1326860 1345.3
1326870 1349.2
1326880 1349.2
1326890 1352.9
1326900 1356.9
1326910 1356.9
1326920 1360.5
1326930 1363.7
1326940 1363.7
1326950 1366.6
1326960 1368.9
1326970 1368.9
1326980 1369.6
1326990 1367.6
1327000 1367.6
1327010 1364.0
1327020 1359.6
1327030 1359.6
1327040 1356.4
1327050 1355.1
1327060 1355.1
1327070 1355.1
1327080 1356.6
1327090 1361.5
1327100 1361.5
1327110 1366.8
1327120 1372.2
1327130 1372.2
1327140 1373.3
1327150 1373.2
1327160 1373.2
1327170 1372.8
1327180 1372.2
1327190 1372.2
1327200 1371.6
1327210 1374.4
1327220 1374.4
1327230 1374.7
1327240 1374.8
1327250 1374.8
1327260 1374.4
1327270 1373.5
1327280 1373.5
1327290 1373.6
1327300 1373.4
1327310 1373.4
1327320 1373.7
1327330 1373.8
1327340 1373.8
1327350 1373.7
1327360 1374.0
1327370 1374.0
1327380 1374.1
1327390 1374.6
1327400 1374.6
1327410 1375.6
1327420 1376.4
1327430 1376.9
1327440 1376.9
1327450 1377.9
1327460 1379.2
1327470 1379.2
1327480 1380.3
1327490 1381.4
1327500 1381.4
1327510 1382.2
1327520 1382.9
1327530 1382.9
1327540 1384.0
1327550 1385.1
1327560 1385.1
1327570 1386.4
1327580 1387.3
1327590 1387.3
1327600 1388.2
1327610 1389.5
1327620 1389.5
1327630 1390.9
1327640 1391.8
1327650 1391.8
1327660 1392.5
1327670 1392.9
1327680 1392.9
1327690 1393.2
1327700 1393.6
1327710 1393.6
1327720 1394.4
1327730 1395.1
1327740 1395.1
1327750 1396.4
1327760 1398.6
1327770 1398.6
1327780 1400.6
1327790 1402.7
1327800 1405.3
1327810 1405.3
1327820 1407.5
1327830 1410.7
1327840 1410.7
1327850 1414.8
1327860 1419.8
1327870 1419.8
1327880 1424.7
1327890 1429.0
1327900 1429.0
1327910 1433.0
1327920 1436.5
1327930 1436.5
1327940 1439.2
1327950 1441.4
1327960 1441.4
1327970 1442.8
1327980 1443.5
1327990 1443.5
1328000 1443.3
1328010 1442.2
1328020 1442.2
1328030 1445.2
1328040 1444.0
1328050 1444.0
1328060 1443.3
1328070 1444.4
1328080 1444.4
1328090 1449.1
1328100 1454.8
1328110 1454.8
1328120 1459.6
1328130 1463.3
1328140 1466.2
1328150 1466.2
1328160 1468.8
1328170 1471.3
1328180 1471.3
1328190 1473.6
1328200 1475.8
1328210 1475.8
1328220 1478.1
1328230 1480.1
1328240 1480.1
1328250 1481.7
1328260 1483.5
1328270 1483.5
1328280 1484.9
1328290 1485.8
1328300 1485.8
1328310 1486.4
1328320 1486.8
1328330 1486.8
1328340 1486.4
1328350 1485.5
1328360 1485.5
1328370 1485.1
1328380 1484.5
1328390 1484.5
1328400 1484.0
1328410 1482.9
1328420 1482.9
1328430 1481.8
1328440 1480.2
1328450 1480.2
1328460 1478.0
1328470 1476.1
1328480 1474.0
1328490 1474.0
1328500 1471.8
1328510 1469.3
1328520 1469.3
1328530 1465.9
1328540 1462.6
1328550 1462.6
1328560 1459.2
1328570 1456.6
1328580 1456.6
1328590 1454.7
1328600 1452.5
1328610 1452.5
1328620 1450.0
1328630 1447.5
1328640 1447.5
1328650 1444.7
1328660 1441.5
1328670 1441.5
1328680 1438.1
1328690 1434.4
1328700 1434.4
1328710 1430.8
1328720 1427.6
1328730 1427.6
1328740 1423.4
1328750 1419.8
1328760 1419.8
1328770 1416.3
1328780 1414.6
1328790 1414.6
1328800 1413.8
1328810 1411.2
1328820 1407.1
1328830 1407.1
1328840 1407.9
1328850 1411.9
1328860 1411.9
1328870 1415.3
1328880 1418.5
1328890 1418.5
1328900 1421.9
1328910 1425.8
1328920 1425.8
1328930 1429.4
1328940 1432.2
1328950 1432.2
1328960 1434.8
1328970 1438.9
1328980 1438.9
1328990 1442.9
1329000 1446.0
1329010 1446.0
1329020 1450.0
1329030 1453.4
1329040 1453.4
1329050 1457.2
1329060 1460.5
1329070 1460.5
1329080 1462.5
1329090 1464.9
1329100 1464.9
1329110 1468.2
1329120 1471.5
1329130 1471.5
1329140 1475.3
1329150 1478.9
1329160 1478.9
1329170 1483.6
1329180 1488.6
1329190 1493.3
1329200 1493.3
1329210 1498.5
1329220 1503.7
1329230 1503.7
1329240 1508.7
1329250 1513.8
1329260 1513.8
1329270 1519.0
1329280 1524.2
1329290 1524.2
1329300 1529.5
1329310 1534.8
1329320 1534.8
1329330 1539.8
1329340 1545.0
1329350 1545.0
1329360 1549.9
1329370 1554.7
1329380 1554.7
1329390 1559.2
1329400 1563.2
1329410 1563.2
1329420 1567.2
1329430 1571.5
1329440 1571.5
1329450 1574.7
1329460 1577.9
1329470 1577.9
1329480 1580.3
1329490 1582.5
1329500 1582.5
1329510 1584.2
1329520 1585.5
1329530 1587.7
1329540 1587.7
1329550 1589.2
1329560 1589.9
1329570 1589.9
1329580 1589.8
1329590 1588.9
1329600 1588.9
1329610 1584.6
1329620 1580.9
1329630 1580.9
1329640 1573.1
1329650 1565.6
1329660 1565.6
1329670 1571.5
1329680 1575.0
1329690 1575.0
1329700 1573.2
1329710 1571.2
1329720 1571.2
1329730 1566.6
1329740 1551.6
1329750 1551.6
1329760 1545.8
1329770 1550.8
1329780 1550.8
1329790 1561.3
1329800 1574.0
1329810 1574.0
1329820 1586.5
1329830 1598.0
1329840 1598.0
1329850 1603.6
1329860 1610.7
1329870 1619.1
1329880 1619.1
1329890 1629.1
1329900 1635.1
1329910 1635.1
1329920 1640.7
1329930 1647.4
1329940 1647.4
1329950 1655.6
1329960 1665.5
1329970 1665.5
1329980 1673.2
1329990 1679.7
1330000 1679.7
1330010 1685.7
1330020 1691.5
1330030 1691.5
1330040 1697.4
1330050 1702.1
1330060 1702.1
1330070 1705.7
1330080 1708.5
1330090 1708.5
1330100 1708.8
1330110 1706.5
1330120 1706.5
1330130 1702.1
1330140 1695.1
1330150 1695.1
1330160 1687.6
1330170 1681.4
1330180 1681.4
1330190 1674.7
1330200 1666.0
1330210 1666.0
1330220 1658.3
1330230 1647.5
1330240 1634.6
1330250 1634.6
1330260 1624.4
1330270 1618.0
1330280 1618.0
1330290 1612.0
1330300 1603.2
1330310 1603.2
1330320 1593.8
1330330 1583.2
1330340 1583.2
1330350 1573.3
1330360 1565.3
1330370 1565.3
1330380 1558.3
1330390 1552.4
1330400 1552.4
1330410 1547.2
1330420 1542.1
1330430 1542.1
1330440 1536.9
1330450 1529.5
1330460 1529.5
1330470 1518.8
1330480 1506.9
1330490 1506.9
1330500 1501.9
1330510 1494.4
1330520 1494.4
1330530 1495.2
1330540 1493.5
1330550 1493.5
1330560 1488.6
1330570 1486.2
1330580 1480.4
1330590 1480.4
1330600 1475.3
1330610 1470.8
1330620 1470.8
1330630 1467.3
1330640 1461.4
1330650 1461.4
1330660 1455.0
1330670 1449.5
1330680 1449.5
1330690 1443.6
1330700 1435.5
1330710 1435.5
1330720 1427.4
1330730 1420.0
1330740 1420.0
1330750 1412.0
1330760 1403.7
1330770 1403.7
1330780 1397.6
1330790 1390.5
1330800 1390.5
1330810 1382.0
1330820 1372.5
1330830 1372.5
1330840 1362.2
1330850 1354.3
1330860 1354.3
1330870 1347.4
1330880 1340.7
1330890 1340.7
1330900 1334.0
1330910 1327.7
1330920 1321.3
1330930 1321.3
1330940 1313.0
1330950 1308.8
1330960 1308.8
1330970 1310.3
1330980 1310.0
1330990 1310.0
1331000 1305.8
1331010 1305.3
1331020 1305.3
1331030 1306.9
1331040 1313.4
1331050 1313.4
1331060 1321.6
1331070 1327.9
1331080 1327.9
1331090 1335.1
1331100 1342.4
1331110 1342.4
1331120 1345.9
1331130 1344.1
1331140 1344.1
1331150 1349.9
1331160 1365.1
1331170 1365.1
1331180 1378.4
1331190 1387.6
1331200 1387.6
1331210 1396.8
1331220 1407.1
1331230 1407.1
1331240 1415.8
1331250 1423.4
1331260 1430.3
1331270 1430.3
1331280 1438.0
1331290 1444.3
1331300 1444.3
1331310 1450.5
1331320 1456.2
1331330 1456.2
1331340 1467.8
1331350 1473.0
1331360 1473.0
1331370 1477.8
1331380 1482.6
1331390 1482.6
1331400 1486.8
1331410 1489.5
1331420 1489.5
1331430 1488.9
1331440 1484.3
1331450 1484.3
1331460 1477.2
1331470 1474.2
1331480 1474.2
1331490 1479.2
1331500 1483.3
1331510 1483.3
1331520 1483.9
1331530 1483.1
1331540 1483.1
1331550 1481.2
1331560 1483.4
1331570 1483.4
1331580 1477.5
1331590 1468.3
1331600 1468.3
1331610 1453.8
1331620 1442.5
1331630 1432.7
1331640 1432.7
1331650 1422.7
1331660 1411.9
1331670 1411.9
1331680 1401.6
1331690 1389.8
1331700 1389.8
1331710 1379.3
1331720 1375.7
1331730 1375.7
1331740 1383.5
1331750 1391.8
1331760 1391.8
1331770 1398.7
1331780 1402.9
1331790 1402.9
1331800 1404.8
1331810 1407.2
1331820 1407.2
1331830 1408.0
1331840 1402.6
1331850 1402.6
1331860 1395.7
1331870 1387.9
1331880 1387.9
1331890 1379.9
1331900 1375.1
1331910 1375.1
1331920 1373.3
1331930 1369.6
1331940 1369.6
1331950 1366.1
1331960 1366.9
1331970 1369.7
1331980 1369.7
1331990 1372.2
1332000 1371.4
1332010 1371.4
1332020 1367.6
1332030 1363.6
1332040 1363.6
1332050 1359.8
1332060 1356.2
1332070 1356.2
1332080 1352.4
1332090 1348.6
1332100 1348.6
1332110 1344.7
1332120 1339.7
1332130 1339.7
1332140 1333.4
1332150 1327.3
1332160 1327.3
1332170 1323.9
1332180 1328.7
1332190 1328.7
1332200 1329.1
1332210 1328.4
1332220 1328.4
1332230 1327.2
1332240 1326.1
1332250 1326.1
1332260 1325.0
1332270 1323.7
1332280 1323.7
1332290 1322.8
1332300 1322.4
1332310 1325.1
1332320 1325.1
1332330 1330.5
1332340 1336.4
1332350 1336.4
1332360 1342.7
1332370 1348.8
1332380 1348.8
1332390 1354.1
1332400 1359.7
1332410 1359.7
1332420 1365.6
1332430 1370.8
1332440 1370.8
1332450 1375.8
1332460 1380.6
1332470 1380.6
1332480 1385.4
1332490 1389.8
1332500 1389.8
1332510 1393.8
1332520 1397.1
1332530 1397.1
1332540 1399.4
1332550 1401.0
1332560 1401.0
1332570 1402.3
1332580 1403.4
1332590 1403.4
1332600 1404.6
1332610 1406.1
1332620 1406.1
1332630 1408.2
1332640 1409.9
1332650 1409.9
1332660 1409.5
1332670 1407.4
1332680 1405.2
1332690 1405.2
1332700 1402.6
1332710 1399.8
1332720 1399.8
1332730 1393.7
1332740 1384.9
1332750 1384.9
1332760 1379.0
1332770 1373.9
1332780 1373.9
1332790 1367.2
1332800 1361.1
1332810 1361.1
1332820 1356.3
1332830 1349.8
1332840 1349.8
1332850 1341.6
1332860 1335.1
1332870 1335.1
1332880 1330.1
1332890 1326.2
1332900 1326.2
1332910 1328.6
1332920 1328.8
1332930 1328.8
1332940 1325.2
1332950 1327.1
1332960 1327.1
1332970 1335.1
1332980 1340.2
1332990 1340.2
1333000 1345.1
1333010 1350.0
1333020 1351.2
1333030 1351.2
1333040 1354.9
1333050 1359.1
1333060 1359.1
1333070 1363.7
1333080 1368.9
1333090 1368.9
1333100 1373.6
1333110 1377.6
1333120 1377.6
1333130 1381.1
1333140 1384.6
1333150 1384.6
1333160 1388.4
1333170 1392.1
1333180 1392.1
1333190 1396.2
1333200 1400.0
1333210 1400.0
1333220 1403.5
1333230 1407.0
1333240 1407.0
1333250 1408.2
1333260 1410.7
1333270 1410.7
1333280 1413.3
1333290 1414.8
1333300 1414.8
1333310 1416.1
1333320 1416.3
1333330 1416.3
1333340 1410.8
1333350 1402.1
1333360 1392.1
1333370 1392.1
1333380 1382.6
1333390 1374.8
1333400 1374.8
1333410 1368.0
1333420 1363.2
1333430 1363.2
1333440 1362.0
1333450 1361.2
1333460 1361.2
1333470 1362.0
1333480 1367.2
1333490 1367.2
1333500 1367.5
1333510 1365.4
1333520 1365.4
1333530 1364.7
1333540 1368.2
1333550 1368.2
1333560 1375.5
1333570 1381.5
1333580 1381.5
1333590 1388.5
1333600 1389.6
1333610 1389.6
1333620 1388.9
1333630 1387.9
1333640 1387.9
1333650 1387.1
1333660 1386.5
1333670 1386.5
1333680 1386.3
1333690 1386.4
1333700 1385.6
1333710 1385.6
1333720 1378.5
1333730 1370.0
1333740 1370.0
1333750 1362.0
1333760 1355.7
1333770 1355.7
1333780 1350.0
1333790 1346.9
1333800 1346.9
1333810 1342.4
1333820 1339.8
1333830 1339.8
1333840 1338.9
1333850 1339.6
1333860 1339.6
1333870 1331.4
1333880 1327.8
1333890 1327.8
1333900 1323.8
1333910 1318.1
1333920 1318.1
1333930 1314.4
1333940 1313.5
1333950 1313.5
1333960 1313.0
1333970 1311.8
1333980 1311.8
1333990 1310.8
1334000 1309.3
1334010 1309.3
1334020 1308.0
1334030 1309.0
1334040 1309.0
1334050 1309.9
1334060 1309.2
1334070 1307.7
1334080 1307.7
1334090 1306.8
1334100 1307.2
1334110 1307.2
1334120 1307.4
1334130 1307.3
1334140 1307.3
1334150 1308.1
1334160 1310.4
1334170 1310.4
1334180 1315.1
1334190 1321.4
1334200 1321.4
1334210 1326.9
1334220 1328.7
1334230 1328.7
1334240 1323.6
1334250 1314.0
1334260 1314.0
1334270 1303.8
1334280 1286.4
1334290 1286.4
1334300 1273.6
1334310 1266.1
1334320 1266.1
1334330 1259.5
1334340 1254.4
1334350 1254.4
1334360 1249.5
1334370 1244.5
1334380 1244.5
1334390 1235.5
1334400 1219.9
1334410 1204.6
1334420 1204.6
1334430 1190.6
1334440 1177.9
1334450 1177.9
1334460 1165.7
1334470 1164.3
1334480 1164.3
1334490 1165.5
1334500 1164.2
1334510 1164.2
1334520 1163.0
1334530 1163.7
1334540 1163.7
1334550 1165.6
1334560 1167.4
1334570 1167.4
1334580 1169.7
1334590 1175.8
1334600 1175.8
1334610 1185.4
1334620 1192.7
1334630 1192.7
1334640 1198.5
1334650 1202.6
1334660 1202.6
1334670 1207.1
1334680 1212.8
1334690 1212.8
1334700 1217.3
1334710 1220.8
1334720 1215.8
1334730 1217.0
1334740 1215.0
1334750 1209.0
1334760 1209.0
1334770 1199.6
1334780 1191.0
1334790 1191.0
1334800 1185.1
1334810 1181.3
1334820 1181.3
1334830 1179.0
1334840 1178.0
1334850 1178.0
1334860 1177.8
1334870 1177.7
1334880 1177.7
1334890 1176.8
1334900 1175.5
1334910 1175.5
1334920 1174.5
1334930 1174.8
1334940 1174.8
1334950 1177.1
1334960 1180.2
1334970 1180.2
1334980 1182.0
1334990 1183.3
1335000 1183.3
1335010 1185.4
1335020 1187.7
1335030 1187.7
1335040 1186.8
1335050 1182.8
1335060 1182.8
1335070 1178.0
1335080 1177.2
1335090 1177.4
1335100 1177.4
1335110 1177.1
1335120 1178.6
1335130 1178.6
1335140 1182.0
1335150 1184.7
1335160 1184.7
1335170 1187.3
1335180 1189.0
1335190 1189.0
1335200 1191.3
1335210 1193.6
1335220 1193.6
1335230 1194.9
1335240 1194.4
1335250 1194.4
1335260 1194.8
1335270 1194.5
1335280 1194.5
1335290 1190.1
1335300 1187.8
1335310 1187.8
1335320 1189.6
1335330 1193.9
1335340 1193.9
1335350 1199.3
1335360 1199.9
1335370 1199.9
1335380 1201.4
1335390 1201.6
1335400 1201.6
1335410 1204.9
1335420 1207.9
1335430 1207.9
1335440 1206.3
1335450 1205.5
1335460 1207.5
1335470 1207.5
1335480 1208.1
1335490 1208.4
1335500 1208.4
1335510 1210.4
1335520 1213.0
1335530 1213.0
1335540 1214.8
1335550 1215.5
1335560 1215.5
1335570 1209.3
1335580 1211.8
1335590 1211.8
1335600 1211.8
1335610 1209.8
1335620 1209.8
1335630 1201.0
1335640 1190.0
1335650 1190.0
1335660 1194.8
1335670 1198.1
1335680 1198.1
1335690 1200.0
1335700 1195.8
1335710 1195.8
1335720 1178.2
1335730 1163.6
1335740 1163.6
1335750 1154.4
1335760 1145.0
1335770 1145.0
1335780 1136.6
1335790 1125.6
1335800 1113.7
1335810 1113.7
1335820 1100.7
1335830 1094.5
1335840 1094.5
1335850 1085.9
1335860 1074.7
1335870 1074.7
1335880 1071.0
1335890 1079.8
1335900 1079.8
1335910 1080.2
1335920 1075.1
1335930 1075.1
1335940 1066.7
1335950 1059.1
1335960 1059.1
1335970 1054.2
1335980 1046.6
1335990 1046.6
1336000 1033.7
1336010 1023.7
1336020 1023.7
1336030 1018.1
1336040 1010.0
1336050 1010.0
1336060 997.6
1336070 986.3
1336080 986.3
1336090 978.4
1336100 974.2
1336110 974.2
1336120 967.8
1336130 955.8
1336140 948.9
1336150 948.9
1336160 948.0
1336170 947.2
1336180 947.2
1336190 948.6
1336200 953.4
1336210 953.4
1336220 953.2
1336230 952.8
1336240 952.8
1336250 954.7
1336260 953.3
1336270 953.3
1336280 950.7
1336290 947.3
1336300 947.3
1336310 946.1
1336320 947.4
1336330 947.4
1336340 948.9
1336350 949.1
1336360 949.1
1336370 946.2
1336380 942.8
1336390 942.8
1336400 940.1
1336410 938.6
1336420 938.6
1336430 932.1
1336440 932.3
1336450 932.3
1336460 932.0
1336470 930.6
1336480 930.6
1336490 929.9
1336500 929.4
1336510 928.3
1336520 928.3
1336530 927.0
1336540 925.3
1336550 925.3
1336560 920.7
1336570 915.8
1336580 915.8
1336590 911.3
1336600 906.5
1336610 906.5
1336620 901.5
1336630 896.6
1336640 896.6
1336650 893.9
1336660 891.9
1336670 891.9
1336680 887.8
1336690 883.6
1336700 883.6
1336710 878.6
1336720 872.9
1336730 872.9
1336740 866.6
1336750 858.3
1336760 858.3
1336770 847.8
1336780 838.9
1336790 838.9
1336800 833.6
1336810 828.7
1336820 828.7
1336830 823.8
1336840 821.0
1336850 818.1
1336860 818.1
1336870 816.3
1336880 816.1
1336890 816.1
1336900 813.8
1336910 806.6
1336920 806.6
1336930 801.5
1336940 800.2
1336950 800.2
1336960 798.5
1336970 796.8
1336980 796.8
1336990 794.2
1337000 790.5
1337010 790.5
1337020 787.5
1337030 788.0
1337040 788.0
1337050 788.9
1337060 786.9
1337070 786.9
1337080 781.3
1337090 776.8
1337100 776.8
1337110 773.7
1337120 772.0
1337130 772.0
1337140 771.4
1337150 770.5
1337160 770.5
1337170 770.5
1337180 769.4
1337190 767.2
1337200 767.2
1337210 765.0
1337220 762.3
1337230 762.3
1337240 759.8
1337250 757.8
1337260 757.8
1337270 753.8
1337280 750.4
1337290 750.4
1337300 747.6
1337310 745.4
1337320 745.4
1337330 742.8
1337340 739.9
1337350 739.9
1337360 736.0
1337370 731.1
1337380 731.1
1337390 726.2
1337400 722.1
1337410 722.1
1337420 718.7
1337430 716.7
1337440 716.7
1337450 714.5
1337460 711.4
1337470 711.4
1337480 710.0
1337490 707.3
1337500 707.3
1337510 700.0
1337520 691.9
1337530 691.9
1337540 684.7
1337550 679.5
1337560 677.0
1337570 677.0
1337580 677.1
1337590 678.3
1337600 678.3
1337610 679.2
1337620 679.1
1337630 679.1
1337640 680.7
1337650 679.2
1337660 679.2
1337670 676.4
1337680 673.0
1337690 673.0
1337700 669.9
1337710 666.7
1337720 666.7
1337730 663.9
1337740 661.1
1337750 661.1
1337760 658.3
1337770 654.8
1337780 654.8
1337790 651.1
1337800 649.4
1337810 649.4
1337820 650.4
1337830 650.8
1337840 650.8
1337850 650.2
1337860 651.7
1337870 651.7
1337880 649.2
1337890 645.3
1337900 644.1
1337910 644.1
1337920 643.2
1337930 641.7
1337940 641.7
1337950 640.6
1337960 638.6
1337970 638.6
1337980 637.4
1337990 637.7
1338000 637.7
1338010 637.3
1338020 636.6
1338030 636.6
1338040 635.3
1338050 634.0
1338060 634.0
1338070 633.3
1338080 632.0
1338090 632.0
1338100 631.0
1338110 630.3
1338120 630.3
1338130 629.4
1338140 628.2
1338150 628.2
1338160 626.8
1338170 624.0
1338180 624.0
1338190 622.9
1338200 622.0
1338210 622.0
1338220 621.4
1338230 620.7
1338240 620.0
1338250 620.0
1338260 619.5
1338270 619.4
1338280 619.4
1338290 618.9
1338300 618.1
1338310 618.1
1338320 617.6
1338330 617.2
1338340 617.2
1338350 616.9
1338360 617.1
1338370 617.1
1338380 617.1
1338390 617.2
1338400 617.2
1338410 617.6
1338420 617.7
1338430 617.7
1338440 617.8
1338450 617.9
1338460 617.9
1338470 617.8
1338480 617.4
1338490 617.4
1338500 617.0
1338510 616.4
1338520 616.4
1338530 615.8
1338540 615.2
1338550 615.2
1338560 614.6
1338570 613.7
1338580 612.3
1338590 612.3
1338600 609.6
1338610 606.1
1338620 606.1
1338630 605.1
1338640 606.4
1338650 606.4
1338660 608.4
1338670 608.9
1338680 608.9
1338690 607.6
1338700 603.7
1338710 603.7
1338720 602.6
1338730 601.1
1338740 601.1
1338750 604.4
1338760 609.1
1338770 609.1
1338780 610.8
1338790 612.5
1338800 612.5
1338810 614.3
1338820 616.2
1338830 616.2
1338840 618.0
1338850 619.5
1338860 619.5
1338870 620.7
1338880 621.5
1338890 621.5
1338900 622.0
1338910 622.1
1338920 622.1
1338930 622.3
1338940 622.6
1338950 623.0
1338960 623.0
1338970 623.5
1338980 623.8
1338990 623.8
1339000 624.2
1339010 624.3
1339020 624.3
1339030 624.1
1339040 623.4
1339050 622.5
1339060 621.6
1339070 620.6
1339080 620.6
1339090 619.8
1339100 619.1
1339110 619.1
1339120 618.0
1339130 616.2
1339140 616.2
1339150 614.0
1339160 611.7
1339170 611.7
1339180 609.2
1339190 606.9
1339200 606.9
1339210 605.2
1339220 603.8
1339230 603.8
1339240 602.7
1339250 600.5
1339260 600.5
1339270 598.6
1339280 597.3
1339290 596.2
1339300 596.2
1339310 595.3
1339320 594.2
1339330 594.2
1339340 592.2
1339350 590.3
1339360 590.3
1339370 588.6
1339380 587.2
1339390 587.2
1339400 586.5
1339410 585.9
1339420 585.9
1339430 585.2
1339440 584.0
1339450 584.0
1339460 582.4
1339470 580.7
1339480 580.7
1339490 579.1
1339500 577.7
1339510 577.7
1339520 576.5
1339530 575.9
1339540 575.9
1339550 575.3
1339560 574.9
1339570 574.9
1339580 574.2
1339590 572.3
1339600 572.3
1339610 569.4
1339620 567.5
1339630 566.0
1339640 566.0
1339650 563.9
1339660 562.5
1339670 562.5
1339680 561.9
1339690 561.6
1339700 561.6
1339710 561.6
1339720 561.8
1339730 561.8
1339740 562.0
1339750 562.3
1339760 562.3
1339770 562.6
1339780 563.0
1339790 563.0
1339800 563.4
1339810 563.9
1339820 563.9
1339830 564.1
1339840 564.1
1339850 564.1
1339860 564.3
1339870 564.5
1339880 564.5
1339890 564.6
1339900 564.6
1339910 564.6
1339920 564.8
1339930 564.3
1339940 564.3
1339950 563.9
1339960 563.7
1339970 563.7
1339980 563.4
1339990 563.1
