1320000 917.1
1320010 914.2
1320020 914.2
1320030 913.1
1320040 915.1
1320050 915.1
1320060 918.1
1320070 921.3
1320080 921.3
1320090 926.7
1320100 932.2
1320110 932.2
1320120 938.1
1320130 943.8
1320140 949.3
1320150 949.3
1320160 953.1
1320170 954.5
1320180 954.5
1320190 954.8
1320200 955.6
1320210 955.6
1320220 954.5
1320230 949.8
1320240 949.8
1320250 944.5
1320260 940.0
1320270 940.0
1320280 938.5
1320290 941.9
1320300 941.9
1320310 946.9
1320320 946.5
1320330 946.5
1320340 942.2
1320350 943.8
1320360 943.8
1320370 948.5
1320380 954.4
1320390 954.4
1320400 961.8
1320410 969.3
1320420 969.3
1320430 973.2
1320440 971.8
1320450 971.8
1320460 970.2
1320470 968.9
1320480 965.5
1320490 965.5
1320500 963.2
1320510 963.1
1320520 963.1
1320530 961.2
1320540 961.6
1320550 961.6
1320560 969.5
1320570 977.9
1320580 977.9
1320590 980.3
1320600 978.3
1320610 978.3
1320620 978.0
1320630 981.2
1320640 981.2
1320650 986.0
1320660 990.3
1320670 990.3
1320680 993.2
1320690 995.9
1320700 995.9
1320710 999.5
1320720 1002.6
1320730 1002.6
1320740 1005.0
1320750 1007.6
1320760 1007.6
1320770 1010.8
1320780 1013.5
1320790 1013.5
1320800 1016.9
1320810 1020.7
1320820 1020.7
1320830 1023.5
1320840 1025.8
1320850 1027.9
1320860 1027.9
1320870 1028.8
1320880 1025.7
1320890 1025.7
1320900 1015.7
1320910 998.3
1320920 998.3
1320930 982.0
1320940 970.7
1320950 970.7
1320960 959.8
1320970 957.6
1320980 957.6
1320990 967.1
1321000 981.6
1321010 981.6
1321020 994.5
1321030 1001.2
1321040 1001.2
1321050 1007.6
1321060 1015.7
1321070 1015.7
1321080 1022.9
1321090 1030.0
1321100 1030.0
1321110 1036.7
1321120 1042.8
1321130 1042.8
1321140 1047.0
1321150 1050.3
1321160 1050.3
1321170 1052.6
1321180 1054.8
1321190 1056.8
1321200 1056.8
1321210 1059.6
1321220 1062.5
1321230 1062.5
1321240 1065.1
1321250 1067.8
1321260 1067.8
1321270 1070.6
1321280 1073.7
1321290 1073.7
1321300 1077.0
1321310 1080.4
1321320 1080.4
1321330 1084.3
1321340 1088.7
1321350 1086.3
1321360 1090.2
1321370 1094.2
1321380 1094.2
1321390 1098.3
1321400 1102.6
1321410 1102.6
1321420 1107.0
1321430 1110.8
1321440 1110.8
1321450 1115.1
1321460 1119.6
1321470 1119.6
1321480 1124.2
1321490 1128.8
1321500 1128.8
1321510 1133.8
1321520 1138.8
1321530 1143.7
1321540 1143.7
1321550 1149.0
1321560 1153.5
1321570 1153.5
1321580 1158.1
1321590 1162.8
1321600 1162.8
1321610 1167.9
1321620 1173.5
1321630 1173.5
1321640 1179.4
1321650 1185.6
1321660 1185.6
1321670 1191.6
1321680 1197.8
1321690 1197.8
1321700 1204.0
1321710 1210.7
1321720 1210.7
1321730 1218.3
1321740 1225.3
1321750 1225.3
1321760 1230.9
1321770 1236.3
1321780 1236.3
1321790 1240.6
1321800 1243.2
1321810 1243.2
1321820 1244.9
1321830 1245.4
1321840 1245.4
1321850 1245.1
1321860 1242.4
1321870 1242.4
1321880 1237.7
1321890 1231.1
1321900 1223.9
1321910 1223.9
1321920 1220.3
1321930 1217.6
1321940 1217.6
1321950 1212.9
1321960 1207.8
1321970 1207.8
1321980 1201.4
1321990 1195.0
1322000 1195.0
1322010 1189.6
1322020 1182.1
1322030 1182.1
1322040 1167.9
1322050 1156.0
1322060 1156.0
1322070 1143.6
1322080 1134.5
1322090 1134.5
1322100 1123.6
1322110 1113.0
1322120 1113.0
1322130 1107.0
1322140 1093.5
1322150 1093.5
1322160 1083.0
1322170 1076.2
1322180 1076.2
1322190 1068.5
1322200 1061.6
1322210 1061.6
1322220 1064.1
1322230 1068.8
1322240 1067.2
1322250 1067.2
1322260 1061.1
1322270 1054.8
1322280 1054.8
1322290 1050.6
1322300 1045.7
1322310 1045.7
1322320 1040.3
1322330 1035.3
1322340 1035.3
1322350 1029.0
1322360 1021.7
1322370 1021.7
1322380 1014.4
1322390 1009.0
1322400 1009.0
1322410 1002.5
1322420 996.0
1322430 996.0
1322440 990.2
1322450 983.9
1322460 983.9
1322470 977.9
1322480 971.6
1322490 971.6
1322500 964.4
1322510 951.8
1322520 951.8
1322530 940.2
1322540 931.7
1322550 931.7
1322560 932.0
1322570 929.1
1322580 922.8
1322590 922.8
1322600 917.1
1322610 910.7
1322620 910.7
1322630 903.6
1322640 896.3
1322650 896.3
1322660 892.2
1322670 888.3
1322680 888.3
1322690 884.3
1322700 879.6
1322710 879.6
1322720 875.3
1322730 872.8
1322740 872.8
1322750 874.1
1322760 876.8
1322770 876.8
1322780 876.7
1322790 875.2
1322800 875.2
1322810 870.1
1322820 863.3
1322830 863.3
1322840 856.0
1322850 850.1
1322860 850.1
1322870 848.7
1322880 849.7
1322890 849.7
1322900 853.0
1322910 855.4
1322920 860.4
1322930 858.5
1322940 856.1
1322950 853.0
1322960 853.0
1322970 849.9
1322980 847.5
1322990 847.5
1323000 846.3
1323010 845.4
1323020 845.4
1323030 843.8
1323040 842.3
1323050 842.3
1323060 840.4
1323070 838.6
1323080 838.6
1323090 836.5
1323100 834.8
1323110 834.8
1323120 833.3
1323130 830.0
1323140 830.0
1323150 824.7
1323160 819.2
1323170 819.2
1323180 819.4
1323190 823.8
1323200 823.8
1323210 823.9
1323220 820.7
1323230 820.7
1323240 821.3
1323250 821.7
1323260 821.7
1323270 824.0
1323280 823.8
1323290 825.4
1323300 825.4
1323310 825.7
1323320 825.3
1323330 825.3
1323340 823.8
1323350 821.2
1323360 821.2
1323370 821.3
1323380 817.8
1323390 817.8
1323400 812.1
1323410 808.8
1323420 808.8
1323430 805.1
1323440 801.0
1323450 801.0
1323460 798.6
1323470 796.5
1323480 796.5
1323490 792.5
1323500 787.0
1323510 787.0
1323520 788.2
1323530 784.7
1323540 784.7
1323550 779.2
1323560 775.1
1323570 775.1
1323580 771.1
1323590 767.6
1323600 767.6
1323610 764.9
1323620 765.6
1323630 766.8
1323640 766.8
1323650 767.9
1323660 767.8
1323670 767.8
1323680 766.6
1323690 767.6
1323700 767.6
1323710 772.9
1323720 774.8
1323730 774.8
1323740 776.0
1323750 773.1
1323760 773.1
1323770 768.5
1323780 762.9
1323790 762.9
1323800 756.7
1323810 751.6
1323820 751.6
1323830 744.3
1323840 736.6
1323850 736.6
1323860 732.8
1323870 735.7
1323880 735.7
1323890 736.3
1323900 736.2
1323910 736.2
1323920 735.3
1323930 731.1
1323940 731.1
1323950 725.6
1323960 727.7
1323970 731.1
1323980 731.1
1323990 729.9
1324000 724.9
1324010 724.9
1324020 719.0
1324030 713.0
1324040 713.0
1324050 709.9
1324060 708.2
1324070 708.2
1324080 704.3
1324090 699.5
1324100 699.5
1324110 694.3
1324120 690.4
1324130 690.4
1324140 686.3
1324150 683.7
1324160 683.7
1324170 682.4
1324180 677.7
1324190 677.7
1324200 674.3
1324210 671.8
1324220 671.8
1324230 670.5
1324240 670.6
1324250 670.6
1324260 671.1
1324270 673.4
1324280 673.4
1324290 674.0
1324300 674.3
1324310 674.3
1324320 674.7
1324330 675.1
1324340 675.6
1324350 675.6
1324360 676.3
1324370 677.0
1324380 677.0
1324390 679.4
1324400 684.7
1324410 684.7
1324420 691.3
1324430 697.5
1324440 697.5
1324450 703.7
1324460 709.9
1324470 709.9
1324480 712.1
1324490 712.9
1324500 712.9
1324510 712.3
1324520 712.8
1324530 712.8
1324540 713.9
1324550 716.0
1324560 716.0
1324570 719.4
1324580 723.9
1324590 723.9
1324600 728.2
1324610 732.9
1324620 732.9
1324630 739.2
1324640 744.8
1324650 744.8
1324660 749.1
1324670 751.0
1324680 752.3
1324690 752.3
1324700 754.6
1324710 756.6
1324720 756.6
1324730 757.5
1324740 758.6
1324750 758.6
1324760 763.9
1324770 769.8
1324780 769.8
1324790 775.8
1324800 782.4
1324810 782.4
1324820 788.7
1324830 794.1
1324840 794.1
1324850 798.6
1324860 803.1
1324870 803.1
1324880 807.8
1324890 812.7
1324900 812.7
1324910 817.8
1324920 823.1
1324930 823.1
1324940 828.2
1324950 833.7
1324960 833.7
1324970 839.9
1324980 846.2
1324990 846.2
1325000 852.3
1325010 857.7
1325020 863.3
1325030 863.3
1325040 869.5
1325050 875.9
1325060 875.9
1325070 882.4
1325080 888.7
1325090 888.7
1325100 895.3
1325110 901.8
1325120 901.8
1325130 908.4
1325140 914.9
1325150 914.9
1325160 921.5
1325170 927.9
1325180 927.9
1325190 934.5
1325200 941.0
1325210 941.0
1325220 947.6
1325230 954.1
1325240 954.1
1325250 960.8
1325260 967.7
1325270 967.7
1325280 974.7
1325290 981.8
1325300 981.8
1325310 991.9
1325320 999.3
1325330 999.3
1325340 1006.6
1325350 1014.1
1325360 1021.8
1325370 1021.8
1325380 1029.0
1325390 1035.5
1325400 1035.5
1325410 1042.7
1325420 1049.4
1325430 1049.4
1325440 1055.1
1325450 1061.4
1325460 1061.4
1325470 1067.9
1325480 1072.5
1325490 1072.5
1325500 1075.6
1325510 1078.9
1325520 1078.9
1325530 1083.8
1325540 1089.5
1325550 1089.5
1325560 1095.4
1325570 1099.4
1325580 1099.4
1325590 1100.7
1325600 1100.2
1325610 1100.2
1325620 1099.3
1325630 1098.9
1325640 1098.9
1325650 1098.7
1325660 1099.9
1325670 1099.9
1325680 1103.1
1325690 1106.2
1325700 1106.2
1325710 1108.6
1325720 1110.8
1325730 1109.3
1325740 1109.3
1325750 1109.2
1325760 1113.9
1325770 1113.9
1325780 1117.8
1325790 1118.9
1325800 1118.9
1325810 1116.9
1325820 1115.2
1325830 1115.2
1325840 1115.5
1325850 1116.8
1325860 1116.8
1325870 1119.1
1325880 1118.6
1325890 1118.6
1325900 1115.2
1325910 1113.7
1325920 1113.7
1325930 1114.6
1325940 1114.9
1325950 1114.9
1325960 1114.7
1325970 1117.0
1325980 1117.0
1325990 1121.0
1326000 1126.2
1326010 1126.2
1326020 1128.0
1326030 1120.4
1326040 1120.4
1326050 1117.2
1326060 1124.8
1326070 1129.5
1326080 1129.5
1326090 1132.6
1326100 1137.1
1326110 1137.1
1326120 1145.6
1326130 1151.8
1326140 1151.8
1326150 1158.2
1326160 1165.4
1326170 1165.4
1326180 1171.6
1326190 1174.7
1326200 1174.7
1326210 1173.9
1326220 1171.4
1326230 1171.4
1326240 1169.8
1326250 1172.3
1326260 1172.3
1326270 1177.7
1326280 1183.8
1326290 1183.8
1326300 1188.4
1326310 1192.4
1326320 1192.4
1326330 1199.8
1326340 1208.8
1326350 1208.8
1326360 1215.6
1326370 1219.3
1326380 1219.3
1326390 1220.9
1326400 1222.9
1326410 1225.4
1326420 1225.4
1326430 1223.5
1326440 1221.2
1326450 1221.2
1326460 1223.9
1326470 1227.0
1326480 1227.0
1326490 1229.4
1326500 1232.6
1326510 1232.6
1326520 1236.5
1326530 1240.1
1326540 1240.1
1326550 1244.6
1326560 1249.7
1326570 1249.7
1326580 1253.3
1326590 1256.5
1326600 1256.5
1326610 1261.3
1326620 1267.4
1326630 1267.4
1326640 1272.2
1326650 1277.1
1326660 1277.1
1326670 1282.6
1326680 1288.7
1326690 1288.7
1326700 1294.8
1326710 1300.6
1326720 1300.6
1326730 1306.4
1326740 1311.5
1326750 1311.5
1326760 1316.3
1326770 1320.7
1326780 1325.3
1326790 1325.3
1326800 1330.0
1326810 1334.7
1326820 1334.7
1326830 1338.7
1326840 1342.3
1326850 1342.3
1326860 1346.2
1326870 1350.2
1326880 1350.2
1326890 1353.9
1326900 1357.6
1326910 1357.6
1326920 1361.0
1326930 1364.5
1326940 1364.5
1326950 1367.4
1326960 1369.5
1326970 1369.5
1326980 1369.7
1326990 1368.4
1327000 1368.4
1327010 1367.1
1327020 1365.7
1327030 1365.7
1327040 1363.5
1327050 1362.1
1327060 1362.1
1327070 1361.2
1327080 1361.1
1327090 1361.1
1327100 1362.5
1327110 1367.7
1327120 1374.1
1327130 1374.1
1327140 1377.5
1327150 1376.8
1327160 1376.8
1327170 1374.6
1327180 1373.3
1327190 1373.3
1327200 1375.4
1327210 1376.7
1327220 1376.7
1327230 1377.1
1327240 1376.8
1327250 1376.8
1327260 1376.0
1327270 1375.3
1327280 1375.3
1327290 1375.6
1327300 1375.8
1327310 1375.8
1327320 1376.0
1327330 1376.1
1327340 1376.1
1327350 1376.2
1327360 1376.7
1327370 1376.7
1327380 1376.8
1327390 1377.2
1327400 1377.2
1327410 1378.1
1327420 1378.9
1327430 1378.9
1327440 1379.8
1327450 1380.9
1327460 1382.2
1327470 1382.2
1327480 1383.6
1327490 1384.9
1327500 1384.9
1327510 1385.9
1327520 1386.1
1327530 1386.1
1327540 1387.0
1327550 1388.3
1327560 1388.3
1327570 1389.8
1327580 1390.9
1327590 1390.9
1327600 1391.9
1327610 1393.1
1327620 1393.1
1327630 1394.2
1327640 1394.9
1327650 1394.9
1327660 1395.5
1327670 1396.3
1327680 1396.3
1327690 1396.6
1327700 1397.0
1327710 1397.0
1327720 1397.4
1327730 1397.8
1327740 1400.7
1327750 1401.2
1327760 1403.1
1327770 1403.1
1327780 1405.0
1327790 1406.5
1327800 1408.9
1327810 1408.9
1327820 1411.6
1327830 1414.4
1327840 1414.4
1327850 1418.5
1327860 1423.8
1327870 1423.8
1327880 1428.7
1327890 1433.0
1327900 1433.0
1327910 1436.7
1327920 1440.2
1327930 1440.2
1327940 1443.2
1327950 1445.4
1327960 1445.4
1327970 1447.3
1327980 1448.9
1327990 1448.9
1328000 1449.7
1328010 1449.1
1328020 1449.1
1328030 1449.0
1328040 1449.0
1328050 1449.0
1328060 1447.5
1328070 1446.4
1328080 1446.4
1328090 1449.0
1328100 1454.8
1328110 1454.8
1328120 1459.7
1328130 1463.7
1328140 1463.7
1328150 1466.8
1328160 1469.0
1328170 1471.6
1328180 1471.6
1328190 1474.0
1328200 1476.2
1328210 1476.2
1328220 1478.4
1328230 1480.5
1328240 1480.5
1328250 1482.3
1328260 1484.1
1328270 1484.1
1328280 1485.6
1328290 1486.7
1328300 1486.7
1328310 1487.3
1328320 1487.6
1328330 1487.6
1328340 1487.2
1328350 1486.6
1328360 1486.6
1328370 1485.9
1328380 1485.1
1328390 1485.1
1328400 1484.5
1328410 1483.5
1328420 1483.5
1328430 1482.0
1328440 1480.2
1328450 1480.2
1328460 1478.0
1328470 1475.9
1328480 1475.9
1328490 1473.9
1328500 1471.5
1328510 1468.9
1328520 1468.9
1328530 1465.3
1328540 1461.4
1328550 1461.4
1328560 1456.8
1328570 1453.0
1328580 1453.0
1328590 1450.0
1328600 1446.9
1328610 1446.9
1328620 1444.7
1328630 1442.2
1328640 1442.2
1328650 1440.5
1328660 1438.0
1328670 1438.0
1328680 1434.6
1328690 1430.9
1328700 1430.9
1328710 1427.7
1328720 1424.6
1328730 1424.6
1328740 1421.3
1328750 1418.0
1328760 1418.0
1328770 1415.6
1328780 1413.0
1328790 1413.0
1328800 1409.7
1328810 1406.7
1328820 1406.7
1328830 1405.2
1328840 1408.9
1328850 1412.4
1328860 1412.4
1328870 1415.7
1328880 1419.1
1328890 1419.1
1328900 1423.3
1328910 1428.6
1328920 1428.6
1328930 1432.4
1328940 1435.0
1328950 1435.0
1328960 1437.2
1328970 1438.9
1328980 1438.9
1328990 1442.6
1329000 1447.1
1329010 1447.1
1329020 1451.6
1329030 1455.2
1329040 1455.2
1329050 1459.1
1329060 1462.0
1329070 1462.0
1329080 1463.9
1329090 1466.0
1329100 1466.0
1329110 1470.4
1329120 1474.8
1329130 1474.8
1329140 1478.5
1329150 1482.2
1329160 1482.2
1329170 1486.3
1329180 1490.8
1329190 1490.8
1329200 1495.1
1329210 1499.5
1329220 1504.4
1329230 1504.4
1329240 1509.1
1329250 1514.5
1329260 1514.5
1329270 1520.2
1329280 1525.8
1329290 1525.8
1329300 1531.3
1329310 1537.0
1329320 1537.0
1329330 1542.1
1329340 1547.5
1329350 1547.5
1329360 1552.8
1329370 1557.5
1329380 1560.2
1329390 1564.9
1329400 1569.3
1329410 1569.3
1329420 1573.8
1329430 1578.3
1329440 1578.3
1329450 1582.4
1329460 1586.2
1329470 1586.2
1329480 1589.3
1329490 1592.4
1329500 1592.4
1329510 1594.9
1329520 1596.8
1329530 1596.8
1329540 1597.6
1329550 1598.5
1329560 1600.2
1329570 1600.2
1329580 1601.1
1329590 1601.6
1329600 1601.6
1329610 1600.2
1329620 1596.0
1329630 1596.0
1329640 1589.3
1329650 1582.2
1329660 1582.2
1329670 1579.5
1329680 1582.6
1329690 1582.6
1329700 1581.2
1329710 1578.6
1329720 1578.6
1329730 1573.8
1329740 1559.6
1329750 1559.6
1329760 1559.9
1329770 1560.6
1329780 1560.6
1329790 1563.1
1329800 1576.0
1329810 1576.0
1329820 1586.6
1329830 1593.5
1329840 1593.5
1329850 1599.7
1329860 1607.0
1329870 1607.0
1329880 1615.9
1329890 1625.9
1329900 1631.6
1329910 1631.6
1329920 1638.1
1329930 1645.5
1329940 1645.5
1329950 1654.2
1329960 1664.0
1329970 1664.0
1329980 1673.3
1329990 1680.6
1330000 1680.6
1330010 1687.1
1330020 1694.0
1330030 1694.0
1330040 1699.4
1330050 1703.4
1330060 1703.4
1330070 1706.0
1330080 1708.2
1330090 1708.2
1330100 1708.2
1330110 1706.2
1330120 1706.2
1330130 1701.9
1330140 1695.8
1330150 1695.8
1330160 1687.7
1330170 1680.0
1330180 1680.0
1330190 1672.5
1330200 1664.1
1330210 1663.3
1330220 1655.2
1330230 1647.8
1330240 1635.6
1330250 1635.6
1330260 1620.9
1330270 1608.6
1330280 1608.6
1330290 1600.7
1330300 1592.5
1330310 1592.5
1330320 1586.1
1330330 1581.2
1330340 1581.2
1330350 1567.9
1330360 1557.8
1330370 1557.8
1330380 1552.6
1330390 1549.5
1330400 1549.5
1330410 1544.3
1330420 1538.7
1330430 1538.7
1330440 1533.1
1330450 1528.1
1330460 1528.1
1330470 1522.6
1330480 1515.8
1330490 1515.8
1330500 1504.5
1330510 1499.9
1330520 1499.9
1330530 1503.7
1330540 1501.1
1330550 1501.1
1330560 1495.6
1330570 1490.1
1330580 1490.1
1330590 1484.3
1330600 1478.7
1330610 1473.9
1330620 1473.9
1330630 1469.1
1330640 1463.0
1330650 1463.0
1330660 1456.5
1330670 1451.5
1330680 1451.5
1330690 1445.7
1330700 1437.9
1330710 1437.9
1330720 1429.0
1330730 1420.5
1330740 1420.5
1330750 1411.7
1330760 1404.7
1330770 1404.7
1330780 1399.1
1330790 1391.7
1330800 1391.7
1330810 1384.1
1330820 1376.0
1330830 1376.0
1330840 1366.3
1330850 1357.4
1330860 1357.4
1330870 1350.6
1330880 1342.6
1330890 1342.6
1330900 1334.7
1330910 1328.2
1330920 1328.2
1330930 1321.8
1330940 1315.7
1330950 1311.9
1330960 1311.9
1330970 1317.3
1330980 1320.1
1330990 1320.1
1331000 1316.1
1331010 1314.1
1331020 1314.1
1331030 1315.0
1331040 1324.6
1331050 1324.6
1331060 1333.1
1331070 1345.8
1331080 1345.8
1331090 1360.8
1331100 1367.7
1331110 1367.7
1331120 1367.5
1331130 1358.5
1331140 1358.5
1331150 1360.7
1331160 1372.5
1331170 1372.5
1331180 1388.7
1331190 1399.5
1331200 1399.5
1331210 1406.5
1331220 1413.6
1331230 1413.6
1331240 1418.9
1331250 1423.4
1331260 1423.4
1331270 1429.2
1331280 1437.4
1331290 1446.8
1331300 1446.8
1331310 1454.8
1331320 1463.5
1331330 1463.5
1331340 1471.7
1331350 1479.5
1331360 1479.5
1331370 1485.5
1331380 1490.0
1331390 1490.0
1331400 1494.0
1331410 1495.2
1331420 1495.2
1331430 1494.2
1331440 1488.5
1331450 1488.5
1331460 1485.8
1331470 1485.1
1331480 1485.1
1331490 1487.5
1331500 1489.7
1331510 1489.7
1331520 1490.9
1331530 1490.5
1331540 1490.5
1331550 1488.4
1331560 1490.7
1331570 1490.7
1331580 1487.9
1331590 1478.7
1331600 1478.7
1331610 1462.0
1331620 1448.4
1331630 1448.4
1331640 1437.5
1331650 1429.6
1331660 1417.0
1331670 1417.0
1331680 1403.5
1331690 1392.5
1331700 1392.5
1331710 1382.2
1331720 1380.3
1331730 1380.3
1331740 1391.0
1331750 1397.7
1331760 1397.7
1331770 1402.5
1331780 1409.0
1331790 1409.0
1331800 1410.5
1331810 1411.8
1331820 1411.8
1331830 1411.0
1331840 1405.2
1331850 1405.2
1331860 1398.1
1331870 1390.6
1331880 1393.7
1331890 1389.5
1331900 1387.1
1331910 1387.1
1331920 1382.6
1331930 1378.4
1331940 1378.4
1331950 1378.5
1331960 1380.2
1331970 1380.2
1331980 1382.2
1331990 1382.7
1332000 1380.2
1332010 1380.2
1332020 1376.7
1332030 1373.0
1332040 1373.0
1332050 1369.1
1332060 1365.6
1332070 1365.6
1332080 1361.2
1332090 1354.9
1332100 1354.9
1332110 1348.7
1332120 1342.4
1332130 1342.4
1332140 1335.5
1332150 1329.9
1332160 1329.9
1332170 1327.1
1332180 1330.5
1332190 1330.5
1332200 1330.7
1332210 1329.7
1332220 1329.7
1332230 1328.3
1332240 1326.9
1332250 1326.9
1332260 1325.4
1332270 1323.7
1332280 1323.7
1332290 1322.7
1332300 1322.6
1332310 1322.6
1332320 1324.4
1332330 1329.2
1332340 1335.1
1332350 1335.1
1332360 1341.6
1332370 1347.8
1332380 1347.8
1332390 1353.3
1332400 1359.8
1332410 1359.8
1332420 1366.1
1332430 1371.7
1332440 1371.7
1332450 1377.0
1332460 1382.4
1332470 1382.4
1332480 1387.7
1332490 1392.7
1332500 1392.7
1332510 1397.2
1332520 1401.2
1332530 1401.2
1332540 1404.2
1332550 1406.6
1332560 1406.6
1332570 1408.2
1332580 1409.5
1332590 1409.5
1332600 1411.0
1332610 1412.8
1332620 1412.8
1332630 1414.1
1332640 1414.5
1332650 1414.5
1332660 1412.7
1332670 1409.5
1332680 1406.2
1332690 1406.2
1332700 1402.8
1332710 1398.4
1332720 1396.0
1332730 1386.3
1332740 1375.4
1332750 1375.4
1332760 1367.2
1332770 1360.6
1332780 1360.6
1332790 1354.8
1332800 1348.5
1332810 1348.5
1332820 1343.2
1332830 1338.6
1332840 1338.6
1332850 1333.1
1332860 1319.8
1332870 1319.8
1332880 1314.1
1332890 1317.9
1332900 1317.9
1332910 1320.0
1332920 1315.7
1332930 1315.7
1332940 1311.7
1332950 1315.3
1332960 1315.3
1332970 1327.2
1332980 1335.3
1332990 1335.3
1333000 1340.5
1333010 1344.7
1333020 1344.7
1333030 1348.6
1333040 1352.4
1333050 1356.8
1333060 1356.8
1333070 1361.5
1333080 1366.7
1333090 1366.7
1333100 1371.5
1333110 1375.3
1333120 1375.3
1333130 1378.9
1333140 1381.6
1333150 1381.6
1333160 1385.4
1333170 1389.4
1333180 1389.4
1333190 1393.4
1333200 1397.3
1333210 1397.3
1333220 1401.2
1333230 1403.7
1333240 1403.7
1333250 1404.1
1333260 1407.0
1333270 1407.0
1333280 1410.5
1333290 1412.7
1333300 1412.7
1333310 1414.8
1333320 1415.0
1333330 1415.0
1333340 1411.3
1333350 1403.1
1333360 1403.1
1333370 1393.7
1333380 1382.5
1333390 1372.3
1333400 1372.3
1333410 1364.9
1333420 1359.0
1333430 1359.0
1333440 1356.1
1333450 1354.8
1333460 1354.8
1333470 1355.4
1333480 1359.7
1333490 1359.7
1333500 1359.4
1333510 1357.1
1333520 1357.1
1333530 1357.6
1333540 1361.0
1333550 1361.0
1333560 1369.1
1333570 1369.9
1333580 1369.9
1333590 1375.3
1333600 1378.2
1333610 1378.2
1333620 1378.7
1333630 1377.4
1333640 1377.4
1333650 1376.4
1333660 1376.0
1333670 1376.0
1333680 1376.1
1333690 1375.9
1333700 1375.9
1333710 1374.9
1333720 1373.9
1333730 1369.3
1333740 1369.3
1333750 1361.0
1333760 1351.1
1333770 1351.1
1333780 1342.4
1333790 1333.6
1333800 1333.6
1333810 1327.3
1333820 1323.9
1333830 1323.9
1333840 1323.2
1333850 1324.7
1333860 1324.7
1333870 1323.5
1333880 1318.7
1333890 1318.7
1333900 1314.6
1333910 1311.0
1333920 1311.0
1333930 1307.5
1333940 1306.8
1333950 1306.8
1333960 1306.6
1333970 1306.1
1333980 1306.1
1333990 1305.2
1334000 1303.9
1334010 1303.9
1334020 1303.1
1334030 1303.7
1334040 1303.7
1334050 1305.0
1334060 1304.7
1334070 1303.4
1334080 1303.4
1334090 1303.0
1334100 1303.8
1334110 1303.8
1334120 1304.3
1334130 1304.7
1334140 1304.7
1334150 1307.3
1334160 1311.7
1334170 1311.7
1334180 1317.1
1334190 1323.0
1334200 1323.0
1334210 1327.6
1334220 1327.8
1334230 1327.8
1334240 1322.6
1334250 1313.6
1334260 1313.6
1334270 1301.4
1334280 1284.5
1334290 1284.5
1334300 1274.5
1334310 1267.8
1334320 1267.8
1334330 1262.2
1334340 1257.3
1334350 1257.3
1334360 1252.7
1334370 1248.3
1334380 1248.3
1334390 1237.9
1334400 1221.3
1334410 1221.3
1334420 1204.5
1334430 1191.1
1334440 1175.8
1334450 1175.8
1334460 1161.4
1334470 1154.7
1334480 1154.7
1334490 1155.8
1334500 1157.0
1334510 1157.0
1334520 1158.0
1334530 1158.9
1334540 1158.9
1334550 1160.4
1334560 1166.9
1334570 1166.9
1334580 1178.3
1334590 1184.6
1334600 1184.6
1334610 1187.9
1334620 1190.8
1334630 1190.8
1334640 1193.5
1334650 1196.3
1334660 1196.3
1334670 1199.5
1334680 1203.1
1334690 1203.1
1334700 1206.8
1334710 1210.1
1334720 1210.1
1334730 1211.7
1334740 1208.9
1334750 1208.9
1334760 1205.7
1334770 1201.2
1334780 1193.2
1334790 1193.2
1334800 1183.3
1334810 1178.4
1334820 1178.4
1334830 1176.3
1334840 1175.6
1334850 1175.6
1334860 1175.1
1334870 1174.8
1334880 1174.8
1334890 1173.2
1334900 1171.3
1334910 1171.3
1334920 1170.6
1334930 1171.9
1334940 1171.9
1334950 1174.3
1334960 1176.6
1334970 1176.6
1334980 1177.8
1334990 1178.3
1335000 1178.3
1335010 1180.2
1335020 1182.4
1335030 1182.4
1335040 1180.6
1335050 1175.5
1335060 1175.5
1335070 1170.2
1335080 1169.0
1335090 1169.0
1335100 1169.8
1335110 1171.2
1335120 1172.6
1335130 1172.6
1335140 1176.2
1335150 1179.8
1335160 1179.8
1335170 1181.3
1335180 1182.5
1335190 1182.5
1335200 1184.3
1335210 1186.0
1335220 1186.0
1335230 1186.9
1335240 1188.0
1335250 1188.0
1335260 1189.6
1335270 1185.3
1335280 1185.3
1335290 1179.7
1335300 1172.3
1335310 1172.3
1335320 1172.2
1335330 1174.4
1335340 1174.4
1335350 1175.8
1335360 1176.6
1335370 1176.6
1335380 1179.7
1335390 1185.8
1335400 1185.8
1335410 1193.8
1335420 1200.2
1335430 1200.2
1335440 1201.8
1335450 1198.9
1335460 1198.9
1335470 1198.3
1335480 1198.6
1335490 1199.1
1335500 1199.1
1335510 1200.9
1335520 1203.4
1335530 1203.4
1335540 1203.8
1335550 1204.8
1335560 1204.8
1335570 1203.9
1335580 1205.4
1335590 1205.4
1335600 1206.4
1335610 1203.9
1335620 1203.9
1335630 1190.8
1335640 1178.4
1335650 1178.4
1335660 1183.1
1335670 1186.0
1335680 1186.0
1335690 1192.5
1335700 1189.0
1335710 1189.0
1335720 1174.6
1335730 1158.8
1335740 1158.8
1335750 1148.7
1335760 1137.9
1335770 1137.9
1335780 1129.3
1335790 1120.6
1335800 1120.6
1335810 1108.4
1335820 1092.3
1335830 1084.8
1335840 1084.8
1335850 1080.0
1335860 1069.4
1335870 1069.4
1335880 1061.9
1335890 1067.1
1335900 1067.1
1335910 1067.1
1335920 1066.0
1335930 1066.0
1335940 1062.3
1335950 1054.8
1335960 1054.8
1335970 1046.3
1335980 1037.4
1335990 1037.4
1336000 1025.8
1336010 1017.2
1336020 1017.2
1336030 1011.8
1336040 1004.9
1336050 1004.9
1336060 990.1
1336070 975.7
1336080 975.7
1336090 967.9
1336100 963.6
1336110 963.6
1336120 957.7
1336130 939.3
1336140 939.3
1336150 935.2
1336160 935.6
1336170 936.0
1336180 936.0
1336190 939.3
1336200 943.4
1336210 943.4
1336220 945.5
1336230 945.6
1336240 945.6
1336250 944.5
1336260 941.8
1336270 941.8
1336280 938.2
1336290 935.2
1336300 935.2
1336310 933.9
1336320 934.9
1336330 934.9
1336340 935.7
1336350 933.9
1336360 933.9
1336370 931.3
1336380 929.1
1336390 929.1
1336400 927.4
1336410 926.3
1336420 926.3
1336430 926.0
1336440 926.7
1336450 926.7
1336460 926.7
1336470 925.2
1336480 925.2
1336490 924.4
1336500 923.2
1336510 922.2
1336520 922.2
1336530 920.4
1336540 919.0
1336550 919.0
1336560 915.0
1336570 910.7
1336580 910.7
1336590 906.3
1336600 902.0
1336610 902.0
1336620 897.4
1336630 892.5
1336640 892.5
1336650 888.9
1336660 886.7
1336670 886.7
1336680 883.2
1336690 879.7
1336700 879.7
1336710 876.3
1336720 872.6
1336730 872.6
1336740 867.2
1336750 860.3
1336760 860.3
1336770 851.3
1336780 843.0
1336790 843.0
1336800 838.1
1336810 829.0
1336820 829.0
1336830 821.7
1336840 814.9
1336850 814.9
1336860 810.5
1336870 807.7
1336880 807.2
1336890 807.2
1336900 807.0
1336910 802.1
1336920 802.1
1336930 795.8
1336940 793.2
1336950 793.2
1336960 792.0
1336970 790.5
1336980 790.5
1336990 788.8
1337000 779.3
1337010 779.3
1337020 776.9
1337030 775.7
1337040 775.7
1337050 776.4
1337060 778.3
1337070 778.3
1337080 777.7
1337090 773.7
1337100 773.7
1337110 769.6
1337120 766.3
1337130 766.3
1337140 767.3
1337150 768.2
1337160 768.2
1337170 769.2
1337180 769.0
1337190 769.0
1337200 767.8
1337210 765.0
1337220 761.8
1337230 761.8
1337240 759.0
1337250 755.9
1337260 755.9
1337270 753.7
1337280 750.8
1337290 750.8
1337300 746.7
1337310 744.9
1337320 744.9
1337330 741.9
1337340 738.7
1337350 738.7
1337360 736.5
1337370 734.0
1337380 734.0
1337390 730.4
1337400 726.8
1337410 726.8
1337420 723.9
1337430 721.3
1337440 721.3
1337450 718.2
1337460 715.2
1337470 715.2
1337480 713.6
1337490 709.6
1337500 709.6
1337510 702.7
1337520 695.8
1337530 695.8
1337540 688.7
1337550 681.3
1337560 675.9
1337570 675.9
1337580 675.1
1337590 674.3
1337600 674.3
1337610 674.4
1337620 675.4
1337630 675.4
1337640 676.7
1337650 676.7
1337660 676.7
1337670 675.3
1337680 673.5
1337690 673.5
1337700 670.2
1337710 666.4
1337720 666.4
1337730 663.3
1337740 661.6
1337750 661.6
1337760 659.4
1337770 655.7
1337780 655.7
1337790 650.2
1337800 646.6
1337810 646.6
1337820 647.2
1337830 647.7
1337840 647.7
1337850 647.5
1337860 648.9
1337870 646.3
1337880 647.7
1337890 643.0
1337900 643.0
1337910 639.7
1337920 638.2
1337930 636.5
1337940 636.5
1337950 634.7
1337960 633.2
1337970 633.2
1337980 632.6
1337990 632.4
1338000 632.4
1338010 632.1
1338020 631.7
1338030 631.7
1338040 631.1
1338050 629.9
1338060 629.9
1338070 628.8
1338080 628.1
1338090 628.1
1338100 627.3
1338110 626.2
1338120 626.2
1338130 625.5
1338140 624.5
1338150 624.5
1338160 623.2
1338170 622.2
1338180 622.2
1338190 621.1
1338200 620.3
1338210 620.3
1338220 619.8
1338230 619.2
1338240 619.2
1338250 618.6
1338260 618.1
1338270 617.7
1338280 617.7
1338290 617.5
1338300 616.9
1338310 616.9
1338320 616.4
1338330 616.2
1338340 616.2
1338350 616.0
1338360 616.0
1338370 616.0
1338380 616.1
1338390 616.2
1338400 616.2
1338410 616.4
1338420 616.8
1338430 616.8
1338440 617.0
1338450 617.2
1338460 617.2
1338470 617.2
1338480 617.0
1338490 617.0
1338500 616.9
1338510 616.8
1338520 616.8
1338530 616.3
1338540 615.5
1338550 615.5
1338560 614.7
1338570 613.8
1338580 613.8
1338590 612.7
1338600 611.4
1338610 608.4
1338620 608.4
1338630 604.7
1338640 602.6
1338650 602.6
1338660 605.1
1338670 608.0
1338680 608.0
1338690 607.4
1338700 603.8
1338710 603.8
1338720 601.0
1338730 600.4
1338740 600.3
1338750 607.7
1338760 610.9
1338770 610.9
1338780 612.4
1338790 614.2
1338800 614.2
1338810 616.2
1338820 617.8
1338830 617.8
1338840 618.7
1338850 619.3
1338860 619.3
1338870 619.9
1338880 620.5
1338890 620.5
1338900 621.1
1338910 621.9
1338920 621.9
1338930 622.7
1338940 623.4
1338950 623.8
1338960 623.8
1338970 623.9
1338980 623.7
1338990 623.7
1339000 623.4
1339010 622.8
1339020 622.8
1339030 621.9
1339040 621.0
1339050 621.0
1339060 620.2
1339070 619.4
1339080 619.4
1339090 618.6
1339100 617.4
1339110 617.4
1339120 615.9
1339130 613.8
1339140 613.8
1339150 611.6
1339160 609.3
1339170 609.3
1339180 607.0
1339190 604.5
1339200 604.5
1339210 602.2
1339220 600.9
1339230 600.9
1339240 599.9
1339250 598.1
1339260 598.1
1339270 596.4
1339280 595.2
1339290 595.2
1339300 594.1
1339310 592.7
1339320 591.0
1339330 591.0
1339340 589.2
1339350 587.9
1339360 587.9
1339370 586.3
1339380 585.3
1339390 585.3
1339400 584.7
1339410 584.2
1339420 584.2
1339430 583.5
1339440 582.3
1339450 582.3
1339460 580.7
1339470 579.0
1339480 579.0
1339490 577.6
1339500 576.4
1339510 576.4
1339520 575.1
1339530 573.7
1339540 573.7
1339550 572.7
1339560 571.9
1339570 571.9
1339580 571.1
1339590 570.0
1339600 570.0
1339610 568.3
1339620 564.8
1339630 564.8
1339640 562.6
1339650 561.7
1339660 561.1
1339670 561.1
1339680 560.7
1339690 560.5
1339700 560.5
1339710 560.6
1339720 560.8
1339730 560.8
1339740 561.1
1339750 561.4
1339760 561.4
1339770 561.8
1339780 562.2
1339790 562.2
1339800 562.7
1339810 563.0
1339820 563.0
1339830 563.0
1339840 563.1
1339850 563.1
1339860 563.3
1339870 563.5
1339880 563.5
1339890 563.6
1339900 563.6
1339910 563.6
1339920 563.8
1339930 563.8
1339940 563.8
1339950 563.4
1339960 563.2
1339970 563.2
1339980 562.9
1339990 562.6
