1320000 1031.7
1320010 1031.7
1320020 1031.1
1320030 1032.0
1320040 1032.0
1320050 1032.7
1320060 1029.4
1320070 1029.4
1320080 1021.9
1320090 1013.7
1320100 1013.7
1320110 1006.9
1320120 1000.4
1320130 1000.4
1320140 993.8
1320150 987.2
1320160 987.2
1320170 980.5
1320180 974.9
1320190 974.9
1320200 969.5
1320210 961.9
1320220 961.9
1320230 952.5
1320240 943.1
1320250 943.1
1320260 934.1
1320270 924.9
1320280 917.2
1320290 917.2
1320300 914.2
1320310 919.2
1320320 919.2
1320330 928.6
1320340 931.1
1320350 931.1
1320360 928.9
1320370 925.5
1320380 925.5
1320390 921.3
1320400 916.1
1320410 916.1
1320420 911.1
1320430 906.7
1320440 906.7
1320450 901.1
1320460 895.1
1320470 895.1
1320480 890.8
1320490 887.4
1320500 887.4
1320510 884.4
1320520 880.0
1320530 880.0
1320540 875.1
1320550 870.5
1320560 870.5
1320570 866.0
1320580 861.3
1320590 861.3
1320600 855.8
1320610 849.8
1320620 844.6
1320630 844.6
1320640 839.3
1320650 834.3
1320660 834.3
1320670 829.3
1320680 824.5
1320690 824.5
1320700 820.1
1320710 816.0
1320720 816.0
1320730 811.9
1320740 807.6
1320750 807.6
1320760 802.9
1320770 798.6
1320780 798.6
1320790 795.2
1320800 792.4
1320810 792.4
1320820 789.8
1320830 790.2
1320840 790.2
1320850 791.6
1320860 790.5
1320870 790.5
1320880 792.4
1320890 796.4
1320900 796.4
1320910 796.1
1320920 797.1
1320930 797.1
1320940 794.2
1320950 790.0
1320960 790.8
1320970 790.8
1320980 791.8
1320990 793.3
1321000 793.3
1321010 780.9
1321020 777.1
1321030 777.1
1321040 772.1
1321050 770.0
1321060 770.0
1321070 770.9
1321080 771.0
1321090 771.0
1321100 768.6
1321110 763.3
1321120 763.3
1321130 756.2
1321140 754.6
1321150 754.6
1321160 758.9
1321170 760.4
1321180 760.4
1321190 760.6
1321200 763.5
1321210 763.5
1321220 768.2
1321230 767.3
1321240 767.3
1321250 771.5
1321260 774.1
1321270 774.1
1321280 779.4
1321290 785.8
1321300 785.8
1321310 786.5
1321320 786.0
1321330 783.7
1321340 783.7
1321350 781.9
1321360 784.3
1321370 784.3
1321380 785.0
1321390 782.7
1321400 782.7
1321410 778.1
1321420 771.8
1321430 771.8
1321440 771.4
1321450 772.9
1321460 772.9
1321470 772.6
1321480 771.8
1321490 771.8
1321500 772.1
1321510 772.1
1321520 772.1
1321530 768.9
1321540 763.3
1321550 763.3
1321560 757.5
1321570 756.2
1321580 756.2
1321590 763.3
1321600 768.5
1321610 768.5
1321620 771.6
1321630 776.7
1321640 776.7
1321650 782.2
1321660 784.4
1321670 785.0
1321680 785.0
1321690 785.6
1321700 789.5
1321710 789.5
1321720 786.9
1321730 778.7
1321740 778.7
1321750 773.7
1321760 773.2
1321770 773.2
1321780 773.4
1321790 776.8
1321800 776.8
1321810 778.9
1321820 780.8
1321830 780.8
1321840 784.1
1321850 787.7
1321860 787.7
1321870 791.6
1321880 795.0
1321890 795.0
1321900 798.6
1321910 802.3
1321920 802.3
1321930 805.9
1321940 809.4
1321950 809.4
1321960 813.0
1321970 816.6
1321980 816.6
1321990 819.2
1322000 821.7
1322010 821.7
1322020 824.9
1322030 829.4
1322040 834.1
1322050 834.1
1322060 838.9
1322070 842.9
1322080 842.9
1322090 844.2
1322100 842.8
1322110 842.8
1322120 838.6
1322130 833.9
1322140 833.9
1322150 831.3
1322160 832.5
1322170 832.5
1322180 834.3
1322190 834.7
1322200 834.7
1322210 836.5
1322220 838.4
1322230 838.4
1322240 839.7
1322250 840.1
1322260 840.1
1322270 841.7
1322280 842.8
1322290 842.8
1322300 844.2
1322310 846.6
1322320 846.6
1322330 848.7
1322340 850.4
1322350 850.4
1322360 852.3
1322370 854.3
1322380 856.7
1322390 856.7
1322400 859.7
1322410 863.6
1322420 863.6
1322430 867.2
1322440 869.9
1322450 869.9
1322460 871.3
1322470 873.2
1322480 873.2
1322490 875.9
1322500 878.1
1322510 878.1
1322520 879.7
1322530 880.5
1322540 880.5
1322550 881.8
1322560 884.0
1322570 884.0
1322580 880.4
1322590 883.6
1322600 883.6
1322610 887.2
1322620 890.4
1322630 890.4
1322640 892.8
1322650 894.3
1322660 894.3
1322670 896.0
1322680 898.0
1322690 898.0
1322700 900.1
1322710 902.4
1322720 904.7
1322730 904.7
1322740 906.7
1322750 908.7
1322760 908.7
1322770 910.7
1322780 913.3
1322790 913.3
1322800 916.0
1322810 919.3
1322820 919.3
1322830 923.5
1322840 925.0
1322850 925.0
1322860 924.7
1322870 922.2
1322880 922.2
1322890 917.9
1322900 914.1
1322910 914.1
1322920 911.5
1322930 909.5
1322940 909.5
1322950 907.8
1322960 908.8
1322970 908.8
1322980 913.4
1322990 922.4
1323000 922.4
1323010 931.4
1323020 938.3
1323030 938.3
1323040 943.9
1323050 948.3
1323060 948.3
1323070 954.4
1323080 962.1
1323090 969.3
1323100 969.3
1323110 972.4
1323120 980.5
1323130 980.5
1323140 993.5
1323150 993.7
1323160 993.7
1323170 998.4
1323180 998.9
1323190 998.9
1323200 998.2
1323210 998.5
1323220 998.5
1323230 998.6
1323240 998.3
1323250 998.3
1323260 997.4
1323270 996.7
1323280 996.7
1323290 997.8
1323300 999.4
1323310 999.4
1323320 1001.2
1323330 1001.5
1323340 1001.5
1323350 1000.7
1323360 998.6
1323370 992.4
1323380 989.1
1323390 983.6
1323400 983.6
1323410 972.1
1323420 953.2
1323430 941.2
1323440 941.2
1323450 932.6
1323460 924.1
1323470 924.1
1323480 917.2
1323490 911.6
1323500 911.6
1323510 905.7
1323520 900.1
1323530 900.1
1323540 895.0
1323550 889.9
1323560 889.9
1323570 884.5
1323580 878.9
1323590 878.9
1323600 872.6
1323610 866.5
1323620 866.5
1323630 860.3
1323640 854.4
1323650 854.4
1323660 848.3
1323670 842.5
1323680 842.5
1323690 836.9
1323700 831.2
1323710 831.2
1323720 824.6
1323730 817.5
1323740 817.5
1323750 811.2
1323760 803.6
1323770 803.6
1323780 796.2
1323790 790.0
1323800 785.7
1323810 785.7
1323820 781.5
1323830 777.5
1323840 777.5
1323850 773.7
1323860 771.4
1323870 771.4
1323880 769.5
1323890 767.4
1323900 767.4
1323910 764.6
1323920 761.5
1323930 761.5
1323940 759.0
1323950 757.3
1323960 757.3
1323970 756.5
1323980 755.5
1323990 755.5
1324000 753.3
1324010 752.0
1324020 752.0
1324030 752.3
1324040 752.0
1324050 752.0
1324060 750.6
1324070 747.3
1324080 747.3
1324090 743.9
1324100 741.4
1324110 741.4
1324120 735.9
1324130 730.5
1324140 726.4
1324150 726.4
1324160 721.5
1324170 712.8
1324180 712.8
1324190 708.2
1324200 703.8
1324210 703.8
1324220 700.6
1324230 697.5
1324240 697.5
1324250 695.2
1324260 693.2
1324270 693.2
1324280 690.9
1324290 687.8
1324300 687.8
1324310 686.1
1324320 684.5
1324330 684.5
1324340 684.2
1324350 684.1
1324360 684.1
1324370 684.2
1324380 684.7
1324390 684.7
1324400 684.8
1324410 681.9
1324420 681.9
1324430 680.7
1324440 681.8
1324450 681.8
1324460 681.7
1324470 682.0
1324480 682.8
1324490 682.8
1324500 683.6
1324510 685.4
1324520 685.4
1324530 689.2
1324540 694.0
1324550 694.0
1324560 699.3
1324570 702.6
1324580 702.6
1324590 705.5
1324600 709.1
1324610 709.1
1324620 712.2
1324630 716.5
1324640 716.5
1324650 720.4
1324660 724.8
1324670 724.8
1324680 729.6
1324690 733.7
1324700 733.7
1324710 738.1
1324720 744.6
1324730 744.6
1324740 751.1
1324750 754.8
1324760 754.8
1324770 756.5
1324780 756.2
1324790 756.2
1324800 758.7
1324810 762.3
1324820 762.3
1324830 766.5
1324840 771.0
1324850 771.5
1324860 771.5
1324870 773.1
1324880 774.4
1324890 774.4
1324900 775.4
1324910 778.7
1324920 778.7
1324930 783.0
1324940 785.8
1324950 785.8
1324960 788.4
1324970 794.3
1324980 794.3
1324990 797.4
1325000 801.2
1325010 801.2
1325020 805.3
1325030 808.6
1325040 808.6
1325050 812.2
1325060 817.0
1325070 817.0
1325080 822.7
1325090 828.2
1325100 828.2
1325110 833.6
1325120 840.0
1325130 840.0
1325140 846.5
1325150 853.1
1325160 853.1
1325170 860.8
1325180 868.5
1325190 874.3
1325200 874.3
1325210 877.9
1325220 881.4
1325230 881.4
1325240 884.2
1325250 887.0
1325260 887.0
1325270 889.2
1325280 891.3
1325290 891.3
1325300 893.4
1325310 896.6
1325320 896.6
1325330 899.2
1325340 901.5
1325350 901.5
1325360 903.1
1325370 904.8
1325380 904.8
1325390 906.3
1325400 908.6
1325410 908.6
1325420 910.1
1325430 911.7
1325440 911.7
1325450 914.0
1325460 916.2
1325470 916.2
1325480 918.1
1325490 919.8
1325500 919.8
1325510 921.9
1325520 925.4
1325530 925.4
1325540 928.0
1325550 931.4
1325560 936.1
1325570 936.1
1325580 939.8
1325590 942.4
1325600 942.4
1325610 947.6
1325620 955.2
1325630 955.2
1325640 959.5
1325650 963.7
1325660 963.7
1325670 968.6
1325680 974.2
1325690 974.2
1325700 984.1
1325710 1007.6
1325720 1007.6
1325730 1018.0
1325740 1024.2
1325750 1024.2
1325760 1030.8
1325770 1043.8
1325780 1043.8
1325790 1048.2
1325800 1047.6
1325810 1047.6
1325820 1047.1
1325830 1052.4
1325840 1052.4
1325850 1053.7
1325860 1053.5
1325870 1053.5
1325880 1051.8
1325890 1052.3
1325900 1058.6
1325910 1058.6
1325920 1064.2
1325930 1067.4
1325940 1067.4
1325950 1071.0
1325960 1077.3
1325970 1077.3
1325980 1084.7
1325990 1088.7
1326000 1088.7
1326010 1089.8
1326020 1089.0
1326030 1089.0
1326040 1088.0
1326050 1087.9
1326060 1087.9
1326070 1087.4
1326080 1086.9
1326090 1086.9
1326100 1093.1
1326110 1130.7
1326120 1130.7
1326130 1162.0
1326140 1175.9
1326150 1175.9
1326160 1188.6
1326170 1208.7
1326180 1208.7
1326190 1226.1
1326200 1245.1
1326210 1245.1
1326220 1261.1
1326230 1268.9
1326240 1275.1
1326250 1275.1
1326260 1281.1
1326270 1285.7
1326280 1285.7
1326290 1289.7
1326300 1295.2
1326310 1295.2
1326320 1299.0
1326330 1300.2
1326340 1300.2
1326350 1300.8
1326360 1299.1
1326370 1299.1
1326380 1297.5
1326390 1296.9
1326400 1296.9
1326410 1293.5
1326420 1288.1
1326430 1288.1
1326440 1284.1
1326450 1283.3
1326460 1283.3
1326470 1280.6
1326480 1277.4
1326490 1277.4
1326500 1275.0
1326510 1272.6
1326520 1272.6
1326530 1270.9
1326540 1269.4
1326550 1269.4
1326560 1267.2
1326570 1264.3
1326580 1264.5
1326590 1260.6
1326600 1255.7
1326610 1251.6
1326620 1251.6
1326630 1247.8
1326640 1244.6
1326650 1244.6
1326660 1242.8
1326670 1242.2
1326680 1242.2
1326690 1244.8
1326700 1248.6
1326710 1248.6
1326720 1252.7
1326730 1257.3
1326740 1257.3
1326750 1262.3
1326760 1267.3
1326770 1267.3
1326780 1271.9
1326790 1276.0
1326800 1276.0
1326810 1280.0
1326820 1283.9
1326830 1283.9
1326840 1288.2
1326850 1293.7
1326860 1293.7
1326870 1300.9
1326880 1307.9
1326890 1307.9
1326900 1314.8
1326910 1321.3
1326920 1321.3
1326930 1326.3
1326940 1329.3
1326950 1330.9
1326960 1330.9
1326970 1331.5
1326980 1330.8
1326990 1330.8
1327000 1332.2
1327010 1334.7
1327020 1334.7
1327030 1338.1
1327040 1340.8
1327050 1340.8
1327060 1343.2
1327070 1347.5
1327080 1347.5
1327090 1353.5
1327100 1360.1
1327110 1360.1
1327120 1363.7
1327130 1367.8
1327140 1367.8
1327150 1371.4
1327160 1374.5
1327170 1374.5
1327180 1378.3
1327190 1380.4
1327200 1380.4
1327210 1380.1
1327220 1378.9
1327230 1378.9
1327240 1374.9
1327250 1371.5
1327260 1371.5
1327270 1368.4
1327280 1364.4
1327290 1364.4
1327300 1361.4
1327310 1358.9
1327320 1356.3
1327330 1356.3
1327340 1354.5
1327350 1354.1
1327360 1354.1
1327370 1354.5
1327380 1353.9
1327390 1349.5
1327400 1346.3
1327410 1342.6
1327420 1342.6
1327430 1339.4
1327440 1337.0
1327450 1337.0
1327460 1336.4
1327470 1335.8
1327480 1335.8
1327490 1334.5
1327500 1334.3
1327510 1334.3
1327520 1333.4
1327530 1334.3
1327540 1334.3
1327550 1333.6
1327560 1334.6
1327570 1334.6
1327580 1336.6
1327590 1338.0
1327600 1338.0
1327610 1339.8
1327620 1341.5
1327630 1341.5
1327640 1342.1
1327650 1342.1
1327660 1341.4
1327670 1341.4
1327680 1340.1
1327690 1339.4
1327700 1339.4
1327710 1339.0
1327720 1338.5
1327730 1338.5
1327740 1339.4
1327750 1341.0
1327760 1341.0
1327770 1343.3
1327780 1345.7
1327790 1345.7
1327800 1346.6
1327810 1346.2
1327820 1346.2
1327830 1344.1
1327840 1344.7
1327850 1344.7
1327860 1347.4
1327870 1349.7
1327880 1349.7
1327890 1350.9
1327900 1352.2
1327910 1352.2
1327920 1353.7
1327930 1354.8
1327940 1354.8
1327950 1355.6
1327960 1356.2
1327970 1356.2
1327980 1355.2
1327990 1353.3
1328000 1351.6
1328010 1351.6
1328020 1350.0
1328030 1349.0
1328040 1349.0
1328050 1348.4
1328060 1348.2
1328070 1348.2
1328080 1348.1
1328090 1348.1
1328100 1348.1
1328110 1347.9
1328120 1347.1
1328130 1347.1
1328140 1345.4
1328150 1343.5
1328160 1343.5
1328170 1341.2
1328180 1338.4
1328190 1338.4
1328200 1335.2
1328210 1331.9
1328220 1331.9
1328230 1329.8
1328240 1328.7
1328250 1328.7
1328260 1326.0
1328270 1322.3
1328280 1322.3
1328290 1320.4
1328300 1319.7
1328310 1319.7
1328320 1318.0
1328330 1317.7
1328340 1317.7
1328350 1316.5
1328360 1314.2
1328370 1312.4
1328380 1312.4
1328390 1311.4
1328400 1310.3
1328410 1310.3
1328420 1309.8
1328430 1310.4
1328440 1310.4
1328450 1311.7
1328460 1312.0
1328470 1312.0
1328480 1312.0
1328490 1312.0
1328500 1312.0
1328510 1311.2
1328520 1310.0
1328530 1310.0
1328540 1310.7
1328550 1312.2
1328560 1312.2
1328570 1313.4
1328580 1315.0
1328590 1315.0
1328600 1316.0
1328610 1316.2
1328620 1316.2
1328630 1316.8
1328640 1317.2
1328650 1317.2
1328660 1316.8
1328670 1316.9
1328680 1316.9
1328690 1318.1
1328700 1319.8
1328710 1319.6
1328720 1319.6
1328730 1320.3
1328740 1321.7
1328750 1321.7
1328760 1322.1
1328770 1321.8
1328780 1321.8
1328790 1322.4
1328800 1323.5
1328810 1323.5
1328820 1324.5
1328830 1325.7
1328840 1325.7
1328850 1326.9
1328860 1327.4
1328870 1327.4
1328880 1327.4
1328890 1328.0
1328900 1328.0
1328910 1328.8
1328920 1329.3
1328930 1329.3
1328940 1329.5
1328950 1329.6
1328960 1329.6
1328970 1330.0
1328980 1330.0
1328990 1330.0
1329000 1329.0
1329010 1329.0
1329020 1329.0
1329030 1325.6
1329040 1326.3
1329050 1326.3
1329060 1326.1
1329070 1326.1
1329080 1325.6
1329090 1325.6
1329100 1325.4
1329110 1325.9
1329120 1325.9
1329130 1325.7
1329140 1323.9
1329150 1323.9
1329160 1320.9
1329170 1317.9
1329180 1317.9
1329190 1316.8
1329200 1316.8
1329210 1316.8
1329220 1316.1
1329230 1315.2
1329240 1315.2
1329250 1314.6
1329260 1313.6
1329270 1313.6
1329280 1312.7
1329290 1312.2
1329300 1312.2
1329310 1311.7
1329320 1309.6
1329330 1309.6
1329340 1307.3
1329350 1305.8
1329360 1305.8
1329370 1305.7
1329380 1305.0
1329390 1305.0
1329400 1303.7
1329410 1301.9
1329420 1300.2
1329430 1300.2
1329440 1298.4
1329450 1297.1
1329460 1297.1
1329470 1296.2
1329480 1295.6
1329490 1295.6
1329500 1294.8
1329510 1294.1
1329520 1294.1
1329530 1293.8
1329540 1293.2
1329550 1293.2
1329560 1292.6
1329570 1291.6
1329580 1291.6
1329590 1291.2
1329600 1291.6
1329610 1291.6
1329620 1292.6
1329630 1294.2
1329640 1294.2
1329650 1295.3
1329660 1294.9
1329670 1294.9
1329680 1295.0
1329690 1294.5
1329700 1294.5
1329710 1293.1
1329720 1292.5
1329730 1292.5
1329740 1291.2
1329750 1289.6
1329760 1287.9
1329770 1287.9
1329780 1286.6
1329790 1285.8
1329800 1285.8
1329810 1285.0
1329820 1284.0
1329830 1284.0
1329840 1283.8
1329850 1278.8
1329860 1278.8
1329870 1278.4
1329880 1277.7
1329890 1277.7
1329900 1275.5
1329910 1273.5
1329920 1273.5
1329930 1272.4
1329940 1271.4
1329950 1271.4
1329960 1270.7
1329970 1270.3
1329980 1270.3
1329990 1270.1
1330000 1269.9
1330010 1269.9
1330020 1269.7
1330030 1268.8
1330040 1268.8
1330050 1268.0
1330060 1267.9
1330070 1267.9
1330080 1267.9
1330090 1267.7
1330100 1267.7
1330110 1267.0
1330120 1266.0
1330130 1265.1
1330140 1265.1
1330150 1264.0
1330160 1263.5
1330170 1263.5
1330180 1263.6
1330190 1262.8
1330200 1262.8
1330210 1262.0
1330220 1260.9
1330230 1260.9
1330240 1259.6
1330250 1259.4
1330260 1259.4
1330270 1259.2
1330280 1258.6
1330290 1258.6
1330300 1257.8
1330310 1257.2
1330320 1257.2
1330330 1256.3
1330340 1255.5
1330350 1255.5
1330360 1254.9
1330370 1254.3
1330380 1254.3
1330390 1253.4
1330400 1252.6
1330410 1252.6
1330420 1251.8
1330430 1250.6
1330440 1250.6
1330450 1249.0
1330460 1247.3
1330470 1245.5
1330480 1245.5
1330490 1243.5
1330500 1241.7
1330510 1241.7
1330520 1240.2
1330530 1239.1
1330540 1239.1
1330550 1238.0
1330560 1237.2
1330570 1237.2
1330580 1236.5
1330590 1235.5
1330600 1235.5
1330610 1234.5
1330620 1233.4
1330630 1233.4
1330640 1232.7
1330650 1232.2
1330660 1232.2
1330670 1231.5
1330680 1230.9
1330690 1228.8
1330700 1228.5
1330710 1228.5
1330720 1228.5
1330730 1228.3
1330740 1227.8
1330750 1227.8
1330760 1226.5
1330770 1224.9
1330780 1224.9
1330790 1222.3
1330800 1219.7
1330810 1219.7
1330820 1217.3
1330830 1214.1
1330840 1208.8
1330850 1208.8
1330860 1202.0
1330870 1195.2
1330880 1195.2
1330890 1188.2
1330900 1183.3
1330910 1183.3
1330920 1180.0
1330930 1172.9
1330940 1172.9
1330950 1165.6
1330960 1158.4
1330970 1158.4
1330980 1151.2
1330990 1143.8
1331000 1143.8
1331010 1133.9
1331020 1129.7
1331030 1129.7
1331040 1126.7
1331050 1122.4
1331060 1122.4
1331070 1118.7
1331080 1117.1
1331090 1117.1
1331100 1114.9
1331110 1111.8
1331120 1111.8
1331130 1112.3
1331140 1119.1
1331150 1119.1
1331160 1127.5
1331170 1130.8
1331180 1128.4
1331190 1128.4
1331200 1127.8
1331210 1131.2
1331220 1131.2
1331230 1136.6
1331240 1139.0
1331250 1139.0
1331260 1138.7
1331270 1138.1
1331280 1138.1
1331290 1140.7
1331300 1134.6
1331310 1134.6
1331320 1120.5
1331330 1113.5
1331340 1113.5
1331350 1106.0
1331360 1107.8
1331370 1107.8
1331380 1113.5
1331390 1118.2
1331400 1118.2
1331410 1122.1
1331420 1125.4
1331430 1125.4
1331440 1130.2
1331450 1135.8
1331460 1135.8
1331470 1141.3
1331480 1144.8
1331490 1144.8
1331500 1148.4
1331510 1153.2
1331520 1151.5
1331530 1151.5
1331540 1155.1
1331550 1158.4
1331560 1158.4
1331570 1160.6
1331580 1164.0
1331590 1164.0
1331600 1169.0
1331610 1171.9
1331620 1171.9
1331630 1173.7
1331640 1177.0
1331650 1177.0
1331660 1180.8
1331670 1187.2
1331680 1187.2
1331690 1194.2
1331700 1202.2
1331710 1202.2
1331720 1210.9
1331730 1218.4
1331740 1218.4
1331750 1224.4
1331760 1230.2
1331770 1230.2
1331780 1235.7
1331790 1240.3
1331800 1240.3
1331810 1243.3
1331820 1245.5
1331830 1245.5
1331840 1247.0
1331850 1250.2
1331860 1250.2
1331870 1254.2
1331880 1258.5
1331890 1261.2
1331900 1261.2
1331910 1263.0
1331920 1264.5
1331930 1264.5
1331940 1267.8
1331950 1271.2
1331960 1271.2
1331970 1273.0
1331980 1273.1
1331990 1273.1
1332000 1272.8
1332010 1273.1
1332020 1273.1
1332030 1273.7
1332040 1274.3
1332050 1274.3
1332060 1274.9
1332070 1277.4
1332080 1277.4
1332090 1281.0
1332100 1283.6
1332110 1283.6
1332120 1285.9
1332130 1287.6
1332140 1287.6
1332150 1288.2
1332160 1289.5
1332170 1289.5
1332180 1291.5
1332190 1293.7
1332200 1293.7
1332210 1296.1
1332220 1298.7
1332230 1302.5
1332240 1302.5
1332250 1305.6
1332260 1309.0
1332270 1309.0
1332280 1312.2
1332290 1315.0
1332300 1315.0
1332310 1317.1
1332320 1319.2
1332330 1319.2
1332340 1321.5
1332350 1323.8
1332360 1323.7
1332370 1325.5
1332380 1327.3
1332390 1327.3
1332400 1329.0
1332410 1330.9
1332420 1330.9
1332430 1333.0
1332440 1335.7
1332450 1335.7
1332460 1339.1
1332470 1342.6
1332480 1342.6
1332490 1346.4
1332500 1350.7
1332510 1350.7
1332520 1354.9
1332530 1359.0
1332540 1359.0
1332550 1362.0
1332560 1365.5
1332570 1368.1
1332580 1368.1
1332590 1370.1
1332600 1372.4
1332610 1372.4
1332620 1371.0
1332630 1370.9
1332640 1370.9
1332650 1370.3
1332660 1369.0
1332670 1369.0
1332680 1367.7
1332690 1366.3
1332700 1366.3
1332710 1364.7
1332720 1364.9
1332730 1364.9
1332740 1366.0
1332750 1368.7
1332760 1368.7
1332770 1372.3
1332780 1376.7
1332790 1376.7
1332800 1379.4
1332810 1381.1
1332820 1381.1
1332830 1382.4
1332840 1384.4
1332850 1384.4
1332860 1386.7
1332870 1388.5
1332880 1388.5
1332890 1390.2
1332900 1392.6
1332910 1392.6
1332920 1394.9
1332930 1395.3
1332940 1396.0
1332950 1396.0
1332960 1397.4
1332970 1398.0
1332980 1398.0
1332990 1396.6
1333000 1394.5
1333010 1394.5
1333020 1393.0
1333030 1392.1
1333040 1392.1
1333050 1390.7
1333060 1389.6
1333070 1389.6
1333080 1389.6
1333090 1391.0
1333100 1391.0
1333110 1392.5
1333120 1394.1
1333130 1394.1
1333140 1396.5
1333150 1396.5
1333160 1396.5
1333170 1393.9
1333180 1393.5
1333190 1393.5
1333200 1389.9
1333210 1389.4
1333220 1389.4
1333230 1386.9
1333240 1383.9
1333250 1383.9
1333260 1389.4
1333270 1395.2
1333280 1399.1
1333290 1399.1
1333300 1402.0
1333310 1404.5
1333320 1404.5
1333330 1407.0
1333340 1409.5
1333350 1409.5
1333360 1412.0
1333370 1414.5
1333380 1414.5
1333390 1416.7
1333400 1419.2
1333410 1419.2
1333420 1421.5
1333430 1424.0
1333440 1424.0
1333450 1426.4
1333460 1428.7
1333470 1428.7
1333480 1431.4
1333490 1433.8
1333500 1433.8
1333510 1435.9
1333520 1438.1
1333530 1438.1
1333540 1440.6
1333550 1443.1
1333560 1443.1
1333570 1445.6
1333580 1448.1
1333590 1448.1
1333600 1450.6
1333610 1452.7
1333620 1452.7
1333630 1454.9
1333640 1457.2
1333650 1459.5
1333660 1459.5
1333670 1461.9
1333680 1464.1
1333690 1464.1
1333700 1466.5
1333710 1469.1
1333720 1469.1
1333730 1472.1
1333740 1474.7
1333750 1474.7
1333760 1477.4
1333770 1480.4
1333780 1480.4
1333790 1486.9
1333800 1494.2
1333810 1494.2
1333820 1501.5
1333830 1509.8
1333840 1509.8
1333850 1516.5
1333860 1520.8
1333870 1520.8
1333880 1524.1
1333890 1526.5
1333900 1526.5
1333910 1527.5
1333920 1525.0
1333930 1525.0
1333940 1523.1
1333950 1522.0
1333960 1522.0
1333970 1517.5
1333980 1509.0
1333990 1498.5
1334000 1498.5
1334010 1491.8
1334020 1486.2
1334030 1486.2
1334040 1482.0
1334050 1485.3
1334060 1485.3
1334070 1480.4
1334080 1476.9
1334090 1476.9
1334100 1474.1
1334110 1471.4
1334120 1471.4
1334130 1469.0
1334140 1466.3
1334150 1466.3
1334160 1463.2
1334170 1460.2
1334180 1460.2
1334190 1457.4
1334200 1454.8
1334210 1454.8
1334220 1453.0
1334230 1450.9
1334240 1450.9
1334250 1448.4
1334260 1445.6
1334270 1445.6
1334280 1442.4
1334290 1439.1
1334300 1439.1
1334310 1436.6
1334320 1433.3
1334330 1428.7
1334340 1428.7
1334350 1423.6
1334360 1419.2
1334370 1419.2
1334380 1414.4
1334390 1409.7
1334400 1409.7
1334410 1404.9
1334420 1400.4
1334430 1400.4
1334440 1396.7
1334450 1393.5
1334460 1393.5
1334470 1390.9
1334480 1388.2
1334490 1388.2
1334500 1384.9
1334510 1380.4
1334520 1380.4
1334530 1375.8
1334540 1371.7
1334550 1371.7
1334560 1368.4
1334570 1362.5
1334580 1362.5
1334590 1358.7
1334600 1358.5
1334610 1358.5
1334620 1357.8
1334630 1356.2
1334640 1356.2
1334650 1355.1
1334660 1354.2
1334670 1354.2
1334680 1353.5
1334690 1352.9
1334700 1351.3
1334710 1351.3
1334720 1349.4
1334730 1347.1
1334740 1347.1
1334750 1344.8
1334760 1342.5
1334770 1342.5
1334780 1340.6
1334790 1339.3
1334800 1339.3
1334810 1338.0
1334820 1336.8
1334830 1336.8
1334840 1336.1
1334850 1333.6
1334860 1333.6
1334870 1329.9
1334880 1329.1
1334890 1329.1
1334900 1328.5
1334910 1324.3
1334920 1324.3
1334930 1324.5
1334940 1324.7
1334950 1324.7
1334960 1325.0
1334970 1324.6
1334980 1324.6
1334990 1323.2
1335000 1322.8
1335010 1322.8
1335020 1322.8
1335030 1323.3
1335040 1323.3
1335050 1323.3
1335060 1322.6
1335070 1321.3
1335080 1321.3
1335090 1320.0
1335100 1317.6
1335110 1317.6
1335120 1315.7
1335130 1315.4
1335140 1315.4
1335150 1314.6
1335160 1313.5
1335170 1313.5
1335180 1312.4
1335190 1311.9
1335200 1311.9
1335210 1310.9
1335220 1309.7
1335230 1309.7
1335240 1308.3
1335250 1305.8
1335260 1305.8
1335270 1302.6
1335280 1299.2
1335290 1299.2
1335300 1295.9
1335310 1291.8
1335320 1291.8
1335330 1288.7
1335340 1288.2
1335350 1288.2
1335360 1288.1
1335370 1285.7
1335380 1285.7
1335390 1283.1
1335400 1280.7
1335410 1278.6
1335420 1278.6
1335430 1277.9
1335440 1275.2
1335450 1275.2
1335460 1270.1
1335470 1266.2
1335480 1266.2
1335490 1265.0
1335500 1263.7
1335510 1263.7
1335520 1262.7
1335530 1261.0
1335540 1261.0
1335550 1258.2
1335560 1254.9
1335570 1254.9
1335580 1251.4
1335590 1248.5
1335600 1248.5
1335610 1244.6
1335620 1240.1
1335630 1240.1
1335640 1235.4
1335650 1230.3
1335660 1230.3
1335670 1224.9
1335680 1220.3
1335690 1220.3
1335700 1216.4
1335710 1212.2
1335720 1212.2
1335730 1207.5
1335740 1202.3
1335750 1196.9
1335760 1196.2
1335770 1191.0
1335780 1187.0
1335790 1187.0
1335800 1185.5
1335810 1184.0
1335820 1184.0
1335830 1180.2
1335840 1175.3
1335850 1175.3
1335860 1171.4
1335870 1167.6
1335880 1167.6
1335890 1163.8
1335900 1160.8
1335910 1160.8
1335920 1158.9
1335930 1156.1
1335940 1156.1
1335950 1152.5
1335960 1149.3
1335970 1149.3
1335980 1146.3
1335990 1144.0
1336000 1144.0
1336010 1142.5
1336020 1141.0
1336030 1141.0
1336040 1139.2
1336050 1137.8
1336060 1137.8
1336070 1136.4
1336080 1135.5
1336090 1134.3
1336100 1134.3
1336110 1133.5
1336120 1134.1
1336130 1134.1
1336140 1134.8
1336150 1135.5
1336160 1135.5
1336170 1136.7
1336180 1138.0
1336190 1138.0
1336200 1139.7
1336210 1141.0
1336220 1141.0
1336230 1141.7
1336240 1142.6
1336250 1142.6
1336260 1145.0
1336270 1147.2
1336280 1147.2
1336290 1149.9
1336300 1152.6
1336310 1152.6
1336320 1153.3
1336330 1154.3
1336340 1154.3
1336350 1155.7
1336360 1157.7
1336370 1157.7
1336380 1161.0
1336390 1163.1
1336400 1163.1
1336410 1164.1
1336420 1166.3
1336430 1166.3
1336440 1172.2
1336450 1176.1
1336460 1178.1
1336470 1178.1
1336480 1177.7
1336490 1176.8
1336500 1176.8
1336510 1177.8
1336520 1178.2
1336530 1178.2
1336540 1177.6
1336550 1176.0
1336560 1176.0
1336570 1173.4
1336580 1174.9
1336590 1174.9
1336600 1177.6
1336610 1180.1
1336620 1180.1
1336630 1188.3
1336640 1189.3
1336650 1189.3
1336660 1189.8
1336670 1188.9
1336680 1188.9
1336690 1187.4
1336700 1185.9
1336710 1185.9
1336720 1186.2
1336730 1185.0
1336740 1185.0
1336750 1186.9
1336760 1190.2
1336770 1190.2
1336780 1193.1
1336790 1195.9
1336800 1198.2
1336810 1198.2
1336820 1200.7
1336830 1201.1
1336840 1201.1
1336850 1198.4
1336860 1195.1
1336870 1195.1
1336880 1190.9
1336890 1186.1
1336900 1186.1
1336910 1184.7
1336920 1183.0
1336930 1183.0
1336940 1180.3
1336950 1177.1
1336960 1177.1
1336970 1175.3
1336980 1175.2
1336990 1175.2
1337000 1176.4
1337010 1176.7
1337020 1176.7
1337030 1176.6
1337040 1174.4
1337050 1174.4
1337060 1171.0
1337070 1168.2
1337080 1168.2
1337090 1166.4
1337100 1163.8
1337110 1163.8
1337120 1162.7
1337130 1161.9
1337140 1161.9
1337150 1160.0
1337160 1157.6
1337170 1155.6
1337180 1155.6
1337190 1154.6
1337200 1153.2
1337210 1153.2
1337220 1152.3
1337230 1151.8
1337240 1151.8
1337250 1150.7
1337260 1149.0
1337270 1149.0
1337280 1148.1
1337290 1148.7
1337300 1148.7
1337310 1150.0
1337320 1151.6
1337330 1151.6
1337340 1153.5
1337350 1156.2
1337360 1156.2
1337370 1159.7
1337380 1162.7
1337390 1162.7
1337400 1166.3
1337410 1170.6
1337420 1170.6
1337430 1173.1
1337440 1174.7
1337450 1174.7
1337460 1176.2
1337470 1176.8
1337480 1176.8
1337490 1170.1
1337500 1168.4
1337510 1167.5
1337520 1167.5
1337530 1167.7
1337540 1169.3
1337550 1169.3
1337560 1171.2
1337570 1170.9
1337580 1170.9
1337590 1167.8
1337600 1166.0
1337610 1166.0
1337620 1167.7
1337630 1170.1
1337640 1170.1
1337650 1171.9
1337660 1172.4
1337670 1172.4
1337680 1171.0
1337690 1167.7
1337700 1167.7
1337710 1163.8
1337720 1160.5
1337730 1160.5
1337740 1151.8
1337750 1144.6
1337760 1144.6
1337770 1142.7
1337780 1145.6
1337790 1145.6
1337800 1151.0
1337810 1151.8
1337820 1151.8
1337830 1156.2
1337840 1163.9
1337850 1167.3
1337860 1167.3
1337870 1164.9
1337880 1158.0
1337890 1158.0
1337900 1149.7
1337910 1132.4
1337920 1132.4
1337930 1118.8
1337940 1107.6
1337950 1107.6
1337960 1100.9
1337970 1097.9
1337980 1097.9
1337990 1095.9
1338000 1090.1
1338010 1090.1
1338020 1076.1
1338030 1064.5
1338040 1064.5
1338050 1057.7
1338060 1060.3
1338070 1060.3
1338080 1072.6
1338090 1076.6
1338100 1076.6
1338110 1075.1
1338120 1074.6
1338130 1074.6
1338140 1075.8
1338150 1076.8
1338160 1076.8
1338170 1076.1
1338180 1074.5
1338190 1074.5
1338200 1071.8
1338210 1069.5
1338220 1068.2
1338230 1068.2
1338240 1062.7
1338250 1054.7
1338260 1054.7
1338270 1049.5
1338280 1048.3
1338290 1048.3
1338300 1049.9
1338310 1048.9
1338320 1048.9
1338330 1045.2
1338340 1046.4
1338350 1046.4
1338360 1051.4
1338370 1037.5
1338380 1037.5
1338390 1039.2
1338400 1037.8
1338410 1037.8
1338420 1034.1
1338430 1031.6
1338440 1031.6
1338450 1027.6
1338460 1026.4
1338470 1026.4
1338480 1028.1
1338490 1030.4
1338500 1030.4
1338510 1029.7
1338520 1029.7
1338530 1029.7
1338540 1029.8
1338550 1028.4
1338560 1025.5
1338570 1025.5
1338580 1023.0
1338590 1022.6
1338600 1022.6
1338610 1024.7
1338620 1029.4
1338630 1029.4
1338640 1032.6
1338650 1037.9
1338660 1037.9
1338670 1046.6
1338680 1055.0
1338690 1055.0
1338700 1059.9
1338710 1062.2
1338720 1062.2
1338730 1061.4
1338740 1055.0
1338750 1055.0
1338760 1038.7
1338770 1029.6
1338780 1029.6
1338790 1026.3
1338800 1020.6
1338810 1020.6
1338820 1008.0
1338830 991.8
1338840 991.8
1338850 985.7
1338860 979.0
1338870 979.0
1338880 965.8
1338890 958.5
1338900 958.5
1338910 942.6
1338920 898.5
1338930 863.1
1338940 863.1
1338950 842.8
1338960 829.5
1338970 829.5
1338980 818.0
1338990 809.2
1339000 809.2
1339010 801.1
1339020 794.4
1339030 794.4
1339040 787.5
1339050 780.8
1339060 780.8
1339070 773.7
1339080 768.5
1339090 768.5
1339100 765.9
1339110 763.0
1339120 763.0
1339130 755.6
1339140 750.1
1339150 750.1
1339160 746.5
1339170 742.9
1339180 742.9
1339190 739.9
1339200 738.7
1339210 738.7
1339220 739.8
1339230 741.7
1339240 733.9
1339250 735.5
1339260 732.8
1339270 729.2
1339280 729.2
1339290 727.7
1339300 724.7
1339310 724.7
1339320 719.1
1339330 715.1
1339340 715.1
1339350 711.2
1339360 706.5
1339370 706.5
1339380 705.5
1339390 706.9
1339400 706.9
1339410 708.6
1339420 710.7
1339430 710.7
1339440 716.3
1339450 720.3
1339460 720.3
1339470 716.5
1339480 711.9
1339490 711.9
1339500 706.8
1339510 701.3
1339520 701.3
1339530 698.3
1339540 697.5
1339550 697.5
1339560 699.3
1339570 702.2
1339580 702.2
1339590 704.4
1339600 702.9
1339610 702.9
1339620 701.3
1339630 700.0
1339640 697.9
1339650 697.9
1339660 693.9
1339670 689.1
1339680 689.1
1339690 687.2
1339700 686.6
1339710 686.6
1339720 685.7
1339730 685.0
1339740 685.0
1339750 684.6
1339760 684.0
1339770 684.0
1339780 682.8
1339790 681.6
1339800 681.6
1339810 680.8
1339820 679.8
1339830 679.8
1339840 677.4
1339850 674.4
1339860 674.4
1339870 671.2
1339880 668.9
1339890 668.9
1339900 666.6
1339910 663.8
1339920 663.8
1339930 663.6
1339940 663.0
1339950 663.0
1339960 662.3
1339970 661.1
1339980 659.5
1339990 659.5
