1320000 1159.2
1320010 1159.2
1320020 1149.2
1320030 1137.3
1320040 1137.3
1320050 1130.0
1320060 1125.1
1320070 1125.1
1320080 1121.9
1320090 1122.1
1320100 1122.1
1320110 1124.6
1320120 1125.5
1320130 1125.5
1320140 1123.6
1320150 1120.8
1320160 1120.8
1320170 1117.9
1320180 1115.7
1320190 1115.7
1320200 1113.7
1320210 1111.6
1320220 1106.5
1320230 1106.5
1320240 1100.7
1320250 1097.4
1320260 1097.4
1320270 1095.6
1320280 1091.8
1320290 1091.8
1320300 1083.2
1320310 1076.1
1320320 1076.1
1320330 1078.7
1320340 1079.3
1320350 1079.3
1320360 1076.1
1320370 1074.7
1320380 1074.7
1320390 1079.0
1320400 1080.4
1320410 1080.4
1320420 1082.4
1320430 1083.9
1320440 1083.9
1320450 1086.3
1320460 1089.1
1320470 1089.1
1320480 1089.0
1320490 1088.4
1320500 1088.4
1320510 1087.8
1320520 1086.7
1320530 1086.7
1320540 1088.2
1320550 1089.7
1320560 1089.7
1320570 1089.5
1320580 1086.8
1320590 1086.4
1320600 1086.4
1320610 1089.9
1320620 1093.5
1320630 1093.5
1320640 1095.5
1320650 1099.0
1320660 1099.0
1320670 1103.5
1320680 1105.7
1320690 1105.7
1320700 1100.3
1320710 1102.1
1320720 1102.1
1320730 1103.6
1320740 1104.7
1320750 1104.7
1320760 1105.2
1320770 1103.8
1320780 1103.8
1320790 1103.3
1320800 1105.1
1320810 1105.1
1320820 1106.8
1320830 1109.7
1320840 1109.7
1320850 1110.6
1320860 1110.7
1320870 1110.7
1320880 1109.8
1320890 1109.7
1320900 1109.7
1320910 1110.6
1320920 1111.4
1320930 1113.1
1320940 1113.1
1320950 1115.5
1320960 1116.7
1320970 1116.7
1320980 1121.6
1320990 1126.4
1321000 1126.4
1321010 1128.4
1321020 1130.1
1321030 1130.1
1321040 1130.7
1321050 1132.8
1321060 1132.8
1321070 1134.5
1321080 1133.7
1321090 1133.7
1321100 1133.7
1321110 1134.0
1321120 1134.0
1321130 1133.8
1321140 1133.5
1321150 1133.5
1321160 1133.2
1321170 1131.6
1321180 1131.6
1321190 1127.8
1321200 1122.5
1321210 1122.5
1321220 1118.6
1321230 1114.0
1321240 1114.0
1321250 1109.6
1321260 1105.9
1321270 1105.9
1321280 1101.7
1321290 1096.7
1321300 1089.0
1321310 1089.0
1321320 1081.8
1321330 1076.5
1321340 1076.5
1321350 1074.1
1321360 1071.8
1321370 1071.8
1321380 1066.9
1321390 1060.7
1321400 1060.7
1321410 1054.9
1321420 1050.9
1321430 1050.9
1321440 1049.8
1321450 1053.3
1321460 1053.3
1321470 1059.3
1321480 1057.0
1321490 1057.0
1321500 1060.1
1321510 1063.0
1321520 1063.0
1321530 1065.3
1321540 1065.9
1321550 1065.9
1321560 1066.0
1321570 1066.3
1321580 1066.3
1321590 1067.2
1321600 1068.3
1321610 1068.3
1321620 1068.6
1321630 1067.3
1321640 1065.9
1321650 1065.9
1321660 1066.2
1321670 1069.6
1321680 1069.6
1321690 1076.0
1321700 1081.3
1321710 1081.3
1321720 1085.5
1321730 1088.5
1321740 1088.5
1321750 1091.9
1321760 1095.2
1321770 1095.2
1321780 1098.4
1321790 1101.6
1321800 1101.6
1321810 1104.0
1321820 1109.8
1321830 1109.8
1321840 1116.9
1321850 1121.2
1321860 1121.2
1321870 1123.9
1321880 1127.2
1321890 1127.2
1321900 1130.3
1321910 1133.0
1321920 1133.0
1321930 1135.6
1321940 1138.4
1321950 1138.4
1321960 1141.5
1321970 1144.1
1321980 1144.1
1321990 1146.2
1322000 1146.8
1322010 1144.9
1322020 1144.9
1322030 1142.0
1322040 1142.2
1322050 1142.2
1322060 1151.6
1322070 1164.4
1322080 1164.4
1322090 1173.8
1322100 1181.5
1322110 1181.5
1322120 1188.4
1322130 1191.9
1322140 1191.9
1322150 1192.1
1322160 1189.6
1322170 1189.6
1322180 1194.7
1322190 1201.5
1322200 1201.5
1322210 1207.4
1322220 1213.9
1322230 1213.9
1322240 1220.8
1322250 1228.3
1322260 1223.7
1322270 1230.4
1322280 1237.9
1322290 1237.9
1322300 1246.9
1322310 1254.9
1322320 1254.9
1322330 1263.0
1322340 1270.8
1322350 1275.2
1322360 1275.2
1322370 1278.5
1322380 1281.4
1322390 1281.4
1322400 1282.8
1322410 1283.4
1322420 1283.4
1322430 1285.5
1322440 1288.5
1322450 1288.5
1322460 1292.2
1322470 1296.6
1322480 1296.6
1322490 1300.9
1322500 1304.7
1322510 1304.7
1322520 1310.4
1322530 1316.4
1322540 1316.4
1322550 1321.6
1322560 1326.8
1322570 1326.8
1322580 1331.2
1322590 1334.7
1322600 1334.7
1322610 1337.0
1322620 1338.5
1322630 1338.5
1322640 1340.3
1322650 1342.1
1322660 1342.1
1322670 1342.9
1322680 1341.6
1322690 1341.6
1322700 1339.8
1322710 1336.8
1322720 1333.5
1322730 1333.5
1322740 1330.2
1322750 1327.5
1322760 1327.5
1322770 1324.9
1322780 1322.2
1322790 1322.2
1322800 1318.8
1322810 1314.1
1322820 1314.1
1322830 1308.3
1322840 1301.9
1322850 1301.9
1322860 1295.9
1322870 1290.7
1322880 1290.7
1322890 1285.8
1322900 1281.1
1322910 1281.1
1322920 1279.8
1322930 1278.8
1322940 1278.8
1322950 1276.6
1322960 1273.2
1322970 1273.2
1322980 1271.0
1322990 1269.7
1323000 1269.7
1323010 1268.9
1323020 1267.7
1323030 1267.7
1323040 1266.4
1323050 1260.0
1323060 1259.5
1323070 1259.5
1323080 1258.5
1323090 1256.9
1323100 1256.9
1323110 1256.7
1323120 1259.4
1323130 1259.4
1323140 1262.9
1323150 1266.6
1323160 1266.6
1323170 1270.9
1323180 1275.6
1323190 1275.6
1323200 1280.5
1323210 1285.5
1323220 1285.5
1323230 1290.1
1323240 1294.8
1323250 1294.8
1323260 1298.7
1323270 1302.2
1323280 1302.2
1323290 1306.3
1323300 1308.4
1323310 1308.4
1323320 1307.3
1323330 1302.5
1323340 1302.5
1323350 1294.4
1323360 1286.3
1323370 1286.3
1323380 1279.2
1323390 1272.5
1323400 1272.5
1323410 1266.2
1323420 1258.5
1323430 1249.9
1323440 1249.9
1323450 1241.3
1323460 1230.7
1323470 1230.7
1323480 1220.6
1323490 1215.7
1323500 1215.7
1323510 1206.8
1323520 1189.8
1323530 1189.8
1323540 1168.7
1323550 1151.6
1323560 1151.6
1323570 1131.8
1323580 1122.7
1323590 1122.7
1323600 1108.5
1323610 1098.7
1323620 1098.7
1323630 1093.1
1323640 1085.6
1323650 1085.6
1323660 1075.2
1323670 1064.8
1323680 1064.8
1323690 1062.4
1323700 1065.3
1323710 1065.3
1323720 1068.3
1323730 1063.5
1323740 1063.5
1323750 1057.5
1323760 1051.5
1323770 1045.3
1323780 1045.3
1323790 1041.2
1323800 1042.4
1323810 1042.4
1323820 1042.5
1323830 1039.3
1323840 1039.3
1323850 1030.8
1323860 1022.8
1323870 1022.8
1323880 1011.2
1323890 999.8
1323900 999.8
1323910 990.1
1323920 983.6
1323930 983.6
1323940 978.7
1323950 972.6
1323960 972.6
1323970 965.5
1323980 957.5
1323990 957.5
1324000 947.6
1324010 939.6
1324020 939.6
1324030 938.0
1324040 932.3
1324050 932.3
1324060 922.7
1324070 915.6
1324080 915.6
1324090 907.1
1324100 901.3
1324110 892.4
1324120 892.4
1324130 882.7
1324140 874.6
1324150 874.6
1324160 867.0
1324170 860.7
1324180 860.7
1324190 855.2
1324200 850.1
1324210 850.1
1324220 845.1
1324230 840.5
1324240 840.5
1324250 836.7
1324260 833.4
1324270 833.4
1324280 830.4
1324290 827.5
1324300 827.5
1324310 825.3
1324320 823.2
1324330 823.2
1324340 820.5
1324350 818.3
1324360 818.3
1324370 813.8
1324380 807.6
1324390 807.6
1324400 803.6
1324410 803.4
1324420 803.4
1324430 805.2
1324440 804.5
1324450 804.5
1324460 803.2
1324470 802.4
1324480 801.1
1324490 801.1
1324500 799.4
1324510 798.0
1324520 798.0
1324530 796.2
1324540 794.5
1324550 794.5
1324560 791.0
1324570 785.6
1324580 785.6
1324590 779.7
1324600 773.6
1324610 773.6
1324620 768.0
1324630 763.5
1324640 760.9
1324650 758.4
1324660 757.2
1324670 757.2
1324680 756.7
1324690 757.7
1324700 757.7
1324710 758.5
1324720 758.4
1324730 758.4
1324740 757.7
1324750 756.2
1324760 756.2
1324770 752.4
1324780 746.9
1324790 746.9
1324800 741.4
1324810 735.7
1324820 731.0
1324830 731.0
1324840 727.4
1324850 723.6
1324860 723.6
1324870 719.7
1324880 715.6
1324890 715.6
1324900 712.0
1324910 707.2
1324920 707.2
1324930 702.9
1324940 702.3
1324950 702.3
1324960 701.6
1324970 699.8
1324980 699.8
1324990 698.5
1325000 697.2
1325010 697.2
1325020 695.7
1325030 693.1
1325040 693.1
1325050 689.8
1325060 689.3
1325070 689.3
1325080 689.5
1325090 689.6
1325100 689.6
1325110 689.7
1325120 689.8
1325130 689.8
1325140 690.0
1325150 690.1
1325160 690.1
1325170 690.2
1325180 690.3
1325190 690.4
1325200 690.4
1325210 690.5
1325220 690.6
1325230 690.6
1325240 690.8
1325250 690.9
1325260 690.9
1325270 690.6
1325280 688.9
1325290 688.9
1325300 688.2
1325310 687.5
1325320 687.5
1325330 687.3
1325340 687.5
1325350 687.5
1325360 687.5
1325370 688.4
1325380 688.4
1325390 691.0
1325400 691.9
1325410 691.9
1325420 692.1
1325430 692.5
1325440 692.5
1325450 694.2
1325460 695.4
1325470 695.4
1325480 696.3
1325490 696.7
1325500 696.7
1325510 697.4
1325520 698.1
1325530 698.5
1325540 698.5
1325550 698.8
1325560 698.8
1325570 698.8
1325580 699.3
1325590 700.3
1325600 700.3
1325610 701.2
1325620 703.0
1325630 703.0
1325640 704.7
1325650 706.3
1325660 706.3
1325670 710.4
1325680 713.8
1325690 713.8
1325700 717.1
1325710 721.7
1325720 721.7
1325730 724.1
1325740 725.1
1325750 725.1
1325760 727.6
1325770 734.1
1325780 734.1
1325790 740.8
1325800 748.5
1325810 748.5
1325820 752.5
1325830 751.0
1325840 751.0
1325850 750.7
1325860 750.4
1325870 750.4
1325880 747.7
1325890 746.4
1325900 746.7
1325910 746.7
1325920 746.9
1325930 745.9
1325940 745.9
1325950 747.7
1325960 750.4
1325970 750.4
1325980 753.2
1325990 756.1
1326000 756.1
1326010 757.6
1326020 757.9
1326030 757.9
1326040 760.2
1326050 762.5
1326060 762.5
1326070 763.4
1326080 765.5
1326090 765.5
1326100 768.4
1326110 771.4
1326120 771.4
1326130 775.1
1326140 778.2
1326150 778.2
1326160 779.7
1326170 779.7
1326180 779.7
1326190 778.1
1326200 777.7
1326210 777.7
1326220 776.9
1326230 777.4
1326240 779.0
1326250 784.4
1326260 785.6
1326270 787.2
1326280 787.2
1326290 789.7
1326300 789.7
1326310 789.7
1326320 788.8
1326330 789.5
1326340 789.5
1326350 790.5
1326360 791.2
1326370 791.2
1326380 793.4
1326390 794.8
1326400 794.8
1326410 795.2
1326420 796.2
1326430 796.2
1326440 797.2
1326450 798.3
1326460 798.3
1326470 800.2
1326480 801.6
1326490 801.6
1326500 803.9
1326510 805.8
1326520 805.8
1326530 806.1
1326540 806.5
1326550 806.5
1326560 806.9
1326570 807.1
1326580 807.1
1326590 807.5
1326600 809.2
1326610 810.4
1326620 810.4
1326630 810.6
1326640 811.0
1326650 811.0
1326660 812.1
1326670 813.8
1326680 813.8
1326690 815.1
1326700 815.8
1326710 815.8
1326720 817.0
1326730 818.7
1326740 818.7
1326750 819.2
1326760 820.8
1326770 820.8
1326780 822.0
1326790 823.0
1326800 823.0
1326810 824.2
1326820 824.7
1326830 824.7
1326840 825.1
1326850 825.7
1326860 825.7
1326870 826.5
1326880 827.3
1326890 827.3
1326900 827.2
1326910 826.7
1326920 826.7
1326930 826.9
1326940 827.8
1326950 828.9
1326960 828.9
1326970 830.3
1326980 831.3
1326990 831.3
1327000 831.6
1327010 831.6
1327020 831.6
1327030 831.7
1327040 831.3
1327050 831.3
1327060 835.5
1327070 835.9
1327080 835.9
1327090 837.8
1327100 840.1
1327110 840.1
1327120 843.1
1327130 844.1
1327140 844.1
1327150 844.9
1327160 845.5
1327170 845.5
1327180 846.1
1327190 846.2
1327200 846.2
1327210 846.4
1327220 846.1
1327230 846.1
1327240 846.1
1327250 846.8
1327260 846.8
1327270 847.7
1327280 848.6
1327290 848.6
1327300 849.9
1327310 851.3
1327320 852.0
1327330 852.0
1327340 852.4
1327350 852.5
1327360 852.5
1327370 851.5
1327380 851.3
1327390 851.3
1327400 850.4
1327410 855.2
1327420 855.2
1327430 861.4
1327440 865.5
1327450 865.5
1327460 867.6
1327470 868.9
1327480 868.9
1327490 869.8
1327500 870.4
1327510 870.4
1327520 871.4
1327530 873.4
1327540 873.4
1327550 875.4
1327560 877.0
1327570 877.0
1327580 877.9
1327590 878.0
1327600 878.0
1327610 877.3
1327620 879.4
1327630 879.4
1327640 880.2
1327650 879.1
1327660 879.3
1327670 879.3
1327680 881.2
1327690 883.9
1327700 883.9
1327710 888.2
1327720 891.3
1327730 891.3
1327740 894.0
1327750 896.3
1327760 896.3
1327770 899.7
1327780 902.0
1327790 902.0
1327800 904.7
1327810 909.4
1327820 909.4
1327830 914.5
1327840 917.0
1327850 917.0
1327860 919.3
1327870 921.4
1327880 936.3
1327890 941.3
1327900 937.7
1327910 937.7
1327920 939.0
1327930 944.1
1327940 944.1
1327950 929.9
1327960 918.1
1327970 918.1
1327980 917.9
1327990 923.6
1328000 923.6
1328010 927.6
1328020 932.9
1328030 938.3
1328040 938.3
1328050 947.0
1328060 963.1
1328070 963.1
1328080 976.3
1328090 985.2
1328100 985.2
1328110 992.2
1328120 999.4
1328130 999.4
1328140 1006.7
1328150 1010.0
1328160 1010.0
1328170 1012.6
1328180 1022.1
1328190 1022.1
1328200 1037.3
1328210 1046.0
1328220 1046.0
1328230 1047.6
1328240 1042.5
1328250 1042.5
1328260 1035.4
1328270 1028.0
1328280 1028.0
1328290 1021.3
1328300 1016.3
1328310 1016.3
1328320 1011.1
1328330 1008.5
1328340 1008.5
1328350 1011.9
1328360 1015.5
1328370 1012.4
1328380 1012.4
1328390 1015.0
1328400 1020.4
1328410 1020.4
1328420 1028.0
1328430 1045.0
1328440 1045.0
1328450 1069.1
1328460 1079.5
1328470 1079.5
1328480 1084.9
1328490 1087.8
1328500 1087.8
1328510 1085.9
1328520 1081.1
1328530 1081.1
1328540 1079.4
1328550 1082.1
1328560 1082.1
1328570 1090.0
1328580 1099.3
1328590 1099.3
1328600 1107.4
1328610 1107.6
1328620 1107.6
1328630 1109.5
1328640 1119.7
1328650 1119.7
1328660 1128.1
1328670 1141.3
1328680 1141.3
1328690 1150.5
1328700 1166.0
1328710 1166.0
1328720 1175.9
1328730 1185.7
1328740 1197.5
1328750 1197.5
1328760 1210.3
1328770 1225.1
1328780 1225.1
1328790 1260.0
1328800 1274.0
1328810 1274.0
1328820 1287.8
1328830 1312.9
1328840 1312.9
1328850 1327.3
1328860 1335.9
1328870 1335.9
1328880 1346.9
1328890 1355.3
1328900 1355.3
1328910 1360.1
1328920 1362.8
1328930 1362.8
1328940 1365.5
1328950 1365.4
1328960 1365.4
1328970 1367.8
1328980 1369.8
1328990 1369.8
1329000 1366.9
1329010 1362.4
1329020 1362.4
1329030 1352.5
1329040 1330.6
1329050 1330.6
1329060 1300.6
1329070 1271.2
1329080 1250.6
1329090 1250.6
1329100 1249.7
1329110 1255.8
1329120 1255.8
1329130 1261.7
1329140 1266.8
1329150 1266.8
1329160 1273.1
1329170 1277.9
1329180 1277.9
1329190 1274.9
1329200 1261.9
1329210 1261.9
1329220 1253.3
1329230 1246.9
1329240 1246.9
1329250 1241.8
1329260 1237.0
1329270 1237.0
1329280 1228.9
1329290 1224.9
1329300 1224.9
1329310 1227.8
1329320 1226.7
1329330 1226.7
1329340 1225.2
1329350 1229.6
1329360 1229.6
1329370 1235.4
1329380 1242.5
1329390 1242.5
1329400 1250.5
1329410 1248.0
1329420 1248.0
1329430 1245.1
1329440 1251.2
1329450 1254.2
1329460 1254.2
1329470 1247.9
1329480 1240.7
1329490 1240.7
1329500 1233.4
1329510 1228.0
1329520 1234.1
1329530 1224.9
1329540 1211.2
1329550 1211.2
1329560 1203.0
1329570 1191.5
1329580 1191.5
1329590 1181.9
1329600 1171.6
1329610 1171.6
1329620 1169.4
1329630 1182.9
1329640 1182.9
1329650 1190.8
1329660 1194.6
1329670 1194.6
1329680 1207.2
1329690 1262.1
1329700 1262.1
1329710 1283.0
1329720 1282.3
1329730 1282.3
1329740 1279.9
1329750 1274.5
1329760 1274.5
1329770 1259.5
1329780 1246.3
1329790 1234.4
1329800 1234.4
1329810 1214.6
1329820 1204.1
1329830 1204.1
1329840 1197.4
1329850 1189.1
1329860 1189.1
1329870 1175.4
1329880 1166.6
1329890 1166.6
1329900 1165.1
1329910 1165.5
1329920 1165.5
1329930 1167.8
1329940 1172.4
1329950 1172.4
1329960 1177.6
1329970 1181.5
1329980 1181.5
1329990 1184.5
1330000 1185.7
1330010 1185.7
1330020 1184.1
1330030 1176.2
1330040 1176.2
1330050 1167.8
1330060 1161.3
1330070 1161.3
1330080 1151.5
1330090 1138.5
1330100 1138.5
1330110 1131.6
1330120 1145.5
1330130 1145.5
1330140 1157.3
1330150 1176.3
1330160 1186.0
1330170 1186.0
1330180 1189.5
1330190 1192.7
1330200 1192.7
1330210 1195.8
1330220 1199.6
1330230 1199.6
1330240 1202.9
1330250 1207.8
1330260 1207.8
1330270 1211.8
1330280 1215.6
1330290 1215.6
1330300 1216.0
1330310 1210.8
1330320 1210.8
1330330 1197.0
1330340 1189.7
1330350 1197.6
1330360 1188.0
1330370 1180.6
1330380 1180.6
1330390 1174.5
1330400 1165.3
1330410 1165.3
1330420 1155.9
1330430 1144.7
1330440 1144.7
1330450 1139.7
1330460 1141.1
1330470 1141.1
1330480 1153.9
1330490 1170.9
1330500 1190.2
1330510 1190.2
1330520 1202.4
1330530 1206.3
1330540 1206.3
1330550 1204.3
1330560 1197.3
1330570 1197.3
1330580 1185.7
1330590 1171.4
1330600 1171.4
1330610 1155.3
1330620 1134.2
1330630 1134.2
1330640 1118.1
1330650 1111.5
1330660 1111.5
1330670 1106.1
1330680 1102.0
1330690 1102.0
1330700 1097.2
1330710 1092.8
1330720 1092.8
1330730 1087.7
1330740 1083.8
1330750 1083.8
1330760 1079.8
1330770 1076.6
1330780 1076.6
1330790 1071.8
1330800 1067.0
1330810 1067.0
1330820 1062.8
1330830 1058.2
1330840 1058.2
1330850 1053.2
1330860 1048.9
1330870 1044.5
1330880 1044.5
1330890 1040.5
1330900 1036.5
1330910 1036.5
1330920 1031.7
1330930 1027.0
1330940 1027.0
1330950 1021.9
1330960 1010.3
1330970 1010.3
1330980 999.7
1330990 990.8
1331000 990.8
1331010 982.4
1331020 973.6
1331030 973.6
1331040 972.4
1331050 970.3
1331060 970.3
1331070 967.2
1331080 965.7
1331090 965.7
1331100 963.9
1331110 964.9
1331120 964.9
1331130 964.2
1331140 968.1
1331150 968.1
1331160 969.8
1331170 968.3
1331180 974.9
1331190 971.8
1331200 969.0
1331210 966.5
1331220 966.5
1331230 963.3
1331240 956.5
1331250 956.5
1331260 944.9
1331270 948.2
1331280 948.2
1331290 959.0
1331300 969.9
1331310 969.9
1331320 978.7
1331330 984.5
1331340 984.5
1331350 989.3
1331360 995.3
1331370 995.3
1331380 1002.1
1331390 1006.4
1331400 1006.4
1331410 1010.3
1331420 1014.8
1331430 1014.8
1331440 1020.3
1331450 1026.8
1331460 1026.8
1331470 1033.3
1331480 1040.0
1331490 1040.0
1331500 1045.4
1331510 1051.8
1331520 1051.8
1331530 1058.8
1331540 1066.3
1331550 1066.3
1331560 1073.1
1331570 1079.7
1331580 1085.9
1331590 1085.9
1331600 1092.3
1331610 1099.0
1331620 1099.0
1331630 1106.5
1331640 1113.2
1331650 1113.2
1331660 1120.1
1331670 1127.0
1331680 1127.0
1331690 1134.4
1331700 1142.0
1331710 1142.0
1331720 1149.8
1331730 1159.5
1331740 1159.5
1331750 1170.0
1331760 1178.1
1331770 1178.1
1331780 1184.7
1331790 1190.7
1331800 1190.7
1331810 1196.2
1331820 1203.4
1331830 1203.4
1331840 1206.3
1331850 1209.7
1331860 1209.7
1331870 1213.6
1331880 1219.6
1331890 1219.6
1331900 1227.1
1331910 1236.1
1331920 1249.9
1331930 1249.9
1331940 1270.6
1331950 1280.9
1331960 1280.9
1331970 1284.5
1331980 1290.6
1331990 1290.6
1332000 1301.8
1332010 1320.4
1332020 1328.6
1332030 1351.9
1332040 1361.2
1332050 1361.2
1332060 1368.0
1332070 1375.6
1332080 1375.6
1332090 1383.1
1332100 1390.8
1332110 1390.8
1332120 1398.9
1332130 1407.5
1332140 1407.5
1332150 1417.3
1332160 1425.5
1332170 1425.5
1332180 1433.9
1332190 1442.7
1332200 1442.7
1332210 1452.8
1332220 1461.7
1332230 1461.7
1332240 1472.3
1332250 1480.4
1332260 1486.4
1332270 1486.4
1332280 1493.1
1332290 1499.9
1332300 1499.9
1332310 1506.8
1332320 1514.3
1332330 1514.3
1332340 1521.3
1332350 1528.6
1332360 1528.6
1332370 1535.9
1332380 1543.1
1332390 1543.1
1332400 1550.6
1332410 1558.4
1332420 1558.4
1332430 1566.3
1332440 1574.2
1332450 1574.2
1332460 1584.2
1332470 1599.1
1332480 1599.1
1332490 1611.3
1332500 1614.1
1332510 1614.1
1332520 1615.8
1332530 1616.2
1332540 1616.2
1332550 1615.8
1332560 1616.7
1332570 1616.7
1332580 1616.6
1332590 1617.6
1332600 1617.6
1332610 1618.9
1332620 1620.0
1332630 1621.7
1332640 1621.7
1332650 1623.5
1332660 1625.0
1332670 1625.0
1332680 1626.5
1332690 1628.2
1332700 1628.2
1332710 1629.8
1332720 1631.0
1332730 1631.0
1332740 1632.6
1332750 1634.0
1332760 1634.0
1332770 1635.6
1332780 1637.6
1332790 1637.6
1332800 1639.2
1332810 1640.8
1332820 1640.8
1332830 1642.2
1332840 1643.7
1332850 1643.7
1332860 1640.6
1332870 1642.0
1332880 1642.0
1332890 1643.1
1332900 1644.2
1332910 1644.2
1332920 1645.0
1332930 1645.3
1332940 1645.3
1332950 1645.1
1332960 1644.7
1332970 1644.2
1332980 1644.2
1332990 1643.8
1333000 1642.9
1333010 1642.9
1333020 1641.5
1333030 1640.0
1333040 1640.0
1333050 1639.3
1333060 1638.3
1333070 1638.3
1333080 1637.4
1333090 1635.9
1333100 1635.9
1333110 1634.2
1333120 1632.7
1333130 1632.7
1333140 1631.0
1333150 1629.4
1333160 1629.4
1333170 1628.5
1333180 1628.0
1333190 1628.0
1333200 1627.6
1333210 1627.4
1333220 1627.4
1333230 1626.9
1333240 1626.4
1333250 1626.4
1333260 1626.0
1333270 1626.1
1333280 1626.1
1333290 1626.5
1333300 1626.9
1333310 1626.9
1333320 1627.1
1333330 1627.7
1333340 1628.6
1333350 1628.6
1333360 1629.6
1333370 1630.8
1333380 1630.8
1333390 1631.8
1333400 1632.4
1333410 1632.4
1333420 1633.2
1333430 1633.4
1333440 1633.4
1333450 1633.2
1333460 1633.1
1333470 1633.1
1333480 1633.2
1333490 1633.0
1333500 1633.0
1333510 1632.5
1333520 1631.8
1333530 1631.8
1333540 1630.9
1333550 1629.9
1333560 1629.9
1333570 1628.0
1333580 1625.9
1333590 1625.9
1333600 1623.8
1333610 1621.5
1333620 1621.5
1333630 1619.7
1333640 1617.8
1333650 1617.8
1333660 1615.4
1333670 1613.0
1333680 1610.8
1333690 1610.8
1333700 1608.7
1333710 1601.3
1333720 1601.3
1333730 1599.3
1333740 1596.9
1333750 1596.9
1333760 1594.4
1333770 1592.0
1333780 1592.0
1333790 1590.1
1333800 1587.8
1333810 1587.8
1333820 1585.5
1333830 1582.8
1333840 1582.8
1333850 1580.1
1333860 1577.3
1333870 1577.3
1333880 1573.8
1333890 1569.8
1333900 1569.8
1333910 1565.0
1333920 1559.7
1333930 1559.7
1333940 1554.5
1333950 1549.0
1333960 1549.0
1333970 1542.8
1333980 1537.5
1333990 1537.5
1334000 1532.5
1334010 1527.6
1334020 1527.6
1334030 1523.1
1334040 1518.6
1334050 1514.2
1334060 1514.2
1334070 1508.4
1334080 1503.1
1334090 1503.1
1334100 1499.2
1334110 1496.0
1334120 1496.0
1334130 1492.9
1334140 1488.0
1334150 1488.0
1334160 1483.4
1334170 1479.8
1334180 1479.8
1334190 1476.6
1334200 1474.1
1334210 1474.1
1334220 1473.6
1334230 1474.5
1334240 1474.5
1334250 1476.4
1334260 1478.2
1334270 1478.2
1334280 1480.0
1334290 1482.5
1334300 1482.5
1334310 1485.9
1334320 1489.4
1334330 1489.4
1334340 1493.3
1334350 1497.3
1334360 1497.3
1334370 1502.7
1334380 1507.3
1334390 1511.6
1334400 1511.6
1334410 1516.2
1334420 1520.8
1334430 1520.8
1334440 1525.8
1334450 1530.5
1334460 1530.5
1334470 1535.6
1334480 1541.2
1334490 1541.2
1334500 1546.5
1334510 1552.2
1334520 1552.2
1334530 1557.5
1334540 1561.6
1334550 1561.6
1334560 1564.4
1334570 1569.0
1334580 1569.0
1334590 1574.0
1334600 1578.6
1334610 1578.6
1334620 1582.1
1334630 1583.1
1334640 1583.1
1334650 1583.8
1334660 1584.8
1334670 1584.8
1334680 1585.8
1334690 1587.0
1334700 1587.0
1334710 1587.5
1334720 1588.5
1334730 1588.5
1334740 1588.5
1334750 1586.6
1334760 1584.6
1334770 1584.6
1334780 1582.9
1334790 1580.6
1334800 1580.6
1334810 1578.7
1334820 1577.6
1334830 1577.6
1334840 1576.4
1334850 1575.0
1334860 1575.0
1334870 1573.5
1334880 1572.3
1334890 1572.3
1334900 1570.9
1334910 1569.5
1334920 1569.5
1334930 1568.8
1334940 1568.4
1334950 1568.4
1334960 1568.4
1334970 1568.7
1334980 1568.7
1334990 1569.2
1335000 1568.3
1335010 1568.3
1335020 1566.9
1335030 1565.5
1335040 1565.5
1335050 1564.8
1335060 1563.0
1335070 1563.0
1335080 1560.6
1335090 1557.0
1335100 1550.8
1335110 1550.8
1335120 1544.8
1335130 1538.0
1335140 1538.0
1335150 1530.2
1335160 1521.8
1335170 1521.8
1335180 1512.6
1335190 1504.0
1335200 1504.0
1335210 1495.8
1335220 1488.8
1335230 1488.8
1335240 1481.9
1335250 1472.8
1335260 1472.8
1335270 1464.7
1335280 1456.9
1335290 1456.9
1335300 1449.1
1335310 1441.5
1335320 1441.5
1335330 1433.3
1335340 1423.8
1335350 1423.8
1335360 1414.6
1335370 1406.4
1335380 1406.4
1335390 1398.3
1335400 1390.2
1335410 1390.2
1335420 1383.0
1335430 1375.6
1335440 1375.6
1335450 1368.8
1335460 1361.7
1335470 1354.4
1335480 1354.4
1335490 1347.0
1335500 1339.5
1335510 1339.5
1335520 1332.1
1335530 1325.6
1335540 1325.6
1335550 1319.3
1335560 1313.1
1335570 1313.1
1335580 1306.8
1335590 1300.2
1335600 1300.2
1335610 1290.3
1335620 1279.5
1335630 1279.5
1335640 1270.5
1335650 1262.6
1335660 1262.6
1335670 1252.6
1335680 1241.4
1335690 1241.4
1335700 1231.5
1335710 1223.2
1335720 1223.2
1335730 1215.1
1335740 1205.9
1335750 1205.9
1335760 1197.0
1335770 1189.1
1335780 1189.1
1335790 1180.7
1335800 1172.1
1335810 1164.6
1335820 1164.6
1335830 1157.1
1335840 1149.8
1335850 1149.8
1335860 1143.0
1335870 1136.5
1335880 1136.5
1335890 1130.5
1335900 1124.5
1335910 1124.5
1335920 1118.6
1335930 1112.8
1335940 1112.8
1335950 1107.3
1335960 1101.8
1335970 1101.8
1335980 1095.8
1335990 1090.7
1336000 1090.7
1336010 1085.7
1336020 1081.0
1336030 1081.0
1336040 1077.6
1336050 1078.6
1336060 1078.6
1336070 1082.0
1336080 1085.3
1336090 1085.3
1336100 1088.4
1336110 1091.7
1336120 1091.7
1336130 1095.3
1336140 1099.4
1336150 1099.4
1336160 1103.4
1336170 1107.9
1336180 1112.7
1336190 1112.7
1336200 1117.8
1336210 1123.7
1336220 1123.7
1336230 1131.0
1336240 1138.0
1336250 1138.0
1336260 1145.5
1336270 1152.0
1336280 1149.6
1336290 1155.2
1336300 1160.1
1336310 1160.1
1336320 1163.8
1336330 1168.2
1336340 1168.2
1336350 1173.0
1336360 1177.9
1336370 1177.9
1336380 1180.6
1336390 1183.3
1336400 1183.3
1336410 1186.2
1336420 1189.9
1336430 1189.9
1336440 1193.5
1336450 1196.7
1336460 1196.7
1336470 1200.4
1336480 1204.1
1336490 1204.1
1336500 1207.5
1336510 1210.9
1336520 1214.4
1336530 1214.4
1336540 1217.5
1336550 1219.7
1336560 1219.7
1336570 1221.8
1336580 1223.7
1336590 1223.7
1336600 1226.0
1336610 1226.9
1336620 1226.9
1336630 1229.1
1336640 1230.2
1336650 1230.2
1336660 1229.4
1336670 1228.5
1336680 1228.5
1336690 1227.3
1336700 1226.6
1336710 1226.6
1336720 1226.1
1336730 1226.1
1336740 1226.1
1336750 1226.1
1336760 1226.1
1336770 1226.1
1336780 1226.2
1336790 1226.1
1336800 1226.1
1336810 1225.9
1336820 1225.9
1336830 1225.9
1336840 1226.8
1336850 1228.0
1336860 1228.0
1336870 1229.2
1336880 1230.2
1336890 1231.1
1336900 1231.1
1336910 1232.2
1336920 1232.8
1336930 1232.8
1336940 1233.3
1336950 1233.5
1336960 1233.5
1336970 1233.4
1336980 1233.2
1336990 1233.2
1337000 1232.5
1337010 1232.6
1337020 1232.6
1337030 1232.5
1337040 1232.9
1337050 1232.9
1337060 1232.8
1337070 1232.8
1337080 1232.8
1337090 1233.1
1337100 1232.8
1337110 1232.8
1337120 1231.6
1337130 1230.5
1337140 1230.5
1337150 1220.8
1337160 1217.9
1337170 1217.9
1337180 1215.0
1337190 1214.1
1337200 1214.1
1337210 1214.2
1337220 1215.1
1337230 1215.5
1337240 1215.5
1337250 1215.7
1337260 1214.2
1337270 1214.2
1337280 1212.7
1337290 1212.6
1337300 1212.6
1337310 1214.2
1337320 1216.4
1337330 1216.4
1337340 1218.2
1337350 1219.9
1337360 1219.9
1337370 1221.7
1337380 1221.6
1337390 1221.6
1337400 1219.6
1337410 1216.6
1337420 1216.6
1337430 1213.5
1337440 1210.0
1337450 1210.0
1337460 1206.1
1337470 1201.5
1337480 1201.5
1337490 1198.7
1337500 1200.7
1337510 1200.7
1337520 1205.6
1337530 1210.2
1337540 1210.2
1337550 1215.2
1337560 1220.4
1337570 1220.4
1337580 1225.5
1337590 1229.7
1337600 1234.0
1337610 1234.0
1337620 1238.7
1337630 1242.6
1337640 1242.6
1337650 1245.6
1337660 1248.7
1337670 1248.7
1337680 1253.0
1337690 1258.7
1337700 1258.7
1337710 1263.7
1337720 1267.5
1337730 1267.5
1337740 1270.2
1337750 1273.5
1337760 1273.5
1337770 1278.7
1337780 1284.2
1337790 1284.2
1337800 1290.1
1337810 1296.9
1337820 1296.9
1337830 1304.5
1337840 1310.1
1337850 1310.1
1337860 1314.7
1337870 1319.8
1337880 1319.8
1337890 1325.2
1337900 1331.1
1337910 1331.1
1337920 1336.4
1337930 1339.9
1337940 1341.8
1337950 1341.8
1337960 1342.5
1337970 1342.4
1337980 1342.4
1337990 1342.5
1338000 1343.2
1338010 1339.5
1338020 1338.4
1338030 1337.1
1338040 1337.1
1338050 1336.7
1338060 1337.4
1338070 1337.4
1338080 1338.3
1338090 1339.3
1338100 1339.3
1338110 1340.5
1338120 1341.5
1338130 1341.5
1338140 1343.5
1338150 1345.6
1338160 1345.6
1338170 1347.8
1338180 1350.5
1338190 1350.5
1338200 1353.6
1338210 1357.0
1338220 1357.0
1338230 1360.9
1338240 1365.7
1338250 1365.7
1338260 1370.6
1338270 1375.1
1338280 1375.1
1338290 1379.5
1338300 1383.3
1338310 1387.4
1338320 1387.4
1338330 1389.3
1338340 1388.2
1338350 1388.2
1338360 1386.2
1338370 1383.3
1338380 1383.3
1338390 1378.2
1338400 1373.4
1338410 1373.4
1338420 1368.4
1338430 1362.9
1338440 1362.9
1338450 1357.3
1338460 1351.7
1338470 1351.7
1338480 1346.4
1338490 1341.8
1338500 1341.8
1338510 1337.8
1338520 1332.7
1338530 1332.7
1338540 1327.3
1338550 1321.4
1338560 1321.4
1338570 1312.6
1338580 1304.6
1338590 1304.6
1338600 1297.7
1338610 1291.4
1338620 1291.4
1338630 1285.0
1338640 1277.7
1338650 1269.9
1338660 1269.9
1338670 1266.0
1338680 1264.6
1338690 1264.6
1338700 1261.5
1338710 1256.0
1338720 1256.0
1338730 1250.6
1338740 1244.8
1338750 1244.8
1338760 1240.8
1338770 1241.3
1338780 1241.3
1338790 1242.7
1338800 1243.1
1338810 1243.1
1338820 1239.8
1338830 1232.7
1338840 1232.7
1338850 1225.3
1338860 1220.2
1338870 1220.2
1338880 1220.7
1338890 1211.4
1338900 1211.4
1338910 1211.1
1338920 1214.0
1338930 1214.0
1338940 1210.3
1338950 1204.0
1338960 1204.0
1338970 1199.7
1338980 1193.3
1338990 1193.3
1339000 1184.4
1339010 1175.5
1339020 1176.0
1339030 1176.0
1339040 1182.0
1339050 1183.5
1339060 1183.5
1339070 1187.9
1339080 1193.7
1339090 1193.7
1339100 1200.4
1339110 1207.2
1339120 1207.2
1339130 1212.9
1339140 1217.8
1339150 1217.8
1339160 1223.2
1339170 1229.9
1339180 1229.9
1339190 1237.7
1339200 1242.6
1339210 1242.6
1339220 1244.9
1339230 1246.6
1339240 1246.6
1339250 1246.0
1339260 1242.5
1339270 1242.5
1339280 1238.8
1339290 1235.3
1339300 1235.3
1339310 1225.1
1339320 1210.6
1339330 1210.6
1339340 1205.8
1339350 1201.8
1339360 1192.2
1339370 1192.2
1339380 1178.5
1339390 1156.7
1339400 1156.7
1339410 1141.3
1339420 1128.1
1339430 1128.1
1339440 1119.1
1339450 1106.2
1339460 1106.2
1339470 1090.2
1339480 1073.9
1339490 1073.9
1339500 1063.3
1339510 1076.9
1339520 1076.9
1339530 1110.5
1339540 1121.2
1339550 1121.2
1339560 1111.8
1339570 1122.5
1339580 1122.5
1339590 1128.1
1339600 1127.9
1339610 1127.9
1339620 1125.2
1339630 1125.9
1339640 1125.9
1339650 1125.6
1339660 1123.2
1339670 1123.2
1339680 1120.6
1339690 1117.3
1339700 1117.3
1339710 1115.6
1339720 1111.1
1339730 1105.0
1339740 1105.0
1339750 1102.6
1339760 1100.0
1339770 1091.1
1339780 1089.8
1339790 1091.8
1339800 1091.8
1339810 1091.5
1339820 1088.4
1339830 1088.4
1339840 1081.0
1339850 1068.5
1339860 1068.5
1339870 1058.3
1339880 1047.8
1339890 1047.8
1339900 1039.9
1339910 1032.3
1339920 1032.3
1339930 1021.7
1339940 1029.9
1339950 1029.9
1339960 1041.5
1339970 1035.9
1339980 1035.9
1339990 1028.1
