1320000 1139.6
1320010 1132.2
1320020 1119.9
1320030 1122.4
1320040 1113.8
1320050 1105.1
1320060 1105.1
1320070 1095.6
1320080 1086.0
1320090 1086.0
1320100 1078.4
1320110 1070.6
1320120 1070.6
1320130 1061.9
1320140 1053.3
1320150 1053.3
1320160 1045.2
1320170 1037.9
1320180 1037.9
1320190 1030.5
1320200 1022.4
1320210 1013.8
1320220 1013.8
1320230 1006.8
1320240 1003.6
1320250 1003.6
1320260 1002.7
1320270 1003.2
1320280 1003.2
1320290 1003.6
1320300 1003.5
1320310 1003.5
1320320 1003.2
1320330 1001.7
1320340 1001.7
1320350 999.3
1320360 998.0
1320370 998.0
1320380 996.4
1320390 995.2
1320400 995.2
1320410 994.4
1320420 994.0
1320430 994.0
1320440 993.4
1320450 990.3
1320460 990.3
1320470 984.8
1320480 977.6
1320490 977.6
1320500 967.0
1320510 957.1
1320520 957.1
1320530 953.7
1320540 953.7
1320550 953.7
1320560 953.6
1320570 956.2
1320580 963.1
1320590 963.1
1320600 964.0
1320610 963.8
1320620 963.8
1320630 971.2
1320640 978.2
1320650 978.2
1320660 983.2
1320670 988.1
1320680 988.1
1320690 992.8
1320700 996.8
1320710 996.8
1320720 999.4
1320730 1000.4
1320740 1000.4
1320750 1000.2
1320760 999.6
1320770 999.6
1320780 999.0
1320790 998.1
1320800 998.1
1320810 991.2
1320820 991.2
1320830 991.2
1320840 991.0
1320850 990.2
1320860 990.2
1320870 990.9
1320880 991.7
1320890 991.7
1320900 991.8
1320910 992.3
1320920 992.1
1320930 992.1
1320940 992.3
1320950 991.2
1320960 991.2
1320970 988.8
1320980 988.3
1320990 988.3
1321000 988.8
1321010 989.2
1321020 989.2
1321030 989.6
1321040 989.7
1321050 989.7
1321060 989.3
1321070 989.1
1321080 989.1
1321090 987.9
1321100 987.4
1321110 987.4
1321120 987.3
1321130 987.4
1321140 987.4
1321150 987.1
1321160 986.8
1321170 986.8
1321180 986.1
1321190 984.9
1321200 984.9
1321210 983.7
1321220 982.6
1321230 982.6
1321240 980.9
1321250 979.7
1321260 978.7
1321270 978.7
1321280 977.7
1321290 976.7
1321300 976.7
1321310 975.0
1321320 973.7
1321330 973.7
1321340 973.5
1321350 972.2
1321360 972.2
1321370 971.0
1321380 969.8
1321390 969.8
1321400 967.2
1321410 964.1
1321420 964.1
1321430 961.5
1321440 958.5
1321450 958.5
1321460 958.4
1321470 958.0
1321480 958.0
1321490 953.9
1321500 950.3
1321510 950.3
1321520 952.5
1321530 953.7
1321540 953.7
1321550 953.7
1321560 953.0
1321570 953.0
1321580 953.2
1321590 952.7
1321600 947.0
1321610 946.7
1321620 947.6
1321630 949.3
1321640 949.3
1321650 953.4
1321660 956.8
1321670 956.8
1321680 959.5
1321690 961.2
1321700 961.2
1321710 962.8
1321720 964.4
1321730 964.4
1321740 965.3
1321750 966.0
1321760 966.0
1321770 966.4
1321780 967.7
1321790 967.7
1321800 969.2
1321810 970.6
1321820 970.6
1321830 972.2
1321840 973.1
1321850 973.1
1321860 973.2
1321870 973.2
1321880 973.2
1321890 973.8
1321900 975.1
1321910 975.1
1321920 976.7
1321930 979.4
1321940 979.4
1321950 983.4
1321960 995.6
1321970 1008.2
1321980 1008.2
1321990 1014.0
1322000 1020.8
1322010 1020.8
1322020 1027.3
1322030 1031.8
1322040 1031.8
1322050 1035.9
1322060 1039.6
1322070 1039.6
1322080 1044.5
1322090 1050.5
1322100 1050.5
1322110 1054.9
1322120 1059.6
1322130 1059.6
1322140 1063.9
1322150 1068.9
1322160 1068.9
1322170 1073.0
1322180 1077.8
1322190 1077.8
1322200 1081.7
1322210 1084.8
1322220 1084.8
1322230 1089.1
1322240 1094.6
1322250 1094.6
1322260 1098.5
1322270 1103.6
1322280 1103.6
1322290 1108.2
1322300 1111.6
1322310 1111.6
1322320 1114.3
1322330 1117.1
1322340 1120.2
1322350 1120.2
1322360 1122.7
1322370 1125.3
1322380 1117.6
1322390 1122.1
1322400 1126.1
1322410 1126.1
1322420 1130.1
1322430 1134.8
1322440 1134.8
1322450 1140.0
1322460 1145.9
1322470 1145.9
1322480 1151.9
1322490 1157.8
1322500 1157.8
1322510 1166.9
1322520 1178.4
1322530 1178.4
1322540 1186.5
1322550 1194.6
1322560 1194.6
1322570 1203.5
1322580 1213.6
1322590 1213.6
1322600 1219.0
1322610 1219.7
1322620 1219.7
1322630 1218.9
1322640 1215.5
1322650 1215.5
1322660 1218.3
1322670 1229.0
1322680 1229.3
1322690 1229.3
1322700 1229.8
1322710 1230.9
1322720 1230.9
1322730 1229.0
1322740 1227.9
1322750 1227.9
1322760 1224.9
1322770 1220.5
1322780 1220.5
1322790 1214.7
1322800 1211.1
1322810 1211.1
1322820 1206.5
1322830 1202.7
1322840 1202.7
1322850 1199.2
1322860 1196.6
1322870 1196.6
1322880 1193.7
1322890 1190.7
1322900 1190.7
1322910 1188.2
1322920 1186.5
1322930 1186.5
1322940 1184.5
1322950 1181.5
1322960 1181.5
1322970 1178.2
1322980 1175.6
1322990 1175.6
1323000 1172.8
1323010 1169.3
1323020 1169.3
1323030 1166.5
1323040 1166.9
1323050 1168.3
1323060 1168.3
1323070 1171.0
1323080 1174.4
1323090 1174.4
1323100 1179.2
1323110 1185.6
1323120 1185.6
1323130 1191.9
1323140 1196.7
1323150 1196.7
1323160 1202.6
1323170 1205.2
1323180 1205.2
1323190 1209.4
1323200 1208.8
1323210 1208.8
1323220 1202.8
1323230 1193.9
1323240 1193.9
1323250 1185.1
1323260 1175.6
1323270 1175.6
1323280 1168.9
1323290 1170.5
1323300 1170.5
1323310 1171.5
1323320 1172.2
1323330 1172.2
1323340 1170.8
1323350 1166.2
1323360 1166.2
1323370 1157.0
1323380 1145.5
1323390 1137.2
1323400 1137.2
1323410 1132.4
1323420 1125.0
1323430 1125.0
1323440 1111.6
1323450 1094.8
1323460 1094.8
1323470 1075.5
1323480 1065.7
1323490 1065.7
1323500 1058.9
1323510 1050.6
1323520 1050.6
1323530 1038.6
1323540 1024.9
1323550 1024.9
1323560 1006.1
1323570 988.0
1323580 988.0
1323590 979.5
1323600 972.8
1323610 972.8
1323620 966.2
1323630 959.9
1323640 959.9
1323650 954.6
1323660 950.6
1323670 950.6
1323680 946.8
1323690 942.8
1323700 942.8
1323710 938.8
1323720 935.8
1323730 935.8
1323740 933.7
1323750 930.3
1323760 925.7
1323770 925.7
1323780 920.2
1323790 913.9
1323800 913.9
1323810 907.9
1323820 903.0
1323830 903.0
1323840 898.1
1323850 892.9
1323860 892.9
1323870 887.7
1323880 882.8
1323890 882.8
1323900 878.0
1323910 873.3
1323920 873.3
1323930 868.6
1323940 864.1
1323950 864.1
1323960 859.5
1323970 849.6
1323980 849.6
1323990 845.7
1324000 840.5
1324010 840.5
1324020 835.5
1324030 830.5
1324040 830.5
1324050 825.3
1324060 820.0
1324070 820.0
1324080 815.7
1324090 811.8
1324100 807.8
1324110 807.8
1324120 803.4
1324130 798.1
1324140 798.1
1324150 792.4
1324160 788.2
1324170 788.2
1324180 784.8
1324190 781.7
1324200 781.7
1324210 778.8
1324220 774.4
1324230 774.4
1324240 769.8
1324250 765.2
1324260 765.2
1324270 761.8
1324280 759.4
1324290 759.4
1324300 756.6
1324310 754.4
1324320 754.4
1324330 753.3
1324340 752.4
1324350 752.4
1324360 752.1
1324370 752.0
1324380 752.0
1324390 751.8
1324400 751.4
1324410 751.4
1324420 751.1
1324430 750.2
1324440 750.2
1324450 749.3
1324460 747.9
1324470 745.0
1324480 745.0
1324490 741.1
1324500 736.8
1324510 736.8
1324520 732.7
1324530 730.6
1324540 730.6
1324550 729.0
1324560 727.7
1324570 727.7
1324580 726.3
1324590 724.8
1324600 724.8
1324610 722.1
1324620 719.2
1324630 719.2
1324640 717.6
1324650 717.6
1324660 717.6
1324670 718.0
1324680 717.9
1324690 717.9
1324700 717.1
1324710 716.5
1324720 716.5
1324730 713.1
1324740 706.9
1324750 706.9
1324760 697.0
1324770 693.0
1324780 693.0
1324790 689.0
1324800 688.1
1324810 688.1
1324820 688.1
1324830 688.1
1324840 688.1
1324850 688.1
1324860 688.3
1324870 688.3
1324880 688.3
1324890 688.2
1324900 687.8
1324910 687.8
1324920 687.7
1324930 687.7
1324940 687.7
1324950 687.0
1324960 685.6
1324970 685.6
1324980 684.9
1324990 684.9
1325000 684.9
1325010 685.0
1325020 685.0
1325030 685.0
1325040 685.1
1325050 685.3
1325060 685.3
1325070 685.6
1325080 686.3
1325090 686.3
1325100 687.1
1325110 687.7
1325120 687.7
1325130 688.5
1325140 689.7
1325150 691.7
1325160 691.7
1325170 694.8
1325180 698.1
1325190 698.1
1325200 701.9
1325210 704.0
1325220 704.0
1325230 706.1
1325240 708.9
1325250 708.9
1325260 712.4
1325270 713.6
1325280 713.6
1325290 716.5
1325300 720.9
1325310 720.9
1325320 726.2
1325330 732.9
1325340 732.9
1325350 738.8
1325360 744.1
1325370 744.1
1325380 749.0
1325390 752.9
1325400 752.9
1325410 754.6
1325420 757.0
1325430 757.0
1325440 761.5
1325450 767.7
1325460 767.7
1325470 769.7
1325480 765.8
1325490 765.8
1325500 763.1
1325510 762.5
1325520 766.5
1325530 766.5
1325540 770.4
1325550 769.2
1325560 769.2
1325570 771.6
1325580 772.5
1325590 772.5
1325600 777.2
1325610 779.3
1325620 779.3
1325630 780.4
1325640 781.7
1325650 781.7
1325660 782.7
1325670 783.8
1325680 783.8
1325690 785.8
1325700 788.2
1325710 788.2
1325720 790.7
1325730 793.0
1325740 793.0
1325750 794.4
1325760 795.7
1325770 795.7
1325780 797.8
1325790 799.5
1325800 799.5
1325810 800.7
1325820 801.6
1325830 801.6
1325840 801.6
1325850 802.1
1325860 803.5
1325870 803.5
1325880 805.7
1325890 807.9
1325900 807.9
1325910 809.8
1325920 811.9
1325930 811.9
1325940 813.2
1325950 814.3
1325960 814.3
1325970 816.9
1325980 819.6
1325990 819.6
1326000 821.0
1326010 823.9
1326020 823.9
1326030 828.1
1326040 830.3
1326050 830.3
1326060 831.6
1326070 832.4
1326080 832.4
1326090 833.0
1326100 834.9
1326110 834.9
1326120 837.9
1326130 839.9
1326140 839.9
1326150 841.9
1326160 844.1
1326170 844.1
1326180 846.0
1326190 847.3
1326200 847.3
1326210 847.9
1326220 848.4
1326230 849.2
1326240 849.2
1326250 850.8
1326260 854.0
1326270 854.0
1326280 855.7
1326290 856.9
1326300 856.9
1326310 859.1
1326320 860.7
1326330 860.7
1326340 862.5
1326350 865.1
1326360 865.1
1326370 872.2
1326380 872.7
1326390 872.7
1326400 874.2
1326410 875.3
1326420 875.3
1326430 876.9
1326440 878.6
1326450 878.6
1326460 881.2
1326470 884.7
1326480 884.7
1326490 888.5
1326500 892.3
1326510 892.3
1326520 895.9
1326530 898.2
1326540 898.2
1326550 896.3
1326560 891.5
1326570 888.1
1326580 888.1
1326590 888.1
1326600 889.6
1326610 889.6
1326620 891.9
1326630 895.5
1326640 895.5
1326650 898.9
1326660 902.7
1326670 902.7
1326680 907.6
1326690 912.8
1326700 912.8
1326710 915.9
1326720 918.0
1326730 918.0
1326740 920.5
1326750 923.8
1326760 923.8
1326770 927.0
1326780 929.8
1326790 929.8
1326800 933.2
1326810 936.7
1326820 936.7
1326830 940.3
1326840 944.4
1326850 944.4
1326860 948.0
1326870 951.7
1326880 951.7
1326890 955.7
1326900 960.9
1326910 960.9
1326920 965.7
1326930 968.4
1326940 972.5
1326950 972.5
1326960 979.5
1326970 983.1
1326980 983.1
1326990 985.1
1327000 987.7
1327010 987.7
1327020 992.1
1327030 994.6
1327040 994.6
1327050 995.0
1327060 995.0
1327070 995.0
1327080 993.3
1327090 990.9
1327100 990.9
1327110 989.0
1327120 990.1
1327130 990.1
1327140 993.1
1327150 993.8
1327160 993.8
1327170 989.8
1327180 1007.2
1327190 1007.2
1327200 1003.7
1327210 1004.5
1327220 1004.5
1327230 1009.9
1327240 1019.6
1327250 1019.6
1327260 1025.4
1327270 1028.1
1327280 1029.0
1327290 1029.0
1327300 1031.1
1327310 1032.8
1327320 1032.8
1327330 1031.4
1327340 1027.9
1327350 1027.9
1327360 1025.8
1327370 1023.3
1327380 1023.3
1327390 1018.3
1327400 1015.2
1327410 1015.2
1327420 1019.2
1327430 1018.7
1327440 1018.7
1327450 1020.7
1327460 1030.6
1327470 1030.6
1327480 1042.1
1327490 1048.4
1327500 1048.4
1327510 1054.1
1327520 1058.5
1327530 1058.5
1327540 1059.6
1327550 1047.7
1327560 1047.7
1327570 1032.7
1327580 1030.5
1327590 1030.5
1327600 1031.9
1327610 1032.6
1327620 1032.6
1327630 1034.4
1327640 1035.5
1327650 1037.0
1327660 1037.0
1327670 1041.3
1327680 1047.3
1327690 1047.3
1327700 1053.4
1327710 1069.8
1327720 1069.8
1327730 1081.2
1327740 1086.1
1327750 1086.1
1327760 1091.4
1327770 1103.9
1327780 1103.9
1327790 1114.8
1327800 1121.9
1327810 1121.9
1327820 1127.6
1327830 1132.5
1327840 1132.5
1327850 1136.5
1327860 1140.2
1327870 1140.2
1327880 1143.5
1327890 1146.3
1327900 1146.3
1327910 1147.6
1327920 1144.1
1327930 1144.1
1327940 1143.3
1327950 1141.6
1327960 1141.6
1327970 1140.7
1327980 1140.3
1327990 1142.1
1328000 1159.9
1328010 1160.8
1328020 1162.4
1328030 1162.4
1328040 1165.9
1328050 1166.5
1328060 1166.5
1328070 1166.6
1328080 1171.9
1328090 1171.9
1328100 1177.0
1328110 1181.0
1328120 1181.0
1328130 1184.0
1328140 1186.2
1328150 1186.2
1328160 1189.3
1328170 1195.3
1328180 1195.3
1328190 1199.5
1328200 1203.4
1328210 1203.4
1328220 1207.8
1328230 1211.4
1328240 1211.4
1328250 1214.5
1328260 1217.8
1328270 1217.8
1328280 1221.1
1328290 1224.2
1328300 1224.2
1328310 1227.3
1328320 1231.1
1328330 1231.1
1328340 1234.4
1328350 1236.7
1328360 1240.2
1328370 1240.2
1328380 1244.4
1328390 1247.8
1328400 1247.8
1328410 1251.5
1328420 1256.5
1328430 1256.5
1328440 1261.4
1328450 1264.7
1328460 1264.7
1328470 1268.2
1328480 1265.0
1328490 1265.0
1328500 1266.6
1328510 1271.7
1328520 1271.7
1328530 1282.6
1328540 1291.4
1328550 1291.4
1328560 1293.9
1328570 1289.7
1328580 1289.7
1328590 1284.8
1328600 1280.4
1328610 1280.4
1328620 1275.1
1328630 1272.3
1328640 1272.3
1328650 1275.5
1328660 1291.2
1328670 1291.2
1328680 1324.1
1328690 1348.4
1328700 1378.8
1328710 1378.8
1328720 1392.4
1328730 1396.2
1328740 1396.2
1328750 1386.9
1328760 1383.3
1328770 1383.3
1328780 1383.9
1328790 1380.1
1328800 1380.1
1328810 1382.0
1328820 1392.6
1328830 1392.6
1328840 1398.8
1328850 1408.1
1328860 1408.1
1328870 1418.5
1328880 1428.6
1328890 1428.6
1328900 1437.3
1328910 1446.0
1328920 1446.0
1328930 1454.9
1328940 1465.0
1328950 1465.0
1328960 1480.6
1328970 1479.5
1328980 1479.5
1328990 1476.2
1329000 1469.2
1329010 1469.2
1329020 1461.5
1329030 1455.0
1329040 1455.0
1329050 1448.1
1329060 1440.9
1329070 1433.9
1329080 1433.9
1329090 1428.9
1329100 1425.1
1329110 1425.1
1329120 1421.1
1329130 1421.1
1329140 1421.1
1329150 1420.5
1329160 1416.4
1329170 1416.4
1329180 1409.7
1329190 1403.2
1329200 1403.2
1329210 1399.1
1329220 1396.8
1329230 1396.8
1329240 1392.6
1329250 1387.0
1329260 1387.0
1329270 1382.1
1329280 1378.8
1329290 1378.8
1329300 1377.5
1329310 1374.8
1329320 1374.8
1329330 1372.6
1329340 1370.3
1329350 1370.3
1329360 1371.4
1329370 1380.0
1329380 1380.0
1329390 1387.8
1329400 1394.7
1329410 1402.4
1329420 1402.4
1329430 1407.4
1329440 1407.9
1329450 1407.9
1329460 1402.0
1329470 1400.6
1329480 1400.6
1329490 1404.7
1329500 1404.2
1329510 1404.2
1329520 1402.4
1329530 1401.2
1329540 1401.2
1329550 1406.1
1329560 1412.7
1329570 1412.7
1329580 1421.1
1329590 1426.9
1329600 1426.9
1329610 1427.1
1329620 1424.0
1329630 1424.0
1329640 1419.8
1329650 1416.7
1329660 1416.7
1329670 1409.5
1329680 1402.9
1329690 1402.9
1329700 1394.6
1329710 1384.7
1329720 1384.7
1329730 1375.8
1329740 1370.7
1329750 1367.4
1329760 1367.4
1329770 1364.8
1329780 1363.1
1329790 1363.1
1329800 1362.1
1329810 1360.4
1329820 1360.4
1329830 1359.2
1329840 1360.5
1329850 1360.5
1329860 1363.6
1329870 1366.5
1329880 1366.5
1329890 1369.4
1329900 1373.2
1329910 1373.2
1329920 1376.3
1329930 1379.4
1329940 1379.4
1329950 1380.8
1329960 1377.7
1329970 1377.7
1329980 1367.4
1329990 1359.4
1330000 1359.4
1330010 1353.3
1330020 1348.2
1330030 1348.2
1330040 1347.5
1330050 1353.0
1330060 1353.0
1330070 1358.2
1330080 1370.7
1330090 1370.7
1330100 1383.1
1330110 1384.1
1330120 1381.2
1330130 1381.2
1330140 1376.2
1330150 1376.5
1330160 1376.5
1330170 1377.6
1330180 1377.4
1330190 1377.4
1330200 1376.6
1330210 1375.3
1330220 1375.3
1330230 1377.1
1330240 1379.8
1330250 1379.8
1330260 1381.6
1330270 1381.7
1330280 1381.7
1330290 1381.1
1330300 1378.3
1330310 1378.3
1330320 1373.6
1330330 1367.1
1330340 1367.1
1330350 1357.8
1330360 1352.2
1330370 1352.2
1330380 1348.7
1330390 1346.6
1330400 1346.6
1330410 1343.2
1330420 1337.4
1330430 1337.4
1330440 1328.7
1330450 1321.5
1330460 1316.9
1330470 1316.9
1330480 1327.0
1330490 1329.6
1330500 1329.6
1330510 1334.0
1330520 1335.9
1330530 1335.9
1330540 1339.2
1330550 1344.5
1330560 1344.5
1330570 1350.7
1330580 1358.5
1330590 1358.5
1330600 1365.9
1330610 1371.5
1330620 1371.5
1330630 1374.7
1330640 1374.4
1330650 1374.4
1330660 1372.0
1330670 1370.1
1330680 1370.1
1330690 1343.1
1330700 1297.3
1330710 1297.3
1330720 1277.1
1330730 1259.5
1330740 1259.5
1330750 1246.3
1330760 1234.6
1330770 1234.6
1330780 1228.5
1330790 1223.2
1330800 1223.2
1330810 1212.9
1330820 1200.1
1330830 1188.8
1330840 1188.8
1330850 1183.9
1330860 1193.2
1330870 1193.2
1330880 1213.8
1330890 1220.9
1330900 1220.9
1330910 1220.4
1330920 1221.7
1330930 1221.7
1330940 1224.7
1330950 1216.3
1330960 1216.3
1330970 1206.9
1330980 1191.6
1330990 1191.6
1331000 1181.2
1331010 1180.0
1331020 1180.0
1331030 1184.9
1331040 1184.8
1331050 1184.8
1331060 1180.3
1331070 1173.7
1331080 1173.7
1331090 1163.2
1331100 1152.3
1331110 1152.3
1331120 1143.7
1331130 1133.8
1331140 1133.8
1331150 1122.4
1331160 1108.3
1331170 1090.9
1331180 1090.9
1331190 1072.0
1331200 1056.4
1331210 1056.4
1331220 1046.9
1331230 1039.8
1331240 1039.8
1331250 1028.3
1331260 1022.3
1331270 1022.3
1331280 1018.5
1331290 1014.0
1331300 1014.0
1331310 1026.1
1331320 1024.6
1331330 1024.6
1331340 1020.3
1331350 1010.0
1331360 1010.0
1331370 1001.6
1331380 994.4
1331390 994.4
1331400 997.4
1331410 1005.4
1331420 1005.4
1331430 1014.9
1331440 1024.4
1331450 1024.4
1331460 1032.7
1331470 1041.1
1331480 1041.1
1331490 1050.7
1331500 1059.1
1331510 1059.1
1331520 1068.5
1331530 1081.5
1331540 1089.4
1331550 1089.4
1331560 1095.6
1331570 1102.3
1331580 1102.3
1331590 1109.4
1331600 1126.0
1331610 1126.0
1331620 1159.9
1331630 1181.4
1331640 1181.4
1331650 1195.5
1331660 1202.9
1331670 1202.9
1331680 1211.7
1331690 1220.8
1331700 1220.8
1331710 1228.4
1331720 1235.3
1331730 1235.3
1331740 1242.6
1331750 1249.6
1331760 1249.6
1331770 1256.6
1331780 1264.1
1331790 1264.1
1331800 1272.6
1331810 1280.7
1331820 1280.7
1331830 1290.1
1331840 1301.6
1331850 1301.6
1331860 1314.2
1331870 1322.2
1331880 1329.8
1331890 1329.8
1331900 1338.1
1331910 1354.1
1331920 1354.1
1331930 1366.5
1331940 1373.8
1331950 1373.8
1331960 1382.4
1331970 1387.6
1331980 1387.6
1331990 1392.6
1332000 1398.2
1332010 1398.2
1332020 1403.9
1332030 1409.5
1332040 1409.5
1332050 1415.8
1332060 1422.7
1332070 1422.7
1332080 1428.4
1332090 1434.0
1332100 1434.0
1332110 1440.4
1332120 1446.3
1332130 1446.3
1332140 1451.9
1332150 1454.1
1332160 1454.1
1332170 1456.5
1332180 1458.7
1332190 1458.7
1332200 1460.6
1332210 1462.3
1332220 1462.3
1332230 1463.9
1332240 1465.7
1332250 1467.4
1332260 1467.4
1332270 1469.0
1332280 1470.6
1332290 1470.6
1332300 1472.9
1332310 1475.4
1332320 1475.4
1332330 1477.9
1332340 1480.0
1332350 1480.0
1332360 1482.5
1332370 1485.6
1332380 1485.6
1332390 1488.3
1332400 1491.0
1332410 1491.0
1332420 1494.2
1332430 1497.1
1332440 1497.1
1332450 1499.9
1332460 1502.7
1332470 1502.7
1332480 1505.6
1332490 1508.8
1332500 1508.8
1332510 1512.6
1332520 1516.2
1332530 1516.2
1332540 1519.7
1332550 1523.3
1332560 1523.3
1332570 1527.1
1332580 1531.1
1332590 1535.0
1332600 1535.0
1332610 1539.0
1332620 1543.4
1332630 1543.4
1332640 1548.1
1332650 1552.0
1332660 1552.0
1332670 1555.4
1332680 1558.9
1332690 1558.9
1332700 1561.9
1332710 1564.5
1332720 1564.5
1332730 1566.4
1332740 1568.0
1332750 1568.0
1332760 1569.8
1332770 1571.3
1332780 1571.3
1332790 1572.6
1332800 1574.1
1332810 1574.1
1332820 1576.1
1332830 1577.8
1332840 1577.8
1332850 1579.2
1332860 1580.5
1332870 1580.5
1332880 1581.2
1332890 1581.5
1332900 1581.5
1332910 1582.0
1332920 1582.7
1332930 1583.1
1332940 1583.1
1332950 1583.0
1332960 1582.8
1332970 1582.8
1332980 1582.6
1332990 1578.7
1333000 1578.7
1333010 1578.3
1333020 1577.7
1333030 1577.7
1333040 1577.1
1333050 1576.1
1333060 1576.1
1333070 1575.7
1333080 1575.2
1333090 1575.2
1333100 1574.4
1333110 1573.4
1333120 1573.4
1333130 1572.2
1333140 1570.9
1333150 1570.9
1333160 1569.9
1333170 1569.6
1333180 1569.6
1333190 1569.7
1333200 1570.2
1333210 1570.2
1333220 1570.6
1333230 1570.9
1333240 1570.9
1333250 1570.8
1333260 1570.5
1333270 1570.5
1333280 1570.1
1333290 1570.0
1333300 1569.8
1333310 1569.8
1333320 1569.5
1333330 1569.3
1333340 1569.3
1333350 1569.0
1333360 1568.6
1333370 1568.6
1333380 1567.9
1333390 1566.7
1333400 1566.7
1333410 1565.3
1333420 1563.5
1333430 1563.5
1333440 1561.0
1333450 1557.9
1333460 1557.9
1333470 1554.1
1333480 1549.8
1333490 1549.8
1333500 1545.9
1333510 1542.4
1333520 1542.4
1333530 1540.6
1333540 1537.5
1333550 1537.5
1333560 1532.7
1333570 1529.7
1333580 1529.7
1333590 1527.3
1333600 1525.9
1333610 1525.9
1333620 1523.5
1333630 1521.9
1333640 1520.8
1333650 1520.8
1333660 1519.2
1333670 1516.7
1333680 1516.7
1333690 1513.8
1333700 1511.6
1333710 1511.6
1333720 1510.0
1333730 1508.6
1333740 1508.6
1333750 1508.1
1333760 1507.6
1333770 1507.6
1333780 1506.8
1333790 1506.0
1333800 1506.0
1333810 1505.0
1333820 1504.2
1333830 1504.2
1333840 1500.1
1333850 1499.2
1333860 1499.2
1333870 1498.9
1333880 1498.5
1333890 1498.5
1333900 1497.6
1333910 1497.1
1333920 1497.1
1333930 1497.2
1333940 1497.6
1333950 1497.6
1333960 1497.5
1333970 1496.7
1333980 1496.7
1333990 1496.4
1334000 1496.5
1334010 1497.2
1334020 1497.2
1334030 1497.5
1334040 1497.5
1334050 1497.5
1334060 1497.1
1334070 1496.6
1334080 1496.6
1334090 1495.7
1334100 1494.7
1334110 1494.7
1334120 1493.6
1334130 1492.7
1334140 1492.7
1334150 1492.0
1334160 1491.6
1334170 1491.6
1334180 1492.3
1334190 1493.0
1334200 1493.0
1334210 1494.6
1334220 1496.3
1334230 1496.3
1334240 1498.4
1334250 1499.7
1334260 1499.7
1334270 1501.0
1334280 1502.1
1334290 1502.1
1334300 1504.1
1334310 1505.8
1334320 1505.8
1334330 1507.7
1334340 1509.8
1334350 1511.8
1334360 1511.8
1334370 1513.8
1334380 1515.9
1334390 1515.9
1334400 1517.8
1334410 1519.4
1334420 1519.4
1334430 1521.4
1334440 1523.7
1334450 1523.7
1334460 1526.5
1334470 1529.2
1334480 1529.2
1334490 1531.5
1334500 1533.6
1334510 1533.6
1334520 1534.7
1334530 1535.3
1334540 1535.3
1334550 1535.1
1334560 1534.1
1334570 1534.1
1334580 1532.7
1334590 1530.8
1334600 1530.8
1334610 1529.7
1334620 1527.6
1334630 1527.6
1334640 1524.7
1334650 1520.5
1334660 1520.5
1334670 1519.6
1334680 1519.3
1334690 1512.7
1334700 1510.7
1334710 1510.0
1334720 1510.2
1334730 1510.2
1334740 1510.3
1334750 1511.5
1334760 1511.5
1334770 1513.1
1334780 1514.8
1334790 1514.8
1334800 1517.3
1334810 1518.7
1334820 1518.7
1334830 1521.0
1334840 1523.0
1334850 1523.0
1334860 1523.2
1334870 1523.3
1334880 1523.3
1334890 1523.4
1334900 1522.5
1334910 1522.5
1334920 1521.0
1334930 1520.3
1334940 1520.3
1334950 1519.9
1334960 1519.3
1334970 1519.3
1334980 1518.1
1334990 1517.6
1335000 1517.6
1335010 1517.6
1335020 1517.8
1335030 1517.8
1335040 1518.6
1335050 1520.1
1335060 1521.7
1335070 1521.7
1335080 1523.2
1335090 1524.4
1335100 1524.4
1335110 1525.5
1335120 1524.8
1335130 1524.8
1335140 1523.5
1335150 1520.6
1335160 1520.6
1335170 1516.8
1335180 1512.3
1335190 1512.3
1335200 1506.9
1335210 1499.9
1335220 1499.9
1335230 1493.3
1335240 1486.3
1335250 1486.3
1335260 1476.5
1335270 1468.3
1335280 1468.3
1335290 1460.6
1335300 1452.2
1335310 1452.2
1335320 1443.6
1335330 1435.0
1335340 1435.0
1335350 1425.1
1335360 1415.9
1335370 1415.9
1335380 1407.5
1335390 1399.9
1335400 1391.7
1335410 1391.7
1335420 1383.5
1335430 1375.3
1335440 1375.3
1335450 1367.3
1335460 1359.9
1335470 1359.9
1335480 1352.4
1335490 1346.0
1335500 1346.0
1335510 1339.8
1335520 1334.8
1335530 1334.8
1335540 1329.7
1335550 1326.0
1335560 1326.0
1335570 1317.4
1335580 1309.4
1335590 1309.4
1335600 1302.0
1335610 1295.0
1335620 1295.0
1335630 1288.4
1335640 1282.1
1335650 1282.1
1335660 1276.2
1335670 1270.3
1335680 1270.3
1335690 1264.1
1335700 1257.1
1335710 1257.1
1335720 1250.2
1335730 1243.9
1335740 1243.9
1335750 1237.6
1335760 1230.6
1335770 1224.5
1335780 1224.5
1335790 1218.8
1335800 1213.0
1335810 1213.0
1335820 1206.6
1335830 1199.0
1335840 1199.0
1335850 1193.1
1335860 1187.3
1335870 1187.3
1335880 1179.7
1335890 1172.4
1335900 1172.4
1335910 1164.6
1335920 1157.8
1335930 1157.8
1335940 1151.3
1335950 1144.5
1335960 1144.5
1335970 1139.9
1335980 1136.5
1335990 1136.5
1336000 1132.6
1336010 1128.2
1336020 1128.2
1336030 1124.6
1336040 1121.1
1336050 1121.1
1336060 1117.1
1336070 1112.2
1336080 1112.2
1336090 1107.4
1336100 1103.0
1336110 1099.1
1336120 1099.1
1336130 1096.7
1336140 1094.4
1336150 1094.4
1336160 1093.5
1336170 1093.5
1336180 1093.5
1336190 1094.5
1336200 1096.8
1336210 1096.8
1336220 1100.1
1336230 1102.6
1336240 1102.6
1336250 1105.0
1336260 1107.9
1336270 1107.9
1336280 1109.9
1336290 1111.0
1336300 1111.0
1336310 1112.3
1336320 1113.7
1336330 1113.7
1336340 1115.0
1336350 1117.0
1336360 1117.0
1336370 1118.8
1336380 1120.3
1336390 1120.3
1336400 1121.5
1336410 1120.9
1336420 1120.9
1336430 1123.9
1336440 1127.6
1336450 1127.6
1336460 1131.1
1336470 1134.4
1336480 1138.2
1336490 1138.2
1336500 1142.4
1336510 1146.6
1336520 1146.6
1336530 1148.9
1336540 1149.1
1336550 1149.1
1336560 1148.4
1336570 1147.1
1336580 1147.1
1336590 1146.4
1336600 1145.8
1336610 1145.8
1336620 1145.4
1336630 1145.3
1336640 1145.3
1336650 1145.8
1336660 1146.4
1336670 1146.4
1336680 1146.4
1336690 1146.2
1336700 1146.2
1336710 1146.0
1336720 1146.0
1336730 1146.0
1336740 1145.7
1336750 1145.6
1336760 1145.6
1336770 1145.6
1336780 1145.3
1336790 1145.3
1336800 1144.9
1336810 1144.8
1336820 1144.7
1336830 1144.7
1336840 1144.9
1336850 1145.5
1336860 1145.5
1336870 1146.2
1336880 1147.6
1336890 1147.6
1336900 1149.5
1336910 1151.3
1336920 1151.3
1336930 1152.9
1336940 1154.1
1336950 1154.1
1336960 1155.3
1336970 1156.2
1336980 1156.2
1336990 1156.3
1337000 1154.6
1337010 1154.6
1337020 1152.6
1337030 1152.1
1337040 1152.1
1337050 1153.2
1337060 1154.6
1337070 1154.6
1337080 1156.4
1337090 1159.1
1337100 1159.1
1337110 1161.1
1337120 1161.7
1337130 1161.7
1337140 1161.9
1337150 1161.6
1337160 1161.6
1337170 1160.8
1337180 1161.4
1337190 1160.4
1337200 1160.4
1337210 1158.5
1337220 1159.6
1337230 1159.6
1337240 1161.2
1337250 1162.4
1337260 1162.4
1337270 1165.9
1337280 1170.9
1337290 1170.9
1337300 1174.6
1337310 1177.7
1337320 1177.7
1337330 1181.4
1337340 1185.2
1337350 1185.2
1337360 1189.1
1337370 1193.0
1337380 1193.0
1337390 1196.9
1337400 1200.6
1337410 1200.6
1337420 1204.6
1337430 1208.8
1337440 1208.8
1337450 1213.7
1337460 1218.4
1337470 1218.4
1337480 1222.7
1337490 1227.5
1337500 1227.5
1337510 1231.6
1337520 1235.6
1337530 1239.4
1337540 1239.4
1337550 1240.0
1337560 1239.7
1337570 1239.7
1337580 1238.7
1337590 1239.1
1337600 1239.1
1337610 1243.4
1337620 1248.3
1337630 1248.3
1337640 1252.5
1337650 1256.3
1337660 1256.3
1337670 1260.9
1337680 1266.0
1337690 1266.0
1337700 1271.0
1337710 1275.8
1337720 1275.8
1337730 1280.4
1337740 1285.7
1337750 1285.7
1337760 1291.7
1337770 1297.8
1337780 1297.8
1337790 1305.7
1337800 1312.4
1337810 1312.4
1337820 1317.6
1337830 1323.2
1337840 1323.2
1337850 1327.4
1337860 1330.5
1337870 1330.5
1337880 1331.7
1337890 1333.3
1337900 1335.2
1337910 1335.2
1337920 1335.1
1337930 1333.9
1337940 1333.9
1337950 1333.4
1337960 1332.8
1337970 1332.8
1337980 1330.3
1337990 1328.2
1338000 1328.2
1338010 1328.2
1338020 1327.3
1338030 1327.3
1338040 1326.7
1338050 1326.5
1338060 1326.5
1338070 1324.3
1338080 1321.4
1338090 1321.4
1338100 1318.6
1338110 1316.7
1338120 1316.7
1338130 1315.3
1338140 1311.9
1338150 1306.8
1338160 1303.4
1338170 1299.6
1338180 1299.6
1338190 1296.3
1338200 1295.3
1338210 1295.3
1338220 1295.5
1338230 1295.9
1338240 1295.5
1338250 1295.5
1338260 1294.6
1338270 1294.7
1338280 1294.7
1338290 1296.1
1338300 1297.3
1338310 1297.3
1338320 1297.9
1338330 1298.4
1338340 1298.4
1338350 1299.7
1338360 1300.3
1338370 1300.3
1338380 1301.2
1338390 1301.7
1338400 1301.7
1338410 1300.9
1338420 1295.8
1338430 1295.8
1338440 1291.0
1338450 1288.5
1338460 1288.5
1338470 1286.1
1338480 1282.8
1338490 1282.8
1338500 1278.8
1338510 1274.6
1338520 1274.6
1338530 1271.5
1338540 1266.9
1338550 1266.9
1338560 1260.3
1338570 1253.2
1338580 1253.2
1338590 1246.3
1338600 1239.9
1338610 1234.1
1338620 1234.1
1338630 1227.2
1338640 1219.4
1338650 1219.4
1338660 1210.0
1338670 1201.1
1338680 1201.1
1338690 1192.6
1338700 1185.3
1338710 1185.3
1338720 1178.8
1338730 1174.0
1338740 1174.0
1338750 1168.8
1338760 1162.4
1338770 1162.4
1338780 1157.8
1338790 1155.2
1338800 1155.2
1338810 1152.0
1338820 1143.7
1338830 1143.7
1338840 1133.1
1338850 1123.4
1338860 1123.4
1338870 1109.7
1338880 1105.5
1338890 1105.5
1338900 1106.9
1338910 1107.8
1338920 1107.8
1338930 1107.9
1338940 1107.9
1338950 1108.4
1338960 1108.4
1338970 1107.6
1338980 1103.8
1338990 1103.8
1339000 1087.4
1339010 1070.1
1339020 1069.1
1339030 1055.1
1339040 1033.0
1339050 1033.0
1339060 1004.9
1339070 1004.6
1339080 1004.6
1339090 1040.7
1339100 1081.2
1339110 1081.2
1339120 1085.6
1339130 1081.1
1339140 1081.1
1339150 1077.6
1339160 1076.6
1339170 1076.6
1339180 1076.6
1339190 1080.1
1339200 1080.1
1339210 1090.7
1339220 1103.5
1339230 1103.5
1339240 1106.1
1339250 1105.2
1339260 1105.2
1339270 1096.4
1339280 1081.6
1339290 1081.6
1339300 1069.0
1339310 1064.3
1339320 1061.2
1339330 1061.2
1339340 1056.8
1339350 1051.9
1339360 1051.9
1339370 1045.1
1339380 1040.5
1339390 1040.5
1339400 1032.7
1339410 1025.2
1339420 1025.2
1339430 1012.8
1339440 999.4
1339450 999.4
1339460 987.3
1339470 974.0
1339480 974.0
1339490 970.0
1339500 963.8
1339510 963.8
1339520 955.4
1339530 939.8
1339540 939.8
1339550 917.8
1339560 949.1
1339570 949.1
1339580 963.6
1339590 959.5
1339600 959.5
1339610 950.9
1339620 950.2
1339630 950.2
1339640 955.3
1339650 955.9
1339660 956.1
1339670 956.1
1339680 952.9
1339690 949.8
1339700 949.8
1339710 948.3
1339720 946.6
1339730 946.6
1339740 941.3
1339750 933.1
1339760 933.1
1339770 926.8
1339780 923.9
1339790 923.9
1339800 918.8
1339810 911.4
1339820 911.4
1339830 904.5
1339840 903.0
1339850 903.0
1339860 900.1
1339870 896.1
1339880 896.1
1339890 894.8
1339900 883.1
1339910 883.1
1339920 880.3
1339930 876.4
1339940 876.4
1339950 866.7
1339960 852.5
1339970 852.5
1339980 861.3
1339990 867.3
