1320000 1125.6
1320010 1119.3
1320020 1113.4
1320030 1108.1
1320040 1108.1
1320050 1103.5
1320060 1098.1
1320070 1098.1
1320080 1091.7
1320090 1084.5
1320100 1084.5
1320110 1077.7
1320120 1074.0
1320130 1074.0
1320140 1073.0
1320150 1072.2
1320160 1072.2
1320170 1072.1
1320180 1071.6
1320190 1071.6
1320200 1069.7
1320210 1068.9
1320220 1068.9
1320230 1068.8
1320240 1067.6
1320250 1067.6
1320260 1065.9
1320270 1063.6
1320280 1063.6
1320290 1061.6
1320300 1059.4
1320310 1059.4
1320320 1056.2
1320330 1049.3
1320340 1049.3
1320350 1040.0
1320360 1032.0
1320370 1025.7
1320380 1025.7
1320390 1021.4
1320400 1018.7
1320410 1018.7
1320420 1017.8
1320430 1018.0
1320440 1018.0
1320450 1018.5
1320460 1018.8
1320470 1018.8
1320480 1020.7
1320490 1019.7
1320500 1019.7
1320510 1021.3
1320520 1023.0
1320530 1023.0
1320540 1026.3
1320550 1026.8
1320560 1026.8
1320570 1024.1
1320580 1025.2
1320590 1025.2
1320600 1030.3
1320610 1034.6
1320620 1034.6
1320630 1036.9
1320640 1040.1
1320650 1040.1
1320660 1042.7
1320670 1045.3
1320680 1045.3
1320690 1047.7
1320700 1050.6
1320710 1050.6
1320720 1053.2
1320730 1055.5
1320740 1056.6
1320750 1056.6
1320760 1056.9
1320770 1055.7
1320780 1055.7
1320790 1054.1
1320800 1055.0
1320810 1055.0
1320820 1055.2
1320830 1054.5
1320840 1054.5
1320850 1054.9
1320860 1054.1
1320870 1054.1
1320880 1055.6
1320890 1056.2
1320900 1056.2
1320910 1056.5
1320920 1057.4
1320930 1057.4
1320940 1058.1
1320950 1059.6
1320960 1059.6
1320970 1061.8
1320980 1063.0
1320990 1063.0
1321000 1064.3
1321010 1066.6
1321020 1066.6
1321030 1070.7
1321040 1074.8
1321050 1074.8
1321060 1076.5
1321070 1077.0
1321080 1077.2
1321090 1077.2
1321100 1076.2
1321110 1074.4
1321120 1074.4
1321130 1073.2
1321140 1073.3
1321150 1065.3
1321160 1065.2
1321170 1064.3
1321180 1064.3
1321190 1060.9
1321200 1057.9
1321210 1057.9
1321220 1053.9
1321230 1050.1
1321240 1050.1
1321250 1046.7
1321260 1041.8
1321270 1041.8
1321280 1037.2
1321290 1033.9
1321300 1033.9
1321310 1031.4
1321320 1029.5
1321330 1029.5
1321340 1028.4
1321350 1027.1
1321360 1027.1
1321370 1024.8
1321380 1020.9
1321390 1020.9
1321400 1016.8
1321410 1012.0
1321420 1012.0
1321430 1005.4
1321440 1000.9
1321450 999.6
1321460 999.6
1321470 1002.9
1321480 1006.4
1321490 1006.4
1321500 1009.3
1321510 1010.5
1321520 1010.5
1321530 1012.4
1321540 1013.6
1321550 1013.6
1321560 1013.6
1321570 1013.2
1321580 1013.2
1321590 1013.9
1321600 1015.1
1321610 1015.1
1321620 1015.0
1321630 1014.4
1321640 1014.4
1321650 1012.9
1321660 1016.1
1321670 1016.1
1321680 1018.8
1321690 1021.9
1321700 1021.9
1321710 1025.2
1321720 1028.8
1321730 1028.8
1321740 1032.7
1321750 1037.3
1321760 1037.3
1321770 1040.8
1321780 1043.7
1321790 1047.8
1321800 1047.8
1321810 1051.1
1321820 1054.7
1321830 1054.7
1321840 1058.6
1321850 1061.9
1321860 1061.9
1321870 1065.4
1321880 1069.2
1321890 1069.2
1321900 1074.1
1321910 1079.4
1321920 1079.4
1321930 1083.6
1321940 1080.2
1321950 1080.2
1321960 1082.3
1321970 1079.0
1321980 1079.0
1321990 1073.7
1322000 1072.9
1322010 1072.9
1322020 1079.9
1322030 1089.9
1322040 1089.9
1322050 1096.4
1322060 1102.9
1322070 1102.9
1322080 1108.2
1322090 1113.1
1322100 1113.1
1322110 1117.6
1322120 1120.5
1322130 1120.5
1322140 1122.3
1322150 1126.7
1322160 1133.5
1322170 1133.5
1322180 1139.2
1322190 1145.7
1322200 1145.7
1322210 1153.7
1322220 1162.3
1322230 1162.3
1322240 1169.9
1322250 1175.5
1322260 1175.5
1322270 1180.9
1322280 1188.6
1322290 1188.6
1322300 1195.3
1322310 1200.5
1322320 1200.5
1322330 1206.3
1322340 1212.9
1322350 1212.9
1322360 1217.8
1322370 1220.8
1322380 1220.8
1322390 1219.0
1322400 1218.8
1322410 1218.8
1322420 1219.8
1322430 1220.5
1322440 1220.5
1322450 1224.5
1322460 1230.3
1322470 1230.3
1322480 1239.0
1322490 1245.3
1322500 1251.9
1322510 1251.9
1322520 1259.7
1322530 1268.8
1322540 1268.8
1322550 1277.4
1322560 1286.0
1322570 1286.0
1322580 1294.1
1322590 1299.0
1322600 1299.0
1322610 1303.8
1322620 1307.8
1322630 1307.8
1322640 1310.6
1322650 1312.6
1322660 1312.6
1322670 1314.2
1322680 1314.5
1322690 1314.5
1322700 1312.3
1322710 1309.1
1322720 1309.1
1322730 1301.8
1322740 1297.5
1322750 1297.5
1322760 1292.6
1322770 1288.0
1322780 1288.0
1322790 1282.4
1322800 1277.9
1322810 1277.9
1322820 1274.7
1322830 1271.8
1322840 1268.3
1322850 1268.3
1322860 1264.7
1322870 1261.4
1322880 1261.4
1322890 1257.1
1322900 1253.4
1322910 1253.4
1322920 1248.1
1322930 1243.2
1322940 1243.2
1322950 1237.4
1322960 1231.3
1322970 1231.3
1322980 1226.7
1322990 1222.4
1323000 1222.4
1323010 1219.9
1323020 1219.8
1323030 1219.8
1323040 1218.4
1323050 1216.9
1323060 1216.9
1323070 1216.0
1323080 1216.2
1323090 1216.2
1323100 1220.7
1323110 1227.3
1323120 1227.3
1323130 1233.5
1323140 1240.2
1323150 1240.2
1323160 1247.7
1323170 1252.7
1323180 1252.7
1323190 1254.5
1323200 1256.7
1323210 1260.3
1323220 1260.3
1323230 1262.0
1323240 1263.5
1323250 1263.5
1323260 1264.4
1323270 1263.6
1323280 1263.6
1323290 1264.3
1323300 1264.2
1323310 1264.2
1323320 1262.9
1323330 1258.7
1323340 1258.7
1323350 1254.2
1323360 1248.6
1323370 1248.6
1323380 1241.1
1323390 1234.2
1323400 1234.2
1323410 1224.5
1323420 1212.4
1323430 1212.4
1323440 1200.5
1323450 1193.1
1323460 1193.1
1323470 1186.1
1323480 1180.1
1323490 1180.1
1323500 1173.8
1323510 1167.0
1323520 1156.1
1323530 1143.3
1323540 1132.7
1323550 1122.2
1323560 1122.2
1323570 1106.8
1323580 1088.1
1323590 1088.1
1323600 1073.2
1323610 1059.4
1323620 1059.4
1323630 1044.1
1323640 1027.6
1323650 1027.6
1323660 1014.9
1323670 1005.9
1323680 1005.9
1323690 998.6
1323700 996.3
1323710 996.3
1323720 997.5
1323730 1015.6
1323740 1015.6
1323750 1027.4
1323760 1025.9
1323770 1025.9
1323780 1016.3
1323790 1001.9
1323800 1001.9
1323810 977.5
1323820 963.9
1323830 963.9
1323840 955.3
1323850 949.6
1323860 949.6
1323870 944.1
1323880 940.1
1323890 940.1
1323900 936.8
1323910 933.1
1323920 928.6
1323930 928.6
1323940 922.9
1323950 916.2
1323960 916.2
1323970 909.4
1323980 900.8
1323990 900.8
1324000 894.9
1324010 889.5
1324020 889.5
1324030 883.7
1324040 878.4
1324050 878.4
1324060 872.5
1324070 866.1
1324080 866.1
1324090 861.1
1324100 856.1
1324110 856.1
1324120 850.3
1324130 844.3
1324140 844.3
1324150 838.2
1324160 832.7
1324170 832.7
1324180 828.4
1324190 822.6
1324200 822.6
1324210 816.7
1324220 811.7
1324230 811.7
1324240 807.0
1324250 802.2
1324260 798.4
1324270 798.4
1324280 796.1
1324290 794.7
1324300 794.7
1324310 789.4
1324320 787.5
1324330 787.5
1324340 785.9
1324350 784.4
1324360 784.4
1324370 783.2
1324380 782.2
1324390 782.2
1324400 780.8
1324410 778.1
1324420 778.1
1324430 773.3
1324440 769.5
1324450 769.5
1324460 766.9
1324470 767.2
1324480 767.2
1324490 766.2
1324500 762.2
1324510 762.2
1324520 758.3
1324530 754.9
1324540 754.9
1324550 751.6
1324560 749.2
1324570 749.2
1324580 746.4
1324590 742.4
1324600 742.4
1324610 739.6
1324620 738.5
1324630 739.4
1324640 739.4
1324650 740.5
1324660 740.5
1324670 740.5
1324680 740.1
1324690 739.2
1324700 739.2
1324710 737.9
1324720 736.1
1324730 736.1
1324740 733.8
1324750 732.7
1324760 732.7
1324770 732.1
1324780 727.2
1324790 727.2
1324800 719.5
1324810 712.8
1324820 712.8
1324830 708.0
1324840 704.2
1324850 704.2
1324860 700.3
1324870 696.6
1324880 696.6
1324890 693.7
1324900 692.1
1324910 692.1
1324920 691.8
1324930 691.5
1324940 691.5
1324950 691.1
1324960 690.1
1324970 689.1
1324980 689.1
1324990 689.3
1325000 689.3
1325010 689.3
1325020 689.3
1325030 689.3
1325040 689.3
1325050 689.4
1325060 689.5
1325070 689.5
1325080 689.5
1325090 689.5
1325100 689.5
1325110 689.6
1325120 689.7
1325130 689.7
1325140 689.7
1325150 689.8
1325160 689.8
1325170 690.0
1325180 689.7
1325190 689.7
1325200 687.7
1325210 686.1
1325220 686.1
1325230 686.1
1325240 686.3
1325250 686.3
1325260 687.3
1325270 688.9
1325280 688.9
1325290 689.9
1325300 690.1
1325310 690.1
1325320 691.8
1325330 695.0
1325340 698.0
1325350 698.0
1325360 700.3
1325370 702.2
1325380 702.2
1325390 706.4
1325400 711.5
1325410 711.5
1325420 714.8
1325430 715.0
1325440 715.0
1325450 716.4
1325460 719.7
1325470 719.7
1325480 727.0
1325490 730.7
1325500 730.7
1325510 725.7
1325520 722.2
1325530 722.2
1325540 723.9
1325550 725.5
1325560 725.5
1325570 725.4
1325580 725.9
1325590 725.9
1325600 728.3
1325610 733.8
1325620 733.8
1325630 740.1
1325640 745.3
1325650 745.3
1325660 747.7
1325670 745.4
1325680 745.6
1325690 745.6
1325700 749.1
1325710 752.6
1325720 752.6
1325730 755.3
1325740 757.7
1325750 757.7
1325760 760.1
1325770 763.2
1325780 763.2
1325790 766.2
1325800 767.3
1325810 767.3
1325820 767.9
1325830 768.6
1325840 768.6
1325850 769.5
1325860 770.5
1325870 770.5
1325880 772.1
1325890 774.2
1325900 774.2
1325910 775.8
1325920 781.7
1325930 781.7
1325940 782.9
1325950 784.5
1325960 784.5
1325970 784.8
1325980 783.7
1325990 783.7
1326000 784.8
1326010 787.3
1326020 787.3
1326030 790.8
1326040 794.1
1326050 797.5
1326060 797.5
1326070 799.8
1326080 798.1
1326090 798.1
1326100 798.7
1326110 803.0
1326120 803.0
1326130 810.0
1326140 813.5
1326150 813.5
1326160 811.8
1326170 810.4
1326180 810.4
1326190 810.7
1326200 811.0
1326210 811.0
1326220 811.6
1326230 811.6
1326240 811.6
1326250 811.6
1326260 812.6
1326270 812.6
1326280 814.3
1326290 815.8
1326300 815.8
1326310 818.1
1326320 821.6
1326330 821.6
1326340 822.3
1326350 822.9
1326360 822.9
1326370 823.4
1326380 824.5
1326390 825.3
1326400 825.3
1326410 826.5
1326420 828.3
1326430 828.3
1326440 830.5
1326450 833.0
1326460 833.0
1326470 835.1
1326480 836.3
1326490 836.3
1326500 836.0
1326510 836.1
1326520 836.1
1326530 835.8
1326540 833.8
1326550 833.8
1326560 835.1
1326570 837.2
1326580 837.2
1326590 840.8
1326600 845.2
1326610 845.2
1326620 846.9
1326630 848.5
1326640 848.5
1326650 849.5
1326660 849.9
1326670 849.9
1326680 851.3
1326690 853.2
1326700 853.2
1326710 855.9
1326720 858.4
1326730 864.9
1326740 867.4
1326750 870.0
1326760 872.9
1326770 872.9
1326780 875.2
1326790 878.2
1326800 878.2
1326810 881.8
1326820 885.5
1326830 885.5
1326840 889.0
1326850 892.6
1326860 892.6
1326870 895.6
1326880 898.5
1326890 898.5
1326900 901.7
1326910 903.9
1326920 903.9
1326930 906.1
1326940 908.0
1326950 908.0
1326960 908.3
1326970 907.8
1326980 907.8
1326990 905.5
1327000 897.6
1327010 897.6
1327020 896.7
1327030 896.9
1327040 896.9
1327050 898.2
1327060 897.6
1327070 897.6
1327080 894.5
1327090 894.0
1327100 893.4
1327110 893.4
1327120 893.3
1327130 892.5
1327140 892.5
1327150 892.2
1327160 892.9
1327170 892.9
1327180 894.1
1327190 895.2
1327200 895.2
1327210 896.6
1327220 898.4
1327230 898.4
1327240 899.4
1327250 900.7
1327260 900.7
1327270 903.0
1327280 904.8
1327290 904.8
1327300 906.7
1327310 908.2
1327320 908.2
1327330 910.1
1327340 912.0
1327350 912.0
1327360 912.6
1327370 912.2
1327380 912.2
1327390 909.9
1327400 905.2
1327410 905.2
1327420 905.7
1327430 914.6
1327440 914.6
1327450 916.4
1327460 917.1
1327470 918.4
1327480 918.4
1327490 919.5
1327500 921.3
1327510 921.3
1327520 923.5
1327530 926.0
1327540 938.9
1327550 942.6
1327560 942.5
1327570 942.5
1327580 943.6
1327590 944.6
1327600 944.6
1327610 945.4
1327620 947.8
1327630 947.8
1327640 951.1
1327650 955.9
1327660 955.9
1327670 957.6
1327680 959.7
1327690 959.7
1327700 962.8
1327710 963.6
1327720 963.6
1327730 966.2
1327740 973.2
1327750 973.2
1327760 979.0
1327770 983.5
1327780 983.5
1327790 990.0
1327800 1000.3
1327810 1009.2
1327820 1009.2
1327830 1016.8
1327840 1025.0
1327850 1025.0
1327860 1031.2
1327870 1033.9
1327880 1033.9
1327890 1037.3
1327900 1041.4
1327910 1041.4
1327920 1045.0
1327930 1046.9
1327940 1046.9
1327950 1036.7
1327960 1026.2
1327970 1026.2
1327980 1029.6
1327990 1044.9
1328000 1044.9
1328010 1052.0
1328020 1055.4
1328030 1055.4
1328040 1059.0
1328050 1060.8
1328060 1060.8
1328070 1059.8
1328080 1066.5
1328090 1066.5
1328100 1080.7
1328110 1095.3
1328120 1095.3
1328130 1101.3
1328140 1101.9
1328150 1101.9
1328160 1102.8
1328170 1104.1
1328180 1104.9
1328190 1104.9
1328200 1106.8
1328210 1108.2
1328220 1108.2
1328230 1112.2
1328240 1119.1
1328250 1119.1
1328260 1118.8
1328270 1107.7
1328280 1107.7
1328290 1101.2
1328300 1097.4
1328310 1097.4
1328320 1092.1
1328330 1088.7
1328340 1088.7
1328350 1088.5
1328360 1145.1
1328370 1145.1
1328380 1136.7
1328390 1126.3
1328400 1126.3
1328410 1115.6
1328420 1116.3
1328430 1116.3
1328440 1119.6
1328450 1123.9
1328460 1123.9
1328470 1128.9
1328480 1134.0
1328490 1134.0
1328500 1136.7
1328510 1143.3
1328520 1148.7
1328530 1148.7
1328540 1153.3
1328550 1156.8
1328560 1156.8
1328570 1160.8
1328580 1169.8
1328590 1169.8
1328600 1174.1
1328610 1176.6
1328620 1176.6
1328630 1179.3
1328640 1192.9
1328650 1192.9
1328660 1201.5
1328670 1210.4
1328680 1210.4
1328690 1224.9
1328700 1234.1
1328710 1234.1
1328720 1251.0
1328730 1265.4
1328740 1265.4
1328750 1267.9
1328760 1274.1
1328770 1274.1
1328780 1281.3
1328790 1293.0
1328800 1293.0
1328810 1317.7
1328820 1335.2
1328830 1335.2
1328840 1351.4
1328850 1365.5
1328860 1365.5
1328870 1388.7
1328880 1412.8
1328890 1424.8
1328900 1424.8
1328910 1430.9
1328920 1435.8
1328930 1435.8
1328940 1437.6
1328950 1438.4
1328960 1438.4
1328970 1438.1
1328980 1436.1
1328990 1436.1
1329000 1435.0
1329010 1434.0
1329020 1434.0
1329030 1431.7
1329040 1429.4
1329050 1429.4
1329060 1426.1
1329070 1422.4
1329080 1422.4
1329090 1415.6
1329100 1408.1
1329110 1408.1
1329120 1401.2
1329130 1392.9
1329140 1392.9
1329150 1383.1
1329160 1370.2
1329170 1370.2
1329180 1353.8
1329190 1340.0
1329200 1340.0
1329210 1327.3
1329220 1316.1
1329230 1309.5
1329240 1309.5
1329250 1301.6
1329260 1298.1
1329270 1298.1
1329280 1299.5
1329290 1302.7
1329300 1302.7
1329310 1303.1
1329320 1301.9
1329330 1301.9
1329340 1303.7
1329350 1301.2
1329360 1301.2
1329370 1297.4
1329380 1297.2
1329390 1297.2
1329400 1299.9
1329410 1302.3
1329420 1302.3
1329430 1307.9
1329440 1322.2
1329450 1322.2
1329460 1335.5
1329470 1344.7
1329480 1344.7
1329490 1353.2
1329500 1360.2
1329510 1360.2
1329520 1362.2
1329530 1362.1
1329540 1362.1
1329550 1360.4
1329560 1357.0
1329570 1356.7
1329580 1356.7
1329590 1348.2
1329600 1341.9
1329610 1341.9
1329620 1343.6
1329630 1344.3
1329640 1344.3
1329650 1340.7
1329660 1336.3
1329670 1336.3
1329680 1338.5
1329690 1339.3
1329700 1339.3
1329710 1333.6
1329720 1327.3
1329730 1327.3
1329740 1322.9
1329750 1317.1
1329760 1317.1
1329770 1309.4
1329780 1300.3
1329790 1300.3
1329800 1293.1
1329810 1290.8
1329820 1290.8
1329830 1286.8
1329840 1281.6
1329850 1281.6
1329860 1274.2
1329870 1267.4
1329880 1267.4
1329890 1264.7
1329900 1264.6
1329910 1264.6
1329920 1263.5
1329930 1262.6
1329940 1263.1
1329950 1263.1
1329960 1258.3
1329970 1246.4
1329980 1246.4
1329990 1234.1
1330000 1224.2
1330010 1236.1
1330020 1228.9
1330030 1228.7
1330040 1228.7
1330050 1232.4
1330060 1237.1
1330070 1237.1
1330080 1245.8
1330090 1252.8
1330100 1252.8
1330110 1257.9
1330120 1263.3
1330130 1263.3
1330140 1269.2
1330150 1273.7
1330160 1273.7
1330170 1276.4
1330180 1280.3
1330190 1280.3
1330200 1283.4
1330210 1282.7
1330220 1282.7
1330230 1283.0
1330240 1284.2
1330250 1284.2
1330260 1285.1
1330270 1285.1
1330280 1286.3
1330290 1286.3
1330300 1286.9
1330310 1281.1
1330320 1281.1
1330330 1266.9
1330340 1254.9
1330350 1254.9
1330360 1245.3
1330370 1240.5
1330380 1240.5
1330390 1239.5
1330400 1239.1
1330410 1239.1
1330420 1243.3
1330430 1247.6
1330440 1247.6
1330450 1246.8
1330460 1245.9
1330470 1245.9
1330480 1251.2
1330490 1258.6
1330500 1258.6
1330510 1264.5
1330520 1269.7
1330530 1269.7
1330540 1274.8
1330550 1279.0
1330560 1279.0
1330570 1282.6
1330580 1284.7
1330590 1284.7
1330600 1283.0
1330610 1276.4
1330620 1276.4
1330630 1271.6
1330640 1269.9
1330650 1266.8
1330660 1266.8
1330670 1260.4
1330680 1246.9
1330690 1246.9
1330700 1223.0
1330710 1203.0
1330720 1203.0
1330730 1191.4
1330740 1176.7
1330750 1176.7
1330760 1159.7
1330770 1146.1
1330780 1146.1
1330790 1136.3
1330800 1126.4
1330810 1126.4
1330820 1122.5
1330830 1118.2
1330840 1131.9
1330850 1125.9
1330860 1119.6
1330870 1119.6
1330880 1112.5
1330890 1105.5
1330900 1105.5
1330910 1095.5
1330920 1085.5
1330930 1085.5
1330940 1075.1
1330950 1062.8
1330960 1062.8
1330970 1054.1
1330980 1052.3
1330990 1054.9
1331000 1054.9
1331010 1058.0
1331020 1061.5
1331030 1061.5
1331040 1056.4
1331050 1051.3
1331060 1051.3
1331070 1047.5
1331080 1038.4
1331090 1038.4
1331100 1033.5
1331110 1028.3
1331120 1028.3
1331130 1018.9
1331140 1008.0
1331150 1008.0
1331160 999.4
1331170 990.9
1331180 990.9
1331190 981.2
1331200 969.1
1331210 969.1
1331220 959.6
1331230 962.5
1331240 962.5
1331250 974.0
1331260 985.2
1331270 985.2
1331280 991.3
1331290 998.3
1331300 998.3
1331310 1005.9
1331320 1013.6
1331330 1013.6
1331340 1020.1
1331350 1025.9
1331360 1031.8
1331370 1031.8
1331380 1038.3
1331390 1045.8
1331400 1045.8
1331410 1054.0
1331420 1061.5
1331430 1061.5
1331440 1068.4
1331450 1076.2
1331460 1076.2
1331470 1084.3
1331480 1091.5
1331490 1091.5
1331500 1097.6
1331510 1105.4
1331520 1105.4
1331530 1114.8
1331540 1125.4
1331550 1125.4
1331560 1133.0
1331570 1139.5
1331580 1139.5
1331590 1144.6
1331600 1144.7
1331610 1144.7
1331620 1141.3
1331630 1160.3
1331640 1160.3
1331650 1184.7
1331660 1200.2
1331670 1200.2
1331680 1218.8
1331690 1226.8
1331700 1231.7
1331710 1231.7
1331720 1234.4
1331730 1238.2
1331740 1238.2
1331750 1248.1
1331760 1251.7
1331770 1251.7
1331780 1250.2
1331790 1251.3
1331800 1251.3
1331810 1259.4
1331820 1269.4
1331830 1269.4
1331840 1273.9
1331850 1272.4
1331860 1272.4
1331870 1277.4
1331880 1284.7
1331890 1284.7
1331900 1291.7
1331910 1297.1
1331920 1297.1
1331930 1307.7
1331940 1325.5
1331950 1325.5
1331960 1341.4
1331970 1349.6
1331980 1349.6
1331990 1356.3
1332000 1362.5
1332010 1362.5
1332020 1369.3
1332030 1376.8
1332040 1376.8
1332050 1385.1
1332060 1393.5
1332070 1402.1
1332080 1402.1
1332090 1410.3
1332100 1419.4
1332110 1419.4
1332120 1427.1
1332130 1435.5
1332140 1435.5
1332150 1442.5
1332160 1449.2
1332170 1449.2
1332180 1456.4
1332190 1463.3
1332200 1463.3
1332210 1469.6
1332220 1475.5
1332230 1475.5
1332240 1481.6
1332250 1487.9
1332260 1487.9
1332270 1494.4
1332280 1501.4
1332290 1501.4
1332300 1508.9
1332310 1516.1
1332320 1516.1
1332330 1522.4
1332340 1528.2
1332350 1528.2
1332360 1533.4
1332370 1536.9
1332380 1536.9
1332390 1540.4
1332400 1544.2
1332410 1548.0
1332420 1548.0
1332430 1551.8
1332440 1555.4
1332450 1555.4
1332460 1558.7
1332470 1562.3
1332480 1562.3
1332490 1566.0
1332500 1569.6
1332510 1563.8
1332520 1567.4
1332530 1570.8
1332540 1570.8
1332550 1573.9
1332560 1577.5
1332570 1577.5
1332580 1581.1
1332590 1583.2
1332600 1583.2
1332610 1585.4
1332620 1588.1
1332630 1588.1
1332640 1590.3
1332650 1591.7
1332660 1591.7
1332670 1593.1
1332680 1594.3
1332690 1594.3
1332700 1595.8
1332710 1597.5
1332720 1597.5
1332730 1599.2
1332740 1601.0
1332750 1601.0
1332760 1602.9
1332770 1604.8
1332780 1606.6
1332790 1606.6
1332800 1608.7
1332810 1610.6
1332820 1610.6
1332830 1612.3
1332840 1614.0
1332850 1614.0
1332860 1615.5
1332870 1616.5
1332880 1616.5
1332890 1617.1
1332900 1617.3
1332910 1617.3
1332920 1617.5
1332930 1617.7
1332940 1617.7
1332950 1617.7
1332960 1617.7
1332970 1617.7
1332980 1617.8
1332990 1616.9
1333000 1616.9
1333010 1615.4
1333020 1613.7
1333030 1613.7
1333040 1612.3
1333050 1611.1
1333060 1611.1
1333070 1609.9
1333080 1609.0
1333090 1609.0
1333100 1608.1
1333110 1606.7
1333120 1605.0
1333130 1605.0
1333140 1603.4
1333150 1602.3
1333160 1602.3
1333170 1601.9
1333180 1601.3
1333190 1601.3
1333200 1601.0
1333210 1600.5
1333220 1600.5
1333230 1599.9
1333240 1600.0
1333250 1600.0
1333260 1600.6
1333270 1601.4
1333280 1601.4
1333290 1602.2
1333300 1602.8
1333310 1602.8
1333320 1603.9
1333330 1605.6
1333340 1605.6
1333350 1607.0
1333360 1604.5
1333370 1604.5
1333380 1605.6
1333390 1606.5
1333400 1606.5
1333410 1606.8
1333420 1606.9
1333430 1606.9
1333440 1606.4
1333450 1605.9
1333460 1605.1
1333470 1605.1
1333480 1603.1
1333490 1599.6
1333500 1599.6
1333510 1595.9
1333520 1592.4
1333530 1592.4
1333540 1589.1
1333550 1586.0
1333560 1586.0
1333570 1582.6
1333580 1579.8
1333590 1579.8
1333600 1577.2
1333610 1575.0
1333620 1575.0
1333630 1573.5
1333640 1571.9
1333650 1571.9
1333660 1570.0
1333670 1568.6
1333680 1568.6
1333690 1566.7
1333700 1565.1
1333710 1565.1
1333720 1563.2
1333730 1560.9
1333740 1560.9
1333750 1558.8
1333760 1557.2
1333770 1557.2
1333780 1555.1
1333790 1553.7
1333800 1553.7
1333810 1552.4
1333820 1550.5
1333830 1549.3
1333840 1549.3
1333850 1548.0
1333860 1546.7
1333870 1546.7
1333880 1545.5
1333890 1543.9
1333900 1543.9
1333910 1541.6
1333920 1538.7
1333930 1538.7
1333940 1535.6
1333950 1532.0
1333960 1532.0
1333970 1528.4
1333980 1524.4
1333990 1524.4
1334000 1520.0
1334010 1515.8
1334020 1515.8
1334030 1511.3
1334040 1507.1
1334050 1507.1
1334060 1504.0
1334070 1501.5
1334080 1501.5
1334090 1499.3
1334100 1497.6
1334110 1497.6
1334120 1496.3
1334130 1494.8
1334140 1494.8
1334150 1491.3
1334160 1487.0
1334170 1483.1
1334180 1483.1
1334190 1479.5
1334200 1478.2
1334210 1479.5
1334220 1481.3
1334230 1484.2
1334240 1484.2
1334250 1487.5
1334260 1490.5
1334270 1490.5
1334280 1493.4
1334290 1497.0
1334300 1497.0
1334310 1500.0
1334320 1502.9
1334330 1502.9
1334340 1506.2
1334350 1509.8
1334360 1509.8
1334370 1514.0
1334380 1517.1
1334390 1517.1
1334400 1520.9
1334410 1524.3
1334420 1524.3
1334430 1528.6
1334440 1531.8
1334450 1531.8
1334460 1535.0
1334470 1537.4
1334480 1537.4
1334490 1539.4
1334500 1542.0
1334510 1542.0
1334520 1543.8
1334530 1545.4
1334540 1547.0
1334550 1547.0
1334560 1548.4
1334570 1549.5
1334580 1549.5
1334590 1550.4
1334600 1551.3
1334610 1551.3
1334620 1551.8
1334630 1552.8
1334640 1552.8
1334650 1554.3
1334660 1555.9
1334670 1555.9
1334680 1557.8
1334690 1559.1
1334700 1559.1
1334710 1560.0
1334720 1560.8
1334730 1560.8
1334740 1561.7
1334750 1562.7
1334760 1562.7
1334770 1564.2
1334780 1565.8
1334790 1565.8
1334800 1567.1
1334810 1567.5
1334820 1567.5
1334830 1566.4
1334840 1563.7
1334850 1563.7
1334860 1562.2
1334870 1561.0
1334880 1559.1
1334890 1559.1
1334900 1557.6
1334910 1556.0
1334920 1556.0
1334930 1555.5
1334940 1555.5
1334950 1555.5
1334960 1555.5
1334970 1555.7
1334980 1555.7
1334990 1556.1
1335000 1555.7
1335010 1555.7
1335020 1555.2
1335030 1554.4
1335040 1554.4
1335050 1553.9
1335060 1550.4
1335070 1550.4
1335080 1549.7
1335090 1548.1
1335100 1548.1
1335110 1545.4
1335120 1541.6
1335130 1541.6
1335140 1536.2
1335150 1529.1
1335160 1529.1
1335170 1519.4
1335180 1510.9
1335190 1510.9
1335200 1501.3
1335210 1490.7
1335220 1490.7
1335230 1483.0
1335240 1475.3
1335250 1467.2
1335260 1467.2
1335270 1459.2
1335280 1451.3
1335290 1451.3
1335300 1442.6
1335310 1433.9
1335320 1433.9
1335330 1426.6
1335340 1418.8
1335350 1418.8
1335360 1411.1
1335370 1404.2
1335380 1404.2
1335390 1397.7
1335400 1389.8
1335410 1389.8
1335420 1382.1
1335430 1375.0
1335440 1375.0
1335450 1368.0
1335460 1361.1
1335470 1361.1
1335480 1353.9
1335490 1346.8
1335500 1346.8
1335510 1338.7
1335520 1330.8
1335530 1330.8
1335540 1324.1
1335550 1316.9
1335560 1316.9
1335570 1309.5
1335580 1302.1
1335590 1295.1
1335600 1295.1
1335610 1288.2
1335620 1282.0
1335630 1282.0
1335640 1275.1
1335650 1267.9
1335660 1267.9
1335670 1262.0
1335680 1254.7
1335690 1254.7
1335700 1247.1
1335710 1239.8
1335720 1239.8
1335730 1230.4
1335740 1222.4
1335750 1222.4
1335760 1214.7
1335770 1206.3
1335780 1206.3
1335790 1197.5
1335800 1188.9
1335810 1188.9
1335820 1180.8
1335830 1173.3
1335840 1173.3
1335850 1166.6
1335860 1159.8
1335870 1159.8
1335880 1153.2
1335890 1146.7
1335900 1146.7
1335910 1139.9
1335920 1134.7
1335930 1134.7
1335940 1128.1
1335950 1122.2
1335960 1117.0
1335970 1117.0
1335980 1112.6
1335990 1107.9
1336000 1107.9
1336010 1103.0
1336020 1098.5
1336030 1098.5
1336040 1094.5
1336050 1090.3
1336060 1090.3
1336070 1086.7
1336080 1085.9
1336090 1085.9
1336100 1088.7
1336110 1092.8
1336120 1092.8
1336130 1096.2
1336140 1099.6
1336150 1099.6
1336160 1102.9
1336170 1106.6
1336180 1106.6
1336190 1110.2
1336200 1113.9
1336210 1113.9
1336220 1117.1
1336230 1120.9
1336240 1120.9
1336250 1124.2
1336260 1127.9
1336270 1127.9
1336280 1131.5
1336290 1134.4
1336300 1137.6
1336310 1137.6
1336320 1140.4
1336330 1142.8
1336340 1142.8
1336350 1145.5
1336360 1148.6
1336370 1148.6
1336380 1152.0
1336390 1155.3
1336400 1155.3
1336410 1158.5
1336420 1161.2
1336430 1161.2
1336440 1164.4
1336450 1167.8
1336460 1167.8
1336470 1170.9
1336480 1173.9
1336490 1173.9
1336500 1176.8
1336510 1179.4
1336520 1179.4
1336530 1181.6
1336540 1185.6
1336550 1185.6
1336560 1187.9
1336570 1190.0
1336580 1190.0
1336590 1192.2
1336600 1192.8
1336610 1192.8
1336620 1192.9
1336630 1193.9
1336640 1193.9
1336650 1194.1
1336660 1194.1
1336670 1194.5
1336680 1194.5
1336690 1194.3
1336700 1194.2
1336710 1194.2
1336720 1194.1
1336730 1193.5
1336740 1193.5
1336750 1192.7
1336760 1192.4
1336770 1192.4
1336780 1192.8
1336790 1188.9
1336800 1188.9
1336810 1189.5
1336820 1189.9
1336830 1189.9
1336840 1190.7
1336850 1191.3
1336860 1191.3
1336870 1191.9
1336880 1192.5
1336890 1192.5
1336900 1192.3
1336910 1191.3
1336920 1191.3
1336930 1190.5
1336940 1190.6
1336950 1190.6
1336960 1191.5
1336970 1192.7
1336980 1192.7
1336990 1193.7
1337000 1193.8
1337010 1193.9
1337020 1193.9
1337030 1193.5
1337040 1191.6
1337050 1191.6
1337060 1189.2
1337070 1186.9
1337080 1186.9
1337090 1184.9
1337100 1182.9
1337110 1182.9
1337120 1180.9
1337130 1180.1
1337140 1180.1
1337150 1180.4
1337160 1181.3
1337170 1181.3
1337180 1182.9
1337190 1185.5
1337200 1185.5
1337210 1188.6
1337220 1189.6
1337230 1189.6
1337240 1190.2
1337250 1191.8
1337260 1191.8
1337270 1192.4
1337280 1190.1
1337290 1190.1
1337300 1187.7
1337310 1186.8
1337320 1186.8
1337330 1187.3
1337340 1188.8
1337350 1188.8
1337360 1187.3
1337370 1184.6
1337380 1182.6
1337390 1182.6
1337400 1183.3
1337410 1186.4
1337420 1186.4
1337430 1192.2
1337440 1196.7
1337450 1196.7
1337460 1197.4
1337470 1197.8
1337480 1197.8
1337490 1199.0
1337500 1201.1
1337510 1201.1
1337520 1204.7
1337530 1207.1
1337540 1207.1
1337550 1208.5
1337560 1211.3
1337570 1211.3
1337580 1216.4
1337590 1222.8
1337600 1222.8
1337610 1229.0
1337620 1233.8
1337630 1233.8
1337640 1237.3
1337650 1240.3
1337660 1240.3
1337670 1243.8
1337680 1248.0
1337690 1248.0
1337700 1253.7
1337710 1260.1
1337720 1265.4
1337730 1265.4
1337740 1271.0
1337750 1276.7
1337760 1276.7
1337770 1282.5
1337780 1289.1
1337790 1289.1
1337800 1296.8
1337810 1302.5
1337820 1302.5
1337830 1307.6
1337840 1313.4
1337850 1313.4
1337860 1319.8
1337870 1324.0
1337880 1324.0
1337890 1325.7
1337900 1325.7
1337910 1325.7
1337920 1326.4
1337930 1326.1
1337940 1326.1
1337950 1326.4
1337960 1327.3
1337970 1327.3
1337980 1328.0
1337990 1328.6
1338000 1328.6
1338010 1329.1
1338020 1329.9
1338030 1329.9
1338040 1330.4
1338050 1330.8
1338060 1330.8
1338070 1331.4
1338080 1331.9
1338090 1333.2
1338100 1333.2
1338110 1336.1
1338120 1339.0
1338130 1339.0
1338140 1341.7
1338150 1343.8
1338160 1343.8
1338170 1344.9
1338180 1345.8
1338190 1345.8
1338200 1347.0
1338210 1349.1
1338220 1349.1
1338230 1351.0
1338240 1352.8
1338250 1352.8
1338260 1354.1
1338270 1356.0
1338280 1356.0
1338290 1358.2
1338300 1359.4
1338310 1359.4
1338320 1359.2
1338330 1359.9
1338340 1359.9
1338350 1360.4
1338360 1358.5
1338370 1358.5
1338380 1354.4
1338390 1350.6
1338400 1350.6
1338410 1347.4
1338420 1344.1
1338430 1338.3
1338440 1338.3
1338450 1332.0
1338460 1328.1
1338470 1328.1
1338480 1325.0
1338490 1320.3
1338500 1320.3
1338510 1313.8
1338520 1305.6
1338530 1304.4
1338540 1296.0
1338550 1289.2
1338560 1289.2
1338570 1283.5
1338580 1277.7
1338590 1277.7
1338600 1271.0
1338610 1264.3
1338620 1264.3
1338630 1258.3
1338640 1251.4
1338650 1251.4
1338660 1242.3
1338670 1234.3
1338680 1234.3
1338690 1227.5
1338700 1219.5
1338710 1219.5
1338720 1212.1
1338730 1203.0
1338740 1203.0
1338750 1196.1
1338760 1191.9
1338770 1191.9
1338780 1187.1
1338790 1184.7
1338800 1183.6
1338810 1183.6
1338820 1182.7
1338830 1180.0
1338840 1180.0
1338850 1172.2
1338860 1162.3
1338870 1162.3
1338880 1153.9
1338890 1155.4
1338900 1155.4
1338910 1159.1
1338920 1163.4
1338930 1163.4
1338940 1164.4
1338950 1163.0
1338960 1163.0
1338970 1159.0
1338980 1149.4
1338990 1149.4
1339000 1142.6
1339010 1135.7
1339020 1135.7
1339030 1125.4
1339040 1121.7
1339050 1121.7
1339060 1156.1
1339070 1169.8
1339080 1169.8
1339090 1181.6
1339100 1195.1
1339110 1195.1
1339120 1202.2
1339130 1205.4
1339140 1206.5
1339150 1206.5
1339160 1207.0
1339170 1205.4
1339180 1205.4
1339190 1204.5
1339200 1203.2
1339210 1203.2
1339220 1200.1
1339230 1198.7
1339240 1198.7
1339250 1198.1
1339260 1197.0
1339270 1197.0
1339280 1192.7
1339290 1177.5
1339300 1177.5
1339310 1158.6
1339320 1148.1
1339330 1148.1
1339340 1143.2
1339350 1135.6
1339360 1135.6
1339370 1127.6
1339380 1117.2
1339390 1117.2
1339400 1105.3
1339410 1091.2
1339420 1091.2
1339430 1083.3
1339440 1076.2
1339450 1076.2
1339460 1063.7
1339470 1039.9
1339480 1018.1
1339490 1018.1
1339500 1002.0
1339510 984.5
1339520 984.5
1339530 980.0
1339540 1017.1
1339550 1017.1
1339560 1041.6
1339570 1040.3
1339580 1040.3
1339590 1037.7
1339600 1034.7
1339610 1034.7
1339620 1032.1
1339630 1031.0
1339640 1031.0
1339650 1032.4
1339660 1036.3
1339670 1036.3
1339680 1036.0
1339690 1030.6
1339700 1030.6
1339710 1030.0
1339720 1027.2
1339730 1027.2
1339740 1027.5
1339750 1025.7
1339760 1025.7
1339770 1020.0
1339780 1016.0
1339790 1016.0
1339800 1011.9
1339810 1008.5
1339820 1008.5
1339830 1006.0
1339840 999.8
1339850 993.0
1339860 993.0
1339870 986.7
1339880 982.5
1339890 982.5
1339900 976.4
1339910 968.3
1339920 968.3
1339930 960.5
1339940 962.9
1339950 962.9
1339960 957.2
1339970 951.1
1339980 951.1
1339990 945.4
