1320000 1385.6
1320010 1382.8
1320020 1380.4
1320030 1380.4
1320040 1378.5
1320050 1378.2
1320060 1378.2
1320070 1376.0
1320080 1372.7
1320090 1372.7
1320100 1369.4
1320110 1366.2
1320120 1366.2
1320130 1363.6
1320140 1362.4
1320150 1361.2
1320160 1361.2
1320170 1360.0
1320180 1358.7
1320190 1358.7
1320200 1359.7
1320210 1362.3
1320220 1362.3
1320230 1364.6
1320240 1359.9
1320250 1359.9
1320260 1361.7
1320270 1362.6
1320280 1362.6
1320290 1363.7
1320300 1363.7
1320310 1363.7
1320320 1362.9
1320330 1362.8
1320340 1362.8
1320350 1363.9
1320360 1364.2
1320370 1364.2
1320380 1364.2
1320390 1366.7
1320400 1366.7
1320410 1369.3
1320420 1373.1
1320430 1373.1
1320440 1377.6
1320450 1380.7
1320460 1380.7
1320470 1382.6
1320480 1384.3
1320490 1384.3
1320500 1385.7
1320510 1387.1
1320520 1390.0
1320530 1390.0
1320540 1391.8
1320550 1392.5
1320560 1392.5
1320570 1391.7
1320580 1390.0
1320590 1390.0
1320600 1388.0
1320610 1388.0
1320620 1388.0
1320630 1388.5
1320640 1388.7
1320650 1388.7
1320660 1388.9
1320670 1388.8
1320680 1388.8
1320690 1388.3
1320700 1389.7
1320710 1389.7
1320720 1390.1
1320730 1391.8
1320740 1391.8
1320750 1394.2
1320760 1397.1
1320770 1397.1
1320780 1400.2
1320790 1402.7
1320800 1402.7
1320810 1403.2
1320820 1403.3
1320830 1403.3
1320840 1403.3
1320850 1405.7
1320860 1409.1
1320870 1409.1
1320880 1413.7
1320890 1419.8
1320900 1419.8
1320910 1424.5
1320920 1428.0
1320930 1428.0
1320940 1429.5
1320950 1427.9
1320960 1427.9
1320970 1423.2
1320980 1416.1
1320990 1416.1
1321000 1410.8
1321010 1406.1
1321020 1400.9
1321030 1394.7
1321040 1387.0
1321050 1387.0
1321060 1380.3
1321070 1374.7
1321080 1374.7
1321090 1370.9
1321100 1366.8
1321110 1366.8
1321120 1362.9
1321130 1359.0
1321140 1359.0
1321150 1355.6
1321160 1351.4
1321170 1351.4
1321180 1347.0
1321190 1342.3
1321200 1342.3
1321210 1339.1
1321220 1338.4
1321230 1337.6
1321240 1337.6
1321250 1335.8
1321260 1333.7
1321270 1333.7
1321280 1331.1
1321290 1327.7
1321300 1327.7
1321310 1326.0
1321320 1325.4
1321330 1325.4
1321340 1322.8
1321350 1320.3
1321360 1320.3
1321370 1317.6
1321380 1314.2
1321390 1314.2
1321400 1311.3
1321410 1308.7
1321420 1308.7
1321430 1305.3
1321440 1302.4
1321450 1302.4
1321460 1299.6
1321470 1297.5
1321480 1297.5
1321490 1296.0
1321500 1294.0
1321510 1294.0
1321520 1291.8
1321530 1290.6
1321540 1290.6
1321550 1290.6
1321560 1293.6
1321570 1298.0
1321580 1298.0
1321590 1302.3
1321600 1306.3
1321610 1306.3
1321620 1310.4
1321630 1314.3
1321640 1314.3
1321650 1318.8
1321660 1323.2
1321670 1323.2
1321680 1327.6
1321690 1332.1
1321700 1332.1
1321710 1336.3
1321720 1340.6
1321730 1340.6
1321740 1344.3
1321750 1347.5
1321760 1347.5
1321770 1350.5
1321780 1353.4
1321790 1353.4
1321800 1357.8
1321810 1363.1
1321820 1363.1
1321830 1369.6
1321840 1375.9
1321850 1375.9
1321860 1381.9
1321870 1388.2
1321880 1388.2
1321890 1394.2
1321900 1400.2
1321910 1400.2
1321920 1405.8
1321930 1410.9
1321940 1416.4
1321950 1416.4
1321960 1421.8
1321970 1427.0
1321980 1427.0
1321990 1431.5
1322000 1435.3
1322010 1435.3
1322020 1438.0
1322030 1438.8
1322040 1438.8
1322050 1438.7
1322060 1439.7
1322070 1439.7
1322080 1441.6
1322090 1443.4
1322100 1443.4
1322110 1445.9
1322120 1449.2
1322130 1449.2
1322140 1452.8
1322150 1456.3
1322160 1456.3
1322170 1458.9
1322180 1461.5
1322190 1461.5
1322200 1463.6
1322210 1465.4
1322220 1465.4
1322230 1468.3
1322240 1471.3
1322250 1471.3
1322260 1475.3
1322270 1480.4
1322280 1480.4
1322290 1486.2
1322300 1491.7
1322310 1496.6
1322320 1496.6
1322330 1502.9
1322340 1510.2
1322350 1510.2
1322360 1518.5
1322370 1530.0
1322380 1530.0
1322390 1536.9
1322400 1540.6
1322410 1540.6
1322420 1542.5
1322430 1540.7
1322440 1540.7
1322450 1540.8
1322460 1544.1
1322470 1544.1
1322480 1544.9
1322490 1543.7
1322500 1543.7
1322510 1541.8
1322520 1538.8
1322530 1538.8
1322540 1533.9
1322550 1530.5
1322560 1530.5
1322570 1528.9
1322580 1526.9
1322590 1521.4
1322600 1518.8
1322610 1516.0
1322620 1516.0
1322630 1513.8
1322640 1512.1
1322650 1510.3
1322660 1510.3
1322670 1508.6
1322680 1507.3
1322690 1507.3
1322700 1506.2
1322710 1504.6
1322720 1504.6
1322730 1502.3
1322740 1500.7
1322750 1500.7
1322760 1499.7
1322770 1497.7
1322780 1497.7
1322790 1495.4
1322800 1493.9
1322810 1493.9
1322820 1492.6
1322830 1491.5
1322840 1491.5
1322850 1491.4
1322860 1491.9
1322870 1491.9
1322880 1492.9
1322890 1494.7
1322900 1494.7
1322910 1497.0
1322920 1499.5
1322930 1499.5
1322940 1498.6
1322950 1496.2
1322960 1496.2
1322970 1493.7
1322980 1491.3
1322990 1491.3
1323000 1488.5
1323010 1485.2
1323020 1482.6
1323030 1482.6
1323040 1481.8
1323050 1480.5
1323060 1480.5
1323070 1478.7
1323080 1477.2
1323090 1477.2
1323100 1474.9
1323110 1472.8
1323120 1472.8
1323130 1470.9
1323140 1469.4
1323150 1469.4
1323160 1464.8
1323170 1458.8
1323180 1458.8
1323190 1453.0
1323200 1447.4
1323210 1447.4
1323220 1441.0
1323230 1432.2
1323240 1432.2
1323250 1421.4
1323260 1415.4
1323270 1415.4
1323280 1414.5
1323290 1411.6
1323300 1411.6
1323310 1407.2
1323320 1401.2
1323330 1401.2
1323340 1391.3
1323350 1380.6
1323360 1373.2
1323370 1373.2
1323380 1360.3
1323390 1357.1
1323400 1357.1
1323410 1355.8
1323420 1349.4
1323430 1349.4
1323440 1340.3
1323450 1331.9
1323460 1331.9
1323470 1324.2
1323480 1317.1
1323490 1317.1
1323500 1312.0
1323510 1305.3
1323520 1305.3
1323530 1298.3
1323540 1289.2
1323550 1289.2
1323560 1280.1
1323570 1278.6
1323580 1278.6
1323590 1281.3
1323600 1278.9
1323610 1278.9
1323620 1270.1
1323630 1257.6
1323640 1257.6
1323650 1247.5
1323660 1238.3
1323670 1238.3
1323680 1230.3
1323690 1221.1
1323700 1221.1
1323710 1210.8
1323720 1201.2
1323730 1191.0
1323740 1191.0
1323750 1182.6
1323760 1173.6
1323770 1173.6
1323780 1163.7
1323790 1154.9
1323800 1154.9
1323810 1149.4
1323820 1144.0
1323830 1144.0
1323840 1137.9
1323850 1131.8
1323860 1131.8
1323870 1124.4
1323880 1116.3
1323890 1116.3
1323900 1108.8
1323910 1102.0
1323920 1102.0
1323930 1095.7
1323940 1088.5
1323950 1088.5
1323960 1081.5
1323970 1073.9
1323980 1073.9
1323990 1066.8
1324000 1060.6
1324010 1060.6
1324020 1054.0
1324030 1049.6
1324040 1049.6
1324050 1045.6
1324060 1042.5
1324070 1039.1
1324080 1039.1
1324090 1036.1
1324100 1032.3
1324110 1032.3
1324120 1028.3
1324130 1025.5
1324140 1025.5
1324150 1024.1
1324160 1026.0
1324170 1026.0
1324180 1022.1
1324190 1023.3
1324200 1023.3
1324210 1022.7
1324220 1021.8
1324230 1021.8
1324240 1020.5
1324250 1018.4
1324260 1018.4
1324270 1018.0
1324280 1019.3
1324290 1019.3
1324300 1018.5
1324310 1016.2
1324320 1016.2
1324330 1013.4
1324340 1010.7
1324350 1010.7
1324360 1008.4
1324370 1006.5
1324380 1006.5
1324390 1004.6
1324400 1002.4
1324410 1002.4
1324420 999.8
1324430 996.7
1324440 994.1
1324450 994.1
1324460 990.8
1324470 986.9
1324480 986.9
1324490 983.0
1324500 978.1
1324510 978.1
1324520 973.3
1324530 969.2
1324540 969.2
1324550 965.3
1324560 961.6
1324570 961.6
1324580 957.9
1324590 954.4
1324600 954.4
1324610 950.7
1324620 946.9
1324630 946.9
1324640 941.9
1324650 936.3
1324660 936.3
1324670 932.3
1324680 924.5
1324690 924.5
1324700 917.0
1324710 910.9
1324720 910.9
1324730 905.0
1324740 897.3
1324750 897.3
1324760 889.5
1324770 881.8
1324780 874.2
1324790 874.2
1324800 868.5
1324810 863.4
1324820 863.4
1324830 859.0
1324840 855.3
1324850 855.3
1324860 853.0
1324870 851.5
1324880 851.5
1324890 850.2
1324900 847.7
1324910 847.7
1324920 844.4
1324930 841.6
1324940 841.6
1324950 838.9
1324960 836.7
1324970 836.7
1324980 830.6
1324990 827.4
1325000 827.4
1325010 823.9
1325020 819.6
1325030 819.6
1325040 815.5
1325050 811.9
1325060 811.9
1325070 809.2
1325080 807.5
1325090 807.5
1325100 805.5
1325110 803.4
1325120 803.4
1325130 801.7
1325140 800.6
1325150 800.6
1325160 800.6
1325170 801.0
1325180 800.4
1325190 800.4
1325200 799.0
1325210 798.1
1325220 798.1
1325230 795.5
1325240 789.4
1325250 789.4
1325260 782.7
1325270 777.0
1325280 777.0
1325290 771.4
1325300 765.8
1325310 765.8
1325320 760.0
1325330 753.4
1325340 753.4
1325350 748.8
1325360 750.4
1325370 750.4
1325380 746.9
1325390 741.6
1325400 741.6
1325410 742.4
1325420 743.6
1325430 743.6
1325440 740.5
1325450 735.5
1325460 735.5
1325470 730.5
1325480 726.7
1325490 724.2
1325500 724.2
1325510 722.0
1325520 718.3
1325530 718.3
1325540 715.5
1325550 712.8
1325560 712.8
1325570 710.4
1325580 706.8
1325590 706.8
1325600 704.8
1325610 703.2
1325620 703.2
1325630 701.5
1325640 700.2
1325650 700.2
1325660 698.8
1325670 697.1
1325680 697.1
1325690 696.2
1325700 696.3
1325710 696.3
1325720 696.4
1325730 696.1
1325740 696.1
1325750 695.8
1325760 695.6
1325770 695.6
1325780 694.5
1325790 694.9
1325800 694.9
1325810 695.0
1325820 695.0
1325830 695.0
1325840 694.9
1325850 694.9
1325860 695.4
1325870 695.4
1325880 695.5
1325890 695.6
1325900 695.6
1325910 695.5
1325920 695.3
1325930 695.3
1325940 695.4
1325950 695.5
1325960 695.5
1325970 696.0
1325980 696.1
1325990 696.1
1326000 696.2
1326010 696.2
1326020 696.2
1326030 696.3
1326040 696.6
1326050 696.6
1326060 696.4
1326070 696.3
1326080 696.3
1326090 696.5
1326100 696.7
1326110 696.7
1326120 696.8
1326130 696.9
1326140 696.9
1326150 697.0
1326160 696.8
1326170 696.8
1326180 697.1
1326190 697.2
1326200 697.2
1326210 697.2
1326220 697.2
1326230 697.2
1326240 697.2
1326250 697.3
1326260 697.3
1326270 697.3
1326280 697.4
1326290 697.7
1326300 697.7
1326310 700.3
1326320 704.5
1326330 704.5
1326340 706.5
1326350 706.7
1326360 706.7
1326370 706.5
1326380 705.8
1326390 705.8
1326400 704.5
1326410 700.1
1326420 700.1
1326430 698.5
1326440 698.9
1326450 698.9
1326460 699.0
1326470 699.2
1326480 699.2
1326490 699.3
1326500 699.5
1326510 699.5
1326520 699.3
1326530 697.4
1326540 697.4
1326550 696.9
1326560 697.2
1326570 699.5
1326580 699.5
1326590 699.7
1326600 699.8
1326610 699.8
1326620 699.8
1326630 699.7
1326640 699.7
1326650 699.9
1326660 700.0
1326670 700.0
1326680 700.5
1326690 701.8
1326700 701.8
1326710 702.8
1326720 703.3
1326730 703.3
1326740 703.4
1326750 703.6
1326760 703.6
1326770 703.8
1326780 704.0
1326790 704.0
1326800 704.4
1326810 704.8
1326820 704.8
1326830 705.2
1326840 705.5
1326850 705.5
1326860 705.6
1326870 706.3
1326880 706.3
1326890 707.7
1326900 708.8
1326910 708.8
1326920 711.5
1326930 712.5
1326940 712.1
1326950 712.1
1326960 712.7
1326970 712.3
1326980 712.3
1326990 710.7
1327000 710.1
1327010 710.1
1327020 710.0
1327030 710.1
1327040 710.1
1327050 710.3
1327060 710.6
1327070 710.6
1327080 710.9
1327090 711.2
1327100 711.2
1327110 711.6
1327120 711.9
1327130 711.9
1327140 711.9
1327150 711.0
1327160 711.0
1327170 712.3
1327180 713.0
1327190 713.0
1327200 713.4
1327210 713.8
1327220 713.8
1327230 714.0
1327240 714.3
1327250 714.3
1327260 714.7
1327270 714.5
1327280 714.6
1327290 714.6
1327300 714.8
1327310 715.0
1327320 715.0
1327330 715.3
1327340 715.6
1327350 715.6
1327360 715.9
1327370 716.4
1327380 716.4
1327390 717.4
1327400 719.9
1327410 719.9
1327420 723.1
1327430 726.2
1327440 726.2
1327450 727.2
1327460 727.9
1327470 727.9
1327480 727.2
1327490 726.4
1327500 726.4
1327510 725.3
1327520 724.6
1327530 724.6
1327540 723.3
1327550 722.0
1327560 722.0
1327570 721.5
1327580 721.4
1327590 721.4
1327600 721.6
1327610 722.0
1327620 722.0
1327630 722.2
1327640 722.5
1327650 722.8
1327660 722.8
1327670 723.3
1327680 723.6
1327690 723.6
1327700 724.0
1327710 724.4
1327720 724.4
1327730 725.2
1327740 725.5
1327750 725.5
1327760 725.8
1327770 726.0
1327780 726.0
1327790 726.2
1327800 726.5
1327810 726.5
1327820 726.9
1327830 727.3
1327840 727.3
1327850 727.7
1327860 728.1
1327870 728.1
1327880 728.5
1327890 729.0
1327900 729.0
1327910 729.4
1327920 729.8
1327930 729.8
1327940 730.2
1327950 730.7
1327960 730.7
1327970 731.1
1327980 731.3
1327990 731.5
1328000 731.5
1328010 731.9
1328020 732.3
1328030 732.3
1328040 732.5
1328050 732.6
1328060 732.6
1328070 732.9
1328080 733.0
1328090 733.0
1328100 733.4
1328110 734.0
1328120 734.0
1328130 734.4
1328140 734.6
1328150 734.6
1328160 734.9
1328170 735.2
1328180 735.2
1328190 735.3
1328200 734.8
1328210 734.8
1328220 735.4
1328230 735.5
1328240 735.5
1328250 736.1
1328260 737.2
1328270 737.2
1328280 738.5
1328290 739.1
1328300 739.1
1328310 739.4
1328320 739.8
1328330 739.8
1328340 739.9
1328350 740.1
1328360 740.7
1328370 740.7
1328380 741.2
1328390 741.7
1328400 741.7
1328410 742.3
1328420 742.5
1328430 742.5
1328440 742.9
1328450 743.5
1328460 743.5
1328470 744.3
1328480 745.3
1328490 745.3
1328500 745.8
1328510 745.8
1328520 745.8
1328530 745.7
1328540 746.0
1328550 746.0
1328560 747.0
1328570 748.9
1328580 748.9
1328590 749.2
1328600 749.4
1328610 749.4
1328620 749.6
1328630 750.2
1328640 750.2
1328650 751.3
1328660 750.1
1328670 750.1
1328680 749.5
1328690 749.6
1328700 750.4
1328710 750.4
1328720 751.3
1328730 751.9
1328740 751.9
1328750 752.4
1328760 753.0
1328770 753.0
1328780 754.3
1328790 756.8
1328800 756.8
1328810 760.6
1328820 763.3
1328830 763.3
1328840 764.9
1328850 766.3
1328860 766.3
1328870 767.6
1328880 768.5
1328890 768.5
1328900 768.3
1328910 767.8
1328920 767.8
1328930 767.7
1328940 768.9
1328950 768.9
1328960 769.6
1328970 770.8
1328980 770.8
1328990 772.5
1329000 774.6
1329010 774.6
1329020 777.6
1329030 780.5
1329040 786.3
1329050 788.4
1329060 788.8
1329070 789.8
1329080 789.8
1329090 791.2
1329100 792.3
1329110 792.3
1329120 793.7
1329130 795.1
1329140 795.1
1329150 796.0
1329160 796.6
1329170 796.6
1329180 797.9
1329190 800.5
1329200 800.5
1329210 804.1
1329220 808.1
1329230 808.1
1329240 813.0
1329250 818.5
1329260 818.5
1329270 823.9
1329280 828.2
1329290 828.2
1329300 831.8
1329310 834.9
1329320 834.9
1329330 838.2
1329340 841.6
1329350 841.6
1329360 844.9
1329370 847.7
1329380 847.7
1329390 850.7
1329400 854.7
1329410 857.3
1329420 857.3
1329430 859.5
1329440 860.9
1329450 860.9
1329460 860.4
1329470 859.4
1329480 859.4
1329490 859.0
1329500 858.8
1329510 858.8
1329520 857.5
1329530 855.0
1329540 855.0
1329550 851.1
1329560 847.7
1329570 847.7
1329580 846.1
1329590 847.1
1329600 847.1
1329610 847.9
1329620 846.5
1329630 846.5
1329640 845.6
1329650 843.6
1329660 843.6
1329670 846.6
1329680 847.3
1329690 847.3
1329700 847.3
1329710 847.0
1329720 847.0
1329730 845.1
1329740 843.1
1329750 843.1
1329760 841.3
1329770 841.0
1329780 842.0
1329790 842.0
1329800 842.6
1329810 843.6
1329820 843.6
1329830 844.2
1329840 844.2
1329850 844.2
1329860 844.2
1329870 850.1
1329880 850.1
1329890 850.4
1329900 850.1
1329910 850.1
1329920 846.3
1329930 844.3
1329940 844.3
1329950 847.0
1329960 849.9
1329970 849.9
1329980 851.2
1329990 851.0
1330000 851.0
1330010 849.6
1330020 849.8
1330030 849.8
1330040 850.7
1330050 853.4
1330060 853.4
1330070 855.9
1330080 857.3
1330090 857.3
1330100 857.4
1330110 856.9
1330120 856.4
1330130 856.4
1330140 854.7
1330150 853.0
1330160 853.0
1330170 850.8
1330180 848.8
1330190 848.8
1330200 847.3
1330210 846.6
1330220 846.6
1330230 845.7
1330240 843.9
1330250 843.9
1330260 842.3
1330270 840.4
1330280 840.4
1330290 839.1
1330300 838.8
1330310 838.8
1330320 838.2
1330330 836.9
1330340 836.9
1330350 835.5
1330360 834.2
1330370 834.2
1330380 832.2
1330390 831.2
1330400 831.2
1330410 830.6
1330420 831.2
1330430 831.2
1330440 832.6
1330450 834.3
1330460 834.3
1330470 835.1
1330480 836.1
1330490 838.3
1330500 838.3
1330510 840.1
1330520 842.0
1330530 842.0
1330540 843.5
1330550 844.4
1330560 844.4
1330570 846.2
1330580 847.0
1330590 847.0
1330600 846.8
1330610 844.6
1330620 844.6
1330630 840.4
1330640 838.4
1330650 838.4
1330660 838.3
1330670 838.6
1330680 838.6
1330690 838.6
1330700 840.2
1330710 840.2
1330720 840.8
1330730 841.5
1330740 841.5
1330750 842.4
1330760 843.0
1330770 843.0
1330780 844.3
1330790 845.7
1330800 845.7
1330810 847.9
1330820 851.2
1330830 854.0
1330840 854.0
1330850 852.3
1330860 853.2
1330870 853.2
1330880 860.5
1330890 870.2
1330900 870.2
1330910 880.1
1330920 886.9
1330930 886.9
1330940 891.4
1330950 897.2
1330960 897.2
1330970 903.1
1330980 908.6
1330990 908.6
1331000 914.8
1331010 921.1
1331020 921.1
1331030 926.8
1331040 933.1
1331050 933.1
1331060 940.3
1331070 948.4
1331080 948.4
1331090 956.3
1331100 962.4
1331110 962.4
1331120 968.2
1331130 975.7
1331140 975.7
1331150 984.3
1331160 994.5
1331170 994.5
1331180 1006.2
1331190 1015.6
1331200 1027.7
1331210 1027.7
1331220 1038.0
1331230 1044.9
1331240 1044.9
1331250 1051.5
1331260 1057.6
1331270 1057.6
1331280 1062.7
1331290 1065.7
1331300 1065.7
1331310 1068.7
1331320 1072.0
1331330 1072.0
1331340 1074.7
1331350 1077.1
1331360 1077.1
1331370 1079.6
1331380 1082.8
1331390 1082.8
1331400 1086.2
1331410 1089.4
1331420 1089.4
1331430 1093.0
1331440 1095.5
1331450 1095.5
1331460 1096.0
1331470 1096.5
1331480 1096.5
1331490 1097.2
1331500 1098.8
1331510 1098.8
1331520 1100.3
1331530 1108.3
1331540 1107.7
1331550 1107.7
1331560 1108.9
1331570 1113.0
1331580 1113.0
1331590 1121.0
1331600 1125.8
1331610 1125.8
1331620 1130.3
1331630 1133.8
1331640 1133.8
1331650 1136.1
1331660 1138.7
1331670 1138.7
1331680 1138.6
1331690 1137.4
1331700 1137.4
1331710 1135.6
1331720 1134.7
1331730 1134.7
1331740 1133.1
1331750 1130.7
1331760 1130.7
1331770 1129.1
1331780 1126.7
1331790 1126.7
1331800 1127.2
1331810 1130.7
1331820 1130.7
1331830 1140.8
1331840 1149.7
1331850 1149.7
1331860 1159.6
1331870 1169.6
1331880 1169.6
1331890 1181.5
1331900 1192.3
1331910 1200.7
1331920 1200.7
1331930 1207.7
1331940 1217.1
1331950 1217.1
1331960 1228.5
1331970 1235.3
1331980 1235.3
1331990 1242.5
1332000 1250.7
1332010 1250.7
1332020 1260.5
1332030 1269.2
1332040 1269.2
1332050 1278.4
1332060 1285.9
1332070 1285.9
1332080 1294.4
1332090 1305.8
1332100 1305.8
1332110 1314.5
1332120 1321.2
1332130 1321.2
1332140 1329.1
1332150 1335.4
1332160 1335.4
1332170 1341.9
1332180 1347.9
1332190 1347.9
1332200 1354.2
1332210 1361.2
1332220 1361.2
1332230 1368.3
1332240 1375.1
1332250 1381.4
1332260 1381.4
1332270 1387.6
1332280 1394.7
1332290 1394.7
1332300 1401.4
1332310 1407.9
1332320 1407.9
1332330 1414.8
1332340 1423.7
1332350 1423.7
1332360 1432.5
1332370 1437.7
1332380 1437.7
1332390 1446.5
1332400 1455.2
1332410 1455.2
1332420 1459.2
1332430 1456.4
1332440 1456.4
1332450 1452.8
1332460 1451.2
1332470 1451.2
1332480 1449.7
1332490 1450.3
1332500 1450.3
1332510 1452.9
1332520 1455.6
1332530 1455.6
1332540 1457.4
1332550 1458.9
1332560 1458.9
1332570 1459.5
1332580 1458.3
1332590 1458.3
1332600 1457.7
1332610 1457.7
1332620 1458.6
1332630 1458.6
1332640 1458.6
1332650 1455.3
1332660 1455.3
1332670 1452.0
1332680 1448.2
1332690 1448.2
1332700 1446.9
1332710 1445.0
1332720 1445.0
1332730 1445.5
1332740 1448.9
1332750 1448.9
1332760 1450.0
1332770 1449.6
1332780 1449.6
1332790 1452.9
1332800 1457.7
1332810 1457.7
1332820 1462.4
1332830 1467.6
1332840 1467.6
1332850 1472.4
1332860 1477.6
1332870 1477.6
1332880 1482.1
1332890 1483.0
1332900 1483.0
1332910 1479.6
1332920 1474.1
1332930 1474.1
1332940 1467.9
1332950 1461.2
1332960 1453.7
1332970 1453.7
1332980 1446.2
1332990 1442.8
1333000 1442.8
1333010 1443.9
1333020 1446.0
1333030 1446.0
1333040 1444.8
1333050 1443.2
1333060 1443.2
1333070 1440.5
1333080 1437.3
1333090 1437.3
1333100 1434.3
1333110 1431.9
1333120 1431.9
1333130 1430.6
1333140 1430.8
1333150 1430.8
1333160 1430.4
1333170 1429.9
1333180 1429.9
1333190 1429.3
1333200 1426.8
1333210 1426.8
1333220 1432.8
1333230 1435.8
1333240 1435.8
1333250 1439.0
1333260 1442.5
1333270 1442.5
1333280 1445.8
1333290 1447.7
1333300 1447.7
1333310 1447.1
1333320 1446.0
1333330 1449.3
1333340 1449.3
1333350 1454.5
1333360 1460.6
1333370 1460.6
1333380 1466.8
1333390 1473.8
1333400 1473.8
1333410 1481.7
1333420 1488.9
1333430 1488.9
1333440 1495.5
1333450 1502.5
1333460 1502.5
1333470 1509.4
1333480 1516.4
1333490 1516.4
1333500 1522.5
1333510 1525.2
1333520 1525.2
1333530 1525.5
1333540 1526.3
1333550 1526.3
1333560 1527.9
1333570 1529.8
1333580 1529.8
1333590 1532.1
1333600 1532.4
1333610 1532.4
1333620 1531.7
1333630 1529.9
1333640 1529.9
1333650 1527.5
1333660 1525.0
1333670 1525.0
1333680 1519.7
1333690 1513.0
1333700 1505.9
1333710 1505.9
1333720 1499.4
1333730 1493.0
1333740 1493.0
1333750 1486.9
1333760 1480.7
1333770 1480.7
1333780 1474.7
1333790 1468.7
1333800 1468.7
1333810 1462.5
1333820 1457.3
1333830 1457.3
1333840 1454.6
1333850 1453.8
1333860 1453.8
1333870 1453.4
1333880 1452.3
1333890 1452.3
1333900 1450.6
1333910 1448.5
1333920 1448.5
1333930 1446.0
1333940 1443.6
1333950 1443.6
1333960 1441.1
1333970 1438.2
1333980 1438.2
1333990 1434.3
1334000 1431.5
1334010 1431.5
1334020 1428.5
1334030 1425.0
1334040 1421.2
1334050 1421.2
1334060 1418.5
1334070 1421.4
1334080 1421.4
1334090 1419.3
1334100 1417.0
1334110 1417.0
1334120 1414.2
1334130 1411.1
1334140 1411.1
1334150 1407.6
1334160 1404.0
1334170 1404.0
1334180 1400.9
1334190 1397.2
1334200 1397.2
1334210 1394.2
1334220 1391.9
1334230 1391.9
1334240 1389.3
1334250 1385.7
1334260 1385.7
1334270 1385.8
1334280 1390.1
1334290 1390.1
1334300 1395.1
1334310 1400.0
1334320 1400.0
1334330 1405.4
1334340 1410.9
1334350 1410.9
1334360 1416.6
1334370 1422.1
1334380 1422.1
1334390 1427.5
1334400 1432.8
1334410 1438.2
1334420 1438.2
1334430 1443.7
1334440 1449.3
1334450 1449.3
1334460 1454.2
1334470 1458.7
1334480 1458.7
1334490 1462.6
1334500 1465.8
1334510 1465.8
1334520 1468.5
1334530 1470.6
1334540 1470.6
1334550 1472.2
1334560 1473.7
1334570 1473.7
1334580 1474.6
1334590 1474.4
1334600 1474.4
1334610 1470.9
1334620 1463.6
1334630 1463.6
1334640 1457.5
1334650 1453.5
1334660 1453.5
1334670 1449.6
1334680 1444.1
1334690 1444.1
1334700 1438.3
1334710 1432.4
1334720 1432.4
1334730 1424.3
1334740 1417.2
1334750 1411.0
1334760 1411.0
1334770 1406.0
1334780 1401.0
1334790 1401.0
1334800 1397.0
1334810 1393.0
1334820 1393.0
1334830 1389.4
1334840 1386.3
1334850 1386.3
1334860 1383.1
1334870 1380.2
1334880 1380.2
1334890 1377.4
1334900 1373.5
1334910 1373.5
1334920 1373.1
1334930 1369.4
1334940 1369.4
1334950 1367.4
1334960 1364.8
1334970 1364.8
1334980 1363.8
1334990 1362.1
1335000 1362.1
1335010 1359.3
1335020 1355.9
1335030 1355.9
1335040 1350.3
1335050 1344.2
1335060 1344.2
1335070 1337.9
1335080 1333.4
1335090 1333.4
1335100 1333.5
1335110 1335.9
1335120 1334.5
1335130 1334.5
1335140 1332.1
1335150 1328.8
1335160 1328.8
1335170 1324.6
1335180 1321.3
1335190 1321.3
1335200 1318.0
1335210 1315.5
1335220 1315.5
1335230 1313.9
1335240 1314.1
1335250 1314.1
1335260 1313.7
1335270 1311.7
1335280 1311.7
1335290 1308.5
1335300 1306.9
1335310 1306.9
1335320 1304.8
1335330 1298.5
1335340 1298.5
1335350 1290.4
1335360 1281.5
1335370 1281.5
1335380 1272.5
1335390 1264.1
1335400 1264.1
1335410 1255.5
1335420 1248.8
1335430 1248.8
1335440 1243.7
1335450 1237.5
1335460 1229.9
1335470 1229.9
1335480 1223.0
1335490 1216.9
1335500 1216.9
1335510 1209.1
1335520 1200.6
1335530 1200.6
1335540 1193.0
1335550 1185.9
1335560 1185.9
1335570 1177.6
1335580 1169.4
1335590 1169.4
1335600 1161.5
1335610 1155.2
1335620 1155.2
1335630 1150.0
1335640 1144.4
1335650 1144.4
1335660 1139.2
1335670 1132.2
1335680 1132.2
1335690 1124.5
1335700 1115.7
1335710 1115.7
1335720 1107.0
1335730 1098.7
1335740 1098.7
1335750 1090.4
1335760 1083.6
1335770 1083.6
1335780 1082.0
1335790 1076.0
1335800 1076.0
1335810 1070.6
1335820 1064.9
1335830 1059.9
1335840 1059.9
1335850 1055.4
1335860 1050.9
1335870 1050.9
1335880 1046.6
1335890 1042.8
1335900 1042.8
1335910 1039.7
1335920 1035.7
1335930 1035.7
1335940 1031.1
1335950 1026.3
1335960 1026.3
1335970 1022.6
1335980 1021.5
1335990 1021.5
1336000 1021.3
1336010 1023.4
1336020 1023.4
1336030 1028.6
1336040 1033.6
1336050 1033.6
1336060 1038.8
1336070 1044.1
1336080 1044.1
1336090 1048.9
1336100 1053.6
1336110 1053.6
1336120 1058.4
1336130 1063.4
1336140 1063.4
1336150 1068.7
1336160 1074.5
1336170 1080.1
1336180 1080.1
1336190 1085.7
1336200 1091.1
1336210 1091.1
1336220 1096.6
1336230 1101.6
1336240 1101.6
1336250 1106.6
1336260 1112.8
1336270 1112.8
1336280 1119.6
1336290 1126.6
1336300 1126.6
1336310 1133.6
1336320 1140.4
1336330 1140.4
1336340 1147.1
1336350 1153.6
1336360 1153.6
1336370 1161.1
1336380 1170.0
1336390 1170.0
1336400 1180.0
1336410 1188.8
1336420 1188.8
1336430 1200.1
1336440 1210.0
1336450 1210.0
1336460 1217.0
1336470 1223.6
1336480 1223.6
1336490 1230.6
1336500 1238.5
1336510 1238.5
1336520 1247.2
1336530 1255.6
1336540 1266.2
1336550 1266.2
1336560 1276.0
1336570 1286.5
1336580 1286.5
1336590 1296.6
1336600 1306.6
1336610 1306.6
1336620 1314.6
1336630 1320.8
1336640 1309.6
1336650 1313.4
1336660 1316.7
1336670 1316.7
1336680 1320.1
1336690 1324.3
1336700 1324.3
1336710 1329.6
1336720 1336.0
1336730 1336.0
1336740 1343.5
1336750 1350.5
1336760 1350.5
1336770 1357.4
1336780 1365.0
1336790 1365.0
1336800 1372.2
1336810 1379.2
1336820 1379.2
1336830 1386.3
1336840 1393.5
1336850 1393.5
1336860 1400.7
1336870 1408.2
1336880 1415.3
1336890 1415.3
1336900 1422.6
1336910 1430.8
1336920 1430.8
1336930 1439.0
1336940 1445.4
1336950 1445.4
1336960 1451.0
1336970 1456.9
1336980 1456.9
1336990 1464.3
1337000 1468.6
1337010 1468.6
1337020 1472.7
1337030 1479.1
1337040 1479.1
1337050 1484.6
1337060 1485.4
1337070 1485.4
1337080 1486.4
1337090 1487.5
1337100 1487.5
1337110 1489.3
1337120 1491.3
1337130 1491.3
1337140 1496.7
1337150 1498.3
1337160 1498.3
1337170 1497.2
1337180 1492.2
1337190 1492.2
1337200 1482.1
1337210 1468.6
1337220 1468.6
1337230 1457.9
1337240 1447.9
1337250 1438.9
1337260 1438.9
1337270 1431.8
1337280 1425.1
1337290 1425.1
1337300 1417.5
1337310 1408.8
1337320 1408.8
1337330 1400.7
1337340 1393.6
1337350 1393.6
1337360 1386.0
1337370 1378.8
1337380 1378.8
1337390 1371.5
1337400 1363.1
1337410 1363.1
1337420 1355.4
1337430 1348.7
1337440 1348.7
1337450 1342.2
1337460 1334.7
1337470 1334.7
1337480 1328.4
1337490 1323.0
1337500 1323.0
1337510 1316.3
1337520 1311.8
1337530 1311.8
1337540 1307.8
1337550 1304.0
1337560 1304.0
1337570 1299.7
1337580 1301.2
1337590 1305.2
1337600 1305.2
1337610 1309.2
1337620 1313.3
1337630 1313.3
1337640 1318.7
1337650 1324.1
1337660 1324.1
1337670 1329.4
1337680 1334.6
1337690 1334.6
1337700 1339.4
1337710 1343.8
1337720 1343.8
1337730 1348.3
1337740 1352.1
1337750 1352.1
1337760 1355.8
1337770 1358.8
1337780 1358.8
1337790 1361.6
1337800 1364.9
1337810 1364.9
1337820 1368.3
1337830 1371.2
1337840 1371.2
1337850 1372.9
1337860 1372.9
1337870 1372.9
1337880 1372.5
1337890 1372.9
1337900 1372.9
1337910 1373.2
1337920 1370.7
1337930 1370.7
1337940 1369.2
1337950 1370.3
1337960 1371.8
1337970 1371.8
1337980 1372.9
1337990 1374.4
1338000 1374.4
1338010 1377.8
1338020 1380.0
1338030 1380.0
1338040 1380.9
1338050 1384.5
1338060 1384.5
1338070 1389.6
1338080 1392.5
1338090 1392.5
1338100 1395.2
1338110 1398.9
1338120 1398.9
1338130 1400.9
1338140 1400.9
1338150 1400.9
1338160 1401.9
1338170 1404.2
1338180 1404.2
1338190 1406.6
1338200 1408.9
1338210 1408.9
1338220 1411.3
1338230 1413.6
1338240 1413.6
1338250 1416.0
1338260 1418.2
1338270 1418.2
1338280 1420.3
1338290 1420.7
1338300 1420.7
1338310 1420.1
1338320 1420.4
1338330 1423.0
1338340 1423.0
1338350 1425.9
1338360 1426.9
1338370 1426.9
1338380 1426.9
1338390 1427.2
1338400 1427.2
1338410 1427.3
1338420 1426.9
1338430 1426.9
1338440 1426.6
1338450 1426.0
1338460 1426.0
1338470 1426.0
1338480 1426.7
1338490 1426.7
1338500 1427.2
1338510 1427.4
1338520 1427.4
1338530 1426.9
1338540 1425.9
1338550 1425.9
1338560 1424.4
1338570 1422.4
1338580 1422.4
1338590 1420.0
1338600 1417.8
1338610 1417.8
1338620 1415.8
1338630 1413.0
1338640 1413.0
1338650 1409.6
1338660 1406.2
1338670 1403.3
1338680 1403.3
1338690 1399.8
1338700 1395.4
1338710 1395.4
1338720 1390.3
1338730 1385.5
1338740 1385.5
1338750 1381.5
1338760 1377.6
1338770 1377.6
1338780 1374.9
1338790 1374.8
1338800 1374.8
1338810 1376.5
1338820 1378.9
1338830 1378.9
1338840 1380.7
1338850 1383.6
1338860 1383.6
1338870 1385.6
1338880 1386.7
1338890 1386.7
1338900 1387.7
1338910 1388.5
1338920 1388.5
1338930 1389.5
1338940 1391.5
1338950 1391.5
1338960 1392.7
1338970 1392.6
1338980 1392.6
1338990 1391.7
1339000 1390.8
1339010 1390.8
1339020 1389.9
1339030 1387.9
1339040 1387.5
1339050 1387.5
1339060 1387.1
1339070 1386.7
1339080 1386.7
1339090 1387.0
1339100 1387.8
1339110 1387.8
1339120 1389.2
1339130 1390.4
1339140 1390.4
1339150 1391.5
1339160 1392.3
1339170 1392.3
1339180 1392.1
1339190 1394.6
1339200 1394.6
1339210 1396.5
1339220 1397.8
1339230 1397.8
1339240 1401.2
1339250 1405.9
1339260 1401.2
1339270 1405.0
1339280 1408.8
1339290 1408.8
1339300 1412.8
1339310 1415.7
1339320 1415.7
1339330 1419.8
1339340 1421.6
1339350 1421.6
1339360 1424.1
1339370 1429.6
1339380 1435.7
1339390 1435.7
1339400 1440.3
1339410 1443.5
1339420 1443.5
1339430 1446.5
1339440 1449.9
1339450 1449.9
1339460 1453.1
1339470 1455.1
1339480 1455.1
1339490 1457.3
1339500 1459.2
1339510 1459.2
1339520 1461.0
1339530 1462.4
1339540 1462.4
1339550 1463.6
1339560 1464.9
1339570 1464.9
1339580 1466.0
1339590 1466.4
1339600 1466.4
1339610 1466.9
1339620 1467.8
1339630 1467.8
1339640 1468.0
1339650 1467.5
1339660 1467.5
1339670 1468.4
1339680 1470.5
1339690 1470.5
1339700 1472.4
1339710 1474.4
1339720 1474.4
1339730 1476.7
1339740 1479.2
1339750 1480.2
1339760 1480.2
1339770 1477.8
1339780 1475.5
1339790 1475.5
1339800 1466.5
1339810 1466.5
1339820 1466.5
1339830 1471.9
1339840 1471.0
1339850 1471.0
1339860 1468.4
1339870 1462.6
1339880 1462.6
1339890 1454.8
1339900 1446.1
1339910 1446.1
1339920 1438.0
1339930 1429.4
1339940 1429.4
1339950 1421.6
1339960 1413.0
1339970 1413.0
1339980 1405.5
1339990 1396.7
