1320000 1561.7
1320010 1561.7
1320020 1556.5
1320030 1549.3
1320040 1542.9
1320050 1542.9
1320060 1538.4
1320070 1533.4
1320080 1533.4
1320090 1526.7
1320100 1520.4
1320110 1520.4
1320120 1515.5
1320130 1512.4
1320140 1512.4
1320150 1510.0
1320160 1507.7
1320170 1507.7
1320180 1499.8
1320190 1499.3
1320200 1499.3
1320210 1498.9
1320220 1498.3
1320230 1498.3
1320240 1497.9
1320250 1498.9
1320260 1498.9
1320270 1500.9
1320280 1503.0
1320290 1503.0
1320300 1504.4
1320310 1505.5
1320320 1505.5
1320330 1506.8
1320340 1507.9
1320350 1507.9
1320360 1507.6
1320370 1506.6
1320380 1506.6
1320390 1505.6
1320400 1505.5
1320410 1507.3
1320420 1507.3
1320430 1510.2
1320440 1513.8
1320450 1513.8
1320460 1517.9
1320470 1520.8
1320480 1520.8
1320490 1524.3
1320500 1527.8
1320510 1527.8
1320520 1531.3
1320530 1534.8
1320540 1534.8
1320550 1538.7
1320560 1543.6
1320570 1543.6
1320580 1548.7
1320590 1554.0
1320600 1554.0
1320610 1558.5
1320620 1563.4
1320630 1563.4
1320640 1566.6
1320650 1567.7
1320660 1567.7
1320670 1568.5
1320680 1568.9
1320690 1568.9
1320700 1569.7
1320710 1570.4
1320720 1570.4
1320730 1571.1
1320740 1572.8
1320750 1572.2
1320760 1572.2
1320770 1571.4
1320780 1570.7
1320790 1570.7
1320800 1570.8
1320810 1569.0
1320820 1569.0
1320830 1569.1
1320840 1568.2
1320850 1568.2
1320860 1565.6
1320870 1565.2
1320880 1565.2
1320890 1565.2
1320900 1564.9
1320910 1564.9
1320920 1567.0
1320930 1567.1
1320940 1567.1
1320950 1566.5
1320960 1565.1
1320970 1565.1
1320980 1564.9
1320990 1564.2
1321000 1564.2
1321010 1559.3
1321020 1551.4
1321030 1551.4
1321040 1545.3
1321050 1539.5
1321060 1539.5
1321070 1534.2
1321080 1529.6
1321090 1529.6
1321100 1527.1
1321110 1525.6
1321120 1524.6
1321130 1524.6
1321140 1524.3
1321150 1525.8
1321160 1525.8
1321170 1527.6
1321180 1524.8
1321190 1524.8
1321200 1521.2
1321210 1519.3
1321220 1519.3
1321230 1517.9
1321240 1515.9
1321250 1515.9
1321260 1509.5
1321270 1500.7
1321280 1500.7
1321290 1491.8
1321300 1481.4
1321310 1481.4
1321320 1472.2
1321330 1464.6
1321340 1464.6
1321350 1459.3
1321360 1454.3
1321370 1454.3
1321380 1451.1
1321390 1449.3
1321400 1449.3
1321410 1446.5
1321420 1442.9
1321430 1442.9
1321440 1439.4
1321450 1435.3
1321460 1435.3
1321470 1431.4
1321480 1428.4
1321490 1426.2
1321500 1426.2
1321510 1424.1
1321520 1421.8
1321530 1421.8
1321540 1420.1
1321550 1418.3
1321560 1418.3
1321570 1417.2
1321580 1417.0
1321590 1417.0
1321600 1418.3
1321610 1420.0
1321620 1420.0
1321630 1423.7
1321640 1428.4
1321650 1428.4
1321660 1432.0
1321670 1434.3
1321680 1434.3
1321690 1437.5
1321700 1441.4
1321710 1441.4
1321720 1445.6
1321730 1450.3
1321740 1446.0
1321750 1451.7
1321760 1457.6
1321770 1457.6
1321780 1462.9
1321790 1468.3
1321800 1468.3
1321810 1473.8
1321820 1478.3
1321830 1483.0
1321840 1483.0
1321850 1486.3
1321860 1490.8
1321870 1490.8
1321880 1495.8
1321890 1500.0
1321900 1500.0
1321910 1502.2
1321920 1505.2
1321930 1505.2
1321940 1509.6
1321950 1513.5
1321960 1513.5
1321970 1516.2
1321980 1518.9
1321990 1518.9
1322000 1521.9
1322010 1524.6
1322020 1524.6
1322030 1527.5
1322040 1529.8
1322050 1529.8
1322060 1532.6
1322070 1535.7
1322080 1535.7
1322090 1538.5
1322100 1541.5
1322110 1541.5
1322120 1544.3
1322130 1545.6
1322140 1545.6
1322150 1547.5
1322160 1549.9
1322170 1549.9
1322180 1552.3
1322190 1554.0
1322200 1552.9
1322210 1552.9
1322220 1552.5
1322230 1554.6
1322240 1554.6
1322250 1557.5
1322260 1558.7
1322270 1558.7
1322280 1560.2
1322290 1560.9
1322300 1560.9
1322310 1562.1
1322320 1561.4
1322330 1561.4
1322340 1560.0
1322350 1559.1
1322360 1559.1
1322370 1558.4
1322380 1559.4
1322390 1559.4
1322400 1561.6
1322410 1562.2
1322420 1562.2
1322430 1562.6
1322440 1566.1
1322450 1566.1
1322460 1568.6
1322470 1570.2
1322480 1570.2
1322490 1570.7
1322500 1571.0
1322510 1571.0
1322520 1571.3
1322530 1573.7
1322540 1573.9
1322550 1573.9
1322560 1574.3
1322570 1575.9
1322580 1575.9
1322590 1578.0
1322600 1580.0
1322610 1580.0
1322620 1580.5
1322630 1581.4
1322640 1581.4
1322650 1582.2
1322660 1582.0
1322670 1582.0
1322680 1582.4
1322690 1584.7
1322700 1584.7
1322710 1585.0
1322720 1585.0
1322730 1585.0
1322740 1587.0
1322750 1590.4
1322760 1590.4
1322770 1593.9
1322780 1597.6
1322790 1597.6
1322800 1601.7
1322810 1605.9
1322820 1605.9
1322830 1610.4
1322840 1614.1
1322850 1614.1
1322860 1616.0
1322870 1619.4
1322880 1619.4
1322890 1623.0
1322900 1623.3
1322910 1621.0
1322920 1621.0
1322930 1621.7
1322940 1622.4
1322950 1622.4
1322960 1623.6
1322970 1626.2
1322980 1626.2
1322990 1629.9
1323000 1629.5
1323010 1629.5
1323020 1626.9
1323030 1627.3
1323040 1627.3
1323050 1623.7
1323060 1618.8
1323070 1618.8
1323080 1615.0
1323090 1610.2
1323100 1610.2
1323110 1607.6
1323120 1607.1
1323130 1607.1
1323140 1606.2
1323150 1604.3
1323160 1604.3
1323170 1602.6
1323180 1601.5
1323190 1601.5
1323200 1598.0
1323210 1595.7
1323220 1595.7
1323230 1592.1
1323240 1588.1
1323250 1584.8
1323260 1584.8
1323270 1582.0
1323280 1581.0
1323290 1581.0
1323300 1583.5
1323310 1582.2
1323320 1569.2
1323330 1566.5
1323340 1558.7
1323350 1558.7
1323360 1547.1
1323370 1537.5
1323380 1537.5
1323390 1527.9
1323400 1518.2
1323410 1518.2
1323420 1515.5
1323430 1507.1
1323440 1507.1
1323450 1498.8
1323460 1490.3
1323470 1490.3
1323480 1481.1
1323490 1472.0
1323500 1472.0
1323510 1462.6
1323520 1453.1
1323530 1453.1
1323540 1441.9
1323550 1430.6
1323560 1430.6
1323570 1419.2
1323580 1408.9
1323590 1408.9
1323600 1398.4
1323610 1388.6
1323620 1385.1
1323630 1385.1
1323640 1390.0
1323650 1385.3
1323660 1385.3
1323670 1376.3
1323680 1366.9
1323690 1366.9
1323700 1357.3
1323710 1349.7
1323720 1349.7
1323730 1344.6
1323740 1342.6
1323750 1342.6
1323760 1341.3
1323770 1337.4
1323780 1337.4
1323790 1332.1
1323800 1325.7
1323810 1325.7
1323820 1319.0
1323830 1311.5
1323840 1311.5
1323850 1303.7
1323860 1295.8
1323870 1295.8
1323880 1287.3
1323890 1280.0
1323900 1280.0
1323910 1279.4
1323920 1280.1
1323930 1280.1
1323940 1278.3
1323950 1273.4
1323960 1273.4
1323970 1268.0
1323980 1262.6
1323990 1257.3
1324000 1257.3
1324010 1250.0
1324020 1240.6
1324030 1240.6
1324040 1232.2
1324050 1231.4
1324060 1231.4
1324070 1233.9
1324080 1233.2
1324090 1233.2
1324100 1229.5
1324110 1217.4
1324120 1217.4
1324130 1212.3
1324140 1203.3
1324150 1203.3
1324160 1194.6
1324170 1191.3
1324180 1191.3
1324190 1191.4
1324200 1193.2
1324210 1193.2
1324220 1189.3
1324230 1180.2
1324240 1180.2
1324250 1180.0
1324260 1174.7
1324270 1174.7
1324280 1167.9
1324290 1162.5
1324300 1162.5
1324310 1158.2
1324320 1156.4
1324330 1153.4
1324340 1153.4
1324350 1150.1
1324360 1147.3
1324370 1147.3
1324380 1144.4
1324390 1140.2
1324400 1140.2
1324410 1135.6
1324420 1132.4
1324430 1132.4
1324440 1128.7
1324450 1124.2
1324460 1124.2
1324470 1119.2
1324480 1113.4
1324490 1113.4
1324500 1108.9
1324510 1105.1
1324520 1105.1
1324530 1100.2
1324540 1094.2
1324550 1094.2
1324560 1088.7
1324570 1085.1
1324580 1085.1
1324590 1082.2
1324600 1079.3
1324610 1079.3
1324620 1074.9
1324630 1070.2
1324640 1070.2
1324650 1067.1
1324660 1062.2
1324670 1062.2
1324680 1056.4
1324690 1051.6
1324700 1046.9
1324710 1046.9
1324720 1039.9
1324730 1030.8
1324740 1030.8
1324750 1023.1
1324760 1015.0
1324770 1015.0
1324780 1008.3
1324790 1001.1
1324800 1001.1
1324810 995.0
1324820 989.7
1324830 989.7
1324840 985.0
1324850 980.4
1324860 980.4
1324870 976.3
1324880 972.0
1324890 972.0
1324900 967.7
1324910 956.1
1324920 956.1
1324930 951.9
1324940 948.2
1324950 948.2
1324960 945.2
1324970 941.5
1324980 941.5
1324990 938.0
1325000 936.0
1325010 936.0
1325020 932.9
1325030 928.8
1325040 924.5
1325050 924.5
1325060 919.8
1325070 915.0
1325080 915.0
1325090 910.7
1325100 906.4
1325110 906.4
1325120 902.8
1325130 901.0
1325140 901.0
1325150 899.5
1325160 896.7
1325170 896.7
1325180 895.4
1325190 894.3
1325200 894.3
1325210 894.6
1325220 895.3
1325230 895.3
1325240 893.1
1325250 889.6
1325260 889.6
1325270 886.1
1325280 882.7
1325290 882.7
1325300 880.2
1325310 879.0
1325320 879.0
1325330 877.4
1325340 875.2
1325350 875.2
1325360 873.1
1325370 871.8
1325380 871.8
1325390 870.7
1325400 868.4
1325410 866.0
1325420 866.0
1325430 863.7
1325440 861.4
1325450 861.4
1325460 858.5
1325470 854.7
1325480 854.7
1325490 851.4
1325500 848.9
1325510 848.9
1325520 846.9
1325530 845.3
1325540 845.3
1325550 844.0
1325560 842.1
1325570 842.1
1325580 840.2
1325590 839.0
1325600 839.0
1325610 837.5
1325620 835.9
1325630 835.9
1325640 834.3
1325650 832.5
1325660 832.5
1325670 830.2
1325680 828.7
1325690 828.7
1325700 828.2
1325710 821.3
1325720 821.3
1325730 820.8
1325740 820.4
1325750 820.1
1325760 820.1
1325770 819.8
1325780 819.2
1325790 819.2
1325800 818.0
1325810 816.3
1325820 816.3
1325830 814.6
1325840 813.3
1325850 813.3
1325860 811.8
1325870 810.8
1325880 810.8
1325890 810.5
1325900 810.7
1325910 810.7
1325920 811.3
1325930 812.3
1325940 812.3
1325950 815.2
1325960 817.1
1325970 817.1
1325980 815.3
1325990 807.6
1326000 807.6
1326010 799.3
1326020 791.9
1326030 791.9
1326040 784.3
1326050 777.7
1326060 777.7
1326070 773.0
1326080 768.6
1326090 768.6
1326100 764.4
1326110 758.8
1326120 752.6
1326130 752.6
1326140 750.7
1326150 747.3
1326160 747.3
1326170 742.9
1326180 739.1
1326190 739.1
1326200 735.3
1326210 730.6
1326220 730.6
1326230 726.2
1326240 722.8
1326250 722.8
1326260 720.9
1326270 720.6
1326280 720.6
1326290 720.7
1326300 720.3
1326310 720.3
1326320 719.2
1326330 718.7
1326340 718.7
1326350 718.0
1326360 717.7
1326370 717.7
1326380 717.4
1326390 717.1
1326400 717.1
1326410 716.9
1326420 715.4
1326430 715.4
1326440 713.5
1326450 710.4
1326460 710.4
1326470 709.4
1326480 707.0
1326490 702.5
1326500 702.5
1326510 700.3
1326520 699.3
1326530 699.3
1326540 698.8
1326550 698.6
1326560 698.6
1326570 699.6
1326580 701.4
1326590 701.4
1326600 701.8
1326610 702.8
1326620 702.8
1326630 703.6
1326640 705.9
1326650 705.9
1326660 711.7
1326670 717.9
1326680 717.9
1326690 723.9
1326700 730.0
1326710 730.0
1326720 736.0
1326730 741.4
1326740 741.4
1326750 746.3
1326760 751.0
1326770 751.0
1326780 756.6
1326790 762.4
1326800 762.4
1326810 768.1
1326820 774.1
1326830 780.8
1326840 780.8
1326850 786.8
1326860 787.7
1326870 787.7
1326880 787.7
1326890 787.6
1326900 787.6
1326910 787.4
1326920 787.3
1326930 787.3
1326940 787.1
1326950 787.0
1326960 787.0
1326970 786.8
1326980 786.8
1326990 786.8
1327000 786.6
1327010 786.5
1327020 786.5
1327030 786.3
1327040 786.1
1327050 786.1
1327060 785.9
1327070 785.8
1327080 785.8
1327090 785.7
1327100 785.6
1327110 785.6
1327120 785.4
1327130 785.2
1327140 785.2
1327150 785.1
1327160 785.0
1327170 785.0
1327180 784.8
1327190 784.6
1327200 784.4
1327210 784.4
1327220 784.3
1327230 784.1
1327240 784.1
1327250 783.9
1327260 783.8
1327270 783.8
1327280 783.6
1327290 783.5
1327300 783.5
1327310 783.4
1327320 783.3
1327330 783.2
1327340 783.0
1327350 782.9
1327360 782.9
1327370 782.8
1327380 782.8
1327390 782.8
1327400 782.6
1327410 782.5
1327420 782.5
1327430 780.6
1327440 775.5
1327450 775.5
1327460 770.1
1327470 765.1
1327480 765.1
1327490 763.0
1327500 762.4
1327510 762.4
1327520 759.1
1327530 753.9
1327540 748.6
1327550 748.6
1327560 743.1
1327570 738.9
1327580 738.9
1327590 738.8
1327600 738.1
1327610 738.1
1327620 736.7
1327630 735.5
1327640 735.5
1327650 734.3
1327660 733.7
1327670 733.7
1327680 732.9
1327690 732.6
1327700 732.6
1327710 732.7
1327720 733.5
1327730 733.5
1327740 734.8
1327750 737.0
1327760 737.0
1327770 738.9
1327780 741.0
1327790 741.0
1327800 741.2
1327810 740.2
1327820 740.2
1327830 739.6
1327840 740.2
1327850 740.2
1327860 741.5
1327870 742.3
1327880 742.3
1327890 742.7
1327900 742.6
1327910 742.8
1327920 742.8
1327930 744.2
1327940 745.9
1327950 745.9
1327960 746.7
1327970 746.7
1327980 746.7
1327990 747.3
1328000 748.1
1328010 748.1
1328020 749.6
1328030 751.9
1328040 751.9
1328050 754.7
1328060 755.0
1328070 755.0
1328080 754.1
1328090 753.7
1328100 753.7
1328110 754.9
1328120 757.7
1328130 757.7
1328140 759.9
1328150 760.8
1328160 760.8
1328170 761.1
1328180 761.4
1328190 761.4
1328200 761.7
1328210 762.1
1328220 762.1
1328230 762.4
1328240 762.8
1328250 763.1
1328260 763.1
1328270 763.5
1328280 764.1
1328290 764.1
1328300 764.5
1328310 764.8
1328320 764.8
1328330 765.3
1328340 765.6
1328350 765.6
1328360 766.1
1328370 766.4
1328380 766.4
1328390 766.8
1328400 767.1
1328410 767.1
1328420 767.5
1328430 767.8
1328440 767.8
1328450 768.2
1328460 768.5
1328470 768.5
1328480 768.8
1328490 769.1
1328500 769.1
1328510 769.4
1328520 769.8
1328530 769.8
1328540 770.1
1328550 770.3
1328560 770.3
1328570 770.5
1328580 770.3
1328590 770.3
1328600 767.6
1328610 770.7
1328620 771.7
1328630 771.7
1328640 772.0
1328650 772.3
1328660 772.3
1328670 772.5
1328680 772.5
1328690 772.5
1328700 772.6
1328710 772.6
1328720 772.6
1328730 772.7
1328740 773.0
1328750 773.0
1328760 773.2
1328770 773.5
1328780 773.5
1328790 773.7
1328800 774.2
1328810 774.2
1328820 775.1
1328830 777.1
1328840 777.1
1328850 780.4
1328860 784.1
1328870 784.1
1328880 787.7
1328890 791.4
1328900 791.4
1328910 794.9
1328920 797.2
1328930 797.2
1328940 798.8
1328950 800.5
1328960 800.5
1328970 797.4
1328980 799.0
1328990 799.0
1329000 799.0
1329010 798.9
1329020 798.1
1329030 798.1
1329040 798.1
1329050 796.4
1329060 796.4
1329070 794.1
1329080 792.5
1329090 792.5
1329100 794.9
1329110 798.8
1329120 798.8
1329130 802.8
1329140 807.2
1329150 807.2
1329160 812.0
1329170 816.0
1329180 816.0
1329190 819.9
1329200 823.0
1329210 823.0
1329220 820.6
1329230 816.7
1329240 816.7
1329250 812.9
1329260 809.1
1329270 809.1
1329280 808.5
1329290 806.7
1329300 806.7
1329310 803.0
1329320 799.1
1329330 795.8
1329340 795.8
1329350 793.2
1329360 792.7
1329370 792.7
1329380 793.2
1329390 793.8
1329400 793.8
1329410 795.0
1329420 795.8
1329430 795.8
1329440 795.9
1329450 796.1
1329460 796.1
1329470 797.0
1329480 797.7
1329490 797.7
1329500 798.1
1329510 800.5
1329520 800.5
1329530 805.0
1329540 808.3
1329550 808.3
1329560 811.4
1329570 813.8
1329580 813.8
1329590 816.2
1329600 819.6
1329610 819.6
1329620 824.0
1329630 828.2
1329640 828.2
1329650 831.7
1329660 833.8
1329670 833.8
1329680 835.5
1329690 836.2
1329700 836.2
1329710 836.2
1329720 837.9
1329730 838.7
1329740 838.7
1329750 838.8
1329760 842.3
1329770 842.3
1329780 843.7
1329790 844.3
1329800 837.7
1329810 838.7
1329820 839.7
1329830 839.7
1329840 837.6
1329850 837.2
1329860 837.2
1329870 839.1
1329880 840.4
1329890 840.4
1329900 838.9
1329910 837.3
1329920 837.3
1329930 835.4
1329940 832.3
1329950 832.3
1329960 829.6
1329970 828.6
1329980 828.6
1329990 827.7
1330000 826.8
1330010 826.8
1330020 826.6
1330030 825.9
1330040 825.0
1330050 825.0
1330060 825.1
1330070 825.3
1330080 825.3
1330090 825.9
1330100 826.7
1330110 826.7
1330120 826.5
1330130 826.7
1330140 826.7
1330150 827.3
1330160 828.1
1330170 828.1
1330180 828.2
1330190 826.6
1330200 826.6
1330210 826.0
1330220 826.3
1330230 826.3
1330240 826.3
1330250 825.8
1330260 825.8
1330270 826.0
1330280 826.8
1330290 826.8
1330300 827.6
1330310 828.5
1330320 828.5
1330330 828.7
1330340 827.7
1330350 827.7
1330360 826.6
1330370 825.8
1330380 825.8
1330390 825.9
1330400 824.8
1330410 824.2
1330420 824.2
1330430 825.0
1330440 826.1
1330450 826.1
1330460 827.6
1330470 829.5
1330480 829.5
1330490 830.6
1330500 830.8
1330510 830.8
1330520 830.7
1330530 830.5
1330540 830.5
1330550 831.2
1330560 832.9
1330570 832.9
1330580 835.9
1330590 839.6
1330600 839.6
1330610 843.3
1330620 846.0
1330630 838.0
1330640 838.6
1330650 838.9
1330660 838.9
1330670 840.2
1330680 841.5
1330690 841.5
1330700 842.8
1330710 844.1
1330720 844.1
1330730 845.2
1330740 845.1
1330750 844.2
1330760 844.2
1330770 844.6
1330780 846.6
1330790 846.6
1330800 849.0
1330810 850.9
1330820 850.9
1330830 851.8
1330840 852.0
1330850 852.0
1330860 852.7
1330870 853.0
1330880 853.0
1330890 853.3
1330900 853.2
1330910 853.2
1330920 853.3
1330930 852.9
1330940 852.9
1330950 851.4
1330960 849.8
1330970 849.8
1330980 848.4
1330990 846.9
1331000 846.9
1331010 845.7
1331020 845.1
1331030 845.1
1331040 844.1
1331050 843.2
1331060 843.2
1331070 842.5
1331080 841.9
1331090 841.9
1331100 840.8
1331110 839.6
1331120 838.8
1331130 838.8
1331140 838.1
1331150 837.2
1331160 837.2
1331170 837.0
1331180 837.8
1331190 837.8
1331200 838.9
1331210 839.5
1331220 839.5
1331230 840.4
1331240 843.4
1331250 843.4
1331260 849.1
1331270 853.9
1331280 853.9
1331290 856.9
1331300 859.5
1331310 859.5
1331320 862.8
1331330 866.1
1331340 866.1
1331350 869.4
1331360 873.3
1331370 873.3
1331380 877.1
1331390 880.3
1331400 880.3
1331410 883.1
1331420 885.6
1331430 885.6
1331440 886.7
1331450 887.0
1331460 891.7
1331470 892.5
1331480 895.0
1331490 898.5
1331500 898.5
1331510 903.0
1331520 909.0
1331530 909.0
1331540 915.8
1331550 926.9
1331560 926.9
1331570 935.6
1331580 941.1
1331590 941.1
1331600 948.0
1331610 960.6
1331620 960.6
1331630 969.8
1331640 976.2
1331650 976.2
1331660 981.2
1331670 980.8
1331680 980.8
1331690 980.8
1331700 984.5
1331710 984.5
1331720 990.6
1331730 997.7
1331740 997.7
1331750 1002.5
1331760 1006.6
1331770 1006.6
1331780 1011.3
1331790 1016.1
1331800 1016.1
1331810 1020.2
1331820 1024.6
1331830 1028.2
1331840 1028.2
1331850 1031.6
1331860 1034.1
1331870 1034.1
1331880 1031.7
1331890 1028.9
1331900 1028.9
1331910 1031.1
1331920 1036.7
1331930 1036.7
1331940 1041.9
1331950 1048.1
1331960 1048.1
1331970 1055.6
1331980 1064.8
1331990 1064.8
1332000 1075.1
1332010 1083.9
1332020 1083.9
1332030 1097.4
1332040 1122.8
1332050 1122.8
1332060 1142.9
1332070 1161.0
1332080 1161.0
1332090 1172.5
1332100 1183.9
1332110 1183.9
1332120 1191.3
1332130 1196.4
1332140 1196.4
1332150 1201.4
1332160 1206.8
1332170 1206.8
1332180 1214.1
1332190 1225.7
1332200 1235.5
1332210 1235.5
1332220 1233.3
1332230 1228.3
1332240 1228.3
1332250 1235.4
1332260 1242.3
1332270 1242.3
1332280 1240.6
1332290 1237.5
1332300 1250.9
1332310 1256.6
1332320 1263.8
1332330 1263.8
1332340 1264.6
1332350 1260.1
1332360 1260.1
1332370 1257.3
1332380 1249.7
1332390 1249.7
1332400 1240.3
1332410 1241.0
1332420 1241.0
1332430 1250.8
1332440 1257.4
1332450 1257.4
1332460 1263.1
1332470 1269.7
1332480 1269.7
1332490 1276.5
1332500 1284.3
1332510 1284.3
1332520 1292.5
1332530 1298.8
1332540 1302.3
1332550 1302.3
1332560 1299.7
1332570 1295.0
1332580 1295.0
1332590 1290.9
1332600 1285.1
1332610 1285.1
1332620 1278.5
1332630 1277.5
1332640 1277.5
1332650 1281.6
1332660 1285.5
1332670 1285.5
1332680 1289.2
1332690 1292.7
1332700 1292.7
1332710 1295.7
1332720 1298.4
1332730 1298.4
1332740 1301.5
1332750 1304.3
1332760 1304.3
1332770 1307.3
1332780 1310.4
1332790 1310.4
1332800 1314.1
1332810 1317.9
1332820 1317.9
1332830 1321.8
1332840 1325.5
1332850 1325.5
1332860 1328.8
1332870 1332.0
1332880 1332.0
1332890 1334.6
1332900 1336.4
1332910 1336.9
1332920 1336.9
1332930 1336.5
1332940 1334.3
1332950 1334.3
1332960 1330.7
1332970 1324.6
1332980 1324.6
1332990 1319.2
1333000 1317.0
1333010 1317.0
1333020 1317.6
1333030 1318.1
1333040 1318.1
1333050 1324.5
1333060 1331.4
1333070 1331.4
1333080 1329.0
1333090 1318.9
1333100 1318.9
1333110 1305.9
1333120 1295.2
1333130 1295.2
1333140 1286.9
1333150 1276.1
1333160 1276.1
1333170 1268.3
1333180 1255.6
1333190 1255.6
1333200 1252.1
1333210 1259.6
1333220 1259.6
1333230 1265.8
1333240 1271.2
1333250 1275.3
1333260 1275.3
1333270 1279.3
1333280 1283.5
1333290 1283.5
1333300 1287.7
1333310 1288.9
1333320 1288.9
1333330 1292.1
1333340 1299.2
1333350 1299.2
1333360 1305.6
1333370 1311.0
1333380 1311.0
1333390 1314.8
1333400 1317.8
1333410 1317.8
1333420 1319.6
1333430 1321.7
1333440 1321.7
1333450 1323.8
1333460 1325.1
1333470 1325.1
1333480 1327.8
1333490 1331.2
1333500 1331.2
1333510 1335.2
1333520 1341.2
1333530 1341.2
1333540 1348.6
1333550 1355.7
1333560 1355.7
1333570 1362.0
1333580 1366.4
1333590 1366.4
1333600 1368.5
1333610 1371.2
1333620 1372.9
1333630 1372.9
1333640 1374.8
1333650 1374.8
1333660 1374.8
1333670 1374.2
1333680 1370.5
1333690 1370.5
1333700 1366.5
1333710 1363.9
1333720 1363.9
1333730 1362.7
1333740 1360.8
1333750 1360.8
1333760 1357.3
1333770 1356.0
1333780 1356.0
1333790 1353.3
1333800 1350.1
1333810 1350.1
1333820 1347.5
1333830 1344.4
1333840 1344.4
1333850 1341.9
1333860 1339.6
1333870 1339.6
1333880 1336.8
1333890 1335.2
1333900 1335.2
1333910 1332.8
1333920 1330.1
1333930 1330.1
1333940 1326.5
1333950 1322.8
1333960 1318.2
1333970 1318.2
1333980 1313.3
1333990 1314.9
1334000 1314.9
1334010 1312.6
1334020 1308.9
1334030 1308.9
1334040 1304.3
1334050 1298.2
1334060 1298.2
1334070 1291.5
1334080 1288.1
1334090 1288.1
1334100 1287.8
1334110 1290.3
1334120 1290.3
1334130 1298.0
1334140 1304.8
1334150 1304.8
1334160 1311.2
1334170 1316.5
1334180 1316.5
1334190 1321.3
1334200 1326.2
1334210 1326.2
1334220 1330.6
1334230 1334.8
1334240 1334.8
1334250 1339.2
1334260 1343.7
1334270 1343.7
1334280 1348.6
1334290 1353.1
1334300 1353.1
1334310 1357.7
1334320 1362.6
1334330 1367.4
1334340 1367.4
1334350 1372.6
1334360 1377.5
1334370 1377.5
1334380 1382.4
1334390 1387.5
1334400 1387.5
1334410 1391.5
1334420 1393.9
1334430 1393.9
1334440 1397.1
1334450 1400.1
1334460 1400.1
1334470 1401.2
1334480 1401.1
1334490 1401.1
1334500 1398.2
1334510 1395.1
1334520 1395.1
1334530 1390.0
1334540 1385.5
1334550 1385.5
1334560 1380.3
1334570 1371.4
1334580 1371.4
1334590 1362.8
1334600 1355.6
1334610 1355.6
1334620 1348.4
1334630 1338.2
1334640 1338.2
1334650 1325.2
1334660 1314.3
1334670 1308.8
1334680 1308.8
1334690 1307.7
1334700 1307.1
1334710 1307.1
1334720 1303.3
1334730 1299.6
1334740 1299.6
1334750 1295.4
1334760 1293.0
1334770 1293.0
1334780 1285.3
1334790 1282.5
1334800 1282.5
1334810 1278.9
1334820 1271.6
1334830 1271.6
1334840 1264.2
1334850 1259.2
1334860 1259.2
1334870 1251.3
1334880 1242.5
1334890 1242.5
1334900 1234.8
1334910 1228.8
1334920 1228.8
1334930 1224.4
1334940 1221.1
1334950 1221.1
1334960 1218.1
1334970 1216.9
1334980 1216.9
1334990 1215.2
1335000 1212.5
1335010 1212.5
1335020 1207.8
1335030 1202.2
1335040 1197.8
1335050 1197.8
1335060 1194.2
1335070 1190.9
1335080 1190.9
1335090 1187.2
1335100 1183.7
1335110 1183.7
1335120 1178.3
1335130 1169.7
1335140 1169.7
1335150 1167.8
1335160 1169.4
1335170 1169.4
1335180 1168.9
1335190 1167.5
1335200 1167.5
1335210 1165.5
1335220 1162.6
1335230 1162.6
1335240 1159.2
1335250 1155.3
1335260 1155.3
1335270 1150.6
1335280 1145.8
1335290 1145.8
1335300 1142.6
1335310 1139.4
1335320 1139.4
1335330 1137.9
1335340 1136.9
1335350 1136.9
1335360 1134.4
1335370 1130.9
1335380 1130.9
1335390 1126.6
1335400 1121.7
1335410 1116.3
1335420 1116.3
1335430 1110.5
1335440 1103.2
1335450 1103.2
1335460 1097.0
1335470 1091.8
1335480 1091.8
1335490 1085.5
1335500 1077.4
1335510 1077.4
1335520 1070.3
1335530 1063.4
1335540 1063.4
1335550 1056.7
1335560 1050.4
1335570 1050.4
1335580 1044.7
1335590 1039.4
1335600 1039.4
1335610 1034.6
1335620 1030.3
1335630 1030.3
1335640 1026.0
1335650 1021.8
1335660 1021.8
1335670 1017.7
1335680 1012.7
1335690 1012.7
1335700 1010.0
1335710 1005.5
1335720 1005.5
1335730 1002.1
1335740 998.6
1335750 997.3
1335760 997.3
1335770 997.1
1335780 999.8
1335790 999.8
1335800 1003.9
1335810 1007.9
1335820 1007.9
1335830 1011.6
1335840 1015.8
1335850 1015.8
1335860 1020.8
1335870 1026.4
1335880 1026.4
1335890 1032.3
1335900 1038.5
1335910 1038.5
1335920 1045.1
1335930 1051.9
1335940 1051.9
1335950 1058.9
1335960 1065.3
1335970 1065.3
1335980 1071.1
1335990 1076.7
1336000 1076.7
1336010 1082.1
1336020 1087.3
1336030 1087.3
1336040 1092.5
1336050 1097.1
1336060 1097.1
1336070 1101.3
1336080 1104.8
1336090 1104.8
1336100 1107.3
1336110 1109.3
1336120 1111.7
1336130 1111.7
1336140 1114.8
1336150 1117.2
1336160 1117.2
1336170 1118.8
1336180 1124.0
1336190 1124.0
1336200 1130.7
1336210 1136.3
1336220 1136.3
1336230 1141.5
1336240 1147.4
1336250 1147.4
1336260 1154.2
1336270 1160.5
1336280 1160.5
1336290 1166.6
1336300 1172.5
1336310 1172.5
1336320 1177.0
1336330 1182.2
1336340 1182.2
1336350 1188.8
1336360 1195.4
1336370 1195.4
1336380 1201.1
1336390 1206.4
1336400 1206.4
1336410 1212.5
1336420 1219.2
1336430 1219.2
1336440 1226.0
1336450 1233.1
1336460 1239.9
1336470 1239.9
1336480 1246.2
1336490 1252.9
1336500 1252.9
1336510 1259.8
1336520 1267.6
1336530 1267.6
1336540 1278.5
1336550 1288.2
1336560 1288.2
1336570 1297.4
1336580 1308.6
1336590 1308.6
1336600 1318.7
1336610 1325.2
1336620 1325.2
1336630 1331.3
1336640 1338.1
1336650 1338.1
1336660 1346.3
1336670 1354.6
1336680 1354.6
1336690 1364.7
1336700 1376.5
1336710 1376.5
1336720 1387.0
1336730 1394.7
1336740 1394.7
1336750 1402.4
1336760 1411.2
1336770 1411.2
1336780 1419.3
1336790 1426.0
1336800 1426.0
1336810 1433.5
1336820 1441.2
1336830 1448.6
1336840 1448.6
1336850 1455.2
1336860 1462.3
1336870 1462.3
1336880 1469.6
1336890 1476.6
1336900 1476.6
1336910 1484.0
1336920 1491.2
1336930 1491.2
1336940 1497.1
1336950 1502.7
1336960 1502.7
1336970 1508.5
1336980 1514.3
1336990 1514.3
1337000 1519.4
1337010 1522.7
1337020 1522.7
1337030 1523.3
1337040 1521.0
1337050 1521.0
1337060 1516.3
1337070 1511.4
1337080 1511.4
1337090 1505.7
1337100 1499.9
1337110 1499.9
1337120 1493.9
1337130 1488.0
1337140 1488.0
1337150 1482.4
1337160 1476.8
1337170 1471.2
1337180 1471.2
1337190 1466.0
1337200 1460.8
1337210 1460.8
1337220 1455.3
1337230 1450.2
1337240 1450.2
1337250 1445.4
1337260 1440.8
1337270 1440.8
1337280 1436.2
1337290 1432.7
1337300 1432.7
1337310 1429.0
1337320 1424.7
1337330 1424.7
1337340 1420.3
1337350 1416.9
1337360 1416.9
1337370 1413.9
1337380 1413.6
1337390 1413.6
1337400 1413.4
1337410 1412.5
1337420 1412.5
1337430 1410.1
1337440 1409.7
1337450 1409.7
1337460 1409.3
1337470 1407.8
1337480 1407.8
1337490 1406.5
1337500 1404.7
1337510 1404.7
1337520 1402.4
1337530 1399.7
1337540 1396.6
1337550 1396.6
1337560 1393.1
1337570 1389.9
1337580 1389.9
1337590 1387.3
1337600 1385.3
1337610 1385.3
1337620 1383.5
1337630 1381.2
1337640 1381.2
1337650 1377.9
1337660 1374.9
1337670 1374.9
1337680 1372.9
1337690 1372.1
1337700 1372.1
1337710 1371.8
1337720 1371.7
1337730 1371.7
1337740 1372.7
1337750 1374.2
1337760 1374.2
1337770 1376.1
1337780 1378.1
1337790 1378.1
1337800 1380.1
1337810 1382.0
1337820 1382.0
1337830 1383.6
1337840 1384.8
1337850 1384.8
1337860 1385.3
1337870 1388.8
1337880 1388.8
1337890 1390.7
1337900 1392.2
1337910 1394.8
1337920 1394.8
1337930 1399.1
1337940 1402.2
1337950 1402.2
1337960 1404.9
1337970 1409.1
1337980 1409.1
1337990 1411.9
1338000 1414.0
1338010 1414.0
1338020 1417.2
1338030 1421.1
1338040 1421.1
1338050 1422.5
1338060 1425.0
1338070 1425.0
1338080 1429.1
1338090 1432.8
1338100 1432.8
1338110 1435.0
1338120 1436.8
1338130 1436.8
1338140 1440.1
1338150 1443.4
1338160 1443.4
1338170 1445.3
1338180 1448.3
1338190 1448.3
1338200 1451.4
1338210 1453.3
1338220 1453.3
1338230 1455.9
1338240 1460.5
1338250 1463.7
1338260 1463.7
1338270 1464.1
1338280 1464.0
1338290 1464.0
1338300 1464.3
1338310 1464.9
1338320 1464.9
1338330 1465.6
1338340 1464.7
1338350 1464.7
1338360 1463.1
1338370 1461.9
1338380 1461.9
1338390 1460.5
1338400 1459.8
1338410 1459.8
1338420 1460.0
1338430 1459.9
1338440 1459.9
1338450 1460.0
1338460 1459.8
1338470 1459.8
1338480 1458.8
1338490 1457.4
1338500 1457.4
1338510 1456.3
1338520 1455.5
1338530 1455.5
1338540 1454.9
1338550 1455.3
1338560 1455.3
1338570 1456.6
1338580 1457.2
1338590 1457.2
1338600 1455.7
1338610 1452.7
1338620 1449.2
1338630 1449.2
1338640 1445.9
1338650 1442.7
1338660 1442.7
1338670 1440.5
1338680 1439.5
1338690 1439.5
1338700 1437.6
1338710 1435.6
1338720 1435.6
1338730 1433.2
1338740 1429.4
1338750 1429.4
1338760 1425.4
1338770 1421.2
1338780 1421.2
1338790 1420.4
1338800 1424.2
1338810 1424.2
1338820 1428.0
1338830 1432.1
1338840 1432.1
1338850 1436.6
1338860 1440.7
1338870 1440.7
1338880 1445.5
1338890 1451.4
1338900 1451.4
1338910 1456.4
1338920 1461.0
1338930 1461.0
1338940 1465.9
1338950 1470.3
1338960 1473.0
1338970 1473.0
1338980 1475.7
1338990 1477.5
1339000 1477.5
1339010 1478.1
1339020 1479.4
1339030 1479.4
1339040 1481.2
1339050 1483.2
1339060 1483.2
1339070 1485.9
1339080 1488.7
1339090 1488.7
1339100 1491.3
1339110 1494.3
1339120 1494.3
1339130 1497.9
1339140 1501.0
1339150 1501.0
1339160 1504.4
1339170 1507.9
1339180 1505.5
1339190 1508.7
1339200 1511.8
1339210 1511.8
1339220 1515.3
1339230 1518.7
1339240 1518.7
1339250 1521.5
1339260 1524.6
1339270 1524.6
1339280 1527.2
1339290 1529.8
1339300 1529.8
1339310 1532.5
1339320 1535.3
1339330 1538.2
1339340 1538.2
1339350 1540.9
1339360 1544.3
1339370 1544.3
1339380 1547.8
1339390 1551.2
1339400 1551.2
1339410 1553.5
1339420 1555.5
1339430 1555.5
1339440 1559.4
1339450 1563.6
1339460 1563.6
1339470 1567.0
1339480 1568.8
1339490 1568.8
1339500 1569.3
1339510 1569.8
1339520 1569.8
1339530 1569.3
1339540 1570.2
1339550 1570.2
1339560 1571.2
1339570 1572.9
1339580 1572.9
1339590 1573.1
1339600 1571.8
1339610 1571.8
1339620 1569.2
1339630 1570.0
1339640 1570.0
1339650 1571.5
1339660 1571.9
1339670 1571.9
1339680 1572.1
1339690 1573.1
1339700 1575.5
1339710 1575.5
1339720 1577.9
1339730 1580.3
1339740 1580.3
1339750 1582.5
1339760 1584.8
1339770 1584.8
1339780 1587.2
1339790 1589.1
1339800 1589.1
1339810 1589.5
1339820 1591.5
1339830 1591.5
1339840 1595.0
1339850 1597.1
1339860 1597.1
1339870 1598.0
1339880 1598.4
1339890 1598.4
1339900 1599.2
1339910 1599.4
1339920 1599.4
1339930 1596.4
1339940 1588.0
1339950 1588.0
1339960 1582.8
1339970 1580.4
1339980 1580.4
1339990 1577.3
