1320000 1468.8
1320010 1468.8
1320020 1466.9
1320030 1465.0
1320040 1465.0
1320050 1462.6
1320060 1459.2
1320070 1459.2
1320080 1456.1
1320090 1444.8
1320100 1444.8
1320110 1441.7
1320120 1439.1
1320130 1439.1
1320140 1437.0
1320150 1435.6
1320160 1435.6
1320170 1434.0
1320180 1432.2
1320190 1432.2
1320200 1431.7
1320210 1431.6
1320220 1431.6
1320230 1432.1
1320240 1433.4
1320250 1436.4
1320260 1436.4
1320270 1439.8
1320280 1444.1
1320290 1444.1
1320300 1447.7
1320310 1449.0
1320320 1449.0
1320330 1450.8
1320340 1452.0
1320350 1452.0
1320360 1452.1
1320370 1452.4
1320380 1452.4
1320390 1451.4
1320400 1449.4
1320410 1449.4
1320420 1449.0
1320430 1450.4
1320440 1450.4
1320450 1452.8
1320460 1455.0
1320470 1455.0
1320480 1458.8
1320490 1463.9
1320500 1463.9
1320510 1468.4
1320520 1472.8
1320530 1472.8
1320540 1476.5
1320550 1479.7
1320560 1479.7
1320570 1483.5
1320580 1486.9
1320590 1486.9
1320600 1489.7
1320610 1490.0
1320620 1486.0
1320630 1486.0
1320640 1482.1
1320650 1479.8
1320660 1479.8
1320670 1480.4
1320680 1482.9
1320690 1482.9
1320700 1485.7
1320710 1486.8
1320720 1486.8
1320730 1488.2
1320740 1490.3
1320750 1490.3
1320760 1493.5
1320770 1493.7
1320780 1493.7
1320790 1493.0
1320800 1493.8
1320810 1493.8
1320820 1495.3
1320830 1497.3
1320840 1497.3
1320850 1498.4
1320860 1499.4
1320870 1492.7
1320880 1496.0
1320890 1500.8
1320900 1500.8
1320910 1506.2
1320920 1507.1
1320930 1507.1
1320940 1506.0
1320950 1501.3
1320960 1495.3
1320970 1495.3
1320980 1487.9
1320990 1480.3
1321000 1480.3
1321010 1475.0
1321020 1468.8
1321030 1468.8
1321040 1462.5
1321050 1456.7
1321060 1456.7
1321070 1452.2
1321080 1451.2
1321090 1451.2
1321100 1449.2
1321110 1444.6
1321120 1444.6
1321130 1441.0
1321140 1438.3
1321150 1438.3
1321160 1436.0
1321170 1435.1
1321180 1435.1
1321190 1435.1
1321200 1434.9
1321210 1434.9
1321220 1433.5
1321230 1432.8
1321240 1432.8
1321250 1430.7
1321260 1426.0
1321270 1426.0
1321280 1420.9
1321290 1416.4
1321300 1416.4
1321310 1412.8
1321320 1410.2
1321330 1408.0
1321340 1408.0
1321350 1404.4
1321360 1400.4
1321370 1400.4
1321380 1395.7
1321390 1391.2
1321400 1391.2
1321410 1387.1
1321420 1383.0
1321430 1383.0
1321440 1379.8
1321450 1376.0
1321460 1376.0
1321470 1373.3
1321480 1370.4
1321490 1370.4
1321500 1368.1
1321510 1366.8
1321520 1366.8
1321530 1364.8
1321540 1363.7
1321550 1363.7
1321560 1362.7
1321570 1362.5
1321580 1362.5
1321590 1365.3
1321600 1368.4
1321610 1368.4
1321620 1371.4
1321630 1375.0
1321640 1375.0
1321650 1374.6
1321660 1379.1
1321670 1383.6
1321680 1383.6
1321690 1387.9
1321700 1392.7
1321710 1392.7
1321720 1398.1
1321730 1403.2
1321740 1403.2
1321750 1408.2
1321760 1413.4
1321770 1413.4
1321780 1418.8
1321790 1423.9
1321800 1423.9
1321810 1429.4
1321820 1434.2
1321830 1434.2
1321840 1438.0
1321850 1441.9
1321860 1441.9
1321870 1446.3
1321880 1449.7
1321890 1449.7
1321900 1452.3
1321910 1456.3
1321920 1456.3
1321930 1461.5
1321940 1463.6
1321950 1463.6
1321960 1463.8
1321970 1467.0
1321980 1467.0
1321990 1473.8
1322000 1481.4
1322010 1481.4
1322020 1488.3
1322030 1495.2
1322040 1501.8
1322050 1501.8
1322060 1507.7
1322070 1512.8
1322080 1512.8
1322090 1517.0
1322100 1519.6
1322110 1519.6
1322120 1522.0
1322130 1524.7
1322140 1524.7
1322150 1527.1
1322160 1529.1
1322170 1529.1
1322180 1531.0
1322190 1533.1
1322200 1533.1
1322210 1535.9
1322220 1538.8
1322230 1538.8
1322240 1542.2
1322250 1545.8
1322260 1545.8
1322270 1549.3
1322280 1553.7
1322290 1553.7
1322300 1559.1
1322310 1563.7
1322320 1563.7
1322330 1566.8
1322340 1570.5
1322350 1570.5
1322360 1574.2
1322370 1577.6
1322380 1577.4
1322390 1577.4
1322400 1574.6
1322410 1572.4
1322420 1572.4
1322430 1573.3
1322440 1573.2
1322450 1573.2
1322460 1574.4
1322470 1574.9
1322480 1574.9
1322490 1574.9
1322500 1575.9
1322510 1575.9
1322520 1577.4
1322530 1577.9
1322540 1577.9
1322550 1575.4
1322560 1573.0
1322570 1573.0
1322580 1570.8
1322590 1569.4
1322600 1569.4
1322610 1572.3
1322620 1575.2
1322630 1575.2
1322640 1577.2
1322650 1578.7
1322660 1578.7
1322670 1578.8
1322680 1578.6
1322690 1578.6
1322700 1579.7
1322710 1581.8
1322720 1581.8
1322730 1583.3
1322740 1584.1
1322750 1584.2
1322760 1584.2
1322770 1583.7
1322780 1582.5
1322790 1582.5
1322800 1580.8
1322810 1580.0
1322820 1580.0
1322830 1579.6
1322840 1580.0
1322850 1580.0
1322860 1581.1
1322870 1584.2
1322880 1584.2
1322890 1587.8
1322900 1589.3
1322910 1589.3
1322920 1590.0
1322930 1589.5
1322940 1589.5
1322950 1587.9
1322960 1586.4
1322970 1586.4
1322980 1585.0
1322990 1584.7
1323000 1584.7
1323010 1583.3
1323020 1578.6
1323030 1578.6
1323040 1574.8
1323050 1571.1
1323060 1571.1
1323070 1562.6
1323080 1555.1
1323090 1555.1
1323100 1550.7
1323110 1545.8
1323120 1540.4
1323130 1540.4
1323140 1535.6
1323150 1532.6
1323160 1532.6
1323170 1528.9
1323180 1525.4
1323190 1525.4
1323200 1522.5
1323210 1519.5
1323220 1519.5
1323230 1510.1
1323240 1506.5
1323250 1506.5
1323260 1503.5
1323270 1500.3
1323280 1500.3
1323290 1497.0
1323300 1494.8
1323310 1494.8
1323320 1492.7
1323330 1489.7
1323340 1489.7
1323350 1485.1
1323360 1480.5
1323370 1480.5
1323380 1476.5
1323390 1470.7
1323400 1470.7
1323410 1465.1
1323420 1459.1
1323430 1459.1
1323440 1451.1
1323450 1441.8
1323460 1434.2
1323470 1434.2
1323480 1426.2
1323490 1416.7
1323500 1416.7
1323510 1407.6
1323520 1399.8
1323530 1399.8
1323540 1394.1
1323550 1387.6
1323560 1387.6
1323570 1381.3
1323580 1374.9
1323590 1374.9
1323600 1366.4
1323610 1360.6
1323620 1360.6
1323630 1356.5
1323640 1351.1
1323650 1351.1
1323660 1343.0
1323670 1334.2
1323680 1334.2
1323690 1324.2
1323700 1312.8
1323710 1312.8
1323720 1300.6
1323730 1289.6
1323740 1289.6
1323750 1279.5
1323760 1270.0
1323770 1270.0
1323780 1262.3
1323790 1253.7
1323800 1253.7
1323810 1242.6
1323820 1232.6
1323830 1223.5
1323840 1223.5
1323850 1216.3
1323860 1208.2
1323870 1208.2
1323880 1197.5
1323890 1186.8
1323900 1186.8
1323910 1177.4
1323920 1169.7
1323930 1169.7
1323940 1163.0
1323950 1155.7
1323960 1155.7
1323970 1150.7
1323980 1146.1
1323990 1146.1
1324000 1139.2
1324010 1134.5
1324020 1127.8
1324030 1123.6
1324040 1121.2
1324050 1121.2
1324060 1120.0
1324070 1117.8
1324080 1117.8
1324090 1115.0
1324100 1112.9
1324110 1112.9
1324120 1111.6
1324130 1111.0
1324140 1111.0
1324150 1109.8
1324160 1108.4
1324170 1107.1
1324180 1107.1
1324190 1104.8
1324200 1103.0
1324210 1103.0
1324220 1101.2
1324230 1099.5
1324240 1099.5
1324250 1098.0
1324260 1096.3
1324270 1096.3
1324280 1093.9
1324290 1091.3
1324300 1091.3
1324310 1088.3
1324320 1084.8
1324330 1084.8
1324340 1081.1
1324350 1077.4
1324360 1077.4
1324370 1073.4
1324380 1069.8
1324390 1069.8
1324400 1067.3
1324410 1065.0
1324420 1065.0
1324430 1062.3
1324440 1059.1
1324450 1059.1
1324460 1055.5
1324470 1051.7
1324480 1051.7
1324490 1048.0
1324500 1044.4
1324510 1044.4
1324520 1040.3
1324530 1036.0
1324540 1032.4
1324550 1032.4
1324560 1029.9
1324570 1027.1
1324580 1027.1
1324590 1023.5
1324600 1019.5
1324610 1019.5
1324620 1015.0
1324630 1010.4
1324640 1010.4
1324650 1004.8
1324660 998.5
1324670 998.5
1324680 992.1
1324690 984.8
1324700 984.8
1324710 977.5
1324720 972.2
1324730 972.2
1324740 966.7
1324750 959.7
1324760 959.7
1324770 952.2
1324780 944.7
1324790 944.7
1324800 938.8
1324810 933.0
1324820 926.5
1324830 923.1
1324840 919.4
1324850 919.4
1324860 915.1
1324870 911.6
1324880 909.7
1324890 909.7
1324900 907.1
1324910 903.7
1324920 903.7
1324930 899.9
1324940 895.6
1324950 895.6
1324960 891.5
1324970 887.1
1324980 887.1
1324990 882.6
1325000 878.5
1325010 878.5
1325020 875.1
1325030 872.5
1325040 872.5
1325050 870.5
1325060 868.2
1325070 868.2
1325080 865.9
1325090 863.6
1325100 863.6
1325110 861.4
1325120 859.0
1325130 859.0
1325140 855.2
1325150 853.1
1325160 853.1
1325170 852.5
1325180 851.4
1325190 851.4
1325200 849.2
1325210 846.8
1325220 846.8
1325230 845.3
1325240 842.7
1325250 840.2
1325260 840.2
1325270 838.3
1325280 836.7
1325290 836.7
1325300 835.6
1325310 833.7
1325320 833.7
1325330 831.7
1325340 829.7
1325350 829.7
1325360 828.0
1325370 826.2
1325380 826.2
1325390 823.5
1325400 820.9
1325410 820.9
1325420 818.9
1325430 817.5
1325440 817.5
1325450 816.3
1325460 815.2
1325470 815.2
1325480 813.7
1325490 810.9
1325500 810.9
1325510 806.3
1325520 801.8
1325530 801.8
1325540 797.3
1325550 794.2
1325560 794.2
1325570 793.1
1325580 792.3
1325590 788.4
1325600 788.4
1325610 782.9
1325620 776.9
1325630 772.8
1325640 766.5
1325650 764.9
1325660 764.9
1325670 766.5
1325680 765.7
1325690 765.7
1325700 762.6
1325710 757.9
1325720 757.9
1325730 752.9
1325740 748.2
1325750 748.2
1325760 746.5
1325770 746.8
1325780 746.8
1325790 750.2
1325800 752.2
1325810 752.2
1325820 749.5
1325830 747.2
1325840 747.2
1325850 745.1
1325860 742.8
1325870 742.8
1325880 740.3
1325890 738.1
1325900 738.1
1325910 735.4
1325920 732.1
1325930 732.1
1325940 731.0
1325950 731.1
1325960 729.2
1325970 729.2
1325980 726.2
1325990 724.7
1326000 724.7
1326010 722.2
1326020 720.5
1326030 720.5
1326040 721.2
1326050 719.1
1326060 719.1
1326070 716.9
1326080 715.3
1326090 715.3
1326100 714.1
1326110 713.1
1326120 713.1
1326130 712.5
1326140 713.0
1326150 713.0
1326160 713.4
1326170 713.4
1326180 713.4
1326190 713.1
1326200 711.9
1326210 711.9
1326220 710.9
1326230 711.2
1326240 711.2
1326250 711.1
1326260 711.1
1326270 711.1
1326280 711.2
1326290 711.4
1326300 711.4
1326310 711.6
1326320 711.8
1326330 712.1
1326340 712.1
1326350 712.2
1326360 710.7
1326370 710.7
1326380 709.8
1326390 709.4
1326400 709.4
1326410 708.2
1326420 708.0
1326430 707.9
1326440 707.7
1326450 704.8
1326460 704.8
1326470 701.0
1326480 699.7
1326490 699.7
1326500 699.6
1326510 700.1
1326520 700.1
1326530 700.0
1326540 698.5
1326550 698.5
1326560 697.3
1326570 697.8
1326580 697.8
1326590 699.9
1326600 700.9
1326610 700.9
1326620 701.0
1326630 700.8
1326640 700.8
1326650 701.1
1326660 701.1
1326670 701.7
1326680 701.7
1326690 703.0
1326700 704.0
1326710 704.0
1326720 707.5
1326730 712.8
1326740 712.8
1326750 717.8
1326760 722.8
1326770 722.8
1326780 726.0
1326790 729.7
1326800 729.7
1326810 733.5
1326820 737.3
1326830 737.3
1326840 741.3
1326850 745.5
1326860 745.5
1326870 750.0
1326880 754.7
1326890 754.7
1326900 759.9
1326910 765.3
1326920 765.3
1326930 770.9
1326940 776.0
1326950 776.0
1326960 780.3
1326970 781.3
1326980 781.3
1326990 777.9
1327000 774.7
1327010 774.7
1327020 772.0
1327030 769.5
1327040 767.0
1327050 767.0
1327060 765.6
1327070 764.0
1327080 764.0
1327090 760.7
1327100 758.1
1327110 758.1
1327120 756.8
1327130 756.4
1327140 756.4
1327150 755.3
1327160 753.8
1327170 753.8
1327180 752.1
1327190 749.5
1327200 749.5
1327210 746.0
1327220 743.9
1327230 743.9
1327240 740.7
1327250 740.9
1327260 740.9
1327270 741.2
1327280 741.9
1327290 741.9
1327300 742.1
1327310 742.4
1327320 742.4
1327330 742.1
1327340 742.6
1327350 742.6
1327360 742.3
1327370 741.2
1327380 740.3
1327390 740.3
1327400 738.1
1327410 736.4
1327420 736.4
1327430 735.7
1327440 736.9
1327450 736.9
1327460 735.1
1327470 731.1
1327480 731.1
1327490 726.6
1327500 723.4
1327510 723.4
1327520 722.0
1327530 725.0
1327540 725.0
1327550 730.1
1327560 735.1
1327570 735.1
1327580 740.1
1327590 744.6
1327600 744.6
1327610 746.8
1327620 747.2
1327630 747.2
1327640 747.0
1327650 747.0
1327660 747.0
1327670 746.9
1327680 749.2
1327690 749.2
1327700 749.6
1327710 749.8
1327720 749.8
1327730 750.3
1327740 749.8
1327750 747.7
1327760 747.7
1327770 747.8
1327780 750.4
1327790 750.4
1327800 752.7
1327810 753.7
1327820 753.7
1327830 754.2
1327840 754.6
1327850 754.6
1327860 754.9
1327870 755.1
1327880 755.1
1327890 755.3
1327900 755.5
1327910 755.5
1327920 755.5
1327930 754.7
1327940 754.7
1327950 754.1
1327960 753.8
1327970 753.8
1327980 752.0
1327990 749.9
1328000 749.9
1328010 750.9
1328020 753.2
1328030 753.2
1328040 757.3
1328050 758.2
1328060 758.4
1328070 758.7
1328080 759.0
1328090 759.2
1328100 759.2
1328110 759.4
1328120 759.7
1328130 759.7
1328140 760.1
1328150 760.5
1328160 760.5
1328170 761.0
1328180 760.9
1328190 760.9
1328200 761.0
1328210 761.4
1328220 761.4
1328230 761.9
1328240 762.2
1328250 762.2
1328260 762.6
1328270 762.8
1328280 762.8
1328290 763.0
1328300 763.1
1328310 763.1
1328320 761.8
1328330 759.3
1328340 759.3
1328350 758.9
1328360 762.5
1328370 762.5
1328380 764.6
1328390 764.7
1328400 764.7
1328410 765.0
1328420 765.8
1328430 765.8
1328440 766.1
1328450 764.9
1328460 761.0
1328470 761.0
1328480 756.1
1328490 754.2
1328500 754.2
1328510 755.6
1328520 754.0
1328530 754.0
1328540 753.0
1328550 753.2
1328560 753.2
1328570 754.2
1328580 756.6
1328590 756.6
1328600 757.8
1328610 756.6
1328620 756.6
1328630 760.5
1328640 766.2
1328650 766.2
1328660 769.9
1328670 770.6
1328680 770.6
1328690 770.3
1328700 770.2
1328710 770.2
1328720 769.9
1328730 768.2
1328740 768.2
1328750 765.1
1328760 761.6
1328770 761.6
1328780 758.9
1328790 757.7
1328800 757.7
1328810 757.2
1328820 756.2
1328830 755.7
1328840 755.7
1328850 756.4
1328860 757.1
1328870 757.1
1328880 756.1
1328890 756.4
1328900 756.4
1328910 756.8
1328920 757.7
1328930 757.7
1328940 758.5
1328950 759.1
1328960 759.1
1328970 759.7
1328980 760.2
1328990 760.2
1329000 760.9
1329010 761.0
1329020 761.0
1329030 761.6
1329040 762.0
1329050 762.0
1329060 762.5
1329070 762.9
1329080 762.9
1329090 763.3
1329100 764.4
1329110 764.4
1329120 765.4
1329130 766.8
1329140 766.8
1329150 767.7
1329160 768.0
1329170 768.3
1329180 768.3
1329190 769.2
1329200 770.2
1329210 770.2
1329220 771.3
1329230 772.2
1329240 772.2
1329250 772.6
1329260 773.0
1329270 773.0
1329280 773.4
1329290 773.7
1329300 773.7
1329310 774.3
1329320 775.1
1329330 775.1
1329340 776.0
1329350 776.2
1329360 776.2
1329370 776.5
1329380 777.1
1329390 777.1
1329400 777.3
1329410 776.7
1329420 776.7
1329430 776.5
1329440 776.9
1329450 776.9
1329460 777.1
1329470 777.5
1329480 777.5
1329490 777.8
1329500 778.4
1329510 778.4
1329520 778.5
1329530 779.3
1329540 780.6
1329550 780.6
1329560 781.2
1329570 782.1
1329580 782.1
1329590 782.8
1329600 782.7
1329610 782.7
1329620 782.9
1329630 782.5
1329640 782.5
1329650 782.4
1329660 783.6
1329670 783.6
1329680 785.4
1329690 787.2
1329700 787.2
1329710 787.0
1329720 788.1
1329730 788.1
1329740 788.2
1329750 788.4
1329760 788.4
1329770 787.5
1329780 788.5
1329790 788.5
1329800 790.6
1329810 791.5
1329820 791.5
1329830 792.5
1329840 793.1
1329850 793.1
1329860 793.5
1329870 794.1
1329880 794.7
1329890 794.7
1329900 795.1
1329910 795.8
1329920 795.8
1329930 796.6
1329940 796.9
1329950 796.9
1329960 796.6
1329970 796.6
1329980 796.6
1329990 796.9
1330000 797.3
1330010 797.3
1330020 798.7
1330030 799.9
1330040 799.9
1330050 801.1
1330060 802.0
1330070 802.0
1330080 802.7
1330090 803.3
1330100 803.3
1330110 803.9
1330120 804.6
1330130 804.6
1330140 805.3
1330150 806.0
1330160 806.0
1330170 806.7
1330180 807.1
1330190 807.1
1330200 807.5
1330210 808.2
1330220 808.2
1330230 808.4
1330240 808.6
1330250 809.0
1330260 809.0
1330270 809.7
1330280 811.2
1330290 811.2
1330300 812.8
1330310 813.6
1330320 813.6
1330330 814.2
1330340 814.4
1330350 814.4
1330360 813.0
1330370 812.5
1330380 812.5
1330390 812.7
1330400 814.2
1330410 814.2
1330420 815.1
1330430 816.1
1330440 816.1
1330450 816.9
1330460 818.2
1330470 818.2
1330480 820.4
1330490 822.2
1330500 822.2
1330510 823.0
1330520 823.8
1330530 823.8
1330540 826.6
1330550 828.1
1330560 828.1
1330570 827.6
1330580 827.2
1330590 826.8
1330600 826.8
1330610 826.7
1330620 827.3
1330630 827.3
1330640 827.9
1330650 828.7
1330660 828.7
1330670 829.6
1330680 830.3
1330690 830.3
1330700 830.3
1330710 830.3
1330720 830.3
1330730 830.1
1330740 830.1
1330750 830.1
1330760 830.2
1330770 831.4
1330780 831.4
1330790 832.5
1330800 833.8
1330810 833.8
1330820 834.5
1330830 834.7
1330840 834.7
1330850 835.0
1330860 835.6
1330870 835.6
1330880 836.3
1330890 836.9
1330900 836.9
1330910 837.6
1330920 838.3
1330930 838.3
1330940 839.2
1330950 840.1
1330960 840.9
1330970 840.9
1330980 842.5
1330990 844.9
1331000 844.9
1331010 848.9
1331020 853.1
1331030 853.1
1331040 856.9
1331050 860.1
1331060 860.1
1331070 863.0
1331080 866.2
1331090 866.2
1331100 870.0
1331110 874.3
1331120 874.3
1331130 877.9
1331140 881.6
1331150 881.6
1331160 884.6
1331170 887.7
1331180 887.7
1331190 891.1
1331200 894.1
1331210 894.1
1331220 897.4
1331230 902.0
1331240 902.0
1331250 908.2
1331260 913.0
1331270 913.0
1331280 918.7
1331290 923.7
1331300 926.8
1331310 926.8
1331320 928.3
1331330 930.5
1331340 930.5
1331350 934.4
1331360 938.9
1331370 948.0
1331380 952.5
1331390 957.2
1331400 957.2
1331410 962.6
1331420 970.2
1331430 970.2
1331440 977.2
1331450 985.5
1331460 985.5
1331470 993.2
1331480 997.6
1331490 997.6
1331500 998.7
1331510 996.9
1331520 996.9
1331530 997.0
1331540 999.1
1331550 999.1
1331560 1002.0
1331570 1004.8
1331580 1004.8
1331590 1007.1
1331600 1008.8
1331610 1008.8
1331620 1012.2
1331630 1021.4
1331640 1021.4
1331650 1033.4
1331660 1043.8
1331670 1049.9
1331680 1049.9
1331690 1054.1
1331700 1058.3
1331710 1058.3
1331720 1063.2
1331730 1071.3
1331740 1071.3
1331750 1080.4
1331760 1092.2
1331770 1092.2
1331780 1105.8
1331790 1117.8
1331800 1117.8
1331810 1125.4
1331820 1132.9
1331830 1132.9
1331840 1140.4
1331850 1144.2
1331860 1144.2
1331870 1144.4
1331880 1136.3
1331890 1136.3
1331900 1127.4
1331910 1117.9
1331920 1117.9
1331930 1129.9
1331940 1158.2
1331950 1158.2
1331960 1183.9
1331970 1198.7
1331980 1198.7
1331990 1220.2
1332000 1237.6
1332010 1245.7
1332020 1245.7
1332030 1253.7
1332040 1262.3
1332050 1262.3
1332060 1271.4
1332070 1275.8
1332080 1275.8
1332090 1279.1
1332100 1287.9
1332110 1287.9
1332120 1304.7
1332130 1325.1
1332140 1325.1
1332150 1338.2
1332160 1345.1
1332170 1345.1
1332180 1347.0
1332190 1343.9
1332200 1343.9
1332210 1350.5
1332220 1349.0
1332230 1349.0
1332240 1348.0
1332250 1348.5
1332260 1348.5
1332270 1353.3
1332280 1358.1
1332290 1358.1
1332300 1361.3
1332310 1363.7
1332320 1363.7
1332330 1364.5
1332340 1365.0
1332350 1365.0
1332360 1365.7
1332370 1364.6
1332380 1358.8
1332390 1358.8
1332400 1348.0
1332410 1342.1
1332420 1342.1
1332430 1346.0
1332440 1355.2
1332450 1355.2
1332460 1361.0
1332470 1364.9
1332480 1364.9
1332490 1366.8
1332500 1361.3
1332510 1361.3
1332520 1358.0
1332530 1359.5
1332540 1359.5
1332550 1360.6
1332560 1360.2
1332570 1360.2
1332580 1360.6
1332590 1359.2
1332600 1359.2
1332610 1356.3
1332620 1351.4
1332630 1351.4
1332640 1345.8
1332650 1344.4
1332660 1344.4
1332670 1346.9
1332680 1351.2
1332690 1351.2
1332700 1356.1
1332710 1361.6
1332720 1361.6
1332730 1367.4
1332740 1372.6
1332750 1378.3
1332760 1378.3
1332770 1383.4
1332780 1385.2
1332790 1385.2
1332800 1387.3
1332810 1387.9
1332820 1387.9
1332830 1388.3
1332840 1389.6
1332850 1389.6
1332860 1392.0
1332870 1395.0
1332880 1395.0
1332890 1398.2
1332900 1400.8
1332910 1400.8
1332920 1402.9
1332930 1403.7
1332940 1403.7
1332950 1401.9
1332960 1397.1
1332970 1397.1
1332980 1392.9
1332990 1390.8
1333000 1390.8
1333010 1387.7
1333020 1382.0
1333030 1382.0
1333040 1374.9
1333050 1366.8
1333060 1366.8
1333070 1359.2
1333080 1348.8
1333090 1341.2
1333100 1341.2
1333110 1341.3
1333120 1341.7
1333130 1341.7
1333140 1340.4
1333150 1335.2
1333160 1335.2
1333170 1334.9
1333180 1337.0
1333190 1337.0
1333200 1340.0
1333210 1344.2
1333220 1344.2
1333230 1349.4
1333240 1355.1
1333250 1355.1
1333260 1362.3
1333270 1370.4
1333280 1370.4
1333290 1374.3
1333300 1373.6
1333310 1373.6
1333320 1370.2
1333330 1370.8
1333340 1370.8
1333350 1373.5
1333360 1377.3
1333370 1377.3
1333380 1381.7
1333390 1388.0
1333400 1388.0
1333410 1395.2
1333420 1400.8
1333430 1400.8
1333440 1405.3
1333450 1408.3
1333460 1410.4
1333470 1410.4
1333480 1411.6
1333490 1412.4
1333500 1412.4
1333510 1411.6
1333520 1411.5
1333530 1411.5
1333540 1412.4
1333550 1414.4
1333560 1414.4
1333570 1417.5
1333580 1420.6
1333590 1420.6
1333600 1423.8
1333610 1426.5
1333620 1426.5
1333630 1428.4
1333640 1429.8
1333650 1429.8
1333660 1430.0
1333670 1430.3
1333680 1430.3
1333690 1431.3
1333700 1431.6
1333710 1431.6
1333720 1430.5
1333730 1429.0
1333740 1429.0
1333750 1426.9
1333760 1424.3
1333770 1424.3
1333780 1421.0
1333790 1416.8
1333800 1411.3
1333810 1411.3
1333820 1406.2
1333830 1401.7
1333840 1401.7
1333850 1397.9
1333860 1393.8
1333870 1393.8
1333880 1390.4
1333890 1388.1
1333900 1393.0
1333910 1388.1
1333920 1381.4
1333930 1381.4
1333940 1374.6
1333950 1367.3
1333960 1367.3
1333970 1362.9
1333980 1360.3
1333990 1360.3
1334000 1357.6
1334010 1356.4
1334020 1356.4
1334030 1355.8
1334040 1354.4
1334050 1354.4
1334060 1352.0
1334070 1347.9
1334080 1347.9
1334090 1343.3
1334100 1344.2
1334110 1344.2
1334120 1347.6
1334130 1350.2
1334140 1350.2
1334150 1350.1
1334160 1346.9
1334170 1342.6
1334180 1342.6
1334190 1337.9
1334200 1341.2
1334210 1341.2
1334220 1346.7
1334230 1352.2
1334240 1352.2
1334250 1357.1
1334260 1362.0
1334270 1362.0
1334280 1366.8
1334290 1371.3
1334300 1371.3
1334310 1376.5
1334320 1382.0
1334330 1382.0
1334340 1387.5
1334350 1392.9
1334360 1392.9
1334370 1398.2
1334380 1403.6
1334390 1403.6
1334400 1409.3
1334410 1413.7
1334420 1413.7
1334430 1419.2
1334440 1424.6
1334450 1424.6
1334460 1429.0
1334470 1433.2
1334480 1433.2
1334490 1436.3
1334500 1440.1
1334510 1442.5
1334520 1442.5
1334530 1440.9
1334540 1433.9
1334550 1433.9
1334560 1426.0
1334570 1418.6
1334580 1418.6
1334590 1411.7
1334600 1406.5
1334610 1406.5
1334620 1401.7
1334630 1396.2
1334640 1396.2
1334650 1390.8
1334660 1386.2
1334670 1386.2
1334680 1381.0
1334690 1375.5
1334700 1375.5
1334710 1370.0
1334720 1364.1
1334730 1364.1
1334740 1358.0
1334750 1351.5
1334760 1351.5
1334770 1345.0
1334780 1339.8
1334790 1339.8
1334800 1335.6
1334810 1330.9
1334820 1330.9
1334830 1326.4
1334840 1321.2
1334850 1321.2
1334860 1316.7
1334870 1310.7
1334880 1305.1
1334890 1305.1
1334900 1302.9
1334910 1300.7
1334920 1300.7
1334930 1297.9
1334940 1297.3
1334950 1297.3
1334960 1296.8
1334970 1293.8
1334980 1293.8
1334990 1288.0
1335000 1284.4
1335010 1284.4
1335020 1278.6
1335030 1269.8
1335040 1269.8
1335050 1260.7
1335060 1250.1
1335070 1250.1
1335080 1247.2
1335090 1249.2
1335100 1249.2
1335110 1247.3
1335120 1244.7
1335130 1244.7
1335140 1240.4
1335150 1235.6
1335160 1235.6
1335170 1231.0
1335180 1226.3
1335190 1226.3
1335200 1221.0
1335210 1216.0
1335220 1214.4
1335230 1214.4
1335240 1212.2
1335250 1209.7
1335260 1209.7
1335270 1207.8
1335280 1205.2
1335290 1205.2
1335300 1203.5
1335310 1202.4
1335320 1202.4
1335330 1200.6
1335340 1198.3
1335350 1198.3
1335360 1194.6
1335370 1190.9
1335380 1190.9
1335390 1186.5
1335400 1180.5
1335410 1180.5
1335420 1173.2
1335430 1167.0
1335440 1167.0
1335450 1159.8
1335460 1152.3
1335470 1152.3
1335480 1144.1
1335490 1134.9
1335500 1134.9
1335510 1126.6
1335520 1119.3
1335530 1119.3
1335540 1111.2
1335550 1103.5
1335560 1103.5
1335570 1096.1
1335580 1090.3
1335590 1084.6
1335600 1084.6
1335610 1084.0
1335620 1078.6
1335630 1078.6
1335640 1073.2
1335650 1067.6
1335660 1067.6
1335670 1061.9
1335680 1055.3
1335690 1055.3
1335700 1050.3
1335710 1045.8
1335720 1045.8
1335730 1041.5
1335740 1038.1
1335750 1038.1
1335760 1035.3
1335770 1031.4
1335780 1031.4
1335790 1027.5
1335800 1024.7
1335810 1024.7
1335820 1022.7
1335830 1020.6
1335840 1020.6
1335850 1017.4
1335860 1013.6
1335870 1013.6
1335880 1009.6
1335890 1008.7
1335900 1008.7
1335910 1010.6
1335920 1014.4
1335930 1018.2
1335940 1018.2
1335950 1022.0
1335960 1026.4
1335970 1026.4
1335980 1031.1
1335990 1036.4
1336000 1036.4
1336010 1042.0
1336020 1047.0
1336030 1047.0
1336040 1051.5
1336050 1056.3
1336060 1056.3
1336070 1061.3
1336080 1066.1
1336090 1066.1
1336100 1070.9
1336110 1075.1
1336120 1075.1
1336130 1079.4
1336140 1084.9
1336150 1084.9
1336160 1091.4
1336170 1098.0
1336180 1098.0
1336190 1104.3
1336200 1110.7
1336210 1110.7
1336220 1117.4
1336230 1123.9
1336240 1123.9
1336250 1129.9
1336260 1136.5
1336270 1136.5
1336280 1143.9
1336290 1150.8
1336300 1156.9
1336310 1156.9
1336320 1163.7
1336330 1171.4
1336340 1171.4
1336350 1178.2
1336360 1184.4
1336370 1184.4
1336380 1190.7
1336390 1196.8
1336400 1196.8
1336410 1203.0
1336420 1209.8
1336430 1209.8
1336440 1216.3
1336450 1223.5
1336460 1223.5
1336470 1231.2
1336480 1244.0
1336490 1244.0
1336500 1255.6
1336510 1266.1
1336520 1266.1
1336530 1276.6
1336540 1285.6
1336550 1285.6
1336560 1294.7
1336570 1305.6
1336580 1305.6
1336590 1322.2
1336600 1336.0
1336610 1336.0
1336620 1350.4
1336630 1362.8
1336640 1372.2
1336650 1372.2
1336660 1379.8
1336670 1388.2
1336680 1388.2
1336690 1397.1
1336700 1406.1
1336710 1406.1
1336720 1414.0
1336730 1419.5
1336740 1419.5
1336750 1425.4
1336760 1430.8
1336770 1430.8
1336780 1433.1
1336790 1435.4
1336800 1435.4
1336810 1438.7
1336820 1443.6
1336830 1443.6
1336840 1448.4
1336850 1453.6
1336860 1453.6
1336870 1459.2
1336880 1464.9
1336890 1464.9
1336900 1469.8
1336910 1474.1
1336920 1474.1
1336930 1478.1
1336940 1483.6
1336950 1483.6
1336960 1489.4
1336970 1495.2
1336980 1495.2
1336990 1501.2
1337000 1506.5
1337010 1511.5
1337020 1511.5
1337030 1516.5
1337040 1520.4
1337050 1520.4
1337060 1522.7
1337070 1520.4
1337080 1520.4
1337090 1518.3
1337100 1513.9
1337110 1513.9
1337120 1507.0
1337130 1499.3
1337140 1499.3
1337150 1491.4
1337160 1483.7
1337170 1483.7
1337180 1476.3
1337190 1469.1
1337200 1469.1
1337210 1462.7
1337220 1456.7
1337230 1456.7
1337240 1450.6
1337250 1444.6
1337260 1444.6
1337270 1439.0
1337280 1433.2
1337290 1433.2
1337300 1428.5
1337310 1423.4
1337320 1423.4
1337330 1416.6
1337340 1409.5
1337350 1409.5
1337360 1404.4
1337370 1398.6
1337380 1391.2
1337390 1391.2
1337400 1383.9
1337410 1377.1
1337420 1377.1
1337430 1370.4
1337440 1364.6
1337450 1364.6
1337460 1360.5
1337470 1357.7
1337480 1357.7
1337490 1355.8
1337500 1355.1
1337510 1355.1
1337520 1354.0
1337530 1351.3
1337540 1351.3
1337550 1346.2
1337560 1341.1
1337570 1341.1
1337580 1336.6
1337590 1334.8
1337600 1334.8
1337610 1338.5
1337620 1345.2
1337630 1345.2
1337640 1350.8
1337650 1355.1
1337660 1355.1
1337670 1359.9
1337680 1365.0
1337690 1365.0
1337700 1369.3
1337710 1373.3
1337720 1377.2
1337730 1377.2
1337740 1379.8
1337750 1382.0
1337760 1382.0
1337770 1383.3
1337780 1384.5
1337790 1384.5
1337800 1387.0
1337810 1389.5
1337820 1389.5
1337830 1391.4
1337840 1393.9
1337850 1393.9
1337860 1395.7
1337870 1397.3
1337880 1397.3
1337890 1399.5
1337900 1402.1
1337910 1402.1
1337920 1404.3
1337930 1405.1
1337940 1405.1
1337950 1405.8
1337960 1408.0
1337970 1408.0
1337980 1410.8
1337990 1413.7
1338000 1413.7
1338010 1416.5
1338020 1418.6
1338030 1418.6
1338040 1420.4
1338050 1421.4
1338060 1421.4
1338070 1422.8
1338080 1424.7
1338090 1427.2
1338100 1427.2
1338110 1429.3
1338120 1430.5
1338130 1430.5
1338140 1431.6
1338150 1433.9
1338160 1433.9
1338170 1435.9
1338180 1437.1
1338190 1437.1
1338200 1438.2
1338210 1435.9
1338220 1435.9
1338230 1437.4
1338240 1439.3
1338250 1439.3
1338260 1441.5
1338270 1444.0
1338280 1444.0
1338290 1445.7
1338300 1445.6
1338310 1445.6
1338320 1444.2
1338330 1443.5
1338340 1443.5
1338350 1442.7
1338360 1442.8
1338370 1442.8
1338380 1443.8
1338390 1444.3
1338400 1444.3
1338410 1444.2
1338420 1443.9
1338430 1442.9
1338440 1442.9
1338450 1441.7
1338460 1440.5
1338470 1440.5
1338480 1439.3
1338490 1437.3
1338500 1437.3
1338510 1434.8
1338520 1433.3
1338530 1433.3
1338540 1432.7
1338550 1432.2
1338560 1432.2
1338570 1431.4
1338580 1429.9
1338590 1429.9
1338600 1427.4
1338610 1425.6
1338620 1425.6
1338630 1422.9
1338640 1419.4
1338650 1419.4
1338660 1416.1
1338670 1413.7
1338680 1413.7
1338690 1410.5
1338700 1407.1
1338710 1407.1
1338720 1404.3
1338730 1402.3
1338740 1402.3
1338750 1401.0
1338760 1401.1
1338770 1401.1
1338780 1402.5
1338790 1404.5
1338800 1406.7
1338810 1406.7
1338820 1408.7
1338830 1411.3
1338840 1411.3
1338850 1414.5
1338860 1416.8
1338870 1416.8
1338880 1418.4
1338890 1420.8
1338900 1420.8
1338910 1426.4
1338920 1432.9
1338930 1432.9
1338940 1438.4
1338950 1442.9
1338960 1442.9
1338970 1446.6
1338980 1448.3
1338990 1448.3
1339000 1448.2
1339010 1449.4
1339020 1449.4
1339030 1449.2
1339040 1450.0
1339050 1450.0
1339060 1451.2
1339070 1452.3
1339080 1452.3
1339090 1448.2
1339100 1450.5
1339110 1450.5
1339120 1452.4
1339130 1454.6
1339140 1456.3
1339150 1456.3
1339160 1458.5
1339170 1461.2
1339180 1461.2
1339190 1463.6
1339200 1465.7
1339210 1465.7
1339220 1468.2
1339230 1470.7
1339240 1470.7
1339250 1474.2
1339260 1479.2
1339270 1479.2
1339280 1483.5
1339290 1486.8
1339300 1486.8
1339310 1489.4
1339320 1491.7
1339330 1491.7
1339340 1494.4
1339350 1497.4
1339360 1497.4
1339370 1499.3
1339380 1501.2
1339390 1501.2
1339400 1503.9
1339410 1507.9
1339420 1507.9
1339430 1511.9
1339440 1514.6
1339450 1514.6
1339460 1518.0
1339470 1521.7
1339480 1521.7
1339490 1524.6
1339500 1527.9
1339510 1530.8
1339520 1530.8
1339530 1532.4
1339540 1532.9
1339550 1532.9
1339560 1533.7
1339570 1534.0
1339580 1534.0
1339590 1533.3
1339600 1533.3
1339610 1533.3
1339620 1535.3
1339630 1537.3
1339640 1537.3
1339650 1538.9
1339660 1538.9
1339670 1538.9
1339680 1538.4
1339690 1539.6
1339700 1539.6
1339710 1541.8
1339720 1543.5
1339730 1543.5
1339740 1544.8
1339750 1546.9
1339760 1546.9
1339770 1549.1
1339780 1550.4
1339790 1550.4
1339800 1551.9
1339810 1553.3
1339820 1553.3
1339830 1554.7
1339840 1556.1
1339850 1556.1
1339860 1558.6
1339870 1560.3
1339880 1554.1
1339890 1554.1
1339900 1541.5
1339910 1528.8
1339920 1528.8
1339930 1523.1
1339940 1515.9
1339950 1515.9
1339960 1509.0
1339970 1491.1
1339980 1491.1
1339990 1479.4
