1320000 1025.0
1320010 1025.0
1320020 1023.4
1320030 1023.3
1320040 1023.3
1320050 1022.6
1320060 1019.7
1320070 1019.7
1320080 1019.1
1320090 1016.2
1320100 1016.2
1320110 1013.1
1320120 1010.8
1320130 1010.8
1320140 1008.2
1320150 1005.2
1320160 1002.9
1320170 1002.9
1320180 1003.8
1320190 1005.2
1320200 1005.2
1320210 1000.4
1320220 997.3
1320230 997.3
1320240 989.8
1320250 986.9
1320260 986.9
1320270 987.5
1320280 987.0
1320290 987.0
1320300 981.7
1320310 980.9
1320320 980.9
1320330 985.8
1320340 992.4
1320350 992.4
1320360 997.3
1320370 998.8
1320380 998.8
1320390 999.5
1320400 999.6
1320410 999.6
1320420 999.8
1320430 1001.8
1320440 1001.8
1320450 1000.7
1320460 996.5
1320470 996.5
1320480 993.3
1320490 993.4
1320500 993.4
1320510 991.7
1320520 998.0
1320530 1006.1
1320540 1006.1
1320550 1010.8
1320560 1017.4
1320570 1017.4
1320580 1023.0
1320590 1029.0
1320600 1029.0
1320610 1035.2
1320620 1035.2
1320630 1035.2
1320640 1029.8
1320650 1027.3
1320660 1027.3
1320670 1028.7
1320680 1032.2
1320690 1032.2
1320700 1036.4
1320710 1037.4
1320720 1037.4
1320730 1035.9
1320740 1033.8
1320750 1033.8
1320760 1031.7
1320770 1030.1
1320780 1030.1
1320790 1029.2
1320800 1030.0
1320810 1030.0
1320820 1031.0
1320830 1031.3
1320840 1031.3
1320850 1029.5
1320860 1021.5
1320870 1021.5
1320880 1010.3
1320890 1000.5
1320900 992.7
1320910 992.7
1320920 989.1
1320930 994.3
1320940 994.3
1320950 997.2
1320960 1002.5
1320970 1002.5
1320980 1006.5
1320990 1009.1
1321000 1016.2
1321010 1018.2
1321020 1017.5
1321030 1017.5
1321040 1016.0
1321050 1011.9
1321060 1011.9
1321070 1004.9
1321080 997.5
1321090 997.5
1321100 991.0
1321110 986.9
1321120 986.9
1321130 987.7
1321140 984.8
1321150 984.8
1321160 977.3
1321170 972.1
1321180 972.1
1321190 972.5
1321200 976.5
1321210 976.5
1321220 985.2
1321230 992.2
1321240 992.2
1321250 996.6
1321260 1005.3
1321270 1012.1
1321280 1012.1
1321290 1018.9
1321300 1025.7
1321310 1025.7
1321320 1032.6
1321330 1039.0
1321340 1039.0
1321350 1046.6
1321360 1053.8
1321370 1053.8
1321380 1058.9
1321390 1062.8
1321400 1062.8
1321410 1065.2
1321420 1066.5
1321430 1066.5
1321440 1069.4
1321450 1073.4
1321460 1073.4
1321470 1076.0
1321480 1078.3
1321490 1078.3
1321500 1080.5
1321510 1082.1
1321520 1082.1
1321530 1082.9
1321540 1082.2
1321550 1082.2
1321560 1079.1
1321570 1078.9
1321580 1078.9
1321590 1079.2
1321600 1076.7
1321610 1071.5
1321620 1071.5
1321630 1066.5
1321640 1063.8
1321650 1063.8
1321660 1059.8
1321670 1057.0
1321680 1057.0
1321690 1053.1
1321700 1050.2
1321710 1050.2
1321720 1047.5
1321730 1038.0
1321740 1038.0
1321750 1029.4
1321760 1023.4
1321770 1023.4
1321780 1017.5
1321790 1017.3
1321800 1017.3
1321810 1025.7
1321820 1036.1
1321830 1036.1
1321840 1045.8
1321850 1056.8
1321860 1056.8
1321870 1068.2
1321880 1079.1
1321890 1079.1
1321900 1085.9
1321910 1094.7
1321920 1094.7
1321930 1100.8
1321940 1100.5
1321950 1100.5
1321960 1100.2
1321970 1100.1
1321980 1099.2
1321990 1099.2
1322000 1100.1
1322010 1101.0
1322020 1101.0
1322030 1101.8
1322040 1102.4
1322050 1102.4
1322060 1103.9
1322070 1105.9
1322080 1105.9
1322090 1108.0
1322100 1109.3
1322110 1109.3
1322120 1110.3
1322130 1111.4
1322140 1111.4
1322150 1112.0
1322160 1112.4
1322170 1112.4
1322180 1112.9
1322190 1114.1
1322200 1114.1
1322210 1115.0
1322220 1115.3
1322230 1115.3
1322240 1116.0
1322250 1116.7
1322260 1116.7
1322270 1117.0
1322280 1116.4
1322290 1116.4
1322300 1115.1
1322310 1114.5
1322320 1114.5
1322330 1113.5
1322340 1112.0
1322350 1111.0
1322360 1111.0
1322370 1109.6
1322380 1106.6
1322390 1106.6
1322400 1101.9
1322410 1095.9
1322420 1095.9
1322430 1089.8
1322440 1084.3
1322450 1084.3
1322460 1079.2
1322470 1073.8
1322480 1073.8
1322490 1067.7
1322500 1060.8
1322510 1060.8
1322520 1053.6
1322530 1046.6
1322540 1046.6
1322550 1039.3
1322560 1034.0
1322570 1036.8
1322580 1040.6
1322590 1043.7
1322600 1043.7
1322610 1048.1
1322620 1051.2
1322630 1051.2
1322640 1053.9
1322650 1056.0
1322660 1056.0
1322670 1057.8
1322680 1061.1
1322690 1061.1
1322700 1063.2
1322710 1065.0
1322720 1066.9
1322730 1066.9
1322740 1068.8
1322750 1069.6
1322760 1069.6
1322770 1069.7
1322780 1069.6
1322790 1069.6
1322800 1068.3
1322810 1066.4
1322820 1066.4
1322830 1065.2
1322840 1062.1
1322850 1062.1
1322860 1059.8
1322870 1059.5
1322880 1059.5
1322890 1059.3
1322900 1059.1
1322910 1059.1
1322920 1058.4
1322930 1056.9
1322940 1056.9
1322950 1054.4
1322960 1051.8
1322970 1051.8
1322980 1049.0
1322990 1045.2
1323000 1045.2
1323010 1042.0
1323020 1036.8
1323030 1036.8
1323040 1031.1
1323050 1031.4
1323060 1029.6
1323070 1029.6
1323080 1027.7
1323090 1026.3
1323100 1026.3
1323110 1024.3
1323120 1022.1
1323130 1022.1
1323140 1020.1
1323150 1017.9
1323160 1017.9
1323170 1015.9
1323180 1013.5
1323190 1013.5
1323200 1011.4
1323210 1007.8
1323220 1007.8
1323230 1004.8
1323240 1000.7
1323250 1000.7
1323260 995.1
1323270 996.0
1323280 996.0
1323290 1001.2
1323300 1001.5
1323310 1001.5
1323320 1001.9
1323330 1003.3
1323340 1003.3
1323350 1003.5
1323360 1003.6
1323370 1008.6
1323380 1005.8
1323390 1002.7
1323400 1002.7
1323410 999.7
1323420 998.2
1323430 998.4
1323440 998.4
1323450 999.6
1323460 998.1
1323470 998.1
1323480 994.8
1323490 991.3
1323500 991.3
1323510 988.1
1323520 989.3
1323530 989.3
1323540 992.3
1323550 990.1
1323560 990.1
1323570 987.9
1323580 990.3
1323590 990.3
1323600 990.1
1323610 985.6
1323620 985.6
1323630 980.6
1323640 979.7
1323650 979.7
1323660 978.9
1323670 978.2
1323680 978.2
1323690 978.8
1323700 979.5
1323710 979.5
1323720 981.0
1323730 982.1
1323740 982.1
1323750 982.1
1323760 982.1
1323770 982.1
1323780 980.7
1323790 978.6
1323800 970.0
1323810 970.0
1323820 961.0
1323830 961.7
1323840 961.7
1323850 964.2
1323860 966.3
1323870 966.3
1323880 967.2
1323890 968.0
1323900 968.0
1323910 966.3
1323920 963.5
1323930 963.5
1323940 960.5
1323950 957.2
1323960 957.2
1323970 950.6
1323980 939.9
1323990 939.9
1324000 939.9
1324010 944.3
1324020 944.3
1324030 949.3
1324040 950.2
1324050 950.2
1324060 950.6
1324070 951.0
1324080 951.0
1324090 949.0
1324100 946.7
1324110 946.7
1324120 943.6
1324130 944.2
1324140 946.5
1324150 946.5
1324160 949.1
1324170 948.6
1324180 948.6
1324190 946.9
1324200 945.2
1324210 945.2
1324220 944.1
1324230 941.1
1324240 941.1
1324250 939.7
1324260 939.7
1324270 939.7
1324280 944.5
1324290 948.3
1324300 948.3
1324310 948.0
1324320 948.4
1324330 948.4
1324340 950.9
1324350 951.1
1324360 951.1
1324370 950.0
1324380 949.6
1324390 949.6
1324400 949.8
1324410 949.4
1324420 949.4
1324430 948.0
1324440 946.1
1324450 946.1
1324460 943.9
1324470 941.2
1324480 941.2
1324490 938.1
1324500 937.3
1324510 938.8
1324520 938.8
1324530 938.9
1324540 937.6
1324550 937.6
1324560 937.3
1324570 936.6
1324580 936.6
1324590 935.2
1324600 933.7
1324610 933.7
1324620 932.3
1324630 931.2
1324640 931.2
1324650 930.1
1324660 930.1
1324670 930.1
1324680 930.8
1324690 931.3
1324700 931.3
1324710 930.6
1324720 929.5
1324730 929.5
1324740 927.7
1324750 925.3
1324760 925.3
1324770 923.6
1324780 924.1
1324790 924.1
1324800 928.7
1324810 932.3
1324820 932.3
1324830 932.9
1324840 928.6
1324850 928.6
1324860 922.3
1324870 915.6
1324880 912.0
1324890 912.0
1324900 910.7
1324910 910.4
1324920 910.4
1324930 910.5
1324940 909.2
1324950 909.2
1324960 913.6
1324970 913.2
1324980 913.2
1324990 915.7
1325000 915.9
1325010 915.9
1325020 913.1
1325030 908.9
1325040 908.9
1325050 906.6
1325060 899.3
1325070 899.3
1325080 892.3
1325090 888.1
1325100 888.1
1325110 884.3
1325120 880.1
1325130 880.1
1325140 875.8
1325150 872.6
1325160 872.6
1325170 869.4
1325180 865.5
1325190 865.5
1325200 861.2
1325210 857.8
1325220 857.8
1325230 855.9
1325240 854.1
1325250 851.7
1325260 851.7
1325270 849.2
1325280 845.3
1325290 845.3
1325300 841.4
1325310 838.9
1325320 838.9
1325330 835.6
1325340 832.0
1325350 832.0
1325360 828.4
1325370 825.4
1325380 825.4
1325390 822.4
1325400 820.6
1325410 820.6
1325420 818.7
1325430 815.8
1325440 815.8
1325450 812.5
1325460 808.9
1325470 808.9
1325480 805.0
1325490 801.1
1325500 801.1
1325510 797.1
1325520 792.9
1325530 792.9
1325540 788.2
1325550 785.3
1325560 785.3
1325570 783.3
1325580 781.9
1325590 780.3
1325600 780.3
1325610 778.2
1325620 775.3
1325630 775.3
1325640 771.3
1325650 767.1
1325660 767.1
1325670 765.9
1325680 766.6
1325690 766.6
1325700 766.6
1325710 766.2
1325720 766.2
1325730 765.8
1325740 764.8
1325750 764.8
1325760 762.4
1325770 761.6
1325780 761.6
1325790 758.8
1325800 755.0
1325810 755.0
1325820 751.5
1325830 747.5
1325840 747.5
1325850 744.1
1325860 740.6
1325870 740.6
1325880 735.6
1325890 731.8
1325900 731.8
1325910 728.7
1325920 727.5
1325930 727.5
1325940 727.8
1325950 727.9
1325960 727.6
1325970 727.6
1325980 727.0
1325990 726.3
1326000 726.3
1326010 726.7
1326020 727.5
1326030 727.5
1326040 727.8
1326050 727.9
1326060 727.9
1326070 729.4
1326080 733.8
1326090 733.8
1326100 737.2
1326110 739.1
1326120 739.1
1326130 742.1
1326140 745.9
1326150 745.9
1326160 749.9
1326170 754.2
1326180 754.2
1326190 759.4
1326200 765.4
1326210 765.4
1326220 770.5
1326230 774.9
1326240 774.9
1326250 779.6
1326260 784.1
1326270 784.1
1326280 786.7
1326290 786.7
1326300 786.7
1326310 783.6
1326320 780.2
1326330 778.5
1326340 778.5
1326350 777.7
1326360 773.8
1326370 773.8
1326380 772.1
1326390 772.1
1326400 772.1
1326410 773.8
1326420 774.6
1326430 774.6
1326440 780.6
1326450 792.8
1326460 792.8
1326470 802.1
1326480 807.9
1326490 807.9
1326500 811.6
1326510 812.9
1326520 812.9
1326530 813.7
1326540 814.7
1326550 814.7
1326560 816.6
1326570 820.5
1326580 820.5
1326590 823.1
1326600 825.9
1326610 825.9
1326620 829.2
1326630 832.7
1326640 832.7
1326650 835.3
1326660 837.4
1326670 839.1
1326680 839.1
1326690 840.9
1326700 843.4
1326710 843.4
1326720 846.8
1326730 850.4
1326740 850.4
1326750 852.9
1326760 854.9
1326770 854.9
1326780 856.4
1326790 857.8
1326800 857.8
1326810 859.1
1326820 860.5
1326830 860.5
1326840 861.7
1326850 862.7
1326860 862.7
1326870 862.9
1326880 863.0
1326890 863.0
1326900 863.0
1326910 863.5
1326920 863.5
1326930 864.5
1326940 866.1
1326950 866.1
1326960 868.1
1326970 870.6
1326980 870.6
1326990 873.7
1327000 875.7
1327010 875.7
1327020 877.1
1327030 879.3
1327040 881.6
1327050 881.6
1327060 881.8
1327070 882.6
1327080 882.6
1327090 885.7
1327100 888.5
1327110 888.5
1327120 892.0
1327130 894.4
1327140 894.4
1327150 894.2
1327160 894.2
1327170 894.2
1327180 894.0
1327190 891.9
1327200 891.9
1327210 885.3
1327220 881.2
1327230 881.2
1327240 880.6
1327250 882.7
1327260 882.7
1327270 886.0
1327280 887.7
1327290 887.7
1327300 887.6
1327310 889.0
1327320 889.0
1327330 891.0
1327340 894.5
1327350 894.5
1327360 897.0
1327370 898.9
1327380 907.5
1327390 908.6
1327400 909.2
1327410 910.3
1327420 910.3
1327430 911.1
1327440 911.5
1327450 911.5
1327460 911.5
1327470 911.2
1327480 911.2
1327490 915.1
1327500 921.9
1327510 921.9
1327520 927.7
1327530 934.2
1327540 934.2
1327550 941.5
1327560 945.4
1327570 945.4
1327580 949.4
1327590 956.4
1327600 956.4
1327610 961.7
1327620 964.5
1327630 964.5
1327640 966.5
1327650 969.4
1327660 969.4
1327670 972.7
1327680 975.5
1327690 975.5
1327700 978.4
1327710 982.2
1327720 982.2
1327730 986.4
1327740 990.5
1327750 990.5
1327760 994.6
1327770 998.8
1327780 1003.2
1327790 1003.2
1327800 1007.3
1327810 1011.5
1327820 1011.5
1327830 1015.4
1327840 1019.0
1327850 1019.0
1327860 1022.1
1327870 1024.7
1327880 1024.7
1327890 1026.7
1327900 1028.7
1327910 1028.7
1327920 1029.8
1327930 1028.1
1327940 1028.1
1327950 1025.4
1327960 1024.5
1327970 1024.5
1327980 1023.9
1327990 1023.2
1328000 1023.2
1328010 1023.1
1328020 1023.4
1328030 1023.4
1328040 1025.0
1328050 1026.9
1328060 1026.9
1328070 1028.7
1328080 1031.0
1328090 1031.0
1328100 1032.4
1328110 1034.9
1328120 1037.8
1328130 1037.8
1328140 1040.0
1328150 1042.3
1328160 1042.3
1328170 1044.3
1328180 1046.7
1328190 1046.7
1328200 1050.0
1328210 1052.3
1328220 1052.3
1328230 1054.5
1328240 1056.9
1328250 1056.9
1328260 1061.5
1328270 1067.5
1328280 1067.5
1328290 1073.4
1328300 1078.3
1328310 1078.3
1328320 1082.0
1328330 1086.0
1328340 1086.0
1328350 1090.8
1328360 1096.3
1328370 1096.3
1328380 1102.3
1328390 1108.6
1328400 1108.6
1328410 1114.4
1328420 1120.9
1328430 1120.9
1328440 1127.7
1328450 1135.2
1328460 1135.2
1328470 1141.4
1328480 1148.2
1328490 1154.6
1328500 1154.6
1328510 1161.2
1328520 1167.6
1328530 1167.6
1328540 1173.5
1328550 1177.8
1328560 1177.8
1328570 1182.2
1328580 1187.2
1328590 1187.2
1328600 1192.1
1328610 1196.2
1328620 1196.2
1328630 1199.3
1328640 1202.8
1328650 1202.8
1328660 1205.3
1328670 1207.1
1328680 1207.1
1328690 1208.6
1328700 1209.9
1328710 1209.9
1328720 1211.5
1328730 1213.2
1328740 1213.2
1328750 1214.8
1328760 1215.6
1328770 1215.6
1328780 1215.9
1328790 1217.0
1328800 1217.0
1328810 1218.3
1328820 1218.7
1328830 1218.7
1328840 1217.7
1328850 1217.3
1328860 1217.3
1328870 1217.3
1328880 1216.2
1328890 1213.4
1328900 1213.4
1328910 1212.7
1328920 1214.4
1328930 1214.4
1328940 1216.9
1328950 1220.0
1328960 1220.0
1328970 1223.2
1328980 1225.9
1328990 1225.9
1329000 1228.4
1329010 1231.3
1329020 1230.8
1329030 1234.2
1329040 1236.9
1329050 1236.9
1329060 1237.3
1329070 1236.2
1329080 1236.2
1329090 1239.1
1329100 1242.8
1329110 1242.8
1329120 1245.8
1329130 1248.2
1329140 1248.2
1329150 1250.7
1329160 1253.1
1329170 1253.1
1329180 1255.6
1329190 1257.8
1329200 1257.8
1329210 1259.4
1329220 1260.4
1329230 1260.3
1329240 1260.3
1329250 1262.4
1329260 1265.0
1329270 1265.0
1329280 1264.9
1329290 1262.6
1329300 1262.6
1329310 1261.5
1329320 1259.6
1329330 1259.6
1329340 1260.0
1329350 1258.8
1329360 1258.8
1329370 1255.1
1329380 1253.2
1329390 1253.2
1329400 1252.5
1329410 1253.3
1329420 1253.3
1329430 1254.7
1329440 1256.9
1329450 1256.9
1329460 1260.4
1329470 1265.1
1329480 1265.1
1329490 1267.9
1329500 1270.3
1329510 1270.3
1329520 1273.5
1329530 1276.9
1329540 1276.9
1329550 1279.7
1329560 1282.4
1329570 1285.2
1329580 1285.2
1329590 1288.0
1329600 1289.3
1329610 1289.3
1329620 1291.6
1329630 1295.1
1329640 1295.1
1329650 1298.9
1329660 1302.7
1329670 1302.7
1329680 1306.2
1329690 1309.4
1329700 1309.4
1329710 1312.9
1329720 1316.4
1329730 1316.4
1329740 1319.4
1329750 1322.6
1329760 1322.6
1329770 1324.4
1329780 1327.0
1329790 1327.0
1329800 1330.9
1329810 1333.7
1329820 1333.7
1329830 1336.3
1329840 1338.2
1329850 1341.8
1329860 1343.3
1329870 1345.4
1329880 1345.4
1329890 1348.4
1329900 1351.9
1329910 1351.9
1329920 1354.9
1329930 1357.5
1329940 1358.6
1329950 1358.6
1329960 1361.0
1329970 1363.2
1329980 1363.2
1329990 1365.5
1330000 1366.6
1330010 1366.6
1330020 1365.9
1330030 1366.6
1330040 1366.6
1330050 1369.2
1330060 1372.2
1330070 1372.2
1330080 1374.4
1330090 1375.6
1330100 1375.6
1330110 1376.1
1330120 1376.1
1330130 1376.1
1330140 1376.5
1330150 1377.0
1330160 1377.0
1330170 1377.5
1330180 1378.3
1330190 1378.3
1330200 1379.6
1330210 1381.2
1330220 1381.2
1330230 1383.7
1330240 1386.5
1330250 1386.5
1330260 1388.3
1330270 1388.1
1330280 1388.1
1330290 1387.7
1330300 1387.5
1330310 1386.8
1330320 1386.8
1330330 1386.4
1330340 1387.2
1330350 1387.2
1330360 1389.2
1330370 1391.0
1330380 1391.0
1330390 1392.4
1330400 1392.5
1330410 1392.5
1330420 1389.4
1330430 1387.0
1330440 1387.0
1330450 1385.5
1330460 1382.0
1330470 1382.0
1330480 1380.1
1330490 1378.9
1330500 1378.9
1330510 1378.4
1330520 1378.1
1330530 1378.1
1330540 1376.7
1330550 1374.0
1330560 1374.0
1330570 1372.5
1330580 1374.0
1330590 1374.0
1330600 1375.2
1330610 1375.0
1330620 1375.0
1330630 1372.8
1330640 1369.2
1330650 1365.9
1330660 1365.9
1330670 1363.2
1330680 1363.4
1330690 1363.4
1330700 1359.9
1330710 1359.7
1330720 1359.7
1330730 1361.5
1330740 1364.2
1330750 1364.2
1330760 1366.9
1330770 1368.3
1330780 1368.3
1330790 1368.4
1330800 1366.2
1330810 1366.2
1330820 1362.2
1330830 1358.5
1330840 1358.5
1330850 1353.5
1330860 1345.8
1330870 1345.8
1330880 1338.2
1330890 1333.5
1330900 1333.5
1330910 1328.4
1330920 1323.5
1330930 1323.5
1330940 1320.9
1330950 1319.9
1330960 1319.9
1330970 1318.1
1330980 1312.0
1330990 1312.0
1331000 1304.9
1331010 1296.0
1331020 1286.3
1331030 1286.3
1331040 1277.6
1331050 1269.8
1331060 1269.8
1331070 1262.1
1331080 1254.9
1331090 1254.9
1331100 1252.3
1331110 1253.8
1331120 1253.8
1331130 1255.4
1331140 1255.5
1331150 1255.5
1331160 1258.2
1331170 1261.0
1331180 1261.0
1331190 1262.0
1331200 1262.0
1331210 1262.0
1331220 1262.3
1331230 1261.8
1331240 1261.8
1331250 1260.5
1331260 1259.2
1331270 1259.2
1331280 1256.5
1331290 1250.9
1331300 1250.9
1331310 1241.3
1331320 1229.5
1331330 1229.5
1331340 1220.3
1331350 1212.4
1331360 1212.4
1331370 1203.3
1331380 1192.9
1331390 1183.9
1331400 1183.9
1331410 1171.3
1331420 1159.4
1331430 1159.4
1331440 1149.4
1331450 1138.0
1331460 1138.0
1331470 1127.2
1331480 1116.6
1331490 1116.6
1331500 1106.6
1331510 1091.0
1331520 1091.0
1331530 1080.9
1331540 1069.8
1331550 1069.8
1331560 1055.4
1331570 1043.5
1331580 1043.5
1331590 1030.9
1331600 1019.2
1331610 1019.2
1331620 1008.2
1331630 1001.4
1331640 1001.4
1331650 1021.2
1331660 1039.7
1331670 1039.7
1331680 1048.9
1331690 1056.2
1331700 1056.2
1331710 1062.1
1331720 1071.8
1331730 1084.2
1331740 1084.2
1331750 1095.5
1331760 1104.6
1331770 1104.6
1331780 1112.8
1331790 1121.6
1331800 1121.6
1331810 1131.2
1331820 1140.7
1331830 1140.7
1331840 1149.7
1331850 1157.7
1331860 1157.7
1331870 1168.2
1331880 1178.8
1331890 1178.8
1331900 1187.5
1331910 1192.8
1331920 1192.8
1331930 1196.3
1331940 1200.6
1331950 1200.6
1331960 1206.0
1331970 1211.1
1331980 1211.1
1331990 1215.9
1332000 1220.7
1332010 1220.7
1332020 1225.6
1332030 1231.4
1332040 1231.4
1332050 1238.0
1332060 1244.6
1332070 1244.6
1332080 1250.8
1332090 1256.8
1332100 1262.0
1332110 1262.0
1332120 1265.4
1332130 1263.4
1332140 1263.4
1332150 1262.5
1332160 1257.5
1332170 1257.5
1332180 1250.7
1332190 1249.6
1332200 1249.6
1332210 1247.6
1332220 1246.2
1332230 1246.2
1332240 1243.5
1332250 1240.9
1332260 1240.9
1332270 1238.7
1332280 1236.8
1332290 1236.8
1332300 1236.4
1332310 1237.9
1332320 1237.9
1332330 1241.8
1332340 1242.7
1332350 1227.7
1332360 1226.5
1332370 1223.9
1332380 1223.9
1332390 1217.6
1332400 1211.9
1332410 1211.9
1332420 1207.6
1332430 1205.8
1332440 1205.8
1332450 1203.9
1332460 1199.8
1332470 1194.8
1332480 1194.8
1332490 1187.4
1332500 1181.5
1332510 1181.5
1332520 1181.5
1332530 1186.0
1332540 1186.0
1332550 1189.6
1332560 1187.3
1332570 1187.3
1332580 1183.2
1332590 1182.1
1332600 1182.1
1332610 1183.1
1332620 1185.8
1332630 1185.8
1332640 1187.5
1332650 1188.4
1332660 1188.4
1332670 1189.6
1332680 1191.1
1332690 1191.1
1332700 1190.2
1332710 1194.2
1332720 1194.2
1332730 1197.6
1332740 1201.8
1332750 1201.8
1332760 1207.3
1332770 1212.8
1332780 1212.8
1332790 1217.5
1332800 1221.2
1332810 1221.2
1332820 1217.4
1332830 1207.9
1332840 1198.0
1332850 1198.0
1332860 1188.9
1332870 1181.8
1332880 1181.8
1332890 1174.9
1332900 1168.6
1332910 1168.6
1332920 1164.4
1332930 1160.4
1332940 1160.4
1332950 1157.8
1332960 1156.0
1332970 1156.0
1332980 1154.3
1332990 1152.9
1333000 1152.9
1333010 1150.1
1333020 1149.5
1333030 1149.5
1333040 1145.4
1333050 1140.2
1333060 1140.2
1333070 1136.6
1333080 1136.1
1333090 1136.1
1333100 1143.5
1333110 1146.5
1333120 1146.5
1333130 1148.7
1333140 1150.8
1333150 1150.8
1333160 1149.8
1333170 1147.3
1333180 1146.6
1333190 1146.6
1333200 1136.6
1333210 1133.3
1333220 1133.3
1333230 1133.5
1333240 1135.7
1333250 1135.7
1333260 1137.8
1333270 1142.0
1333280 1142.0
1333290 1147.8
1333300 1152.3
1333310 1152.3
1333320 1151.0
1333330 1157.6
1333340 1157.6
1333350 1167.2
1333360 1159.3
1333370 1159.3
1333380 1147.3
1333390 1140.5
1333400 1140.5
1333410 1131.3
1333420 1122.1
1333430 1122.1
1333440 1112.9
1333450 1105.9
1333460 1105.9
1333470 1101.7
1333480 1098.2
1333490 1098.2
1333500 1095.3
1333510 1093.2
1333520 1093.2
1333530 1090.4
1333540 1087.1
1333550 1083.8
1333560 1083.8
1333570 1080.7
1333580 1077.2
1333590 1077.2
1333600 1072.9
1333610 1068.5
1333620 1068.5
1333630 1064.4
1333640 1061.3
1333650 1061.3
1333660 1058.0
1333670 1054.3
1333680 1054.3
1333690 1051.2
1333700 1048.6
1333710 1048.6
1333720 1044.8
1333730 1040.2
1333740 1040.2
1333750 1036.5
1333760 1032.4
1333770 1032.4
1333780 1027.5
1333790 1022.6
1333800 1022.6
1333810 1017.8
1333820 1013.7
1333830 1013.7
1333840 1012.8
1333850 1019.6
1333860 1019.6
1333870 1027.0
1333880 1034.5
1333890 1034.5
1333900 1041.7
1333910 1049.0
1333920 1056.2
1333930 1056.2
1333940 1063.6
1333950 1071.4
1333960 1071.4
1333970 1079.3
1333980 1087.0
1333990 1087.0
1334000 1094.7
1334010 1101.4
1334020 1101.4
1334030 1108.5
1334040 1116.0
1334050 1111.0
1334060 1115.3
1334070 1114.1
1334080 1114.1
1334090 1112.6
1334100 1112.0
1334110 1112.0
1334120 1110.4
1334130 1108.8
1334140 1108.8
1334150 1106.7
1334160 1105.1
1334170 1105.1
1334180 1103.4
1334190 1101.8
1334200 1101.8
1334210 1098.4
1334220 1095.4
1334230 1095.4
1334240 1094.2
1334250 1093.7
1334260 1093.7
1334270 1093.7
1334280 1093.5
1334290 1092.9
1334300 1092.9
1334310 1091.8
1334320 1089.1
1334330 1089.1
1334340 1085.4
1334350 1081.5
1334360 1081.5
1334370 1075.5
1334380 1068.8
1334390 1068.8
1334400 1063.2
1334410 1059.4
1334420 1059.4
1334430 1057.4
1334440 1055.4
1334450 1055.4
1334460 1053.5
1334470 1051.2
1334480 1051.2
1334490 1048.2
1334500 1046.7
1334510 1046.7
1334520 1045.9
1334530 1044.7
1334540 1044.7
1334550 1042.7
1334560 1040.4
1334570 1040.4
1334580 1035.7
1334590 1029.9
1334600 1029.9
1334610 1025.2
1334620 1021.4
1334630 1017.7
1334640 1017.7
1334650 1014.0
1334660 1011.6
1334670 1011.6
1334680 1009.7
1334690 1008.0
1334700 1008.0
1334710 1006.1
1334720 1003.9
1334730 1003.9
1334740 1001.8
1334750 999.7
1334760 999.7
1334770 997.9
1334780 995.7
1334790 995.7
1334800 993.7
1334810 991.5
1334820 991.5
1334830 989.3
1334840 987.4
1334850 987.4
1334860 985.4
1334870 983.5
1334880 983.5
1334890 981.6
1334900 973.6
1334910 973.6
1334920 971.6
1334930 968.9
1334940 968.9
1334950 966.0
1334960 962.2
1334970 962.2
1334980 958.6
1334990 955.4
1335000 951.6
1335010 951.6
1335020 948.3
1335030 944.1
1335040 944.1
1335050 939.9
1335060 936.5
1335070 936.5
1335080 933.1
1335090 929.6
1335100 929.6
1335110 925.7
1335120 921.5
1335130 921.5
1335140 918.7
1335150 916.5
1335160 916.5
1335170 914.7
1335180 913.3
1335190 913.3
1335200 911.9
1335210 910.5
1335220 910.5
1335230 908.3
1335240 906.2
1335250 906.2
1335260 904.5
1335270 903.4
1335280 903.4
1335290 903.0
1335300 903.6
1335310 903.6
1335320 904.5
1335330 904.9
1335340 904.6
1335350 904.6
1335360 903.8
1335370 902.1
1335380 902.1
1335390 899.8
1335400 898.5
1335410 898.5
1335420 897.4
1335430 895.8
1335440 895.8
1335450 893.4
1335460 889.7
1335470 889.7
1335480 885.7
1335490 883.2
1335500 883.2
1335510 880.7
1335520 877.2
1335530 877.2
1335540 874.3
1335550 870.8
1335560 870.8
1335570 867.7
1335580 867.1
1335590 867.1
1335600 866.6
1335610 868.2
1335620 868.2
1335630 872.8
1335640 878.2
1335650 878.2
1335660 884.8
1335670 891.7
1335680 891.7
1335690 899.3
1335700 903.6
1335710 909.6
1335720 909.6
1335730 918.1
1335740 924.7
1335750 924.7
1335760 929.2
1335770 931.3
1335780 931.3
1335790 932.6
1335800 934.9
1335810 934.9
1335820 937.2
1335830 937.5
1335840 937.5
1335850 938.1
1335860 939.4
1335870 939.4
1335880 940.4
1335890 940.1
1335900 940.1
1335910 941.2
1335920 942.4
1335930 942.4
1335940 942.9
1335950 945.5
1335960 945.5
1335970 946.6
1335980 946.0
1335990 946.0
1336000 945.0
1336010 944.8
1336020 944.8
1336030 945.4
1336040 946.4
1336050 946.4
1336060 947.9
1336070 949.4
1336080 952.0
1336090 952.0
1336100 955.7
1336110 958.6
1336120 958.6
1336130 960.0
1336140 960.7
1336150 960.7
1336160 961.3
1336170 961.9
1336180 961.9
1336190 962.4
1336200 963.1
1336210 963.1
1336220 964.0
1336230 965.3
1336240 965.3
1336250 966.3
1336260 965.2
1336270 965.2
1336280 965.3
1336290 969.3
1336300 969.3
1336310 974.1
1336320 977.2
1336330 977.2
1336340 978.2
1336350 979.9
1336360 979.9
1336370 982.0
1336380 984.0
1336390 984.0
1336400 987.0
1336410 989.8
1336420 989.8
1336430 990.4
1336440 990.3
1336450 990.4
1336460 990.4
1336470 990.7
1336480 990.9
1336490 990.9
1336500 990.9
1336510 990.8
1336520 990.8
1336530 990.1
1336540 987.5
1336550 987.5
1336560 985.0
1336570 984.1
1336580 984.1
1336590 983.8
1336600 984.0
1336610 984.0
1336620 987.5
1336630 988.0
1336640 988.0
1336650 988.3
1336660 989.3
1336670 989.3
1336680 990.2
1336690 989.8
1336700 989.8
1336710 985.8
1336720 981.0
1336730 981.0
1336740 978.9
1336750 983.3
1336760 983.3
1336770 989.9
1336780 995.1
1336790 997.8
1336800 997.8
1336810 998.8
1336820 998.9
1336830 998.9
1336840 999.7
1336850 1001.3
1336860 1001.3
1336870 1003.5
1336880 1006.8
1336890 1006.8
1336900 1011.4
1336910 1014.2
1336920 1014.2
1336930 1015.9
1336940 1018.2
1336950 1018.2
1336960 1022.3
1336970 1026.9
1336980 1026.9
1336990 1031.1
1337000 1035.5
1337010 1035.5
1337020 1039.1
1337030 1042.5
1337040 1042.5
1337050 1045.7
1337060 1048.9
1337070 1048.9
1337080 1052.4
1337090 1055.5
1337100 1055.5
1337110 1060.1
1337120 1065.9
1337130 1065.9
1337140 1071.6
1337150 1074.7
1337160 1076.6
1337170 1076.6
1337180 1076.7
1337190 1074.9
1337200 1074.9
1337210 1075.5
1337220 1079.6
1337230 1079.6
1337240 1085.7
1337250 1089.9
1337260 1089.9
1337270 1093.3
1337280 1096.6
1337290 1096.6
1337300 1100.5
1337310 1104.2
1337320 1104.2
1337330 1107.6
1337340 1110.9
1337350 1110.9
1337360 1114.3
1337370 1118.3
1337380 1118.3
1337390 1122.3
1337400 1124.4
1337410 1124.4
1337420 1124.8
1337430 1126.7
1337440 1126.7
1337450 1130.9
1337460 1136.3
1337470 1136.3
1337480 1141.8
1337490 1145.5
1337500 1145.5
1337510 1145.8
1337520 1145.9
1337530 1145.7
1337540 1145.7
1337550 1145.4
1337560 1144.9
1337570 1144.9
1337580 1143.9
1337590 1143.0
1337600 1143.0
1337610 1142.8
1337620 1142.8
1337630 1142.8
1337640 1143.7
1337650 1145.1
1337660 1145.1
1337670 1146.1
1337680 1146.3
1337690 1146.3
1337700 1146.3
1337710 1147.4
1337720 1147.4
1337730 1149.0
1337740 1150.0
1337750 1150.0
1337760 1150.6
1337770 1150.5
1337780 1150.5
1337790 1152.6
1337800 1154.0
1337810 1154.0
1337820 1154.2
1337830 1152.8
1337840 1152.8
1337850 1151.3
1337860 1150.5
1337870 1150.5
1337880 1149.7
1337890 1147.9
1337900 1146.1
1337910 1146.1
1337920 1144.1
1337930 1142.5
1337940 1142.5
1337950 1142.1
1337960 1142.9
1337970 1142.9
1337980 1144.5
1337990 1147.2
1338000 1147.2
1338010 1150.1
1338020 1154.2
1338030 1154.2
1338040 1158.3
1338050 1161.4
1338060 1161.4
1338070 1165.5
1338080 1169.0
1338090 1169.0
1338100 1172.5
1338110 1176.6
1338120 1176.6
1338130 1180.4
1338140 1183.5
1338150 1183.5
1338160 1186.9
1338170 1190.1
1338180 1190.1
1338190 1193.9
1338200 1198.0
1338210 1198.0
1338220 1202.0
1338230 1205.3
1338240 1208.7
1338250 1208.7
1338260 1212.1
1338270 1216.6
1338280 1216.6
1338290 1220.9
1338300 1225.6
1338310 1225.6
1338320 1230.5
1338330 1232.6
1338340 1232.6
1338350 1235.5
1338360 1248.1
1338370 1248.1
1338380 1253.4
1338390 1257.1
1338400 1257.1
1338410 1261.1
1338420 1267.2
1338430 1267.2
1338440 1274.4
1338450 1279.3
1338460 1279.3
1338470 1283.2
1338480 1286.9
1338490 1286.9
1338500 1292.7
1338510 1298.9
1338520 1298.9
1338530 1309.8
1338540 1320.9
1338550 1320.9
1338560 1331.5
1338570 1336.0
1338580 1336.0
1338590 1336.5
1338600 1339.9
1338610 1349.1
1338620 1349.1
1338630 1358.2
1338640 1363.1
1338650 1363.1
1338660 1362.3
1338670 1363.0
1338680 1363.0
1338690 1365.1
1338700 1361.4
1338710 1361.4
1338720 1363.1
1338730 1371.9
1338740 1371.9
1338750 1390.9
1338760 1415.6
1338770 1415.6
1338780 1421.8
1338790 1422.2
1338800 1422.2
1338810 1422.1
1338820 1424.9
1338830 1424.9
1338840 1428.2
1338850 1430.5
1338860 1430.5
1338870 1432.3
1338880 1434.0
1338890 1434.0
1338900 1435.0
1338910 1436.0
1338920 1436.0
1338930 1437.0
1338940 1438.1
1338950 1438.1
1338960 1440.6
1338970 1443.1
1338980 1443.9
1338990 1443.9
1339000 1444.4
1339010 1446.0
1339020 1446.0
1339030 1446.1
1339040 1446.1
1339050 1446.1
1339060 1446.3
1339070 1445.8
1339080 1445.8
1339090 1445.1
1339100 1445.5
1339110 1445.5
1339120 1445.4
1339130 1443.7
1339140 1443.7
1339150 1442.9
1339160 1442.3
1339170 1442.3
1339180 1442.6
1339190 1443.3
1339200 1443.3
1339210 1444.4
1339220 1445.6
1339230 1445.6
1339240 1450.5
1339250 1451.4
1339260 1451.4
1339270 1452.2
1339280 1453.2
1339290 1453.2
1339300 1454.8
1339310 1456.2
1339320 1457.6
1339330 1457.6
1339340 1457.8
1339350 1456.8
1339360 1456.8
1339370 1454.1
1339380 1451.0
1339390 1451.0
1339400 1448.5
1339410 1445.5
1339420 1445.5
1339430 1441.0
1339440 1436.1
1339450 1436.1
1339460 1430.4
1339470 1425.0
1339480 1425.0
1339490 1420.9
1339500 1417.6
1339510 1417.6
1339520 1413.7
1339530 1409.5
1339540 1409.5
1339550 1406.6
1339560 1406.6
1339570 1406.6
1339580 1409.7
1339590 1413.3
1339600 1413.3
1339610 1416.0
1339620 1417.7
1339630 1417.7
1339640 1419.9
1339650 1423.2
1339660 1423.2
1339670 1426.7
1339680 1429.4
1339690 1432.0
1339700 1432.0
1339710 1434.9
1339720 1437.6
1339730 1437.6
1339740 1439.3
1339750 1441.9
1339760 1441.9
1339770 1444.0
1339780 1445.6
1339790 1445.6
1339800 1447.7
1339810 1449.2
1339820 1449.2
1339830 1450.9
1339840 1454.1
1339850 1454.1
1339860 1456.4
1339870 1457.8
1339880 1457.8
1339890 1459.1
1339900 1460.2
1339910 1460.2
1339920 1462.1
1339930 1463.6
1339940 1463.6
1339950 1464.9
1339960 1465.9
1339970 1465.9
1339980 1467.0
1339990 1468.2
