1320000 1115.4
1320010 1111.0
1320020 1110.4
1320030 1110.4
1320040 1113.7
1320050 1111.3
1320060 1111.3
1320070 1108.1
1320080 1107.5
1320090 1104.2
1320100 1104.2
1320110 1100.4
1320120 1100.8
1320130 1100.8
1320140 1100.2
1320150 1098.7
1320160 1098.7
1320170 1095.3
1320180 1095.2
1320190 1095.2
1320200 1095.5
1320210 1094.6
1320220 1094.6
1320230 1092.6
1320240 1089.3
1320250 1089.3
1320260 1084.1
1320270 1077.1
1320280 1077.1
1320290 1072.1
1320300 1077.0
1320310 1077.0
1320320 1080.9
1320330 1079.6
1320340 1079.6
1320350 1082.2
1320360 1083.0
1320370 1083.0
1320380 1083.2
1320390 1083.0
1320400 1083.0
1320410 1084.1
1320420 1085.4
1320430 1085.4
1320440 1085.3
1320450 1081.0
1320460 1078.0
1320470 1078.0
1320480 1083.4
1320490 1085.1
1320500 1085.1
1320510 1084.7
1320520 1083.1
1320530 1083.1
1320540 1080.3
1320550 1080.0
1320560 1080.0
1320570 1080.1
1320580 1081.5
1320590 1081.5
1320600 1082.8
1320610 1082.3
1320620 1082.3
1320630 1080.4
1320640 1076.9
1320650 1076.9
1320660 1078.4
1320670 1078.9
1320680 1078.9
1320690 1080.2
1320700 1081.7
1320710 1081.7
1320720 1084.9
1320730 1087.3
1320740 1087.3
1320750 1087.8
1320760 1082.3
1320770 1082.3
1320780 1077.3
1320790 1078.6
1320800 1081.9
1320810 1081.9
1320820 1080.8
1320830 1079.3
1320840 1079.3
1320850 1079.2
1320860 1078.4
1320870 1078.4
1320880 1073.3
1320890 1070.0
1320900 1070.0
1320910 1071.7
1320920 1068.7
1320930 1068.7
1320940 1064.3
1320950 1066.3
1320960 1066.3
1320970 1064.9
1320980 1065.6
1320990 1065.6
1321000 1065.2
1321010 1065.3
1321020 1065.3
1321030 1065.5
1321040 1064.8
1321050 1064.8
1321060 1061.9
1321070 1061.5
1321080 1061.5
1321090 1063.0
1321100 1062.0
1321110 1062.0
1321120 1055.7
1321130 1046.9
1321140 1046.9
1321150 1038.1
1321160 1030.0
1321170 1040.7
1321180 1040.7
1321190 1054.9
1321200 1058.8
1321210 1058.8
1321220 1059.6
1321230 1059.9
1321240 1059.9
1321250 1066.5
1321260 1074.1
1321270 1074.1
1321280 1079.3
1321290 1084.6
1321300 1084.6
1321310 1089.6
1321320 1093.3
1321330 1093.3
1321340 1096.7
1321350 1099.8
1321360 1099.8
1321370 1102.7
1321380 1105.4
1321390 1105.4
1321400 1106.6
1321410 1111.4
1321420 1111.4
1321430 1114.7
1321440 1117.9
1321450 1117.9
1321460 1119.9
1321470 1121.6
1321480 1121.6
1321490 1122.7
1321500 1123.8
1321510 1123.8
1321520 1125.8
1321530 1127.9
1321540 1129.6
1321550 1129.6
1321560 1131.3
1321570 1132.8
1321580 1132.8
1321590 1133.8
1321600 1134.0
1321610 1134.0
1321620 1133.2
1321630 1132.2
1321640 1132.2
1321650 1131.3
1321660 1127.7
1321670 1127.7
1321680 1121.9
1321690 1116.0
1321700 1116.0
1321710 1110.2
1321720 1103.4
1321730 1103.4
1321740 1094.7
1321750 1095.0
1321760 1095.0
1321770 1098.2
1321780 1093.8
1321790 1093.8
1321800 1083.1
1321810 1072.7
1321820 1072.7
1321830 1065.4
1321840 1066.6
1321850 1066.6
1321860 1074.7
1321870 1082.9
1321880 1088.3
1321890 1088.3
1321900 1100.0
1321910 1114.0
1321920 1114.0
1321930 1123.9
1321940 1132.3
1321950 1132.3
1321960 1139.4
1321970 1145.4
1321980 1145.4
1321990 1150.5
1322000 1154.6
1322010 1154.6
1322020 1158.0
1322030 1160.5
1322040 1160.5
1322050 1162.7
1322060 1165.6
1322070 1165.6
1322080 1168.6
1322090 1171.2
1322100 1171.2
1322110 1173.8
1322120 1176.9
1322130 1176.9
1322140 1180.0
1322150 1182.0
1322160 1182.0
1322170 1182.8
1322180 1184.6
1322190 1184.6
1322200 1189.1
1322210 1189.2
1322220 1189.2
1322230 1189.2
1322240 1188.7
1322250 1186.8
1322260 1186.8
1322270 1183.3
1322280 1177.8
1322290 1177.8
1322300 1171.9
1322310 1167.4
1322320 1167.4
1322330 1164.2
1322340 1158.1
1322350 1158.1
1322360 1150.9
1322370 1144.1
1322380 1144.1
1322390 1137.0
1322400 1130.0
1322410 1130.0
1322420 1122.7
1322430 1114.9
1322440 1114.9
1322450 1105.5
1322460 1096.2
1322470 1096.2
1322480 1087.5
1322490 1086.0
1322500 1086.0
1322510 1093.7
1322520 1100.0
1322530 1100.0
1322540 1102.4
1322550 1105.6
1322560 1105.6
1322570 1110.1
1322580 1114.5
1322590 1114.5
1322600 1118.8
1322610 1121.3
1322620 1123.6
1322630 1123.6
1322640 1126.7
1322650 1129.9
1322660 1129.9
1322670 1132.7
1322680 1135.4
1322690 1135.4
1322700 1138.8
1322710 1141.9
1322720 1141.9
1322730 1145.5
1322740 1150.0
1322750 1150.0
1322760 1152.5
1322770 1153.5
1322780 1153.5
1322790 1153.7
1322800 1153.0
1322810 1153.0
1322820 1151.8
1322830 1150.3
1322840 1150.3
1322850 1147.9
1322860 1142.2
1322870 1142.2
1322880 1133.8
1322890 1126.6
1322900 1126.6
1322910 1124.8
1322920 1130.5
1322930 1130.5
1322940 1135.7
1322950 1138.0
1322960 1138.0
1322970 1138.9
1322980 1139.0
1322990 1149.3
1323000 1149.3
1323010 1149.1
1323020 1147.3
1323030 1147.3
1323040 1143.9
1323050 1140.1
1323060 1140.1
1323070 1137.3
1323080 1136.3
1323090 1136.3
1323100 1138.6
1323110 1136.5
1323120 1136.5
1323130 1132.4
1323140 1127.9
1323150 1127.9
1323160 1118.0
1323170 1108.6
1323180 1108.6
1323190 1100.2
1323200 1093.9
1323210 1093.9
1323220 1088.2
1323230 1081.3
1323240 1081.3
1323250 1074.3
1323260 1067.9
1323270 1067.9
1323280 1064.8
1323290 1065.3
1323300 1065.3
1323310 1068.9
1323320 1072.0
1323330 1073.9
1323340 1073.9
1323350 1075.8
1323360 1076.7
1323370 1076.7
1323380 1077.5
1323390 1077.6
1323400 1077.6
1323410 1077.1
1323420 1077.6
1323430 1077.6
1323440 1077.4
1323450 1075.1
1323460 1075.1
1323470 1072.1
1323480 1070.4
1323490 1070.4
1323500 1070.5
1323510 1070.6
1323520 1070.6
1323530 1069.1
1323540 1067.2
1323550 1067.2
1323560 1063.9
1323570 1059.2
1323580 1059.2
1323590 1056.9
1323600 1056.1
1323610 1056.1
1323620 1054.5
1323630 1054.7
1323640 1054.7
1323650 1054.3
1323660 1052.4
1323670 1052.4
1323680 1050.0
1323690 1047.2
1323700 1046.1
1323710 1046.1
1323720 1045.5
1323730 1044.7
1323740 1044.7
1323750 1041.1
1323760 1036.7
1323770 1036.7
1323780 1040.1
1323790 1042.5
1323800 1042.5
1323810 1044.9
1323820 1045.1
1323830 1045.1
1323840 1043.9
1323850 1042.6
1323860 1042.6
1323870 1041.6
1323880 1040.0
1323890 1040.0
1323900 1037.7
1323910 1035.7
1323920 1035.7
1323930 1032.5
1323940 1028.6
1323950 1028.6
1323960 1026.4
1323970 1023.0
1323980 1023.0
1323990 1021.7
1324000 1022.4
1324010 1022.4
1324020 1024.9
1324030 1027.0
1324040 1027.0
1324050 1028.7
1324060 1029.7
1324070 1029.9
1324080 1029.9
1324090 1027.8
1324100 1027.1
1324110 1027.1
1324120 1027.8
1324130 1028.3
1324140 1028.3
1324150 1029.1
1324160 1029.3
1324170 1029.3
1324180 1029.6
1324190 1030.0
1324200 1030.0
1324210 1030.0
1324220 1029.4
1324230 1029.4
1324240 1025.1
1324250 1017.7
1324260 1017.7
1324270 1013.1
1324280 1014.3
1324290 1014.3
1324300 1017.4
1324310 1021.5
1324320 1021.5
1324330 1025.6
1324340 1027.5
1324350 1027.5
1324360 1028.5
1324370 1030.9
1324380 1030.9
1324390 1033.0
1324400 1032.9
1324410 1032.0
1324420 1032.0
1324430 1031.8
1324440 1029.9
1324450 1029.9
1324460 1029.7
1324470 1033.6
1324480 1033.6
1324490 1037.9
1324500 1039.5
1324510 1039.5
1324520 1038.0
1324530 1036.9
1324540 1036.9
1324550 1037.0
1324560 1040.6
1324570 1040.6
1324580 1053.8
1324590 1052.8
1324600 1052.8
1324610 1053.5
1324620 1055.8
1324630 1055.8
1324640 1060.5
1324650 1066.2
1324660 1066.2
1324670 1072.2
1324680 1077.8
1324690 1077.8
1324700 1082.4
1324710 1086.9
1324720 1086.9
1324730 1091.7
1324740 1097.0
1324750 1097.0
1324760 1102.1
1324770 1105.2
1324780 1105.9
1324790 1105.9
1324800 1106.5
1324810 1106.5
1324820 1106.5
1324830 1104.9
1324840 1103.9
1324850 1103.9
1324860 1103.7
1324870 1103.0
1324880 1103.0
1324890 1101.1
1324900 1098.8
1324910 1098.8
1324920 1098.1
1324930 1097.9
1324940 1097.9
1324950 1096.0
1324960 1093.4
1324970 1093.4
1324980 1089.7
1324990 1081.6
1325000 1081.6
1325010 1068.6
1325020 1051.5
1325030 1051.5
1325040 1035.6
1325050 1018.7
1325060 1018.7
1325070 1002.8
1325080 990.6
1325090 990.6
1325100 983.5
1325110 976.6
1325120 976.6
1325130 969.3
1325140 960.6
1325150 952.3
1325160 952.3
1325170 945.8
1325180 939.6
1325190 939.6
1325200 934.7
1325210 929.7
1325220 929.7
1325230 923.7
1325240 917.8
1325250 917.8
1325260 913.0
1325270 908.8
1325280 908.8
1325290 904.8
1325300 900.5
1325310 900.5
1325320 895.9
1325330 891.1
1325340 891.1
1325350 886.5
1325360 882.0
1325370 882.0
1325380 881.1
1325390 876.3
1325400 876.3
1325410 871.4
1325420 866.2
1325430 866.2
1325440 861.3
1325450 857.2
1325460 857.2
1325470 851.7
1325480 847.1
1325490 847.1
1325500 842.8
1325510 839.0
1325520 835.8
1325530 835.8
1325540 833.3
1325550 830.2
1325560 830.2
1325570 826.5
1325580 822.0
1325590 822.0
1325600 818.6
1325610 813.9
1325620 813.9
1325630 809.5
1325640 808.1
1325650 808.1
1325660 805.6
1325670 801.8
1325680 801.8
1325690 797.7
1325700 794.2
1325710 794.2
1325720 790.4
1325730 786.7
1325740 786.7
1325750 782.9
1325760 778.2
1325770 778.2
1325780 775.5
1325790 772.2
1325800 772.2
1325810 769.4
1325820 766.5
1325830 766.5
1325840 766.1
1325850 765.5
1325860 761.9
1325870 761.9
1325880 759.9
1325890 757.5
1325900 757.5
1325910 754.0
1325920 750.6
1325930 750.6
1325940 747.1
1325950 743.4
1325960 743.4
1325970 739.9
1325980 736.5
1325990 736.5
1326000 735.3
1326010 734.3
1326020 734.3
1326030 733.4
1326040 732.5
1326050 732.5
1326060 731.7
1326070 730.8
1326080 730.8
1326090 728.9
1326100 727.2
1326110 727.2
1326120 724.7
1326130 724.0
1326140 724.0
1326150 723.9
1326160 725.7
1326170 725.7
1326180 729.5
1326190 729.3
1326200 729.3
1326210 733.4
1326220 734.3
1326230 736.8
1326240 736.8
1326250 741.1
1326260 745.1
1326270 745.1
1326280 749.1
1326290 753.4
1326300 753.4
1326310 757.8
1326320 762.5
1326330 762.5
1326340 766.4
1326350 769.8
1326360 769.8
1326370 772.3
1326380 775.0
1326390 775.0
1326400 777.8
1326410 780.4
1326420 780.4
1326430 782.9
1326440 785.6
1326450 785.6
1326460 788.5
1326470 791.4
1326480 791.4
1326490 794.5
1326500 797.6
1326510 797.6
1326520 799.5
1326530 800.9
1326540 800.9
1326550 804.7
1326560 806.8
1326570 806.8
1326580 808.4
1326590 810.5
1326600 813.3
1326610 813.3
1326620 816.8
1326630 820.4
1326640 820.4
1326650 823.9
1326660 827.9
1326670 827.9
1326680 832.0
1326690 835.9
1326700 835.9
1326710 839.8
1326720 843.5
1326730 843.5
1326740 847.2
1326750 850.2
1326760 850.2
1326770 852.3
1326780 854.1
1326790 854.1
1326800 855.7
1326810 857.8
1326820 857.8
1326830 860.3
1326840 863.4
1326850 863.4
1326860 867.0
1326870 871.3
1326880 871.3
1326890 875.7
1326900 880.3
1326910 880.3
1326920 884.7
1326930 888.0
1326940 892.5
1326950 892.5
1326960 896.3
1326970 899.2
1326980 899.2
1326990 902.4
1327000 905.5
1327010 905.5
1327020 907.6
1327030 910.8
1327040 910.8
1327050 913.6
1327060 916.0
1327070 916.0
1327080 919.1
1327090 922.2
1327100 922.2
1327110 925.3
1327120 928.0
1327130 928.0
1327140 931.0
1327150 934.1
1327160 934.1
1327170 937.1
1327180 940.6
1327190 940.6
1327200 942.4
1327210 944.7
1327220 944.7
1327230 947.0
1327240 949.5
1327250 949.5
1327260 952.2
1327270 955.1
1327280 955.1
1327290 957.6
1327300 959.8
1327310 961.4
1327320 961.4
1327330 962.6
1327340 963.5
1327350 963.5
1327360 964.5
1327370 965.6
1327380 965.6
1327390 966.6
1327400 967.7
1327410 967.7
1327420 968.8
1327430 970.1
1327440 970.1
1327450 971.2
1327460 972.4
1327470 972.4
1327480 973.7
1327490 975.3
1327500 975.3
1327510 977.0
1327520 978.6
1327530 978.6
1327540 980.0
1327550 981.3
1327560 981.3
1327570 982.4
1327580 983.8
1327590 983.8
1327600 984.6
1327610 985.7
1327620 985.7
1327630 988.0
1327640 991.1
1327650 991.1
1327660 994.4
1327670 997.2
1327680 999.8
1327690 999.8
1327700 1002.2
1327710 1005.2
1327720 1005.2
1327730 1008.4
1327740 1011.6
1327750 1011.6
1327760 1014.1
1327770 1015.8
1327780 1015.8
1327790 1017.6
1327800 1019.6
1327810 1026.3
1327820 1029.6
1327830 1032.4
1327840 1032.4
1327850 1034.7
1327860 1035.8
1327870 1035.8
1327880 1035.3
1327890 1034.5
1327900 1034.5
1327910 1033.0
1327920 1033.1
1327930 1033.1
1327940 1035.8
1327950 1038.1
1327960 1038.1
1327970 1040.6
1327980 1043.1
1327990 1043.1
1328000 1045.7
1328010 1048.6
1328020 1051.0
1328030 1051.0
1328040 1053.3
1328050 1055.8
1328060 1055.8
1328070 1058.2
1328080 1059.4
1328090 1059.4
1328100 1061.2
1328110 1066.4
1328120 1066.4
1328130 1070.4
1328140 1074.8
1328150 1074.8
1328160 1078.5
1328170 1082.0
1328180 1082.0
1328190 1086.2
1328200 1090.0
1328210 1090.0
1328220 1094.0
1328230 1098.1
1328240 1098.1
1328250 1101.5
1328260 1104.6
1328270 1104.6
1328280 1105.9
1328290 1105.4
1328300 1105.4
1328310 1105.1
1328320 1106.1
1328330 1106.1
1328340 1108.1
1328350 1108.7
1328360 1108.7
1328370 1110.8
1328380 1113.3
1328390 1113.8
1328400 1113.8
1328410 1113.8
1328420 1115.7
1328430 1115.7
1328440 1116.1
1328450 1115.8
1328460 1115.8
1328470 1117.2
1328480 1119.1
1328490 1119.1
1328500 1120.7
1328510 1122.7
1328520 1122.7
1328530 1127.4
1328540 1131.9
1328550 1131.9
1328560 1136.8
1328570 1142.0
1328580 1142.0
1328590 1146.9
1328600 1151.8
1328610 1151.8
1328620 1156.2
1328630 1165.4
1328640 1165.4
1328650 1169.0
1328660 1172.1
1328670 1172.1
1328680 1174.8
1328690 1177.9
1328700 1177.9
1328710 1179.5
1328720 1181.3
1328730 1181.3
1328740 1182.9
1328750 1184.0
1328760 1184.8
1328770 1184.8
1328780 1185.7
1328790 1187.0
1328800 1187.0
1328810 1188.9
1328820 1190.4
1328830 1190.4
1328840 1192.1
1328850 1193.8
1328860 1193.8
1328870 1195.0
1328880 1195.6
1328890 1195.6
1328900 1195.9
1328910 1195.4
1328920 1195.4
1328930 1193.3
1328940 1190.1
1328950 1190.1
1328960 1188.3
1328970 1189.1
1328980 1189.1
1328990 1191.9
1329000 1195.0
1329010 1195.0
1329020 1197.1
1329030 1198.1
1329040 1198.1
1329050 1199.6
1329060 1201.2
1329070 1201.2
1329080 1203.2
1329090 1204.6
1329100 1204.6
1329110 1205.6
1329120 1208.1
1329130 1209.4
1329140 1209.4
1329150 1209.8
1329160 1210.6
1329170 1210.6
1329180 1212.0
1329190 1213.1
1329200 1213.1
1329210 1213.3
1329220 1210.8
1329230 1210.8
1329240 1206.7
1329250 1207.6
1329260 1207.6
1329270 1214.7
1329280 1221.3
1329290 1221.3
1329300 1226.9
1329310 1232.2
1329320 1232.2
1329330 1237.4
1329340 1242.6
1329350 1242.6
1329360 1248.4
1329370 1255.4
1329380 1255.4
1329390 1262.0
1329400 1268.3
1329410 1268.3
1329420 1272.9
1329430 1275.6
1329440 1275.6
1329450 1273.2
1329460 1275.8
1329470 1278.4
1329480 1278.4
1329490 1281.8
1329500 1286.2
1329510 1286.2
1329520 1289.3
1329530 1293.8
1329540 1293.8
1329550 1296.4
1329560 1298.9
1329570 1298.9
1329580 1301.6
1329590 1304.5
1329600 1304.5
1329610 1308.7
1329620 1311.9
1329630 1311.9
1329640 1314.3
1329650 1317.0
1329660 1317.0
1329670 1319.0
1329680 1320.7
1329690 1320.7
1329700 1321.7
1329710 1321.9
1329720 1321.9
1329730 1322.1
1329740 1324.4
1329750 1324.4
1329760 1325.7
1329770 1326.0
1329780 1326.0
1329790 1326.2
1329800 1325.8
1329810 1325.8
1329820 1327.8
1329830 1331.7
1329840 1333.7
1329850 1333.7
1329860 1335.0
1329870 1335.7
1329880 1335.7
1329890 1337.7
1329900 1340.6
1329910 1340.6
1329920 1343.2
1329930 1345.7
1329940 1345.7
1329950 1348.1
1329960 1350.6
1329970 1350.6
1329980 1353.7
1329990 1357.2
1330000 1357.2
1330010 1360.0
1330020 1362.5
1330030 1362.5
1330040 1365.0
1330050 1367.4
1330060 1367.4
1330070 1369.8
1330080 1372.6
1330090 1372.6
1330100 1375.0
1330110 1376.6
1330120 1376.6
1330130 1378.7
1330140 1381.8
1330150 1381.8
1330160 1385.4
1330170 1388.6
1330180 1388.6
1330190 1391.5
1330200 1395.3
1330210 1399.1
1330220 1399.1
1330230 1402.8
1330240 1405.3
1330250 1405.3
1330260 1406.3
1330270 1406.5
1330280 1409.2
1330290 1407.5
1330300 1407.3
1330310 1407.3
1330320 1406.8
1330330 1406.5
1330340 1406.5
1330350 1407.7
1330360 1409.6
1330370 1409.6
1330380 1410.4
1330390 1411.6
1330400 1411.6
1330410 1413.3
1330420 1414.4
1330430 1414.4
1330440 1416.1
1330450 1416.8
1330460 1416.8
1330470 1417.3
1330480 1418.7
1330490 1418.7
1330500 1419.2
1330510 1417.5
1330520 1417.5
1330530 1413.6
1330540 1411.5
1330550 1411.7
1330560 1411.7
1330570 1412.1
1330580 1413.5
1330590 1413.5
1330600 1415.0
1330610 1414.4
1330620 1414.4
1330630 1413.5
1330640 1410.3
1330650 1410.3
1330660 1405.8
1330670 1402.1
1330680 1402.1
1330690 1398.0
1330700 1394.4
1330710 1394.4
1330720 1392.6
1330730 1392.8
1330740 1392.8
1330750 1392.1
1330760 1384.4
1330770 1384.4
1330780 1374.1
1330790 1364.3
1330800 1364.3
1330810 1357.1
1330820 1354.2
1330830 1354.2
1330840 1348.5
1330850 1342.9
1330860 1342.9
1330870 1336.3
1330880 1330.4
1330890 1330.4
1330900 1325.9
1330910 1324.4
1330920 1326.4
1330930 1326.4
1330940 1328.9
1330950 1331.7
1330960 1331.7
1330970 1332.1
1330980 1334.7
1330990 1334.7
1331000 1335.7
1331010 1336.3
1331020 1336.3
1331030 1337.0
1331040 1336.9
1331050 1336.9
1331060 1336.1
1331070 1333.2
1331080 1333.2
1331090 1328.3
1331100 1322.7
1331110 1320.0
1331120 1314.6
1331130 1309.0
1331140 1309.0
1331150 1302.9
1331160 1295.9
1331170 1295.9
1331180 1287.6
1331190 1280.0
1331200 1280.0
1331210 1271.7
1331220 1263.3
1331230 1263.3
1331240 1256.1
1331250 1248.8
1331260 1248.8
1331270 1241.0
1331280 1230.1
1331290 1214.1
1331300 1214.1
1331310 1204.9
1331320 1196.3
1331330 1196.3
1331340 1187.2
1331350 1178.2
1331360 1178.2
1331370 1169.7
1331380 1160.2
1331390 1160.2
1331400 1150.2
1331410 1140.9
1331420 1140.9
1331430 1132.4
1331440 1122.2
1331450 1122.2
1331460 1110.9
1331470 1101.7
1331480 1101.7
1331490 1092.8
1331500 1084.1
1331510 1084.1
1331520 1075.3
1331530 1066.7
1331540 1066.7
1331550 1058.2
1331560 1049.6
1331570 1049.6
1331580 1040.9
1331590 1031.4
1331600 1031.4
1331610 1021.5
1331620 1010.5
1331630 1000.8
1331640 1000.8
1331650 987.9
1331660 982.5
1331670 982.5
1331680 998.9
1331690 1008.8
1331700 1008.8
1331710 1017.0
1331720 1027.9
1331730 1027.9
1331740 1037.9
1331750 1045.6
1331760 1045.6
1331770 1053.1
1331780 1060.6
1331790 1060.6
1331800 1067.9
1331810 1075.4
1331820 1075.4
1331830 1083.0
1331840 1090.8
1331850 1090.8
1331860 1098.5
1331870 1106.3
1331880 1106.3
1331890 1114.9
1331900 1124.4
1331910 1124.4
1331920 1132.6
1331930 1139.9
1331940 1139.9
1331950 1143.9
1331960 1148.1
1331970 1148.1
1331980 1151.2
1331990 1150.5
1332000 1146.3
1332010 1146.3
1332020 1143.5
1332030 1141.4
1332040 1141.4
1332050 1139.1
1332060 1137.3
1332070 1137.3
1332080 1135.3
1332090 1133.4
1332100 1133.4
1332110 1131.1
1332120 1128.6
1332130 1128.6
1332140 1126.8
1332150 1125.2
1332160 1125.2
1332170 1123.4
1332180 1121.2
1332190 1121.2
1332200 1119.2
1332210 1118.8
1332220 1118.8
1332230 1118.6
1332240 1118.1
1332250 1118.1
1332260 1117.2
1332270 1115.5
1332280 1115.5
1332290 1113.8
1332300 1111.7
1332310 1111.7
1332320 1109.7
1332330 1106.4
1332340 1106.4
1332350 1104.7
1332360 1103.6
1332370 1103.4
1332380 1103.4
1332390 1102.0
1332400 1100.3
1332410 1100.3
1332420 1098.8
1332430 1094.6
1332440 1094.6
1332450 1089.7
1332460 1085.3
1332470 1085.3
1332480 1081.8
1332490 1077.7
1332500 1077.7
1332510 1075.4
1332520 1074.5
1332530 1074.5
1332540 1073.2
1332550 1071.9
1332560 1071.9
1332570 1071.2
1332580 1070.7
1332590 1070.7
1332600 1070.6
1332610 1070.0
1332620 1070.0
1332630 1069.0
1332640 1068.3
1332650 1068.3
1332660 1068.5
1332670 1068.4
1332680 1068.4
1332690 1068.8
1332700 1069.3
1332710 1070.6
1332720 1070.6
1332730 1071.1
1332740 1071.2
1332750 1071.2
1332760 1072.2
1332770 1073.1
1332780 1073.1
1332790 1066.0
1332800 1065.5
1332810 1065.5
1332820 1062.6
1332830 1059.2
1332840 1059.2
1332850 1055.2
1332860 1051.2
1332870 1051.2
1332880 1048.5
1332890 1046.2
1332900 1046.2
1332910 1043.8
1332920 1041.3
1332930 1041.3
1332940 1039.2
1332950 1036.9
1332960 1036.9
1332970 1034.1
1332980 1031.2
1332990 1031.2
1333000 1030.2
1333010 1030.4
1333020 1030.4
1333030 1030.9
1333040 1030.7
1333050 1030.7
1333060 1029.8
1333070 1027.3
1333080 1025.7
1333090 1025.7
1333100 1025.6
1333110 1025.2
1333120 1025.2
1333130 1024.4
1333140 1024.8
1333150 1024.8
1333160 1025.2
1333170 1025.7
1333180 1025.7
1333190 1025.1
1333200 1025.9
1333210 1025.9
1333220 1026.0
1333230 1025.6
1333240 1025.6
1333250 1025.2
1333260 1025.0
1333270 1025.0
1333280 1024.4
1333290 1023.6
1333300 1023.6
1333310 1023.0
1333320 1022.8
1333330 1022.8
1333340 1022.7
1333350 1021.9
1333360 1021.9
1333370 1020.0
1333380 1018.2
1333390 1018.2
1333400 1016.9
1333410 1015.8
1333420 1015.8
1333430 1014.5
1333440 1012.8
1333450 1009.8
1333460 1009.8
1333470 1007.5
1333480 1005.8
1333490 1005.8
1333500 1004.9
1333510 1004.0
1333520 1004.0
1333530 1002.8
1333540 1003.4
1333550 1003.4
1333560 1002.9
1333570 1000.2
1333580 1000.2
1333590 995.7
1333600 992.6
1333610 992.6
1333620 990.5
1333630 988.3
1333640 983.0
1333650 980.6
1333660 978.1
1333670 978.1
1333680 975.1
1333690 971.5
1333700 971.5
1333710 967.7
1333720 964.2
1333730 964.2
1333740 965.6
1333750 975.4
1333760 975.4
1333770 983.1
1333780 990.6
1333790 997.0
1333800 997.0
1333810 1001.8
1333820 1005.2
1333830 1005.2
1333840 1008.9
1333850 1011.6
1333860 1011.6
1333870 1013.5
1333880 1016.8
1333890 1016.8
1333900 1020.9
1333910 1025.6
1333920 1025.6
1333930 1029.0
1333940 1027.2
1333950 1027.2
1333960 1022.1
1333970 1016.0
1333980 1016.0
1333990 1013.8
1334000 1013.3
1334010 1013.3
1334020 1011.2
1334030 1009.4
1334040 1009.4
1334050 1006.7
1334060 1003.3
1334070 1003.3
1334080 1000.7
1334090 998.6
1334100 998.6
1334110 997.2
1334120 995.7
1334130 995.7
1334140 992.3
1334150 990.0
1334160 988.6
1334170 988.6
1334180 986.6
1334190 983.7
1334200 983.7
1334210 980.3
1334220 978.5
1334230 978.5
1334240 976.8
1334250 975.3
1334260 975.3
1334270 974.1
1334280 973.3
1334290 973.3
1334300 972.4
1334310 971.1
1334320 971.1
1334330 969.4
1334340 968.0
1334350 968.0
1334360 966.7
1334370 965.0
1334380 965.0
1334390 963.3
1334400 961.4
1334410 961.4
1334420 959.4
1334430 957.6
1334440 957.6
1334450 956.2
1334460 955.1
1334470 955.1
1334480 953.7
1334490 944.0
1334500 944.0
1334510 941.3
1334520 939.0
1334530 936.6
1334540 936.6
1334550 934.1
1334560 932.1
1334570 932.1
1334580 929.5
1334590 927.0
1334600 927.0
1334610 924.6
1334620 922.0
1334630 922.0
1334640 919.9
1334650 918.1
1334660 918.1
1334670 916.4
1334680 914.8
1334690 914.8
1334700 913.1
1334710 911.3
1334720 911.3
1334730 909.7
1334740 908.4
1334750 908.4
1334760 906.9
1334770 905.8
1334780 905.8
1334790 904.4
1334800 902.4
1334810 902.4
1334820 900.4
1334830 898.6
1334840 898.6
1334850 896.5
1334860 895.7
1334870 894.9
1334880 894.9
1334890 893.4
1334900 892.7
1334910 892.7
1334920 891.0
1334930 890.2
1334940 890.2
1334950 892.4
1334960 893.4
1334970 893.4
1334980 892.7
1334990 891.8
1335000 891.8
1335010 890.7
1335020 889.4
1335030 889.4
1335040 887.5
1335050 886.2
1335060 886.2
1335070 885.6
1335080 885.0
1335090 885.0
1335100 884.1
1335110 883.5
1335120 883.5
1335130 882.9
1335140 882.3
1335150 882.3
1335160 881.9
1335170 881.2
1335180 881.2
1335190 881.2
1335200 881.0
1335210 881.0
1335220 881.6
1335230 883.1
1335240 884.4
1335250 884.4
1335260 884.4
1335270 884.8
1335280 884.8
1335290 886.8
1335300 889.5
1335310 889.5
1335320 891.9
1335330 892.8
1335340 892.8
1335350 902.2
1335360 904.7
1335370 904.7
1335380 907.8
1335390 910.0
1335400 910.0
1335410 911.5
1335420 912.6
1335430 912.6
1335440 913.4
1335450 914.4
1335460 914.4
1335470 915.6
1335480 916.7
1335490 916.7
1335500 918.0
1335510 919.3
1335520 919.3
1335530 920.9
1335540 922.5
1335550 922.5
1335560 924.2
1335570 925.9
1335580 925.9
1335590 928.3
1335600 931.4
1335610 934.0
1335620 934.0
1335630 936.3
1335640 938.5
1335650 938.5
1335660 941.3
1335670 944.8
1335680 944.8
1335690 948.0
1335700 951.4
1335710 951.4
1335720 954.5
1335730 957.5
1335740 957.5
1335750 960.8
1335760 964.0
1335770 964.0
1335780 967.6
1335790 969.9
1335800 969.9
1335810 972.4
1335820 975.3
1335830 975.3
1335840 977.3
1335850 978.4
1335860 978.4
1335870 978.9
1335880 979.1
1335890 979.1
1335900 980.0
1335910 981.2
1335920 981.2
1335930 982.5
1335940 984.2
1335950 984.2
1335960 985.6
1335970 986.4
1335980 987.2
1335990 987.2
1336000 989.0
1336010 991.4
1336020 991.4
1336030 993.9
1336040 996.2
1336050 996.2
1336060 998.4
1336070 1001.5
1336080 1001.5
1336090 1004.3
1336100 1007.2
1336110 1007.2
1336120 1009.8
1336130 1012.0
1336140 1012.0
1336150 1013.3
1336160 1013.6
1336170 1013.6
1336180 1014.3
1336190 1014.8
1336200 1014.8
1336210 1024.2
1336220 1024.8
1336230 1024.8
1336240 1025.0
1336250 1026.1
1336260 1026.1
1336270 1027.2
1336280 1027.1
1336290 1027.1
1336300 1025.0
1336310 1021.8
1336320 1019.6
1336330 1019.6
1336340 1018.7
1336350 1018.5
1336360 1018.5
1336370 1018.5
1336380 1018.8
1336390 1018.8
1336400 1019.1
1336410 1019.4
1336420 1019.4
1336430 1018.8
1336440 1017.0
1336450 1017.0
1336460 1016.9
1336470 1019.5
1336480 1019.5
1336490 1021.1
1336500 1021.8
1336510 1021.8
1336520 1021.9
1336530 1021.5
1336540 1021.5
1336550 1021.4
1336560 1023.0
1336570 1023.0
1336580 1024.0
1336590 1024.4
1336600 1024.4
1336610 1025.2
1336620 1025.4
1336630 1025.4
1336640 1024.8
1336650 1025.8
1336660 1025.8
1336670 1027.8
1336680 1029.3
1336690 1030.5
1336700 1030.5
1336710 1032.2
1336720 1034.4
1336730 1034.4
1336740 1036.7
1336750 1038.8
1336760 1038.8
1336770 1041.0
1336780 1043.9
1336790 1043.9
1336800 1046.8
1336810 1049.7
1336820 1049.7
1336830 1052.5
1336840 1055.4
1336850 1055.4
1336860 1057.3
1336870 1058.8
1336880 1058.8
1336890 1061.2
1336900 1063.3
1336910 1063.3
1336920 1065.2
1336930 1066.9
1336940 1066.9
1336950 1068.7
1336960 1070.8
1336970 1070.8
1336980 1073.7
1336990 1078.2
1337000 1078.2
1337010 1082.0
1337020 1083.7
1337030 1083.7
1337040 1086.2
1337050 1089.3
1337060 1093.3
1337070 1098.0
1337080 1102.2
1337090 1107.4
1337100 1107.4
1337110 1111.9
1337120 1117.8
1337130 1117.8
1337140 1123.0
1337150 1128.2
1337160 1128.2
1337170 1132.1
1337180 1134.2
1337190 1134.2
1337200 1137.4
1337210 1141.6
1337220 1141.6
1337230 1147.4
1337240 1153.0
1337250 1153.0
1337260 1157.9
1337270 1164.2
1337280 1164.2
1337290 1168.9
1337300 1170.5
1337310 1170.5
1337320 1171.9
1337330 1173.8
1337340 1173.8
1337350 1173.3
1337360 1171.8
1337370 1171.8
1337380 1172.6
1337390 1173.3
1337400 1174.3
1337410 1174.3
1337420 1174.8
1337430 1175.6
1337440 1175.6
1337450 1176.2
1337460 1176.0
1337470 1176.0
1337480 1175.8
1337490 1175.6
1337500 1175.6
1337510 1174.0
1337520 1171.9
1337530 1171.9
1337540 1170.4
1337550 1170.4
1337560 1170.4
1337570 1171.0
1337580 1172.0
1337590 1172.0
1337600 1172.5
1337610 1172.9
1337620 1172.9
1337630 1173.7
1337640 1174.6
1337650 1174.6
1337660 1175.9
1337670 1177.0
1337680 1177.0
1337690 1177.2
1337700 1176.3
1337710 1176.3
1337720 1175.5
1337730 1176.3
1337740 1176.3
1337750 1178.3
1337760 1180.3
1337770 1180.4
1337780 1180.4
1337790 1179.5
1337800 1177.8
1337810 1177.8
1337820 1178.8
1337830 1181.7
1337840 1181.7
1337850 1186.3
1337860 1192.3
1337870 1192.3
1337880 1200.5
1337890 1208.3
1337900 1208.3
1337910 1215.1
1337920 1221.4
1337930 1221.4
1337940 1233.1
1337950 1237.2
1337960 1237.2
1337970 1240.4
1337980 1245.4
1337990 1245.4
1338000 1251.0
1338010 1255.7
1338020 1255.7
1338030 1258.4
1338040 1260.9
1338050 1260.9
1338060 1264.2
1338070 1267.5
1338080 1267.5
1338090 1268.6
1338100 1268.0
1338110 1268.0
1338120 1268.1
1338130 1269.1
1338140 1271.8
1338150 1271.8
1338160 1276.4
1338170 1285.6
1338180 1285.6
1338190 1294.1
1338200 1298.1
1338210 1298.1
1338220 1300.3
1338230 1304.7
1338240 1304.7
1338250 1309.8
1338260 1314.7
1338270 1314.7
1338280 1319.0
1338290 1322.1
1338300 1322.1
1338310 1324.0
1338320 1328.4
1338330 1328.4
1338340 1333.2
1338350 1339.1
1338360 1339.1
1338370 1346.3
1338380 1350.8
1338390 1350.8
1338400 1353.7
1338410 1358.9
1338420 1358.9
1338430 1364.1
1338440 1370.2
1338450 1370.2
1338460 1376.9
1338470 1384.7
1338480 1393.0
1338490 1393.0
1338500 1401.8
1338510 1409.8
1338520 1409.8
1338530 1420.6
1338540 1444.7
1338550 1444.7
1338560 1471.2
1338570 1480.4
1338580 1480.4
1338590 1481.0
1338600 1482.1
1338610 1482.1
1338620 1487.6
1338630 1490.6
1338640 1490.6
1338650 1491.5
1338660 1491.4
1338670 1491.4
1338680 1491.1
1338690 1492.1
1338700 1492.1
1338710 1493.3
1338720 1492.8
1338730 1492.8
1338740 1492.8
1338750 1493.1
1338760 1493.1
1338770 1492.1
1338780 1491.5
1338790 1491.5
1338800 1492.9
1338810 1494.4
1338820 1498.5
1338830 1498.9
1338840 1499.0
1338850 1499.7
1338860 1499.7
1338870 1500.5
1338880 1501.3
1338890 1501.3
1338900 1501.7
1338910 1502.8
1338920 1502.8
1338930 1503.2
1338940 1504.6
1338950 1504.6
1338960 1505.3
1338970 1503.1
1338980 1503.1
1338990 1498.7
1339000 1493.4
1339010 1493.4
1339020 1488.6
1339030 1484.4
1339040 1484.4
1339050 1479.1
1339060 1473.1
1339070 1473.1
1339080 1467.3
1339090 1461.8
1339100 1461.8
1339110 1455.8
1339120 1448.1
1339130 1448.1
1339140 1441.9
1339150 1438.1
1339160 1438.1
1339170 1437.2
1339180 1437.6
1339190 1437.6
1339200 1438.5
1339210 1439.2
1339220 1438.9
1339230 1438.9
1339240 1437.8
1339250 1435.7
1339260 1435.7
1339270 1433.4
1339280 1431.5
1339290 1431.5
1339300 1429.8
1339310 1428.9
1339320 1428.9
1339330 1428.1
1339340 1427.5
1339350 1427.5
1339360 1427.4
1339370 1427.4
1339380 1427.4
1339390 1427.3
1339400 1427.0
1339410 1427.0
1339420 1426.6
1339430 1426.1
1339440 1426.1
1339450 1425.5
1339460 1424.8
1339470 1424.8
1339480 1424.7
1339490 1426.5
1339500 1426.5
1339510 1428.5
1339520 1428.6
1339530 1428.6
1339540 1427.2
1339550 1425.1
1339560 1425.1
1339570 1423.2
1339580 1423.0
1339590 1424.3
1339600 1424.3
1339610 1424.9
1339620 1425.6
1339630 1425.6
1339640 1427.2
1339650 1429.6
1339660 1429.6
1339670 1432.6
1339680 1435.1
1339690 1435.1
1339700 1436.9
1339710 1438.1
1339720 1438.1
1339730 1439.4
1339740 1441.3
1339750 1441.3
1339760 1443.5
1339770 1445.8
1339780 1445.8
1339790 1448.1
1339800 1449.9
1339810 1449.9
1339820 1451.2
1339830 1452.0
1339840 1452.0
1339850 1452.2
1339860 1452.0
1339870 1452.0
1339880 1451.9
1339890 1452.2
1339900 1452.2
1339910 1452.5
1339920 1452.7
1339930 1452.7
1339940 1452.7
1339950 1452.3
1339960 1452.1
1339970 1452.1
1339980 1450.9
1339990 1450.7
