1320000 1064.4
1320010 1064.4
1320020 1061.6
1320030 1061.0
1320040 1061.0
1320050 1062.9
1320060 1062.6
1320070 1062.6
1320080 1062.4
1320090 1061.4
1320100 1061.4
1320110 1059.4
1320120 1056.7
1320130 1056.7
1320140 1053.1
1320150 1050.5
1320160 1050.5
1320170 1055.4
1320180 1052.7
1320190 1052.7
1320200 1051.7
1320210 1050.1
1320220 1050.1
1320230 1048.2
1320240 1047.4
1320250 1047.4
1320260 1045.6
1320270 1041.8
1320280 1041.8
1320290 1038.7
1320300 1041.5
1320310 1042.7
1320320 1042.7
1320330 1042.8
1320340 1042.4
1320350 1042.4
1320360 1044.4
1320370 1046.5
1320380 1046.5
1320390 1045.5
1320400 1043.6
1320410 1043.6
1320420 1043.6
1320430 1041.2
1320440 1041.2
1320450 1040.0
1320460 1037.7
1320470 1037.7
1320480 1038.5
1320490 1039.7
1320500 1039.7
1320510 1040.9
1320520 1041.3
1320530 1041.3
1320540 1041.8
1320550 1041.1
1320560 1041.1
1320570 1040.1
1320580 1044.0
1320590 1044.0
1320600 1047.2
1320610 1052.0
1320620 1052.0
1320630 1054.1
1320640 1053.8
1320650 1055.3
1320660 1055.3
1320670 1056.1
1320680 1056.3
1320690 1056.3
1320700 1057.1
1320710 1057.3
1320720 1057.3
1320730 1056.5
1320740 1054.9
1320750 1054.9
1320760 1054.7
1320770 1053.6
1320780 1053.6
1320790 1051.4
1320800 1049.3
1320810 1049.3
1320820 1046.0
1320830 1039.4
1320840 1039.4
1320850 1031.3
1320860 1024.8
1320870 1024.8
1320880 1021.8
1320890 1019.4
1320900 1019.4
1320910 1016.9
1320920 1024.1
1320930 1024.1
1320940 1032.5
1320950 1041.5
1320960 1041.5
1320970 1043.9
1320980 1043.9
1320990 1043.9
1321000 1042.3
1321010 1038.5
1321020 1035.1
1321030 1035.1
1321040 1031.5
1321050 1028.9
1321060 1028.9
1321070 1028.8
1321080 1029.1
1321090 1029.1
1321100 1024.9
1321110 1018.5
1321120 1018.5
1321130 1012.4
1321140 1006.4
1321150 1006.4
1321160 999.3
1321170 996.5
1321180 996.5
1321190 1000.8
1321200 1006.4
1321210 1006.4
1321220 1012.8
1321230 1019.1
1321240 1019.1
1321250 1027.9
1321260 1036.8
1321270 1036.8
1321280 1043.0
1321290 1049.8
1321300 1049.8
1321310 1054.9
1321320 1061.2
1321330 1061.2
1321340 1068.6
1321350 1073.8
1321360 1073.8
1321370 1075.4
1321380 1079.0
1321390 1083.3
1321400 1083.3
1321410 1086.2
1321420 1086.8
1321430 1086.8
1321440 1089.2
1321450 1092.5
1321460 1092.5
1321470 1092.0
1321480 1093.2
1321490 1093.2
1321500 1095.7
1321510 1096.5
1321520 1096.5
1321530 1095.7
1321540 1093.8
1321550 1093.8
1321560 1093.7
1321570 1094.7
1321580 1094.7
1321590 1094.6
1321600 1093.9
1321610 1093.9
1321620 1093.6
1321630 1093.3
1321640 1093.3
1321650 1092.6
1321660 1091.8
1321670 1091.8
1321680 1090.5
1321690 1086.2
1321700 1086.2
1321710 1078.9
1321720 1071.0
1321730 1064.4
1321740 1068.5
1321750 1063.5
1321760 1058.3
1321770 1058.3
1321780 1053.2
1321790 1046.8
1321800 1046.8
1321810 1041.6
1321820 1038.3
1321830 1038.3
1321840 1043.5
1321850 1056.5
1321860 1056.5
1321870 1070.8
1321880 1083.1
1321890 1083.1
1321900 1093.5
1321910 1103.3
1321920 1103.3
1321930 1111.5
1321940 1118.1
1321950 1118.1
1321960 1121.5
1321970 1123.7
1321980 1123.7
1321990 1125.5
1322000 1127.2
1322010 1127.2
1322020 1130.3
1322030 1133.3
1322040 1133.3
1322050 1136.0
1322060 1137.9
1322070 1137.9
1322080 1138.8
1322090 1140.0
1322100 1141.5
1322110 1141.5
1322120 1143.2
1322130 1144.2
1322140 1144.2
1322150 1144.9
1322160 1145.5
1322170 1145.5
1322180 1147.4
1322190 1149.6
1322200 1149.6
1322210 1151.8
1322220 1152.9
1322230 1152.9
1322240 1153.8
1322250 1153.7
1322260 1153.7
1322270 1153.0
1322280 1152.3
1322290 1152.3
1322300 1152.1
1322310 1150.6
1322320 1150.6
1322330 1145.8
1322340 1140.2
1322350 1140.2
1322360 1133.9
1322370 1127.2
1322380 1127.2
1322390 1120.4
1322400 1113.5
1322410 1113.5
1322420 1106.6
1322430 1099.4
1322440 1099.4
1322450 1092.5
1322460 1085.9
1322470 1079.8
1322480 1079.8
1322490 1074.3
1322500 1066.4
1322510 1066.4
1322520 1055.7
1322530 1056.6
1322540 1056.6
1322550 1062.5
1322560 1068.9
1322570 1068.9
1322580 1070.8
1322590 1074.5
1322600 1074.5
1322610 1078.0
1322620 1082.1
1322630 1082.1
1322640 1087.1
1322650 1091.3
1322660 1091.3
1322670 1094.7
1322680 1097.0
1322690 1097.0
1322700 1098.5
1322710 1099.4
1322720 1099.4
1322730 1099.6
1322740 1100.1
1322750 1100.1
1322760 1100.9
1322770 1100.9
1322780 1100.9
1322790 1100.8
1322800 1100.9
1322810 1100.9
1322820 1102.0
1322830 1104.7
1322840 1107.0
1322850 1107.0
1322860 1107.9
1322870 1112.5
1322880 1112.5
1322890 1115.4
1322900 1111.3
1322910 1111.3
1322920 1105.6
1322930 1099.0
1322940 1099.0
1322950 1090.2
1322960 1084.6
1322970 1084.6
1322980 1081.1
1322990 1076.5
1323000 1076.5
1323010 1075.6
1323020 1077.0
1323030 1077.0
1323040 1075.3
1323050 1074.2
1323060 1074.2
1323070 1073.2
1323080 1071.9
1323090 1071.9
1323100 1070.1
1323110 1068.3
1323120 1068.3
1323130 1065.4
1323140 1060.7
1323150 1060.7
1323160 1054.9
1323170 1048.9
1323180 1044.9
1323190 1044.9
1323200 1043.6
1323210 1042.5
1323220 1042.5
1323230 1039.9
1323240 1035.8
1323250 1035.8
1323260 1030.0
1323270 1025.6
1323280 1025.6
1323290 1026.1
1323300 1030.8
1323310 1034.4
1323320 1039.5
1323330 1042.3
1323340 1042.3
1323350 1042.2
1323360 1040.6
1323370 1040.6
1323380 1038.6
1323390 1037.0
1323400 1037.0
1323410 1036.0
1323420 1034.8
1323430 1034.8
1323440 1035.5
1323450 1035.1
1323460 1035.1
1323470 1033.0
1323480 1031.7
1323490 1031.7
1323500 1028.4
1323510 1027.8
1323520 1027.8
1323530 1028.2
1323540 1027.9
1323550 1024.2
1323560 1024.2
1323570 1023.5
1323580 1023.8
1323590 1023.8
1323600 1020.6
1323610 1016.1
1323620 1016.1
1323630 1016.3
1323640 1016.0
1323650 1016.0
1323660 1015.3
1323670 1014.9
1323680 1014.9
1323690 1014.1
1323700 1012.7
1323710 1012.7
1323720 1011.7
1323730 1010.0
1323740 1010.0
1323750 1008.4
1323760 1008.6
1323770 1008.6
1323780 1005.2
1323790 998.7
1323800 998.7
1323810 996.2
1323820 1000.1
1323830 1000.1
1323840 1002.2
1323850 1002.9
1323860 1002.9
1323870 1003.7
1323880 1003.5
1323890 1003.5
1323900 1001.8
1323910 998.8
1323920 994.0
1323930 994.0
1323940 988.7
1323950 985.6
1323960 985.6
1323970 985.1
1323980 984.4
1323990 984.4
1324000 982.9
1324010 982.8
1324020 982.8
1324030 984.1
1324040 986.5
1324050 986.5
1324060 988.2
1324070 988.2
1324080 988.2
1324090 986.8
1324100 987.2
1324110 994.7
1324120 994.1
1324130 992.4
1324140 992.4
1324150 991.0
1324160 987.7
1324170 987.7
1324180 985.5
1324190 984.3
1324200 984.3
1324210 983.2
1324220 982.0
1324230 982.0
1324240 981.1
1324250 980.7
1324260 979.9
1324270 979.9
1324280 977.8
1324290 974.0
1324300 974.0
1324310 972.3
1324320 974.4
1324330 974.4
1324340 975.0
1324350 976.4
1324360 976.4
1324370 978.0
1324380 979.6
1324390 979.6
1324400 980.7
1324410 981.3
1324420 981.3
1324430 980.9
1324440 979.8
1324450 979.8
1324460 979.2
1324470 979.2
1324480 979.2
1324490 980.0
1324500 980.9
1324510 980.9
1324520 983.3
1324530 986.7
1324540 986.7
1324550 992.0
1324560 993.9
1324570 993.9
1324580 998.0
1324590 1004.6
1324600 1004.6
1324610 1006.6
1324620 1011.4
1324630 1015.2
1324640 1015.2
1324650 1018.0
1324660 1022.3
1324670 1022.3
1324680 1025.3
1324690 1030.0
1324700 1030.0
1324710 1033.2
1324720 1036.0
1324730 1036.0
1324740 1038.2
1324750 1038.9
1324760 1038.9
1324770 1040.7
1324780 1038.4
1324790 1038.4
1324800 1032.3
1324810 1029.4
1324820 1029.4
1324830 1026.6
1324840 1020.7
1324850 1020.7
1324860 1010.8
1324870 1006.0
1324880 1006.0
1324890 1000.8
1324900 989.6
1324910 1022.2
1324920 1013.1
1324930 1006.0
1324940 1006.0
1324950 1002.3
1324960 1000.3
1324970 1000.3
1324980 998.1
1324990 995.1
1325000 988.0
1325010 988.0
1325020 981.0
1325030 975.2
1325040 975.2
1325050 966.5
1325060 954.6
1325070 954.6
1325080 942.7
1325090 937.8
1325100 937.8
1325110 934.4
1325120 928.9
1325130 928.9
1325140 923.0
1325150 916.5
1325160 916.5
1325170 910.4
1325180 902.8
1325190 902.8
1325200 896.2
1325210 891.2
1325220 891.2
1325230 886.5
1325240 882.2
1325250 882.2
1325260 877.4
1325270 872.5
1325280 872.5
1325290 868.7
1325300 864.8
1325310 864.8
1325320 860.7
1325330 857.1
1325340 857.1
1325350 853.3
1325360 849.9
1325370 848.1
1325380 848.1
1325390 846.0
1325400 844.4
1325410 844.4
1325420 842.9
1325430 840.6
1325440 840.6
1325450 838.6
1325460 836.4
1325470 836.4
1325480 830.9
1325490 822.7
1325500 822.7
1325510 814.6
1325520 808.1
1325530 808.1
1325540 804.4
1325550 800.9
1325560 800.9
1325570 797.4
1325580 794.9
1325590 794.9
1325600 793.5
1325610 791.2
1325620 791.2
1325630 788.4
1325640 786.1
1325650 786.1
1325660 784.7
1325670 783.4
1325680 783.4
1325690 783.5
1325700 783.3
1325710 785.5
1325720 785.5
1325730 780.4
1325740 778.0
1325750 778.0
1325760 775.7
1325770 772.3
1325780 772.3
1325790 770.5
1325800 766.9
1325810 766.9
1325820 763.1
1325830 759.3
1325840 759.3
1325850 753.3
1325860 748.6
1325870 748.6
1325880 744.7
1325890 738.7
1325900 738.7
1325910 735.0
1325920 734.0
1325930 734.0
1325940 733.3
1325950 732.7
1325960 732.7
1325970 731.5
1325980 730.3
1325990 730.3
1326000 729.5
1326010 729.2
1326020 729.2
1326030 728.9
1326040 728.5
1326050 728.5
1326060 728.1
1326070 727.1
1326080 725.7
1326090 725.7
1326100 725.5
1326110 726.0
1326120 726.0
1326130 732.5
1326140 741.7
1326150 741.7
1326160 747.5
1326170 751.5
1326180 751.5
1326190 755.7
1326200 760.3
1326210 760.3
1326220 763.6
1326230 766.9
1326240 766.9
1326250 769.8
1326260 770.7
1326270 770.7
1326280 770.7
1326290 768.0
1326300 768.0
1326310 763.1
1326320 756.5
1326330 756.5
1326340 752.8
1326350 757.3
1326360 757.3
1326370 766.1
1326380 774.7
1326390 774.7
1326400 781.5
1326410 785.8
1326420 785.8
1326430 789.2
1326440 792.2
1326450 794.8
1326460 794.8
1326470 797.1
1326480 799.5
1326490 799.5
1326500 802.4
1326510 805.7
1326520 804.2
1326530 807.2
1326540 810.1
1326550 810.1
1326560 814.0
1326570 817.8
1326580 817.8
1326590 821.5
1326600 826.0
1326610 826.0
1326620 830.0
1326630 832.9
1326640 832.9
1326650 836.5
1326660 841.0
1326670 841.0
1326680 845.3
1326690 849.0
1326700 849.0
1326710 852.1
1326720 855.1
1326730 855.1
1326740 857.5
1326750 859.6
1326760 859.6
1326770 861.6
1326780 863.4
1326790 865.1
1326800 865.1
1326810 866.5
1326820 867.9
1326830 867.9
1326840 869.2
1326850 870.7
1326860 870.7
1326870 872.4
1326880 874.6
1326890 874.6
1326900 876.9
1326910 879.4
1326920 879.4
1326930 881.6
1326940 883.3
1326950 883.3
1326960 884.7
1326970 886.1
1326980 886.1
1326990 887.8
1327000 890.2
1327010 890.2
1327020 892.4
1327030 894.2
1327040 894.2
1327050 895.8
1327060 897.9
1327070 897.9
1327080 899.7
1327090 901.9
1327100 901.9
1327110 904.1
1327120 906.5
1327130 906.5
1327140 909.3
1327150 911.9
1327160 914.3
1327170 914.3
1327180 916.8
1327190 919.1
1327200 919.1
1327210 921.5
1327220 924.0
1327230 924.0
1327240 926.0
1327250 928.3
1327260 928.3
1327270 929.8
1327280 928.7
1327290 928.7
1327300 925.6
1327310 929.3
1327320 929.3
1327330 933.7
1327340 935.9
1327350 935.9
1327360 938.2
1327370 939.8
1327380 939.8
1327390 941.2
1327400 942.8
1327410 942.8
1327420 944.5
1327430 946.0
1327440 946.0
1327450 947.3
1327460 948.8
1327470 948.8
1327480 949.4
1327490 947.3
1327500 947.3
1327510 945.0
1327520 947.5
1327530 948.8
1327540 948.8
1327550 945.0
1327560 945.0
1327570 945.0
1327580 952.1
1327590 954.7
1327600 954.7
1327610 956.1
1327620 955.4
1327630 955.4
1327640 955.0
1327650 955.6
1327660 955.6
1327670 956.1
1327680 957.2
1327690 957.2
1327700 955.7
1327710 952.6
1327720 952.6
1327730 954.6
1327740 957.0
1327750 957.0
1327760 958.6
1327770 961.9
1327780 961.9
1327790 967.9
1327800 975.2
1327810 975.2
1327820 977.9
1327830 980.9
1327840 980.9
1327850 985.2
1327860 991.0
1327870 991.0
1327880 996.7
1327890 1002.3
1327900 1005.6
1327910 1005.6
1327920 1003.6
1327930 1002.3
1327940 1002.3
1327950 1008.3
1327960 1015.7
1327970 1015.7
1327980 1024.0
1327990 1030.4
1328000 1030.4
1328010 1034.9
1328020 1038.7
1328030 1038.7
1328040 1042.0
1328050 1045.7
1328060 1045.7
1328070 1050.1
1328080 1054.1
1328090 1054.1
1328100 1057.2
1328110 1060.2
1328120 1060.2
1328130 1063.5
1328140 1066.7
1328150 1071.7
1328160 1075.5
1328170 1077.8
1328180 1077.8
1328190 1080.4
1328200 1083.5
1328210 1083.5
1328220 1085.0
1328230 1086.0
1328240 1086.6
1328250 1086.6
1328260 1086.8
1328270 1087.1
1328280 1087.1
1328290 1087.7
1328300 1087.9
1328310 1087.9
1328320 1087.8
1328330 1087.4
1328340 1087.4
1328350 1086.0
1328360 1085.1
1328370 1085.1
1328380 1086.6
1328390 1089.5
1328400 1089.5
1328410 1095.9
1328420 1103.9
1328430 1103.9
1328440 1110.3
1328450 1115.7
1328460 1115.7
1328470 1121.0
1328480 1126.1
1328490 1126.1
1328500 1131.6
1328510 1137.0
1328520 1137.0
1328530 1142.1
1328540 1147.5
1328550 1147.5
1328560 1152.0
1328570 1155.7
1328580 1155.7
1328590 1159.0
1328600 1161.3
1328610 1163.8
1328620 1163.8
1328630 1166.0
1328640 1168.8
1328650 1168.8
1328660 1170.8
1328670 1173.1
1328680 1173.1
1328690 1176.7
1328700 1179.9
1328710 1179.9
1328720 1182.1
1328730 1183.7
1328740 1183.7
1328750 1185.2
1328760 1187.3
1328770 1187.3
1328780 1189.4
1328790 1191.6
1328800 1191.6
1328810 1192.7
1328820 1192.7
1328830 1192.7
1328840 1192.9
1328850 1194.5
1328860 1194.5
1328870 1197.7
1328880 1201.4
1328890 1201.4
1328900 1205.4
1328910 1207.0
1328920 1207.0
1328930 1210.0
1328940 1212.9
1328950 1212.9
1328960 1215.1
1328970 1215.1
1328980 1217.9
1328990 1217.9
1329000 1220.4
1329010 1222.9
1329020 1222.9
1329030 1225.4
1329040 1227.2
1329050 1227.2
1329060 1228.9
1329070 1230.2
1329080 1230.2
1329090 1230.3
1329100 1230.6
1329110 1230.6
1329120 1231.2
1329130 1233.4
1329140 1233.4
1329150 1236.1
1329160 1237.9
1329170 1237.9
1329180 1241.0
1329190 1241.7
1329200 1241.7
1329210 1242.8
1329220 1244.7
1329230 1244.7
1329240 1246.9
1329250 1247.5
1329260 1247.5
1329270 1246.7
1329280 1245.8
1329290 1245.8
1329300 1245.2
1329310 1244.3
1329320 1247.3
1329330 1247.3
1329340 1250.8
1329350 1254.5
1329360 1254.5
1329370 1258.7
1329380 1264.7
1329390 1264.7
1329400 1269.1
1329410 1270.7
1329420 1270.7
1329430 1272.1
1329440 1276.0
1329450 1276.0
1329460 1280.4
1329470 1282.7
1329480 1282.7
1329490 1282.6
1329500 1283.4
1329510 1283.4
1329520 1286.2
1329530 1286.7
1329540 1286.7
1329550 1288.7
1329560 1292.2
1329570 1292.2
1329580 1295.8
1329590 1299.6
1329600 1299.6
1329610 1303.6
1329620 1307.4
1329630 1307.4
1329640 1309.2
1329650 1311.4
1329660 1311.4
1329670 1314.6
1329680 1317.7
1329690 1320.9
1329700 1320.9
1329710 1323.9
1329720 1327.6
1329730 1327.6
1329740 1331.2
1329750 1332.9
1329760 1332.9
1329770 1333.3
1329780 1336.0
1329790 1336.3
1329800 1339.0
1329810 1342.4
1329820 1342.4
1329830 1345.9
1329840 1348.3
1329850 1348.3
1329860 1349.8
1329870 1351.8
1329880 1351.8
1329890 1354.4
1329900 1357.4
1329910 1357.4
1329920 1359.0
1329930 1359.3
1329940 1359.3
1329950 1359.2
1329960 1360.8
1329970 1360.8
1329980 1361.8
1329990 1362.4
1330000 1362.4
1330010 1365.0
1330020 1368.1
1330030 1368.1
1330040 1370.3
1330050 1373.4
1330060 1376.3
1330070 1376.3
1330080 1378.4
1330090 1380.1
1330100 1380.1
1330110 1381.7
1330120 1382.9
1330130 1382.9
1330140 1384.3
1330150 1385.6
1330160 1385.6
1330170 1385.7
1330180 1386.5
1330190 1386.5
1330200 1388.3
1330210 1390.1
1330220 1390.1
1330230 1391.9
1330240 1393.9
1330250 1393.9
1330260 1396.2
1330270 1398.2
1330280 1398.2
1330290 1401.5
1330300 1402.2
1330310 1402.2
1330320 1404.3
1330330 1406.9
1330340 1406.9
1330350 1409.2
1330360 1411.0
1330370 1411.0
1330380 1410.0
1330390 1408.8
1330400 1408.8
1330410 1408.9
1330420 1409.9
1330430 1408.4
1330440 1408.4
1330450 1404.8
1330460 1403.3
1330470 1403.3
1330480 1402.9
1330490 1400.8
1330500 1400.8
1330510 1399.2
1330520 1396.7
1330530 1396.7
1330540 1395.4
1330550 1396.7
1330560 1396.7
1330570 1398.0
1330580 1398.9
1330590 1398.9
1330600 1398.8
1330610 1397.1
1330620 1400.1
1330630 1396.4
1330640 1393.6
1330650 1393.6
1330660 1391.5
1330670 1393.0
1330680 1393.0
1330690 1394.8
1330700 1395.0
1330710 1395.0
1330720 1393.1
1330730 1391.6
1330740 1391.6
1330750 1389.7
1330760 1388.3
1330770 1386.8
1330780 1386.8
1330790 1383.7
1330800 1376.4
1330810 1376.4
1330820 1368.1
1330830 1359.9
1330840 1359.9
1330850 1355.3
1330860 1352.1
1330870 1352.1
1330880 1347.1
1330890 1340.6
1330900 1340.6
1330910 1333.8
1330920 1325.9
1330930 1325.9
1330940 1317.5
1330950 1309.4
1330960 1309.4
1330970 1302.7
1330980 1297.3
1330990 1297.3
1331000 1293.1
1331010 1290.8
1331020 1290.8
1331030 1293.3
1331040 1298.4
1331050 1298.4
1331060 1300.4
1331070 1301.1
1331080 1301.1
1331090 1302.0
1331100 1302.2
1331110 1302.2
1331120 1302.5
1331130 1303.8
1331140 1304.1
1331150 1304.1
1331160 1302.4
1331170 1301.9
1331180 1301.9
1331190 1300.2
1331200 1295.1
1331210 1295.1
1331220 1288.2
1331230 1281.3
1331240 1281.3
1331250 1273.0
1331260 1264.8
1331270 1264.8
1331280 1255.9
1331290 1246.2
1331300 1246.2
1331310 1236.5
1331320 1226.4
1331330 1226.4
1331340 1214.6
1331350 1200.1
1331360 1200.1
1331370 1187.9
1331380 1176.8
1331390 1176.8
1331400 1164.1
1331410 1152.2
1331420 1152.2
1331430 1143.3
1331440 1133.6
1331450 1133.6
1331460 1122.0
1331470 1112.6
1331480 1112.6
1331490 1101.7
1331500 1087.6
1331510 1074.7
1331520 1074.7
1331530 1063.9
1331540 1051.7
1331550 1051.7
1331560 1035.3
1331570 1022.7
1331580 1022.7
1331590 1012.1
1331600 999.6
1331610 999.6
1331620 993.6
1331630 1002.4
1331640 1002.4
1331650 1014.3
1331660 1025.1
1331670 1025.1
1331680 1035.0
1331690 1042.4
1331700 1042.4
1331710 1047.7
1331720 1054.4
1331730 1054.4
1331740 1061.8
1331750 1069.3
1331760 1069.3
1331770 1077.0
1331780 1084.9
1331790 1084.9
1331800 1093.4
1331810 1101.5
1331820 1101.5
1331830 1109.5
1331840 1118.9
1331850 1128.8
1331860 1128.8
1331870 1138.8
1331880 1145.1
1331890 1145.1
1331900 1148.8
1331910 1151.1
1331920 1151.1
1331930 1154.4
1331940 1158.1
1331950 1158.1
1331960 1165.0
1331970 1173.9
1331980 1173.9
1331990 1181.9
1332000 1189.5
1332010 1189.5
1332020 1196.8
1332030 1204.3
1332040 1204.3
1332050 1212.0
1332060 1217.9
1332070 1217.9
1332080 1218.1
1332090 1213.5
1332100 1213.5
1332110 1209.9
1332120 1205.3
1332130 1205.3
1332140 1198.1
1332150 1193.9
1332160 1193.9
1332170 1190.6
1332180 1188.0
1332190 1188.0
1332200 1185.2
1332210 1182.9
1332220 1184.3
1332230 1184.3
1332240 1186.3
1332250 1185.5
1332260 1185.5
1332270 1182.9
1332280 1180.3
1332290 1180.3
1332300 1169.1
1332310 1166.3
1332320 1166.3
1332330 1164.6
1332340 1163.9
1332350 1163.9
1332360 1162.4
1332370 1161.5
1332380 1161.5
1332390 1159.6
1332400 1157.2
1332410 1157.2
1332420 1154.2
1332430 1150.3
1332440 1150.3
1332450 1147.3
1332460 1146.4
1332470 1146.4
1332480 1144.8
1332490 1143.0
1332500 1143.0
1332510 1139.4
1332520 1134.0
1332530 1134.0
1332540 1130.8
1332550 1132.5
1332560 1132.5
1332570 1134.7
1332580 1133.6
1332590 1132.0
1332600 1132.0
1332610 1129.7
1332620 1129.3
1332630 1129.3
1332640 1128.7
1332650 1128.5
1332660 1128.5
1332670 1130.2
1332680 1134.2
1332690 1134.2
1332700 1137.0
1332710 1137.2
1332720 1137.2
1332730 1135.6
1332740 1136.1
1332750 1136.1
1332760 1138.6
1332770 1143.3
1332780 1143.3
1332790 1149.9
1332800 1154.5
1332810 1154.5
1332820 1157.6
1332830 1150.6
1332840 1150.6
1332850 1135.2
1332860 1127.0
1332870 1127.0
1332880 1120.6
1332890 1115.2
1332900 1115.2
1332910 1108.0
1332920 1104.1
1332930 1102.7
1332940 1102.7
1332950 1100.1
1332960 1096.9
1332970 1096.9
1332980 1093.1
1332990 1090.7
1333000 1090.7
1333010 1090.1
1333020 1089.8
1333030 1089.8
1333040 1088.3
1333050 1086.8
1333060 1086.8
1333070 1086.5
1333080 1086.2
1333090 1086.2
1333100 1085.9
1333110 1085.7
1333120 1085.7
1333130 1085.3
1333140 1077.3
1333150 1077.3
1333160 1077.9
1333170 1078.2
1333180 1078.2
1333190 1078.5
1333200 1077.5
1333210 1077.5
1333220 1077.1
1333230 1078.2
1333240 1078.2
1333250 1079.7
1333260 1082.7
1333270 1082.7
1333280 1083.8
1333290 1084.8
1333300 1088.1
1333310 1088.1
1333320 1087.6
1333330 1081.2
1333340 1081.2
1333350 1075.1
1333360 1071.5
1333370 1071.5
1333380 1069.2
1333390 1067.2
1333400 1067.2
1333410 1065.1
1333420 1062.5
1333430 1062.5
1333440 1060.1
1333450 1058.4
1333460 1058.4
1333470 1056.3
1333480 1053.3
1333490 1053.3
1333500 1050.5
1333510 1048.7
1333520 1048.7
1333530 1046.5
1333540 1043.8
1333550 1043.8
1333560 1040.9
1333570 1038.2
1333580 1038.2
1333590 1035.5
1333600 1032.4
1333610 1032.4
1333620 1028.8
1333630 1025.5
1333640 1025.5
1333650 1022.7
1333660 1020.3
1333670 1018.4
1333680 1018.4
1333690 1016.0
1333700 1013.1
1333710 1013.1
1333720 1009.9
1333730 1006.6
1333740 1006.6
1333750 1002.7
1333760 998.6
1333770 998.6
1333780 994.4
1333790 991.3
1333800 991.3
1333810 994.8
1333820 1001.6
1333830 1001.6
1333840 1008.5
1333850 1015.4
1333860 1015.4
1333870 1022.2
1333880 1028.6
1333890 1028.6
1333900 1034.7
1333910 1040.8
1333920 1040.8
1333930 1046.9
1333940 1053.2
1333950 1053.2
1333960 1059.5
1333970 1065.5
1333980 1065.5
1333990 1068.6
1334000 1073.4
1334010 1076.3
1334020 1076.3
1334030 1077.2
1334040 1077.8
1334050 1077.8
1334060 1077.9
1334070 1077.9
1334080 1077.9
1334090 1077.7
1334100 1076.5
1334110 1076.5
1334120 1071.8
1334130 1065.2
1334140 1065.2
1334150 1060.4
1334160 1059.2
1334170 1059.2
1334180 1058.6
1334190 1055.5
1334200 1055.5
1334210 1050.3
1334220 1046.7
1334230 1046.7
1334240 1047.9
1334250 1045.3
1334260 1045.3
1334270 1042.7
1334280 1041.9
1334290 1041.9
1334300 1037.7
1334310 1035.7
1334320 1035.7
1334330 1034.0
1334340 1031.5
1334350 1031.5
1334360 1027.6
1334370 1019.6
1334380 1011.0
1334390 1011.0
1334400 1007.1
1334410 1005.6
1334420 1005.6
1334430 1003.5
1334440 1002.1
1334450 1002.1
1334460 1000.8
1334470 999.5
1334480 999.5
1334490 997.9
1334500 995.8
1334510 995.8
1334520 993.8
1334530 992.1
1334540 992.1
1334550 989.4
1334560 986.6
1334570 986.6
1334580 984.1
1334590 982.1
1334600 982.1
1334610 980.1
1334620 978.4
1334630 978.4
1334640 976.6
1334650 974.0
1334660 974.0
1334670 972.3
1334680 970.0
1334690 970.0
1334700 967.7
1334710 966.2
1334720 966.2
1334730 964.4
1334740 962.0
1334750 960.7
1334760 960.7
1334770 959.3
1334780 957.9
1334790 957.9
1334800 956.1
1334810 954.4
1334820 954.4
1334830 952.2
1334840 941.9
1334850 941.9
1334860 939.3
1334870 937.8
1334880 937.8
1334890 935.8
1334900 934.1
1334910 934.1
1334920 932.9
1334930 931.2
1334940 931.2
1334950 929.6
1334960 928.7
1334970 928.7
1334980 927.5
1334990 924.6
1335000 924.6
1335010 921.3
1335020 918.7
1335030 918.7
1335040 916.7
1335050 914.5
1335060 914.5
1335070 912.4
1335080 910.4
1335090 910.4
1335100 908.4
1335110 907.0
1335120 905.9
1335130 905.9
1335140 904.9
1335150 903.7
1335160 903.7
1335170 902.8
1335180 901.7
1335190 901.7
1335200 900.5
1335210 899.0
1335220 899.0
1335230 897.8
1335240 897.3
1335250 897.3
1335260 896.9
1335270 896.4
1335280 896.4
1335290 895.5
1335300 894.0
1335310 894.0
1335320 891.3
1335330 886.9
1335340 886.9
1335350 880.1
1335360 874.4
1335370 874.4
1335380 873.3
1335390 872.7
1335400 872.7
1335410 872.2
1335420 871.8
1335430 871.8
1335440 871.3
1335450 871.7
1335460 874.5
1335470 874.5
1335480 877.0
1335490 878.7
1335500 878.7
1335510 880.3
1335520 882.3
1335530 882.3
1335540 884.4
1335550 887.0
1335560 887.0
1335570 890.6
1335580 895.8
1335590 895.8
1335600 902.0
1335610 904.7
1335620 904.7
1335630 907.6
1335640 910.3
1335650 910.3
1335660 914.1
1335670 918.5
1335680 918.5
1335690 922.9
1335700 928.2
1335710 928.2
1335720 930.8
1335730 933.5
1335740 933.5
1335750 935.5
1335760 937.5
1335770 937.5
1335780 940.6
1335790 943.9
1335800 943.9
1335810 946.5
1335820 948.4
1335830 950.3
1335840 950.3
1335850 952.2
1335860 953.2
1335870 953.2
1335880 953.8
1335890 954.3
1335900 954.3
1335910 955.0
1335920 956.2
1335930 956.2
1335940 956.3
1335950 956.2
1335960 956.2
1335970 956.7
1335980 957.4
1335990 957.4
1336000 958.3
1336010 959.6
1336020 959.6
1336030 961.0
1336040 962.1
1336050 962.1
1336060 964.3
1336070 965.6
1336080 965.6
1336090 967.1
1336100 969.7
1336110 969.7
1336120 972.6
1336130 975.3
1336140 975.3
1336150 979.0
1336160 982.7
1336170 982.7
1336180 985.6
1336190 987.9
1336200 990.0
1336210 990.0
1336220 991.3
1336230 991.7
1336240 991.7
1336250 991.6
1336260 991.4
1336270 991.4
1336280 990.8
1336290 990.5
1336300 990.5
1336310 991.2
1336320 991.5
1336330 991.5
1336340 991.6
1336350 992.0
1336360 992.0
1336370 992.2
1336380 992.2
1336390 992.2
1336400 991.9
1336410 991.7
1336420 991.7
1336430 991.5
1336440 991.6
1336450 991.6
1336460 991.7
1336470 991.7
1336480 991.7
1336490 991.8
1336500 992.0
1336510 992.0
1336520 992.0
1336530 991.9
1336540 991.8
1336550 991.8
1336560 993.0
1336570 994.2
1336580 994.2
1336590 995.1
1336600 995.0
1336610 995.0
1336620 995.3
1336630 995.5
1336640 995.5
1336650 997.3
1336660 999.2
1336670 999.2
1336680 1000.0
1336690 999.8
1336700 999.8
1336710 999.5
1336720 999.6
1336730 999.6
1336740 1000.4
1336750 1002.0
1336760 1002.0
1336770 1003.6
1336780 1006.0
1336790 1006.0
1336800 1008.9
1336810 1011.8
1336820 1011.8
1336830 1015.4
1336840 1018.7
1336850 1018.7
1336860 1022.0
1336870 1025.5
1336880 1025.5
1336890 1029.0
1336900 1031.7
1336910 1034.4
1336920 1034.4
1336930 1036.9
1336940 1039.9
1336950 1039.9
1336960 1043.0
1336970 1044.9
1336980 1044.9
1336990 1046.9
1337000 1049.3
1337010 1049.3
1337020 1052.9
1337030 1056.8
1337040 1056.8
1337050 1060.9
1337060 1065.8
1337070 1065.8
1337080 1069.9
1337090 1075.3
1337100 1075.3
1337110 1081.2
1337120 1085.7
1337130 1085.7
1337140 1088.1
1337150 1090.5
1337160 1090.5
1337170 1093.7
1337180 1097.2
1337190 1097.2
1337200 1100.8
1337210 1105.1
1337220 1105.1
1337230 1108.0
1337240 1109.2
1337250 1109.2
1337260 1111.9
1337270 1115.8
1337280 1119.9
1337290 1119.9
1337300 1124.4
1337310 1128.6
1337320 1128.6
1337330 1131.6
1337340 1132.2
1337350 1132.2
1337360 1133.5
1337370 1136.1
1337380 1136.1
1337390 1138.6
1337400 1141.5
1337410 1141.5
1337420 1146.5
1337430 1153.4
1337440 1153.4
1337450 1154.0
1337460 1154.1
1337470 1154.1
1337480 1154.4
1337490 1155.0
1337500 1155.0
1337510 1155.4
1337520 1155.1
1337530 1155.1
1337540 1154.2
1337550 1153.7
1337560 1153.7
1337570 1155.3
1337580 1157.2
1337590 1157.2
1337600 1157.5
1337610 1156.3
1337620 1156.3
1337630 1155.8
1337640 1155.7
1337650 1156.0
1337660 1156.0
1337670 1157.7
1337680 1160.1
1337690 1160.1
1337700 1162.0
1337710 1162.9
1337720 1162.9
1337730 1163.8
1337740 1166.1
1337750 1166.1
1337760 1167.8
1337770 1169.3
1337780 1169.3
1337790 1169.9
1337800 1169.5
1337810 1169.5
1337820 1166.4
1337830 1161.3
1337840 1161.3
1337850 1159.7
1337860 1160.3
1337870 1160.3
1337880 1162.5
1337890 1166.0
1337900 1166.0
1337910 1170.6
1337920 1174.5
1337930 1174.5
1337940 1177.8
1337950 1181.0
1337960 1181.0
1337970 1184.8
1337980 1189.1
1337990 1192.0
1338000 1192.0
1338010 1195.4
1338020 1199.5
1338030 1199.5
1338040 1203.5
1338050 1207.0
1338060 1207.0
1338070 1210.1
1338080 1211.2
1338090 1211.2
1338100 1214.2
1338110 1219.0
1338120 1219.0
1338130 1222.7
1338140 1225.5
1338150 1225.5
1338160 1228.3
1338170 1232.2
1338180 1232.2
1338190 1234.7
1338200 1236.7
1338210 1236.7
1338220 1240.4
1338230 1244.5
1338240 1244.5
1338250 1249.0
1338260 1253.3
1338270 1253.3
1338280 1257.5
1338290 1259.9
1338300 1265.9
1338310 1268.5
1338320 1272.2
1338330 1272.2
1338340 1277.2
1338350 1283.3
1338360 1288.7
1338370 1288.7
1338380 1293.2
1338390 1299.2
1338400 1299.2
1338410 1304.3
1338420 1309.0
1338430 1309.0
1338440 1315.9
1338450 1324.6
1338460 1324.6
1338470 1334.1
1338480 1342.1
1338490 1342.1
1338500 1350.8
1338510 1363.1
1338520 1363.1
1338530 1373.0
1338540 1379.0
1338550 1379.0
1338560 1382.9
1338570 1394.2
1338580 1394.2
1338590 1411.0
1338600 1423.9
1338610 1423.9
1338620 1431.5
1338630 1442.1
1338640 1442.1
1338650 1453.0
1338660 1453.8
1338670 1453.8
1338680 1454.1
1338690 1454.3
1338700 1454.3
1338710 1456.5
1338720 1458.8
1338730 1459.2
1338740 1459.2
1338750 1457.0
1338760 1456.5
1338770 1456.5
1338780 1458.7
1338790 1459.1
1338800 1459.1
1338810 1459.7
1338820 1461.2
1338830 1461.2
1338840 1461.2
1338850 1462.0
1338860 1462.0
1338870 1463.0
1338880 1463.8
1338890 1463.8
1338900 1465.6
1338910 1467.5
1338920 1467.5
1338930 1470.4
1338940 1472.1
1338950 1472.1
1338960 1473.5
1338970 1476.7
1338980 1476.7
1338990 1477.9
1339000 1479.4
1339010 1479.4
1339020 1479.0
1339030 1476.8
1339040 1476.8
1339050 1473.4
1339060 1470.3
1339070 1467.5
1339080 1467.5
1339090 1463.4
1339100 1460.0
1339110 1460.0
1339120 1457.4
1339130 1455.8
1339140 1455.8
1339150 1454.5
1339160 1453.3
1339170 1453.3
1339180 1451.0
1339190 1452.6
1339200 1452.6
1339210 1455.1
1339220 1455.1
1339230 1455.1
1339240 1454.4
1339250 1454.1
1339260 1454.1
1339270 1453.1
1339280 1450.2
1339290 1450.2
1339300 1445.0
1339310 1444.4
1339320 1444.4
1339330 1445.3
1339340 1445.0
1339350 1445.0
1339360 1443.9
1339370 1443.8
1339380 1443.8
1339390 1442.9
1339400 1440.8
1339410 1440.8
1339420 1438.6
1339430 1435.9
1339440 1433.6
1339450 1433.6
1339460 1430.8
1339470 1428.4
1339480 1428.4
1339490 1425.3
1339500 1421.8
1339510 1421.8
1339520 1419.7
1339530 1418.4
1339540 1418.4
1339550 1416.9
1339560 1415.2
1339570 1415.2
1339580 1414.4
1339590 1415.2
1339600 1415.2
1339610 1417.6
1339620 1420.2
1339630 1420.2
1339640 1422.8
1339650 1425.6
1339660 1425.6
1339670 1428.5
1339680 1431.2
1339690 1431.2
1339700 1434.2
1339710 1436.6
1339720 1436.6
1339730 1438.4
1339740 1440.3
1339750 1440.3
1339760 1442.5
1339770 1444.7
1339780 1444.7
1339790 1446.8
1339800 1448.6
1339810 1450.0
1339820 1450.0
1339830 1451.4
1339840 1452.6
1339850 1452.6
1339860 1454.3
1339870 1454.7
1339880 1454.7
1339890 1454.9
1339900 1456.8
1339910 1456.8
1339920 1458.0
1339930 1459.2
1339940 1459.2
1339950 1460.3
1339960 1461.2
1339970 1461.2
1339980 1460.7
1339990 1460.5
