1320000 1039.4
1320010 1039.4
1320020 1038.1
1320030 1035.5
1320040 1035.5
1320050 1032.6
1320060 1033.6
1320070 1033.6
1320080 1034.6
1320090 1032.9
1320100 1032.9
1320110 1030.9
1320120 1030.1
1320130 1030.1
1320140 1027.9
1320150 1024.5
1320160 1024.5
1320170 1019.7
1320180 1016.8
1320190 1015.6
1320200 1015.6
1320210 1007.8
1320220 999.6
1320230 999.6
1320240 995.2
1320250 994.7
1320260 994.7
1320270 995.6
1320280 993.2
1320290 993.2
1320300 989.0
1320310 990.4
1320320 990.4
1320330 995.9
1320340 1001.9
1320350 1001.9
1320360 1007.1
1320370 1009.0
1320380 1009.0
1320390 1010.7
1320400 1011.1
1320410 1011.1
1320420 1010.7
1320430 1010.3
1320440 1010.3
1320450 1007.1
1320460 1003.5
1320470 1003.5
1320480 1000.6
1320490 1000.5
1320500 1000.5
1320510 997.1
1320520 1001.1
1320530 1001.1
1320540 1012.5
1320550 1018.3
1320560 1023.1
1320570 1023.1
1320580 1027.5
1320590 1032.4
1320600 1032.4
1320610 1038.1
1320620 1039.7
1320630 1039.7
1320640 1036.4
1320650 1034.7
1320660 1034.7
1320670 1035.9
1320680 1039.0
1320690 1039.0
1320700 1040.6
1320710 1039.5
1320720 1039.5
1320730 1039.9
1320740 1039.1
1320750 1039.1
1320760 1037.5
1320770 1036.2
1320780 1036.2
1320790 1035.2
1320800 1035.1
1320810 1035.1
1320820 1035.4
1320830 1035.5
1320840 1035.5
1320850 1029.5
1320860 1020.6
1320870 1020.6
1320880 1012.9
1320890 1005.2
1320900 1005.2
1320910 998.4
1320920 1001.3
1320930 1007.3
1320940 1007.3
1320950 1011.8
1320960 1015.2
1320970 1015.2
1320980 1018.6
1320990 1022.3
1321000 1022.3
1321010 1022.6
1321020 1020.7
1321030 1020.7
1321040 1018.9
1321050 1013.9
1321060 1013.9
1321070 1006.4
1321080 1000.0
1321090 1000.0
1321100 995.4
1321110 993.5
1321120 993.5
1321130 992.7
1321140 987.6
1321150 987.6
1321160 980.8
1321170 975.3
1321180 975.3
1321190 977.2
1321200 983.7
1321210 983.7
1321220 992.0
1321230 998.4
1321240 998.4
1321250 1004.2
1321260 1010.4
1321270 1010.4
1321280 1017.2
1321290 1023.4
1321300 1029.5
1321310 1029.5
1321320 1036.5
1321330 1043.2
1321340 1043.2
1321350 1049.1
1321360 1055.2
1321370 1055.2
1321380 1060.9
1321390 1065.1
1321400 1065.1
1321410 1068.0
1321420 1070.5
1321430 1070.5
1321440 1073.4
1321450 1076.6
1321460 1076.6
1321470 1080.0
1321480 1082.9
1321490 1082.9
1321500 1085.3
1321510 1090.9
1321520 1090.9
1321530 1089.9
1321540 1087.2
1321550 1087.2
1321560 1086.7
1321570 1086.4
1321580 1086.4
1321590 1083.5
1321600 1079.2
1321610 1079.2
1321620 1077.2
1321630 1075.3
1321640 1072.2
1321650 1072.2
1321660 1070.5
1321670 1067.1
1321680 1067.1
1321690 1065.2
1321700 1061.8
1321710 1061.8
1321720 1055.3
1321730 1048.9
1321740 1048.9
1321750 1041.8
1321760 1034.3
1321770 1034.3
1321780 1024.9
1321790 1018.5
1321800 1018.5
1321810 1024.2
1321820 1033.9
1321830 1033.9
1321840 1043.1
1321850 1052.3
1321860 1052.3
1321870 1060.6
1321880 1069.6
1321890 1069.6
1321900 1079.6
1321910 1091.9
1321920 1091.9
1321930 1101.9
1321940 1102.3
1321950 1102.3
1321960 1102.8
1321970 1103.8
1321980 1103.8
1321990 1103.9
1322000 1105.1
1322010 1105.7
1322020 1105.7
1322030 1107.2
1322040 1108.7
1322050 1108.7
1322060 1110.1
1322070 1111.7
1322080 1111.7
1322090 1113.2
1322100 1114.4
1322110 1114.4
1322120 1115.6
1322130 1116.5
1322140 1116.5
1322150 1117.2
1322160 1117.8
1322170 1117.8
1322180 1119.0
1322190 1120.1
1322200 1120.1
1322210 1120.8
1322220 1121.4
1322230 1121.4
1322240 1122.2
1322250 1123.1
1322260 1123.1
1322270 1122.9
1322280 1121.8
1322290 1121.8
1322300 1126.6
1322310 1126.1
1322320 1126.1
1322330 1125.2
1322340 1124.4
1322350 1124.4
1322360 1123.0
1322370 1120.0
1322380 1115.2
1322390 1115.2
1322400 1108.0
1322410 1101.0
1322420 1101.0
1322430 1094.0
1322440 1087.3
1322450 1087.3
1322460 1080.3
1322470 1073.9
1322480 1073.9
1322490 1067.9
1322500 1061.7
1322510 1061.7
1322520 1054.7
1322530 1046.1
1322540 1046.1
1322550 1039.7
1322560 1041.9
1322570 1041.9
1322580 1046.9
1322590 1049.1
1322600 1049.1
1322610 1052.9
1322620 1056.7
1322630 1056.7
1322640 1059.2
1322650 1061.9
1322660 1061.9
1322670 1063.9
1322680 1067.1
1322690 1067.1
1322700 1069.5
1322710 1071.2
1322720 1072.8
1322730 1072.8
1322740 1074.2
1322750 1074.9
1322760 1074.9
1322770 1074.9
1322780 1074.5
1322790 1074.5
1322800 1072.6
1322810 1071.3
1322820 1071.3
1322830 1069.2
1322840 1066.1
1322850 1066.1
1322860 1064.9
1322870 1064.6
1322880 1064.6
1322890 1064.1
1322900 1063.7
1322910 1063.7
1322920 1062.6
1322930 1061.0
1322940 1061.0
1322950 1058.5
1322960 1055.9
1322970 1055.9
1322980 1052.6
1322990 1049.8
1323000 1049.8
1323010 1046.5
1323020 1039.1
1323030 1039.1
1323040 1039.2
1323050 1038.9
1323060 1038.9
1323070 1036.0
1323080 1034.4
1323090 1043.8
1323100 1043.8
1323110 1040.2
1323120 1038.7
1323130 1038.7
1323140 1035.0
1323150 1030.8
1323160 1030.8
1323170 1026.9
1323180 1023.5
1323190 1023.5
1323200 1020.4
1323210 1017.6
1323220 1017.6
1323230 1016.2
1323240 1012.3
1323250 1012.3
1323260 1005.8
1323270 1003.5
1323280 1003.5
1323290 1010.6
1323300 1015.2
1323310 1015.2
1323320 1016.6
1323330 1016.8
1323340 1016.8
1323350 1016.5
1323360 1014.6
1323370 1014.6
1323380 1011.4
1323390 1007.7
1323400 1007.7
1323410 1005.3
1323420 1003.4
1323430 1003.4
1323440 1003.7
1323450 1003.9
1323460 1002.5
1323470 1002.5
1323480 1000.1
1323490 996.0
1323500 996.0
1323510 994.3
1323520 995.1
1323530 995.1
1323540 997.0
1323550 995.6
1323560 995.6
1323570 994.2
1323580 996.0
1323590 996.0
1323600 994.9
1323610 990.6
1323620 990.6
1323630 986.5
1323640 985.9
1323650 985.9
1323660 985.6
1323670 985.0
1323680 985.0
1323690 985.6
1323700 986.1
1323710 986.1
1323720 987.1
1323730 987.5
1323740 987.5
1323750 987.2
1323760 986.4
1323770 986.4
1323780 985.0
1323790 982.7
1323800 982.7
1323810 972.7
1323820 967.3
1323830 970.4
1323840 970.4
1323850 972.7
1323860 974.5
1323870 974.5
1323880 982.0
1323890 981.1
1323900 981.1
1323910 979.3
1323920 976.3
1323930 976.3
1323940 968.9
1323950 959.6
1323960 959.6
1323970 953.4
1323980 953.2
1323990 953.2
1324000 959.2
1324010 960.4
1324020 960.4
1324030 961.3
1324040 961.6
1324050 961.6
1324060 963.3
1324070 964.2
1324080 964.2
1324090 963.6
1324100 961.2
1324110 961.2
1324120 959.0
1324130 958.0
1324140 958.0
1324150 958.7
1324160 955.6
1324170 954.8
1324180 954.8
1324190 952.2
1324200 951.2
1324210 951.2
1324220 949.9
1324230 947.1
1324240 947.1
1324250 945.9
1324260 945.2
1324270 945.2
1324280 947.2
1324290 952.4
1324300 952.4
1324310 953.2
1324320 953.8
1324330 953.8
1324340 954.9
1324350 954.5
1324360 954.5
1324370 953.9
1324380 953.9
1324390 953.9
1324400 954.0
1324410 954.2
1324420 954.2
1324430 953.5
1324440 951.8
1324450 951.8
1324460 949.6
1324470 947.3
1324480 947.3
1324490 945.4
1324500 945.3
1324510 945.3
1324520 945.5
1324530 945.0
1324540 944.1
1324550 944.1
1324560 944.3
1324570 943.6
1324580 943.6
1324590 941.8
1324600 940.1
1324610 940.1
1324620 938.9
1324630 938.3
1324640 938.3
1324650 937.8
1324660 937.1
1324670 937.1
1324680 944.9
1324690 945.9
1324700 945.9
1324710 945.8
1324720 946.4
1324730 946.4
1324740 947.6
1324750 954.2
1324760 954.2
1324770 962.0
1324780 970.9
1324790 970.9
1324800 977.1
1324810 978.5
1324820 978.5
1324830 976.0
1324840 968.7
1324850 968.7
1324860 957.0
1324870 943.1
1324880 943.1
1324890 932.3
1324900 927.4
1324910 927.7
1324920 927.7
1324930 925.5
1324940 922.5
1324950 922.5
1324960 921.7
1324970 922.2
1324980 922.2
1324990 924.4
1325000 923.8
1325010 923.8
1325020 920.6
1325030 917.4
1325040 917.4
1325050 913.8
1325060 907.4
1325070 907.4
1325080 901.0
1325090 895.6
1325100 895.6
1325110 890.5
1325120 885.5
1325130 885.5
1325140 881.5
1325150 877.5
1325160 877.5
1325170 873.7
1325180 870.0
1325190 870.0
1325200 866.6
1325210 863.3
1325220 863.3
1325230 860.7
1325240 858.2
1325250 855.1
1325260 855.1
1325270 852.1
1325280 849.2
1325290 849.2
1325300 844.9
1325310 842.4
1325320 842.4
1325330 840.0
1325340 836.6
1325350 836.6
1325360 833.3
1325370 830.0
1325380 830.0
1325390 826.8
1325400 824.2
1325410 824.2
1325420 822.2
1325430 818.9
1325440 818.9
1325450 815.4
1325460 811.6
1325470 811.6
1325480 809.7
1325490 806.5
1325500 806.5
1325510 804.6
1325520 802.6
1325530 802.6
1325540 797.8
1325550 791.3
1325560 791.3
1325570 788.0
1325580 788.1
1325590 788.1
1325600 788.0
1325610 786.6
1325620 782.5
1325630 782.5
1325640 777.7
1325650 774.1
1325660 774.1
1325670 772.0
1325680 770.6
1325690 770.6
1325700 769.5
1325710 768.3
1325720 768.3
1325730 767.5
1325740 765.4
1325750 765.4
1325760 761.5
1325770 760.1
1325780 760.1
1325790 758.3
1325800 755.1
1325810 755.1
1325820 752.5
1325830 749.6
1325840 749.6
1325850 746.6
1325860 742.4
1325870 742.4
1325880 736.8
1325890 733.0
1325900 733.0
1325910 730.5
1325920 727.7
1325930 727.7
1325940 727.4
1325950 727.9
1325960 727.9
1325970 727.9
1325980 727.7
1325990 727.0
1326000 727.0
1326010 726.3
1326020 726.2
1326030 726.2
1326040 726.8
1326050 727.4
1326060 727.4
1326070 727.9
1326080 730.5
1326090 730.5
1326100 735.8
1326110 737.9
1326120 737.9
1326130 740.1
1326140 744.0
1326150 744.0
1326160 748.7
1326170 753.7
1326180 753.7
1326190 758.8
1326200 764.7
1326210 764.7
1326220 770.2
1326230 774.7
1326240 774.7
1326250 779.0
1326260 782.8
1326270 782.8
1326280 784.6
1326290 780.4
1326300 780.4
1326310 776.0
1326320 772.3
1326330 772.3
1326340 766.6
1326350 759.2
1326360 759.5
1326370 759.5
1326380 765.6
1326390 777.1
1326400 777.1
1326410 784.3
1326420 787.8
1326430 787.8
1326440 792.5
1326450 798.0
1326460 798.0
1326470 801.3
1326480 805.5
1326490 805.5
1326500 810.2
1326510 812.9
1326520 812.9
1326530 814.9
1326540 816.7
1326550 816.7
1326560 818.9
1326570 820.8
1326580 820.8
1326590 823.4
1326600 827.2
1326610 827.2
1326620 831.2
1326630 834.3
1326640 834.3
1326650 836.2
1326660 838.1
1326670 838.1
1326680 840.1
1326690 842.6
1326700 846.2
1326710 846.2
1326720 849.8
1326730 852.9
1326740 852.9
1326750 855.1
1326760 857.0
1326770 857.0
1326780 858.6
1326790 860.1
1326800 860.1
1326810 861.7
1326820 863.2
1326830 863.2
1326840 864.8
1326850 866.3
1326860 866.3
1326870 867.4
1326880 867.6
1326890 867.6
1326900 867.0
1326910 866.6
1326920 866.6
1326930 867.4
1326940 868.6
1326950 868.6
1326960 870.1
1326970 871.8
1326980 871.8
1326990 874.1
1327000 876.3
1327010 876.3
1327020 878.5
1327030 881.9
1327040 881.9
1327050 885.3
1327060 887.5
1327070 887.2
1327080 887.2
1327090 889.6
1327100 894.3
1327110 894.3
1327120 897.2
1327130 899.6
1327140 899.6
1327150 902.0
1327160 904.7
1327170 904.7
1327180 907.1
1327190 908.6
1327200 908.6
1327210 908.6
1327220 904.5
1327230 904.5
1327240 898.7
1327250 897.3
1327260 897.3
1327270 897.7
1327280 899.1
1327290 899.1
1327300 899.5
1327310 902.4
1327320 902.4
1327330 904.3
1327340 909.7
1327350 909.7
1327360 913.9
1327370 915.8
1327380 915.8
1327390 917.1
1327400 917.7
1327410 917.7
1327420 918.7
1327430 919.1
1327440 918.5
1327450 918.5
1327460 919.6
1327470 917.9
1327480 917.9
1327490 916.6
1327500 919.2
1327510 919.2
1327520 925.1
1327530 930.4
1327540 930.4
1327550 936.8
1327560 940.8
1327570 940.8
1327580 946.6
1327590 952.8
1327600 952.8
1327610 956.7
1327620 959.3
1327630 959.3
1327640 961.9
1327650 964.9
1327660 964.9
1327670 968.1
1327680 971.9
1327690 971.9
1327700 975.4
1327710 979.1
1327720 979.1
1327730 983.6
1327740 988.0
1327750 988.0
1327760 992.1
1327770 995.9
1327780 995.9
1327790 999.9
1327800 1004.0
1327810 1008.4
1327820 1008.4
1327830 1012.5
1327840 1016.4
1327850 1016.4
1327860 1019.8
1327870 1022.8
1327880 1022.8
1327890 1025.2
1327900 1027.2
1327910 1027.2
1327920 1024.8
1327930 1020.0
1327940 1020.0
1327950 1017.2
1327960 1016.5
1327970 1016.5
1327980 1017.2
1327990 1018.5
1328000 1018.5
1328010 1021.2
1328020 1024.4
1328030 1024.4
1328040 1028.2
1328050 1032.6
1328060 1032.6
1328070 1035.4
1328080 1037.9
1328090 1037.9
1328100 1040.3
1328110 1043.1
1328120 1043.1
1328130 1046.5
1328140 1049.1
1328150 1051.4
1328160 1051.4
1328170 1053.0
1328180 1055.2
1328190 1055.2
1328200 1056.4
1328210 1057.1
1328220 1057.1
1328230 1058.2
1328240 1059.3
1328250 1059.3
1328260 1061.3
1328270 1064.2
1328280 1064.2
1328290 1069.1
1328300 1074.4
1328310 1074.4
1328320 1079.0
1328330 1084.2
1328340 1084.2
1328350 1089.8
1328360 1095.7
1328370 1095.7
1328380 1101.4
1328390 1106.8
1328400 1106.8
1328410 1112.3
1328420 1118.0
1328430 1118.0
1328440 1123.5
1328450 1129.9
1328460 1129.9
1328470 1136.2
1328480 1143.0
1328490 1143.0
1328500 1149.8
1328510 1156.3
1328520 1163.7
1328530 1163.7
1328540 1170.6
1328550 1175.1
1328560 1175.1
1328570 1179.5
1328580 1184.9
1328590 1184.9
1328600 1190.3
1328610 1194.2
1328620 1194.2
1328630 1196.6
1328640 1199.8
1328650 1199.8
1328660 1201.7
1328670 1202.3
1328680 1202.3
1328690 1204.0
1328700 1206.4
1328710 1206.4
1328720 1208.3
1328730 1206.5
1328740 1206.5
1328750 1207.9
1328760 1208.9
1328770 1208.9
1328780 1210.0
1328790 1211.5
1328800 1211.5
1328810 1212.7
1328820 1212.1
1328830 1212.1
1328840 1211.5
1328850 1209.8
1328860 1209.8
1328870 1209.5
1328880 1209.7
1328890 1210.6
1328900 1210.6
1328910 1212.2
1328920 1214.4
1328930 1214.4
1328940 1217.4
1328950 1220.4
1328960 1220.4
1328970 1223.1
1328980 1224.3
1328990 1224.3
1329000 1226.1
1329010 1229.5
1329020 1229.5
1329030 1233.2
1329040 1235.9
1329050 1235.9
1329060 1237.4
1329070 1236.6
1329080 1236.6
1329090 1238.5
1329100 1242.3
1329110 1242.3
1329120 1245.1
1329130 1247.7
1329140 1247.7
1329150 1249.6
1329160 1251.2
1329170 1251.2
1329180 1253.5
1329190 1255.9
1329200 1255.9
1329210 1257.6
1329220 1259.0
1329230 1258.2
1329240 1258.2
1329250 1259.2
1329260 1261.6
1329270 1261.6
1329280 1261.2
1329290 1259.0
1329300 1259.0
1329310 1257.2
1329320 1256.6
1329330 1256.6
1329340 1256.9
1329350 1254.9
1329360 1254.9
1329370 1252.2
1329380 1251.7
1329390 1251.7
1329400 1253.0
1329410 1256.2
1329420 1256.2
1329430 1259.2
1329440 1261.5
1329450 1261.5
1329460 1263.6
1329470 1267.6
1329480 1267.6
1329490 1271.1
1329500 1273.9
1329510 1273.9
1329520 1276.8
1329530 1280.0
1329540 1280.0
1329550 1282.9
1329560 1288.9
1329570 1288.9
1329580 1291.3
1329590 1294.1
1329600 1296.8
1329610 1296.8
1329620 1298.2
1329630 1301.0
1329640 1301.0
1329650 1304.5
1329660 1308.0
1329670 1308.0
1329680 1311.6
1329690 1315.2
1329700 1315.2
1329710 1319.0
1329720 1320.9
1329730 1320.9
1329740 1323.4
1329750 1326.5
1329760 1326.5
1329770 1329.8
1329780 1333.0
1329790 1333.0
1329800 1336.0
1329810 1339.6
1329820 1339.6
1329830 1342.9
1329840 1345.2
1329850 1345.2
1329860 1346.5
1329870 1347.5
1329880 1347.5
1329890 1349.2
1329900 1352.3
1329910 1352.3
1329920 1354.4
1329930 1356.7
1329940 1356.7
1329950 1358.6
1329960 1360.8
1329970 1363.0
1329980 1363.0
1329990 1366.3
1330000 1368.7
1330010 1368.7
1330020 1368.4
1330030 1368.0
1330040 1368.0
1330050 1368.9
1330060 1371.2
1330070 1371.2
1330080 1373.6
1330090 1375.4
1330100 1375.4
1330110 1376.7
1330120 1377.4
1330130 1377.4
1330140 1378.6
1330150 1379.3
1330160 1379.3
1330170 1379.8
1330180 1379.9
1330190 1379.9
1330200 1380.2
1330210 1381.5
1330220 1381.5
1330230 1383.6
1330240 1386.2
1330250 1386.2
1330260 1388.0
1330270 1388.7
1330280 1388.7
1330290 1389.1
1330300 1388.7
1330310 1388.7
1330320 1388.9
1330330 1390.7
1330340 1392.9
1330350 1392.9
1330360 1395.0
1330370 1396.9
1330380 1396.9
1330390 1400.1
1330400 1399.1
1330410 1399.1
1330420 1397.0
1330430 1395.3
1330440 1395.3
1330450 1393.8
1330460 1391.1
1330470 1391.1
1330480 1389.7
1330490 1389.5
1330500 1389.5
1330510 1388.9
1330520 1388.3
1330530 1388.3
1330540 1386.2
1330550 1382.5
1330560 1382.5
1330570 1382.8
1330580 1384.2
1330590 1384.2
1330600 1385.1
1330610 1383.8
1330620 1383.8
1330630 1380.1
1330640 1375.6
1330650 1375.6
1330660 1372.9
1330670 1370.1
1330680 1367.3
1330690 1367.3
1330700 1365.5
1330710 1366.5
1330720 1366.5
1330730 1367.9
1330740 1369.4
1330750 1369.4
1330760 1370.6
1330770 1371.3
1330780 1371.3
1330790 1370.4
1330800 1367.7
1330810 1367.7
1330820 1362.7
1330830 1358.9
1330840 1358.9
1330850 1354.9
1330860 1347.4
1330870 1347.4
1330880 1339.3
1330890 1333.9
1330900 1333.9
1330910 1329.0
1330920 1326.2
1330930 1326.2
1330940 1326.2
1330950 1322.8
1330960 1322.8
1330970 1317.1
1330980 1310.9
1330990 1310.9
1331000 1303.7
1331010 1295.1
1331020 1295.1
1331030 1285.7
1331040 1276.2
1331050 1268.2
1331060 1268.2
1331070 1261.6
1331080 1259.0
1331090 1259.0
1331100 1261.0
1331110 1263.9
1331120 1263.9
1331130 1264.6
1331140 1264.7
1331150 1264.7
1331160 1266.9
1331170 1268.5
1331180 1268.5
1331190 1269.3
1331200 1269.7
1331210 1269.7
1331220 1276.2
1331230 1275.4
1331240 1275.4
1331250 1273.0
1331260 1267.4
1331270 1267.4
1331280 1260.0
1331290 1251.4
1331300 1251.4
1331310 1241.1
1331320 1229.8
1331330 1229.8
1331340 1220.8
1331350 1211.7
1331360 1211.7
1331370 1200.4
1331380 1189.4
1331390 1189.4
1331400 1178.2
1331410 1162.7
1331420 1149.7
1331430 1149.7
1331440 1139.5
1331450 1130.0
1331460 1130.0
1331470 1120.5
1331480 1110.0
1331490 1110.0
1331500 1098.7
1331510 1086.9
1331520 1086.9
1331530 1076.4
1331540 1064.5
1331550 1064.5
1331560 1052.5
1331570 1040.7
1331580 1040.7
1331590 1026.2
1331600 1011.9
1331610 1011.9
1331620 1002.3
1331630 1002.0
1331640 1002.0
1331650 1025.8
1331660 1042.9
1331670 1042.9
1331680 1053.8
1331690 1063.0
1331700 1063.0
1331710 1068.0
1331720 1077.0
1331730 1077.0
1331740 1086.3
1331750 1094.0
1331760 1102.4
1331770 1102.4
1331780 1110.5
1331790 1118.8
1331800 1118.8
1331810 1127.4
1331820 1135.0
1331830 1135.0
1331840 1142.8
1331850 1150.2
1331860 1150.2
1331870 1160.8
1331880 1173.5
1331890 1173.5
1331900 1182.0
1331910 1186.8
1331920 1186.8
1331930 1190.5
1331940 1194.0
1331950 1194.0
1331960 1198.8
1331970 1203.8
1331980 1203.8
1331990 1208.7
1332000 1213.5
1332010 1213.5
1332020 1219.0
1332030 1226.2
1332040 1226.2
1332050 1233.4
1332060 1235.4
1332070 1235.4
1332080 1241.4
1332090 1246.3
1332100 1246.3
1332110 1246.6
1332120 1244.1
1332130 1240.9
1332140 1240.9
1332150 1235.9
1332160 1229.2
1332170 1229.2
1332180 1224.1
1332190 1225.4
1332200 1225.4
1332210 1224.6
1332220 1224.3
1332230 1224.3
1332240 1222.9
1332250 1221.3
1332260 1221.3
1332270 1219.4
1332280 1216.3
1332290 1216.3
1332300 1214.3
1332310 1212.5
1332320 1212.5
1332330 1213.2
1332340 1215.6
1332350 1215.6
1332360 1215.0
1332370 1215.3
1332380 1215.3
1332390 1210.7
1332400 1204.3
1332410 1204.3
1332420 1199.6
1332430 1197.4
1332440 1197.4
1332450 1195.4
1332460 1191.4
1332470 1191.4
1332480 1187.1
1332490 1181.8
1332500 1174.7
1332510 1174.7
1332520 1172.6
1332530 1176.5
1332540 1176.5
1332550 1180.7
1332560 1179.1
1332570 1179.1
1332580 1175.5
1332590 1173.4
1332600 1173.4
1332610 1173.5
1332620 1175.7
1332630 1175.7
1332640 1176.3
1332650 1176.7
1332660 1176.7
1332670 1179.4
1332680 1180.9
1332690 1180.9
1332700 1181.8
1332710 1186.9
1332720 1186.9
1332730 1189.0
1332740 1192.8
1332750 1192.8
1332760 1198.3
1332770 1204.5
1332780 1204.5
1332790 1210.1
1332800 1211.4
1332810 1211.4
1332820 1202.9
1332830 1193.3
1332840 1185.2
1332850 1185.2
1332860 1178.0
1332870 1171.7
1332880 1171.7
1332890 1165.8
1332900 1151.6
1332910 1151.6
1332920 1146.8
1332930 1142.8
1332940 1142.8
1332950 1139.2
1332960 1136.7
1332970 1136.7
1332980 1131.9
1332990 1129.0
1333000 1129.0
1333010 1124.5
1333020 1124.0
1333030 1124.0
1333040 1125.3
1333050 1123.3
1333060 1123.3
1333070 1119.3
1333080 1120.3
1333090 1120.3
1333100 1121.1
1333110 1120.3
1333120 1120.3
1333130 1126.1
1333140 1129.3
1333150 1129.3
1333160 1129.0
1333170 1127.0
1333180 1127.0
1333190 1127.7
1333200 1129.0
1333210 1126.4
1333220 1126.4
1333230 1123.9
1333240 1126.1
1333250 1126.1
1333260 1129.4
1333270 1134.3
1333280 1134.3
1333290 1140.0
1333300 1144.2
1333310 1144.2
1333320 1141.7
1333330 1145.4
1333340 1145.4
1333350 1147.5
1333360 1137.8
1333370 1137.8
1333380 1128.4
1333390 1119.6
1333400 1119.6
1333410 1111.5
1333420 1106.7
1333430 1106.7
1333440 1101.4
1333450 1097.2
1333460 1097.2
1333470 1093.5
1333480 1090.3
1333490 1090.3
1333500 1088.0
1333510 1085.4
1333520 1085.4
1333530 1083.2
1333540 1080.3
1333550 1080.3
1333560 1077.1
1333570 1074.2
1333580 1070.6
1333590 1070.6
1333600 1066.3
1333610 1061.8
1333620 1061.8
1333630 1057.5
1333640 1054.6
1333650 1054.6
1333660 1051.5
1333670 1047.5
1333680 1047.5
1333690 1044.5
1333700 1042.4
1333710 1042.4
1333720 1039.2
1333730 1034.7
1333740 1034.7
1333750 1024.1
1333760 1019.5
1333770 1019.5
1333780 1016.3
1333790 1012.5
1333800 1012.5
1333810 1007.6
1333820 1004.8
1333830 1004.8
1333840 1010.7
1333850 1018.4
1333860 1018.4
1333870 1026.2
1333880 1033.4
1333890 1033.4
1333900 1040.2
1333910 1046.7
1333920 1053.4
1333930 1053.4
1333940 1060.4
1333950 1067.7
1333960 1067.7
1333970 1074.6
1333980 1081.1
1333990 1081.1
1334000 1087.8
1334010 1094.5
1334020 1094.5
1334030 1101.9
1334040 1107.8
1334050 1107.8
1334060 1110.0
1334070 1108.2
1334080 1108.2
1334090 1105.6
1334100 1104.7
1334110 1104.7
1334120 1102.5
1334130 1100.4
1334140 1100.4
1334150 1099.2
1334160 1097.3
1334170 1097.3
1334180 1095.4
1334190 1092.4
1334200 1092.4
1334210 1089.3
1334220 1088.1
1334230 1088.1
1334240 1088.0
1334250 1087.8
1334260 1087.8
1334270 1087.3
1334280 1086.9
1334290 1086.8
1334300 1086.8
1334310 1086.1
1334320 1082.6
1334330 1082.6
1334340 1078.4
1334350 1072.8
1334360 1072.8
1334370 1067.0
1334380 1061.5
1334390 1061.5
1334400 1055.9
1334410 1050.1
1334420 1050.1
1334430 1047.8
1334440 1046.2
1334450 1046.2
1334460 1044.4
1334470 1042.2
1334480 1042.2
1334490 1039.8
1334500 1038.3
1334510 1038.3
1334520 1037.4
1334530 1036.5
1334540 1036.5
1334550 1034.3
1334560 1030.7
1334570 1030.7
1334580 1024.8
1334590 1019.9
1334600 1010.5
1334610 1008.0
1334620 1005.1
1334630 1005.1
1334640 1002.1
1334650 999.7
1334660 997.7
1334670 997.7
1334680 995.9
1334690 994.2
1334700 994.2
1334710 992.3
1334720 990.3
1334730 990.3
1334740 988.1
1334750 986.1
1334760 986.1
1334770 984.7
1334780 982.7
1334790 982.7
1334800 980.8
1334810 979.0
1334820 979.0
1334830 977.2
1334840 975.5
1334850 975.5
1334860 973.4
1334870 970.8
1334880 970.8
1334890 969.1
1334900 967.3
1334910 967.3
1334920 965.2
1334930 962.4
1334940 962.4
1334950 959.6
1334960 957.2
1334970 957.2
1334980 954.1
1334990 950.2
1335000 950.2
1335010 946.9
1335020 943.1
1335030 938.9
1335040 938.9
1335050 935.3
1335060 932.5
1335070 932.5
1335080 929.2
1335090 925.6
1335100 925.6
1335110 922.1
1335120 918.6
1335130 918.6
1335140 915.8
1335150 913.6
1335160 913.6
1335170 911.6
1335180 909.9
1335190 909.9
1335200 908.8
1335210 907.0
1335220 907.0
1335230 905.3
1335240 904.0
1335250 904.0
1335260 903.4
1335270 903.5
1335280 903.5
1335290 904.6
1335300 905.3
1335310 905.3
1335320 905.3
1335330 904.6
1335340 904.6
1335350 902.8
1335360 900.3
1335370 898.4
1335380 898.4
1335390 897.3
1335400 897.0
1335410 897.0
1335420 895.8
1335430 893.8
1335440 893.8
1335450 890.5
1335460 879.9
1335470 879.9
1335480 874.6
1335490 871.6
1335500 871.6
1335510 870.0
1335520 868.9
1335530 868.9
1335540 868.1
1335550 867.6
1335560 867.6
1335570 867.7
1335580 868.7
1335590 868.7
1335600 871.9
1335610 876.3
1335620 876.3
1335630 881.4
1335640 887.8
1335650 887.8
1335660 896.6
1335670 904.8
1335680 904.8
1335690 911.6
1335700 915.4
1335710 915.4
1335720 918.3
1335730 922.7
1335740 927.7
1335750 927.7
1335760 930.4
1335770 932.4
1335780 932.4
1335790 934.2
1335800 937.2
1335810 937.2
1335820 939.0
1335830 938.9
1335840 938.9
1335850 939.5
1335860 941.0
1335870 941.0
1335880 941.7
1335890 942.1
1335900 942.1
1335910 943.2
1335920 944.5
1335930 944.5
1335940 944.9
1335950 946.3
1335960 946.3
1335970 947.6
1335980 948.1
1335990 948.1
1336000 947.7
1336010 947.3
1336020 947.3
1336030 947.9
1336040 949.1
1336050 949.1
1336060 950.6
1336070 952.6
1336080 952.6
1336090 955.4
1336100 958.1
1336110 960.6
1336120 960.6
1336130 961.6
1336140 961.8
1336150 961.8
1336160 962.6
1336170 963.7
1336180 963.7
1336190 965.3
1336200 967.6
1336210 967.6
1336220 969.2
1336230 970.5
1336240 970.5
1336250 971.3
1336260 970.1
1336270 970.1
1336280 969.5
1336290 972.8
1336300 972.8
1336310 977.7
1336320 986.0
1336330 986.0
1336340 987.8
1336350 988.4
1336360 988.4
1336370 989.6
1336380 990.2
1336390 990.2
1336400 990.3
1336410 990.7
1336420 990.7
1336430 991.2
1336440 991.4
1336450 991.6
1336460 991.6
1336470 991.6
1336480 991.5
1336490 991.5
1336500 991.5
1336510 990.8
1336520 990.8
1336530 989.5
1336540 988.6
1336550 988.6
1336560 988.2
1336570 988.1
1336580 988.1
1336590 988.3
1336600 988.5
1336610 988.5
1336620 989.0
1336630 989.6
1336640 989.6
1336650 990.0
1336660 990.4
1336670 990.4
1336680 991.0
1336690 991.0
1336700 991.0
1336710 988.9
1336720 985.1
1336730 985.1
1336740 981.9
1336750 984.3
1336760 984.3
1336770 989.9
1336780 995.6
1336790 995.6
1336800 998.9
1336810 1000.3
1336820 1000.9
1336830 1000.9
1336840 1001.6
1336850 1002.9
1336860 1002.9
1336870 1005.1
1336880 1007.7
1336890 1007.7
1336900 1011.4
1336910 1015.2
1336920 1015.2
1336930 1017.8
1336940 1020.1
1336950 1020.1
1336960 1022.8
1336970 1026.9
1336980 1026.9
1336990 1031.7
1337000 1036.6
1337010 1036.6
1337020 1041.2
1337030 1045.4
1337040 1045.4
1337050 1049.2
1337060 1054.1
1337070 1054.1
1337080 1057.7
1337090 1060.1
1337100 1060.1
1337110 1063.2
1337120 1067.6
1337130 1067.6
1337140 1072.7
1337150 1076.8
1337160 1076.8
1337170 1079.9
1337180 1083.4
1337190 1082.9
1337200 1082.9
1337210 1083.6
1337220 1086.0
1337230 1086.0
1337240 1090.3
1337250 1095.7
1337260 1095.7
1337270 1100.8
1337280 1104.7
1337290 1104.7
1337300 1107.9
1337310 1110.5
1337320 1110.5
1337330 1113.4
1337340 1116.5
1337350 1116.5
1337360 1119.5
1337370 1122.8
1337380 1122.8
1337390 1124.8
1337400 1126.3
1337410 1126.3
1337420 1129.0
1337430 1133.3
1337440 1133.3
1337450 1139.2
1337460 1143.9
1337470 1143.9
1337480 1146.1
1337490 1146.5
1337500 1146.5
1337510 1146.7
1337520 1146.6
1337530 1146.6
1337540 1146.4
1337550 1146.1
1337560 1145.6
1337570 1145.6
1337580 1144.9
1337590 1144.4
1337600 1144.4
1337610 1144.6
1337620 1145.5
1337630 1145.5
1337640 1146.8
1337650 1147.9
1337660 1147.9
1337670 1148.3
1337680 1148.4
1337690 1148.4
1337700 1148.9
1337710 1150.1
1337720 1150.1
1337730 1151.4
1337740 1152.9
1337750 1152.9
1337760 1153.7
1337770 1153.4
1337780 1153.4
1337790 1155.2
1337800 1157.1
1337810 1157.1
1337820 1156.8
1337830 1154.3
1337840 1154.3
1337850 1152.3
1337860 1151.1
1337870 1151.1
1337880 1149.1
1337890 1147.0
1337900 1145.2
1337910 1145.2
1337920 1143.3
1337930 1142.9
1337940 1142.9
1337950 1144.0
1337960 1146.3
1337970 1146.3
1337980 1148.9
1337990 1152.3
1338000 1152.3
1338010 1155.9
1338020 1160.4
1338030 1160.4
1338040 1165.0
1338050 1168.7
1338060 1176.3
1338070 1179.9
1338080 1185.0
1338090 1185.0
1338100 1188.8
1338110 1192.4
1338120 1192.4
1338130 1195.3
1338140 1197.9
1338150 1197.9
1338160 1201.2
1338170 1204.5
1338180 1204.5
1338190 1206.6
1338200 1211.2
1338210 1211.2
1338220 1214.7
1338230 1218.5
1338240 1218.5
1338250 1221.9
1338260 1225.1
1338270 1229.0
1338280 1229.0
1338290 1233.2
1338300 1237.4
1338310 1237.4
1338320 1242.8
1338330 1247.6
1338340 1247.6
1338350 1250.3
1338360 1254.7
1338370 1254.7
1338380 1260.0
1338390 1263.8
1338400 1263.8
1338410 1268.8
1338420 1274.8
1338430 1274.8
1338440 1280.3
1338450 1285.3
1338460 1285.3
1338470 1290.4
1338480 1295.0
1338490 1295.0
1338500 1302.1
1338510 1306.8
1338520 1306.8
1338530 1316.5
1338540 1326.3
1338550 1326.3
1338560 1335.4
1338570 1342.6
1338580 1342.6
1338590 1346.0
1338600 1353.0
1338610 1353.0
1338620 1362.9
1338630 1373.8
1338640 1376.5
1338650 1376.5
1338660 1370.8
1338670 1372.0
1338680 1372.0
1338690 1374.9
1338700 1377.1
1338710 1377.1
1338720 1396.2
1338730 1407.2
1338740 1407.2
1338750 1424.9
1338760 1428.0
1338770 1428.0
1338780 1426.6
1338790 1427.5
1338800 1427.5
1338810 1429.0
1338820 1431.4
1338830 1431.4
1338840 1434.0
1338850 1436.0
1338860 1436.0
1338870 1437.4
1338880 1438.8
1338890 1438.8
1338900 1440.0
1338910 1440.9
1338920 1440.9
1338930 1447.5
1338940 1449.9
1338950 1449.9
1338960 1452.0
1338970 1452.6
1338980 1452.6
1338990 1454.5
1339000 1456.5
1339010 1458.0
1339020 1458.0
1339030 1457.7
1339040 1457.0
1339050 1457.0
1339060 1456.6
1339070 1454.8
1339080 1454.8
1339090 1455.4
1339100 1454.1
1339110 1454.1
1339120 1450.3
1339130 1448.3
1339140 1448.3
1339150 1447.7
1339160 1448.1
1339170 1448.1
1339180 1448.3
1339190 1448.1
1339200 1448.1
1339210 1448.5
1339220 1450.2
1339230 1450.2
1339240 1452.0
1339250 1452.9
1339260 1452.9
1339270 1453.4
1339280 1454.1
1339290 1454.1
1339300 1456.1
1339310 1456.8
1339320 1456.8
1339330 1457.3
1339340 1456.8
1339350 1454.9
1339360 1454.9
1339370 1452.5
1339380 1449.8
1339390 1449.8
1339400 1446.9
1339410 1443.8
1339420 1443.8
1339430 1439.0
1339440 1434.1
1339450 1434.1
1339460 1429.2
1339470 1425.6
1339480 1425.6
1339490 1422.8
1339500 1420.0
1339510 1420.0
1339520 1415.6
1339530 1410.9
1339540 1410.9
1339550 1408.1
1339560 1407.8
1339570 1407.8
1339580 1411.0
1339590 1414.3
1339600 1414.3
1339610 1416.8
1339620 1418.4
1339630 1418.4
1339640 1420.7
1339650 1424.2
1339660 1424.2
1339670 1426.8
1339680 1429.7
1339690 1429.7
1339700 1431.8
1339710 1434.4
1339720 1436.9
1339730 1436.9
1339740 1439.0
1339750 1441.9
1339760 1441.9
1339770 1443.8
1339780 1445.7
1339790 1445.7
1339800 1447.7
1339810 1450.2
1339820 1450.2
1339830 1452.0
1339840 1453.9
1339850 1453.9
1339860 1455.4
1339870 1456.4
1339880 1456.4
1339890 1457.7
1339900 1459.5
1339910 1459.5
1339920 1460.9
1339930 1462.0
1339940 1462.0
1339950 1462.7
1339960 1463.5
1339970 1463.5
1339980 1463.9
1339990 1464.2
