1320000 1131.9
1320010 1128.0
1320020 1128.1
1320030 1128.1
1320040 1129.9
1320050 1128.4
1320060 1128.4
1320070 1124.3
1320080 1119.8
1320090 1119.8
1320100 1115.8
1320110 1117.3
1320120 1117.3
1320130 1119.0
1320140 1117.3
1320150 1113.9
1320160 1113.9
1320170 1113.3
1320180 1113.5
1320190 1113.5
1320200 1111.8
1320210 1108.3
1320220 1108.3
1320230 1104.7
1320240 1099.0
1320250 1099.0
1320260 1091.6
1320270 1087.9
1320280 1087.9
1320290 1088.7
1320300 1093.7
1320310 1093.7
1320320 1096.7
1320330 1094.6
1320340 1100.0
1320350 1102.3
1320360 1105.5
1320370 1105.5
1320380 1106.8
1320390 1106.3
1320400 1106.3
1320410 1106.3
1320420 1107.2
1320430 1107.2
1320440 1105.7
1320450 1101.1
1320460 1101.1
1320470 1100.1
1320480 1104.6
1320490 1104.6
1320500 1106.0
1320510 1103.3
1320520 1101.8
1320530 1101.8
1320540 1099.8
1320550 1098.2
1320560 1098.2
1320570 1097.6
1320580 1098.6
1320590 1098.6
1320600 1099.6
1320610 1094.6
1320620 1094.6
1320630 1088.4
1320640 1087.0
1320650 1087.0
1320660 1089.4
1320670 1092.0
1320680 1092.0
1320690 1094.9
1320700 1095.0
1320710 1095.0
1320720 1096.6
1320730 1101.0
1320740 1101.0
1320750 1102.2
1320760 1097.8
1320770 1097.8
1320780 1094.9
1320790 1098.0
1320800 1098.0
1320810 1099.1
1320820 1097.8
1320830 1097.8
1320840 1096.9
1320850 1094.9
1320860 1094.9
1320870 1090.1
1320880 1087.6
1320890 1087.5
1320900 1087.5
1320910 1082.9
1320920 1077.8
1320930 1077.8
1320940 1075.7
1320950 1079.0
1320960 1079.0
1320970 1081.7
1320980 1082.7
1320990 1082.7
1321000 1084.1
1321010 1085.3
1321020 1085.3
1321030 1085.0
1321040 1083.2
1321050 1083.2
1321060 1083.0
1321070 1081.7
1321080 1081.7
1321090 1081.0
1321100 1077.7
1321110 1077.7
1321120 1077.5
1321130 1067.8
1321140 1067.8
1321150 1057.2
1321160 1055.2
1321170 1055.2
1321180 1057.8
1321190 1068.4
1321200 1068.4
1321210 1079.3
1321220 1089.1
1321230 1092.9
1321240 1092.9
1321250 1093.1
1321260 1087.6
1321270 1087.6
1321280 1088.6
1321290 1098.1
1321300 1098.1
1321310 1105.3
1321320 1110.3
1321330 1110.3
1321340 1114.2
1321350 1117.2
1321360 1117.2
1321370 1119.5
1321380 1121.2
1321390 1121.2
1321400 1123.0
1321410 1125.9
1321420 1125.9
1321430 1128.5
1321440 1131.2
1321450 1131.2
1321460 1133.2
1321470 1134.5
1321480 1134.5
1321490 1135.7
1321500 1137.1
1321510 1137.1
1321520 1138.7
1321530 1140.8
1321540 1140.8
1321550 1142.8
1321560 1144.5
1321570 1144.5
1321580 1145.4
1321590 1145.6
1321600 1144.4
1321610 1144.4
1321620 1142.7
1321630 1141.3
1321640 1141.3
1321650 1135.7
1321660 1128.9
1321670 1128.9
1321680 1122.2
1321690 1115.5
1321700 1115.5
1321710 1113.2
1321720 1115.5
1321730 1115.5
1321740 1116.8
1321750 1117.0
1321760 1117.0
1321770 1113.8
1321780 1105.1
1321790 1105.1
1321800 1093.0
1321810 1081.3
1321820 1081.3
1321830 1076.7
1321840 1079.8
1321850 1079.8
1321860 1088.2
1321870 1099.8
1321880 1099.8
1321890 1110.7
1321900 1121.0
1321910 1121.0
1321920 1128.6
1321930 1135.5
1321940 1135.5
1321950 1140.5
1321960 1145.1
1321970 1148.0
1321980 1148.0
1321990 1152.0
1322000 1158.4
1322010 1158.4
1322020 1165.1
1322030 1171.0
1322040 1171.0
1322050 1175.4
1322060 1178.4
1322070 1178.4
1322080 1180.8
1322090 1183.2
1322100 1183.2
1322110 1186.4
1322120 1188.9
1322130 1188.9
1322140 1190.9
1322150 1192.9
1322160 1192.9
1322170 1195.6
1322180 1197.3
1322190 1197.3
1322200 1199.0
1322210 1199.8
1322220 1199.8
1322230 1199.4
1322240 1197.3
1322250 1197.3
1322260 1196.2
1322270 1194.3
1322280 1194.3
1322290 1191.3
1322300 1186.6
1322310 1179.9
1322320 1179.9
1322330 1172.8
1322340 1166.1
1322350 1166.1
1322360 1159.7
1322370 1153.4
1322380 1153.4
1322390 1146.8
1322400 1137.8
1322410 1137.8
1322420 1127.5
1322430 1116.8
1322440 1116.8
1322450 1107.1
1322460 1101.0
1322470 1101.0
1322480 1105.7
1322490 1111.3
1322500 1111.3
1322510 1114.9
1322520 1117.1
1322530 1117.1
1322540 1120.9
1322550 1123.8
1322560 1123.8
1322570 1127.7
1322580 1131.2
1322590 1131.2
1322600 1134.6
1322610 1138.5
1322620 1138.5
1322630 1141.2
1322640 1143.6
1322650 1143.6
1322660 1146.3
1322670 1148.7
1322680 1150.3
1322690 1150.3
1322700 1155.5
1322710 1157.0
1322720 1157.0
1322730 1159.4
1322740 1162.0
1322750 1162.0
1322760 1164.2
1322770 1165.7
1322780 1165.7
1322790 1165.8
1322800 1164.9
1322810 1164.9
1322820 1162.3
1322830 1156.8
1322840 1156.8
1322850 1156.0
1322860 1159.6
1322870 1159.6
1322880 1162.2
1322890 1162.9
1322900 1162.9
1322910 1164.0
1322920 1167.6
1322930 1167.6
1322940 1170.2
1322950 1173.1
1322960 1173.1
1322970 1175.3
1322980 1175.7
1322990 1175.7
1323000 1174.4
1323010 1172.8
1323020 1172.8
1323030 1169.9
1323040 1166.3
1323050 1163.9
1323060 1163.9
1323070 1163.7
1323080 1165.2
1323090 1165.2
1323100 1164.9
1323110 1159.9
1323120 1159.9
1323130 1155.1
1323140 1146.9
1323150 1146.9
1323160 1133.6
1323170 1123.1
1323180 1123.1
1323190 1111.8
1323200 1104.7
1323210 1104.7
1323220 1097.4
1323230 1089.9
1323240 1089.9
1323250 1085.1
1323260 1082.3
1323270 1082.3
1323280 1080.3
1323290 1079.5
1323300 1079.5
1323310 1082.0
1323320 1085.6
1323330 1085.6
1323340 1087.7
1323350 1089.3
1323360 1089.3
1323370 1090.7
1323380 1091.4
1323390 1091.4
1323400 1090.9
1323410 1089.8
1323420 1088.7
1323430 1088.7
1323440 1087.6
1323450 1085.8
1323460 1085.8
1323470 1083.2
1323480 1081.9
1323490 1085.0
1323500 1084.6
1323510 1083.2
1323520 1083.2
1323530 1080.9
1323540 1078.5
1323550 1078.5
1323560 1078.3
1323570 1077.8
1323580 1077.8
1323590 1075.6
1323600 1073.4
1323610 1073.4
1323620 1071.7
1323630 1070.2
1323640 1070.2
1323650 1069.6
1323660 1068.3
1323670 1068.3
1323680 1067.6
1323690 1067.8
1323700 1067.8
1323710 1066.8
1323720 1065.2
1323730 1065.2
1323740 1063.1
1323750 1059.0
1323760 1055.3
1323770 1055.3
1323780 1056.3
1323790 1057.5
1323800 1057.5
1323810 1057.6
1323820 1057.7
1323830 1057.7
1323840 1057.3
1323850 1056.8
1323860 1056.8
1323870 1056.2
1323880 1055.1
1323890 1055.1
1323900 1053.7
1323910 1051.4
1323920 1051.4
1323930 1048.4
1323940 1044.7
1323950 1044.7
1323960 1039.9
1323970 1037.4
1323980 1037.4
1323990 1036.1
1324000 1037.5
1324010 1037.5
1324020 1041.1
1324030 1043.1
1324040 1043.1
1324050 1044.2
1324060 1044.6
1324070 1044.6
1324080 1044.2
1324090 1043.8
1324100 1043.8
1324110 1044.1
1324120 1045.7
1324130 1047.6
1324140 1047.6
1324150 1048.4
1324160 1048.8
1324170 1048.8
1324180 1049.5
1324190 1050.4
1324200 1050.4
1324210 1050.1
1324220 1047.8
1324230 1047.8
1324240 1040.8
1324250 1032.4
1324260 1032.4
1324270 1030.9
1324280 1043.5
1324290 1043.5
1324300 1047.1
1324310 1051.7
1324320 1051.7
1324330 1056.2
1324340 1059.2
1324350 1059.2
1324360 1061.4
1324370 1062.8
1324380 1062.8
1324390 1064.3
1324400 1065.0
1324410 1065.0
1324420 1065.4
1324430 1066.2
1324440 1066.2
1324450 1066.2
1324460 1066.9
1324470 1066.9
1324480 1067.7
1324490 1069.5
1324500 1071.6
1324510 1071.6
1324520 1071.3
1324530 1072.3
1324540 1072.3
1324550 1078.3
1324560 1081.5
1324570 1081.5
1324580 1083.0
1324590 1081.8
1324600 1081.8
1324610 1080.1
1324620 1078.0
1324630 1078.0
1324640 1077.2
1324650 1079.6
1324660 1079.6
1324670 1082.6
1324680 1087.1
1324690 1087.1
1324700 1091.8
1324710 1096.8
1324720 1096.8
1324730 1103.3
1324740 1111.6
1324750 1111.6
1324760 1118.8
1324770 1122.8
1324780 1122.8
1324790 1124.1
1324800 1124.1
1324810 1124.1
1324820 1124.0
1324830 1124.3
1324840 1124.5
1324850 1124.5
1324860 1124.0
1324870 1123.6
1324880 1123.6
1324890 1122.5
1324900 1120.5
1324910 1120.5
1324920 1119.0
1324930 1118.0
1324940 1118.0
1324950 1117.1
1324960 1115.6
1324970 1115.6
1324980 1114.0
1324990 1109.7
1325000 1109.7
1325010 1101.7
1325020 1085.6
1325030 1085.6
1325040 1054.8
1325050 1028.9
1325060 1028.9
1325070 1016.7
1325080 1015.7
1325090 1015.7
1325100 1006.1
1325110 997.8
1325120 997.8
1325130 988.2
1325140 979.6
1325150 979.6
1325160 973.6
1325170 967.6
1325180 967.6
1325190 961.3
1325200 954.9
1325210 948.4
1325220 948.4
1325230 942.4
1325240 937.5
1325250 937.5
1325260 932.9
1325270 928.2
1325280 928.2
1325290 923.6
1325300 918.9
1325310 918.9
1325320 913.8
1325330 908.7
1325340 908.7
1325350 903.1
1325360 897.4
1325370 897.4
1325380 891.9
1325390 886.7
1325400 886.7
1325410 881.6
1325420 876.7
1325430 876.7
1325440 871.8
1325450 866.8
1325460 866.8
1325470 863.1
1325480 858.8
1325490 858.8
1325500 855.4
1325510 851.9
1325520 851.9
1325530 848.0
1325540 843.5
1325550 843.5
1325560 839.2
1325570 837.4
1325580 835.1
1325590 835.1
1325600 831.7
1325610 827.1
1325620 827.1
1325630 823.3
1325640 820.1
1325650 820.1
1325660 817.1
1325670 813.1
1325680 813.1
1325690 807.6
1325700 801.3
1325710 801.3
1325720 795.1
1325730 790.4
1325740 790.4
1325750 786.7
1325760 783.4
1325770 783.4
1325780 780.5
1325790 779.1
1325800 779.1
1325810 778.6
1325820 778.4
1325830 778.4
1325840 775.6
1325850 772.5
1325860 772.5
1325870 770.8
1325880 768.0
1325890 769.6
1325900 767.2
1325910 766.4
1325920 763.8
1325930 763.8
1325940 762.5
1325950 760.5
1325960 760.5
1325970 756.4
1325980 752.6
1325990 752.6
1326000 750.9
1326010 747.5
1326020 747.5
1326030 742.7
1326040 739.6
1326050 739.6
1326060 737.8
1326070 736.3
1326080 736.3
1326090 734.9
1326100 733.7
1326110 733.7
1326120 733.0
1326130 733.2
1326140 733.2
1326150 734.2
1326160 733.8
1326170 733.8
1326180 727.4
1326190 723.4
1326200 723.4
1326210 724.9
1326220 731.3
1326230 731.3
1326240 740.3
1326250 747.4
1326260 747.4
1326270 752.3
1326280 756.6
1326290 760.5
1326300 760.5
1326310 762.5
1326320 763.5
1326330 763.5
1326340 764.3
1326350 765.3
1326360 765.3
1326370 767.3
1326380 770.7
1326390 770.7
1326400 774.6
1326410 777.9
1326420 777.9
1326430 780.8
1326440 784.1
1326450 784.1
1326460 787.4
1326470 790.7
1326480 790.7
1326490 794.1
1326500 797.5
1326510 797.5
1326520 800.4
1326530 802.8
1326540 802.8
1326550 805.5
1326560 807.9
1326570 807.9
1326580 809.7
1326590 811.2
1326600 811.2
1326610 812.7
1326620 814.4
1326630 814.4
1326640 816.7
1326650 819.6
1326660 822.2
1326670 822.2
1326680 824.9
1326690 828.0
1326700 826.4
1326710 829.3
1326720 832.1
1326730 832.1
1326740 835.2
1326750 838.2
1326760 838.2
1326770 840.9
1326780 842.9
1326790 842.9
1326800 844.7
1326810 847.3
1326820 847.3
1326830 851.3
1326840 856.2
1326850 856.2
1326860 862.4
1326870 868.9
1326880 868.9
1326890 875.3
1326900 881.8
1326910 881.8
1326920 887.3
1326930 890.8
1326940 890.8
1326950 894.1
1326960 898.8
1326970 898.8
1326980 903.7
1326990 906.9
1327000 906.9
1327010 910.3
1327020 913.7
1327030 917.1
1327040 917.1
1327050 920.1
1327060 923.4
1327070 923.4
1327080 927.3
1327090 931.6
1327100 931.6
1327110 936.5
1327120 941.5
1327130 941.5
1327140 943.4
1327150 944.9
1327160 944.9
1327170 946.9
1327180 950.5
1327190 950.5
1327200 953.6
1327210 957.6
1327220 957.6
1327230 963.1
1327240 966.3
1327250 966.3
1327260 967.2
1327270 968.0
1327280 968.0
1327290 969.6
1327300 971.3
1327310 971.3
1327320 973.2
1327330 974.8
1327340 974.8
1327350 976.0
1327360 976.7
1327370 976.9
1327380 976.9
1327390 977.1
1327400 977.5
1327410 977.5
1327420 977.8
1327430 978.5
1327440 978.5
1327450 979.5
1327460 980.0
1327470 980.0
1327480 980.9
1327490 982.0
1327500 982.0
1327510 985.3
1327520 986.7
1327530 986.7
1327540 988.7
1327550 990.6
1327560 990.6
1327570 992.4
1327580 994.4
1327590 994.4
1327600 996.5
1327610 998.3
1327620 998.3
1327630 999.6
1327640 1000.8
1327650 1000.8
1327660 1002.1
1327670 1004.1
1327680 1004.1
1327690 1006.8
1327700 1010.2
1327710 1010.2
1327720 1014.0
1327730 1018.1
1327740 1022.0
1327750 1022.0
1327760 1026.0
1327770 1030.0
1327780 1030.0
1327790 1034.1
1327800 1037.9
1327810 1037.9
1327820 1040.9
1327830 1043.3
1327840 1043.3
1327850 1045.4
1327860 1047.2
1327870 1047.2
1327880 1048.3
1327890 1048.6
1327900 1048.6
1327910 1047.7
1327920 1045.5
1327930 1045.5
1327940 1046.7
1327950 1049.9
1327960 1049.9
1327970 1053.3
1327980 1056.4
1327990 1056.4
1328000 1058.8
1328010 1061.3
1328020 1061.3
1328030 1063.7
1328040 1065.6
1328050 1065.6
1328060 1067.5
1328070 1069.8
1328080 1069.8
1328090 1072.7
1328100 1075.6
1328110 1077.3
1328120 1077.3
1328130 1078.6
1328140 1079.9
1328150 1079.9
1328160 1081.5
1328170 1084.0
1328180 1084.0
1328190 1086.6
1328200 1089.2
1328210 1089.2
1328220 1092.2
1328230 1094.7
1328240 1094.7
1328250 1097.0
1328260 1101.3
1328270 1101.3
1328280 1106.5
1328290 1111.1
1328300 1111.1
1328310 1113.6
1328320 1117.1
1328330 1124.1
1328340 1128.9
1328350 1133.1
1328360 1133.1
1328370 1134.3
1328380 1132.2
1328390 1132.2
1328400 1128.6
1328410 1127.9
1328420 1127.9
1328430 1129.3
1328440 1130.8
1328450 1133.0
1328460 1133.0
1328470 1135.5
1328480 1138.1
1328490 1138.1
1328500 1142.0
1328510 1146.4
1328520 1146.4
1328530 1151.5
1328540 1157.0
1328550 1157.0
1328560 1162.1
1328570 1167.6
1328580 1167.6
1328590 1172.3
1328600 1175.3
1328610 1175.3
1328620 1178.5
1328630 1181.4
1328640 1181.4
1328650 1183.5
1328660 1184.9
1328670 1184.9
1328680 1186.2
1328690 1187.7
1328700 1187.7
1328710 1189.0
1328720 1190.1
1328730 1190.1
1328740 1190.9
1328750 1191.9
1328760 1191.9
1328770 1192.2
1328780 1192.0
1328790 1192.0
1328800 1192.3
1328810 1192.9
1328820 1193.6
1328830 1193.6
1328840 1194.1
1328850 1194.7
1328860 1194.7
1328870 1195.7
1328880 1196.6
1328890 1196.6
1328900 1197.3
1328910 1197.0
1328920 1197.0
1328930 1194.8
1328940 1190.4
1328950 1190.4
1328960 1186.6
1328970 1185.0
1328980 1185.0
1328990 1185.9
1329000 1187.9
1329010 1187.9
1329020 1190.3
1329030 1192.3
1329040 1192.3
1329050 1194.0
1329060 1194.4
1329070 1194.4
1329080 1193.1
1329090 1193.3
1329100 1193.3
1329110 1195.9
1329120 1196.8
1329130 1196.8
1329140 1197.1
1329150 1192.8
1329160 1192.8
1329170 1192.5
1329180 1190.5
1329190 1189.4
1329200 1189.4
1329210 1190.4
1329220 1192.8
1329230 1192.8
1329240 1199.2
1329250 1205.2
1329260 1205.2
1329270 1210.4
1329280 1215.8
1329290 1215.8
1329300 1221.1
1329310 1225.2
1329320 1225.2
1329330 1229.1
1329340 1233.2
1329350 1233.2
1329360 1237.4
1329370 1241.7
1329380 1241.7
1329390 1245.2
1329400 1248.4
1329410 1248.4
1329420 1252.2
1329430 1256.0
1329440 1256.0
1329450 1259.8
1329460 1262.9
1329470 1262.9
1329480 1266.2
1329490 1269.7
1329500 1269.7
1329510 1273.3
1329520 1276.6
1329530 1280.3
1329540 1280.3
1329550 1284.1
1329560 1288.1
1329570 1288.1
1329580 1291.0
1329590 1293.6
1329600 1293.6
1329610 1296.1
1329620 1298.6
1329630 1298.6
1329640 1301.0
1329650 1303.3
1329660 1303.3
1329670 1304.8
1329680 1306.6
1329690 1306.6
1329700 1308.3
1329710 1309.8
1329720 1309.8
1329730 1310.4
1329740 1311.7
1329750 1311.7
1329760 1313.1
1329770 1315.4
1329780 1315.4
1329790 1318.2
1329800 1320.9
1329810 1320.9
1329820 1323.3
1329830 1326.1
1329840 1326.1
1329850 1329.4
1329860 1332.5
1329870 1332.5
1329880 1335.7
1329890 1339.1
1329900 1342.0
1329910 1342.0
1329920 1344.6
1329930 1347.2
1329940 1347.2
1329950 1348.9
1329960 1350.7
1329970 1350.8
1329980 1354.1
1329990 1358.1
1330000 1358.1
1330010 1361.6
1330020 1364.2
1330030 1364.2
1330040 1365.1
1330050 1368.0
1330060 1368.0
1330070 1370.7
1330080 1372.5
1330090 1372.5
1330100 1374.6
1330110 1378.1
1330120 1378.1
1330130 1381.4
1330140 1383.5
1330150 1383.5
1330160 1384.9
1330170 1386.5
1330180 1386.5
1330190 1389.1
1330200 1391.1
1330210 1391.1
1330220 1393.2
1330230 1395.6
1330240 1395.6
1330250 1397.8
1330260 1400.1
1330270 1403.5
1330280 1403.5
1330290 1407.1
1330300 1406.6
1330310 1406.6
1330320 1403.9
1330330 1403.4
1330340 1403.4
1330350 1406.0
1330360 1406.2
1330370 1406.2
1330380 1406.7
1330390 1407.6
1330400 1407.6
1330410 1407.5
1330420 1406.9
1330430 1406.9
1330440 1407.0
1330450 1408.2
1330460 1408.2
1330470 1408.8
1330480 1408.2
1330490 1408.2
1330500 1407.8
1330510 1408.0
1330520 1408.0
1330530 1405.9
1330540 1404.0
1330550 1404.0
1330560 1404.2
1330570 1404.2
1330580 1404.2
1330590 1403.8
1330600 1402.6
1330610 1400.5
1330620 1400.5
1330630 1399.4
1330640 1399.4
1330650 1399.4
1330660 1400.4
1330670 1403.0
1330680 1403.0
1330690 1403.2
1330700 1401.4
1330710 1401.4
1330720 1399.8
1330730 1392.2
1330740 1392.2
1330750 1381.6
1330760 1371.8
1330770 1371.8
1330780 1363.8
1330790 1357.9
1330800 1357.9
1330810 1353.9
1330820 1348.7
1330830 1348.7
1330840 1346.0
1330850 1346.7
1330860 1346.7
1330870 1343.7
1330880 1346.1
1330890 1346.1
1330900 1350.7
1330910 1354.1
1330920 1354.1
1330930 1355.1
1330940 1354.6
1330950 1354.6
1330960 1353.9
1330970 1354.7
1330980 1355.8
1330990 1355.8
1331000 1354.3
1331010 1350.3
1331020 1350.3
1331030 1343.9
1331040 1336.7
1331050 1336.7
1331060 1329.9
1331070 1324.3
1331080 1324.3
1331090 1319.3
1331100 1312.7
1331110 1312.7
1331120 1305.3
1331130 1297.4
1331140 1297.4
1331150 1290.0
1331160 1282.8
1331170 1282.8
1331180 1276.1
1331190 1268.7
1331200 1268.7
1331210 1259.7
1331220 1249.6
1331230 1249.6
1331240 1242.5
1331250 1234.7
1331260 1234.7
1331270 1225.7
1331280 1217.8
1331290 1217.8
1331300 1208.9
1331310 1199.4
1331320 1199.4
1331330 1190.7
1331340 1182.3
1331350 1174.6
1331360 1174.6
1331370 1167.3
1331380 1158.3
1331390 1158.3
1331400 1148.3
1331410 1136.4
1331420 1136.4
1331430 1126.6
1331440 1118.6
1331450 1118.6
1331460 1111.4
1331470 1102.9
1331480 1102.9
1331490 1093.1
1331500 1083.0
1331510 1083.0
1331520 1074.4
1331530 1065.6
1331540 1065.6
1331550 1057.2
1331560 1048.7
1331570 1048.7
1331580 1040.0
1331590 1031.5
1331600 1031.5
1331610 1023.6
1331620 1015.7
1331630 1015.7
1331640 1004.5
1331650 995.4
1331660 995.4
1331670 984.3
1331680 972.7
1331690 972.7
1331700 982.9
1331710 1002.0
1331720 1014.7
1331730 1014.7
1331740 1029.4
1331750 1037.7
1331760 1037.7
1331770 1045.0
1331780 1051.9
1331790 1051.9
1331800 1058.9
1331810 1066.3
1331820 1066.3
1331830 1074.4
1331840 1082.4
1331850 1082.4
1331860 1090.1
1331870 1098.3
1331880 1098.3
1331890 1106.6
1331900 1115.4
1331910 1115.4
1331920 1124.5
1331930 1132.4
1331940 1132.4
1331950 1138.8
1331960 1139.0
1331970 1139.0
1331980 1136.8
1331990 1133.6
1332000 1133.6
1332010 1130.6
1332020 1125.8
1332030 1125.8
1332040 1122.4
1332050 1119.6
1332060 1117.4
1332070 1117.4
1332080 1115.4
1332090 1113.3
1332100 1113.3
1332110 1111.1
1332120 1108.5
1332130 1108.5
1332140 1105.8
1332150 1103.8
1332160 1103.8
1332170 1102.1
1332180 1100.3
1332190 1100.3
1332200 1097.6
1332210 1095.9
1332220 1095.9
1332230 1094.6
1332240 1094.0
1332250 1094.0
1332260 1093.1
1332270 1091.7
1332280 1091.7
1332290 1089.1
1332300 1087.3
1332310 1087.3
1332320 1085.1
1332330 1082.7
1332340 1082.7
1332350 1080.8
1332360 1078.1
1332370 1078.1
1332380 1076.6
1332390 1074.8
1332400 1074.8
1332410 1073.8
1332420 1074.2
1332430 1073.4
1332440 1073.4
1332450 1071.4
1332460 1068.8
1332470 1068.8
1332480 1059.2
1332490 1054.4
1332500 1054.4
1332510 1047.8
1332520 1045.1
1332530 1045.1
1332540 1043.8
1332550 1043.2
1332560 1043.2
1332570 1042.1
1332580 1040.1
1332590 1040.1
1332600 1039.3
1332610 1039.1
1332620 1039.1
1332630 1038.9
1332640 1039.1
1332650 1039.1
1332660 1039.2
1332670 1039.8
1332680 1039.8
1332690 1039.9
1332700 1040.0
1332710 1040.0
1332720 1040.0
1332730 1041.1
1332740 1041.1
1332750 1042.4
1332760 1042.8
1332770 1042.8
1332780 1042.4
1332790 1042.0
1332800 1041.8
1332810 1041.8
1332820 1038.0
1332830 1034.7
1332840 1034.7
1332850 1032.5
1332860 1030.5
1332870 1030.5
1332880 1028.2
1332890 1026.2
1332900 1026.2
1332910 1024.6
1332920 1022.5
1332930 1022.5
1332940 1019.2
1332950 1015.9
1332960 1015.9
1332970 1014.1
1332980 1012.3
1332990 1012.3
1333000 1010.5
1333010 1009.7
1333020 1009.7
1333030 1009.7
1333040 1009.2
1333050 1009.2
1333060 1008.2
1333070 1006.7
1333080 1006.7
1333090 1005.1
1333100 1004.5
1333110 1004.5
1333120 1004.4
1333130 1003.5
1333140 1003.6
1333150 1003.6
1333160 1003.9
1333170 1003.9
1333180 1003.9
1333190 1004.0
1333200 1004.0
1333210 1004.0
1333220 1003.7
1333230 1003.4
1333240 1003.4
1333250 1003.0
1333260 1002.8
1333270 1002.8
1333280 1002.2
1333290 1000.7
1333300 1000.7
1333310 999.9
1333320 1000.2
1333330 992.3
1333340 992.2
1333350 992.2
1333360 992.2
1333370 991.1
1333380 989.7
1333390 989.7
1333400 988.1
1333410 987.0
1333420 987.0
1333430 986.3
1333440 985.7
1333450 985.7
1333460 985.1
1333470 984.0
1333480 984.0
1333490 983.0
1333500 981.7
1333510 981.0
1333520 981.0
1333530 980.1
1333540 979.6
1333550 979.6
1333560 980.2
1333570 979.9
1333580 979.9
1333590 978.5
1333600 974.1
1333610 974.1
1333620 969.7
1333630 966.1
1333640 966.1
1333650 964.3
1333660 961.7
1333670 961.7
1333680 958.2
1333690 954.2
1333700 954.2
1333710 951.4
1333720 957.7
1333730 957.7
1333740 968.3
1333750 975.5
1333760 975.5
1333770 978.4
1333780 980.2
1333790 980.2
1333800 981.0
1333810 981.5
1333820 981.5
1333830 983.0
1333840 986.3
1333850 986.3
1333860 991.6
1333870 996.7
1333880 998.5
1333890 998.5
1333900 996.5
1333910 993.0
1333920 993.0
1333930 991.4
1333940 990.2
1333950 990.2
1333960 988.0
1333970 984.4
1333980 984.4
1333990 981.4
1334000 979.7
1334010 979.7
1334020 977.6
1334030 976.0
1334040 976.0
1334050 974.6
1334060 973.0
1334070 973.0
1334080 971.4
1334090 969.6
1334100 969.6
1334110 968.4
1334120 966.7
1334130 966.7
1334140 965.5
1334150 964.5
1334160 964.5
1334170 963.1
1334180 955.4
1334190 955.4
1334200 954.5
1334210 953.5
1334220 952.7
1334230 952.7
1334240 951.5
1334250 950.2
1334260 950.2
1334270 948.8
1334280 947.6
1334290 947.6
1334300 946.6
1334310 945.6
1334320 945.6
1334330 944.0
1334340 942.3
1334350 942.3
1334360 940.8
1334370 939.1
1334380 939.1
1334390 937.2
1334400 935.0
1334410 935.0
1334420 933.0
1334430 930.9
1334440 930.9
1334450 929.3
1334460 927.2
1334470 927.2
1334480 925.1
1334490 923.6
1334500 923.6
1334510 922.5
1334520 920.0
1334530 920.0
1334540 917.4
1334550 914.9
1334560 914.9
1334570 913.2
1334580 911.3
1334590 909.3
1334600 909.3
1334610 907.0
1334620 904.8
1334630 904.8
1334640 903.3
1334650 901.8
1334660 901.8
1334670 899.8
1334680 898.3
1334690 898.3
1334700 896.3
1334710 894.7
1334720 894.7
1334730 893.6
1334740 891.8
1334750 891.8
1334760 889.7
1334770 888.9
1334780 888.9
1334790 888.4
1334800 888.0
1334810 888.0
1334820 887.7
1334830 887.7
1334840 887.7
1334850 887.7
1334860 887.7
1334870 887.7
1334880 887.5
1334890 887.2
1334900 887.2
1334910 887.1
1334920 887.1
1334930 887.1
1334940 887.6
1334950 889.8
1334960 891.3
1334970 891.3
1334980 892.0
1334990 890.7
1335000 890.7
1335010 889.3
1335020 889.1
1335030 889.7
1335040 888.9
1335050 888.6
1335060 888.6
1335070 888.9
1335080 889.6
1335090 889.6
1335100 889.1
1335110 889.0
1335120 889.0
1335130 889.7
1335140 891.4
1335150 891.4
1335160 893.5
1335170 896.2
1335180 896.2
1335190 898.9
1335200 899.7
1335210 899.7
1335220 900.5
1335230 903.3
1335240 903.3
1335250 906.5
1335260 908.7
1335270 908.7
1335280 910.6
1335290 912.1
1335300 912.9
1335310 912.9
1335320 914.3
1335330 915.5
1335340 915.5
1335350 916.5
1335360 917.6
1335370 917.6
1335380 919.2
1335390 921.7
1335400 921.7
1335410 923.0
1335420 923.7
1335430 923.7
1335440 924.6
1335450 925.4
1335460 925.4
1335470 925.9
1335480 926.5
1335490 926.5
1335500 927.7
1335510 929.4
1335520 929.4
1335530 930.8
1335540 932.8
1335550 932.8
1335560 935.6
1335570 938.0
1335580 938.0
1335590 939.7
1335600 942.0
1335610 942.0
1335620 944.5
1335630 947.1
1335640 947.1
1335650 950.4
1335660 954.2
1335670 957.7
1335680 957.7
1335690 960.7
1335700 963.8
1335710 963.8
1335720 967.0
1335730 970.6
1335740 970.6
1335750 974.3
1335760 977.5
1335770 977.5
1335780 980.6
1335790 983.7
1335800 983.7
1335810 986.4
1335820 988.8
1335830 988.8
1335840 991.2
1335850 993.4
1335860 993.4
1335870 994.4
1335880 994.6
1335890 1001.1
1335900 1001.6
1335910 1002.9
1335920 1002.9
1335930 1005.0
1335940 1006.9
1335950 1006.9
1335960 1009.7
1335970 1012.4
1335980 1012.4
1335990 1014.8
1336000 1017.5
1336010 1017.5
1336020 1019.7
1336030 1021.7
1336040 1024.3
1336050 1024.3
1336060 1026.3
1336070 1031.0
1336080 1031.0
1336090 1037.5
1336100 1042.4
1336110 1042.4
1336120 1045.9
1336130 1048.4
1336140 1048.4
1336150 1050.6
1336160 1052.4
1336170 1052.4
1336180 1054.6
1336190 1055.9
1336200 1055.9
1336210 1055.1
1336220 1054.3
1336230 1054.3
1336240 1051.6
1336250 1048.8
1336260 1048.8
1336270 1047.5
1336280 1046.1
1336290 1046.1
1336300 1045.1
1336310 1044.9
1336320 1044.9
1336330 1044.3
1336340 1044.1
1336350 1044.1
1336360 1045.4
1336370 1045.9
1336380 1044.3
1336390 1044.3
1336400 1043.9
1336410 1044.7
1336420 1044.7
1336430 1046.7
1336440 1048.0
1336450 1048.0
1336460 1048.8
1336470 1047.4
1336480 1047.4
1336490 1047.4
1336500 1047.6
1336510 1047.6
1336520 1047.5
1336530 1047.8
1336540 1047.8
1336550 1047.6
1336560 1047.4
1336570 1047.4
1336580 1048.3
1336590 1049.2
1336600 1049.2
1336610 1049.7
1336620 1050.3
1336630 1050.3
1336640 1051.6
1336650 1053.6
1336660 1053.6
1336670 1055.2
1336680 1057.0
1336690 1057.0
1336700 1058.7
1336710 1059.8
1336720 1059.8
1336730 1060.8
1336740 1061.6
1336750 1071.9
1336760 1071.9
1336770 1072.2
1336780 1075.7
1336790 1075.7
1336800 1079.0
1336810 1081.5
1336820 1081.5
1336830 1083.6
1336840 1086.1
1336850 1086.1
1336860 1089.1
1336870 1091.2
1336880 1091.2
1336890 1093.1
1336900 1095.3
1336910 1095.3
1336920 1097.1
1336930 1098.7
1336940 1098.7
1336950 1100.0
1336960 1101.3
1336970 1101.3
1336980 1102.9
1336990 1104.7
1337000 1104.7
1337010 1107.0
1337020 1108.2
1337030 1108.2
1337040 1110.3
1337050 1112.9
1337060 1112.9
1337070 1117.1
1337080 1120.5
1337090 1120.5
1337100 1123.8
1337110 1128.5
1337120 1132.4
1337130 1132.4
1337140 1135.2
1337150 1138.2
1337160 1138.2
1337170 1142.5
1337180 1148.3
1337190 1148.3
1337200 1155.8
1337210 1162.2
1337220 1162.2
1337230 1167.8
1337240 1171.8
1337250 1171.8
1337260 1176.3
1337270 1179.7
1337280 1179.7
1337290 1180.5
1337300 1179.6
1337310 1179.6
1337320 1178.9
1337330 1178.8
1337340 1178.8
1337350 1178.8
1337360 1178.7
1337370 1178.7
1337380 1179.1
1337390 1179.9
1337400 1179.9
1337410 1180.5
1337420 1180.4
1337430 1180.4
1337440 1179.7
1337450 1179.7
1337460 1180.2
1337470 1180.2
1337480 1181.2
1337490 1181.9
1337500 1181.9
1337510 1181.2
1337520 1178.9
1337530 1178.9
1337540 1177.6
1337550 1177.7
1337560 1177.7
1337570 1178.0
1337580 1178.6
1337590 1178.6
1337600 1179.2
1337610 1179.8
1337620 1182.2
1337630 1182.9
1337640 1182.2
1337650 1182.2
1337660 1180.6
1337670 1179.9
1337680 1179.9
1337690 1179.3
1337700 1178.3
1337710 1178.3
1337720 1177.7
1337730 1178.8
1337740 1178.8
1337750 1181.1
1337760 1184.5
1337770 1184.5
1337780 1187.9
1337790 1191.5
1337800 1191.5
1337810 1195.8
1337820 1202.1
1337830 1209.1
1337840 1209.1
1337850 1214.9
1337860 1220.4
1337870 1220.4
1337880 1226.4
1337890 1232.9
1337900 1232.9
1337910 1240.0
1337920 1246.5
1337930 1246.5
1337940 1253.4
1337950 1258.9
1337960 1258.9
1337970 1261.6
1337980 1264.8
1337990 1264.8
1338000 1268.9
1338010 1274.4
1338020 1274.4
1338030 1279.8
1338040 1284.3
1338050 1284.3
1338060 1288.3
1338070 1292.2
1338080 1292.2
1338090 1295.5
1338100 1299.7
1338110 1299.7
1338120 1304.2
1338130 1302.2
1338140 1302.2
1338150 1298.4
1338160 1295.9
1338170 1295.9
1338180 1301.8
1338190 1308.3
1338200 1316.2
1338210 1316.2
1338220 1322.5
1338230 1326.6
1338240 1326.6
1338250 1332.0
1338260 1336.2
1338270 1336.2
1338280 1340.9
1338290 1345.6
1338300 1345.6
1338310 1349.7
1338320 1351.4
1338330 1351.4
1338340 1355.1
1338350 1360.9
1338360 1360.9
1338370 1369.6
1338380 1375.7
1338390 1375.7
1338400 1379.3
1338410 1382.6
1338420 1382.6
1338430 1385.5
1338440 1388.8
1338450 1388.8
1338460 1393.8
1338470 1399.6
1338480 1399.6
1338490 1421.2
1338500 1441.8
1338510 1441.8
1338520 1465.3
1338530 1484.4
1338540 1484.4
1338550 1493.3
1338560 1494.2
1338570 1494.2
1338580 1494.2
1338590 1497.7
1338600 1501.9
1338610 1501.9
1338620 1505.7
1338630 1506.9
1338640 1506.9
1338650 1506.7
1338660 1506.6
1338670 1506.6
1338680 1506.4
1338690 1507.6
1338700 1507.6
1338710 1508.1
1338720 1508.3
1338730 1508.3
1338740 1508.9
1338750 1509.2
1338760 1509.2
1338770 1509.6
1338780 1509.7
1338790 1509.7
1338800 1510.4
1338810 1510.7
1338820 1510.7
1338830 1510.8
1338840 1511.3
1338850 1511.3
1338860 1511.3
1338870 1510.3
1338880 1510.3
1338890 1509.9
1338900 1509.1
1338910 1508.8
1338920 1508.8
1338930 1507.5
1338940 1503.6
1338950 1503.6
1338960 1499.4
1338970 1495.8
1338980 1495.8
1338990 1492.9
1339000 1489.1
1339010 1489.1
1339020 1483.5
1339030 1478.8
1339040 1478.8
1339050 1474.4
1339060 1468.7
1339070 1468.7
1339080 1462.8
1339090 1456.1
1339100 1456.1
1339110 1448.5
1339120 1440.2
1339130 1440.2
1339140 1435.0
1339150 1433.1
1339160 1433.1
1339170 1433.6
1339180 1434.6
1339190 1434.6
1339200 1434.8
1339210 1434.3
1339220 1434.3
1339230 1433.0
1339240 1431.6
1339250 1431.6
1339260 1430.0
1339270 1428.5
1339280 1427.1
1339290 1427.1
1339300 1425.8
1339310 1424.7
1339320 1424.7
1339330 1423.8
1339340 1423.1
1339350 1423.1
1339360 1423.0
1339370 1421.7
1339380 1421.7
1339390 1421.8
1339400 1421.9
1339410 1421.9
1339420 1421.7
1339430 1420.7
1339440 1420.7
1339450 1419.0
1339460 1417.9
1339470 1417.9
1339480 1418.4
1339490 1419.7
1339500 1419.7
1339510 1421.1
1339520 1422.1
1339530 1422.1
1339540 1422.9
1339550 1423.9
1339560 1423.9
1339570 1425.2
1339580 1426.4
1339590 1426.4
1339600 1427.6
1339610 1428.5
1339620 1428.5
1339630 1429.0
1339640 1430.0
1339650 1431.5
1339660 1431.5
1339670 1433.4
1339680 1435.8
1339690 1435.8
1339700 1438.3
1339710 1440.1
1339720 1440.1
1339730 1440.3
1339740 1440.4
1339750 1440.4
1339760 1442.5
1339770 1444.9
1339780 1444.9
1339790 1446.9
1339800 1447.6
1339810 1447.6
1339820 1448.2
1339830 1449.1
1339840 1449.1
1339850 1449.7
1339860 1450.2
1339870 1450.2
1339880 1450.2
1339890 1450.3
1339900 1450.3
1339910 1450.3
1339920 1450.2
1339930 1450.2
1339940 1450.0
1339950 1450.2
1339960 1450.2
1339970 1450.3
1339980 1450.7
1339990 1450.6
