1320000 1041.4
1320010 1041.4
1320020 1038.9
1320030 1037.4
1320040 1037.4
1320050 1035.3
1320060 1042.4
1320070 1042.4
1320080 1041.6
1320090 1040.2
1320100 1040.2
1320110 1039.4
1320120 1037.9
1320130 1037.9
1320140 1035.1
1320150 1032.4
1320160 1032.4
1320170 1028.5
1320180 1022.3
1320190 1022.3
1320200 1016.3
1320210 1011.8
1320220 1011.8
1320230 1007.1
1320240 1000.6
1320250 1000.6
1320260 990.0
1320270 976.8
1320280 976.8
1320290 957.0
1320300 950.4
1320310 950.4
1320320 960.2
1320330 972.1
1320340 984.1
1320350 984.1
1320360 994.1
1320370 1002.0
1320380 1002.0
1320390 1006.5
1320400 1013.9
1320410 1013.9
1320420 1020.4
1320430 1025.8
1320440 1025.8
1320450 1030.6
1320460 1034.2
1320470 1034.2
1320480 1036.4
1320490 1037.8
1320500 1037.8
1320510 1040.6
1320520 1043.6
1320530 1043.6
1320540 1046.4
1320550 1048.8
1320560 1048.8
1320570 1050.7
1320580 1051.6
1320590 1051.6
1320600 1052.3
1320610 1053.2
1320620 1053.2
1320630 1054.1
1320640 1054.4
1320650 1054.4
1320660 1054.0
1320670 1053.6
1320680 1053.6
1320690 1053.4
1320700 1052.9
1320710 1052.1
1320720 1052.1
1320730 1051.1
1320740 1049.5
1320750 1049.5
1320760 1047.5
1320770 1045.0
1320780 1045.0
1320790 1042.3
1320800 1039.7
1320810 1039.7
1320820 1037.2
1320830 1034.6
1320840 1030.0
1320850 1026.1
1320860 1022.4
1320870 1022.4
1320880 1019.3
1320890 1016.7
1320900 1016.7
1320910 1014.5
1320920 1012.0
1320930 1012.0
1320940 1009.2
1320950 1005.2
1320960 1005.2
1320970 1002.0
1320980 1000.2
1320990 1000.2
1321000 999.1
1321010 997.2
1321020 997.2
1321030 994.8
1321040 992.0
1321050 992.0
1321060 988.8
1321070 983.3
1321080 974.7
1321090 974.7
1321100 965.5
1321110 956.3
1321120 956.3
1321130 947.4
1321140 938.0
1321150 938.0
1321160 928.1
1321170 918.3
1321180 918.3
1321190 906.7
1321200 891.1
1321210 891.1
1321220 880.5
1321230 870.2
1321240 870.2
1321250 862.5
1321260 864.4
1321270 864.4
1321280 870.6
1321290 881.4
1321300 881.4
1321310 890.9
1321320 883.9
1321330 883.9
1321340 876.0
1321350 865.4
1321360 865.4
1321370 855.3
1321380 847.9
1321390 847.9
1321400 842.6
1321410 838.5
1321420 838.5
1321430 833.5
1321440 830.1
1321450 835.3
1321460 835.3
1321470 839.9
1321480 842.5
1321490 842.5
1321500 843.2
1321510 843.9
1321520 843.9
1321530 843.7
1321540 837.3
1321550 837.3
1321560 829.9
1321570 826.5
1321580 826.5
1321590 822.9
1321600 819.6
1321610 819.6
1321620 820.9
1321630 831.0
1321640 831.0
1321650 838.3
1321660 851.9
1321670 851.9
1321680 869.2
1321690 878.4
1321700 878.4
1321710 881.2
1321720 880.9
1321730 880.9
1321740 880.2
1321750 880.1
1321760 880.1
1321770 881.0
1321780 880.6
1321790 880.6
1321800 881.2
1321810 877.1
1321820 877.8
1321830 877.8
1321840 890.1
1321850 904.7
1321860 904.7
1321870 909.2
1321880 910.7
1321890 910.7
1321900 912.2
1321910 915.2
1321920 915.2
1321930 915.2
1321940 922.4
1321950 922.4
1321960 925.9
1321970 929.1
1321980 929.1
1321990 930.8
1322000 928.7
1322010 928.7
1322020 926.4
1322030 919.9
1322040 919.9
1322050 914.2
1322060 917.4
1322070 917.4
1322080 929.6
1322090 946.4
1322100 946.4
1322110 957.1
1322120 960.7
1322130 960.7
1322140 960.4
1322150 959.8
1322160 959.7
1322170 959.7
1322180 956.5
1322190 950.2
1322200 950.2
1322210 947.0
1322220 941.2
1322230 941.2
1322240 938.5
1322250 935.8
1322260 935.8
1322270 938.0
1322280 939.9
1322290 939.9
1322300 939.5
1322310 942.3
1322320 942.3
1322330 943.2
1322340 941.4
1322350 941.4
1322360 941.6
1322370 939.9
1322380 939.9
1322390 935.2
1322400 928.5
1322410 929.5
1322420 922.8
1322430 915.9
1322440 915.9
1322450 908.7
1322460 900.8
1322470 900.8
1322480 893.1
1322490 885.3
1322500 885.3
1322510 876.7
1322520 864.9
1322530 856.9
1322540 856.9
1322550 862.6
1322560 872.3
1322570 872.3
1322580 879.0
1322590 889.2
1322600 889.2
1322610 899.9
1322620 910.2
1322630 910.2
1322640 917.6
1322650 922.2
1322660 922.2
1322670 926.7
1322680 932.7
1322690 932.7
1322700 940.0
1322710 946.2
1322720 946.2
1322730 951.0
1322740 953.9
1322750 953.9
1322760 955.7
1322770 957.6
1322780 957.6
1322790 958.4
1322800 958.8
1322810 958.8
1322820 958.7
1322830 958.0
1322840 958.0
1322850 956.9
1322860 955.5
1322870 955.5
1322880 954.0
1322890 952.1
1322900 949.8
1322910 949.8
1322920 947.4
1322930 944.8
1322940 944.8
1322950 941.9
1322960 938.9
1322970 938.9
1322980 935.8
1322990 932.7
1323000 932.7
1323010 929.5
1323020 926.2
1323030 926.2
1323040 923.1
1323050 921.1
1323060 921.1
1323070 919.3
1323080 918.1
1323090 918.1
1323100 917.0
1323110 915.4
1323120 915.4
1323130 914.4
1323140 914.3
1323150 914.3
1323160 914.3
1323170 914.2
1323180 914.2
1323190 914.2
1323200 913.6
1323210 913.9
1323220 913.6
1323230 909.1
1323240 909.1
1323250 901.5
1323260 894.5
1323270 887.5
1323280 887.5
1323290 881.4
1323300 876.0
1323310 876.0
1323320 868.8
1323330 861.4
1323340 861.4
1323350 855.9
1323360 850.0
1323370 850.0
1323380 844.9
1323390 842.9
1323400 842.9
1323410 841.9
1323420 840.7
1323430 840.7
1323440 840.1
1323450 841.7
1323460 841.7
1323470 843.2
1323480 842.3
1323490 842.3
1323500 841.0
1323510 839.8
1323520 839.8
1323530 838.7
1323540 837.2
1323550 837.2
1323560 835.0
1323570 832.0
1323580 832.0
1323590 828.5
1323600 824.8
1323610 824.8
1323620 821.2
1323630 820.4
1323640 820.6
1323650 820.6
1323660 816.4
1323670 811.9
1323680 811.9
1323690 810.5
1323700 810.0
1323710 810.0
1323720 810.0
1323730 810.7
1323740 810.7
1323750 811.2
1323760 811.5
1323770 811.5
1323780 811.7
1323790 812.1
1323800 812.1
1323810 812.6
1323820 812.8
1323830 812.8
1323840 812.3
1323850 812.9
1323860 812.9
1323870 815.0
1323880 817.8
1323890 817.8
1323900 820.5
1323910 822.8
1323920 822.8
1323930 824.7
1323940 826.4
1323950 826.4
1323960 827.6
1323970 828.4
1323980 829.2
1323990 829.2
1324000 830.7
1324010 831.4
1324020 831.4
1324030 831.7
1324040 831.2
1324050 831.2
1324060 830.5
1324070 829.7
1324080 829.7
1324090 828.5
1324100 827.1
1324110 827.1
1324120 825.0
1324130 822.2
1324140 822.2
1324150 820.3
1324160 818.7
1324170 818.7
1324180 816.6
1324190 813.1
1324200 813.1
1324210 809.7
1324220 806.5
1324230 806.5
1324240 803.8
1324250 802.5
1324260 802.5
1324270 801.9
1324280 801.3
1324290 801.3
1324300 799.1
1324310 796.1
1324320 796.1
1324330 793.4
1324340 792.9
1324350 791.1
1324360 791.1
1324370 788.7
1324380 786.7
1324390 786.7
1324400 786.0
1324410 787.0
1324420 787.0
1324430 788.5
1324440 788.2
1324450 788.2
1324460 789.1
1324470 789.5
1324480 789.5
1324490 790.1
1324500 790.2
1324510 790.2
1324520 789.8
1324530 788.7
1324540 788.7
1324550 788.2
1324560 787.9
1324570 787.9
1324580 788.0
1324590 788.5
1324600 788.5
1324610 787.3
1324620 785.8
1324630 785.8
1324640 784.4
1324650 781.7
1324660 781.7
1324670 776.6
1324680 771.1
1324690 771.1
1324700 768.5
1324710 768.2
1324720 765.9
1324730 765.9
1324740 759.3
1324750 751.7
1324760 751.7
1324770 745.9
1324780 742.4
1324790 742.4
1324800 742.0
1324810 740.6
1324820 740.6
1324830 739.8
1324840 738.9
1324850 738.9
1324860 737.9
1324870 737.7
1324880 737.7
1324890 737.8
1324900 738.3
1324910 738.3
1324920 739.1
1324930 739.4
1324940 739.4
1324950 739.0
1324960 738.4
1324970 738.4
1324980 737.1
1324990 736.3
1325000 736.3
1325010 736.0
1325020 736.1
1325030 736.1
1325040 737.8
1325050 741.8
1325060 741.8
1325070 744.6
1325080 746.3
1325090 747.9
1325100 747.9
1325110 749.3
1325120 749.5
1325130 749.5
1325140 748.9
1325150 748.9
1325160 748.9
1325170 748.9
1325180 749.0
1325190 749.0
1325200 750.1
1325210 749.1
1325220 749.1
1325230 749.7
1325240 749.8
1325250 749.8
1325260 747.5
1325270 744.8
1325280 744.8
1325290 743.0
1325300 740.1
1325310 740.1
1325320 736.5
1325330 734.6
1325340 734.6
1325350 733.4
1325360 732.6
1325370 732.6
1325380 732.4
1325390 732.2
1325400 732.2
1325410 732.0
1325420 732.0
1325430 732.0
1325440 732.3
1325450 732.8
1325460 733.5
1325470 733.5
1325480 734.4
1325490 735.6
1325500 735.6
1325510 738.4
1325520 742.2
1325530 742.2
1325540 748.6
1325550 765.4
1325560 765.4
1325570 780.4
1325580 793.0
1325590 793.0
1325600 777.1
1325610 782.1
1325620 782.1
1325630 795.9
1325640 809.0
1325650 809.0
1325660 818.4
1325670 824.3
1325680 824.3
1325690 830.8
1325700 836.4
1325710 836.4
1325720 839.9
1325730 842.9
1325740 842.9
1325750 844.5
1325760 844.7
1325770 844.7
1325780 843.5
1325790 842.4
1325800 841.6
1325810 841.6
1325820 839.7
1325830 836.9
1325840 836.9
1325850 834.1
1325860 828.9
1325870 828.9
1325880 826.8
1325890 828.1
1325900 828.1
1325910 831.1
1325920 836.6
1325930 836.6
1325940 839.2
1325950 847.6
1325960 847.6
1325970 857.4
1325980 861.6
1325990 861.6
1326000 863.5
1326010 865.6
1326020 865.6
1326030 867.4
1326040 868.0
1326050 868.0
1326060 867.8
1326070 867.6
1326080 867.6
1326090 866.2
1326100 861.7
1326110 861.7
1326120 853.7
1326130 842.7
1326140 842.7
1326150 831.2
1326160 820.8
1326170 808.8
1326180 808.8
1326190 798.9
1326200 789.5
1326210 789.5
1326220 773.9
1326230 752.4
1326240 752.4
1326250 751.4
1326260 759.3
1326270 759.3
1326280 768.6
1326290 788.9
1326300 788.9
1326310 802.7
1326320 808.3
1326330 808.3
1326340 811.7
1326350 815.4
1326360 815.4
1326370 819.9
1326380 824.5
1326390 824.5
1326400 829.0
1326410 827.7
1326420 827.7
1326430 831.4
1326440 836.5
1326450 836.5
1326460 841.1
1326470 845.5
1326480 845.5
1326490 850.8
1326500 855.3
1326510 855.3
1326520 859.6
1326530 863.8
1326540 869.7
1326550 869.7
1326560 874.0
1326570 877.6
1326580 877.6
1326590 882.5
1326600 887.5
1326610 887.5
1326620 891.8
1326630 895.9
1326640 895.9
1326650 899.6
1326660 902.8
1326670 902.8
1326680 906.5
1326690 910.5
1326700 910.5
1326710 914.1
1326720 917.4
1326730 917.4
1326740 920.1
1326750 922.2
1326760 922.2
1326770 923.9
1326780 925.7
1326790 925.7
1326800 927.6
1326810 929.1
1326820 929.1
1326830 930.3
1326840 933.0
1326850 933.0
1326860 937.4
1326870 941.7
1326880 941.7
1326890 944.3
1326900 946.3
1326910 947.3
1326920 947.3
1326930 948.3
1326940 950.3
1326950 950.3
1326960 954.9
1326970 958.8
1326980 958.8
1326990 961.8
1327000 965.6
1327010 965.6
1327020 968.1
1327030 971.6
1327040 971.6
1327050 977.6
1327060 984.6
1327070 984.6
1327080 990.9
1327090 996.5
1327100 996.5
1327110 1001.6
1327120 1006.5
1327130 1006.5
1327140 1011.3
1327150 1016.1
1327160 1016.1
1327170 1020.8
1327180 1025.2
1327190 1025.2
1327200 1029.3
1327210 1033.2
1327220 1027.8
1327230 1031.0
1327240 1035.4
1327250 1035.4
1327260 1040.8
1327270 1045.8
1327280 1047.9
1327290 1047.9
1327300 1048.1
1327310 1049.0
1327320 1049.0
1327330 1050.0
1327340 1052.8
1327350 1052.8
1327360 1060.1
1327370 1068.3
1327380 1068.3
1327390 1076.8
1327400 1084.2
1327410 1084.2
1327420 1087.2
1327430 1091.0
1327440 1091.0
1327450 1097.2
1327460 1105.2
1327470 1105.2
1327480 1113.2
1327490 1120.4
1327500 1120.4
1327510 1126.3
1327520 1131.3
1327530 1131.3
1327540 1137.1
1327550 1143.2
1327560 1143.2
1327570 1149.6
1327580 1156.2
1327590 1156.2
1327600 1162.4
1327610 1167.8
1327620 1172.5
1327630 1172.5
1327640 1176.1
1327650 1179.9
1327660 1179.9
1327670 1184.1
1327680 1188.5
1327690 1188.5
1327700 1192.7
1327710 1196.6
1327720 1196.6
1327730 1200.4
1327740 1204.0
1327750 1204.0
1327760 1207.5
1327770 1210.4
1327780 1210.4
1327790 1212.5
1327800 1217.6
1327810 1217.6
1327820 1222.8
1327830 1227.0
1327840 1227.0
1327850 1230.7
1327860 1234.4
1327870 1234.4
1327880 1238.3
1327890 1241.7
1327900 1241.7
1327910 1244.9
1327920 1247.9
1327930 1247.9
1327940 1250.4
1327950 1252.6
1327960 1252.6
1327970 1254.6
1327980 1257.4
1327990 1260.9
1328000 1260.9
1328010 1264.8
1328020 1268.7
1328030 1264.1
1328040 1268.6
1328050 1272.9
1328060 1272.9
1328070 1277.0
1328080 1280.8
1328090 1280.8
1328100 1284.5
1328110 1288.0
1328120 1288.0
1328130 1291.2
1328140 1294.0
1328150 1294.0
1328160 1296.3
1328170 1297.9
1328180 1297.9
1328190 1300.1
1328200 1302.5
1328210 1302.5
1328220 1304.7
1328230 1307.4
1328240 1307.4
1328250 1309.8
1328260 1311.6
1328270 1311.6
1328280 1312.6
1328290 1312.3
1328300 1312.3
1328310 1311.3
1328320 1310.0
1328330 1310.0
1328340 1308.9
1328350 1307.5
1328360 1305.9
1328370 1305.9
1328380 1304.3
1328390 1302.3
1328400 1302.3
1328410 1299.6
1328420 1296.9
1328430 1296.9
1328440 1294.0
1328450 1290.6
1328460 1290.6
1328470 1288.1
1328480 1285.8
1328490 1285.8
1328500 1283.9
1328510 1282.4
1328520 1282.4
1328530 1281.4
1328540 1280.7
1328550 1280.7
1328560 1279.6
1328570 1279.2
1328580 1279.2
1328590 1280.0
1328600 1282.2
1328610 1282.2
1328620 1284.7
1328630 1287.0
1328640 1287.0
1328650 1289.1
1328660 1291.6
1328670 1291.6
1328680 1295.8
1328690 1301.2
1328700 1301.2
1328710 1306.8
1328720 1312.6
1328730 1318.5
1328740 1318.5
1328750 1325.1
1328760 1332.6
1328770 1332.6
1328780 1338.6
1328790 1343.9
1328800 1343.9
1328810 1349.1
1328820 1353.4
1328830 1353.4
1328840 1357.2
1328850 1360.2
1328860 1360.2
1328870 1359.8
1328880 1360.2
1328890 1360.2
1328900 1361.3
1328910 1362.8
1328920 1362.8
1328930 1364.6
1328940 1365.2
1328950 1365.2
1328960 1365.4
1328970 1365.7
1328980 1365.7
1328990 1366.2
1329000 1366.8
1329010 1366.8
1329020 1368.1
1329030 1370.6
1329040 1370.6
1329050 1373.3
1329060 1376.1
1329070 1376.1
1329080 1378.8
1329090 1381.1
1329100 1382.9
1329110 1382.9
1329120 1384.0
1329130 1383.8
1329140 1383.8
1329150 1381.8
1329160 1378.3
1329170 1378.3
1329180 1377.3
1329190 1377.1
1329200 1377.1
1329210 1376.9
1329220 1378.5
1329230 1378.5
1329240 1381.1
1329250 1384.0
1329260 1384.0
1329270 1387.1
1329280 1390.4
1329290 1390.4
1329300 1393.0
1329310 1394.2
1329320 1394.2
1329330 1394.4
1329340 1393.3
1329350 1393.3
1329360 1391.0
1329370 1389.7
1329380 1389.7
1329390 1387.1
1329400 1384.3
1329410 1384.3
1329420 1382.5
1329430 1381.5
1329440 1381.4
1329450 1381.4
1329460 1380.5
1329470 1379.2
1329480 1379.2
1329490 1377.5
1329500 1375.9
1329510 1375.9
1329520 1377.0
1329530 1380.8
1329540 1380.8
1329550 1386.0
1329560 1391.0
1329570 1391.0
1329580 1394.5
1329590 1399.4
1329600 1399.4
1329610 1405.7
1329620 1412.3
1329630 1412.3
1329640 1419.1
1329650 1425.7
1329660 1425.7
1329670 1429.8
1329680 1425.7
1329690 1425.7
1329700 1426.3
1329710 1426.7
1329720 1426.7
1329730 1426.9
1329740 1428.7
1329750 1428.7
1329760 1432.1
1329770 1436.7
1329780 1436.7
1329790 1438.8
1329800 1438.0
1329810 1436.6
1329820 1436.6
1329830 1434.3
1329840 1431.3
1329850 1431.3
1329860 1431.7
1329870 1437.9
1329880 1437.9
1329890 1444.0
1329900 1451.7
1329910 1451.7
1329920 1458.3
1329930 1462.2
1329940 1462.2
1329950 1464.6
1329960 1468.1
1329970 1468.1
1329980 1472.0
1329990 1476.9
1330000 1476.9
1330010 1484.4
1330020 1488.5
1330030 1488.5
1330040 1488.8
1330050 1488.5
1330060 1488.5
1330070 1487.9
1330080 1488.3
1330090 1488.3
1330100 1489.6
1330110 1489.5
1330120 1489.5
1330130 1488.0
1330140 1486.1
1330150 1486.1
1330160 1484.4
1330170 1482.6
1330180 1478.6
1330190 1478.6
1330200 1474.3
1330210 1468.1
1330220 1468.1
1330230 1462.2
1330240 1457.0
1330250 1457.0
1330260 1451.5
1330270 1443.8
1330280 1443.8
1330290 1436.4
1330300 1428.4
1330310 1428.4
1330320 1419.3
1330330 1410.5
1330340 1410.5
1330350 1402.1
1330360 1395.0
1330370 1395.0
1330380 1386.7
1330390 1377.6
1330400 1377.6
1330410 1370.3
1330420 1361.2
1330430 1361.2
1330440 1345.2
1330450 1335.8
1330460 1335.8
1330470 1332.9
1330480 1336.1
1330490 1336.1
1330500 1340.8
1330510 1327.0
1330520 1327.0
1330530 1315.2
1330540 1300.1
1330550 1287.5
1330560 1287.5
1330570 1279.9
1330580 1273.7
1330590 1273.7
1330600 1268.5
1330610 1266.2
1330620 1266.2
1330630 1263.1
1330640 1259.6
1330650 1259.6
1330660 1255.4
1330670 1253.0
1330680 1253.0
1330690 1248.9
1330700 1243.8
1330710 1243.8
1330720 1239.1
1330730 1235.2
1330740 1235.2
1330750 1230.3
1330760 1224.4
1330770 1224.4
1330780 1219.1
1330790 1213.2
1330800 1213.2
1330810 1205.0
1330820 1203.0
1330830 1203.0
1330840 1202.1
1330850 1199.6
1330860 1199.6
1330870 1197.7
1330880 1194.3
1330890 1190.0
1330900 1190.0
1330910 1184.0
1330920 1178.4
1330930 1178.4
1330940 1173.3
1330950 1168.7
1330960 1168.7
1330970 1164.2
1330980 1161.0
1330990 1161.0
1331000 1159.7
1331010 1158.5
1331020 1158.5
1331030 1157.9
1331040 1158.7
1331050 1158.7
1331060 1156.7
1331070 1151.5
1331080 1151.5
1331090 1148.0
1331100 1144.4
1331110 1144.4
1331120 1144.3
1331130 1146.5
1331140 1146.5
1331150 1146.8
1331160 1143.0
1331170 1143.0
1331180 1137.3
1331190 1132.1
1331200 1132.1
1331210 1129.9
1331220 1128.8
1331230 1128.8
1331240 1126.4
1331250 1123.4
1331260 1120.4
1331270 1120.4
1331280 1117.9
1331290 1115.6
1331300 1115.6
1331310 1115.2
1331320 1111.0
1331330 1111.0
1331340 1100.2
1331350 1094.4
1331360 1094.4
1331370 1090.6
1331380 1089.7
1331390 1089.7
1331400 1090.5
1331410 1093.8
1331420 1093.8
1331430 1097.1
1331440 1100.9
1331450 1100.9
1331460 1103.7
1331470 1107.6
1331480 1107.6
1331490 1109.6
1331500 1112.6
1331510 1112.6
1331520 1117.4
1331530 1121.2
1331540 1121.2
1331550 1125.4
1331560 1127.7
1331570 1127.7
1331580 1128.6
1331590 1130.3
1331600 1130.3
1331610 1132.1
1331620 1134.6
1331630 1138.7
1331640 1138.7
1331650 1141.6
1331660 1142.8
1331670 1142.8
1331680 1143.9
1331690 1144.7
1331700 1144.7
1331710 1145.4
1331720 1146.8
1331730 1146.8
1331740 1148.6
1331750 1151.7
1331760 1151.7
1331770 1155.8
1331780 1159.3
1331790 1159.3
1331800 1162.8
1331810 1166.3
1331820 1166.3
1331830 1169.4
1331840 1170.8
1331850 1170.8
1331860 1170.6
1331870 1171.7
1331880 1171.7
1331890 1173.2
1331900 1175.7
1331910 1175.7
1331920 1179.6
1331930 1182.8
1331940 1182.8
1331950 1186.1
1331960 1191.0
1331970 1191.0
1331980 1196.0
1331990 1200.7
1332000 1205.6
1332010 1205.6
1332020 1210.4
1332030 1214.9
1332040 1214.9
1332050 1218.9
1332060 1222.8
1332070 1222.8
1332080 1226.5
1332090 1230.4
1332100 1230.4
1332110 1234.4
1332120 1238.9
1332130 1238.9
1332140 1243.1
1332150 1246.6
1332160 1246.6
1332170 1249.2
1332180 1244.5
1332190 1244.5
1332200 1247.2
1332210 1254.6
1332220 1254.6
1332230 1261.7
1332240 1267.8
1332250 1267.8
1332260 1274.1
1332270 1279.8
1332280 1279.8
1332290 1285.7
1332300 1291.4
1332310 1291.4
1332320 1296.8
1332330 1301.8
1332340 1306.5
1332350 1306.5
1332360 1310.0
1332370 1312.9
1332380 1312.9
1332390 1314.9
1332400 1316.6
1332410 1316.6
1332420 1318.0
1332430 1320.1
1332440 1320.1
1332450 1322.3
1332460 1324.4
1332470 1324.4
1332480 1326.4
1332490 1327.6
1332500 1327.6
1332510 1327.6
1332520 1326.2
1332530 1326.2
1332540 1324.6
1332550 1323.2
1332560 1323.2
1332570 1321.4
1332580 1318.7
1332590 1318.7
1332600 1315.7
1332610 1313.3
1332620 1313.3
1332630 1311.1
1332640 1308.7
1332650 1308.7
1332660 1306.6
1332670 1304.8
1332680 1304.8
1332690 1303.1
1332700 1301.4
1332710 1299.6
1332720 1299.6
1332730 1297.3
1332740 1294.3
1332750 1294.3
1332760 1291.5
1332770 1289.4
1332780 1289.4
1332790 1287.4
1332800 1285.4
1332810 1285.4
1332820 1283.9
1332830 1282.2
1332840 1282.2
1332850 1279.8
1332860 1279.0
1332870 1279.0
1332880 1278.5
1332890 1277.3
1332900 1277.3
1332910 1276.0
1332920 1274.0
1332930 1274.0
1332940 1271.3
1332950 1267.4
1332960 1267.4
1332970 1263.5
1332980 1259.6
1332990 1259.6
1333000 1255.6
1333010 1251.1
1333020 1246.7
1333030 1242.5
1333040 1240.4
1333050 1240.4
1333060 1236.7
1333070 1233.8
1333080 1230.7
1333090 1230.7
1333100 1226.0
1333110 1222.8
1333120 1222.8
1333130 1221.8
1333140 1219.9
1333150 1219.9
1333160 1216.5
1333170 1211.2
1333180 1211.2
1333190 1205.6
1333200 1202.3
1333210 1202.3
1333220 1200.4
1333230 1197.7
1333240 1197.7
1333250 1195.3
1333260 1195.3
1333270 1195.3
1333280 1197.8
1333290 1200.2
1333300 1200.2
1333310 1201.3
1333320 1201.0
1333330 1201.0
1333340 1200.0
1333350 1199.0
1333360 1199.0
1333370 1197.3
1333380 1194.5
1333390 1194.5
1333400 1191.7
1333410 1189.3
1333420 1189.3
1333430 1186.7
1333440 1184.3
1333450 1182.1
1333460 1182.1
1333470 1180.0
1333480 1177.6
1333490 1177.6
1333500 1175.7
1333510 1173.2
1333520 1173.2
1333530 1170.7
1333540 1168.6
1333550 1168.6
1333560 1166.6
1333570 1164.5
1333580 1164.5
1333590 1162.1
1333600 1160.0
1333610 1160.0
1333620 1158.3
1333630 1156.1
1333640 1156.1
1333650 1153.5
1333660 1150.5
1333670 1150.5
1333680 1147.6
1333690 1144.7
1333700 1144.7
1333710 1141.2
1333720 1137.4
1333730 1137.4
1333740 1134.5
1333750 1131.4
1333760 1131.4
1333770 1127.2
1333780 1122.4
1333790 1117.3
1333800 1117.3
1333810 1113.2
1333820 1110.8
1333830 1110.8
1333840 1108.9
1333850 1106.2
1333860 1106.2
1333870 1100.9
1333880 1097.4
1333890 1097.4
1333900 1093.5
1333910 1089.6
1333920 1089.6
1333930 1085.2
1333940 1080.5
1333950 1080.5
1333960 1076.3
1333970 1073.2
1333980 1073.2
1333990 1070.6
1334000 1067.6
1334010 1067.6
1334020 1064.1
1334030 1060.5
1334040 1060.5
1334050 1057.2
1334060 1051.2
1334070 1051.2
1334080 1045.2
1334090 1042.0
1334100 1042.0
1334110 1041.3
1334120 1044.5
1334130 1044.5
1334140 1052.1
1334150 1058.4
1334160 1059.1
1334170 1059.1
1334180 1057.5
1334190 1056.1
1334200 1056.1
1334210 1055.0
1334220 1054.5
1334230 1054.5
1334240 1054.2
1334250 1053.5
1334260 1053.5
1334270 1052.3
1334280 1051.1
1334290 1051.1
1334300 1049.6
1334310 1048.3
1334320 1048.3
1334330 1047.0
1334340 1045.8
1334350 1045.8
1334360 1044.5
1334370 1044.0
1334380 1044.0
1334390 1043.7
1334400 1043.3
1334410 1043.3
1334420 1042.8
1334430 1042.0
1334440 1042.0
1334450 1041.1
1334460 1040.4
1334470 1040.4
1334480 1039.8
1334490 1039.2
1334500 1039.2
1334510 1039.5
1334520 1039.2
1334530 1036.6
1334540 1036.6
1334550 1033.1
1334560 1030.0
1334570 1030.0
1334580 1027.5
1334590 1025.8
1334600 1025.8
1334610 1024.0
1334620 1022.3
1334630 1022.3
1334640 1020.8
1334650 1019.3
1334660 1019.3
1334670 1017.6
1334680 1015.9
1334690 1015.9
1334700 1014.2
1334710 1012.5
1334720 1012.5
1334730 1012.1
1334740 1009.5
1334750 1009.5
1334760 1005.7
1334770 1001.7
1334780 1001.7
1334790 998.3
1334800 996.7
1334810 996.7
1334820 995.8
1334830 995.0
1334840 995.0
1334850 994.6
1334860 994.5
1334870 994.5
1334880 994.0
1334890 993.2
1334900 992.4
1334910 992.4
1334920 991.6
1334930 989.3
1334940 989.3
1334950 984.9
1334960 980.0
1334970 980.0
1334980 976.1
1334990 975.5
1335000 975.5
1335010 979.0
1335020 983.2
1335030 983.2
1335040 986.9
1335050 988.9
1335060 988.9
1335070 989.4
1335080 989.2
1335090 989.2
1335100 986.7
1335110 982.5
1335120 982.5
1335130 977.5
1335140 971.5
1335150 971.5
1335160 966.9
1335170 963.4
1335180 963.4
1335190 959.9
1335200 956.8
1335210 956.8
1335220 954.8
1335230 951.9
1335240 951.9
1335250 949.8
1335260 947.3
1335270 944.0
1335280 944.0
1335290 939.3
1335300 932.8
1335310 932.8
1335320 925.5
1335330 922.5
1335340 922.5
1335350 920.9
1335360 916.6
1335370 916.6
1335380 911.2
1335390 905.7
1335400 905.7
1335410 904.8
1335420 904.6
1335430 904.6
1335440 899.3
1335450 900.0
1335460 900.0
1335470 904.2
1335480 901.7
1335490 901.7
1335500 897.3
1335510 891.5
1335520 891.5
1335530 885.3
1335540 876.7
1335550 876.7
1335560 867.7
1335570 860.6
1335580 866.4
1335590 861.0
1335600 862.2
1335610 865.1
1335620 865.1
1335630 863.2
1335640 859.2
1335650 859.2
1335660 855.4
1335670 851.3
1335680 851.3
1335690 847.6
1335700 845.6
1335710 845.6
1335720 845.5
1335730 846.7
1335740 846.7
1335750 846.6
1335760 845.6
1335770 845.6
1335780 844.6
1335790 843.7
1335800 843.7
1335810 843.2
1335820 842.9
1335830 842.9
1335840 842.3
1335850 841.8
1335860 841.8
1335870 841.6
1335880 841.3
1335890 841.3
1335900 840.3
1335910 839.7
1335920 839.7
1335930 839.0
1335940 838.5
1335950 838.5
1335960 838.0
1335970 837.7
1335980 837.2
1335990 837.2
1336000 836.6
1336010 834.4
1336020 834.4
1336030 831.4
1336040 829.9
1336050 829.9
1336060 829.8
1336070 829.9
1336080 829.9
1336090 830.7
1336100 837.3
1336110 837.3
1336120 851.3
1336130 863.6
1336140 863.6
1336150 873.5
1336160 876.4
1336170 876.4
1336180 874.5
1336190 874.3
1336200 874.3
1336210 874.3
1336220 872.3
1336230 872.3
1336240 872.0
1336250 876.9
1336260 876.9
1336270 883.7
1336280 887.9
1336290 887.9
1336300 889.4
1336310 888.2
1336320 888.2
1336330 887.0
1336340 887.0
1336350 887.4
1336360 887.4
1336370 886.7
1336380 886.9
1336390 886.9
1336400 888.2
1336410 887.3
1336420 887.3
1336430 885.6
1336440 887.1
1336450 887.1
1336460 886.8
1336470 886.7
1336480 886.7
1336490 886.2
1336500 887.4
1336510 887.4
1336520 888.3
1336530 890.6
1336540 890.6
1336550 892.6
1336560 893.1
1336570 893.1
1336580 892.6
1336590 893.1
1336600 893.1
1336610 894.7
1336620 895.6
1336630 895.6
1336640 897.7
1336650 900.7
1336660 900.7
1336670 903.1
1336680 905.4
1336690 905.4
1336700 908.9
1336710 912.7
1336720 913.7
1336730 913.7
1336740 914.6
1336750 915.3
1336760 915.3
1336770 916.0
1336780 916.5
1336790 916.5
1336800 916.9
1336810 916.2
1336820 916.2
1336830 915.9
1336840 915.6
1336850 915.6
1336860 914.2
1336870 911.4
1336880 911.4
1336890 908.5
1336900 907.9
1336910 907.9
1336920 911.5
1336930 916.2
1336940 916.2
1336950 919.3
1336960 921.7
1336970 921.7
1336980 924.6
1336990 927.5
1337000 927.5
1337010 930.2
1337020 929.4
1337030 929.4
1337040 926.1
1337050 927.0
1337060 927.0
1337070 930.8
1337080 932.2
1337090 931.7
1337100 931.7
1337110 931.7
1337120 933.0
1337130 933.0
1337140 934.0
1337150 934.3
1337160 934.3
1337170 934.9
1337180 936.4
1337190 936.4
1337200 939.0
1337210 943.1
1337220 943.1
1337230 948.0
1337240 951.4
1337250 951.4
1337260 954.3
1337270 954.6
1337280 954.6
1337290 956.6
1337300 958.9
1337310 962.1
1337320 965.1
1337330 968.8
1337340 968.8
1337350 972.4
1337360 976.5
1337370 976.5
1337380 978.8
1337390 980.7
1337400 980.7
1337410 982.9
1337420 983.9
1337430 985.9
1337440 985.9
1337450 989.3
1337460 991.6
1337470 991.6
1337480 991.5
1337490 992.3
1337500 992.3
1337510 994.5
1337520 997.6
1337530 997.6
1337540 1001.5
1337550 1004.0
1337560 1004.0
1337570 1005.2
1337580 1005.4
1337590 1005.4
1337600 1005.6
1337610 1006.4
1337620 1006.4
1337630 1007.3
1337640 1009.0
1337650 1009.0
1337660 1011.7
1337670 1014.2
1337680 1014.2
1337690 1016.6
1337700 1018.6
1337710 1018.6
1337720 1019.2
1337730 1020.3
1337740 1020.3
1337750 1022.4
1337760 1023.9
1337770 1023.9
1337780 1023.4
1337790 1021.5
1337800 1021.1
1337810 1021.1
1337820 1021.6
1337830 1024.2
1337840 1024.2
1337850 1026.7
1337860 1030.8
1337870 1030.8
1337880 1033.5
1337890 1035.5
1337900 1035.5
1337910 1037.7
1337920 1039.9
1337930 1039.9
1337940 1043.4
1337950 1047.1
1337960 1047.1
1337970 1048.3
1337980 1047.7
1337990 1047.7
1338000 1049.0
1338010 1051.5
1338020 1051.5
1338030 1053.6
1338040 1055.7
1338050 1055.7
1338060 1058.5
1338070 1060.9
1338080 1060.9
1338090 1061.1
1338100 1062.4
1338110 1062.4
1338120 1066.0
1338130 1067.5
1338140 1067.5
1338150 1067.6
1338160 1067.0
1338170 1066.8
1338180 1068.8
1338190 1068.8
1338200 1067.5
1338210 1067.5
1338220 1065.5
1338230 1064.5
1338240 1064.5
1338250 1065.2
1338260 1066.1
1338270 1066.1
1338280 1066.3
1338290 1066.6
1338300 1066.6
1338310 1067.4
1338320 1068.4
1338330 1068.4
1338340 1070.8
1338350 1072.3
1338360 1072.3
1338370 1071.1
1338380 1073.3
1338390 1073.3
1338400 1075.6
1338410 1077.8
1338420 1077.8
1338430 1082.0
1338440 1084.5
1338450 1084.5
1338460 1086.2
1338470 1088.3
1338480 1088.3
1338490 1090.0
1338500 1090.7
1338510 1090.7
1338520 1090.9
1338530 1090.8
1338540 1090.6
1338550 1090.6
1338560 1090.1
1338570 1089.6
1338580 1089.6
1338590 1088.4
1338600 1086.5
1338610 1086.5
1338620 1084.8
1338630 1083.2
1338640 1083.2
1338650 1082.7
1338660 1082.7
1338670 1082.7
1338680 1083.2
1338690 1083.2
1338700 1083.2
1338710 1082.7
1338720 1083.2
1338730 1083.2
1338740 1084.3
1338750 1084.1
1338760 1084.1
1338770 1084.7
1338780 1084.8
1338790 1084.8
1338800 1085.8
1338810 1087.3
1338820 1087.3
1338830 1088.8
1338840 1089.5
1338850 1089.5
1338860 1089.8
1338870 1089.8
1338880 1090.1
1338890 1090.1
1338900 1090.1
1338910 1090.1
1338920 1090.1
1338930 1090.8
1338940 1092.2
1338950 1092.2
1338960 1094.3
1338970 1096.2
1338980 1096.2
1338990 1097.6
1339000 1098.2
1339010 1098.2
1339020 1098.2
1339030 1099.3
1339040 1099.3
1339050 1100.1
1339060 1103.4
1339070 1103.4
1339080 1105.0
1339090 1108.3
1339100 1108.3
1339110 1111.1
1339120 1112.8
1339130 1112.8
1339140 1117.1
1339150 1123.2
1339160 1123.2
1339170 1129.4
1339180 1137.0
1339190 1137.0
1339200 1142.4
1339210 1147.0
1339220 1147.0
1339230 1151.9
1339240 1158.1
1339250 1164.2
1339260 1164.2
1339270 1170.6
1339280 1177.7
1339290 1177.7
1339300 1185.8
1339310 1193.8
1339320 1193.8
1339330 1197.5
1339340 1202.6
1339350 1202.6
1339360 1205.8
1339370 1206.6
1339380 1206.6
1339390 1208.3
1339400 1210.9
1339410 1210.9
1339420 1220.5
1339430 1235.7
1339440 1235.7
1339450 1247.5
1339460 1265.9
1339470 1265.9
1339480 1287.5
1339490 1294.8
1339500 1294.8
1339510 1297.7
1339520 1300.3
1339530 1300.3
1339540 1301.5
1339550 1305.0
1339560 1305.0
1339570 1308.6
1339580 1310.0
1339590 1310.0
1339600 1309.9
1339610 1310.3
1339620 1311.0
1339630 1311.0
1339640 1312.4
1339650 1313.9
1339660 1313.9
1339670 1316.5
1339680 1320.5
1339690 1320.5
1339700 1324.2
1339710 1327.4
1339720 1327.4
1339730 1330.8
1339740 1335.4
1339750 1335.4
1339760 1339.1
1339770 1342.1
1339780 1342.1
1339790 1344.8
1339800 1348.2
1339810 1348.2
1339820 1351.1
1339830 1354.3
1339840 1354.3
1339850 1357.7
1339860 1361.0
1339870 1361.0
1339880 1364.9
1339890 1368.3
1339900 1368.3
1339910 1371.6
1339920 1373.9
1339930 1373.9
1339940 1383.2
1339950 1387.0
1339960 1387.0
1339970 1391.5
1339980 1395.6
1339990 1399.4
