1320000 1223.4
1320010 1223.4
1320020 1227.4
1320030 1231.8
1320040 1231.8
1320050 1236.0
1320060 1240.1
1320070 1240.1
1320080 1244.3
1320090 1248.4
1320100 1248.4
1320110 1250.6
1320120 1251.5
1320130 1251.5
1320140 1252.5
1320150 1254.0
1320160 1254.0
1320170 1254.4
1320180 1254.5
1320190 1254.5
1320200 1254.5
1320210 1253.0
1320220 1253.0
1320230 1250.7
1320240 1248.4
1320250 1248.4
1320260 1246.4
1320270 1245.5
1320280 1245.5
1320290 1244.9
1320300 1244.3
1320310 1243.6
1320320 1243.6
1320330 1242.7
1320340 1240.8
1320350 1240.8
1320360 1236.4
1320370 1232.3
1320380 1232.3
1320390 1229.6
1320400 1226.9
1320410 1226.9
1320420 1224.4
1320430 1224.5
1320440 1224.5
1320450 1225.1
1320460 1224.9
1320470 1224.9
1320480 1224.4
1320490 1223.2
1320500 1223.2
1320510 1221.1
1320520 1218.3
1320530 1218.3
1320540 1215.8
1320550 1213.4
1320560 1213.4
1320570 1210.7
1320580 1208.1
1320590 1208.1
1320600 1206.0
1320610 1206.0
1320620 1206.0
1320630 1205.6
1320640 1203.9
1320650 1203.9
1320660 1201.0
1320670 1197.4
1320680 1194.5
1320690 1194.5
1320700 1187.6
1320710 1181.4
1320720 1181.4
1320730 1178.6
1320740 1177.8
1320750 1177.8
1320760 1176.7
1320770 1173.4
1320780 1173.4
1320790 1170.2
1320800 1169.5
1320810 1169.5
1320820 1167.9
1320830 1165.3
1320840 1165.3
1320850 1162.0
1320860 1158.9
1320870 1158.9
1320880 1154.6
1320890 1148.8
1320900 1148.8
1320910 1142.4
1320920 1136.4
1320930 1136.4
1320940 1131.1
1320950 1128.3
1320960 1128.3
1320970 1127.5
1320980 1125.7
1320990 1125.7
1321000 1121.9
1321010 1117.6
1321020 1117.6
1321030 1114.0
1321040 1111.2
1321050 1108.9
1321060 1108.9
1321070 1106.3
1321080 1103.0
1321090 1103.0
1321100 1099.0
1321110 1095.1
1321120 1095.1
1321130 1092.7
1321140 1091.7
1321150 1091.7
1321160 1091.2
1321170 1088.5
1321180 1088.5
1321190 1085.4
1321200 1082.3
1321210 1082.3
1321220 1077.5
1321230 1074.1
1321240 1074.1
1321250 1072.7
1321260 1071.1
1321270 1071.1
1321280 1069.8
1321290 1068.5
1321300 1068.5
1321310 1066.7
1321320 1065.3
1321330 1065.3
1321340 1063.9
1321350 1061.8
1321360 1061.8
1321370 1058.9
1321380 1055.1
1321390 1055.1
1321400 1051.1
1321410 1047.5
1321420 1044.0
1321430 1044.0
1321440 1039.8
1321450 1034.8
1321460 1035.3
1321470 1030.7
1321480 1026.2
1321490 1026.2
1321500 1022.6
1321510 1018.7
1321520 1018.7
1321530 1015.3
1321540 1011.8
1321550 1011.8
1321560 1007.9
1321570 1001.5
1321580 1001.5
1321590 995.3
1321600 989.7
1321610 989.7
1321620 984.1
1321630 980.9
1321640 980.9
1321650 980.0
1321660 983.0
1321670 983.0
1321680 989.9
1321690 994.5
1321700 994.5
1321710 996.3
1321720 1000.6
1321730 1000.6
1321740 1003.1
1321750 1006.4
1321760 1006.4
1321770 1013.3
1321780 1020.0
1321790 1026.2
1321800 1026.2
1321810 1031.9
1321820 1036.3
1321830 1036.3
1321840 1039.4
1321850 1039.7
1321860 1039.7
1321870 1040.6
1321880 1042.3
1321890 1042.3
1321900 1044.2
1321910 1045.8
1321920 1045.8
1321930 1046.2
1321940 1046.4
1321950 1046.4
1321960 1046.2
1321970 1046.7
1321980 1046.7
1321990 1047.9
1322000 1048.5
1322010 1048.5
1322020 1048.2
1322030 1047.9
1322040 1047.9
1322050 1048.8
1322060 1049.5
1322070 1049.5
1322080 1049.7
1322090 1049.4
1322100 1049.4
1322110 1048.9
1322120 1048.5
1322130 1048.5
1322140 1046.4
1322150 1043.1
1322160 1039.7
1322170 1039.7
1322180 1037.6
1322190 1028.9
1322200 1028.9
1322210 998.3
1322220 983.2
1322230 983.2
1322240 976.8
1322250 965.2
1322260 965.2
1322270 958.6
1322280 951.6
1322290 951.6
1322300 944.7
1322310 938.4
1322320 938.4
1322330 934.6
1322340 931.0
1322350 931.0
1322360 927.2
1322370 923.8
1322380 923.8
1322390 921.2
1322400 919.5
1322410 919.5
1322420 921.8
1322430 923.8
1322440 923.8
1322450 923.8
1322460 921.4
1322470 921.4
1322480 918.4
1322490 914.8
1322500 914.8
1322510 909.8
1322520 904.1
1322530 899.0
1322540 899.0
1322550 894.0
1322560 886.2
1322570 886.2
1322580 869.3
1322590 850.8
1322600 850.8
1322610 834.5
1322620 827.4
1322630 827.4
1322640 824.1
1322650 823.3
1322660 823.3
1322670 821.5
1322680 819.4
1322690 819.4
1322700 822.7
1322710 827.8
1322720 827.8
1322730 827.9
1322740 833.7
1322750 833.7
1322760 840.8
1322770 846.8
1322780 846.8
1322790 851.0
1322800 855.1
1322810 855.1
1322820 859.5
1322830 863.7
1322840 863.7
1322850 859.5
1322860 851.0
1322870 851.0
1322880 847.4
1322890 843.6
1322900 837.3
1322910 837.3
1322920 833.5
1322930 831.7
1322940 831.7
1322950 842.5
1322960 866.0
1322970 866.0
1322980 874.5
1322990 877.2
1323000 877.2
1323010 882.5
1323020 884.4
1323030 884.4
1323040 888.1
1323050 884.8
1323060 884.8
1323070 882.7
1323080 881.8
1323090 881.8
1323100 879.6
1323110 876.1
1323120 876.1
1323130 872.9
1323140 869.4
1323150 869.4
1323160 865.6
1323170 861.5
1323180 861.5
1323190 857.0
1323200 850.0
1323210 850.0
1323220 842.5
1323230 834.3
1323240 826.4
1323250 826.4
1323260 818.8
1323270 812.4
1323280 812.4
1323290 806.4
1323300 799.8
1323310 799.8
1323320 791.3
1323330 780.2
1323340 780.2
1323350 771.1
1323360 763.1
1323370 763.1
1323380 757.9
1323390 753.6
1323400 753.6
1323410 752.2
1323420 753.8
1323430 753.8
1323440 756.3
1323450 759.6
1323460 759.6
1323470 766.1
1323480 773.5
1323490 773.5
1323500 777.9
1323510 785.0
1323520 785.0
1323530 790.5
1323540 798.5
1323550 798.5
1323560 807.0
1323570 814.0
1323580 814.0
1323590 817.3
1323600 822.4
1323610 831.1
1323620 831.1
1323630 840.0
1323640 845.9
1323650 845.9
1323660 852.0
1323670 860.5
1323680 860.5
1323690 873.7
1323700 892.1
1323710 892.1
1323720 910.0
1323730 919.0
1323740 919.0
1323750 926.3
1323760 932.7
1323770 932.7
1323780 937.2
1323790 941.8
1323800 941.8
1323810 947.5
1323820 952.8
1323830 936.1
1323840 939.3
1323850 939.4
1323860 939.4
1323870 934.4
1323880 935.5
1323890 935.5
1323900 952.6
1323910 974.1
1323920 974.1
1323930 988.3
1323940 995.3
1323950 995.3
1323960 1000.8
1323970 1004.0
1323980 1007.2
1323990 1007.2
1324000 1010.1
1324010 1012.7
1324020 1012.7
1324030 1016.4
1324040 1021.4
1324050 1021.4
1324060 1025.5
1324070 1028.8
1324080 1028.8
1324090 1030.8
1324100 1032.4
1324110 1032.4
1324120 1033.7
1324130 1035.7
1324140 1035.7
1324150 1038.3
1324160 1040.6
1324170 1040.6
1324180 1043.1
1324190 1045.6
1324200 1045.6
1324210 1047.7
1324220 1049.8
1324230 1049.8
1324240 1051.2
1324250 1053.0
1324260 1053.0
1324270 1054.6
1324280 1055.2
1324290 1055.2
1324300 1055.6
1324310 1056.0
1324320 1056.0
1324330 1057.0
1324340 1057.9
1324350 1058.9
1324360 1058.9
1324370 1059.9
1324380 1060.2
1324390 1060.2
1324400 1059.9
1324410 1059.4
1324420 1059.4
1324430 1059.7
1324440 1059.5
1324450 1059.5
1324460 1058.9
1324470 1057.9
1324480 1057.9
1324490 1054.5
1324500 1049.9
1324510 1049.9
1324520 1046.1
1324530 1042.0
1324540 1042.0
1324550 1037.9
1324560 1034.5
1324570 1034.5
1324580 1032.2
1324590 1029.8
1324600 1029.8
1324610 1026.2
1324620 1020.9
1324630 1018.2
1324640 1012.6
1324650 1007.3
1324660 1007.3
1324670 1001.6
1324680 994.9
1324690 994.9
1324700 988.3
1324710 982.4
1324720 977.4
1324730 977.4
1324740 972.1
1324750 966.2
1324760 966.2
1324770 960.0
1324780 957.9
1324790 957.9
1324800 962.4
1324810 967.2
1324820 967.2
1324830 971.5
1324840 975.3
1324850 975.3
1324860 979.1
1324870 982.2
1324880 982.2
1324890 984.0
1324900 984.3
1324910 984.3
1324920 982.7
1324930 982.0
1324940 982.0
1324950 982.8
1324960 981.6
1324970 981.6
1324980 975.9
1324990 972.6
1325000 972.6
1325010 969.1
1325020 959.7
1325030 959.7
1325040 954.8
1325050 953.9
1325060 953.9
1325070 955.7
1325080 959.7
1325090 964.5
1325100 964.5
1325110 969.5
1325120 974.6
1325130 974.6
1325140 980.8
1325150 986.8
1325160 986.8
1325170 991.8
1325180 998.3
1325190 998.3
1325200 1005.7
1325210 1012.3
1325220 1012.3
1325230 1017.7
1325240 1023.4
1325250 1023.4
1325260 1037.3
1325270 1047.3
1325280 1047.3
1325290 1053.3
1325300 1057.7
1325310 1057.7
1325320 1061.7
1325330 1066.5
1325340 1066.5
1325350 1071.4
1325360 1076.0
1325370 1076.0
1325380 1080.8
1325390 1085.9
1325400 1085.9
1325410 1091.3
1325420 1096.3
1325430 1096.0
1325440 1100.5
1325450 1105.1
1325460 1110.0
1325470 1110.0
1325480 1115.0
1325490 1120.1
1325500 1120.1
1325510 1125.4
1325520 1131.5
1325530 1131.5
1325540 1136.7
1325550 1141.8
1325560 1141.8
1325570 1148.0
1325580 1155.1
1325590 1155.1
1325600 1161.6
1325610 1167.6
1325620 1167.6
1325630 1173.6
1325640 1180.5
1325650 1180.5
1325660 1187.0
1325670 1194.0
1325680 1194.0
1325690 1200.6
1325700 1207.0
1325710 1207.0
1325720 1213.1
1325730 1219.3
1325740 1219.3
1325750 1225.6
1325760 1231.4
1325770 1231.4
1325780 1236.3
1325790 1241.7
1325800 1241.7
1325810 1247.5
1325820 1252.5
1325830 1257.3
1325840 1257.3
1325850 1262.4
1325860 1266.5
1325870 1266.5
1325880 1272.0
1325890 1277.4
1325900 1277.4
1325910 1280.5
1325920 1283.3
1325930 1283.3
1325940 1286.3
1325950 1288.5
1325960 1288.5
1325970 1288.5
1325980 1288.3
1325990 1288.3
1326000 1287.8
1326010 1282.4
1326020 1282.4
1326030 1277.0
1326040 1272.9
1326050 1272.9
1326060 1270.0
1326070 1266.2
1326080 1266.2
1326090 1262.6
1326100 1261.8
1326110 1261.8
1326120 1260.7
1326130 1253.8
1326140 1253.8
1326150 1245.5
1326160 1238.1
1326170 1238.1
1326180 1230.1
1326190 1223.5
1326200 1221.0
1326210 1221.0
1326220 1224.5
1326230 1228.4
1326240 1221.9
1326250 1224.0
1326260 1224.0
1326270 1224.0
1326280 1222.2
1326290 1223.2
1326300 1223.2
1326310 1227.8
1326320 1230.9
1326330 1230.9
1326340 1231.4
1326350 1230.3
1326360 1230.3
1326370 1226.9
1326380 1223.0
1326390 1223.0
1326400 1222.8
1326410 1223.6
1326420 1223.6
1326430 1220.5
1326440 1214.1
1326450 1214.1
1326460 1208.4
1326470 1204.3
1326480 1204.3
1326490 1201.1
1326500 1199.2
1326510 1199.2
1326520 1198.5
1326530 1196.8
1326540 1196.8
1326550 1193.2
1326560 1189.0
1326570 1182.8
1326580 1182.8
1326590 1176.9
1326600 1171.1
1326610 1171.1
1326620 1164.8
1326630 1158.0
1326640 1158.0
1326650 1150.9
1326660 1142.9
1326670 1142.9
1326680 1135.0
1326690 1125.9
1326700 1125.9
1326710 1115.6
1326720 1106.5
1326730 1106.5
1326740 1097.6
1326750 1083.1
1326760 1083.1
1326770 1066.6
1326780 1054.0
1326790 1054.0
1326800 1039.6
1326810 1040.2
1326820 1040.2
1326830 1037.0
1326840 1028.5
1326850 1028.5
1326860 1017.6
1326870 1006.0
1326880 1006.0
1326890 994.2
1326900 983.1
1326910 983.1
1326920 972.3
1326930 964.6
1326940 962.9
1326950 962.9
1326960 964.8
1326970 956.0
1326980 956.0
1326990 932.2
1327000 915.0
1327010 915.0
1327020 899.7
1327030 876.3
1327040 876.3
1327050 868.8
1327060 863.9
1327070 863.9
1327080 854.6
1327090 845.0
1327100 845.0
1327110 855.4
1327120 872.6
1327130 872.6
1327140 882.4
1327150 888.3
1327160 888.3
1327170 896.0
1327180 905.1
1327190 905.1
1327200 912.8
1327210 920.3
1327220 920.3
1327230 926.7
1327240 931.1
1327250 931.1
1327260 934.0
1327270 937.4
1327280 937.4
1327290 944.1
1327300 952.9
1327310 964.0
1327320 964.0
1327330 973.5
1327340 983.9
1327350 983.9
1327360 998.3
1327370 1017.4
1327380 1017.4
1327390 1028.6
1327400 1033.1
1327410 1033.1
1327420 1041.7
1327430 1049.7
1327440 1049.7
1327450 1056.8
1327460 1063.8
1327470 1063.8
1327480 1070.6
1327490 1077.6
1327500 1077.6
1327510 1084.8
1327520 1091.9
1327530 1091.9
1327540 1099.3
1327550 1106.0
1327560 1106.0
1327570 1111.0
1327580 1116.1
1327590 1116.1
1327600 1121.1
1327610 1126.1
1327620 1126.1
1327630 1131.9
1327640 1138.7
1327650 1138.7
1327660 1146.1
1327670 1152.7
1327680 1158.6
1327690 1158.6
1327700 1164.2
1327710 1170.5
1327720 1170.5
1327730 1177.1
1327740 1184.2
1327750 1184.2
1327760 1191.2
1327770 1198.1
1327780 1198.1
1327790 1205.2
1327800 1212.7
1327810 1212.7
1327820 1220.5
1327830 1227.3
1327840 1227.3
1327850 1234.0
1327860 1240.6
1327870 1241.3
1327880 1247.7
1327890 1253.9
1327900 1253.9
1327910 1260.1
1327920 1266.0
1327930 1266.0
1327940 1271.5
1327950 1276.2
1327960 1276.2
1327970 1281.0
1327980 1285.7
1327990 1285.7
1328000 1290.6
1328010 1295.8
1328020 1295.8
1328030 1300.9
1328040 1305.0
1328050 1308.1
1328060 1308.1
1328070 1311.0
1328080 1312.3
1328090 1312.3
1328100 1309.4
1328110 1305.0
1328120 1305.0
1328130 1301.8
1328140 1301.1
1328150 1301.1
1328160 1302.8
1328170 1305.2
1328180 1305.2
1328190 1308.3
1328200 1312.7
1328210 1312.7
1328220 1316.7
1328230 1320.3
1328240 1320.3
1328250 1323.8
1328260 1325.8
1328270 1325.8
1328280 1325.6
1328290 1323.8
1328300 1323.8
1328310 1319.8
1328320 1314.0
1328330 1314.0
1328340 1308.5
1328350 1302.5
1328360 1302.5
1328370 1297.9
1328380 1294.4
1328390 1294.4
1328400 1291.9
1328410 1289.7
1328420 1286.6
1328430 1286.6
1328440 1282.5
1328450 1277.7
1328460 1277.7
1328470 1271.8
1328480 1266.1
1328490 1266.1
1328500 1261.5
1328510 1258.9
1328520 1258.9
1328530 1257.6
1328540 1257.1
1328550 1257.1
1328560 1257.5
1328570 1258.7
1328580 1258.7
1328590 1262.2
1328600 1265.6
1328610 1265.6
1328620 1266.7
1328630 1265.4
1328640 1265.4
1328650 1262.7
1328660 1257.3
1328670 1257.3
1328680 1245.0
1328690 1241.9
1328700 1241.9
1328710 1241.2
1328720 1241.3
1328730 1241.3
1328740 1241.9
1328750 1243.8
1328760 1243.8
1328770 1246.3
1328780 1251.9
1328790 1259.7
1328800 1259.7
1328810 1266.5
1328820 1272.4
1328830 1272.4
1328840 1279.7
1328850 1288.1
1328860 1288.1
1328870 1295.4
1328880 1302.6
1328890 1302.6
1328900 1309.9
1328910 1315.9
1328920 1315.9
1328930 1318.1
1328940 1317.6
1328950 1317.6
1328960 1317.1
1328970 1313.3
1328980 1313.3
1328990 1305.2
1329000 1298.8
1329010 1298.8
1329020 1292.0
1329030 1284.4
1329040 1284.4
1329050 1279.2
1329060 1275.0
1329070 1275.0
1329080 1272.1
1329090 1269.5
1329100 1269.5
1329110 1267.9
1329120 1270.7
1329130 1270.7
1329140 1276.7
1329150 1283.0
1329160 1288.2
1329170 1288.2
1329180 1291.4
1329190 1294.6
1329200 1294.6
1329210 1297.8
1329220 1300.3
1329230 1300.3
1329240 1304.0
1329250 1309.5
1329260 1309.5
1329270 1314.3
1329280 1318.6
1329290 1318.6
1329300 1322.7
1329310 1326.9
1329320 1326.9
1329330 1330.9
1329340 1334.7
1329350 1334.7
1329360 1337.9
1329370 1341.2
1329380 1341.2
1329390 1343.9
1329400 1346.4
1329410 1346.4
1329420 1347.9
1329430 1349.0
1329440 1349.0
1329450 1351.2
1329460 1353.7
1329470 1353.7
1329480 1355.9
1329490 1357.5
1329500 1357.5
1329510 1366.1
1329520 1367.4
1329530 1369.3
1329540 1369.3
1329550 1371.1
1329560 1373.5
1329570 1373.5
1329580 1375.5
1329590 1379.5
1329600 1379.5
1329610 1384.2
1329620 1389.0
1329630 1389.0
1329640 1393.7
1329650 1398.6
1329660 1398.6
1329670 1403.5
1329680 1408.2
1329690 1408.2
1329700 1413.0
1329710 1417.4
1329720 1417.4
1329730 1421.9
1329740 1426.3
1329750 1426.3
1329760 1430.4
1329770 1433.9
1329780 1433.9
1329790 1436.9
1329800 1441.3
1329810 1441.3
1329820 1445.6
1329830 1449.9
1329840 1449.9
1329850 1454.0
1329860 1457.8
1329870 1457.8
1329880 1461.6
1329890 1465.1
1329900 1468.2
1329910 1468.2
1329920 1471.0
1329930 1473.5
1329940 1473.5
1329950 1475.2
1329960 1477.0
1329970 1477.0
1329980 1479.0
1329990 1480.2
1330000 1480.2
1330010 1481.7
1330020 1484.8
1330030 1484.8
1330040 1485.7
1330050 1485.4
1330060 1485.4
1330070 1486.1
1330080 1487.0
1330090 1487.0
1330100 1487.0
1330110 1487.4
1330120 1487.4
1330130 1486.1
1330140 1483.5
1330150 1483.5
1330160 1483.5
1330170 1485.7
1330180 1485.7
1330190 1486.5
1330200 1486.5
1330210 1486.5
1330220 1484.4
1330230 1483.6
1330240 1483.6
1330250 1483.3
1330260 1482.7
1330270 1481.8
1330280 1481.8
1330290 1480.2
1330300 1480.0
1330310 1480.0
1330320 1480.0
1330330 1479.6
1330340 1485.0
1330350 1483.6
1330360 1483.3
1330370 1483.3
1330380 1483.5
1330390 1484.0
1330400 1484.0
1330410 1485.1
1330420 1486.2
1330430 1486.2
1330440 1487.3
1330450 1488.4
1330460 1488.4
1330470 1489.5
1330480 1491.1
1330490 1491.1
1330500 1492.6
1330510 1494.5
1330520 1494.5
1330530 1496.2
1330540 1497.7
1330550 1497.7
1330560 1499.1
1330570 1500.7
1330580 1500.7
1330590 1501.8
1330600 1503.3
1330610 1503.3
1330620 1505.4
1330630 1507.1
1330640 1508.3
1330650 1508.3
1330660 1509.7
1330670 1510.1
1330680 1510.1
1330690 1511.2
1330700 1512.5
1330710 1512.5
1330720 1513.6
1330730 1513.9
1330740 1513.9
1330750 1513.5
1330760 1513.2
1330770 1513.2
1330780 1512.6
1330790 1511.6
1330800 1511.6
1330810 1511.5
1330820 1511.6
1330830 1511.6
1330840 1511.0
1330850 1510.5
1330860 1510.5
1330870 1508.5
1330880 1505.3
1330890 1505.3
1330900 1500.1
1330910 1495.9
1330920 1495.9
1330930 1494.0
1330940 1490.3
1330950 1490.3
1330960 1484.0
1330970 1478.0
1330980 1478.0
1330990 1474.8
1331000 1473.3
1331010 1470.2
1331020 1470.2
1331030 1461.0
1331040 1452.2
1331050 1452.2
1331060 1444.8
1331070 1438.9
1331080 1438.9
1331090 1433.0
1331100 1424.7
1331110 1424.7
1331120 1415.7
1331130 1408.6
1331140 1408.6
1331150 1408.6
1331160 1410.9
1331170 1399.1
1331180 1397.7
1331190 1391.7
1331200 1391.7
1331210 1380.9
1331220 1376.5
1331230 1376.5
1331240 1377.2
1331250 1378.9
1331260 1378.9
1331270 1376.9
1331280 1375.4
1331290 1375.4
1331300 1376.8
1331310 1379.3
1331320 1379.3
1331330 1383.2
1331340 1388.8
1331350 1388.8
1331360 1392.3
1331370 1389.7
1331380 1381.4
1331390 1381.4
1331400 1372.0
1331410 1359.7
1331420 1359.7
1331430 1344.2
1331440 1332.8
1331450 1332.8
1331460 1321.2
1331470 1303.9
1331480 1303.9
1331490 1289.0
1331500 1283.9
1331510 1283.9
1331520 1281.8
1331530 1278.8
1331540 1278.8
1331550 1272.9
1331560 1266.4
1331570 1266.4
1331580 1260.7
1331590 1255.8
1331600 1255.8
1331610 1251.2
1331620 1246.6
1331630 1246.6
1331640 1242.5
1331650 1237.1
1331660 1237.1
1331670 1229.8
1331680 1219.9
1331690 1219.9
1331700 1210.4
1331710 1201.2
1331720 1195.4
1331730 1195.4
1331740 1198.7
1331750 1205.9
1331760 1205.9
1331770 1212.6
1331780 1219.6
1331790 1219.6
1331800 1230.7
1331810 1240.3
1331820 1240.3
1331830 1248.7
1331840 1256.9
1331850 1256.9
1331860 1264.9
1331870 1272.1
1331880 1272.1
1331890 1277.2
1331900 1282.0
1331910 1282.0
1331920 1281.9
1331930 1278.4
1331940 1278.4
1331950 1279.5
1331960 1279.3
1331970 1279.3
1331980 1276.8
1331990 1269.9
1332000 1269.9
1332010 1260.6
1332020 1260.4
1332030 1260.4
1332040 1262.4
1332050 1263.1
1332060 1263.1
1332070 1263.2
1332080 1262.8
1332090 1262.4
1332100 1262.4
1332110 1262.5
1332120 1262.2
1332130 1262.2
1332140 1261.2
1332150 1259.8
1332160 1259.8
1332170 1257.6
1332180 1253.0
1332190 1253.0
1332200 1247.5
1332210 1243.1
1332220 1243.1
1332230 1237.9
1332240 1231.8
1332250 1231.8
1332260 1228.2
1332270 1231.3
1332280 1231.3
1332290 1234.5
1332300 1238.9
1332310 1238.9
1332320 1246.4
1332330 1256.5
1332340 1256.5
1332350 1264.7
1332360 1272.9
1332370 1272.9
1332380 1279.9
1332390 1285.3
1332400 1285.3
1332410 1290.4
1332420 1295.0
1332430 1295.0
1332440 1302.5
1332450 1309.9
1332460 1317.3
1332470 1317.3
1332480 1320.4
1332490 1325.6
1332500 1325.6
1332510 1330.6
1332520 1335.9
1332530 1335.9
1332540 1339.6
1332550 1343.6
1332560 1343.6
1332570 1348.9
1332580 1354.9
1332590 1354.9
1332600 1360.8
1332610 1367.7
1332620 1367.7
1332630 1372.9
1332640 1377.9
1332650 1377.9
1332660 1385.2
1332670 1393.2
1332680 1393.2
1332690 1398.7
1332700 1403.1
1332710 1403.1
1332720 1406.3
1332730 1411.4
1332740 1411.4
1332750 1416.2
1332760 1422.2
1332770 1422.2
1332780 1428.2
1332790 1433.5
1332800 1433.5
1332810 1438.1
1332820 1442.6
1332830 1446.8
1332840 1446.8
1332850 1452.3
1332860 1454.3
1332870 1454.3
1332880 1454.3
1332890 1457.8
1332900 1457.8
1332910 1462.2
1332920 1465.8
1332930 1465.8
1332940 1468.4
1332950 1470.4
1332960 1470.4
1332970 1470.8
1332980 1471.0
1332990 1471.0
1333000 1470.8
1333010 1469.2
1333020 1469.2
1333030 1464.9
1333040 1459.1
1333050 1459.1
1333060 1454.9
1333070 1454.8
1333080 1454.8
1333090 1452.1
1333100 1448.7
1333110 1448.7
1333120 1445.8
1333130 1443.2
1333140 1443.2
1333150 1440.6
1333160 1436.4
1333170 1436.4
1333180 1428.2
1333190 1421.4
1333200 1418.0
1333210 1418.0
1333220 1415.1
1333230 1414.5
1333240 1414.5
1333250 1413.5
1333260 1407.3
1333270 1407.3
1333280 1401.0
1333290 1396.9
1333300 1396.9
1333310 1391.2
1333320 1387.4
1333330 1387.4
1333340 1385.3
1333350 1382.2
1333360 1382.2
1333370 1376.9
1333380 1373.4
1333390 1373.4
1333400 1371.1
1333410 1369.3
1333420 1369.3
1333430 1367.9
1333440 1364.3
1333450 1364.3
1333460 1359.5
1333470 1353.0
1333480 1353.0
1333490 1345.4
1333500 1338.7
1333510 1338.7
1333520 1332.6
1333530 1327.0
1333540 1327.0
1333550 1324.1
1333560 1318.6
1333570 1310.1
1333580 1310.1
1333590 1302.2
1333600 1294.1
1333610 1294.1
1333620 1282.6
1333630 1274.0
1333640 1274.0
1333650 1267.8
1333660 1262.7
1333670 1262.7
1333680 1257.5
1333690 1251.5
1333700 1249.7
1333710 1243.8
1333720 1237.6
1333730 1237.6
1333740 1231.3
1333750 1225.1
1333760 1225.1
1333770 1219.3
1333780 1214.0
1333790 1214.0
1333800 1209.0
1333810 1204.0
1333820 1204.0
1333830 1198.7
1333840 1193.1
1333850 1193.1
1333860 1188.7
1333870 1185.3
1333880 1185.3
1333890 1181.9
1333900 1178.0
1333910 1178.0
1333920 1174.8
1333930 1171.8
1333940 1168.6
1333950 1168.6
1333960 1165.5
1333970 1162.4
1333980 1162.4
1333990 1159.2
1334000 1155.5
1334010 1155.5
1334020 1152.0
1334030 1148.4
1334040 1148.4
1334050 1144.2
1334060 1139.8
1334070 1139.8
1334080 1134.9
1334090 1129.9
1334100 1129.9
1334110 1125.1
1334120 1120.8
1334130 1120.8
1334140 1116.7
1334150 1112.4
1334160 1112.4
1334170 1108.0
1334180 1103.0
1334190 1103.0
1334200 1097.5
1334210 1092.9
1334220 1092.9
1334230 1088.4
1334240 1083.8
1334250 1083.8
1334260 1079.4
1334270 1074.9
1334280 1074.9
1334290 1070.6
1334300 1066.5
1334310 1062.9
1334320 1062.9
1334330 1058.2
1334340 1054.1
1334350 1054.1
1334360 1052.7
1334370 1051.8
1334380 1051.8
1334390 1051.5
1334400 1050.8
1334410 1050.8
1334420 1050.1
1334430 1049.3
1334440 1049.3
1334450 1048.4
1334460 1047.7
1334470 1047.7
1334480 1047.5
1334490 1047.3
1334500 1047.3
1334510 1047.1
1334520 1046.7
1334530 1046.7
1334540 1045.6
1334550 1044.4
1334560 1044.4
1334570 1044.2
1334580 1044.3
1334590 1044.3
1334600 1047.5
1334610 1054.4
1334620 1054.4
1334630 1059.3
1334640 1059.1
1334650 1059.1
1334660 1055.2
1334670 1047.1
1334680 1040.9
1334690 1040.9
1334700 1037.9
1334710 1035.8
1334720 1035.8
1334730 1034.3
1334740 1031.1
1334750 1031.1
1334760 1029.0
1334770 1026.2
1334780 1026.2
1334790 1023.6
1334800 1022.3
1334810 1022.3
1334820 1023.5
1334830 1028.7
1334840 1028.7
1334850 1032.7
1334860 1035.5
1334870 1035.5
1334880 1038.9
1334890 1043.2
1334900 1043.2
1334910 1046.1
1334920 1047.9
1334930 1047.9
1334940 1050.1
1334950 1053.2
1334960 1053.2
1334970 1057.5
1334980 1062.7
1334990 1062.7
1335000 1066.2
1335010 1069.4
1335020 1069.4
1335030 1072.8
1335040 1076.8
1335050 1081.3
1335060 1081.3
1335070 1086.0
1335080 1090.0
1335090 1090.0
1335100 1094.6
1335110 1099.8
1335120 1099.8
1335130 1104.9
1335140 1109.1
1335150 1109.1
1335160 1114.0
1335170 1119.5
1335180 1119.5
1335190 1124.4
1335200 1129.9
1335210 1129.9
1335220 1136.1
1335230 1142.5
1335240 1142.5
1335250 1149.9
1335260 1157.8
1335270 1157.8
1335280 1166.0
1335290 1174.7
1335300 1174.7
1335310 1182.1
1335320 1190.6
1335330 1190.6
1335340 1197.2
1335350 1201.4
1335360 1201.4
1335370 1205.4
1335380 1209.1
1335390 1209.1
1335400 1215.5
1335410 1215.3
1335420 1214.1
1335430 1214.1
1335440 1212.9
1335450 1213.8
1335460 1213.8
1335470 1214.4
1335480 1213.4
1335490 1213.4
1335500 1212.7
1335510 1211.4
1335520 1211.4
1335530 1209.3
1335540 1206.7
1335550 1206.7
1335560 1203.9
1335570 1200.3
1335580 1200.3
1335590 1197.4
1335600 1192.4
1335610 1192.4
1335620 1186.8
1335630 1182.2
1335640 1182.2
1335650 1176.8
1335660 1170.6
1335670 1170.6
1335680 1164.6
1335690 1159.3
1335700 1159.3
1335710 1155.6
1335720 1148.8
1335730 1148.8
1335740 1141.2
1335750 1136.4
1335760 1136.4
1335770 1133.3
1335780 1129.9
1335790 1126.0
1335800 1126.0
1335810 1121.2
1335820 1117.1
1335830 1117.1
1335840 1113.0
1335850 1108.7
1335860 1108.7
1335870 1104.5
1335880 1100.8
1335890 1100.8
1335900 1097.4
1335910 1094.3
1335920 1094.3
1335930 1091.7
1335940 1088.9
1335950 1088.9
1335960 1086.5
1335970 1083.3
1335980 1083.3
1335990 1080.7
1336000 1079.3
1336010 1079.3
1336020 1075.9
1336030 1071.0
1336040 1071.0
1336050 1068.4
1336060 1067.2
1336070 1067.2
1336080 1065.0
1336090 1062.1
1336100 1062.1
1336110 1059.7
1336120 1057.3
1336130 1057.3
1336140 1054.1
1336150 1051.2
1336160 1049.4
1336170 1049.4
1336180 1047.0
1336190 1042.8
1336200 1042.8
1336210 1038.0
1336220 1034.2
1336230 1034.2
1336240 1030.7
1336250 1027.2
1336260 1027.2
1336270 1023.2
1336280 1020.8
1336290 1020.8
1336300 1019.2
1336310 1017.7
1336320 1017.7
1336330 1015.5
1336340 1012.4
1336350 1012.4
1336360 1008.5
1336370 1004.9
1336380 1004.9
1336390 1001.3
1336400 998.8
1336410 998.8
1336420 996.5
1336430 994.3
1336440 994.3
1336450 992.2
1336460 990.7
1336470 990.7
1336480 989.3
1336490 987.5
1336500 987.5
1336510 985.4
1336520 984.2
1336530 982.7
1336540 982.7
1336550 981.6
1336560 980.9
1336570 980.9
1336580 980.8
1336590 980.6
1336600 980.6
1336610 979.8
1336620 979.0
1336630 979.0
1336640 978.2
1336650 977.1
1336660 977.1
1336670 976.3
1336680 975.3
1336690 975.3
1336700 973.5
1336710 971.7
1336720 971.7
1336730 976.6
1336740 982.9
1336750 982.9
1336760 984.8
1336770 984.5
1336780 984.5
1336790 983.8
1336800 984.4
1336810 984.4
1336820 985.0
1336830 985.8
1336840 985.8
1336850 986.8
1336860 988.8
1336870 988.8
1336880 993.1
1336890 999.2
1336900 1006.3
1336910 1006.3
1336920 1012.1
1336930 1015.5
1336940 1015.5
1336950 1016.2
1336960 1018.2
1336970 1018.2
1336980 1019.8
1336990 1021.0
1337000 1021.0
1337010 1023.4
1337020 1028.4
1337030 1028.4
1337040 1034.5
1337050 1039.0
1337060 1039.0
1337070 1042.9
1337080 1047.0
1337090 1047.0
1337100 1050.7
1337110 1055.4
1337120 1055.4
1337130 1066.4
1337140 1070.8
1337150 1070.8
1337160 1075.1
1337170 1079.1
1337180 1079.1
1337190 1081.9
1337200 1083.4
1337210 1083.4
1337220 1084.6
1337230 1088.6
1337240 1088.6
1337250 1091.5
1337260 1089.8
1337270 1088.3
1337280 1088.3
1337290 1087.4
1337300 1086.5
1337310 1086.5
1337320 1086.7
1337330 1088.4
1337340 1088.4
1337350 1089.2
1337360 1085.7
1337370 1085.7
1337380 1075.4
1337390 1059.6
1337400 1059.6
1337410 1049.9
1337420 1041.3
1337430 1041.3
1337440 1033.4
1337450 1026.5
1337460 1026.5
1337470 1020.3
1337480 1015.8
1337490 1015.8
1337500 1013.7
1337510 1012.2
1337520 1012.2
1337530 1011.0
1337540 1009.8
1337550 1009.8
1337560 1008.8
1337570 1007.4
1337580 1007.4
1337590 1006.0
1337600 1004.5
1337610 1002.7
1337620 1002.7
1337630 1001.0
1337640 999.4
1337650 999.4
1337660 997.5
1337670 995.1
1337680 995.1
1337690 992.5
1337700 990.8
1337710 990.8
1337720 988.6
1337730 985.9
1337740 985.9
1337750 984.4
1337760 982.8
1337770 982.8
1337780 980.5
1337790 978.1
1337800 978.1
1337810 975.0
1337820 971.9
1337830 971.9
1337840 969.0
1337850 966.0
1337860 966.0
1337870 962.3
1337880 958.1
1337890 958.1
1337900 953.8
1337910 949.6
1337920 949.6
1337930 945.5
1337940 941.3
1337950 941.3
1337960 937.0
1337970 932.4
1337980 928.1
1337990 928.1
1338000 920.1
1338010 915.9
1338020 915.9
1338030 910.4
1338040 904.3
1338050 904.3
1338060 896.3
1338070 885.6
1338080 885.6
1338090 877.2
1338100 870.8
1338110 870.8
1338120 862.0
1338130 855.1
1338140 855.1
1338150 854.5
1338160 857.3
1338170 857.3
1338180 853.7
1338190 841.2
1338200 841.2
1338210 824.6
1338220 817.5
1338230 817.5
1338240 816.3
1338250 812.9
1338260 812.9
1338270 810.7
1338280 804.7
1338290 804.7
1338300 805.2
1338310 820.9
1338320 820.9
1338330 827.2
1338340 831.2
1338350 831.8
1338360 831.8
1338370 833.1
1338380 819.6
1338390 819.6
1338400 809.1
1338410 800.7
1338420 800.7
1338430 797.1
1338440 795.8
1338450 795.8
1338460 795.7
1338470 794.4
1338480 794.4
1338490 794.5
1338500 795.5
1338510 795.5
1338520 794.7
1338530 793.9
1338540 793.9
1338550 795.6
1338560 799.2
1338570 799.2
1338580 797.7
1338590 802.0
1338600 802.0
1338610 803.5
1338620 802.3
1338630 802.3
1338640 803.1
1338650 805.5
1338660 805.5
1338670 807.7
1338680 810.0
1338690 810.0
1338700 811.1
1338710 810.0
1338720 808.0
1338730 808.0
1338740 808.4
1338750 811.7
1338760 811.7
1338770 814.2
1338780 818.8
1338790 818.8
1338800 823.6
1338810 828.5
1338820 828.5
1338830 831.8
1338840 831.7
1338850 831.7
1338860 832.1
1338870 835.4
1338880 823.5
1338890 826.1
1338900 827.8
1338910 827.8
1338920 834.1
1338930 837.8
1338940 837.8
1338950 837.6
1338960 839.0
1338970 839.0
1338980 838.5
1338990 838.6
1339000 838.6
1339010 836.8
1339020 835.0
1339030 835.0
1339040 839.4
1339050 843.2
1339060 843.2
1339070 843.9
1339080 845.8
1339090 854.0
1339100 854.0
1339110 855.3
1339120 845.8
1339130 845.8
1339140 836.6
1339150 828.4
1339160 828.4
1339170 818.8
1339180 813.2
1339190 813.2
1339200 812.7
1339210 811.7
1339220 811.7
1339230 814.1
1339240 811.2
1339250 811.2
1339260 803.6
1339270 794.5
1339280 794.5
1339290 789.6
1339300 787.7
1339310 787.7
1339320 781.9
1339330 771.5
1339340 771.5
1339350 767.4
1339360 770.7
1339370 770.7
1339380 781.5
1339390 791.8
1339400 791.8
1339410 802.1
1339420 815.3
1339430 815.3
1339440 829.6
1339450 841.9
1339460 849.2
1339470 849.2
1339480 854.4
1339490 859.3
1339500 859.3
1339510 868.4
1339520 868.4
1339530 868.4
1339540 865.2
1339550 866.6
1339560 866.6
1339570 866.5
1339580 865.2
1339590 865.2
1339600 866.9
1339610 873.4
1339620 873.4
1339630 881.9
1339640 891.0
1339650 891.0
1339660 896.6
1339670 899.4
1339680 899.4
1339690 902.9
1339700 907.1
1339710 907.1
1339720 911.0
1339730 913.3
1339740 913.3
1339750 914.0
1339760 919.2
1339770 919.2
1339780 920.5
1339790 923.1
1339800 923.1
1339810 925.3
1339820 927.1
1339830 929.0
1339840 929.0
1339850 930.6
1339860 932.1
1339870 932.1
1339880 933.1
1339890 934.3
1339900 934.3
1339910 935.7
1339920 936.5
1339930 936.5
1339940 936.4
1339950 936.8
1339960 936.8
1339970 938.1
1339980 939.5
1339990 939.5
