1320000 1216.7
1320010 1211.7
1320020 1208.8
1320030 1208.8
1320040 1204.4
1320050 1202.0
1320060 1202.0
1320070 1197.6
1320080 1192.1
1320090 1192.1
1320100 1195.8
1320110 1201.0
1320120 1201.0
1320130 1201.2
1320140 1200.7
1320150 1200.7
1320160 1198.5
1320170 1194.7
1320180 1190.8
1320190 1190.8
1320200 1185.8
1320210 1180.4
1320220 1180.4
1320230 1177.1
1320240 1173.6
1320250 1173.6
1320260 1170.1
1320270 1166.6
1320280 1166.6
1320290 1162.4
1320300 1158.6
1320310 1158.6
1320320 1155.2
1320330 1151.5
1320340 1151.5
1320350 1146.1
1320360 1139.7
1320370 1139.7
1320380 1134.2
1320390 1129.0
1320400 1129.0
1320410 1124.6
1320420 1119.9
1320430 1119.9
1320440 1115.1
1320450 1109.4
1320460 1109.4
1320470 1102.0
1320480 1094.0
1320490 1094.0
1320500 1086.3
1320510 1079.3
1320520 1079.3
1320530 1073.0
1320540 1063.4
1320550 1062.0
1320560 1062.0
1320570 1069.6
1320580 1076.9
1320590 1076.9
1320600 1083.6
1320610 1090.3
1320620 1090.3
1320630 1096.1
1320640 1100.2
1320650 1100.2
1320660 1102.8
1320670 1105.1
1320680 1105.1
1320690 1107.2
1320700 1109.0
1320710 1109.0
1320720 1110.0
1320730 1109.7
1320740 1109.7
1320750 1102.6
1320760 1101.7
1320770 1101.7
1320780 1100.7
1320790 1100.3
1320800 1100.3
1320810 1100.4
1320820 1100.4
1320830 1100.4
1320840 1100.4
1320850 1100.6
1320860 1100.6
1320870 1100.6
1320880 1100.4
1320890 1100.4
1320900 1100.2
1320910 1098.1
1320920 1096.2
1320930 1096.2
1320940 1094.7
1320950 1092.2
1320960 1092.2
1320970 1087.1
1320980 1080.5
1320990 1080.5
1321000 1073.0
1321010 1063.5
1321020 1063.5
1321030 1052.1
1321040 1046.2
1321050 1046.2
1321060 1055.3
1321070 1062.9
1321080 1062.9
1321090 1068.1
1321100 1073.2
1321110 1073.2
1321120 1078.2
1321130 1081.4
1321140 1081.4
1321150 1083.2
1321160 1084.5
1321170 1084.5
1321180 1085.3
1321190 1086.1
1321200 1086.1
1321210 1087.5
1321220 1089.9
1321230 1089.9
1321240 1092.1
1321250 1094.0
1321260 1094.0
1321270 1095.3
1321280 1096.4
1321290 1096.9
1321300 1096.9
1321310 1097.3
1321320 1098.0
1321330 1098.0
1321340 1099.0
1321350 1101.4
1321360 1101.4
1321370 1104.5
1321380 1107.8
1321390 1107.8
1321400 1110.4
1321410 1113.6
1321420 1113.6
1321430 1117.0
1321440 1120.0
1321450 1120.0
1321460 1122.6
1321470 1125.1
1321480 1125.1
1321490 1127.4
1321500 1129.2
1321510 1129.2
1321520 1130.7
1321530 1128.0
1321540 1128.0
1321550 1129.4
1321560 1130.1
1321570 1130.1
1321580 1130.4
1321590 1130.3
1321600 1130.3
1321610 1130.1
1321620 1129.5
1321630 1129.5
1321640 1128.3
1321650 1126.0
1321660 1123.2
1321670 1123.2
1321680 1121.0
1321690 1119.0
1321700 1119.0
1321710 1118.1
1321720 1117.3
1321730 1117.3
1321740 1115.1
1321750 1111.8
1321760 1111.8
1321770 1108.5
1321780 1105.5
1321790 1105.5
1321800 1102.9
1321810 1100.3
1321820 1100.3
1321830 1097.1
1321840 1092.9
1321850 1092.9
1321860 1090.5
1321870 1090.2
1321880 1090.2
1321890 1088.6
1321900 1087.2
1321910 1087.2
1321920 1086.0
1321930 1084.1
1321940 1084.1
1321950 1082.4
1321960 1080.8
1321970 1080.8
1321980 1080.0
1321990 1078.3
1322000 1078.3
1322010 1077.6
1322020 1075.6
1322030 1072.9
1322040 1072.9
1322050 1070.9
1322060 1070.5
1322070 1070.5
1322080 1071.1
1322090 1072.2
1322100 1072.2
1322110 1072.6
1322120 1071.7
1322130 1071.7
1322140 1070.2
1322150 1068.8
1322160 1068.8
1322170 1067.5
1322180 1066.1
1322190 1066.1
1322200 1064.7
1322210 1063.2
1322220 1063.2
1322230 1061.8
1322240 1060.8
1322250 1060.8
1322260 1059.8
1322270 1058.8
1322280 1058.8
1322290 1057.1
1322300 1054.4
1322310 1054.4
1322320 1049.6
1322330 1045.2
1322340 1045.2
1322350 1042.9
1322360 1039.5
1322370 1039.5
1322380 1034.2
1322390 1028.4
1322400 1021.7
1322410 1021.7
1322420 1016.4
1322430 1011.2
1322440 1011.2
1322450 1005.9
1322460 1000.4
1322470 1000.4
1322480 994.4
1322490 988.6
1322500 988.6
1322510 983.6
1322520 979.4
1322530 979.4
1322540 976.4
1322550 972.9
1322560 972.9
1322570 969.4
1322580 964.5
1322590 964.5
1322600 956.9
1322610 948.5
1322620 948.5
1322630 940.6
1322640 933.5
1322650 933.5
1322660 926.1
1322670 917.2
1322680 917.2
1322690 907.0
1322700 898.7
1322710 898.7
1322720 892.0
1322730 886.0
1322740 886.0
1322750 879.8
1322760 872.0
1322770 865.6
1322780 865.6
1322790 861.1
1322800 850.0
1322810 850.0
1322820 840.7
1322830 825.7
1322840 825.7
1322850 810.5
1322860 791.1
1322870 791.1
1322880 776.4
1322890 768.6
1322900 768.6
1322910 768.0
1322920 765.2
1322930 765.2
1322940 761.4
1322950 758.6
1322960 758.6
1322970 757.9
1322980 758.2
1322990 758.2
1323000 759.1
1323010 759.4
1323020 759.4
1323030 761.5
1323040 768.0
1323050 768.0
1323060 781.0
1323070 793.2
1323080 793.2
1323090 804.2
1323100 820.1
1323110 819.6
1323120 833.1
1323130 841.3
1323140 848.4
1323150 848.4
1323160 854.8
1323170 861.4
1323180 861.4
1323190 868.7
1323200 876.3
1323210 876.3
1323220 883.0
1323230 889.3
1323240 889.3
1323250 895.3
1323260 901.4
1323270 901.4
1323280 907.8
1323290 913.3
1323300 913.3
1323310 917.6
1323320 920.1
1323330 920.1
1323340 920.4
1323350 921.2
1323360 921.2
1323370 923.8
1323380 927.0
1323390 927.0
1323400 930.5
1323410 933.6
1323420 933.6
1323430 936.3
1323440 939.3
1323450 939.3
1323460 943.6
1323470 946.5
1323480 946.5
1323490 949.2
1323500 952.2
1323510 955.4
1323520 955.4
1323530 958.7
1323540 962.1
1323550 962.1
1323560 965.5
1323570 969.2
1323580 969.2
1323590 972.1
1323600 974.8
1323610 974.8
1323620 977.4
1323630 980.2
1323640 980.2
1323650 983.2
1323660 986.4
1323670 986.4
1323680 989.9
1323690 993.4
1323700 993.4
1323710 997.2
1323720 1001.4
1323730 1001.4
1323740 1005.7
1323750 1009.3
1323760 1009.3
1323770 1011.8
1323780 1014.1
1323790 1014.1
1323800 1017.5
1323810 1021.1
1323820 1021.1
1323830 1024.5
1323840 1028.2
1323850 1028.2
1323860 1032.0
1323870 1035.9
1323880 1040.5
1323890 1040.5
1323900 1044.5
1323910 1044.1
1323920 1044.1
1323930 1046.9
1323940 1049.9
1323950 1049.9
1323960 1053.2
1323970 1056.6
1323980 1056.6
1323990 1060.4
1324000 1064.3
1324010 1064.3
1324020 1068.8
1324030 1073.4
1324040 1073.4
1324050 1078.1
1324060 1082.6
1324070 1082.6
1324080 1086.0
1324090 1089.8
1324100 1089.8
1324110 1093.2
1324120 1096.4
1324130 1096.4
1324140 1099.6
1324150 1102.5
1324160 1102.5
1324170 1105.5
1324180 1108.2
1324190 1108.2
1324200 1110.8
1324210 1113.5
1324220 1113.5
1324230 1116.2
1324240 1118.3
1324250 1120.1
1324260 1120.1
1324270 1121.9
1324280 1123.4
1324290 1123.4
1324300 1124.4
1324310 1125.5
1324320 1125.5
1324330 1127.0
1324340 1127.7
1324350 1127.7
1324360 1128.1
1324370 1127.6
1324380 1127.6
1324390 1127.6
1324400 1127.0
1324410 1127.0
1324420 1126.2
1324430 1125.9
1324440 1125.9
1324450 1125.6
1324460 1126.0
1324470 1126.0
1324480 1127.6
1324490 1129.0
1324500 1129.0
1324510 1130.4
1324520 1132.2
1324530 1132.2
1324540 1133.2
1324550 1132.9
1324560 1132.9
1324570 1132.2
1324580 1130.4
1324590 1130.4
1324600 1127.7
1324610 1124.7
1324620 1121.5
1324630 1121.5
1324640 1119.0
1324650 1117.4
1324660 1117.4
1324670 1119.8
1324680 1122.2
1324690 1122.2
1324700 1120.0
1324710 1118.8
1324720 1118.8
1324730 1117.6
1324740 1116.5
1324750 1116.5
1324760 1114.8
1324770 1111.3
1324780 1111.3
1324790 1106.7
1324800 1104.1
1324810 1104.1
1324820 1101.5
1324830 1097.6
1324840 1097.6
1324850 1093.2
1324860 1089.7
1324870 1089.7
1324880 1087.4
1324890 1084.6
1324900 1084.6
1324910 1081.3
1324920 1077.5
1324930 1077.5
1324940 1073.4
1324950 1072.2
1324960 1072.2
1324970 1076.7
1324980 1081.7
1324990 1084.0
1325000 1084.0
1325010 1083.7
1325020 1080.9
1325030 1080.9
1325040 1080.0
1325050 1082.6
1325060 1082.6
1325070 1087.7
1325080 1094.7
1325090 1094.7
1325100 1099.7
1325110 1106.1
1325120 1106.1
1325130 1110.9
1325140 1114.7
1325150 1114.7
1325160 1118.1
1325170 1121.6
1325180 1121.6
1325190 1125.5
1325200 1130.2
1325210 1130.2
1325220 1135.0
1325230 1140.2
1325240 1140.2
1325250 1146.2
1325260 1152.2
1325270 1152.2
1325280 1158.9
1325290 1164.3
1325300 1164.3
1325310 1168.8
1325320 1172.5
1325330 1172.5
1325340 1175.1
1325350 1176.7
1325360 1179.1
1325370 1179.1
1325380 1181.8
1325390 1184.3
1325400 1184.3
1325410 1186.8
1325420 1190.1
1325430 1190.1
1325440 1193.8
1325450 1195.6
1325460 1195.6
1325470 1196.1
1325480 1195.9
1325490 1195.9
1325500 1195.9
1325510 1188.3
1325520 1188.3
1325530 1186.5
1325540 1187.7
1325550 1187.7
1325560 1192.6
1325570 1198.3
1325580 1198.3
1325590 1204.8
1325600 1213.3
1325610 1213.3
1325620 1222.0
1325630 1228.9
1325640 1228.9
1325650 1235.0
1325660 1241.1
1325670 1241.1
1325680 1247.8
1325690 1255.6
1325700 1255.6
1325710 1262.8
1325720 1267.7
1325730 1270.5
1325740 1270.5
1325750 1272.9
1325760 1275.7
1325770 1275.7
1325780 1278.3
1325790 1281.1
1325800 1281.1
1325810 1284.0
1325820 1286.9
1325830 1286.9
1325840 1289.8
1325850 1292.9
1325860 1292.9
1325870 1295.3
1325880 1297.2
1325890 1297.2
1325900 1299.1
1325910 1300.9
1325920 1300.9
1325930 1302.5
1325940 1303.9
1325950 1303.9
1325960 1305.3
1325970 1306.0
1325980 1306.0
1325990 1307.4
1326000 1309.9
1326010 1309.9
1326020 1312.2
1326030 1314.5
1326040 1314.5
1326050 1316.0
1326060 1316.4
1326070 1316.4
1326080 1317.1
1326090 1317.8
1326100 1317.7
1326110 1317.7
1326120 1317.0
1326130 1316.3
1326140 1316.3
1326150 1315.4
1326160 1314.2
1326170 1314.2
1326180 1314.0
1326190 1314.5
1326200 1314.5
1326210 1313.8
1326220 1311.6
1326230 1311.6
1326240 1307.8
1326250 1303.5
1326260 1303.5
1326270 1299.6
1326280 1296.5
1326290 1296.5
1326300 1291.8
1326310 1284.5
1326320 1284.5
1326330 1277.6
1326340 1271.1
1326350 1271.1
1326360 1263.5
1326370 1255.7
1326380 1255.7
1326390 1249.6
1326400 1242.1
1326410 1242.1
1326420 1231.2
1326430 1222.2
1326440 1222.2
1326450 1213.7
1326460 1204.8
1326470 1197.8
1326480 1197.8
1326490 1195.4
1326500 1194.5
1326510 1194.5
1326520 1197.2
1326530 1202.1
1326540 1202.1
1326550 1205.8
1326560 1208.1
1326570 1208.1
1326580 1204.3
1326590 1198.3
1326600 1198.3
1326610 1192.3
1326620 1185.5
1326630 1185.5
1326640 1178.3
1326650 1169.8
1326660 1169.8
1326670 1163.3
1326680 1161.7
1326690 1161.7
1326700 1158.4
1326710 1154.0
1326720 1154.0
1326730 1147.3
1326740 1139.2
1326750 1139.2
1326760 1132.3
1326770 1126.8
1326780 1126.8
1326790 1121.9
1326800 1115.9
1326810 1115.9
1326820 1108.5
1326830 1100.5
1326840 1099.5
1326850 1099.5
1326860 1105.4
1326870 1110.7
1326880 1110.7
1326890 1117.8
1326900 1124.9
1326910 1124.9
1326920 1130.1
1326930 1126.3
1326940 1126.3
1326950 1114.7
1326960 1107.3
1326970 1107.3
1326980 1103.2
1326990 1099.3
1327000 1099.3
1327010 1093.4
1327020 1090.5
1327030 1090.5
1327040 1090.7
1327050 1090.4
1327060 1090.4
1327070 1089.9
1327080 1089.4
1327090 1089.4
1327100 1088.5
1327110 1081.4
1327120 1074.1
1327130 1063.5
1327140 1044.5
1327150 1044.5
1327160 1029.0
1327170 1018.4
1327180 1018.4
1327190 1008.9
1327200 1001.9
1327210 997.3
1327220 997.3
1327230 992.0
1327240 985.6
1327250 985.6
1327260 978.5
1327270 972.0
1327280 972.0
1327290 965.3
1327300 958.5
1327310 958.5
1327320 950.5
1327330 947.8
1327340 947.8
1327350 946.3
1327360 940.9
1327370 940.9
1327380 936.6
1327390 934.2
1327400 934.2
1327410 928.6
1327420 917.1
1327430 917.1
1327440 892.9
1327450 875.6
1327460 875.6
1327470 876.3
1327480 886.1
1327490 886.1
1327500 894.7
1327510 903.4
1327520 903.4
1327530 920.8
1327540 939.5
1327550 939.5
1327560 950.5
1327570 962.6
1327580 972.2
1327590 972.2
1327600 982.1
1327610 994.6
1327620 994.6
1327630 1011.4
1327640 1020.4
1327650 1020.4
1327660 1027.9
1327670 1035.5
1327680 1035.5
1327690 1041.8
1327700 1046.5
1327710 1046.5
1327720 1050.1
1327730 1052.9
1327740 1052.9
1327750 1055.6
1327760 1057.1
1327770 1057.1
1327780 1056.3
1327790 1054.6
1327800 1054.6
1327810 1052.7
1327820 1047.1
1327830 1047.1
1327840 1043.3
1327850 1042.3
1327860 1042.3
1327870 1043.6
1327880 1044.3
1327890 1044.3
1327900 1041.8
1327910 1037.9
1327920 1037.9
1327930 1041.1
1327940 1052.4
1327950 1058.0
1327960 1058.0
1327970 1063.2
1327980 1067.4
1327990 1067.4
1328000 1070.9
1328010 1074.3
1328020 1074.3
1328030 1077.2
1328040 1078.0
1328050 1078.0
1328060 1073.0
1328070 1067.2
1328080 1067.2
1328090 1070.6
1328100 1071.1
1328110 1071.1
1328120 1070.5
1328130 1075.5
1328140 1075.5
1328150 1085.2
1328160 1094.1
1328170 1094.1
1328180 1102.6
1328190 1109.6
1328200 1109.6
1328210 1114.7
1328220 1116.4
1328230 1116.4
1328240 1115.6
1328250 1115.4
1328260 1115.4
1328270 1115.7
1328280 1115.4
1328290 1115.4
1328300 1118.4
1328310 1120.2
1328320 1123.6
1328330 1123.6
1328340 1129.4
1328350 1135.0
1328360 1135.0
1328370 1141.6
1328380 1148.1
1328390 1148.1
1328400 1154.2
1328410 1157.4
1328420 1157.4
1328430 1158.8
1328440 1160.9
1328450 1160.9
1328460 1161.5
1328470 1161.3
1328480 1161.3
1328490 1161.4
1328500 1165.0
1328510 1165.0
1328520 1171.4
1328530 1180.9
1328540 1180.9
1328550 1189.5
1328560 1192.6
1328570 1192.6
1328580 1189.7
1328590 1185.7
1328600 1185.7
1328610 1181.8
1328620 1175.4
1328630 1175.4
1328640 1174.4
1328650 1180.9
1328660 1180.9
1328670 1183.0
1328680 1183.5
1328690 1183.5
1328700 1183.3
1328710 1183.0
1328720 1185.5
1328730 1185.5
1328740 1181.0
1328750 1176.9
1328760 1188.0
1328770 1183.8
1328780 1180.9
1328790 1180.9
1328800 1184.6
1328810 1188.7
1328820 1188.7
1328830 1185.7
1328840 1186.4
1328850 1186.4
1328860 1188.0
1328870 1184.8
1328880 1184.8
1328890 1180.2
1328900 1177.1
1328910 1177.1
1328920 1174.5
1328930 1171.2
1328940 1171.2
1328950 1174.2
1328960 1172.6
1328970 1172.6
1328980 1168.7
1328990 1168.7
1329000 1168.7
1329010 1173.5
1329020 1177.3
1329030 1177.3
1329040 1177.6
1329050 1177.4
1329060 1177.4
1329070 1183.9
1329080 1191.1
1329090 1198.9
1329100 1198.9
1329110 1207.7
1329120 1211.1
1329130 1211.1
1329140 1210.3
1329150 1210.6
1329160 1210.6
1329170 1211.5
1329180 1214.2
1329190 1214.2
1329200 1217.1
1329210 1219.3
1329220 1219.3
1329230 1224.3
1329240 1228.0
1329250 1228.0
1329260 1232.2
1329270 1237.2
1329280 1237.2
1329290 1240.2
1329300 1238.8
1329310 1238.8
1329320 1236.8
1329330 1238.6
1329340 1238.6
1329350 1242.2
1329360 1245.4
1329370 1245.4
1329380 1249.7
1329390 1256.8
1329400 1256.8
1329410 1260.7
1329420 1265.4
1329430 1265.4
1329440 1271.4
1329450 1275.2
1329460 1278.9
1329470 1278.9
1329480 1282.7
1329490 1287.2
1329500 1287.2
1329510 1292.7
1329520 1297.1
1329530 1297.1
1329540 1299.4
1329550 1302.0
1329560 1302.0
1329570 1304.4
1329580 1312.2
1329590 1312.2
1329600 1314.5
1329610 1316.7
1329620 1316.7
1329630 1316.0
1329640 1317.4
1329650 1317.4
1329660 1319.8
1329670 1322.5
1329680 1322.5
1329690 1327.3
1329700 1330.5
1329710 1330.5
1329720 1331.6
1329730 1329.4
1329740 1329.4
1329750 1325.6
1329760 1320.8
1329770 1320.8
1329780 1314.5
1329790 1307.6
1329800 1307.6
1329810 1302.6
1329820 1298.1
1329830 1292.4
1329840 1292.4
1329850 1286.8
1329860 1282.3
1329870 1282.3
1329880 1278.3
1329890 1273.8
1329900 1273.8
1329910 1269.2
1329920 1264.7
1329930 1264.7
1329940 1267.9
1329950 1277.5
1329960 1277.5
1329970 1289.5
1329980 1297.3
1329990 1297.3
1330000 1303.9
1330010 1310.5
1330020 1310.5
1330030 1316.9
1330040 1323.7
1330050 1323.7
1330060 1330.3
1330070 1336.5
1330080 1336.5
1330090 1342.0
1330100 1346.7
1330110 1346.7
1330120 1350.5
1330130 1353.6
1330140 1353.6
1330150 1356.6
1330160 1359.1
1330170 1359.1
1330180 1361.5
1330190 1363.8
1330200 1365.2
1330210 1365.2
1330220 1368.5
1330230 1370.1
1330240 1370.1
1330250 1369.5
1330260 1368.9
1330270 1368.9
1330280 1366.8
1330290 1364.6
1330300 1364.6
1330310 1361.9
1330320 1366.0
1330330 1366.0
1330340 1370.3
1330350 1373.4
1330360 1373.4
1330370 1378.8
1330380 1385.4
1330390 1385.4
1330400 1392.8
1330410 1401.3
1330420 1401.3
1330430 1409.3
1330440 1418.4
1330450 1418.4
1330460 1425.6
1330470 1431.6
1330480 1431.6
1330490 1437.2
1330500 1441.7
1330510 1441.7
1330520 1445.3
1330530 1448.7
1330540 1448.7
1330550 1451.7
1330560 1454.1
1330570 1456.5
1330580 1456.5
1330590 1458.2
1330600 1457.5
1330610 1457.5
1330620 1456.3
1330630 1454.7
1330640 1454.7
1330650 1452.2
1330660 1450.3
1330670 1450.3
1330680 1448.2
1330690 1445.6
1330700 1445.6
1330710 1442.6
1330720 1439.3
1330730 1439.3
1330740 1435.5
1330750 1431.7
1330760 1431.7
1330770 1427.8
1330780 1424.2
1330790 1424.2
1330800 1421.2
1330810 1417.0
1330820 1417.0
1330830 1411.6
1330840 1406.0
1330850 1406.0
1330860 1400.9
1330870 1396.3
1330880 1396.3
1330890 1390.9
1330900 1385.1
1330910 1385.1
1330920 1380.4
1330930 1376.3
1330940 1374.9
1330950 1374.9
1330960 1377.4
1330970 1379.7
1330980 1379.7
1330990 1381.2
1331000 1382.4
1331010 1382.4
1331020 1382.7
1331030 1380.9
1331040 1380.9
1331050 1378.0
1331060 1375.7
1331070 1375.7
1331080 1374.6
1331090 1373.1
1331100 1373.1
1331110 1371.3
1331120 1369.6
1331130 1369.6
1331140 1367.0
1331150 1365.7
1331160 1365.7
1331170 1363.7
1331180 1363.0
1331190 1363.0
1331200 1361.3
1331210 1360.2
1331220 1360.2
1331230 1358.1
1331240 1350.1
1331250 1350.1
1331260 1347.0
1331270 1345.5
1331280 1345.5
1331290 1344.0
1331300 1340.8
1331310 1338.3
1331320 1338.3
1331330 1337.0
1331340 1337.3
1331350 1337.3
1331360 1338.2
1331370 1337.0
1331380 1337.0
1331390 1337.3
1331400 1339.5
1331410 1339.5
1331420 1341.6
1331430 1343.0
1331440 1343.0
1331450 1342.8
1331460 1340.0
1331470 1340.0
1331480 1335.7
1331490 1340.0
1331500 1340.0
1331510 1341.9
1331520 1343.6
1331530 1343.6
1331540 1343.2
1331550 1339.9
1331560 1339.9
1331570 1336.3
1331580 1334.2
1331590 1334.2
1331600 1332.4
1331610 1328.9
1331620 1328.9
1331630 1332.4
1331640 1339.8
1331650 1339.8
1331660 1347.1
1331670 1353.5
1331680 1361.7
1331690 1361.7
1331700 1369.2
1331710 1376.5
1331720 1376.5
1331730 1382.8
1331740 1390.2
1331750 1390.2
1331760 1397.2
1331770 1403.8
1331780 1403.8
1331790 1409.4
1331800 1415.3
1331810 1415.3
1331820 1420.5
1331830 1425.4
1331840 1425.4
1331850 1429.3
1331860 1431.7
1331870 1431.7
1331880 1434.0
1331890 1433.7
1331900 1433.7
1331910 1432.5
1331920 1435.0
1331930 1435.0
1331940 1434.7
1331950 1434.6
1331960 1434.6
1331970 1434.1
1331980 1430.0
1331990 1430.0
1332000 1423.6
1332010 1420.2
1332020 1420.2
1332030 1418.8
1332040 1419.1
1332050 1415.8
1332060 1415.8
1332070 1406.9
1332080 1394.9
1332090 1394.9
1332100 1392.6
1332110 1392.0
1332120 1392.0
1332130 1390.0
1332140 1389.6
1332150 1389.6
1332160 1392.3
1332170 1396.0
1332180 1396.0
1332190 1396.6
1332200 1396.1
1332210 1396.1
1332220 1394.4
1332230 1392.0
1332240 1392.0
1332250 1389.6
1332260 1387.0
1332270 1387.0
1332280 1383.8
1332290 1380.5
1332300 1380.5
1332310 1377.6
1332320 1371.5
1332330 1371.5
1332340 1364.2
1332350 1358.1
1332360 1358.1
1332370 1351.6
1332380 1344.4
1332390 1344.4
1332400 1338.2
1332410 1334.0
1332420 1333.6
1332430 1333.6
1332440 1332.0
1332450 1328.5
1332460 1328.5
1332470 1326.3
1332480 1322.8
1332490 1322.8
1332500 1318.4
1332510 1315.3
1332520 1315.3
1332530 1312.1
1332540 1305.4
1332550 1305.4
1332560 1297.5
1332570 1295.8
1332580 1295.8
1332590 1304.8
1332600 1312.6
1332610 1312.6
1332620 1319.9
1332630 1326.5
1332640 1326.5
1332650 1331.0
1332660 1329.7
1332670 1329.7
1332680 1326.8
1332690 1323.5
1332700 1323.5
1332710 1323.0
1332720 1328.8
1332730 1328.8
1332740 1334.4
1332750 1339.2
1332760 1339.2
1332770 1344.8
1332780 1350.5
1332790 1355.1
1332800 1355.1
1332810 1359.9
1332820 1365.3
1332830 1365.3
1332840 1370.7
1332850 1376.6
1332860 1376.6
1332870 1382.8
1332880 1389.6
1332890 1389.6
1332900 1396.1
1332910 1402.4
1332920 1401.2
1332930 1406.3
1332940 1408.7
1332950 1408.7
1332960 1410.2
1332970 1412.4
1332980 1412.4
1332990 1413.3
1333000 1414.4
1333010 1414.4
1333020 1416.3
1333030 1416.9
1333040 1416.9
1333050 1416.0
1333060 1414.0
1333070 1414.0
1333080 1410.4
1333090 1405.2
1333100 1405.2
1333110 1403.2
1333120 1401.0
1333130 1401.0
1333140 1397.1
1333150 1394.4
1333160 1394.2
1333170 1394.2
1333180 1393.9
1333190 1391.2
1333200 1391.2
1333210 1386.3
1333220 1382.3
1333230 1382.3
1333240 1377.3
1333250 1371.1
1333260 1371.1
1333270 1366.1
1333280 1362.1
1333290 1362.1
1333300 1357.5
1333310 1353.3
1333320 1353.3
1333330 1347.9
1333340 1343.3
1333350 1343.3
1333360 1340.4
1333370 1337.3
1333380 1337.3
1333390 1331.1
1333400 1325.0
1333410 1325.0
1333420 1321.6
1333430 1319.6
1333440 1319.6
1333450 1316.3
1333460 1309.2
1333470 1309.2
1333480 1300.0
1333490 1292.5
1333500 1292.5
1333510 1287.5
1333520 1282.1
1333530 1278.1
1333540 1278.1
1333550 1275.0
1333560 1270.5
1333570 1270.5
1333580 1266.1
1333590 1263.9
1333600 1263.9
1333610 1262.2
1333620 1259.7
1333630 1259.7
1333640 1254.8
1333650 1248.3
1333660 1248.3
1333670 1242.1
1333680 1236.8
1333690 1236.8
1333700 1231.4
1333710 1225.7
1333720 1225.7
1333730 1221.5
1333740 1216.9
1333750 1216.9
1333760 1210.8
1333770 1209.9
1333780 1209.9
1333790 1208.4
1333800 1203.3
1333810 1203.3
1333820 1198.5
1333830 1194.1
1333840 1194.1
1333850 1188.7
1333860 1183.8
1333870 1183.8
1333880 1179.1
1333890 1174.7
1333900 1170.4
1333910 1170.4
1333920 1165.8
1333930 1159.9
1333940 1159.9
1333950 1152.1
1333960 1145.6
1333970 1145.6
1333980 1141.6
1333990 1142.0
1334000 1142.0
1334010 1140.6
1334020 1134.3
1334030 1134.3
1334040 1127.5
1334050 1121.5
1334060 1121.5
1334070 1116.6
1334080 1111.3
1334090 1111.3
1334100 1104.9
1334110 1099.2
1334120 1099.2
1334130 1095.0
1334140 1091.0
1334150 1091.0
1334160 1086.3
1334170 1082.1
1334180 1082.1
1334190 1077.9
1334200 1069.7
1334210 1069.7
1334220 1064.8
1334230 1067.3
1334240 1067.3
1334250 1071.9
1334260 1072.9
1334270 1073.7
1334280 1073.7
1334290 1073.9
1334300 1073.6
1334310 1073.6
1334320 1072.8
1334330 1071.6
1334340 1071.6
1334350 1070.4
1334360 1074.4
1334370 1074.4
1334380 1079.8
1334390 1085.8
1334400 1085.8
1334410 1092.3
1334420 1097.3
1334430 1097.3
1334440 1098.2
1334450 1099.8
1334460 1099.8
1334470 1102.2
1334480 1103.8
1334490 1103.8
1334500 1103.1
1334510 1101.4
1334520 1101.4
1334530 1100.2
1334540 1099.8
1334550 1099.8
1334560 1100.4
1334570 1101.6
1334580 1101.6
1334590 1103.2
1334600 1105.5
1334610 1105.5
1334620 1108.2
1334630 1112.5
1334640 1115.7
1334650 1115.7
1334660 1117.8
1334670 1119.6
1334680 1119.6
1334690 1120.8
1334700 1120.6
1334710 1120.6
1334720 1119.1
1334730 1117.1
1334740 1117.1
1334750 1114.6
1334760 1112.1
1334770 1112.1
1334780 1109.7
1334790 1108.5
1334800 1108.5
1334810 1107.1
1334820 1105.4
1334830 1105.4
1334840 1104.1
1334850 1103.7
1334860 1103.7
1334870 1103.1
1334880 1102.5
1334890 1102.5
1334900 1101.6
1334910 1100.6
1334920 1100.6
1334930 1099.5
1334940 1097.6
1334950 1097.6
1334960 1095.6
1334970 1093.6
1334980 1093.6
1334990 1090.9
1335000 1087.1
1335010 1082.1
1335020 1082.1
1335030 1077.4
1335040 1073.7
1335050 1073.7
1335060 1069.0
1335070 1063.2
1335080 1063.2
1335090 1057.9
1335100 1052.2
1335110 1052.2
1335120 1046.2
1335130 1039.0
1335140 1039.0
1335150 1031.2
1335160 1025.1
1335170 1025.1
1335180 1022.4
1335190 1023.2
1335200 1023.2
1335210 1028.3
1335220 1033.8
1335230 1033.8
1335240 1036.9
1335250 1038.8
1335260 1038.8
1335270 1041.0
1335280 1043.4
1335290 1043.4
1335300 1045.7
1335310 1048.6
1335320 1048.6
1335330 1050.7
1335340 1052.3
1335350 1052.3
1335360 1054.1
1335370 1055.3
1335380 1055.9
1335390 1055.9
1335400 1058.3
1335410 1060.9
1335420 1060.9
1335430 1062.6
1335440 1062.8
1335450 1062.8
1335460 1064.0
1335470 1065.6
1335480 1069.2
1335490 1068.9
1335500 1068.3
1335510 1068.3
1335520 1069.0
1335530 1070.6
1335540 1070.6
1335550 1072.9
1335560 1074.8
1335570 1074.8
1335580 1075.3
1335590 1074.4
1335600 1074.4
1335610 1073.4
1335620 1073.0
1335630 1073.0
1335640 1073.3
1335650 1073.5
1335660 1073.5
1335670 1073.7
1335680 1073.0
1335690 1073.0
1335700 1071.7
1335710 1070.3
1335720 1070.3
1335730 1068.2
1335740 1065.9
1335750 1062.9
1335760 1062.9
1335770 1062.5
1335780 1063.7
1335790 1063.7
1335800 1062.0
1335810 1060.3
1335820 1060.3
1335830 1059.2
1335840 1057.3
1335850 1057.3
1335860 1055.3
1335870 1054.3
1335880 1054.3
1335890 1053.1
1335900 1050.9
1335910 1050.9
1335920 1048.3
1335930 1045.3
1335940 1045.3
1335950 1042.0
1335960 1037.9
1335970 1037.9
1335980 1033.1
1335990 1029.3
1336000 1029.3
1336010 1025.9
1336020 1023.1
1336030 1023.1
1336040 1020.4
1336050 1018.1
1336060 1018.1
1336070 1015.5
1336080 1012.7
1336090 1012.7
1336100 1009.1
1336110 1007.7
1336120 1010.0
1336130 1010.0
1336140 1011.1
1336150 1010.8
1336160 1010.8
1336170 1009.0
1336180 1004.4
1336190 1004.4
1336200 1000.7
1336210 1002.2
1336220 1002.2
1336230 1003.0
1336240 1003.5
1336250 1003.5
1336260 1004.7
1336270 1005.7
1336280 1005.7
1336290 1005.7
1336300 1003.5
1336310 1003.5
1336320 999.7
1336330 993.8
1336340 996.4
1336350 993.5
1336360 993.8
1336370 993.8
1336380 995.7
1336390 995.7
1336400 995.7
1336410 993.2
1336420 991.1
1336430 991.1
1336440 990.1
1336450 990.2
1336460 990.2
1336470 990.0
1336480 989.5
1336490 989.0
1336500 989.0
1336510 989.0
1336520 989.8
1336530 989.8
1336540 990.6
1336550 991.3
1336560 991.3
1336570 991.8
1336580 992.3
1336590 992.3
1336600 992.7
1336610 993.1
1336620 993.1
1336630 993.6
1336640 994.0
1336650 994.0
1336660 994.4
1336670 994.8
1336680 994.8
1336690 995.2
1336700 995.1
1336710 995.1
1336720 995.2
1336730 995.7
1336740 995.7
1336750 995.4
1336760 994.3
1336770 994.3
1336780 998.1
1336790 1001.0
1336800 1001.0
1336810 1001.2
1336820 1002.4
1336830 1002.4
1336840 1002.8
1336850 1002.8
1336860 1002.9
1336870 1002.9
1336880 1003.2
1336890 1002.8
1336900 1002.8
1336910 1004.3
1336920 1005.1
1336930 1005.1
1336940 1009.1
1336950 1012.4
1336960 1012.4
1336970 1014.5
1336980 1016.0
1336990 1016.0
1337000 1018.2
1337010 1021.2
1337020 1021.2
1337030 1024.9
1337040 1028.9
1337050 1028.9
1337060 1032.6
1337070 1037.8
1337080 1037.8
1337090 1044.5
1337100 1052.3
1337110 1052.3
1337120 1058.1
1337130 1062.6
1337140 1062.6
1337150 1066.8
1337160 1071.2
1337170 1071.2
1337180 1074.8
1337190 1078.7
1337200 1078.7
1337210 1082.3
1337220 1088.7
1337230 1095.9
1337240 1095.9
1337250 1101.1
1337260 1105.7
1337270 1105.7
1337280 1111.3
1337290 1117.1
1337300 1117.1
1337310 1121.8
1337320 1126.4
1337330 1126.4
1337340 1131.1
1337350 1135.3
1337360 1135.3
1337370 1139.8
1337380 1143.9
1337390 1143.9
1337400 1147.5
1337410 1151.9
1337420 1151.9
1337430 1156.7
1337440 1161.5
1337450 1161.5
1337460 1165.2
1337470 1167.4
1337480 1167.4
1337490 1168.3
1337500 1167.2
1337510 1167.2
1337520 1163.1
1337530 1159.0
1337540 1159.0
1337550 1158.8
1337560 1159.0
1337570 1159.0
1337580 1156.1
1337590 1153.9
1337600 1153.1
1337610 1153.1
1337620 1152.1
1337630 1149.1
1337640 1149.1
1337650 1144.9
1337660 1142.5
1337670 1142.5
1337680 1140.0
1337690 1138.0
1337700 1138.0
1337710 1135.6
1337720 1133.2
1337730 1133.2
1337740 1130.9
1337750 1128.4
1337760 1128.4
1337770 1125.5
1337780 1122.9
1337790 1122.9
1337800 1120.9
1337810 1119.7
1337820 1119.7
1337830 1119.0
1337840 1118.2
1337850 1118.2
1337860 1115.9
1337870 1113.1
1337880 1113.1
1337890 1113.3
1337900 1113.3
1337910 1113.3
1337920 1112.0
1337930 1110.8
1337940 1110.8
1337950 1109.3
1337960 1107.4
1337970 1105.3
1337980 1105.3
1337990 1102.9
1338000 1099.7
1338010 1099.7
1338020 1095.9
1338030 1092.8
1338040 1092.8
1338050 1089.7
1338060 1087.1
1338070 1087.1
1338080 1083.5
1338090 1080.5
1338100 1080.5
1338110 1077.0
1338120 1073.1
1338130 1073.1
1338140 1069.3
1338150 1065.5
1338160 1065.5
1338170 1062.1
1338180 1058.6
1338190 1058.6
1338200 1054.7
1338210 1050.2
1338220 1050.2
1338230 1046.0
1338240 1042.4
1338250 1042.4
1338260 1040.1
1338270 1038.1
1338280 1038.1
1338290 1036.2
1338300 1032.7
1338310 1032.7
1338320 1028.5
1338330 1024.7
1338340 1020.9
1338350 1020.9
1338360 1019.2
1338370 1018.1
1338380 1018.1
1338390 1016.6
1338400 1014.4
1338410 1014.4
1338420 1013.1
1338430 1011.5
1338440 1011.5
1338450 1007.3
1338460 1002.8
1338470 1002.8
1338480 1000.2
1338490 997.4
1338500 997.4
1338510 998.2
1338520 999.6
1338530 999.6
1338540 998.7
1338550 995.2
1338560 995.2
1338570 995.8
1338580 997.3
1338590 997.3
1338600 996.2
1338610 996.1
1338620 996.1
1338630 996.3
1338640 996.8
1338650 996.8
1338660 995.6
1338670 994.1
1338680 994.1
1338690 993.1
1338700 992.0
1338710 991.0
1338720 991.0
1338730 990.5
1338740 990.0
1338750 990.0
1338760 989.4
1338770 988.4
1338780 988.4
1338790 987.0
1338800 985.7
1338810 985.7
1338820 983.4
1338830 980.8
1338840 980.8
1338850 977.8
1338860 975.3
1338870 975.3
1338880 972.5
1338890 968.7
1338900 968.7
1338910 965.3
1338920 962.8
1338930 962.8
1338940 960.9
1338950 959.6
1338960 958.7
1338970 957.7
1338980 957.1
1338990 957.1
1339000 956.4
1339010 955.3
1339020 955.3
1339030 954.3
1339040 953.4
1339050 953.4
1339060 951.8
1339070 950.0
1339080 948.0
1339090 948.0
1339100 945.8
1339110 943.3
1339120 943.3
1339130 940.3
1339140 936.7
1339150 936.7
1339160 932.9
1339170 928.9
1339180 928.9
1339190 924.6
1339200 920.4
1339210 920.4
1339220 916.7
1339230 913.4
1339240 913.4
1339250 910.9
1339260 908.6
1339270 908.6
1339280 906.3
1339290 904.3
1339300 904.3
1339310 902.2
1339320 898.9
1339330 898.9
1339340 895.0
1339350 892.2
1339360 892.2
1339370 889.6
1339380 886.9
1339390 886.9
1339400 883.0
1339410 874.9
1339420 874.9
1339430 867.5
1339440 865.3
1339450 860.1
1339460 860.1
1339470 851.8
1339480 842.9
1339490 842.9
1339500 833.9
1339510 830.5
1339520 830.5
1339530 830.1
1339540 831.7
1339550 831.7
1339560 832.8
1339570 834.8
1339580 834.8
1339590 834.6
1339600 826.2
1339610 826.2
1339620 816.4
1339630 809.0
1339640 809.0
1339650 802.6
1339660 796.6
1339670 796.6
1339680 790.1
1339690 782.6
1339700 782.6
1339710 773.4
1339720 759.8
1339730 759.8
1339740 750.1
1339750 750.7
1339760 750.7
1339770 758.7
1339780 774.5
1339790 774.5
1339800 783.4
1339810 789.1
1339820 798.2
1339830 798.2
1339840 809.4
1339850 814.5
1339860 814.5
1339870 819.7
1339880 825.1
1339890 825.1
1339900 830.3
1339910 833.0
1339920 833.0
1339930 837.9
1339940 853.8
1339950 853.8
1339960 867.9
1339970 879.9
1339980 879.9
1339990 884.7
