1320000 1379.5
1320010 1384.5
1320020 1384.5
1320030 1389.4
1320040 1394.8
1320050 1394.8
1320060 1399.7
1320070 1404.0
1320080 1404.0
1320090 1407.9
1320100 1410.3
1320110 1411.2
1320120 1411.2
1320130 1412.4
1320140 1414.4
1320150 1414.4
1320160 1416.5
1320170 1418.1
1320180 1418.1
1320190 1419.3
1320200 1420.6
1320210 1420.6
1320220 1422.2
1320230 1423.2
1320240 1423.2
1320250 1422.4
1320260 1420.4
1320270 1420.4
1320280 1419.3
1320290 1419.1
1320300 1419.1
1320310 1419.7
1320320 1419.9
1320330 1419.9
1320340 1420.2
1320350 1420.4
1320360 1420.4
1320370 1420.5
1320380 1421.0
1320390 1421.0
1320400 1421.9
1320410 1421.5
1320420 1421.5
1320430 1419.9
1320440 1417.5
1320450 1417.5
1320460 1415.6
1320470 1414.4
1320480 1412.4
1320490 1412.4
1320500 1410.6
1320510 1408.7
1320520 1408.7
1320530 1405.6
1320540 1402.4
1320550 1402.4
1320560 1399.4
1320570 1397.7
1320580 1397.7
1320590 1396.6
1320600 1396.0
1320610 1396.0
1320620 1395.7
1320630 1395.0
1320640 1395.0
1320650 1394.2
1320660 1392.7
1320670 1392.7
1320680 1390.0
1320690 1388.2
1320700 1388.2
1320710 1387.4
1320720 1385.5
1320730 1385.5
1320740 1383.5
1320750 1382.3
1320760 1382.3
1320770 1379.8
1320780 1377.9
1320790 1377.9
1320800 1376.6
1320810 1374.4
1320820 1374.4
1320830 1372.1
1320840 1369.7
1320850 1368.0
1320860 1368.0
1320870 1368.6
1320880 1368.8
1320890 1368.8
1320900 1368.3
1320910 1366.9
1320920 1366.9
1320930 1365.8
1320940 1365.2
1320950 1365.2
1320960 1364.5
1320970 1364.8
1320980 1364.8
1320990 1366.1
1321000 1367.7
1321010 1367.7
1321020 1369.1
1321030 1369.7
1321040 1369.7
1321050 1370.3
1321060 1370.9
1321070 1370.9
1321080 1370.5
1321090 1369.5
1321100 1369.5
1321110 1368.6
1321120 1368.0
1321130 1368.0
1321140 1367.2
1321150 1365.1
1321160 1365.1
1321170 1361.6
1321180 1358.7
1321190 1358.7
1321200 1355.0
1321210 1351.9
1321220 1350.0
1321230 1350.0
1321240 1349.1
1321250 1347.4
1321260 1347.4
1321270 1345.2
1321280 1342.5
1321290 1342.5
1321300 1339.1
1321310 1336.3
1321320 1336.3
1321330 1334.2
1321340 1331.3
1321350 1331.3
1321360 1327.3
1321370 1323.7
1321380 1323.7
1321390 1321.0
1321400 1318.2
1321410 1318.2
1321420 1314.2
1321430 1309.1
1321440 1309.1
1321450 1304.6
1321460 1300.7
1321470 1300.7
1321480 1296.3
1321490 1283.2
1321500 1283.2
1321510 1272.1
1321520 1263.5
1321530 1263.5
1321540 1255.6
1321550 1247.9
1321560 1247.9
1321570 1241.0
1321580 1233.8
1321590 1233.8
1321600 1226.1
1321610 1217.6
1321620 1209.8
1321630 1209.8
1321640 1202.9
1321650 1196.0
1321660 1196.0
1321670 1186.0
1321680 1175.7
1321690 1175.7
1321700 1167.5
1321710 1161.0
1321720 1161.0
1321730 1154.9
1321740 1148.4
1321750 1148.4
1321760 1141.8
1321770 1135.0
1321780 1135.0
1321790 1127.7
1321800 1120.0
1321810 1120.0
1321820 1112.5
1321830 1105.7
1321840 1105.7
1321850 1098.4
1321860 1091.5
1321870 1091.5
1321880 1085.4
1321890 1081.3
1321900 1081.3
1321910 1079.0
1321920 1075.3
1321930 1075.3
1321940 1070.2
1321950 1064.1
1321960 1064.1
1321970 1057.4
1321980 1051.2
1321990 1045.8
1322000 1045.8
1322010 1040.3
1322020 1035.2
1322030 1035.2
1322040 1029.9
1322050 1023.7
1322060 1023.7
1322070 1016.5
1322080 1009.5
1322090 1009.5
1322100 1003.1
1322110 997.2
1322120 997.2
1322130 992.1
1322140 986.2
1322150 986.2
1322160 979.3
1322170 972.9
1322180 972.9
1322190 966.9
1322200 961.2
1322210 961.2
1322220 955.9
1322230 950.4
1322240 950.4
1322250 944.1
1322260 944.1
1322270 944.1
1322280 937.2
1322290 929.9
1322300 929.9
1322310 923.5
1322320 916.9
1322330 916.9
1322340 911.0
1322350 906.5
1322360 903.2
1322370 903.2
1322380 898.9
1322390 893.6
1322400 893.6
1322410 886.7
1322420 876.8
1322430 876.8
1322440 867.4
1322450 858.2
1322460 858.2
1322470 849.2
1322480 840.9
1322490 840.9
1322500 833.0
1322510 825.6
1322520 825.6
1322530 817.9
1322540 809.0
1322550 809.0
1322560 800.5
1322570 791.8
1322580 791.8
1322590 781.7
1322600 771.9
1322610 771.9
1322620 769.3
1322630 769.3
1322640 769.3
1322650 769.1
1322660 769.3
1322670 769.3
1322680 769.8
1322690 770.2
1322700 770.2
1322710 772.4
1322720 777.0
1322730 783.3
1322740 783.3
1322750 790.5
1322760 797.1
1322770 797.1
1322780 803.5
1322790 812.1
1322800 812.1
1322810 823.2
1322820 832.7
1322830 832.7
1322840 841.4
1322850 849.1
1322860 849.1
1322870 855.0
1322880 862.3
1322890 862.3
1322900 872.1
1322910 880.8
1322920 880.8
1322930 888.4
1322940 895.9
1322950 895.9
1322960 904.2
1322970 912.2
1322980 912.2
1322990 919.7
1323000 926.0
1323010 926.0
1323020 932.4
1323030 939.6
1323040 939.6
1323050 941.2
1323060 945.8
1323070 945.8
1323080 948.9
1323090 952.6
1323100 957.1
1323110 957.1
1323120 961.8
1323130 966.0
1323140 966.0
1323150 970.1
1323160 974.8
1323170 974.8
1323180 980.0
1323190 986.2
1323200 986.2
1323210 992.7
1323220 999.4
1323230 999.4
1323240 1005.8
1323250 1010.9
1323260 1010.9
1323270 1015.0
1323280 1018.9
1323290 1018.9
1323300 1023.1
1323310 1027.7
1323320 1027.7
1323330 1032.6
1323340 1037.3
1323350 1037.3
1323360 1041.2
1323370 1044.1
1323380 1044.1
1323390 1046.0
1323400 1046.4
1323410 1046.4
1323420 1046.0
1323430 1044.1
1323440 1044.1
1323450 1041.8
1323460 1039.7
1323470 1037.4
1323480 1037.4
1323490 1034.4
1323500 1031.2
1323510 1031.2
1323520 1027.8
1323530 1024.5
1323540 1024.5
1323550 1020.9
1323560 1017.6
1323570 1017.6
1323580 1014.9
1323590 1013.2
1323600 1013.2
1323610 1013.0
1323620 1012.0
1323630 1012.0
1323640 1010.0
1323650 1007.5
1323660 1007.5
1323670 1005.0
1323680 1003.1
1323690 1003.1
1323700 1001.4
1323710 1000.2
1323720 1000.2
1323730 999.0
1323740 998.2
1323750 998.2
1323760 998.0
1323770 996.8
1323780 996.8
1323790 994.7
1323800 993.7
1323810 993.7
1323820 992.6
1323830 993.2
1323840 993.2
1323850 991.3
1323860 991.5
1323870 992.8
1323880 992.8
1323890 993.9
1323900 994.5
1323910 994.5
1323920 995.3
1323930 995.9
1323940 995.9
1323950 996.6
1323960 998.2
1323970 998.2
1323980 997.8
1323990 995.9
1324000 995.9
1324010 995.9
1324020 996.2
1324030 996.2
1324040 996.1
1324050 996.3
1324060 996.3
1324070 996.9
1324080 997.6
1324090 997.6
1324100 998.3
1324110 999.1
1324120 999.1
1324130 999.5
1324140 1000.1
1324150 1000.1
1324160 1001.4
1324170 1003.5
1324180 1003.5
1324190 1003.9
1324200 1002.5
1324210 1002.5
1324220 1000.4
1324230 997.9
1324240 995.1
1324250 995.1
1324260 991.9
1324270 989.0
1324280 989.0
1324290 985.7
1324300 983.1
1324310 983.1
1324320 979.1
1324330 978.5
1324340 978.5
1324350 974.5
1324360 967.9
1324370 967.9
1324380 962.8
1324390 957.7
1324400 957.7
1324410 957.0
1324420 959.1
1324430 959.1
1324440 960.5
1324450 963.9
1324460 963.9
1324470 968.7
1324480 972.1
1324490 972.1
1324500 972.8
1324510 972.6
1324520 972.6
1324530 973.9
1324540 978.4
1324550 978.4
1324560 986.2
1324570 993.5
1324580 993.5
1324590 997.0
1324600 1000.5
1324610 1004.3
1324620 1004.3
1324630 1008.0
1324640 1011.7
1324650 1010.2
1324660 1014.0
1324670 1017.9
1324680 1017.9
1324690 1021.2
1324700 1024.9
1324710 1024.9
1324720 1030.2
1324730 1035.3
1324740 1035.3
1324750 1039.0
1324760 1042.7
1324770 1042.7
1324780 1046.8
1324790 1051.2
1324800 1051.2
1324810 1055.4
1324820 1059.2
1324830 1059.2
1324840 1062.8
1324850 1066.6
1324860 1066.6
1324870 1070.9
1324880 1075.1
1324890 1075.1
1324900 1079.1
1324910 1083.0
1324920 1083.0
1324930 1086.5
1324940 1090.4
1324950 1090.4
1324960 1093.1
1324970 1092.7
1324980 1094.6
1324990 1094.6
1325000 1096.9
1325010 1097.3
1325020 1097.3
1325030 1101.3
1325040 1106.0
1325050 1106.0
1325060 1112.3
1325070 1114.4
1325080 1114.4
1325090 1115.8
1325100 1118.7
1325110 1118.7
1325120 1123.3
1325130 1128.1
1325140 1128.1
1325150 1134.4
1325160 1141.1
1325170 1141.1
1325180 1147.0
1325190 1152.8
1325200 1152.8
1325210 1158.4
1325220 1164.3
1325230 1164.3
1325240 1169.2
1325250 1175.0
1325260 1175.0
1325270 1179.8
1325280 1185.4
1325290 1185.4
1325300 1192.7
1325310 1199.2
1325320 1199.2
1325330 1204.5
1325340 1207.3
1325350 1207.8
1325360 1207.8
1325370 1214.1
1325380 1219.9
1325390 1219.9
1325400 1221.3
1325410 1221.4
1325420 1221.4
1325430 1225.3
1325440 1232.6
1325450 1237.2
1325460 1246.5
1325470 1252.3
1325480 1252.3
1325490 1255.7
1325500 1258.1
1325510 1258.1
1325520 1261.6
1325530 1265.7
1325540 1265.7
1325550 1268.7
1325560 1272.7
1325570 1272.7
1325580 1277.1
1325590 1281.2
1325600 1281.2
1325610 1286.3
1325620 1292.4
1325630 1292.4
1325640 1297.8
1325650 1304.5
1325660 1304.5
1325670 1312.6
1325680 1319.4
1325690 1319.4
1325700 1326.0
1325710 1332.2
1325720 1332.2
1325730 1337.9
1325740 1344.1
1325750 1349.9
1325760 1349.9
1325770 1354.6
1325780 1359.2
1325790 1359.2
1325800 1364.1
1325810 1368.1
1325820 1368.1
1325830 1371.7
1325840 1374.7
1325850 1374.7
1325860 1377.5
1325870 1380.6
1325880 1380.6
1325890 1383.8
1325900 1386.9
1325910 1386.9
1325920 1389.6
1325930 1391.6
1325940 1391.6
1325950 1393.4
1325960 1395.5
1325970 1395.5
1325980 1397.7
1325990 1399.3
1326000 1399.3
1326010 1400.4
1326020 1402.0
1326030 1402.0
1326040 1403.6
1326050 1404.8
1326060 1404.8
1326070 1405.8
1326080 1407.1
1326090 1407.1
1326100 1408.4
1326110 1408.8
1326120 1407.5
1326130 1407.5
1326140 1406.9
1326150 1407.0
1326160 1407.0
1326170 1406.7
1326180 1405.4
1326190 1405.4
1326200 1403.3
1326210 1401.8
1326220 1401.8
1326230 1400.7
1326240 1400.6
1326250 1400.6
1326260 1399.8
1326270 1403.5
1326280 1403.5
1326290 1406.7
1326300 1409.6
1326310 1409.6
1326320 1412.1
1326330 1413.9
1326340 1413.9
1326350 1415.2
1326360 1416.2
1326370 1416.2
1326380 1415.6
1326390 1413.6
1326400 1413.6
1326410 1412.0
1326420 1410.0
1326430 1410.0
1326440 1408.7
1326450 1406.2
1326460 1406.2
1326470 1403.7
1326480 1407.1
1326490 1413.6
1326500 1413.6
1326510 1418.0
1326520 1421.2
1326530 1421.2
1326540 1424.4
1326550 1427.4
1326560 1427.4
1326570 1429.0
1326580 1430.5
1326590 1430.5
1326600 1432.2
1326610 1433.9
1326620 1433.9
1326630 1435.1
1326640 1436.1
1326650 1436.1
1326660 1437.2
1326670 1437.6
1326680 1437.6
1326690 1436.8
1326700 1435.6
1326710 1435.6
1326720 1434.4
1326730 1433.3
1326740 1433.3
1326750 1432.5
1326760 1432.1
1326770 1432.1
1326780 1433.1
1326790 1435.8
1326800 1435.8
1326810 1439.9
1326820 1443.5
1326830 1443.5
1326840 1446.9
1326850 1450.6
1326860 1454.2
1326870 1454.2
1326880 1457.0
1326890 1458.9
1326900 1458.9
1326910 1459.6
1326920 1460.3
1326930 1460.3
1326940 1460.7
1326950 1461.1
1326960 1461.1
1326970 1461.6
1326980 1462.0
1326990 1462.0
1327000 1462.5
1327010 1461.9
1327020 1461.9
1327030 1460.9
1327040 1459.4
1327050 1459.4
1327060 1457.9
1327070 1449.4
1327080 1449.4
1327090 1446.1
1327100 1443.1
1327110 1443.1
1327120 1439.8
1327130 1436.9
1327140 1436.9
1327150 1434.1
1327160 1432.3
1327170 1432.3
1327180 1432.8
1327190 1432.5
1327200 1432.5
1327210 1433.0
1327220 1436.5
1327230 1439.8
1327240 1439.8
1327250 1443.4
1327260 1445.6
1327270 1445.6
1327280 1447.4
1327290 1448.1
1327300 1448.1
1327310 1448.6
1327320 1449.1
1327330 1449.1
1327340 1448.5
1327350 1446.9
1327360 1446.9
1327370 1443.2
1327380 1436.6
1327390 1436.6
1327400 1430.1
1327410 1425.6
1327420 1425.6
1327430 1426.8
1327440 1432.6
1327450 1432.6
1327460 1437.0
1327470 1440.8
1327480 1440.8
1327490 1444.3
1327500 1446.5
1327510 1446.5
1327520 1445.9
1327530 1443.4
1327540 1443.4
1327550 1440.8
1327560 1440.4
1327570 1440.4
1327580 1441.7
1327590 1442.6
1327600 1442.0
1327610 1442.0
1327620 1442.7
1327630 1445.5
1327640 1445.5
1327650 1451.6
1327660 1458.4
1327670 1458.4
1327680 1464.2
1327690 1469.1
1327700 1469.1
1327710 1473.9
1327720 1478.5
1327730 1478.5
1327740 1482.9
1327750 1487.0
1327760 1487.0
1327770 1490.2
1327780 1492.0
1327790 1492.0
1327800 1492.2
1327810 1490.3
1327820 1490.3
1327830 1486.6
1327840 1483.8
1327850 1483.8
1327860 1481.4
1327870 1479.6
1327880 1473.4
1327890 1471.2
1327900 1468.7
1327910 1468.7
1327920 1462.7
1327930 1456.4
1327940 1456.4
1327950 1453.3
1327960 1452.4
1327970 1452.4
1327980 1451.8
1327990 1449.4
1328000 1445.8
1328010 1445.8
1328020 1446.5
1328030 1446.4
1328040 1446.4
1328050 1444.1
1328060 1443.3
1328070 1443.3
1328080 1443.5
1328090 1444.5
1328100 1444.5
1328110 1449.5
1328120 1455.4
1328130 1455.4
1328140 1464.0
1328150 1468.5
1328160 1468.5
1328170 1467.9
1328180 1469.5
1328190 1469.5
1328200 1467.3
1328210 1459.0
1328220 1459.0
1328230 1448.2
1328240 1436.3
1328250 1436.3
1328260 1426.8
1328270 1429.0
1328280 1429.0
1328290 1426.4
1328300 1421.8
1328310 1421.8
1328320 1420.0
1328330 1418.4
1328340 1418.4
1328350 1412.7
1328360 1399.5
1328370 1400.7
1328380 1400.7
1328390 1412.0
1328400 1423.7
1328410 1423.7
1328420 1435.1
1328430 1444.5
1328440 1444.5
1328450 1447.6
1328460 1447.5
1328470 1447.5
1328480 1448.5
1328490 1447.7
1328500 1447.7
1328510 1436.0
1328520 1419.5
1328530 1419.5
1328540 1407.2
1328550 1398.9
1328560 1398.9
1328570 1396.1
1328580 1396.2
1328590 1396.2
1328600 1392.0
1328610 1393.1
1328620 1393.1
1328630 1402.9
1328640 1410.3
1328650 1410.3
1328660 1418.9
1328670 1423.6
1328680 1423.6
1328690 1421.4
1328700 1415.8
1328710 1415.8
1328720 1409.4
1328730 1400.9
1328740 1392.3
1328750 1392.3
1328760 1390.4
1328770 1393.1
1328780 1393.1
1328790 1392.1
1328800 1391.7
1328810 1391.7
1328820 1396.2
1328830 1404.9
1328840 1404.9
1328850 1412.0
1328860 1418.0
1328870 1418.0
1328880 1423.5
1328890 1424.9
1328900 1424.9
1328910 1419.8
1328920 1406.0
1328930 1406.0
1328940 1401.1
1328950 1400.9
1328960 1400.9
1328970 1402.1
1328980 1398.5
1328990 1398.5
1329000 1398.6
1329010 1397.1
1329020 1397.1
1329030 1395.7
1329040 1394.2
1329050 1394.2
1329060 1395.6
1329070 1396.4
1329080 1396.4
1329090 1396.7
1329100 1395.7
1329110 1390.0
1329120 1390.0
1329130 1385.2
1329140 1381.8
1329150 1381.8
1329160 1384.4
1329170 1387.4
1329180 1387.4
1329190 1386.6
1329200 1378.7
1329210 1378.7
1329220 1368.7
1329230 1362.0
1329240 1362.0
1329250 1372.6
1329260 1383.0
1329270 1383.0
1329280 1384.7
1329290 1382.2
1329300 1382.2
1329310 1378.0
1329320 1378.4
1329330 1378.4
1329340 1386.7
1329350 1390.1
1329360 1390.1
1329370 1404.7
1329380 1420.2
1329390 1420.2
1329400 1427.6
1329410 1433.2
1329420 1433.2
1329430 1436.1
1329440 1438.7
1329450 1438.7
1329460 1448.7
1329470 1459.6
1329480 1468.7
1329490 1468.7
1329500 1475.1
1329510 1472.5
1329520 1458.1
1329530 1454.7
1329540 1453.9
1329550 1453.9
1329560 1455.3
1329570 1463.0
1329580 1463.0
1329590 1473.0
1329600 1482.1
1329610 1482.1
1329620 1489.6
1329630 1497.8
1329640 1497.8
1329650 1505.4
1329660 1511.9
1329670 1511.9
1329680 1516.5
1329690 1518.4
1329700 1518.4
1329710 1523.2
1329720 1529.3
1329730 1529.3
1329740 1533.8
1329750 1539.5
1329760 1539.5
1329770 1546.2
1329780 1553.4
1329790 1553.4
1329800 1560.4
1329810 1565.7
1329820 1565.7
1329830 1569.8
1329840 1572.8
1329850 1574.0
1329860 1574.0
1329870 1572.1
1329880 1567.5
1329890 1567.5
1329900 1562.9
1329910 1558.6
1329920 1558.6
1329930 1555.7
1329940 1554.1
1329950 1554.1
1329960 1552.8
1329970 1553.3
1329980 1553.3
1329990 1557.1
1330000 1562.4
1330010 1562.4
1330020 1566.7
1330030 1571.0
1330040 1571.0
1330050 1575.1
1330060 1578.8
1330070 1578.8
1330080 1580.4
1330090 1578.2
1330100 1578.2
1330110 1572.7
1330120 1567.8
1330130 1567.8
1330140 1565.7
1330150 1566.2
1330160 1566.2
1330170 1564.2
1330180 1561.6
1330190 1561.6
1330200 1559.4
1330210 1557.0
1330220 1557.0
1330230 1557.0
1330240 1559.8
1330250 1563.3
1330260 1563.3
1330270 1568.2
1330280 1574.3
1330290 1574.3
1330300 1580.0
1330310 1585.5
1330320 1585.5
1330330 1591.2
1330340 1597.0
1330350 1595.7
1330360 1601.4
1330370 1606.5
1330380 1606.5
1330390 1610.8
1330400 1614.1
1330410 1614.1
1330420 1615.9
1330430 1615.8
1330440 1615.8
1330450 1613.9
1330460 1611.7
1330470 1611.7
1330480 1610.3
1330490 1612.2
1330500 1612.2
1330510 1615.5
1330520 1619.7
1330530 1619.7
1330540 1624.4
1330550 1629.1
1330560 1629.1
1330570 1633.1
1330580 1635.9
1330590 1635.9
1330600 1638.8
1330610 1641.4
1330620 1642.9
1330630 1642.9
1330640 1644.1
1330650 1645.1
1330660 1645.1
1330670 1645.6
1330680 1645.6
1330690 1645.6
1330700 1644.3
1330710 1641.1
1330720 1641.1
1330730 1638.2
1330740 1639.2
1330750 1639.2
1330760 1639.9
1330770 1639.7
1330780 1639.7
1330790 1640.8
1330800 1640.7
1330810 1640.7
1330820 1639.1
1330830 1635.9
1330840 1635.9
1330850 1631.4
1330860 1627.0
1330870 1627.0
1330880 1621.8
1330890 1614.8
1330900 1614.8
1330910 1607.1
1330920 1600.7
1330930 1600.7
1330940 1594.8
1330950 1590.5
1330960 1590.5
1330970 1587.1
1330980 1583.0
1330990 1579.5
1331000 1579.5
1331010 1576.8
1331020 1573.7
1331030 1573.7
1331040 1568.6
1331050 1566.5
1331060 1566.5
1331070 1566.3
1331080 1567.5
1331090 1567.5
1331100 1569.3
1331110 1571.0
1331120 1571.0
1331130 1573.5
1331140 1575.6
1331150 1575.6
1331160 1577.1
1331170 1578.4
1331180 1576.1
1331190 1578.5
1331200 1580.7
1331210 1580.7
1331220 1581.7
1331230 1582.1
1331240 1582.1
1331250 1578.9
1331260 1573.8
1331270 1573.8
1331280 1569.2
1331290 1564.9
1331300 1564.9
1331310 1561.5
1331320 1559.2
1331330 1559.2
1331340 1558.5
1331350 1557.6
1331360 1560.9
1331370 1560.9
1331380 1563.5
1331390 1565.7
1331400 1565.7
1331410 1567.9
1331420 1570.1
1331430 1570.1
1331440 1572.5
1331450 1575.5
1331460 1575.5
1331470 1577.3
1331480 1578.0
1331490 1578.0
1331500 1578.9
1331510 1580.4
1331520 1580.4
1331530 1581.7
1331540 1583.5
1331550 1583.5
1331560 1587.4
1331570 1591.9
1331580 1591.9
1331590 1597.4
1331600 1603.0
1331610 1603.0
1331620 1608.7
1331630 1614.5
1331640 1614.5
1331650 1620.6
1331660 1626.5
1331670 1626.5
1331680 1630.9
1331690 1635.1
1331700 1635.1
1331710 1640.0
1331720 1644.4
1331730 1648.4
1331740 1648.4
1331750 1652.3
1331760 1655.9
1331770 1655.9
1331780 1658.9
1331790 1661.6
1331800 1661.6
1331810 1664.4
1331820 1667.8
1331830 1667.8
1331840 1672.2
1331850 1676.6
1331860 1676.6
1331870 1680.6
1331880 1684.7
1331890 1684.7
1331900 1688.6
1331910 1692.3
1331920 1692.3
1331930 1695.7
1331940 1698.6
1331950 1698.6
1331960 1700.6
1331970 1702.0
1331980 1702.0
1331990 1703.1
1332000 1702.0
1332010 1702.0
1332020 1692.4
1332030 1694.2
1332040 1694.2
1332050 1695.2
1332060 1695.7
1332070 1695.7
1332080 1693.8
1332090 1693.7
1332100 1692.2
1332110 1692.2
1332120 1685.4
1332130 1669.3
1332140 1669.3
1332150 1659.0
1332160 1651.8
1332170 1651.8
1332180 1644.9
1332190 1638.4
1332200 1638.4
1332210 1631.8
1332220 1626.2
1332230 1626.2
1332240 1620.9
1332250 1615.9
1332260 1615.9
1332270 1611.7
1332280 1607.5
1332290 1607.5
1332300 1603.4
1332310 1600.5
1332320 1600.5
1332330 1597.5
1332340 1593.9
1332350 1593.9
1332360 1591.0
1332370 1589.0
1332380 1589.0
1332390 1587.7
1332400 1587.4
1332410 1587.4
1332420 1588.7
1332430 1590.9
1332440 1590.9
1332450 1590.8
1332460 1591.3
1332470 1595.4
1332480 1595.4
1332490 1599.2
1332500 1603.0
1332510 1603.0
1332520 1603.9
1332530 1608.3
1332540 1608.3
1332550 1615.0
1332560 1621.2
1332570 1621.2
1332580 1628.9
1332590 1637.4
1332600 1637.4
1332610 1646.3
1332620 1655.2
1332630 1655.2
1332640 1663.8
1332650 1674.3
1332660 1674.3
1332670 1680.4
1332680 1681.5
1332690 1681.5
1332700 1677.1
1332710 1664.9
1332720 1664.9
1332730 1658.0
1332740 1655.2
1332750 1655.2
1332760 1653.9
1332770 1650.1
1332780 1650.1
1332790 1647.7
1332800 1646.0
1332810 1646.0
1332820 1641.8
1332830 1635.5
1332840 1635.5
1332850 1632.1
1332860 1619.7
1332870 1616.5
1332880 1616.5
1332890 1612.5
1332900 1605.7
1332910 1605.7
1332920 1601.8
1332930 1601.7
1332940 1601.7
1332950 1602.1
1332960 1601.7
1332970 1601.7
1332980 1597.9
1332990 1592.0
1333000 1592.0
1333010 1588.0
1333020 1587.0
1333030 1587.0
1333040 1585.3
1333050 1581.4
1333060 1581.4
1333070 1573.3
1333080 1563.9
1333090 1563.9
1333100 1554.1
1333110 1546.3
1333120 1546.3
1333130 1539.9
1333140 1535.1
1333150 1535.1
1333160 1530.6
1333170 1526.8
1333180 1526.8
1333190 1526.4
1333200 1525.4
1333210 1525.4
1333220 1523.4
1333230 1521.8
1333240 1518.8
1333250 1518.8
1333260 1517.4
1333270 1516.9
1333280 1516.9
1333290 1515.6
1333300 1512.1
1333310 1512.1
1333320 1505.5
1333330 1502.0
1333340 1502.0
1333350 1505.8
1333360 1505.1
1333370 1505.1
1333380 1501.1
1333390 1496.7
1333400 1496.7
1333410 1491.4
1333420 1487.8
1333430 1487.8
1333440 1484.2
1333450 1479.8
1333460 1479.8
1333470 1477.5
1333480 1475.0
1333490 1475.0
1333500 1472.4
1333510 1470.0
1333520 1470.0
1333530 1466.5
1333540 1461.4
1333550 1461.4
1333560 1455.1
1333570 1448.9
1333580 1448.9
1333590 1442.5
1333600 1435.9
1333610 1429.1
1333620 1429.1
1333630 1421.5
1333640 1414.3
1333650 1414.3
1333660 1410.2
1333670 1409.0
1333680 1409.0
1333690 1406.7
1333700 1405.5
1333710 1399.1
1333720 1399.0
1333730 1397.8
1333740 1397.8
1333750 1396.0
1333760 1394.6
1333770 1394.6
1333780 1392.7
1333790 1390.6
1333800 1390.6
1333810 1388.1
1333820 1385.9
1333830 1385.9
1333840 1383.6
1333850 1381.0
1333860 1381.0
1333870 1377.7
1333880 1374.9
1333890 1374.9
1333900 1372.1
1333910 1369.0
1333920 1369.0
1333930 1366.0
1333940 1362.5
1333950 1362.5
1333960 1358.4
1333970 1354.3
1333980 1349.5
1333990 1349.5
1334000 1344.5
1334010 1339.4
1334020 1339.4
1334030 1334.2
1334040 1329.0
1334050 1329.0
1334060 1323.8
1334070 1319.2
1334080 1319.2
1334090 1315.3
1334100 1311.1
1334110 1311.1
1334120 1306.6
1334130 1301.3
1334140 1301.3
1334150 1294.6
1334160 1287.7
1334170 1287.7
1334180 1281.4
1334190 1274.3
1334200 1274.3
1334210 1268.0
1334220 1266.3
1334230 1266.3
1334240 1264.5
1334250 1263.0
1334260 1263.0
1334270 1263.1
1334280 1262.7
1334290 1262.7
1334300 1261.3
1334310 1259.4
1334320 1259.4
1334330 1257.2
1334340 1254.4
1334350 1251.0
1334360 1251.0
1334370 1247.6
1334380 1244.4
1334390 1244.4
1334400 1241.3
1334410 1238.4
1334420 1238.4
1334430 1235.3
1334440 1231.9
1334450 1231.9
1334460 1228.7
1334470 1226.3
1334480 1226.3
1334490 1224.4
1334500 1222.9
1334510 1222.9
1334520 1221.3
1334530 1219.4
1334540 1219.4
1334550 1217.6
1334560 1210.5
1334570 1210.5
1334580 1209.4
1334590 1207.0
1334600 1207.0
1334610 1203.4
1334620 1200.0
1334630 1200.0
1334640 1197.6
1334650 1196.2
1334660 1196.2
1334670 1196.8
1334680 1200.0
1334690 1200.0
1334700 1201.6
1334710 1202.2
1334720 1202.3
1334730 1202.3
1334740 1201.9
1334750 1199.7
1334760 1199.7
1334770 1193.9
1334780 1187.5
1334790 1187.5
1334800 1182.2
1334810 1177.7
1334820 1177.7
1334830 1177.3
1334840 1179.9
1334850 1179.9
1334860 1182.2
1334870 1184.0
1334880 1184.0
1334890 1185.3
1334900 1186.0
1334910 1186.0
1334920 1186.1
1334930 1185.6
1334940 1185.6
1334950 1184.7
1334960 1183.1
1334970 1183.1
1334980 1181.1
1334990 1178.5
1335000 1178.5
1335010 1175.3
1335020 1170.6
1335030 1170.6
1335040 1164.6
1335050 1157.4
1335060 1157.4
1335070 1149.8
1335080 1149.0
1335090 1149.0
1335100 1150.0
1335110 1151.2
1335120 1152.9
1335130 1152.9
1335140 1153.8
1335150 1154.7
1335160 1154.7
1335170 1155.2
1335180 1155.2
1335190 1155.2
1335200 1155.0
1335210 1154.7
1335220 1154.7
1335230 1154.3
1335240 1153.1
1335250 1153.1
1335260 1151.8
1335270 1150.2
1335280 1150.2
1335290 1148.6
1335300 1147.0
1335310 1147.0
1335320 1145.5
1335330 1143.5
1335340 1143.5
1335350 1141.6
1335360 1139.6
1335370 1139.6
1335380 1137.3
1335390 1134.6
1335400 1134.6
1335410 1132.3
1335420 1126.2
1335430 1126.2
1335440 1123.2
1335450 1120.4
1335460 1120.4
1335470 1117.3
1335480 1113.8
1335490 1111.9
1335500 1111.9
1335510 1109.7
1335520 1106.2
1335530 1106.2
1335540 1102.7
1335550 1100.1
1335560 1100.1
1335570 1097.9
1335580 1094.9
1335590 1094.9
1335600 1090.5
1335610 1085.1
1335620 1085.1
1335630 1080.5
1335640 1076.6
1335650 1076.6
1335660 1075.6
1335670 1076.6
1335680 1076.6
1335690 1075.2
1335700 1073.2
1335710 1073.2
1335720 1071.0
1335730 1068.5
1335740 1068.5
1335750 1065.8
1335760 1063.3
1335770 1063.3
1335780 1061.0
1335790 1058.6
1335800 1058.6
1335810 1056.4
1335820 1055.1
1335830 1055.1
1335840 1053.8
1335850 1052.4
1335860 1051.3
1335870 1051.3
1335880 1050.7
1335890 1049.6
1335900 1049.6
1335910 1048.1
1335920 1047.0
1335930 1047.0
1335940 1045.6
1335950 1043.7
1335960 1043.7
1335970 1041.2
1335980 1036.6
1335990 1036.6
1336000 1029.2
1336010 1023.5
1336020 1023.5
1336030 1018.6
1336040 1013.4
1336050 1013.4
1336060 1008.4
1336070 1003.3
1336080 1003.3
1336090 998.1
1336100 992.8
1336110 992.8
1336120 987.5
1336130 982.4
1336140 982.4
1336150 977.1
1336160 968.8
1336170 968.8
1336180 961.7
1336190 960.1
1336200 960.1
1336210 964.4
1336220 970.8
1336230 976.6
1336240 976.6
1336250 978.4
1336260 978.9
1336270 978.9
1336280 991.8
1336290 998.9
1336300 998.9
1336310 1003.4
1336320 1007.0
1336330 1007.0
1336340 1010.0
1336350 1012.9
1336360 1012.9
1336370 1015.8
1336380 1018.8
1336390 1018.8
1336400 1022.1
1336410 1025.8
1336420 1025.8
1336430 1029.4
1336440 1032.3
1336450 1032.3
1336460 1034.5
1336470 1036.6
1336480 1036.6
1336490 1038.4
1336500 1039.7
1336510 1039.7
1336520 1041.1
1336530 1042.7
1336540 1042.7
1336550 1045.6
1336560 1050.3
1336570 1050.3
1336580 1056.8
1336590 1060.4
1336600 1063.3
1336610 1063.3
1336620 1066.5
1336630 1071.9
1336640 1071.9
1336650 1078.3
1336660 1083.8
1336670 1083.8
1336680 1086.0
1336690 1086.3
1336700 1086.3
1336710 1086.2
1336720 1086.8
1336730 1086.8
1336740 1088.3
1336750 1091.1
1336760 1091.1
1336770 1094.5
1336780 1098.2
1336790 1098.2
1336800 1103.0
1336810 1108.2
1336820 1108.2
1336830 1113.4
1336840 1117.9
1336850 1117.9
1336860 1122.9
1336870 1128.2
1336880 1128.2
1336890 1133.3
1336900 1137.9
1336910 1137.9
1336920 1141.8
1336930 1146.6
1336940 1146.6
1336950 1154.0
1336960 1159.6
1336970 1165.0
1336980 1165.0
1336990 1169.3
1337000 1173.3
1337010 1173.3
1337020 1178.7
1337030 1184.4
1337040 1184.4
1337050 1189.9
1337060 1195.1
1337070 1195.1
1337080 1200.3
1337090 1206.1
1337100 1206.1
1337110 1212.7
1337120 1222.3
1337130 1222.3
1337140 1233.0
1337150 1249.1
1337160 1249.1
1337170 1255.9
1337180 1262.6
1337190 1262.6
1337200 1269.1
1337210 1275.6
1337220 1275.6
1337230 1281.7
1337240 1286.8
1337250 1286.8
1337260 1291.5
1337270 1296.2
1337280 1296.2
1337290 1300.7
1337300 1303.6
1337310 1303.6
1337320 1305.7
1337330 1307.9
1337340 1310.0
1337350 1310.0
1337360 1311.7
1337370 1313.5
1337380 1313.5
1337390 1315.4
1337400 1317.1
1337410 1317.1
1337420 1318.8
1337430 1320.2
1337440 1320.2
1337450 1321.7
1337460 1323.0
1337470 1323.0
1337480 1324.1
1337490 1325.8
1337500 1325.8
1337510 1328.5
1337520 1331.6
1337530 1331.6
1337540 1335.0
1337550 1338.7
1337560 1338.7
1337570 1342.3
1337580 1345.8
1337590 1345.8
1337600 1349.1
1337610 1352.3
1337620 1352.3
1337630 1355.4
1337640 1358.7
1337650 1358.7
1337660 1361.9
1337670 1363.7
1337680 1363.7
1337690 1363.9
1337700 1363.0
1337710 1363.0
1337720 1362.0
1337730 1360.5
1337740 1358.9
1337750 1358.9
1337760 1357.1
1337770 1356.0
1337780 1356.0
1337790 1354.9
1337800 1353.8
1337810 1353.8
1337820 1352.0
1337830 1349.2
1337840 1349.2
1337850 1346.4
1337860 1344.6
1337870 1344.6
1337880 1342.8
1337890 1340.7
1337900 1340.7
1337910 1338.7
1337920 1336.7
1337930 1336.7
1337940 1334.7
1337950 1332.6
1337960 1332.6
1337970 1329.4
1337980 1325.9
1337990 1325.9
1338000 1322.8
1338010 1319.2
1338020 1314.3
1338030 1311.5
1338040 1309.5
1338050 1309.5
1338060 1307.1
1338070 1304.6
1338080 1304.6
1338090 1302.2
1338100 1300.2
1338110 1297.6
1338120 1297.6
1338130 1294.8
1338140 1292.2
1338150 1292.2
1338160 1292.2
1338170 1293.5
1338180 1293.5
1338190 1293.7
1338200 1293.6
1338210 1293.6
1338220 1293.0
1338230 1291.8
1338240 1291.8
1338250 1290.5
1338260 1289.1
1338270 1289.1
1338280 1287.5
1338290 1285.6
1338300 1285.6
1338310 1283.6
1338320 1281.7
1338330 1281.7
1338340 1279.5
1338350 1276.6
1338360 1276.6
1338370 1273.7
1338380 1271.2
1338390 1271.2
1338400 1269.0
1338410 1266.8
1338420 1266.8
1338430 1264.3
1338440 1262.2
1338450 1262.2
1338460 1259.9
1338470 1257.2
1338480 1254.2
1338490 1254.2
1338500 1250.8
1338510 1247.5
1338520 1247.5
1338530 1244.3
1338540 1240.3
1338550 1240.3
1338560 1235.6
1338570 1230.8
1338580 1230.8
1338590 1226.3
1338600 1222.8
1338610 1222.8
1338620 1219.7
1338630 1216.7
1338640 1216.7
1338650 1213.6
1338660 1210.4
1338670 1210.4
1338680 1207.6
1338690 1205.2
1338700 1205.2
1338710 1202.8
1338720 1200.3
1338730 1200.3
1338740 1197.6
1338750 1194.7
1338760 1194.7
1338770 1191.6
1338780 1188.6
1338790 1188.6
1338800 1186.0
1338810 1183.6
1338820 1183.6
1338830 1181.5
1338840 1179.4
1338850 1176.4
1338860 1176.4
1338870 1173.4
1338880 1170.6
1338890 1170.6
1338900 1165.7
1338910 1162.9
1338920 1162.9
1338930 1159.9
1338940 1156.8
1338950 1156.8
1338960 1154.3
1338970 1151.6
1338980 1151.6
1338990 1149.0
1339000 1146.4
1339010 1146.4
1339020 1143.6
1339030 1140.6
1339040 1140.6
1339050 1137.4
1339060 1133.6
1339070 1133.6
1339080 1130.0
1339090 1126.1
1339100 1126.1
1339110 1120.3
1339120 1111.7
1339130 1111.7
1339140 1102.8
1339150 1094.4
1339160 1094.4
1339170 1085.8
1339180 1077.4
1339190 1077.4
1339200 1067.7
1339210 1053.1
1339220 1032.9
1339230 1032.9
1339240 1016.8
1339250 1004.4
1339260 1004.4
1339270 992.9
1339280 981.3
1339290 981.3
1339300 970.4
1339310 962.1
1339320 962.1
1339330 954.7
1339340 948.5
1339350 948.5
1339360 941.8
1339370 935.0
1339380 935.0
1339390 929.6
1339400 925.4
1339410 925.4
1339420 921.8
1339430 918.9
1339440 918.9
1339450 917.3
1339460 915.5
1339470 915.5
1339480 914.1
1339490 914.4
1339500 914.4
1339510 912.9
1339520 909.4
1339530 909.4
1339540 904.8
1339550 899.2
1339560 899.2
1339570 893.7
1339580 888.4
1339590 882.5
1339600 882.5
1339610 873.4
1339620 862.9
1339630 862.9
1339640 854.5
1339650 846.6
1339660 846.6
1339670 839.5
1339680 832.2
1339690 832.2
1339700 825.5
1339710 818.2
1339720 818.2
1339730 811.0
1339740 803.8
1339750 803.8
1339760 797.3
1339770 791.7
1339780 790.3
1339790 784.5
1339800 778.0
1339810 778.0
1339820 773.1
1339830 766.9
1339840 766.9
1339850 760.5
1339860 755.0
1339870 755.0
1339880 749.9
1339890 744.8
1339900 744.8
1339910 738.8
1339920 734.0
1339930 734.0
1339940 731.1
1339950 728.9
1339960 728.9
1339970 726.8
1339980 724.8
1339990 722.0
