1320000 964.4
1320010 966.9
1320020 966.9
1320030 967.2
1320040 966.9
1320050 966.9
1320060 965.9
1320070 966.5
1320080 966.5
1320090 966.6
1320100 966.8
1320110 966.8
1320120 968.6
1320130 969.1
1320140 969.1
1320150 967.2
1320160 967.0
1320170 967.0
1320180 968.4
1320190 969.8
1320200 969.8
1320210 971.0
1320220 971.4
1320230 971.4
1320240 971.8
1320250 971.2
1320260 971.2
1320270 971.3
1320280 971.8
1320290 971.8
1320300 972.3
1320310 972.6
1320320 972.6
1320330 972.3
1320340 972.3
1320350 971.7
1320360 971.7
1320370 972.2
1320380 971.5
1320390 975.8
1320400 975.4
1320410 974.7
1320420 974.7
1320430 974.4
1320440 974.4
1320450 974.4
1320460 974.0
1320470 974.1
1320480 974.1
1320490 973.4
1320500 972.1
1320510 972.1
1320520 970.2
1320530 971.1
1320540 971.1
1320550 968.2
1320560 964.2
1320570 964.2
1320580 963.4
1320590 962.3
1320600 962.3
1320610 959.7
1320620 958.4
1320630 958.4
1320640 958.3
1320650 957.0
1320660 957.0
1320670 954.5
1320680 951.6
1320690 951.6
1320700 951.2
1320710 951.8
1320720 951.8
1320730 949.3
1320740 949.8
1320750 950.7
1320760 950.7
1320770 950.0
1320780 949.7
1320790 949.7
1320800 950.0
1320810 950.6
1320820 950.6
1320830 951.6
1320840 954.6
1320850 954.6
1320860 955.5
1320870 953.0
1320880 953.0
1320890 951.7
1320900 949.5
1320910 949.5
1320920 947.8
1320930 949.3
1320940 949.3
1320950 949.7
1320960 950.3
1320970 950.3
1320980 952.4
1320990 953.8
1321000 953.8
1321010 953.3
1321020 952.9
1321030 952.9
1321040 952.2
1321050 951.4
1321060 951.4
1321070 950.7
1321080 950.7
1321090 950.7
1321100 950.7
1321110 950.1
1321120 949.1
1321130 949.1
1321140 948.2
1321150 947.5
1321160 947.5
1321170 949.9
1321180 948.0
1321190 948.0
1321200 945.9
1321210 944.1
1321220 944.1
1321230 942.8
1321240 941.4
1321250 941.4
1321260 939.9
1321270 938.0
1321280 938.0
1321290 936.9
1321300 935.7
1321310 935.7
1321320 933.8
1321330 931.8
1321340 931.8
1321350 929.7
1321360 927.8
1321370 927.8
1321380 925.9
1321390 924.1
1321400 924.1
1321410 922.5
1321420 921.1
1321430 921.1
1321440 919.1
1321450 916.8
1321460 916.8
1321470 917.4
1321480 913.9
1321490 908.8
1321500 908.8
1321510 905.5
1321520 901.3
1321530 901.3
1321540 897.3
1321550 893.7
1321560 893.7
1321570 891.2
1321580 889.2
1321590 889.2
1321600 887.3
1321610 885.2
1321620 885.2
1321630 883.9
1321640 883.3
1321650 883.3
1321660 880.7
1321670 877.3
1321680 877.3
1321690 875.7
1321700 874.7
1321710 874.7
1321720 873.8
1321730 872.6
1321740 872.6
1321750 871.3
1321760 870.3
1321770 870.3
1321780 869.3
1321790 868.1
1321800 868.1
1321810 866.1
1321820 863.4
1321830 863.4
1321840 860.9
1321850 857.6
1321860 857.6
1321870 853.4
1321880 849.7
1321890 847.1
1321900 847.1
1321910 846.2
1321920 843.8
1321930 843.8
1321940 843.2
1321950 848.8
1321960 848.8
1321970 847.4
1321980 845.1
1321990 845.1
1322000 841.9
1322010 838.3
1322020 838.3
1322030 835.2
1322040 832.0
1322050 832.0
1322060 828.2
1322070 824.8
1322080 824.8
1322090 821.0
1322100 818.0
1322110 818.0
1322120 815.8
1322130 813.1
1322140 813.1
1322150 810.2
1322160 807.2
1322170 807.2
1322180 803.2
1322190 799.1
1322200 799.1
1322210 794.5
1322220 791.8
1322230 791.8
1322240 790.3
1322250 789.2
1322260 788.3
1322270 788.3
1322280 787.8
1322290 787.5
1322300 787.5
1322310 787.8
1322320 788.1
1322330 788.1
1322340 788.0
1322350 789.9
1322360 789.9
1322370 797.6
1322380 805.0
1322390 805.0
1322400 807.3
1322410 809.4
1322420 809.4
1322430 812.0
1322440 816.8
1322450 816.8
1322460 822.0
1322470 827.2
1322480 827.2
1322490 832.4
1322500 837.8
1322510 837.8
1322520 844.1
1322530 850.1
1322540 850.1
1322550 855.8
1322560 861.8
1322570 861.8
1322580 867.1
1322590 871.4
1322600 871.4
1322610 872.3
1322620 868.5
1322630 863.0
1322640 863.0
1322650 857.9
1322660 853.4
1322670 853.4
1322680 853.2
1322690 854.0
1322700 854.0
1322710 853.5
1322720 853.2
1322730 853.2
1322740 849.8
1322750 850.8
1322760 850.8
1322770 851.6
1322780 849.4
1322790 849.4
1322800 845.1
1322810 841.3
1322820 841.3
1322830 836.5
1322840 833.4
1322850 833.4
1322860 830.0
1322870 826.1
1322880 826.1
1322890 821.7
1322900 817.6
1322910 817.6
1322920 814.3
1322930 810.2
1322940 810.2
1322950 805.8
1322960 800.7
1322970 800.7
1322980 794.9
1322990 789.5
1323000 789.5
1323010 785.7
1323020 785.4
1323030 785.9
1323040 785.9
1323050 787.8
1323060 788.2
1323070 788.2
1323080 788.5
1323090 788.9
1323100 788.9
1323110 789.6
1323120 793.2
1323130 793.2
1323140 798.8
1323150 802.1
1323160 802.1
1323170 803.3
1323180 802.4
1323190 802.4
1323200 796.9
1323210 793.9
1323220 793.9
1323230 795.0
1323240 795.5
1323250 795.5
1323260 795.9
1323270 796.5
1323280 796.5
1323290 797.6
1323300 802.2
1323310 802.2
1323320 810.1
1323330 814.5
1323340 814.5
1323350 811.3
1323360 807.8
1323370 807.8
1323380 805.2
1323390 803.2
1323400 802.2
1323410 802.2
1323420 802.4
1323430 802.8
1323440 802.8
1323450 804.1
1323460 805.8
1323470 805.8
1323480 808.4
1323490 813.2
1323500 813.2
1323510 817.5
1323520 823.6
1323530 823.6
1323540 827.4
1323550 832.6
1323560 832.6
1323570 838.7
1323580 845.2
1323590 845.2
1323600 851.4
1323610 857.5
1323620 857.5
1323630 862.3
1323640 864.6
1323650 864.6
1323660 866.1
1323670 869.2
1323680 869.2
1323690 872.5
1323700 875.7
1323710 875.7
1323720 879.4
1323730 882.9
1323740 882.9
1323750 886.3
1323760 889.2
1323770 892.3
1323780 892.3
1323790 896.5
1323800 900.8
1323810 900.8
1323820 906.2
1323830 911.2
1323840 911.2
1323850 913.7
1323860 916.6
1323870 916.6
1323880 919.6
1323890 923.2
1323900 923.2
1323910 926.2
1323920 927.9
1323930 927.9
1323940 929.4
1323950 932.2
1323960 932.2
1323970 934.4
1323980 936.1
1323990 936.1
1324000 938.2
1324010 940.2
1324020 940.2
1324030 942.0
1324040 944.0
1324050 944.0
1324060 945.5
1324070 946.7
1324080 946.7
1324090 948.5
1324100 951.1
1324110 951.1
1324120 953.9
1324130 956.4
1324140 956.4
1324150 958.2
1324160 960.1
1324170 962.6
1324180 962.6
1324190 964.6
1324200 966.9
1324210 966.9
1324220 969.3
1324230 971.7
1324240 971.7
1324250 974.1
1324260 976.5
1324270 976.5
1324280 978.5
1324290 979.8
1324300 979.8
1324310 981.2
1324320 982.9
1324330 981.6
1324340 984.2
1324350 987.2
1324360 987.2
1324370 989.6
1324380 991.1
1324390 991.1
1324400 992.5
1324410 994.3
1324420 994.3
1324430 996.4
1324440 998.3
1324450 998.3
1324460 999.7
1324470 1001.2
1324480 1001.2
1324490 1002.9
1324500 1004.3
1324510 1004.3
1324520 1005.4
1324530 1006.5
1324540 1007.9
1324550 1007.9
1324560 1011.0
1324570 1013.3
1324580 1013.3
1324590 1014.6
1324600 1015.4
1324610 1015.4
1324620 1015.3
1324630 1014.7
1324640 1014.7
1324650 1013.2
1324660 1012.2
1324670 1012.2
1324680 1011.8
1324690 1012.3
1324700 1012.3
1324710 1012.7
1324720 1014.2
1324730 1014.2
1324740 1016.5
1324750 1018.8
1324760 1018.8
1324770 1021.4
1324780 1023.6
1324790 1023.6
1324800 1026.2
1324810 1028.4
1324820 1028.4
1324830 1030.8
1324840 1033.0
1324850 1033.0
1324860 1034.4
1324870 1036.2
1324880 1036.2
1324890 1037.6
1324900 1039.0
1324910 1041.2
1324920 1041.2
1324930 1043.8
1324940 1046.0
1324950 1046.0
1324960 1048.1
1324970 1050.2
1324980 1050.2
1324990 1053.5
1325000 1058.1
1325010 1058.1
1325020 1061.6
1325030 1064.7
1325040 1064.7
1325050 1067.6
1325060 1069.8
1325070 1069.8
1325080 1073.0
1325090 1076.8
1325100 1076.8
1325110 1079.3
1325120 1081.4
1325130 1078.9
1325140 1080.8
1325150 1083.1
1325160 1083.1
1325170 1085.5
1325180 1086.6
1325190 1086.6
1325200 1087.9
1325210 1090.3
1325220 1090.3
1325230 1092.9
1325240 1095.5
1325250 1095.5
1325260 1098.0
1325270 1100.2
1325280 1100.2
1325290 1102.3
1325300 1104.1
1325310 1105.6
1325320 1105.6
1325330 1106.5
1325340 1108.7
1325350 1108.7
1325360 1111.4
1325370 1113.6
1325380 1113.6
1325390 1115.8
1325400 1118.4
1325410 1118.4
1325420 1120.9
1325430 1123.4
1325440 1123.4
1325450 1125.7
1325460 1127.8
1325470 1127.8
1325480 1129.9
1325490 1131.9
1325500 1131.9
1325510 1133.8
1325520 1135.9
1325530 1135.9
1325540 1138.2
1325550 1141.0
1325560 1141.0
1325570 1143.7
1325580 1146.2
1325590 1146.2
1325600 1149.4
1325610 1152.7
1325620 1152.7
1325630 1155.6
1325640 1158.5
1325650 1158.5
1325660 1161.6
1325670 1164.6
1325680 1167.7
1325690 1167.7
1325700 1170.7
1325710 1173.8
1325720 1173.8
1325730 1177.4
1325740 1179.6
1325750 1179.6
1325760 1182.7
1325770 1185.9
1325780 1185.9
1325790 1188.9
1325800 1191.8
1325810 1191.8
1325820 1194.6
1325830 1197.4
1325840 1197.4
1325850 1200.1
1325860 1203.0
1325870 1203.0
1325880 1205.8
1325890 1208.8
1325900 1208.8
1325910 1211.5
1325920 1214.2
1325930 1214.2
1325940 1213.8
1325950 1216.0
1325960 1216.0
1325970 1218.0
1325980 1219.7
1325990 1219.7
1326000 1221.0
1326010 1221.2
1326020 1221.2
1326030 1219.9
1326040 1218.1
1326050 1216.2
1326060 1216.2
1326070 1214.3
1326080 1212.4
1326090 1212.4
1326100 1210.5
1326110 1208.7
1326120 1208.7
1326130 1207.0
1326140 1205.9
1326150 1205.9
1326160 1204.8
1326170 1203.2
1326180 1203.2
1326190 1201.9
1326200 1200.6
1326210 1200.6
1326220 1199.5
1326230 1197.8
1326240 1197.8
1326250 1196.2
1326260 1195.7
1326270 1195.7
1326280 1193.9
1326290 1190.9
1326300 1190.9
1326310 1187.0
1326320 1183.0
1326330 1183.0
1326340 1178.5
1326350 1171.7
1326360 1171.7
1326370 1164.5
1326380 1160.9
1326390 1160.9
1326400 1166.6
1326410 1176.2
1326420 1176.2
1326430 1183.7
1326440 1190.7
1326450 1197.1
1326460 1197.1
1326470 1202.3
1326480 1205.3
1326490 1205.3
1326500 1206.4
1326510 1210.3
1326520 1210.3
1326530 1213.4
1326540 1215.2
1326550 1215.2
1326560 1216.0
1326570 1215.1
1326580 1215.1
1326590 1217.5
1326600 1221.0
1326610 1221.0
1326620 1224.7
1326630 1226.5
1326640 1226.5
1326650 1229.7
1326660 1233.1
1326670 1233.1
1326680 1233.9
1326690 1236.8
1326700 1236.8
1326710 1244.2
1326720 1250.9
1326730 1250.9
1326740 1256.9
1326750 1263.9
1326760 1263.9
1326770 1269.4
1326780 1274.6
1326790 1274.6
1326800 1280.1
1326810 1285.5
1326820 1290.5
1326830 1290.5
1326840 1295.4
1326850 1300.1
1326860 1300.1
1326870 1304.2
1326880 1307.7
1326890 1307.7
1326900 1310.1
1326910 1311.2
1326920 1311.2
1326930 1311.3
1326940 1310.5
1326950 1310.5
1326960 1309.2
1326970 1307.9
1326980 1307.9
1326990 1307.1
1327000 1307.3
1327010 1307.3
1327020 1307.6
1327030 1307.7
1327040 1307.7
1327050 1307.0
1327060 1307.2
1327070 1307.2
1327080 1307.1
1327090 1306.2
1327100 1306.2
1327110 1304.9
1327120 1303.0
1327130 1303.0
1327140 1300.9
1327150 1298.5
1327160 1298.5
1327170 1297.0
1327180 1294.2
1327190 1294.5
1327200 1294.5
1327210 1295.9
1327220 1295.7
1327230 1295.7
1327240 1297.2
1327250 1298.7
1327260 1298.7
1327270 1299.5
1327280 1300.4
1327290 1300.4
1327300 1302.4
1327310 1304.0
1327320 1304.0
1327330 1304.8
1327340 1306.3
1327350 1306.3
1327360 1309.6
1327370 1310.5
1327380 1310.5
1327390 1311.2
1327400 1309.5
1327410 1309.5
1327420 1308.9
1327430 1314.5
1327440 1314.5
1327450 1320.9
1327460 1326.7
1327470 1326.7
1327480 1332.4
1327490 1337.6
1327500 1337.6
1327510 1342.9
1327520 1348.0
1327530 1348.0
1327540 1353.0
1327550 1357.4
1327560 1361.2
1327570 1361.2
1327580 1364.7
1327590 1367.6
1327600 1367.6
1327610 1369.6
1327620 1370.5
1327630 1370.5
1327640 1370.2
1327650 1369.2
1327660 1369.2
1327670 1367.3
1327680 1364.8
1327690 1364.8
1327700 1362.0
1327710 1359.0
1327720 1359.0
1327730 1356.5
1327740 1354.6
1327750 1354.6
1327760 1353.2
1327770 1352.3
1327780 1352.3
1327790 1351.5
1327800 1350.0
1327810 1350.0
1327820 1345.8
1327830 1344.5
1327840 1344.5
1327850 1346.8
1327860 1346.5
1327870 1346.5
1327880 1349.1
1327890 1352.8
1327900 1352.8
1327910 1355.0
1327920 1356.3
1327930 1356.3
1327940 1357.7
1327950 1359.1
1327960 1360.2
1327970 1360.2
1327980 1361.3
1327990 1362.5
1328000 1362.5
1328010 1364.2
1328020 1366.0
1328030 1366.0
1328040 1367.9
1328050 1370.1
1328060 1370.1
1328070 1372.5
1328080 1375.1
1328090 1375.1
1328100 1377.6
1328110 1379.8
1328120 1379.8
1328130 1381.6
1328140 1382.7
1328150 1382.7
1328160 1383.3
1328170 1383.5
1328180 1383.5
1328190 1383.0
1328200 1381.8
1328210 1381.8
1328220 1379.6
1328230 1376.9
1328240 1376.9
1328250 1374.4
1328260 1371.8
1328270 1371.8
1328280 1368.4
1328290 1364.7
1328300 1364.7
1328310 1360.7
1328320 1356.4
1328330 1352.3
1328340 1352.3
1328350 1348.1
1328360 1343.5
1328370 1343.5
1328380 1337.4
1328390 1334.2
1328400 1334.2
1328410 1332.5
1328420 1330.7
1328430 1330.7
1328440 1328.3
1328450 1329.5
1328460 1329.5
1328470 1331.3
1328480 1330.8
1328490 1330.8
1328500 1327.5
1328510 1325.0
1328520 1325.0
1328530 1322.8
1328540 1321.1
1328550 1321.1
1328560 1320.2
1328570 1318.6
1328580 1318.6
1328590 1317.7
1328600 1317.1
1328610 1317.1
1328620 1316.9
1328630 1319.0
1328640 1319.0
1328650 1322.3
1328660 1325.8
1328670 1325.8
1328680 1328.2
1328690 1331.3
1328700 1334.7
1328710 1334.7
1328720 1337.5
1328730 1339.6
1328740 1339.6
1328750 1341.4
1328760 1343.6
1328770 1343.6
1328780 1345.8
1328790 1348.3
1328800 1348.3
1328810 1350.9
1328820 1353.6
1328830 1353.6
1328840 1356.0
1328850 1357.9
1328860 1357.9
1328870 1360.1
1328880 1362.2
1328890 1362.2
1328900 1364.7
1328910 1366.8
1328920 1366.8
1328930 1369.0
1328940 1371.1
1328950 1371.1
1328960 1372.8
1328970 1374.6
1328980 1374.6
1328990 1376.0
1329000 1377.1
1329010 1377.1
1329020 1378.3
1329030 1379.3
1329040 1379.3
1329050 1380.5
1329060 1381.6
1329070 1381.6
1329080 1382.7
1329090 1383.5
1329100 1383.3
1329110 1383.3
1329120 1383.3
1329130 1383.0
1329140 1383.0
1329150 1383.5
1329160 1383.7
1329170 1383.7
1329180 1383.3
1329190 1384.2
1329200 1387.6
1329210 1387.5
1329220 1388.3
1329230 1388.3
1329240 1390.2
1329250 1390.7
1329260 1390.7
1329270 1391.2
1329280 1392.5
1329290 1392.5
1329300 1393.9
1329310 1394.1
1329320 1394.1
1329330 1394.4
1329340 1398.5
1329350 1398.5
1329360 1400.4
1329370 1400.6
1329380 1400.6
1329390 1396.6
1329400 1396.7
1329410 1396.7
1329420 1402.9
1329430 1406.9
1329440 1406.9
1329450 1409.5
1329460 1412.3
1329470 1413.5
1329480 1413.5
1329490 1414.7
1329500 1416.5
1329510 1416.5
1329520 1418.0
1329530 1419.4
1329540 1419.4
1329550 1420.9
1329560 1422.4
1329570 1422.4
1329580 1423.3
1329590 1424.1
1329600 1424.1
1329610 1425.1
1329620 1426.0
1329630 1426.0
1329640 1426.9
1329650 1427.5
1329660 1427.5
1329670 1428.3
1329680 1429.4
1329690 1429.4
1329700 1430.8
1329710 1432.1
1329720 1432.1
1329730 1433.1
1329740 1433.8
1329750 1433.8
1329760 1434.4
1329770 1434.9
1329780 1434.9
1329790 1435.2
1329800 1435.3
1329810 1435.3
1329820 1435.5
1329830 1436.5
1329840 1436.7
1329850 1436.7
1329860 1436.3
1329870 1436.9
1329880 1436.9
1329890 1436.4
1329900 1436.2
1329910 1436.2
1329920 1435.9
1329930 1435.4
1329940 1435.4
1329950 1436.0
1329960 1435.5
1329970 1435.5
1329980 1435.3
1329990 1435.3
1330000 1435.3
1330010 1435.3
1330020 1436.7
1330030 1438.7
1330040 1440.1
1330050 1440.9
1330060 1440.9
1330070 1442.0
1330080 1443.5
1330090 1443.5
1330100 1445.1
1330110 1446.9
1330120 1446.9
1330130 1448.9
1330140 1450.9
1330150 1450.9
1330160 1452.7
1330170 1454.3
1330180 1454.3
1330190 1455.4
1330200 1456.2
1330210 1456.2
1330220 1456.5
1330230 1456.2
1330240 1455.9
1330250 1455.9
1330260 1455.8
1330270 1455.7
1330280 1455.7
1330290 1455.5
1330300 1455.2
1330310 1455.2
1330320 1454.3
1330330 1453.2
1330340 1453.2
1330350 1451.9
1330360 1450.2
1330370 1450.2
1330380 1449.0
1330390 1447.8
1330400 1447.8
1330410 1445.4
1330420 1443.2
1330430 1443.2
1330440 1441.0
1330450 1438.1
1330460 1438.1
1330470 1435.7
1330480 1434.1
1330490 1434.1
1330500 1433.0
1330510 1432.1
1330520 1432.1
1330530 1430.9
1330540 1429.8
1330550 1429.8
1330560 1429.9
1330570 1431.2
1330580 1431.2
1330590 1432.7
1330600 1433.9
1330610 1434.0
1330620 1434.0
1330630 1434.3
1330640 1435.2
1330650 1435.2
1330660 1435.5
1330670 1435.9
1330680 1435.9
1330690 1436.8
1330700 1437.4
1330710 1437.4
1330720 1437.4
1330730 1438.6
1330740 1438.6
1330750 1440.0
1330760 1440.6
1330770 1440.6
1330780 1441.4
1330790 1442.9
1330800 1442.9
1330810 1444.3
1330820 1445.8
1330830 1445.8
1330840 1447.5
1330850 1449.3
1330860 1451.0
1330870 1451.9
1330880 1452.5
1330890 1452.5
1330900 1452.6
1330910 1452.3
1330920 1452.3
1330930 1453.8
1330940 1455.0
1330950 1455.0
1330960 1455.8
1330970 1456.2
1330980 1457.0
1330990 1457.0
1331000 1458.1
1331010 1456.1
1331020 1456.1
1331030 1454.1
1331040 1454.0
1331050 1454.0
1331060 1454.0
1331070 1453.3
1331080 1453.3
1331090 1452.8
1331100 1452.9
1331110 1452.9
1331120 1451.8
1331130 1450.0
1331140 1450.0
1331150 1450.0
1331160 1449.4
1331170 1449.4
1331180 1448.7
1331190 1448.4
1331200 1448.4
1331210 1446.3
1331220 1442.8
1331230 1442.8
1331240 1442.2
1331250 1442.0
1331260 1442.0
1331270 1442.4
1331280 1442.6
1331290 1442.6
1331300 1443.0
1331310 1442.8
1331320 1442.8
1331330 1441.8
1331340 1441.8
1331350 1441.8
1331360 1442.8
1331370 1443.2
1331380 1443.2
1331390 1443.2
1331400 1442.9
1331410 1442.5
1331420 1442.5
1331430 1442.3
1331440 1442.1
1331450 1442.1
1331460 1441.4
1331470 1440.7
1331480 1440.7
1331490 1440.0
1331500 1439.7
1331510 1439.7
1331520 1439.1
1331530 1438.5
1331540 1438.5
1331550 1437.9
1331560 1437.2
1331570 1437.2
1331580 1436.5
1331590 1435.7
1331600 1435.7
1331610 1434.9
1331620 1434.1
1331630 1434.1
1331640 1433.0
1331650 1432.0
1331660 1432.0
1331670 1431.2
1331680 1429.9
1331690 1429.4
1331700 1426.8
1331710 1424.3
1331720 1424.3
1331730 1421.9
1331740 1419.9
1331750 1418.1
1331760 1418.1
1331770 1416.4
1331780 1413.8
1331790 1413.8
1331800 1411.6
1331810 1409.8
1331820 1409.8
1331830 1408.7
1331840 1407.7
1331850 1407.7
1331860 1406.5
1331870 1406.0
1331880 1406.0
1331890 1405.8
1331900 1404.7
1331910 1404.7
1331920 1403.7
1331930 1402.4
1331940 1402.4
1331950 1401.0
1331960 1399.8
1331970 1399.8
1331980 1398.5
1331990 1397.1
1332000 1397.1
1332010 1395.8
1332020 1394.6
1332030 1394.6
1332040 1392.9
1332050 1391.3
1332060 1391.3
1332070 1389.7
1332080 1388.4
1332090 1388.4
1332100 1387.1
1332110 1386.3
1332120 1385.2
1332130 1385.2
1332140 1383.8
1332150 1382.9
1332160 1382.9
1332170 1382.1
1332180 1381.5
1332190 1381.5
1332200 1380.8
1332210 1381.2
1332220 1381.2
1332230 1381.5
1332240 1380.7
1332250 1380.7
1332260 1380.3
1332270 1379.8
1332280 1379.8
1332290 1379.6
1332300 1379.3
1332310 1379.3
1332320 1378.7
1332330 1378.1
1332340 1378.1
1332350 1377.1
1332360 1376.9
1332370 1376.9
1332380 1376.7
1332390 1375.9
1332400 1375.9
1332410 1375.4
1332420 1374.9
1332430 1374.9
1332440 1374.8
1332450 1375.1
1332460 1375.1
1332470 1373.8
1332480 1371.2
1332490 1371.2
1332500 1369.3
1332510 1367.2
1332520 1367.7
1332530 1370.4
1332540 1370.8
1332550 1369.9
1332560 1369.9
1332570 1370.3
1332580 1371.3
1332590 1371.3
1332600 1371.8
1332610 1372.2
1332620 1372.2
1332630 1373.2
1332640 1374.6
1332650 1374.6
1332660 1374.8
1332670 1374.5
1332680 1374.5
1332690 1372.6
1332700 1369.8
1332710 1369.8
1332720 1367.1
1332730 1364.3
1332740 1364.3
1332750 1362.6
1332760 1361.9
1332770 1361.9
1332780 1360.4
1332790 1360.0
1332800 1360.0
1332810 1360.8
1332820 1360.6
1332830 1360.6
1332840 1359.9
1332850 1357.6
1332860 1357.6
1332870 1356.2
1332880 1356.1
1332890 1355.7
1332900 1355.7
1332910 1354.6
1332920 1354.0
1332930 1354.0
1332940 1353.2
1332950 1352.7
1332960 1352.7
1332970 1352.4
1332980 1352.5
1332990 1352.5
1333000 1352.5
1333010 1352.5
1333020 1352.5
1333030 1352.5
1333040 1352.1
1333050 1352.1
1333060 1351.6
1333070 1351.5
1333080 1351.5
1333090 1351.5
1333100 1353.1
1333110 1353.1
1333120 1353.9
1333130 1354.2
1333140 1354.2
1333150 1354.2
1333160 1354.0
1333170 1354.0
1333180 1353.5
1333190 1352.8
1333200 1352.8
1333210 1353.2
1333220 1352.9
1333230 1352.9
1333240 1351.9
1333250 1350.9
1333260 1351.2
1333270 1351.2
1333280 1350.9
1333290 1350.0
1333300 1350.0
1333310 1349.2
1333320 1347.4
1333330 1347.4
1333340 1345.1
1333350 1342.7
1333360 1342.7
1333370 1339.9
1333380 1340.3
1333390 1340.3
1333400 1338.7
1333410 1338.1
1333420 1338.1
1333430 1337.3
1333440 1335.7
1333450 1335.7
1333460 1332.3
1333470 1327.2
1333480 1327.2
1333490 1322.7
1333500 1319.3
1333510 1319.3
1333520 1316.7
1333530 1315.1
1333540 1315.1
1333550 1311.8
1333560 1310.5
1333570 1310.5
1333580 1312.2
1333590 1312.8
1333600 1312.8
1333610 1311.9
1333620 1309.1
1333630 1309.1
1333640 1306.9
1333650 1304.4
1333660 1300.3
1333670 1300.3
1333680 1297.9
1333690 1296.3
1333700 1296.3
1333710 1295.0
1333720 1292.8
1333730 1292.8
1333740 1290.2
1333750 1288.8
1333760 1288.8
1333770 1290.4
1333780 1292.9
1333790 1292.9
1333800 1292.7
1333810 1288.7
1333820 1288.7
1333830 1284.4
1333840 1280.2
1333850 1280.2
1333860 1275.7
1333870 1272.2
1333880 1272.2
1333890 1269.7
1333900 1266.4
1333910 1266.4
1333920 1264.5
1333930 1264.3
1333940 1264.3
1333950 1264.0
1333960 1263.4
1333970 1263.4
1333980 1261.8
1333990 1259.2
1334000 1259.2
1334010 1257.1
1334020 1255.9
1334030 1255.2
1334040 1255.2
1334050 1253.9
1334060 1252.4
1334070 1252.4
1334080 1250.4
1334090 1246.6
1334100 1246.6
1334110 1242.4
1334120 1239.4
1334130 1239.4
1334140 1236.4
1334150 1232.6
1334160 1232.6
1334170 1228.9
1334180 1224.9
1334190 1224.9
1334200 1221.3
1334210 1219.5
1334220 1219.5
1334230 1221.3
1334240 1221.7
1334250 1221.7
1334260 1222.8
1334270 1223.8
1334280 1223.8
1334290 1224.0
1334300 1222.8
1334310 1222.8
1334320 1221.4
1334330 1220.7
1334340 1220.7
1334350 1220.3
1334360 1220.5
1334370 1220.5
1334380 1221.5
1334390 1221.9
1334400 1222.2
1334410 1222.2
1334420 1222.7
1334430 1223.0
1334440 1223.0
1334450 1225.0
1334460 1225.1
1334470 1225.1
1334480 1223.9
1334490 1221.2
1334500 1221.2
1334510 1216.6
1334520 1212.5
1334530 1212.5
1334540 1209.5
1334550 1205.6
1334560 1205.6
1334570 1202.9
1334580 1201.1
1334590 1201.1
1334600 1200.7
1334610 1200.9
1334620 1200.9
1334630 1201.3
1334640 1201.3
1334650 1201.3
1334660 1200.3
1334670 1197.5
1334680 1197.5
1334690 1193.2
1334700 1189.1
1334710 1189.1
1334720 1184.9
1334730 1181.0
1334740 1181.0
1334750 1177.8
1334760 1176.3
1334770 1176.4
1334780 1176.4
1334790 1177.7
1334800 1178.6
1334810 1178.6
1334820 1178.6
1334830 1178.1
1334840 1178.1
1334850 1178.0
1334860 1176.9
1334870 1176.9
1334880 1173.6
1334890 1169.9
1334900 1169.9
1334910 1166.1
1334920 1161.0
1334930 1161.0
1334940 1157.3
1334950 1155.0
1334960 1155.0
1334970 1151.7
1334980 1147.8
1334990 1147.8
1335000 1144.8
1335010 1143.0
1335020 1143.0
1335030 1142.1
1335040 1142.2
1335050 1142.2
1335060 1142.6
1335070 1142.7
1335080 1144.7
1335090 1145.4
1335100 1146.2
1335110 1146.2
1335120 1146.2
1335130 1145.9
1335140 1145.9
1335150 1144.5
1335160 1142.6
1335170 1140.4
1335180 1140.4
1335190 1137.4
1335200 1134.6
1335210 1134.6
1335220 1131.6
1335230 1128.7
1335240 1128.7
1335250 1124.1
1335260 1121.1
1335270 1121.1
1335280 1120.7
1335290 1120.5
1335300 1120.5
1335310 1119.8
1335320 1119.4
1335330 1119.4
1335340 1122.0
1335350 1126.7
1335360 1126.7
1335370 1128.7
1335380 1130.3
1335390 1130.3
1335400 1131.8
1335410 1130.2
1335420 1130.2
1335430 1130.2
1335440 1130.8
1335450 1130.8
1335460 1130.6
1335470 1131.8
1335480 1131.8
1335490 1131.8
1335500 1130.4
1335510 1130.4
1335520 1130.9
1335530 1130.7
1335540 1128.8
1335550 1128.8
1335560 1126.6
1335570 1124.4
1335580 1124.4
1335590 1122.7
1335600 1121.5
1335610 1121.5
1335620 1119.5
1335630 1117.2
1335640 1117.2
1335650 1114.5
1335660 1112.1
1335670 1112.1
1335680 1110.3
1335690 1108.2
1335700 1108.2
1335710 1105.1
1335720 1102.2
1335730 1102.2
1335740 1098.5
1335750 1094.6
1335760 1094.6
1335770 1092.3
1335780 1089.8
1335790 1089.8
1335800 1085.4
1335810 1081.1
1335820 1081.1
1335830 1078.2
1335840 1076.0
1335850 1076.0
1335860 1073.7
1335870 1071.0
1335880 1071.0
1335890 1068.3
1335900 1065.5
1335910 1062.8
1335920 1062.8
1335930 1060.0
1335940 1058.1
1335950 1058.1
1335960 1053.9
1335970 1049.2
1335980 1049.2
1335990 1045.3
1336000 1042.7
1336010 1042.7
1336020 1039.4
1336030 1035.4
1336040 1035.4
1336050 1031.0
1336060 1026.5
1336070 1026.5
1336080 1021.6
1336090 1016.4
1336100 1016.4
1336110 1011.1
1336120 1005.4
1336130 1005.4
1336140 1000.9
1336150 996.0
1336160 996.0
1336170 990.5
1336180 985.3
1336190 985.3
1336200 980.1
1336210 974.9
1336220 974.9
1336230 969.2
1336240 964.6
1336250 964.6
1336260 960.9
1336270 957.5
1336280 957.5
1336290 953.7
1336300 949.9
1336310 947.2
1336320 947.2
1336330 944.3
1336340 941.4
1336350 941.4
1336360 938.6
1336370 935.4
1336380 935.4
1336390 932.6
1336400 930.1
1336410 930.1
1336420 928.0
1336430 925.8
1336440 925.8
1336450 923.6
1336460 921.7
1336470 921.7
1336480 919.8
1336490 917.7
1336500 917.7
1336510 915.4
1336520 912.8
1336530 912.8
1336540 911.8
1336550 911.5
1336560 911.5
1336570 910.1
1336580 907.4
1336590 907.4
1336600 903.3
1336610 898.6
1336620 898.6
1336630 892.9
1336640 887.8
1336650 887.8
1336660 881.6
1336670 875.9
1336680 870.6
1336690 870.6
1336700 865.4
1336710 859.9
1336720 859.9
1336730 854.3
1336740 850.9
1336750 850.9
1336760 847.4
1336770 850.5
1336780 850.5
1336790 853.6
1336800 857.1
1336810 859.6
1336820 865.0
1336830 870.7
1336840 870.7
1336850 874.3
1336860 876.2
1336870 876.2
1336880 877.9
1336890 879.5
1336900 879.5
1336910 881.1
1336920 882.7
1336930 882.7
1336940 884.5
1336950 886.5
1336960 886.5
1336970 888.3
1336980 889.5
1336990 889.5
1337000 892.1
1337010 894.0
1337020 894.0
1337030 895.0
1337040 897.2
1337050 899.4
1337060 899.4
1337070 901.6
1337080 903.7
1337090 903.7
1337100 905.1
1337110 905.8
1337120 905.8
1337130 906.5
1337140 906.8
1337150 906.8
1337160 907.2
1337170 908.3
1337180 908.3
1337190 909.6
1337200 910.8
1337210 910.8
1337220 912.3
1337230 913.9
1337240 913.9
1337250 913.9
1337260 915.2
1337270 915.2
1337280 918.2
1337290 920.1
1337300 920.1
1337310 920.3
1337320 921.8
1337330 921.8
1337340 924.1
1337350 926.3
1337360 926.3
1337370 928.1
1337380 930.6
1337390 930.6
1337400 933.2
1337410 935.3
1337420 935.3
1337430 936.7
1337440 937.3
1337450 936.8
1337460 936.8
1337470 936.3
1337480 935.6
1337490 935.6
1337500 935.2
1337510 934.9
1337520 934.9
1337530 934.5
1337540 933.8
1337550 933.8
1337560 934.5
1337570 935.7
1337580 935.7
1337590 937.7
1337600 941.3
1337610 941.3
1337620 942.4
1337630 943.8
1337640 943.8
1337650 942.8
1337660 940.4
1337670 940.4
1337680 945.2
1337690 945.4
1337700 945.4
1337710 946.6
1337720 951.3
1337730 951.3
1337740 957.4
1337750 962.1
1337760 962.1
1337770 964.2
1337780 963.3
1337790 963.3
1337800 962.8
1337810 962.6
1337820 962.3
1337830 962.3
1337840 961.9
1337850 960.8
1337860 960.8
1337870 958.6
1337880 955.8
1337890 955.8
1337900 954.0
1337910 952.1
1337920 952.1
1337930 950.5
1337940 949.5
1337950 949.5
1337960 948.8
1337970 948.3
1337980 948.3
1337990 947.5
1338000 946.4
1338010 946.4
1338020 943.8
1338030 940.4
1338040 940.4
1338050 940.1
1338060 942.0
1338070 942.0
1338080 940.3
1338090 936.0
1338100 936.0
1338110 933.3
1338120 932.4
1338130 932.4
1338140 932.1
1338150 931.9
1338160 931.9
1338170 930.8
1338180 929.0
1338190 929.2
1338200 929.2
1338210 930.7
1338220 930.4
1338230 930.4
1338240 928.6
1338250 926.3
1338260 926.3
1338270 923.0
1338280 918.7
1338290 918.7
1338300 914.5
1338310 912.8
1338320 912.8
1338330 912.3
1338340 911.4
1338350 911.4
1338360 909.9
1338370 908.7
1338380 908.7
1338390 906.4
1338400 903.1
1338410 903.1
1338420 901.0
1338430 898.9
1338440 898.9
1338450 899.4
1338460 902.3
1338470 902.3
1338480 903.7
1338490 902.7
1338500 902.7
1338510 900.8
1338520 899.9
1338530 899.9
1338540 900.3
1338550 900.6
1338560 903.8
1338570 903.8
1338580 904.6
1338590 903.3
1338600 903.3
1338610 902.6
1338620 901.6
1338630 901.6
1338640 905.4
1338650 908.1
1338660 908.1
1338670 910.2
1338680 911.0
1338690 911.0
1338700 910.4
1338710 909.3
1338720 909.3
1338730 908.2
1338740 907.4
1338750 907.4
1338760 906.9
1338770 905.8
1338780 905.8
1338790 906.7
1338800 907.3
1338810 907.3
1338820 906.3
1338830 905.2
1338840 905.2
1338850 904.9
1338860 905.3
1338870 905.3
1338880 907.9
1338890 911.2
1338900 911.2
1338910 913.2
1338920 914.1
1338930 914.1
1338940 914.8
1338950 916.4
1338960 916.6
1338970 916.6
1338980 915.3
1338990 912.1
1339000 912.1
1339010 908.4
1339020 904.1
1339030 904.1
1339040 900.2
1339050 897.7
1339060 897.7
1339070 896.8
1339080 896.6
1339090 896.6
1339100 895.2
1339110 893.3
1339120 893.3
1339130 891.6
1339140 889.7
1339150 889.7
1339160 887.3
1339170 885.3
1339180 885.3
1339190 884.5
1339200 883.7
1339210 883.7
1339220 882.3
1339230 880.7
1339240 880.7
1339250 879.2
1339260 878.9
1339270 878.9
1339280 878.8
1339290 877.9
1339300 877.9
1339310 876.1
1339320 873.8
1339330 872.3
1339340 872.3
1339350 870.3
1339360 867.6
1339370 867.6
1339380 865.8
1339390 864.6
1339400 864.6
1339410 863.5
1339420 861.9
1339430 861.9
1339440 861.6
1339450 859.9
1339460 859.9
1339470 858.1
1339480 856.0
1339490 856.0
1339500 853.4
1339510 850.4
1339520 850.4
1339530 847.5
1339540 844.5
1339550 844.5
1339560 841.4
1339570 839.4
1339580 839.4
1339590 838.0
1339600 836.7
1339610 836.7
1339620 835.8
1339630 835.2
1339640 835.2
1339650 834.8
1339660 834.6
1339670 834.6
1339680 834.4
1339690 834.7
1339700 834.7
1339710 834.8
1339720 835.0
1339730 835.0
1339740 835.0
1339750 834.9
1339760 834.8
1339770 834.8
1339780 835.0
1339790 835.2
1339800 835.2
1339810 835.2
1339820 835.2
1339830 835.2
1339840 835.2
1339850 835.4
1339860 835.4
1339870 835.7
1339880 835.8
1339890 835.8
1339900 835.8
1339910 835.6
1339920 835.6
1339930 834.0
1339940 831.6
1339950 831.6
1339960 830.2
1339970 830.9
1339980 830.9
1339990 833.2
