1320000 847.3
1320010 847.3
1320020 847.5
1320030 846.6
1320040 846.6
1320050 846.2
1320060 845.1
1320070 845.1
1320080 844.5
1320090 843.9
1320100 843.9
1320110 843.2
1320120 842.8
1320130 842.8
1320140 842.7
1320150 843.6
1320160 844.5
1320170 844.5
1320180 842.2
1320190 840.2
1320200 841.5
1320210 839.1
1320220 838.2
1320230 838.2
1320240 837.8
1320250 837.2
1320260 837.2
1320270 837.3
1320280 838.1
1320290 838.1
1320300 838.0
1320310 842.2
1320320 842.2
1320330 851.0
1320340 857.2
1320350 857.2
1320360 859.5
1320370 861.0
1320380 861.0
1320390 863.5
1320400 866.4
1320410 866.4
1320420 867.8
1320430 863.5
1320440 863.5
1320450 855.2
1320460 852.0
1320470 852.0
1320480 852.8
1320490 851.6
1320500 851.6
1320510 850.9
1320520 849.8
1320530 849.8
1320540 846.6
1320550 844.6
1320560 843.3
1320570 843.3
1320580 842.5
1320590 841.6
1320600 841.6
1320610 840.8
1320620 841.1
1320630 841.1
1320640 841.9
1320650 840.3
1320660 840.3
1320670 838.4
1320680 835.3
1320690 835.3
1320700 831.4
1320710 827.5
1320720 827.5
1320730 825.1
1320740 825.1
1320750 825.1
1320760 825.9
1320770 826.0
1320780 826.0
1320790 825.7
1320800 825.3
1320810 825.3
1320820 824.7
1320830 824.3
1320840 824.3
1320850 823.5
1320860 823.0
1320870 823.0
1320880 822.6
1320890 822.3
1320900 822.3
1320910 822.0
1320920 821.4
1320930 820.9
1320940 820.9
1320950 820.5
1320960 819.0
1320970 819.0
1320980 818.1
1320990 820.7
1321000 820.7
1321010 824.9
1321020 829.0
1321030 829.0
1321040 832.5
1321050 836.6
1321060 836.6
1321070 839.8
1321080 840.0
1321090 840.0
1321100 840.7
1321110 841.7
1321120 841.7
1321130 842.5
1321140 843.8
1321150 843.8
1321160 843.6
1321170 842.7
1321180 842.7
1321190 841.4
1321200 840.4
1321210 840.4
1321220 839.9
1321230 839.4
1321240 839.4
1321250 839.4
1321260 840.1
1321270 840.1
1321280 841.1
1321290 841.8
1321300 841.9
1321310 841.9
1321320 840.7
1321330 840.8
1321340 840.8
1321350 841.3
1321360 841.5
1321370 841.5
1321380 841.2
1321390 840.5
1321400 840.5
1321410 840.0
1321420 839.9
1321430 839.9
1321440 839.6
1321450 839.1
1321460 839.1
1321470 838.9
1321480 839.0
1321490 839.0
1321500 839.5
1321510 840.3
1321520 840.3
1321530 841.3
1321540 842.6
1321550 842.6
1321560 844.1
1321570 845.9
1321580 845.9
1321590 847.9
1321600 849.0
1321610 849.0
1321620 849.7
1321630 850.3
1321640 850.3
1321650 851.7
1321660 852.2
1321670 852.2
1321680 852.3
1321690 852.7
1321700 852.6
1321710 852.6
1321720 852.1
1321730 851.3
1321740 851.3
1321750 852.2
1321760 853.1
1321770 849.9
1321780 851.6
1321790 853.2
1321800 853.2
1321810 855.0
1321820 856.3
1321830 856.3
1321840 857.1
1321850 858.2
1321860 858.2
1321870 859.3
1321880 860.0
1321890 860.0
1321900 860.8
1321910 861.0
1321920 861.0
1321930 860.5
1321940 860.8
1321950 860.8
1321960 862.0
1321970 862.4
1321980 862.4
1321990 862.1
1322000 860.2
1322010 860.2
1322020 858.8
1322030 858.4
1322040 858.4
1322050 857.0
1322060 857.6
1322070 858.3
1322080 858.3
1322090 857.7
1322100 856.3
1322110 856.3
1322120 855.2
1322130 854.5
1322140 854.5
1322150 852.2
1322160 855.1
1322170 855.1
1322180 861.9
1322190 866.6
1322200 866.6
1322210 867.5
1322220 867.3
1322230 867.3
1322240 867.2
1322250 867.3
1322260 867.3
1322270 867.7
1322280 868.3
1322290 868.3
1322300 869.3
1322310 869.9
1322320 869.9
1322330 870.4
1322340 871.1
1322350 871.1
1322360 872.1
1322370 873.6
1322380 873.6
1322390 875.4
1322400 877.4
1322410 877.4
1322420 881.6
1322430 888.4
1322440 888.4
1322450 895.0
1322460 900.1
1322470 903.3
1322480 903.3
1322490 905.5
1322500 907.1
1322510 907.1
1322520 908.7
1322530 910.4
1322540 910.4
1322550 911.9
1322560 912.0
1322570 912.0
1322580 914.1
1322590 917.1
1322600 917.1
1322610 920.1
1322620 922.5
1322630 922.5
1322640 925.6
1322650 928.7
1322660 928.7
1322670 931.8
1322680 934.5
1322690 934.5
1322700 937.0
1322710 940.4
1322720 940.4
1322730 944.6
1322740 949.2
1322750 949.2
1322760 953.0
1322770 955.4
1322780 955.4
1322790 956.2
1322800 955.5
1322810 955.5
1322820 953.7
1322830 950.5
1322840 947.5
1322850 947.5
1322860 943.8
1322870 939.5
1322880 939.5
1322890 935.4
1322900 931.9
1322910 931.9
1322920 930.3
1322930 927.9
1322940 927.9
1322950 924.4
1322960 920.9
1322970 920.9
1322980 917.6
1322990 914.4
1323000 914.4
1323010 911.7
1323020 908.3
1323030 908.3
1323040 903.5
1323050 899.2
1323060 899.2
1323070 897.9
1323080 899.3
1323090 899.3
1323100 898.4
1323110 896.4
1323120 896.4
1323130 895.5
1323140 891.8
1323150 891.8
1323160 888.4
1323170 885.3
1323180 885.3
1323190 882.6
1323200 877.9
1323210 871.3
1323220 871.3
1323230 863.6
1323240 855.0
1323250 855.0
1323260 844.4
1323270 835.0
1323280 835.0
1323290 832.4
1323300 831.7
1323310 831.7
1323320 832.1
1323330 832.3
1323340 832.3
1323350 828.4
1323360 826.8
1323370 826.8
1323380 823.6
1323390 819.3
1323400 819.3
1323410 815.7
1323420 812.3
1323430 812.3
1323440 809.2
1323450 808.6
1323460 808.6
1323470 806.0
1323480 803.7
1323490 803.7
1323500 802.7
1323510 800.9
1323520 800.9
1323530 799.3
1323540 798.9
1323550 798.9
1323560 799.5
1323570 800.2
1323580 800.2
1323590 801.5
1323600 802.1
1323610 802.8
1323620 802.8
1323630 803.5
1323640 804.2
1323650 804.2
1323660 805.1
1323670 805.4
1323680 805.4
1323690 805.2
1323700 805.4
1323710 805.4
1323720 804.6
1323730 803.4
1323740 803.4
1323750 802.4
1323760 802.1
1323770 802.1
1323780 802.2
1323790 802.4
1323800 802.4
1323810 802.6
1323820 802.7
1323830 802.7
1323840 802.8
1323850 801.6
1323860 801.6
1323870 799.8
1323880 799.9
1323890 799.9
1323900 800.8
1323910 800.9
1323920 800.9
1323930 801.1
1323940 801.0
1323950 801.0
1323960 801.2
1323970 801.5
1323980 805.7
1323990 805.7
1324000 812.6
1324010 818.1
1324020 818.1
1324030 823.5
1324040 828.2
1324050 828.2
1324060 834.5
1324070 840.4
1324080 840.4
1324090 845.1
1324100 849.8
1324110 849.8
1324120 853.9
1324130 858.0
1324140 858.0
1324150 862.7
1324160 865.4
1324170 865.4
1324180 868.2
1324190 871.4
1324200 871.4
1324210 877.2
1324220 884.4
1324230 884.4
1324240 890.9
1324250 895.3
1324260 895.3
1324270 896.8
1324280 896.8
1324290 896.8
1324300 897.3
1324310 898.5
1324320 898.5
1324330 900.7
1324340 903.5
1324350 903.5
1324360 906.7
1324370 909.7
1324380 912.5
1324390 912.5
1324400 915.9
1324410 920.1
1324420 920.1
1324430 924.3
1324440 928.4
1324450 928.4
1324460 932.2
1324470 935.3
1324480 935.3
1324490 938.1
1324500 940.7
1324510 940.7
1324520 941.9
1324530 941.7
1324540 941.7
1324550 941.5
1324560 941.5
1324570 941.5
1324580 940.8
1324590 938.5
1324600 938.5
1324610 936.9
1324620 936.1
1324630 936.1
1324640 932.7
1324650 929.9
1324660 929.9
1324670 926.0
1324680 922.3
1324690 922.3
1324700 919.8
1324710 922.8
1324720 922.8
1324730 928.1
1324740 932.8
1324750 937.5
1324760 937.5
1324770 942.8
1324780 947.3
1324790 947.3
1324800 952.4
1324810 957.1
1324820 957.1
1324830 962.1
1324840 965.9
1324850 965.9
1324860 967.8
1324870 968.5
1324880 968.5
1324890 967.1
1324900 964.5
1324910 964.5
1324920 961.0
1324930 958.2
1324940 958.2
1324950 959.9
1324960 957.9
1324970 957.9
1324980 955.9
1324990 953.9
1325000 953.9
1325010 951.8
1325020 948.2
1325030 948.2
1325040 946.1
1325050 943.3
1325060 943.3
1325070 941.1
1325080 939.4
1325090 939.4
1325100 936.2
1325110 931.9
1325120 931.9
1325130 923.4
1325140 918.2
1325150 923.5
1325160 923.5
1325170 926.4
1325180 929.5
1325190 929.5
1325200 932.6
1325210 936.0
1325220 936.0
1325230 939.6
1325240 943.8
1325250 943.8
1325260 949.3
1325270 954.6
1325280 954.6
1325290 959.4
1325300 963.8
1325310 963.8
1325320 968.3
1325330 972.3
1325340 972.3
1325350 975.3
1325360 976.6
1325370 976.6
1325380 978.1
1325390 980.1
1325400 980.1
1325410 982.0
1325420 984.5
1325430 984.5
1325440 987.3
1325450 989.7
1325460 989.7
1325470 991.1
1325480 993.2
1325490 993.2
1325500 996.1
1325510 999.9
1325520 1004.8
1325530 1004.8
1325540 1009.7
1325550 1014.6
1325560 1014.6
1325570 1018.5
1325580 1022.0
1325590 1022.0
1325600 1025.6
1325610 1029.8
1325620 1029.8
1325630 1035.8
1325640 1040.7
1325650 1040.7
1325660 1043.4
1325670 1045.5
1325680 1045.5
1325690 1047.2
1325700 1049.5
1325710 1049.5
1325720 1051.9
1325730 1054.1
1325740 1054.1
1325750 1060.2
1325760 1062.2
1325770 1062.2
1325780 1064.1
1325790 1065.6
1325800 1065.6
1325810 1065.4
1325820 1064.2
1325830 1064.2
1325840 1061.2
1325850 1057.6
1325860 1057.6
1325870 1053.7
1325880 1050.7
1325890 1046.3
1325900 1046.3
1325910 1041.5
1325920 1036.9
1325930 1036.9
1325940 1033.5
1325950 1034.2
1325960 1034.2
1325970 1033.4
1325980 1031.7
1325990 1031.7
1326000 1030.0
1326010 1029.1
1326020 1029.1
1326030 1029.9
1326040 1034.2
1326050 1034.2
1326060 1039.3
1326070 1044.2
1326080 1044.2
1326090 1048.2
1326100 1051.6
1326110 1051.6
1326120 1054.2
1326130 1056.1
1326140 1056.1
1326150 1057.4
1326160 1058.5
1326170 1058.5
1326180 1059.1
1326190 1059.0
1326200 1059.0
1326210 1058.7
1326220 1058.8
1326230 1058.8
1326240 1058.7
1326250 1059.3
1326260 1059.3
1326270 1059.8
1326280 1060.6
1326290 1061.5
1326300 1061.5
1326310 1062.1
1326320 1063.2
1326330 1063.2
1326340 1064.5
1326350 1066.7
1326360 1066.7
1326370 1069.9
1326380 1073.6
1326390 1073.6
1326400 1076.2
1326410 1078.6
1326420 1078.6
1326430 1080.7
1326440 1081.3
1326450 1081.3
1326460 1082.4
1326470 1086.1
1326480 1086.1
1326490 1090.7
1326500 1094.7
1326510 1094.7
1326520 1099.5
1326530 1104.3
1326540 1104.3
1326550 1108.3
1326560 1113.4
1326570 1113.4
1326580 1117.3
1326590 1121.6
1326600 1121.6
1326610 1124.4
1326620 1128.2
1326630 1128.2
1326640 1131.7
1326650 1134.8
1326660 1137.4
1326670 1137.4
1326680 1139.6
1326690 1141.7
1326700 1141.7
1326710 1143.7
1326720 1145.6
1326730 1145.6
1326740 1147.3
1326750 1148.6
1326760 1148.6
1326770 1149.6
1326780 1150.3
1326790 1150.3
1326800 1150.8
1326810 1151.1
1326820 1151.1
1326830 1151.1
1326840 1150.7
1326850 1150.7
1326860 1150.1
1326870 1149.3
1326880 1149.3
1326890 1148.5
1326900 1147.6
1326910 1147.6
1326920 1146.6
1326930 1145.8
1326940 1145.8
1326950 1144.7
1326960 1144.1
1326970 1144.1
1326980 1143.5
1326990 1142.2
1327000 1142.2
1327010 1140.1
1327020 1139.2
1327030 1139.2
1327040 1138.2
1327050 1136.4
1327060 1136.1
1327070 1136.1
1327080 1133.1
1327090 1133.7
1327100 1133.7
1327110 1131.7
1327120 1123.1
1327130 1123.1
1327140 1119.2
1327150 1125.8
1327160 1125.8
1327170 1130.4
1327180 1131.5
1327190 1131.5
1327200 1130.6
1327210 1133.1
1327220 1133.1
1327230 1135.0
1327240 1138.1
1327250 1138.1
1327260 1141.7
1327270 1144.9
1327280 1144.9
1327290 1148.0
1327300 1150.7
1327310 1150.7
1327320 1153.2
1327330 1155.3
1327340 1155.3
1327350 1157.2
1327360 1158.9
1327370 1161.6
1327380 1162.9
1327390 1163.6
1327400 1163.6
1327410 1163.8
1327420 1163.7
1327430 1162.7
1327440 1162.7
1327450 1160.5
1327460 1157.0
1327470 1157.0
1327480 1153.3
1327490 1152.8
1327500 1152.8
1327510 1151.0
1327520 1150.5
1327530 1150.5
1327540 1149.1
1327550 1148.1
1327560 1148.1
1327570 1147.4
1327580 1146.6
1327590 1146.6
1327600 1147.9
1327610 1151.1
1327620 1151.1
1327630 1155.2
1327640 1159.3
1327650 1159.3
1327660 1163.0
1327670 1166.1
1327680 1166.1
1327690 1168.9
1327700 1171.4
1327710 1171.4
1327720 1173.4
1327730 1175.2
1327740 1175.2
1327750 1176.4
1327760 1177.1
1327770 1177.1
1327780 1177.2
1327790 1176.5
1327800 1175.2
1327810 1175.2
1327820 1173.9
1327830 1172.7
1327840 1172.7
1327850 1170.9
1327860 1171.8
1327870 1171.8
1327880 1172.8
1327890 1174.2
1327900 1174.2
1327910 1175.6
1327920 1176.3
1327930 1176.3
1327940 1176.6
1327950 1177.1
1327960 1177.1
1327970 1177.5
1327980 1177.5
1327990 1177.5
1328000 1177.4
1328010 1177.4
1328020 1177.4
1328030 1177.8
1328040 1179.7
1328050 1179.7
1328060 1181.0
1328070 1181.6
1328080 1181.6
1328090 1182.2
1328100 1183.8
1328110 1183.8
1328120 1184.4
1328130 1185.2
1328140 1185.2
1328150 1186.1
1328160 1186.9
1328170 1186.9
1328180 1187.6
1328190 1191.3
1328200 1191.6
1328210 1191.6
1328220 1192.1
1328230 1192.6
1328240 1192.6
1328250 1193.1
1328260 1193.7
1328270 1193.7
1328280 1194.1
1328290 1194.1
1328300 1194.1
1328310 1193.9
1328320 1193.9
1328330 1193.9
1328340 1194.5
1328350 1194.1
1328360 1194.1
1328370 1194.5
1328380 1195.5
1328390 1195.5
1328400 1195.9
1328410 1196.1
1328420 1196.1
1328430 1195.4
1328440 1194.1
1328450 1194.1
1328460 1194.0
1328470 1195.6
1328480 1195.6
1328490 1196.8
1328500 1196.7
1328510 1196.7
1328520 1196.4
1328530 1197.8
1328540 1197.8
1328550 1199.6
1328560 1200.1
1328570 1198.9
1328580 1198.9
1328590 1198.6
1328600 1199.8
1328610 1199.8
1328620 1199.0
1328630 1196.8
1328640 1196.8
1328650 1196.8
1328660 1196.3
1328670 1196.3
1328680 1195.5
1328690 1198.7
1328700 1198.7
1328710 1204.1
1328720 1205.6
1328730 1205.6
1328740 1206.3
1328750 1206.8
1328760 1206.8
1328770 1207.3
1328780 1206.8
1328790 1206.8
1328800 1208.1
1328810 1211.0
1328820 1211.0
1328830 1212.7
1328840 1214.0
1328850 1214.0
1328860 1214.8
1328870 1215.9
1328880 1215.9
1328890 1216.7
1328900 1216.9
1328910 1216.9
1328920 1216.9
1328930 1216.3
1328940 1216.3
1328950 1217.2
1328960 1218.5
1328970 1219.8
1328980 1219.8
1328990 1221.5
1329000 1223.0
1329010 1224.6
1329020 1226.0
1329030 1227.5
1329040 1227.5
1329050 1229.0
1329060 1230.1
1329070 1230.1
1329080 1229.9
1329090 1227.1
1329100 1227.1
1329110 1227.5
1329120 1231.6
1329130 1231.6
1329140 1234.5
1329150 1237.8
1329160 1237.8
1329170 1241.0
1329180 1243.4
1329190 1243.4
1329200 1245.2
1329210 1246.5
1329220 1246.5
1329230 1247.6
1329240 1249.0
1329250 1249.0
1329260 1250.6
1329270 1251.9
1329280 1251.9
1329290 1252.2
1329300 1252.3
1329310 1252.3
1329320 1252.9
1329330 1253.7
1329340 1254.6
1329350 1254.6
1329360 1255.6
1329370 1257.1
1329380 1257.1
1329390 1258.6
1329400 1260.3
1329410 1260.3
1329420 1262.0
1329430 1263.4
1329440 1263.4
1329450 1264.6
1329460 1265.3
1329470 1265.3
1329480 1264.5
1329490 1262.4
1329500 1262.4
1329510 1259.2
1329520 1256.6
1329530 1256.6
1329540 1255.5
1329550 1258.1
1329560 1258.1
1329570 1260.4
1329580 1262.5
1329590 1262.5
1329600 1265.0
1329610 1268.1
1329620 1268.1
1329630 1270.0
1329640 1270.9
1329650 1270.9
1329660 1271.5
1329670 1272.5
1329680 1272.5
1329690 1273.8
1329700 1274.8
1329710 1275.9
1329720 1275.9
1329730 1277.3
1329740 1278.8
1329750 1278.8
1329760 1280.1
1329770 1281.3
1329780 1281.3
1329790 1282.4
1329800 1283.3
1329810 1283.3
1329820 1284.9
1329830 1286.6
1329840 1285.8
1329850 1288.2
1329860 1290.9
1329870 1290.9
1329880 1293.2
1329890 1295.3
1329900 1295.3
1329910 1297.0
1329920 1298.5
1329930 1298.5
1329940 1299.9
1329950 1301.5
1329960 1301.5
1329970 1303.5
1329980 1305.1
1329990 1305.1
1330000 1306.4
1330010 1307.8
1330020 1307.8
1330030 1309.0
1330040 1309.8
1330050 1309.8
1330060 1310.5
1330070 1310.9
1330080 1310.9
1330090 1311.4
1330100 1312.0
1330110 1312.8
1330120 1312.8
1330130 1313.5
1330140 1314.3
1330150 1314.3
1330160 1315.5
1330170 1316.9
1330180 1316.9
1330190 1318.0
1330200 1318.8
1330210 1318.8
1330220 1319.2
1330230 1318.9
1330240 1318.9
1330250 1318.3
1330260 1318.3
1330270 1318.3
1330280 1318.4
1330290 1318.6
1330300 1318.6
1330310 1318.9
1330320 1319.3
1330330 1319.3
1330340 1319.7
1330350 1320.2
1330360 1320.2
1330370 1319.9
1330380 1319.1
1330390 1319.1
1330400 1320.4
1330410 1321.4
1330420 1321.4
1330430 1322.7
1330440 1324.4
1330450 1324.4
1330460 1326.3
1330470 1327.8
1330480 1329.2
1330490 1329.2
1330500 1330.6
1330510 1331.7
1330520 1331.7
1330530 1332.7
1330540 1334.0
1330550 1334.0
1330560 1335.2
1330570 1336.5
1330580 1336.5
1330590 1337.5
1330600 1338.8
1330610 1338.8
1330620 1339.9
1330630 1340.5
1330640 1340.5
1330650 1340.9
1330660 1341.0
1330670 1341.8
1330680 1341.5
1330690 1341.2
1330700 1341.2
1330710 1341.3
1330720 1341.4
1330730 1341.4
1330740 1341.5
1330750 1341.7
1330760 1341.7
1330770 1341.8
1330780 1341.9
1330790 1341.9
1330800 1342.4
1330810 1343.0
1330820 1343.0
1330830 1344.1
1330840 1344.0
1330850 1345.1
1330860 1345.1
1330870 1346.2
1330880 1347.0
1330890 1347.0
1330900 1347.3
1330910 1347.0
1330920 1347.0
1330930 1346.4
1330940 1345.5
1330950 1345.5
1330960 1344.3
1330970 1343.1
1330980 1343.1
1330990 1341.5
1331000 1339.6
1331010 1339.6
1331020 1337.6
1331030 1335.3
1331040 1335.3
1331050 1333.1
1331060 1329.9
1331070 1329.9
1331080 1325.5
1331090 1321.7
1331100 1321.7
1331110 1318.9
1331120 1316.9
1331130 1316.9
1331140 1315.5
1331150 1314.3
1331160 1314.3
1331170 1313.0
1331180 1311.6
1331190 1311.6
1331200 1310.3
1331210 1308.9
1331220 1308.9
1331230 1307.4
1331240 1306.1
1331250 1304.7
1331260 1304.7
1331270 1303.7
1331280 1303.3
1331290 1303.3
1331300 1303.8
1331310 1303.7
1331320 1303.7
1331330 1303.2
1331340 1302.3
1331350 1302.3
1331360 1301.5
1331370 1300.7
1331380 1300.7
1331390 1299.8
1331400 1298.8
1331410 1298.8
1331420 1297.5
1331430 1296.4
1331440 1296.4
1331450 1295.1
1331460 1294.1
1331470 1294.1
1331480 1292.6
1331490 1291.1
1331500 1292.6
1331510 1292.9
1331520 1293.8
1331530 1293.8
1331540 1295.1
1331550 1296.4
1331560 1296.4
1331570 1297.5
1331580 1298.0
1331590 1298.0
1331600 1298.9
1331610 1299.7
1331620 1300.6
1331630 1300.6
1331640 1301.3
1331650 1301.8
1331660 1301.8
1331670 1302.6
1331680 1303.2
1331690 1303.2
1331700 1303.5
1331710 1304.8
1331720 1304.8
1331730 1305.9
1331740 1306.8
1331750 1306.8
1331760 1307.6
1331770 1308.1
1331780 1308.1
1331790 1308.1
1331800 1307.0
1331810 1307.0
1331820 1308.1
1331830 1310.0
1331840 1310.0
1331850 1310.6
1331860 1309.7
1331870 1309.7
1331880 1311.1
1331890 1312.4
1331900 1312.4
1331910 1314.3
1331920 1314.3
1331930 1314.3
1331940 1314.5
1331950 1315.0
1331960 1315.0
1331970 1315.1
1331980 1315.3
1331990 1315.3
1332000 1315.1
1332010 1315.2
1332020 1315.1
1332030 1315.1
1332040 1315.1
1332050 1315.0
1332060 1315.0
1332070 1314.8
1332080 1313.9
1332090 1313.9
1332100 1311.9
1332110 1309.0
1332120 1309.0
1332130 1304.9
1332140 1301.2
1332150 1301.2
1332160 1298.9
1332170 1297.5
1332180 1297.5
1332190 1297.4
1332200 1296.3
1332210 1296.3
1332220 1295.1
1332230 1294.5
1332240 1294.5
1332250 1294.5
1332260 1294.2
1332270 1294.2
1332280 1294.6
1332290 1295.4
1332300 1295.4
1332310 1295.8
1332320 1296.3
1332330 1296.3
1332340 1299.4
1332350 1299.2
1332360 1299.2
1332370 1298.3
1332380 1297.0
1332390 1296.3
1332400 1296.3
1332410 1295.6
1332420 1294.9
1332430 1294.9
1332440 1295.3
1332450 1295.8
1332460 1295.8
1332470 1297.1
1332480 1297.5
1332490 1297.5
1332500 1297.0
1332510 1296.6
1332520 1296.6
1332530 1296.0
1332540 1295.2
1332550 1295.2
1332560 1294.5
1332570 1294.0
1332580 1294.0
1332590 1293.7
1332600 1292.9
1332610 1292.9
1332620 1292.6
1332630 1292.8
1332640 1292.8
1332650 1292.8
1332660 1292.3
1332670 1292.3
1332680 1291.9
1332690 1291.4
1332700 1291.4
1332710 1291.0
1332720 1290.1
1332730 1290.1
1332740 1288.8
1332750 1287.1
1332760 1284.9
1332770 1284.9
1332780 1282.0
1332790 1278.8
1332800 1278.8
1332810 1274.5
1332820 1269.6
1332830 1269.6
1332840 1264.5
1332850 1259.4
1332860 1259.4
1332870 1254.2
1332880 1248.9
1332890 1248.9
1332900 1243.2
1332910 1236.9
1332920 1236.9
1332930 1232.5
1332940 1229.9
1332950 1229.9
1332960 1225.5
1332970 1221.5
1332980 1221.5
1332990 1222.1
1333000 1225.4
1333010 1225.4
1333020 1230.5
1333030 1234.9
1333040 1234.9
1333050 1237.5
1333060 1237.3
1333070 1237.3
1333080 1236.2
1333090 1234.5
1333100 1234.5
1333110 1233.1
1333120 1232.3
1333130 1232.3
1333140 1231.3
1333150 1230.4
1333160 1228.6
1333170 1228.6
1333180 1230.5
1333190 1229.2
1333200 1229.2
1333210 1226.7
1333220 1222.4
1333230 1222.4
1333240 1218.0
1333250 1214.8
1333260 1214.8
1333270 1211.6
1333280 1211.0
1333290 1211.0
1333300 1215.0
1333310 1214.7
1333320 1214.7
1333330 1212.2
1333340 1213.0
1333350 1213.0
1333360 1215.9
1333370 1217.4
1333380 1217.4
1333390 1218.7
1333400 1219.0
1333410 1219.0
1333420 1218.4
1333430 1216.3
1333440 1216.3
1333450 1212.6
1333460 1209.3
1333470 1209.3
1333480 1207.8
1333490 1209.1
1333500 1209.1
1333510 1211.5
1333520 1213.0
1333530 1214.5
1333540 1214.5
1333550 1215.4
1333560 1217.0
1333570 1217.0
1333580 1217.8
1333590 1217.6
1333600 1217.6
1333610 1216.4
1333620 1214.2
1333630 1214.2
1333640 1211.1
1333650 1207.3
1333660 1207.3
1333670 1203.0
1333680 1198.6
1333690 1198.6
1333700 1195.9
1333710 1195.2
1333720 1195.2
1333730 1196.4
1333740 1196.5
1333750 1196.5
1333760 1195.9
1333770 1195.4
1333780 1195.4
1333790 1195.5
1333800 1195.4
1333810 1195.4
1333820 1195.1
1333830 1194.1
1333840 1194.1
1333850 1192.4
1333860 1191.0
1333870 1191.0
1333880 1190.3
1333890 1189.6
1333900 1189.6
1333910 1189.2
1333920 1189.2
1333930 1189.3
1333940 1189.3
1333950 1189.6
1333960 1190.1
1333970 1190.1
1333980 1190.2
1333990 1190.1
1334000 1190.1
1334010 1189.4
1334020 1188.4
1334030 1189.9
1334040 1188.5
1334050 1186.9
1334060 1186.9
1334070 1184.9
1334080 1182.4
1334090 1182.4
1334100 1179.7
1334110 1177.1
1334120 1177.1
1334130 1174.8
1334140 1172.1
1334150 1172.1
1334160 1169.5
1334170 1166.8
1334180 1166.8
1334190 1164.1
1334200 1161.0
1334210 1161.0
1334220 1157.6
1334230 1154.0
1334240 1154.0
1334250 1150.6
1334260 1148.1
1334270 1148.1
1334280 1145.8
1334290 1143.2
1334300 1140.5
1334310 1140.5
1334320 1136.5
1334330 1132.6
1334340 1132.6
1334350 1128.9
1334360 1124.9
1334370 1124.9
1334380 1120.6
1334390 1115.9
1334400 1115.9
1334410 1111.6
1334420 1106.8
1334430 1106.8
1334440 1101.3
1334450 1095.9
1334460 1095.9
1334470 1093.8
1334480 1095.3
1334490 1095.3
1334500 1093.7
1334510 1092.9
1334520 1092.9
1334530 1092.7
1334540 1091.7
1334550 1091.7
1334560 1090.7
1334570 1089.6
1334580 1089.6
1334590 1088.0
1334600 1085.5
1334610 1085.5
1334620 1081.9
1334630 1080.0
1334640 1080.0
1334650 1077.9
1334660 1074.7
1334670 1071.2
1334680 1071.2
1334690 1068.7
1334700 1067.6
1334710 1067.6
1334720 1065.9
1334730 1062.3
1334740 1062.3
1334750 1059.0
1334760 1058.6
1334770 1058.6
1334780 1060.0
1334790 1063.2
1334800 1063.2
1334810 1064.1
1334820 1065.7
1334830 1065.7
1334840 1065.8
1334850 1062.4
1334860 1062.4
1334870 1056.5
1334880 1051.1
1334890 1053.5
1334900 1055.4
1334910 1056.8
1334920 1056.8
1334930 1057.8
1334940 1059.8
1334950 1059.8
1334960 1060.9
1334970 1058.9
1334980 1058.9
1334990 1054.3
1335000 1051.6
1335010 1051.6
1335020 1051.1
1335030 1051.3
1335040 1051.3
1335050 1051.7
1335060 1052.2
1335070 1052.1
1335080 1052.1
1335090 1051.3
1335100 1049.9
1335110 1049.9
1335120 1048.2
1335130 1046.4
1335140 1046.4
1335150 1045.7
1335160 1044.7
1335170 1044.7
1335180 1043.6
1335190 1042.7
1335200 1042.7
1335210 1041.6
1335220 1040.1
1335230 1040.1
1335240 1038.4
1335250 1037.1
1335260 1037.1
1335270 1035.5
1335280 1033.2
1335290 1033.2
1335300 1031.4
1335310 1030.1
1335320 1030.1
1335330 1028.0
1335340 1025.0
1335350 1025.0
1335360 1020.5
1335370 1015.3
1335380 1015.3
1335390 1010.9
1335400 1006.3
1335410 1006.3
1335420 1001.8
1335430 997.1
1335440 994.8
1335450 994.8
1335460 994.3
1335470 993.2
1335480 993.2
1335490 991.9
1335500 990.3
1335510 990.3
1335520 989.2
1335530 988.1
1335540 988.1
1335550 986.2
1335560 983.5
1335570 983.5
1335580 980.8
1335590 979.3
1335600 979.3
1335610 978.5
1335620 977.8
1335630 977.8
1335640 976.1
1335650 972.2
1335660 972.2
1335670 969.4
1335680 966.8
1335690 966.8
1335700 963.4
1335710 960.3
1335720 960.3
1335730 957.4
1335740 957.2
1335750 957.2
1335760 953.5
1335770 949.3
1335780 949.3
1335790 944.7
1335800 943.9
1335810 947.2
1335820 947.2
1335830 949.5
1335840 948.6
1335850 948.6
1335860 944.1
1335870 939.0
1335880 939.0
1335890 937.8
1335900 938.5
1335910 938.5
1335920 936.1
1335930 932.4
1335940 932.4
1335950 930.0
1335960 929.0
1335970 929.0
1335980 927.7
1335990 924.5
1336000 924.5
1336010 924.1
1336020 924.1
1336030 924.1
1336040 923.0
1336050 921.4
1336060 921.4
1336070 919.3
1336080 916.4
1336090 916.4
1336100 913.0
1336110 909.3
1336120 909.3
1336130 905.9
1336140 902.4
1336150 902.4
1336160 899.9
1336170 898.0
1336180 898.0
1336190 897.1
1336200 895.6
1336210 893.5
1336220 893.5
1336230 891.2
1336240 888.9
1336250 888.9
1336260 886.8
1336270 884.6
1336280 884.6
1336290 882.7
1336300 881.0
1336310 881.0
1336320 879.6
1336330 878.2
1336340 878.2
1336350 876.3
1336360 874.0
1336370 874.0
1336380 872.9
1336390 872.4
1336400 872.4
1336410 871.5
1336420 870.5
1336430 870.5
1336440 869.3
1336450 867.5
1336460 867.5
1336470 864.8
1336480 862.8
1336490 862.8
1336500 860.9
1336510 858.8
1336520 858.8
1336530 856.8
1336540 854.8
1336550 854.8
1336560 852.9
1336570 851.4
1336580 850.3
1336590 850.3
1336600 849.6
1336610 849.4
1336620 849.4
1336630 849.7
1336640 849.1
1336650 849.1
1336660 848.4
1336670 846.2
1336680 846.2
1336690 840.5
1336700 835.7
1336710 835.7
1336720 831.9
1336730 828.5
1336740 828.5
1336750 825.1
1336760 821.8
1336770 821.8
1336780 818.3
1336790 812.8
1336800 812.8
1336810 809.7
1336820 807.6
1336830 807.6
1336840 803.4
1336850 803.1
1336860 803.1
1336870 797.0
1336880 784.3
1336890 784.3
1336900 781.5
1336910 792.5
1336920 792.5
1336930 804.6
1336940 814.9
1336950 814.9
1336960 821.2
1336970 823.9
1336980 825.8
1336990 825.8
1337000 827.4
1337010 829.5
1337020 829.5
1337030 831.8
1337040 833.4
1337050 833.4
1337060 833.9
1337070 832.5
1337080 832.5
1337090 830.1
1337100 831.3
1337110 831.3
1337120 836.4
1337130 842.3
1337140 842.3
1337150 848.0
1337160 850.9
1337170 850.9
1337180 851.4
1337190 851.3
1337200 851.3
1337210 851.2
1337220 850.9
1337230 850.9
1337240 849.9
1337250 846.2
1337260 846.2
1337270 839.9
1337280 832.2
1337290 832.2
1337300 823.4
1337310 818.1
1337320 818.1
1337330 824.0
1337340 822.8
1337350 819.6
1337360 819.6
1337370 818.9
1337380 823.0
1337390 823.0
1337400 827.5
1337410 831.9
1337420 831.9
1337430 838.7
1337440 845.0
1337450 845.0
1337460 847.9
1337470 849.1
1337480 851.2
1337490 851.4
1337500 851.3
1337510 851.3
1337520 851.2
1337530 851.1
1337540 851.1
1337550 851.2
1337560 851.3
1337570 851.3
1337580 851.4
1337590 850.7
1337600 850.7
1337610 850.3
1337620 850.2
1337630 850.2
1337640 850.0
1337650 849.3
1337660 849.3
1337670 848.6
1337680 848.3
1337690 848.3
1337700 847.7
1337710 847.3
1337720 846.8
1337730 846.8
1337740 845.9
1337750 844.8
1337760 844.8
1337770 845.1
1337780 845.3
1337790 845.3
1337800 845.7
1337810 847.2
1337820 847.2
1337830 848.4
1337840 849.0
1337850 849.0
1337860 850.4
1337870 851.7
1337880 851.7
1337890 852.4
1337900 852.5
1337910 852.5
1337920 852.8
1337930 853.0
1337940 853.0
1337950 853.1
1337960 853.7
1337970 853.7
1337980 854.3
1337990 855.1
1338000 855.1
1338010 856.7
1338020 858.1
1338030 858.1
1338040 859.3
1338050 860.6
1338060 860.6
1338070 862.0
1338080 863.4
1338090 863.4
1338100 864.9
1338110 866.0
1338120 867.2
1338130 867.2
1338140 867.6
1338150 867.7
1338160 867.7
1338170 867.4
1338180 866.9
1338190 866.9
1338200 866.3
1338210 865.4
1338220 865.4
1338230 864.3
1338240 863.0
1338250 863.0
1338260 861.5
1338270 859.7
1338280 859.7
1338290 858.0
1338300 857.2
1338310 857.2
1338320 855.8
1338330 852.8
1338340 852.8
1338350 848.7
1338360 845.1
1338370 845.1
1338380 843.4
1338390 840.5
1338400 840.5
1338410 834.0
1338420 827.2
1338430 827.2
1338440 821.5
1338450 816.6
1338460 816.6
1338470 812.1
1338480 807.5
1338490 802.9
1338500 802.9
1338510 798.9
1338520 796.2
1338530 796.2
1338540 793.6
1338550 790.1
1338560 790.1
1338570 786.8
1338580 787.8
1338590 787.8
1338600 788.9
1338610 792.1
1338620 792.1
1338630 797.6
1338640 801.8
1338650 801.8
1338660 805.6
1338670 810.2
1338680 810.2
1338690 815.0
1338700 819.8
1338710 819.8
1338720 824.8
1338730 828.4
1338740 828.4
1338750 829.6
1338760 829.4
1338770 829.4
1338780 829.0
1338790 828.6
1338800 828.6
1338810 828.9
1338820 830.4
1338830 830.4
1338840 832.6
1338850 834.9
1338860 834.9
1338870 836.1
1338880 835.7
1338890 834.9
1338900 834.9
1338910 833.1
1338920 829.1
1338930 829.1
1338940 823.1
1338950 816.4
1338960 816.4
1338970 809.9
1338980 804.9
1338990 804.9
1339000 799.9
1339010 797.4
1339020 797.4
1339030 799.3
1339040 801.2
1339050 801.2
1339060 802.9
1339070 805.1
1339080 805.1
1339090 805.7
1339100 806.4
1339110 806.4
1339120 808.4
1339130 809.7
1339140 809.7
1339150 811.0
1339160 811.9
1339170 811.9
1339180 812.5
1339190 812.3
1339200 812.3
1339210 811.2
1339220 808.8
1339230 813.5
1339240 810.7
1339250 810.1
1339260 810.4
1339270 810.4
1339280 811.5
1339290 813.5
1339300 813.5
1339310 816.8
1339320 821.7
1339330 821.7
1339340 826.7
1339350 830.4
1339360 830.4
1339370 831.3
1339380 831.1
1339390 831.1
1339400 830.9
1339410 830.7
1339420 830.7
1339430 830.5
1339440 830.4
1339450 830.4
1339460 830.3
1339470 830.5
1339480 830.5
1339490 831.1
1339500 831.6
1339510 831.6
1339520 831.7
1339530 831.7
1339540 831.7
1339550 831.7
1339560 831.9
1339570 831.9
1339580 832.0
1339590 832.3
1339600 832.3
1339610 832.7
1339620 832.8
1339630 832.5
1339640 832.5
1339650 832.3
1339660 832.2
1339670 832.2
1339680 832.2
1339690 832.1
1339700 832.1
1339710 832.5
1339720 832.8
1339730 832.8
1339740 832.5
1339750 831.4
1339760 831.4
1339770 830.4
1339780 829.9
1339790 829.9
1339800 830.7
1339810 832.5
1339820 832.5
1339830 833.3
1339840 833.5
1339850 833.5
1339860 833.6
1339870 833.5
1339880 833.5
1339890 833.7
1339900 833.8
1339910 833.8
1339920 833.9
1339930 833.8
1339940 833.8
1339950 833.5
1339960 833.3
1339970 833.3
1339980 833.4
1339990 833.8
