1320000 992.3
1320010 992.3
1320020 988.4
1320030 986.2
1320040 986.2
1320050 991.0
1320060 993.9
1320070 993.9
1320080 994.4
1320090 995.5
1320100 995.5
1320110 995.9
1320120 997.4
1320130 997.4
1320140 1000.9
1320150 1003.2
1320160 1003.2
1320170 1004.8
1320180 1006.8
1320190 1009.0
1320200 1009.0
1320210 1010.3
1320220 1012.3
1320230 1012.3
1320240 1014.3
1320250 1015.6
1320260 1015.6
1320270 1016.7
1320280 1017.8
1320290 1017.8
1320300 1018.2
1320310 1019.7
1320320 1019.7
1320330 1020.5
1320340 1020.9
1320350 1020.9
1320360 1021.1
1320370 1022.1
1320380 1022.1
1320390 1022.0
1320400 1022.9
1320410 1022.9
1320420 1023.7
1320430 1023.9
1320440 1023.9
1320450 1023.7
1320460 1023.9
1320470 1023.9
1320480 1023.9
1320490 1023.7
1320500 1023.7
1320510 1022.7
1320520 1021.3
1320530 1021.3
1320540 1022.1
1320550 1020.5
1320560 1018.6
1320570 1018.6
1320580 1018.0
1320590 1016.1
1320600 1016.1
1320610 1014.6
1320620 1013.0
1320630 1013.0
1320640 1011.5
1320650 1009.4
1320660 1009.4
1320670 1007.4
1320680 1005.7
1320690 1005.7
1320700 1004.2
1320710 1002.5
1320720 1002.5
1320730 1000.8
1320740 998.1
1320750 998.1
1320760 994.8
1320770 991.9
1320780 991.9
1320790 993.8
1320800 994.9
1320810 994.9
1320820 993.3
1320830 995.3
1320840 995.3
1320850 991.4
1320860 987.2
1320870 987.2
1320880 983.4
1320890 981.7
1320900 981.7
1320910 981.5
1320920 983.5
1320930 984.9
1320940 984.9
1320950 982.5
1320960 983.3
1320970 983.3
1320980 985.0
1320990 985.5
1321000 985.5
1321010 986.2
1321020 987.2
1321030 987.2
1321040 987.3
1321050 988.7
1321060 988.7
1321070 991.5
1321080 992.9
1321090 992.9
1321100 992.5
1321110 989.9
1321120 989.9
1321130 984.5
1321140 979.6
1321150 979.6
1321160 976.5
1321170 974.0
1321180 974.0
1321190 972.2
1321200 970.3
1321210 970.3
1321220 969.6
1321230 970.3
1321240 970.3
1321250 970.4
1321260 969.3
1321270 969.3
1321280 966.8
1321290 963.9
1321300 963.9
1321310 962.2
1321320 960.4
1321330 957.2
1321340 957.2
1321350 954.0
1321360 951.2
1321370 951.2
1321380 950.1
1321390 950.4
1321400 950.4
1321410 950.0
1321420 946.8
1321430 946.8
1321440 943.5
1321450 939.3
1321460 939.3
1321470 940.3
1321480 943.7
1321490 943.7
1321500 944.8
1321510 943.6
1321520 943.6
1321530 938.3
1321540 933.6
1321550 933.6
1321560 933.6
1321570 934.4
1321580 934.4
1321590 936.3
1321600 935.6
1321610 935.6
1321620 943.3
1321630 943.8
1321640 943.8
1321650 944.5
1321660 944.7
1321670 944.7
1321680 944.2
1321690 943.1
1321700 941.7
1321710 941.7
1321720 941.2
1321730 940.5
1321740 940.5
1321750 938.9
1321760 937.0
1321770 937.0
1321780 935.3
1321790 932.6
1321800 932.6
1321810 929.8
1321820 927.2
1321830 927.2
1321840 925.1
1321850 923.6
1321860 923.6
1321870 922.1
1321880 920.4
1321890 920.4
1321900 918.7
1321910 916.8
1321920 916.8
1321930 914.8
1321940 912.6
1321950 912.6
1321960 910.6
1321970 908.8
1321980 908.8
1321990 906.9
1322000 904.3
1322010 904.3
1322020 900.6
1322030 895.0
1322040 895.0
1322050 887.5
1322060 879.7
1322070 871.8
1322080 871.8
1322090 866.4
1322100 866.8
1322110 866.8
1322120 866.5
1322130 864.9
1322140 864.9
1322150 861.3
1322160 856.3
1322170 856.3
1322180 849.8
1322190 844.3
1322200 844.3
1322210 838.2
1322220 831.0
1322230 831.0
1322240 823.3
1322250 816.8
1322260 816.8
1322270 810.5
1322280 803.5
1322290 803.5
1322300 798.0
1322310 792.3
1322320 792.3
1322330 787.6
1322340 785.8
1322350 785.8
1322360 785.2
1322370 785.5
1322380 785.5
1322390 785.9
1322400 785.9
1322410 785.7
1322420 785.5
1322430 785.3
1322440 785.3
1322450 785.5
1322460 786.0
1322470 786.9
1322480 786.9
1322490 789.3
1322500 793.1
1322510 793.1
1322520 795.3
1322530 797.8
1322540 797.8
1322550 800.5
1322560 805.1
1322570 805.1
1322580 810.3
1322590 814.6
1322600 814.6
1322610 818.5
1322620 818.1
1322630 818.1
1322640 814.2
1322650 812.7
1322660 812.7
1322670 811.7
1322680 813.1
1322690 813.1
1322700 815.2
1322710 817.0
1322720 817.0
1322730 817.1
1322740 816.6
1322750 816.6
1322760 819.6
1322770 821.7
1322780 821.7
1322790 823.1
1322800 823.5
1322810 823.5
1322820 824.5
1322830 826.5
1322840 827.4
1322850 827.4
1322860 827.2
1322870 826.6
1322880 826.6
1322890 825.5
1322900 823.4
1322910 823.4
1322920 821.5
1322930 820.4
1322940 820.4
1322950 818.4
1322960 815.3
1322970 815.3
1322980 806.9
1322990 790.5
1323000 790.5
1323010 783.8
1323020 787.0
1323030 787.0
1323040 793.6
1323050 809.2
1323060 809.2
1323070 815.3
1323080 817.5
1323090 817.5
1323100 820.3
1323110 821.7
1323120 821.7
1323130 821.1
1323140 822.0
1323150 822.0
1323160 821.6
1323170 818.3
1323180 818.3
1323190 814.9
1323200 813.4
1323210 810.6
1323220 810.6
1323230 808.4
1323240 805.6
1323250 805.6
1323260 803.3
1323270 804.6
1323280 804.6
1323290 807.3
1323300 808.9
1323310 808.9
1323320 810.5
1323330 814.0
1323340 814.0
1323350 817.4
1323360 820.6
1323370 820.6
1323380 823.9
1323390 827.5
1323400 827.5
1323410 831.1
1323420 834.5
1323430 834.5
1323440 837.6
1323450 840.5
1323460 840.5
1323470 842.2
1323480 843.4
1323490 843.4
1323500 844.9
1323510 847.2
1323520 847.2
1323530 850.4
1323540 853.4
1323550 853.4
1323560 855.7
1323570 857.5
1323580 857.5
1323590 860.1
1323600 862.3
1323610 863.8
1323620 863.8
1323630 865.9
1323640 868.3
1323650 868.3
1323660 870.3
1323670 872.4
1323680 872.4
1323690 874.9
1323700 876.9
1323710 876.9
1323720 879.2
1323730 882.1
1323740 882.1
1323750 885.4
1323760 888.5
1323770 888.5
1323780 889.7
1323790 890.2
1323800 890.2
1323810 891.4
1323820 892.2
1323830 892.2
1323840 891.7
1323850 891.3
1323860 891.3
1323870 891.5
1323880 892.9
1323890 892.9
1323900 895.4
1323910 898.1
1323920 898.1
1323930 901.0
1323940 903.5
1323950 903.5
1323960 905.9
1323970 910.2
1323980 916.0
1323990 910.1
1324000 916.2
1324010 919.9
1324020 919.9
1324030 921.7
1324040 923.3
1324050 923.3
1324060 924.5
1324070 925.3
1324080 925.3
1324090 925.6
1324100 925.3
1324110 925.3
1324120 928.1
1324130 931.0
1324140 931.0
1324150 933.2
1324160 935.5
1324170 935.5
1324180 937.5
1324190 938.9
1324200 938.9
1324210 939.6
1324220 940.2
1324230 940.2
1324240 940.6
1324250 940.9
1324260 940.9
1324270 941.7
1324280 943.4
1324290 943.4
1324300 945.1
1324310 946.1
1324320 946.1
1324330 946.5
1324340 947.0
1324350 947.8
1324360 947.8
1324370 947.9
1324380 947.9
1324390 947.9
1324400 947.9
1324410 948.2
1324420 948.2
1324430 950.3
1324440 951.5
1324450 951.5
1324460 952.8
1324470 954.6
1324480 954.6
1324490 956.7
1324500 957.1
1324510 957.1
1324520 957.7
1324530 959.4
1324540 959.4
1324550 960.9
1324560 961.7
1324570 961.7
1324580 962.7
1324590 965.0
1324600 965.0
1324610 966.5
1324620 967.7
1324630 967.7
1324640 969.5
1324650 971.0
1324660 971.0
1324670 972.5
1324680 975.0
1324690 975.0
1324700 978.9
1324710 983.2
1324720 986.2
1324730 986.2
1324740 989.7
1324750 993.5
1324760 993.5
1324770 997.5
1324780 1001.4
1324790 1001.0
1324800 1004.8
1324810 1008.6
1324820 1008.6
1324830 1012.1
1324840 1015.4
1324850 1015.4
1324860 1018.5
1324870 1021.5
1324880 1021.5
1324890 1024.5
1324900 1027.3
1324910 1027.3
1324920 1029.7
1324930 1031.1
1324940 1031.1
1324950 1031.9
1324960 1033.7
1324970 1033.7
1324980 1035.7
1324990 1037.5
1325000 1037.5
1325010 1040.4
1325020 1043.1
1325030 1043.1
1325040 1045.9
1325050 1048.7
1325060 1048.7
1325070 1050.5
1325080 1050.9
1325090 1050.9
1325100 1050.2
1325110 1050.3
1325120 1050.8
1325130 1050.8
1325140 1052.2
1325150 1053.8
1325160 1053.8
1325170 1056.7
1325180 1061.9
1325190 1061.9
1325200 1067.4
1325210 1070.0
1325220 1070.0
1325230 1073.5
1325240 1077.0
1325250 1077.0
1325260 1080.7
1325270 1083.3
1325280 1083.3
1325290 1085.5
1325300 1087.5
1325310 1087.5
1325320 1089.2
1325330 1091.1
1325340 1091.1
1325350 1092.5
1325360 1094.3
1325370 1094.3
1325380 1096.4
1325390 1099.0
1325400 1099.0
1325410 1101.8
1325420 1104.2
1325430 1104.2
1325440 1106.4
1325450 1110.3
1325460 1110.3
1325470 1113.8
1325480 1117.8
1325490 1120.4
1325500 1120.4
1325510 1122.1
1325520 1124.2
1325530 1124.2
1325540 1126.7
1325550 1129.8
1325560 1129.8
1325570 1132.9
1325580 1135.8
1325590 1136.0
1325600 1139.8
1325610 1142.8
1325620 1142.8
1325630 1144.8
1325640 1146.2
1325650 1146.2
1325660 1147.5
1325670 1149.3
1325680 1149.3
1325690 1150.8
1325700 1152.0
1325710 1152.0
1325720 1154.5
1325730 1156.8
1325740 1156.8
1325750 1158.5
1325760 1161.3
1325770 1161.3
1325780 1163.8
1325790 1167.1
1325800 1167.1
1325810 1169.5
1325820 1172.6
1325830 1172.6
1325840 1175.4
1325850 1178.1
1325860 1181.3
1325870 1181.3
1325880 1184.2
1325890 1187.0
1325900 1187.0
1325910 1190.0
1325920 1193.0
1325930 1193.0
1325940 1196.1
1325950 1199.3
1325960 1199.3
1325970 1202.5
1325980 1205.5
1325990 1205.5
1326000 1208.3
1326010 1211.0
1326020 1211.0
1326030 1213.4
1326040 1215.8
1326050 1215.8
1326060 1218.0
1326070 1220.2
1326080 1220.2
1326090 1222.6
1326100 1225.2
1326110 1225.2
1326120 1227.9
1326130 1230.7
1326140 1230.7
1326150 1233.3
1326160 1235.6
1326170 1235.6
1326180 1237.5
1326190 1239.2
1326200 1239.2
1326210 1240.7
1326220 1241.6
1326230 1241.6
1326240 1242.1
1326250 1242.1
1326260 1241.8
1326270 1241.8
1326280 1241.0
1326290 1239.0
1326300 1239.0
1326310 1235.5
1326320 1231.0
1326330 1231.0
1326340 1226.6
1326350 1222.9
1326360 1222.9
1326370 1219.4
1326380 1214.6
1326390 1214.6
1326400 1213.6
1326410 1206.0
1326420 1206.0
1326430 1207.4
1326440 1209.6
1326450 1209.6
1326460 1208.1
1326470 1212.6
1326480 1212.6
1326490 1219.6
1326500 1228.8
1326510 1228.8
1326520 1238.2
1326530 1244.9
1326540 1244.9
1326550 1250.2
1326560 1254.7
1326570 1254.7
1326580 1258.8
1326590 1262.5
1326600 1262.5
1326610 1265.1
1326620 1267.5
1326630 1271.5
1326640 1271.5
1326650 1275.2
1326660 1277.6
1326670 1277.6
1326680 1280.0
1326690 1282.8
1326700 1282.8
1326710 1285.1
1326720 1287.6
1326730 1287.6
1326740 1289.1
1326750 1289.9
1326760 1289.9
1326770 1291.7
1326780 1294.9
1326790 1294.9
1326800 1298.5
1326810 1301.2
1326820 1301.2
1326830 1302.1
1326840 1304.6
1326850 1304.6
1326860 1309.4
1326870 1313.1
1326880 1313.1
1326890 1316.0
1326900 1318.8
1326910 1318.8
1326920 1321.4
1326930 1324.0
1326940 1324.0
1326950 1326.7
1326960 1329.6
1326970 1329.6
1326980 1332.2
1326990 1334.8
1327000 1337.1
1327010 1337.1
1327020 1339.3
1327030 1341.0
1327040 1341.0
1327050 1342.3
1327060 1343.0
1327070 1343.0
1327080 1343.3
1327090 1343.3
1327100 1343.3
1327110 1343.3
1327120 1343.2
1327130 1343.2
1327140 1343.2
1327150 1343.1
1327160 1343.1
1327170 1340.8
1327180 1337.9
1327190 1337.9
1327200 1340.2
1327210 1345.2
1327220 1345.2
1327230 1345.4
1327240 1345.3
1327250 1345.3
1327260 1346.3
1327270 1346.6
1327280 1346.6
1327290 1347.3
1327300 1347.9
1327310 1347.9
1327320 1348.3
1327330 1348.7
1327340 1348.7
1327350 1349.3
1327360 1350.6
1327370 1350.6
1327380 1351.4
1327390 1351.3
1327400 1353.2
1327410 1353.2
1327420 1356.3
1327430 1358.1
1327440 1358.1
1327450 1358.8
1327460 1359.7
1327470 1359.7
1327480 1362.0
1327490 1363.6
1327500 1363.6
1327510 1364.2
1327520 1366.6
1327530 1366.6
1327540 1368.4
1327550 1370.6
1327560 1370.6
1327570 1372.8
1327580 1374.7
1327590 1374.7
1327600 1375.8
1327610 1375.5
1327620 1375.5
1327630 1376.6
1327640 1380.1
1327650 1380.1
1327660 1381.9
1327670 1383.3
1327680 1383.3
1327690 1384.6
1327700 1385.6
1327710 1385.6
1327720 1386.3
1327730 1386.3
1327740 1386.3
1327750 1385.7
1327760 1385.0
1327770 1383.8
1327780 1383.8
1327790 1380.8
1327800 1380.4
1327810 1380.4
1327820 1381.8
1327830 1380.9
1327840 1380.9
1327850 1379.8
1327860 1379.2
1327870 1379.2
1327880 1378.8
1327890 1377.4
1327900 1377.4
1327910 1376.3
1327920 1376.3
1327930 1376.3
1327940 1375.9
1327950 1375.6
1327960 1375.6
1327970 1375.5
1327980 1375.3
1327990 1375.3
1328000 1374.5
1328010 1373.3
1328020 1373.3
1328030 1369.7
1328040 1367.4
1328050 1367.4
1328060 1365.1
1328070 1362.6
1328080 1362.6
1328090 1360.7
1328100 1359.4
1328110 1359.4
1328120 1358.5
1328130 1357.8
1328140 1356.2
1328150 1356.2
1328160 1354.7
1328170 1354.1
1328180 1354.1
1328190 1355.7
1328200 1356.7
1328210 1356.7
1328220 1356.8
1328230 1356.0
1328240 1356.0
1328250 1355.3
1328260 1352.0
1328270 1352.0
1328280 1347.8
1328290 1350.1
1328300 1350.1
1328310 1350.0
1328320 1353.2
1328330 1353.2
1328340 1353.2
1328350 1352.2
1328360 1352.2
1328370 1351.7
1328380 1351.9
1328390 1351.9
1328400 1351.5
1328410 1351.5
1328420 1351.5
1328430 1352.1
1328440 1352.0
1328450 1352.0
1328460 1353.1
1328470 1351.9
1328480 1351.9
1328490 1351.5
1328500 1351.9
1328510 1351.9
1328520 1353.2
1328530 1353.8
1328540 1354.0
1328550 1354.0
1328560 1353.8
1328570 1353.7
1328580 1353.7
1328590 1350.5
1328600 1347.1
1328610 1347.1
1328620 1348.0
1328630 1350.6
1328640 1350.6
1328650 1351.3
1328660 1350.0
1328670 1350.0
1328680 1351.8
1328690 1355.7
1328700 1355.7
1328710 1360.0
1328720 1364.8
1328730 1364.8
1328740 1367.6
1328750 1369.5
1328760 1369.5
1328770 1370.9
1328780 1372.3
1328790 1372.3
1328800 1374.1
1328810 1375.3
1328820 1375.3
1328830 1376.4
1328840 1377.7
1328850 1380.0
1328860 1380.8
1328870 1381.7
1328880 1381.7
1328890 1383.4
1328900 1385.1
1328910 1386.8
1328920 1386.8
1328930 1388.5
1328940 1389.8
1328950 1389.8
1328960 1391.5
1328970 1393.0
1328980 1393.0
1328990 1393.9
1329000 1395.1
1329010 1395.1
1329020 1396.0
1329030 1396.9
1329040 1396.9
1329050 1397.6
1329060 1399.3
1329070 1399.3
1329080 1401.5
1329090 1403.1
1329100 1403.1
1329110 1404.4
1329120 1405.5
1329130 1405.5
1329140 1407.4
1329150 1408.5
1329160 1408.5
1329170 1410.3
1329180 1412.0
1329190 1412.0
1329200 1413.0
1329210 1413.9
1329220 1413.9
1329230 1413.9
1329240 1415.9
1329250 1415.9
1329260 1417.5
1329270 1416.0
1329280 1416.3
1329290 1416.3
1329300 1419.2
1329310 1421.1
1329320 1421.1
1329330 1421.9
1329340 1421.9
1329350 1421.9
1329360 1420.5
1329370 1419.9
1329380 1419.9
1329390 1421.7
1329400 1423.8
1329410 1423.8
1329420 1425.1
1329430 1425.7
1329440 1425.7
1329450 1426.5
1329460 1426.8
1329470 1426.8
1329480 1428.6
1329490 1430.2
1329500 1430.2
1329510 1432.1
1329520 1433.0
1329530 1433.0
1329540 1432.5
1329550 1434.6
1329560 1434.6
1329570 1436.5
1329580 1437.3
1329590 1437.3
1329600 1438.4
1329610 1439.5
1329620 1439.5
1329630 1440.4
1329640 1442.2
1329650 1443.9
1329660 1443.9
1329670 1448.0
1329680 1448.8
1329690 1448.8
1329700 1449.5
1329710 1450.4
1329720 1450.4
1329730 1451.6
1329740 1452.5
1329750 1452.5
1329760 1453.4
1329770 1454.1
1329780 1454.1
1329790 1454.4
1329800 1454.8
1329810 1454.8
1329820 1455.4
1329830 1455.7
1329840 1455.7
1329850 1456.0
1329860 1456.4
1329870 1456.4
1329880 1455.9
1329890 1455.2
1329900 1455.2
1329910 1456.2
1329920 1456.9
1329930 1456.9
1329940 1455.7
1329950 1454.1
1329960 1454.1
1329970 1453.5
1329980 1453.5
1329990 1453.5
1330000 1455.8
1330010 1456.8
1330020 1456.8
1330030 1456.4
1330040 1457.7
1330050 1457.9
1330060 1457.9
1330070 1457.3
1330080 1458.0
1330090 1458.0
1330100 1458.7
1330110 1459.1
1330120 1459.1
1330130 1459.6
1330140 1459.7
1330150 1459.7
1330160 1459.8
1330170 1459.9
1330180 1459.9
1330190 1459.4
1330200 1458.5
1330210 1458.5
1330220 1458.2
1330230 1458.1
1330240 1458.1
1330250 1458.1
1330260 1457.7
1330270 1457.7
1330280 1456.7
1330290 1455.6
1330300 1455.6
1330310 1454.1
1330320 1451.9
1330330 1451.9
1330340 1449.7
1330350 1447.4
1330360 1447.4
1330370 1445.2
1330380 1443.6
1330390 1443.6
1330400 1442.3
1330410 1441.2
1330420 1440.2
1330430 1440.2
1330440 1439.7
1330450 1439.1
1330460 1439.1
1330470 1437.6
1330480 1436.7
1330490 1436.7
1330500 1439.0
1330510 1439.5
1330520 1439.5
1330530 1439.5
1330540 1440.0
1330550 1440.0
1330560 1441.0
1330570 1442.2
1330580 1442.2
1330590 1443.3
1330600 1445.4
1330610 1445.4
1330620 1449.2
1330630 1451.7
1330640 1451.7
1330650 1453.5
1330660 1454.9
1330670 1454.9
1330680 1455.7
1330690 1457.0
1330700 1457.0
1330710 1457.9
1330720 1458.8
1330730 1458.8
1330740 1461.2
1330750 1464.2
1330760 1464.2
1330770 1467.4
1330780 1470.7
1330790 1473.5
1330800 1473.5
1330810 1475.6
1330820 1477.1
1330830 1477.1
1330840 1478.4
1330850 1479.4
1330860 1479.4
1330870 1480.1
1330880 1481.1
1330890 1481.1
1330900 1482.1
1330910 1483.5
1330920 1483.5
1330930 1483.8
1330940 1483.4
1330950 1483.4
1330960 1483.9
1330970 1484.8
1330980 1484.8
1330990 1485.4
1331000 1486.0
1331010 1486.0
1331020 1485.7
1331030 1487.8
1331040 1487.8
1331050 1489.7
1331060 1489.9
1331070 1489.9
1331080 1489.4
1331090 1488.6
1331100 1488.6
1331110 1487.0
1331120 1485.8
1331130 1485.8
1331140 1484.5
1331150 1482.4
1331160 1482.4
1331170 1480.9
1331180 1478.2
1331190 1474.2
1331200 1474.2
1331210 1472.8
1331220 1471.7
1331230 1471.7
1331240 1469.6
1331250 1467.9
1331260 1467.9
1331270 1466.4
1331280 1464.9
1331290 1464.9
1331300 1463.8
1331310 1463.0
1331320 1463.0
1331330 1462.3
1331340 1463.6
1331350 1463.6
1331360 1462.9
1331370 1462.0
1331380 1462.0
1331390 1460.5
1331400 1459.0
1331410 1459.0
1331420 1457.9
1331430 1456.3
1331440 1456.3
1331450 1454.3
1331460 1452.2
1331470 1452.2
1331480 1450.0
1331490 1447.5
1331500 1447.5
1331510 1444.5
1331520 1441.7
1331530 1441.7
1331540 1439.8
1331550 1437.3
1331560 1434.8
1331570 1434.8
1331580 1432.7
1331590 1431.1
1331600 1431.1
1331610 1429.9
1331620 1428.7
1331630 1428.7
1331640 1427.4
1331650 1425.8
1331660 1425.8
1331670 1424.3
1331680 1423.1
1331690 1423.1
1331700 1422.3
1331710 1421.0
1331720 1421.0
1331730 1419.4
1331740 1417.9
1331750 1417.9
1331760 1416.4
1331770 1414.8
1331780 1414.8
1331790 1413.8
1331800 1412.8
1331810 1412.8
1331820 1411.7
1331830 1410.3
1331840 1410.3
1331850 1408.1
1331860 1408.1
1331870 1408.1
1331880 1408.7
1331890 1408.8
1331900 1408.8
1331910 1409.0
1331920 1408.7
1331930 1407.6
1331940 1407.6
1331950 1406.0
1331960 1405.8
1331970 1405.8
1331980 1405.8
1331990 1405.4
1332000 1405.4
1332010 1404.8
1332020 1404.1
1332030 1404.1
1332040 1403.2
1332050 1402.5
1332060 1402.5
1332070 1401.9
1332080 1400.6
1332090 1400.6
1332100 1398.2
1332110 1397.0
1332120 1397.0
1332130 1396.2
1332140 1395.6
1332150 1395.6
1332160 1395.4
1332170 1397.9
1332180 1397.9
1332190 1397.8
1332200 1397.2
1332210 1397.2
1332220 1396.5
1332230 1396.3
1332240 1396.3
1332250 1397.2
1332260 1397.4
1332270 1397.4
1332280 1397.3
1332290 1397.3
1332300 1397.3
1332310 1398.1
1332320 1398.8
1332330 1400.2
1332340 1400.2
1332350 1401.8
1332360 1402.0
1332370 1402.0
1332380 1401.9
1332390 1401.5
1332400 1401.5
1332410 1400.8
1332420 1401.4
1332430 1401.4
1332440 1402.9
1332450 1404.1
1332460 1404.1
1332470 1404.1
1332480 1403.1
1332490 1403.1
1332500 1402.1
1332510 1401.5
1332520 1401.5
1332530 1400.9
1332540 1402.1
1332550 1402.1
1332560 1401.4
1332570 1401.9
1332580 1401.9
1332590 1402.2
1332600 1405.8
1332610 1405.8
1332620 1406.4
1332630 1406.3
1332640 1406.3
1332650 1406.1
1332660 1404.7
1332670 1404.7
1332680 1402.8
1332690 1400.5
1332700 1398.2
1332710 1398.2
1332720 1397.1
1332730 1398.4
1332740 1398.4
1332750 1398.1
1332760 1397.0
1332770 1397.0
1332780 1395.8
1332790 1395.2
1332800 1395.2
1332810 1394.7
1332820 1394.4
1332830 1394.4
1332840 1393.1
1332850 1391.0
1332860 1391.0
1332870 1391.0
1332880 1391.9
1332890 1391.9
1332900 1391.8
1332910 1392.8
1332920 1392.8
1332930 1391.3
1332940 1389.5
1332950 1389.5
1332960 1388.7
1332970 1388.6
1332980 1388.6
1332990 1388.2
1333000 1386.9
1333010 1386.9
1333020 1389.5
1333030 1387.7
1333040 1387.7
1333050 1386.3
1333060 1386.0
1333070 1386.2
1333080 1386.2
1333090 1387.1
1333100 1388.3
1333110 1388.3
1333120 1388.9
1333130 1389.7
1333140 1389.7
1333150 1390.4
1333160 1391.0
1333170 1391.0
1333180 1391.9
1333190 1392.8
1333200 1392.8
1333210 1392.2
1333220 1390.8
1333230 1390.8
1333240 1390.0
1333250 1389.0
1333260 1389.0
1333270 1387.6
1333280 1386.3
1333290 1386.3
1333300 1385.5
1333310 1383.9
1333320 1383.9
1333330 1381.5
1333340 1379.7
1333350 1379.7
1333360 1378.5
1333370 1376.9
1333380 1376.9
1333390 1375.7
1333400 1371.5
1333410 1371.5
1333420 1365.9
1333430 1360.5
1333440 1355.7
1333450 1355.7
1333460 1352.9
1333470 1349.7
1333480 1349.7
1333490 1346.9
1333500 1343.9
1333510 1343.9
1333520 1342.7
1333530 1342.0
1333540 1342.0
1333550 1340.5
1333560 1340.7
1333570 1340.7
1333580 1342.2
1333590 1344.0
1333600 1344.0
1333610 1344.9
1333620 1343.2
1333630 1343.2
1333640 1338.3
1333650 1334.8
1333660 1334.8
1333670 1334.6
1333680 1332.6
1333690 1332.6
1333700 1329.5
1333710 1327.1
1333720 1327.1
1333730 1324.5
1333740 1320.9
1333750 1320.9
1333760 1316.2
1333770 1314.0
1333780 1314.0
1333790 1312.9
1333800 1311.8
1333810 1311.8
1333820 1310.3
1333830 1308.2
1333840 1305.6
1333850 1305.6
1333860 1304.1
1333870 1303.5
1333880 1303.5
1333890 1301.3
1333900 1298.5
1333910 1298.5
1333920 1296.8
1333930 1295.3
1333940 1295.3
1333950 1293.8
1333960 1292.7
1333970 1292.7
1333980 1290.5
1333990 1288.5
1334000 1288.5
1334010 1285.1
1334020 1280.5
1334030 1280.5
1334040 1275.9
1334050 1270.2
1334060 1270.2
1334070 1264.5
1334080 1261.1
1334090 1261.1
1334100 1258.0
1334110 1254.6
1334120 1254.6
1334130 1251.6
1334140 1249.1
1334150 1249.1
1334160 1247.4
1334170 1245.8
1334180 1245.8
1334190 1244.2
1334200 1243.5
1334210 1243.9
1334220 1243.9
1334230 1243.1
1334240 1242.5
1334250 1242.5
1334260 1242.2
1334270 1244.0
1334280 1244.0
1334290 1247.4
1334300 1249.3
1334310 1249.3
1334320 1250.4
1334330 1250.5
1334340 1250.5
1334350 1250.9
1334360 1250.5
1334370 1250.5
1334380 1248.6
1334390 1247.4
1334400 1247.4
1334410 1246.2
1334420 1244.9
1334430 1244.9
1334440 1243.8
1334450 1243.1
1334460 1243.1
1334470 1244.9
1334480 1247.7
1334490 1247.7
1334500 1248.3
1334510 1248.3
1334520 1248.3
1334530 1247.2
1334540 1245.7
1334550 1245.7
1334560 1243.7
1334570 1242.2
1334580 1240.9
1334590 1240.9
1334600 1239.9
1334610 1238.4
1334620 1238.4
1334630 1237.1
1334640 1235.3
1334650 1235.3
1334660 1233.5
1334670 1232.6
1334680 1232.6
1334690 1230.9
1334700 1228.9
1334710 1228.9
1334720 1229.1
1334730 1225.8
1334740 1225.8
1334750 1222.3
1334760 1218.9
1334770 1218.9
1334780 1216.1
1334790 1214.1
1334800 1214.1
1334810 1212.2
1334820 1209.5
1334830 1209.5
1334840 1206.7
1334850 1205.6
1334860 1205.6
1334870 1205.7
1334880 1207.6
1334890 1207.6
1334900 1207.3
1334910 1205.7
1334920 1205.7
1334930 1202.0
1334940 1199.0
1334950 1199.0
1334960 1196.7
1334970 1194.1
1334980 1191.3
1334990 1191.3
1335000 1188.0
1335010 1184.3
1335020 1184.3
1335030 1180.6
1335040 1176.7
1335050 1176.7
1335060 1173.5
1335070 1173.2
1335080 1173.2
1335090 1173.8
1335100 1172.8
1335110 1172.8
1335120 1172.5
1335130 1175.1
1335140 1175.1
1335150 1177.3
1335160 1178.9
1335170 1178.9
1335180 1183.3
1335190 1187.8
1335200 1187.8
1335210 1189.1
1335220 1188.5
1335230 1188.5
1335240 1188.0
1335250 1187.0
1335260 1187.0
1335270 1185.2
1335280 1184.2
1335290 1184.2
1335300 1184.9
1335310 1184.5
1335320 1184.5
1335330 1184.7
1335340 1184.0
1335350 1182.8
1335360 1182.8
1335370 1181.6
1335380 1180.3
1335390 1180.3
1335400 1179.1
1335410 1177.8
1335420 1177.8
1335430 1176.5
1335440 1175.0
1335450 1175.0
1335460 1173.7
1335470 1171.7
1335480 1171.7
1335490 1170.5
1335500 1169.9
1335510 1169.9
1335520 1168.8
1335530 1167.3
1335540 1167.3
1335550 1165.2
1335560 1163.3
1335570 1163.3
1335580 1165.6
1335590 1163.5
1335600 1163.5
1335610 1161.5
1335620 1159.4
1335630 1159.4
1335640 1157.6
1335650 1155.8
1335660 1155.8
1335670 1153.0
1335680 1150.4
1335690 1150.4
1335700 1147.7
1335710 1144.5
1335720 1139.8
1335730 1139.8
1335740 1135.4
1335750 1133.0
1335760 1133.0
1335770 1131.2
1335780 1128.9
1335790 1128.9
1335800 1126.0
1335810 1122.0
1335820 1122.0
1335830 1118.0
1335840 1114.8
1335850 1114.8
1335860 1111.4
1335870 1107.7
1335880 1107.7
1335890 1103.5
1335900 1099.5
1335910 1099.5
1335920 1095.9
1335930 1092.1
1335940 1092.1
1335950 1088.1
1335960 1083.9
1335970 1083.9
1335980 1079.3
1335990 1074.4
1336000 1074.4
1336010 1068.9
1336020 1062.7
1336030 1062.7
1336040 1056.3
1336050 1049.8
1336060 1049.8
1336070 1043.7
1336080 1037.8
1336090 1037.8
1336100 1032.0
1336110 1026.6
1336120 1021.7
1336130 1021.7
1336140 1016.2
1336150 1010.6
1336160 1010.6
1336170 1004.9
1336180 999.6
1336190 999.6
1336200 994.0
1336210 987.9
1336220 987.9
1336230 981.3
1336240 974.9
1336250 974.9
1336260 969.4
1336270 963.8
1336280 963.8
1336290 957.9
1336300 952.8
1336310 952.8
1336320 949.6
1336330 946.7
1336340 946.7
1336350 942.2
1336360 937.8
1336370 937.8
1336380 933.6
1336390 929.8
1336400 929.8
1336410 926.3
1336420 923.0
1336430 923.0
1336440 915.8
1336450 911.8
1336460 911.8
1336470 908.1
1336480 905.5
1336490 900.9
1336500 900.9
1336510 896.5
1336520 893.0
1336530 893.0
1336540 889.0
1336550 884.4
1336560 884.4
1336570 878.9
1336580 873.6
1336590 873.6
1336600 869.2
1336610 864.5
1336620 864.5
1336630 859.2
1336640 858.5
1336650 858.5
1336660 859.4
1336670 859.6
1336680 859.6
1336690 860.1
1336700 862.1
1336710 862.1
1336720 865.8
1336730 869.2
1336740 869.2
1336750 872.5
1336760 875.3
1336770 875.3
1336780 878.6
1336790 881.3
1336800 881.3
1336810 883.9
1336820 886.5
1336830 886.5
1336840 888.4
1336850 889.5
1336860 891.2
1336870 891.2
1336880 894.1
1336890 896.4
1336900 896.4
1336910 898.7
1336920 901.1
1336930 901.1
1336940 902.3
1336950 902.4
1336960 902.4
1336970 904.6
1336980 908.1
1336990 908.1
1337000 911.2
1337010 912.3
1337020 912.3
1337030 912.8
1337040 914.4
1337050 914.4
1337060 915.6
1337070 917.5
1337080 917.5
1337090 920.1
1337100 923.2
1337110 923.2
1337120 925.6
1337130 927.3
1337140 927.3
1337150 928.5
1337160 929.5
1337170 929.5
1337180 930.6
1337190 932.5
1337200 932.5
1337210 935.9
1337220 938.1
1337230 940.0
1337240 940.0
1337250 940.8
1337260 941.1
1337270 941.1
1337280 943.7
1337290 947.5
1337300 947.5
1337310 954.8
1337320 956.3
1337330 956.3
1337340 958.3
1337350 962.8
1337360 962.8
1337370 968.5
1337380 971.7
1337390 971.7
1337400 972.9
1337410 974.5
1337420 974.5
1337430 975.8
1337440 978.8
1337450 978.8
1337460 980.8
1337470 980.9
1337480 980.9
1337490 979.0
1337500 975.1
1337510 975.1
1337520 972.9
1337530 974.5
1337540 974.5
1337550 975.3
1337560 974.9
1337570 974.9
1337580 977.0
1337590 981.0
1337600 981.0
1337610 980.1
1337620 977.9
1337630 976.8
1337640 976.8
1337650 977.2
1337660 977.1
1337670 977.1
1337680 976.1
1337690 977.5
1337700 977.5
1337710 980.6
1337720 982.3
1337730 982.3
1337740 985.4
1337750 988.2
1337760 988.2
1337770 991.1
1337780 992.5
1337790 992.5
1337800 992.6
1337810 992.4
1337820 992.4
1337830 992.7
1337840 992.6
1337850 992.6
1337860 992.4
1337870 992.1
1337880 992.1
1337890 990.9
1337900 988.9
1337910 988.9
1337920 987.1
1337930 985.4
1337940 985.4
1337950 983.8
1337960 982.1
1337970 982.1
1337980 979.9
1337990 977.5
1338000 974.5
1338010 974.5
1338020 973.1
1338030 971.6
1338040 971.6
1338050 969.1
1338060 968.8
1338070 968.8
1338080 970.7
1338090 972.5
1338100 972.5
1338110 971.6
1338120 969.6
1338130 969.6
1338140 968.3
1338150 967.4
1338160 967.4
1338170 966.3
1338180 970.5
1338190 970.5
1338200 968.4
1338210 964.0
1338220 964.0
1338230 958.8
1338240 954.8
1338250 954.8
1338260 950.7
1338270 946.4
1338280 946.4
1338290 943.5
1338300 941.0
1338310 941.0
1338320 938.6
1338330 938.5
1338340 938.5
1338350 939.2
1338360 939.0
1338370 939.2
1338380 939.2
1338390 939.4
1338400 937.6
1338410 937.6
1338420 936.1
1338430 934.5
1338440 934.5
1338450 933.8
1338460 934.8
1338470 934.8
1338480 935.5
1338490 936.1
1338500 936.1
1338510 939.3
1338520 943.5
1338530 943.5
1338540 941.7
1338550 941.7
1338560 941.7
1338570 942.2
1338580 942.1
1338590 942.1
1338600 941.0
1338610 939.2
1338620 939.2
1338630 938.4
1338640 938.0
1338650 938.0
1338660 938.8
1338670 941.2
1338680 941.2
1338690 943.6
1338700 945.4
1338710 945.4
1338720 946.4
1338730 946.6
1338740 946.6
1338750 946.7
1338760 947.0
1338770 948.0
1338780 948.0
1338790 946.8
1338800 945.3
1338810 945.3
1338820 944.2
1338830 944.1
1338840 944.1
1338850 943.7
1338860 942.5
1338870 942.5
1338880 940.6
1338890 939.7
1338900 939.7
1338910 938.8
1338920 939.8
1338930 939.8
1338940 940.0
1338950 938.7
1338960 938.7
1338970 936.9
1338980 935.9
1338990 935.9
1339000 937.7
1339010 936.6
1339020 936.6
1339030 932.7
1339040 929.3
1339050 929.3
1339060 931.7
1339070 930.7
1339080 930.7
1339090 929.9
1339100 929.9
1339110 929.9
1339120 930.6
1339130 930.7
1339140 929.2
1339150 929.2
1339160 926.1
1339170 922.8
1339180 922.8
1339190 920.1
1339200 918.3
1339210 918.3
1339220 915.3
1339230 913.8
1339240 913.8
1339250 912.8
1339260 911.3
1339270 911.3
1339280 909.7
1339290 907.8
1339300 907.8
1339310 906.1
1339320 903.7
1339330 903.7
1339340 900.8
1339350 898.5
1339360 898.5
1339370 897.1
1339380 895.3
1339390 895.3
1339400 892.2
1339410 889.2
1339420 889.2
1339430 886.3
1339440 884.0
1339450 884.0
1339460 882.1
1339470 880.2
1339480 880.2
1339490 877.2
1339500 873.1
1339510 869.7
1339520 869.7
1339530 867.9
1339540 866.3
1339550 866.3
1339560 863.0
1339570 859.2
1339580 859.2
1339590 856.0
1339600 852.9
1339610 852.9
1339620 850.1
1339630 847.7
1339640 847.7
1339650 845.5
1339660 843.6
1339670 843.6
1339680 841.9
1339690 840.6
1339700 840.6
1339710 839.6
1339720 838.8
1339730 838.8
1339740 838.2
1339750 837.8
1339760 837.8
1339770 837.4
1339780 836.9
1339790 836.9
1339800 836.6
1339810 836.3
1339820 836.3
1339830 836.0
1339840 835.9
1339850 835.9
1339860 835.9
1339870 835.0
1339880 832.8
1339890 832.8
1339900 830.3
1339910 828.9
1339920 828.9
1339930 829.1
1339940 830.5
1339950 830.5
1339960 833.1
1339970 834.7
1339980 834.7
1339990 832.1
