1320000 967.7
1320010 967.7
1320020 972.7
1320030 974.8
1320040 974.6
1320050 974.6
1320060 974.5
1320070 974.7
1320080 974.7
1320090 975.0
1320100 976.9
1320110 976.9
1320120 978.9
1320130 981.5
1320140 981.5
1320150 982.6
1320160 983.8
1320170 983.8
1320180 985.7
1320190 987.2
1320200 987.2
1320210 988.0
1320220 988.8
1320230 988.8
1320240 989.7
1320250 990.3
1320260 990.3
1320270 991.1
1320280 992.6
1320290 992.6
1320300 992.0
1320310 992.6
1320320 992.6
1320330 992.3
1320340 991.8
1320350 991.8
1320360 991.2
1320370 991.5
1320380 991.5
1320390 991.3
1320400 991.1
1320410 991.1
1320420 990.2
1320430 990.0
1320440 989.5
1320450 989.5
1320460 988.3
1320470 988.2
1320480 988.2
1320490 987.3
1320500 986.7
1320510 986.7
1320520 985.8
1320530 983.8
1320540 983.8
1320550 981.4
1320560 979.4
1320570 979.4
1320580 979.2
1320590 976.6
1320600 976.6
1320610 974.9
1320620 972.3
1320630 972.3
1320640 970.8
1320650 968.5
1320660 968.5
1320670 966.6
1320680 963.6
1320690 963.6
1320700 965.1
1320710 963.4
1320720 963.4
1320730 960.2
1320740 960.1
1320750 960.1
1320760 961.8
1320770 963.1
1320780 963.1
1320790 963.4
1320800 962.8
1320810 963.5
1320820 963.5
1320830 963.9
1320840 961.8
1320850 961.8
1320860 962.2
1320870 964.4
1320880 966.5
1320890 966.8
1320900 963.0
1320910 963.0
1320920 958.9
1320930 961.1
1320940 961.1
1320950 961.6
1320960 961.1
1320970 961.1
1320980 962.4
1320990 964.1
1321000 964.1
1321010 964.3
1321020 963.4
1321030 963.4
1321040 962.8
1321050 963.7
1321060 963.7
1321070 966.3
1321080 968.0
1321090 968.0
1321100 967.7
1321110 966.4
1321120 966.4
1321130 964.9
1321140 963.1
1321150 963.1
1321160 961.3
1321170 959.3
1321180 956.9
1321190 956.9
1321200 953.3
1321210 951.1
1321220 951.1
1321230 949.8
1321240 948.5
1321250 948.5
1321260 946.8
1321270 944.8
1321280 944.8
1321290 943.0
1321300 941.8
1321310 941.8
1321320 940.2
1321330 937.4
1321340 937.4
1321350 935.1
1321360 933.3
1321370 933.3
1321380 931.4
1321390 929.5
1321400 929.5
1321410 928.1
1321420 927.1
1321430 927.1
1321440 926.3
1321450 925.9
1321460 925.9
1321470 925.4
1321480 924.4
1321490 924.4
1321500 920.8
1321510 913.8
1321520 913.8
1321530 907.2
1321540 904.3
1321550 904.3
1321560 903.2
1321570 901.4
1321580 898.4
1321590 898.4
1321600 896.2
1321610 896.0
1321620 896.0
1321630 896.3
1321640 897.4
1321650 897.4
1321660 898.5
1321670 905.7
1321680 905.7
1321690 905.9
1321700 905.7
1321710 905.7
1321720 905.2
1321730 904.1
1321740 904.1
1321750 902.8
1321760 901.9
1321770 901.9
1321780 900.4
1321790 898.0
1321800 898.0
1321810 895.3
1321820 892.0
1321830 892.0
1321840 887.7
1321850 883.6
1321860 883.6
1321870 881.1
1321880 878.7
1321890 878.7
1321900 876.5
1321910 874.4
1321920 874.4
1321930 872.1
1321940 870.4
1321950 868.6
1321960 868.6
1321970 866.7
1321980 864.5
1321990 864.5
1322000 861.9
1322010 859.0
1322020 859.0
1322030 855.7
1322040 853.0
1322050 853.0
1322060 851.0
1322070 848.1
1322080 848.1
1322090 845.2
1322100 841.2
1322110 841.2
1322120 837.4
1322130 832.8
1322140 832.8
1322150 826.5
1322160 820.9
1322170 820.9
1322180 820.4
1322190 819.0
1322200 819.0
1322210 813.9
1322220 806.8
1322230 806.8
1322240 798.7
1322250 792.5
1322260 792.5
1322270 789.2
1322280 788.2
1322290 788.2
1322300 788.0
1322310 787.1
1322320 786.8
1322330 786.8
1322340 786.9
1322350 787.1
1322360 787.1
1322370 787.9
1322380 789.8
1322390 789.8
1322400 798.6
1322410 803.1
1322420 803.1
1322430 803.9
1322440 806.4
1322450 803.7
1322460 806.7
1322470 809.8
1322480 809.8
1322490 814.1
1322500 820.8
1322510 820.8
1322520 826.9
1322530 832.3
1322540 832.3
1322550 837.6
1322560 843.1
1322570 843.1
1322580 848.8
1322590 853.9
1322600 853.9
1322610 854.8
1322620 848.7
1322630 848.7
1322640 841.8
1322650 836.8
1322660 836.8
1322670 835.6
1322680 836.1
1322690 836.1
1322700 837.2
1322710 836.1
1322720 835.8
1322730 835.8
1322740 836.3
1322750 837.7
1322760 837.7
1322770 839.8
1322780 842.9
1322790 842.9
1322800 844.0
1322810 840.6
1322820 840.6
1322830 836.3
1322840 831.9
1322850 831.9
1322860 827.7
1322870 823.3
1322880 823.3
1322890 819.4
1322900 815.7
1322910 815.7
1322920 812.2
1322930 808.8
1322940 808.8
1322950 804.7
1322960 799.7
1322970 799.7
1322980 794.5
1322990 789.4
1323000 789.4
1323010 785.4
1323020 784.7
1323030 784.7
1323040 784.7
1323050 787.9
1323060 787.9
1323070 794.0
1323080 800.0
1323090 805.3
1323100 805.3
1323110 808.9
1323120 812.4
1323130 812.4
1323140 814.8
1323150 814.7
1323160 814.7
1323170 811.6
1323180 807.5
1323190 807.5
1323200 803.6
1323210 798.5
1323220 798.5
1323230 796.6
1323240 798.3
1323250 798.9
1323260 799.6
1323270 800.0
1323280 800.0
1323290 802.5
1323300 807.5
1323310 807.5
1323320 811.5
1323330 813.5
1323340 813.5
1323350 816.2
1323360 820.0
1323370 820.0
1323380 821.1
1323390 820.2
1323400 820.2
1323410 819.8
1323420 819.7
1323430 819.7
1323440 819.4
1323450 819.2
1323460 820.1
1323470 820.1
1323480 821.6
1323490 823.9
1323500 823.9
1323510 826.4
1323520 828.8
1323530 828.8
1323540 832.0
1323550 835.8
1323560 835.8
1323570 840.0
1323580 843.7
1323590 843.7
1323600 847.4
1323610 851.7
1323620 851.7
1323630 856.5
1323640 861.2
1323650 861.2
1323660 864.5
1323670 867.7
1323680 867.7
1323690 871.1
1323700 874.4
1323710 874.4
1323720 877.2
1323730 878.5
1323740 878.5
1323750 880.1
1323760 882.8
1323770 882.8
1323780 885.5
1323790 889.0
1323800 889.0
1323810 893.2
1323820 897.3
1323830 897.3
1323840 900.9
1323850 904.3
1323860 908.6
1323870 908.6
1323880 913.5
1323890 915.8
1323900 915.8
1323910 917.3
1323920 919.0
1323930 919.0
1323940 921.6
1323950 924.7
1323960 924.7
1323970 928.3
1323980 931.3
1323990 931.3
1324000 934.4
1324010 936.9
1324020 936.9
1324030 938.8
1324040 939.1
1324050 939.1
1324060 941.9
1324070 943.7
1324080 943.7
1324090 944.5
1324100 946.3
1324110 946.3
1324120 948.4
1324130 950.1
1324140 950.1
1324150 952.5
1324160 955.1
1324170 955.1
1324180 957.0
1324190 958.5
1324200 958.5
1324210 960.0
1324220 961.8
1324230 964.0
1324240 964.0
1324250 966.5
1324260 968.6
1324270 968.6
1324280 970.1
1324290 971.1
1324300 971.1
1324310 971.2
1324320 972.3
1324330 972.3
1324340 974.8
1324350 977.1
1324360 977.1
1324370 978.6
1324380 979.8
1324390 979.8
1324400 981.0
1324410 981.9
1324420 981.9
1324430 982.6
1324440 983.6
1324450 983.6
1324460 984.2
1324470 984.0
1324480 984.0
1324490 983.3
1324500 983.7
1324510 983.7
1324520 984.6
1324530 985.6
1324540 985.6
1324550 987.4
1324560 988.9
1324570 988.9
1324580 990.8
1324590 992.0
1324600 992.2
1324610 992.2
1324620 992.2
1324630 992.9
1324640 992.9
1324650 993.6
1324660 993.5
1324670 993.5
1324680 993.7
1324690 994.6
1324700 994.6
1324710 994.0
1324720 994.6
1324730 994.6
1324740 997.4
1324750 1001.5
1324760 1001.5
1324770 1004.2
1324780 1006.8
1324790 1006.8
1324800 1007.8
1324810 1008.6
1324820 1008.6
1324830 1010.8
1324840 1009.8
1324850 1009.8
1324860 1013.0
1324870 1016.3
1324880 1016.3
1324890 1019.0
1324900 1021.8
1324910 1021.8
1324920 1025.1
1324930 1028.3
1324940 1028.3
1324950 1031.2
1324960 1034.5
1324970 1034.5
1324980 1038.7
1324990 1042.7
1325000 1046.7
1325010 1046.7
1325020 1050.5
1325030 1053.7
1325040 1053.7
1325050 1057.3
1325060 1061.2
1325070 1061.2
1325080 1064.9
1325090 1068.2
1325100 1068.2
1325110 1070.9
1325120 1073.3
1325130 1073.3
1325140 1075.3
1325150 1077.3
1325160 1077.3
1325170 1079.2
1325180 1081.3
1325190 1081.3
1325200 1083.3
1325210 1085.2
1325220 1085.2
1325230 1087.2
1325240 1089.1
1325250 1089.1
1325260 1090.6
1325270 1091.5
1325280 1091.5
1325290 1092.2
1325300 1093.3
1325310 1093.3
1325320 1095.2
1325330 1096.7
1325340 1096.7
1325350 1098.2
1325360 1100.3
1325370 1102.5
1325380 1102.5
1325390 1104.4
1325400 1106.5
1325410 1106.5
1325420 1109.1
1325430 1111.6
1325440 1111.6
1325450 1114.2
1325460 1117.0
1325470 1117.0
1325480 1119.7
1325490 1122.3
1325500 1122.3
1325510 1124.9
1325520 1127.3
1325530 1127.3
1325540 1129.8
1325550 1132.6
1325560 1132.6
1325570 1135.5
1325580 1138.5
1325590 1138.5
1325600 1141.6
1325610 1144.4
1325620 1144.4
1325630 1146.9
1325640 1147.2
1325650 1147.2
1325660 1149.8
1325670 1152.3
1325680 1152.3
1325690 1154.7
1325700 1157.2
1325710 1157.2
1325720 1160.0
1325730 1162.8
1325740 1166.0
1325750 1166.0
1325760 1169.2
1325770 1173.1
1325780 1173.1
1325790 1175.3
1325800 1178.2
1325810 1178.2
1325820 1181.2
1325830 1184.5
1325840 1184.5
1325850 1187.8
1325860 1190.9
1325870 1190.9
1325880 1193.9
1325890 1196.8
1325900 1196.8
1325910 1199.7
1325920 1202.8
1325930 1202.8
1325940 1205.7
1325950 1208.5
1325960 1208.5
1325970 1211.3
1325980 1214.1
1325990 1214.1
1326000 1216.6
1326010 1218.9
1326020 1218.9
1326030 1220.8
1326040 1222.2
1326050 1222.2
1326060 1223.2
1326070 1223.6
1326080 1223.6
1326090 1223.3
1326100 1222.9
1326110 1222.9
1326120 1222.5
1326130 1222.0
1326140 1221.3
1326150 1221.3
1326160 1220.5
1326170 1219.4
1326180 1219.4
1326190 1218.1
1326200 1216.7
1326210 1216.7
1326220 1216.0
1326230 1215.3
1326240 1215.3
1326250 1214.3
1326260 1213.6
1326270 1213.6
1326280 1212.2
1326290 1209.4
1326300 1209.4
1326310 1204.7
1326320 1199.8
1326330 1199.8
1326340 1195.6
1326350 1191.3
1326360 1191.3
1326370 1183.9
1326380 1174.8
1326390 1174.8
1326400 1172.5
1326410 1181.0
1326420 1181.0
1326430 1188.4
1326440 1195.8
1326450 1198.4
1326460 1204.7
1326470 1210.5
1326480 1210.5
1326490 1216.3
1326500 1221.7
1326510 1226.4
1326520 1226.4
1326530 1229.2
1326540 1231.7
1326550 1231.7
1326560 1236.1
1326570 1239.1
1326580 1239.1
1326590 1241.2
1326600 1242.1
1326610 1242.1
1326620 1244.2
1326630 1248.1
1326640 1248.1
1326650 1250.9
1326660 1253.2
1326670 1253.2
1326680 1254.7
1326690 1256.6
1326700 1256.6
1326710 1259.9
1326720 1263.8
1326730 1263.8
1326740 1266.8
1326750 1268.6
1326760 1268.6
1326770 1270.4
1326780 1275.6
1326790 1275.6
1326800 1281.4
1326810 1286.3
1326820 1286.3
1326830 1291.0
1326840 1295.6
1326850 1295.6
1326860 1300.3
1326870 1305.0
1326880 1309.4
1326890 1309.4
1326900 1313.5
1326910 1316.9
1326920 1316.9
1326930 1319.4
1326940 1321.0
1326950 1321.0
1326960 1321.8
1326970 1322.1
1326980 1322.1
1326990 1322.3
1327000 1322.8
1327010 1322.8
1327020 1323.1
1327030 1323.2
1327040 1323.2
1327050 1323.1
1327060 1322.7
1327070 1322.7
1327080 1322.0
1327090 1321.3
1327100 1321.3
1327110 1320.1
1327120 1318.4
1327130 1318.4
1327140 1316.3
1327150 1314.8
1327160 1314.8
1327170 1312.9
1327180 1309.3
1327190 1309.3
1327200 1310.6
1327210 1311.3
1327220 1311.3
1327230 1311.5
1327240 1312.6
1327250 1313.9
1327260 1318.3
1327270 1319.7
1327280 1321.3
1327290 1321.3
1327300 1322.4
1327310 1323.1
1327320 1323.1
1327330 1324.9
1327340 1326.0
1327350 1326.0
1327360 1326.4
1327370 1329.6
1327380 1329.6
1327390 1331.1
1327400 1332.4
1327410 1332.4
1327420 1332.7
1327430 1334.3
1327440 1334.3
1327450 1335.7
1327460 1336.3
1327470 1336.3
1327480 1338.7
1327490 1341.6
1327500 1341.6
1327510 1346.6
1327520 1350.6
1327530 1350.6
1327540 1354.2
1327550 1357.5
1327560 1357.5
1327570 1360.7
1327580 1363.8
1327590 1363.8
1327600 1366.7
1327610 1369.4
1327620 1369.4
1327630 1371.8
1327640 1372.9
1327650 1373.7
1327660 1373.7
1327670 1373.6
1327680 1372.7
1327690 1372.7
1327700 1371.0
1327710 1368.9
1327720 1368.9
1327730 1367.3
1327740 1366.2
1327750 1366.2
1327760 1365.6
1327770 1364.6
1327780 1364.6
1327790 1363.8
1327800 1361.7
1327810 1361.7
1327820 1359.1
1327830 1361.0
1327840 1361.0
1327850 1360.9
1327860 1361.1
1327870 1361.1
1327880 1360.8
1327890 1361.2
1327900 1361.2
1327910 1363.6
1327920 1363.9
1327930 1363.9
1327940 1364.8
1327950 1366.0
1327960 1366.0
1327970 1366.9
1327980 1367.8
1327990 1367.8
1328000 1368.6
1328010 1369.4
1328020 1370.3
1328030 1370.3
1328040 1371.3
1328050 1372.3
1328060 1372.3
1328070 1373.4
1328080 1373.8
1328090 1373.8
1328100 1374.3
1328110 1374.7
1328120 1374.7
1328130 1374.4
1328140 1373.0
1328150 1373.0
1328160 1371.5
1328170 1369.6
1328180 1369.6
1328190 1366.9
1328200 1365.4
1328210 1365.4
1328220 1364.9
1328230 1363.7
1328240 1363.7
1328250 1361.4
1328260 1358.9
1328270 1358.9
1328280 1356.2
1328290 1353.4
1328300 1353.4
1328310 1350.4
1328320 1346.5
1328330 1346.5
1328340 1342.8
1328350 1339.2
1328360 1339.2
1328370 1336.8
1328380 1336.1
1328390 1335.5
1328400 1335.5
1328410 1335.5
1328420 1335.4
1328430 1335.4
1328440 1336.6
1328450 1337.1
1328460 1337.1
1328470 1335.3
1328480 1334.4
1328490 1334.4
1328500 1336.0
1328510 1335.8
1328520 1335.8
1328530 1334.8
1328540 1333.5
1328550 1333.5
1328560 1332.3
1328570 1332.1
1328580 1332.1
1328590 1330.8
1328600 1328.5
1328610 1328.5
1328620 1325.7
1328630 1328.0
1328640 1328.0
1328650 1333.8
1328660 1337.3
1328670 1337.3
1328680 1340.9
1328690 1343.7
1328700 1343.7
1328710 1346.7
1328720 1349.1
1328730 1349.1
1328740 1351.2
1328750 1353.3
1328760 1353.3
1328770 1355.6
1328780 1357.9
1328790 1359.7
1328800 1359.7
1328810 1361.2
1328820 1362.4
1328830 1362.4
1328840 1364.2
1328850 1365.8
1328860 1365.8
1328870 1367.3
1328880 1369.2
1328890 1369.2
1328900 1372.6
1328910 1373.8
1328920 1373.8
1328930 1375.0
1328940 1376.4
1328950 1376.4
1328960 1377.9
1328970 1379.1
1328980 1379.1
1328990 1380.3
1329000 1381.6
1329010 1381.6
1329020 1382.9
1329030 1384.2
1329040 1384.2
1329050 1385.4
1329060 1386.4
1329070 1386.4
1329080 1387.4
1329090 1388.2
1329100 1388.2
1329110 1389.7
1329120 1390.8
1329130 1390.8
1329140 1391.9
1329150 1393.5
1329160 1394.4
1329170 1394.4
1329180 1394.0
1329190 1395.5
1329200 1395.5
1329210 1396.8
1329220 1395.4
1329230 1395.4
1329240 1397.7
1329250 1400.3
1329260 1400.3
1329270 1401.2
1329280 1402.1
1329290 1402.1
1329300 1402.8
1329310 1403.9
1329320 1403.9
1329330 1403.7
1329340 1402.5
1329350 1402.5
1329360 1405.6
1329370 1407.8
1329380 1407.8
1329390 1406.9
1329400 1404.0
1329410 1404.0
1329420 1404.1
1329430 1407.6
1329440 1407.6
1329450 1411.5
1329460 1414.2
1329470 1414.2
1329480 1416.3
1329490 1418.0
1329500 1418.0
1329510 1419.5
1329520 1420.6
1329530 1422.0
1329540 1422.0
1329550 1423.6
1329560 1425.2
1329570 1425.2
1329580 1426.4
1329590 1427.7
1329600 1427.7
1329610 1428.7
1329620 1429.4
1329630 1429.4
1329640 1430.5
1329650 1431.5
1329660 1431.5
1329670 1432.5
1329680 1433.6
1329690 1433.6
1329700 1434.5
1329710 1435.3
1329720 1436.7
1329730 1437.4
1329740 1438.2
1329750 1438.2
1329760 1439.0
1329770 1440.0
1329780 1440.0
1329790 1441.0
1329800 1441.7
1329810 1441.7
1329820 1442.1
1329830 1442.5
1329840 1442.5
1329850 1442.9
1329860 1442.1
1329870 1442.1
1329880 1443.4
1329890 1444.2
1329900 1444.2
1329910 1444.0
1329920 1442.8
1329930 1441.6
1329940 1441.6
1329950 1442.6
1329960 1443.2
1329970 1443.2
1329980 1442.9
1329990 1443.0
1330000 1443.0
1330010 1443.4
1330020 1444.1
1330030 1444.1
1330040 1445.4
1330050 1446.7
1330060 1446.7
1330070 1447.7
1330080 1448.6
1330090 1448.6
1330100 1449.5
1330110 1450.5
1330120 1450.5
1330130 1451.6
1330140 1452.6
1330150 1452.6
1330160 1453.5
1330170 1454.3
1330180 1454.3
1330190 1455.0
1330200 1455.6
1330210 1455.6
1330220 1456.2
1330230 1456.4
1330240 1456.4
1330250 1456.4
1330260 1456.0
1330270 1456.0
1330280 1455.1
1330290 1454.2
1330300 1452.2
1330310 1452.2
1330320 1450.7
1330330 1449.7
1330340 1449.7
1330350 1448.4
1330360 1447.0
1330370 1447.0
1330380 1444.7
1330390 1442.9
1330400 1442.9
1330410 1441.4
1330420 1439.9
1330430 1439.9
1330440 1439.0
1330450 1437.6
1330460 1437.6
1330470 1436.4
1330480 1435.8
1330490 1435.8
1330500 1433.3
1330510 1431.3
1330520 1431.3
1330530 1431.4
1330540 1433.0
1330550 1434.8
1330560 1435.3
1330570 1435.4
1330580 1435.4
1330590 1435.5
1330600 1435.1
1330610 1435.1
1330620 1435.6
1330630 1437.2
1330640 1437.2
1330650 1438.4
1330660 1439.7
1330670 1441.2
1330680 1441.2
1330690 1442.9
1330700 1444.3
1330710 1444.3
1330720 1445.7
1330730 1446.9
1330740 1446.9
1330750 1448.0
1330760 1448.1
1330770 1448.1
1330780 1449.1
1330790 1451.0
1330800 1451.0
1330810 1453.0
1330820 1454.3
1330830 1454.3
1330840 1455.4
1330850 1456.1
1330860 1456.1
1330870 1457.0
1330880 1458.3
1330890 1458.3
1330900 1459.6
1330910 1461.4
1330920 1461.4
1330930 1463.4
1330940 1464.8
1330950 1464.8
1330960 1465.7
1330970 1466.3
1330980 1466.3
1330990 1466.4
1331000 1466.9
1331010 1466.9
1331020 1466.8
1331030 1465.1
1331040 1465.1
1331050 1464.5
1331060 1463.8
1331070 1463.8
1331080 1463.8
1331090 1463.6
1331100 1462.2
1331110 1462.2
1331120 1461.2
1331130 1460.3
1331140 1460.3
1331150 1460.5
1331160 1459.7
1331170 1459.7
1331180 1459.8
1331190 1459.1
1331200 1459.1
1331210 1456.3
1331220 1453.1
1331230 1453.1
1331240 1450.6
1331250 1448.2
1331260 1448.2
1331270 1446.6
1331280 1447.8
1331290 1447.8
1331300 1449.1
1331310 1449.3
1331320 1449.3
1331330 1448.1
1331340 1447.6
1331350 1447.6
1331360 1448.0
1331370 1448.0
1331380 1448.0
1331390 1449.6
1331400 1449.1
1331410 1449.1
1331420 1448.5
1331430 1448.5
1331440 1448.2
1331450 1448.2
1331460 1447.6
1331470 1446.7
1331480 1446.7
1331490 1445.5
1331500 1444.4
1331510 1444.4
1331520 1443.5
1331530 1442.5
1331540 1442.5
1331550 1441.2
1331560 1439.8
1331570 1439.8
1331580 1438.3
1331590 1436.7
1331600 1436.7
1331610 1434.9
1331620 1432.7
1331630 1432.7
1331640 1430.5
1331650 1428.3
1331660 1428.3
1331670 1425.9
1331680 1423.4
1331690 1423.4
1331700 1421.2
1331710 1419.2
1331720 1419.2
1331730 1417.5
1331740 1416.1
1331750 1416.1
1331760 1414.6
1331770 1412.9
1331780 1412.9
1331790 1411.0
1331800 1409.3
1331810 1408.4
1331820 1408.4
1331830 1407.6
1331840 1406.3
1331850 1406.3
1331860 1405.5
1331870 1404.4
1331880 1404.4
1331890 1403.0
1331900 1401.6
1331910 1401.6
1331920 1400.5
1331930 1399.2
1331940 1399.2
1331950 1398.0
1331960 1398.1
1331970 1398.1
1331980 1397.9
1331990 1396.9
1332000 1396.9
1332010 1395.9
1332020 1395.0
1332030 1395.0
1332040 1394.2
1332050 1393.0
1332060 1393.0
1332070 1391.7
1332080 1390.7
1332090 1390.7
1332100 1389.7
1332110 1388.6
1332120 1388.6
1332130 1387.4
1332140 1386.2
1332150 1386.2
1332160 1385.3
1332170 1384.8
1332180 1384.8
1332190 1384.5
1332200 1383.5
1332210 1384.3
1332220 1385.6
1332230 1385.7
1332240 1386.0
1332250 1386.0
1332260 1387.3
1332270 1388.3
1332280 1388.3
1332290 1388.6
1332300 1388.2
1332310 1388.2
1332320 1386.3
1332330 1383.8
1332340 1383.8
1332350 1384.1
1332360 1384.5
1332370 1384.5
1332380 1384.4
1332390 1384.8
1332400 1384.8
1332410 1384.6
1332420 1383.9
1332430 1383.9
1332440 1382.4
1332450 1381.0
1332460 1381.0
1332470 1380.8
1332480 1380.4
1332490 1380.4
1332500 1380.5
1332510 1379.3
1332520 1379.3
1332530 1379.5
1332540 1379.0
1332550 1379.0
1332560 1379.3
1332570 1381.3
1332580 1384.0
1332590 1384.0
1332600 1385.5
1332610 1386.2
1332620 1386.2
1332630 1387.2
1332640 1387.6
1332650 1387.6
1332660 1388.0
1332670 1386.9
1332680 1386.9
1332690 1383.6
1332700 1380.9
1332710 1380.9
1332720 1378.0
1332730 1375.0
1332740 1375.0
1332750 1373.3
1332760 1372.8
1332770 1372.8
1332780 1371.9
1332790 1372.0
1332800 1372.0
1332810 1371.7
1332820 1371.7
1332830 1371.7
1332840 1370.5
1332850 1368.9
1332860 1368.9
1332870 1367.7
1332880 1367.2
1332890 1367.2
1332900 1367.0
1332910 1366.2
1332920 1366.2
1332930 1365.8
1332940 1365.6
1332950 1364.8
1332960 1364.8
1332970 1364.0
1332980 1362.8
1332990 1362.8
1333000 1362.3
1333010 1362.5
1333020 1362.5
1333030 1363.3
1333040 1363.5
1333050 1363.5
1333060 1363.1
1333070 1364.3
1333080 1364.3
1333090 1364.5
1333100 1365.3
1333110 1365.3
1333120 1366.9
1333130 1367.7
1333140 1367.7
1333150 1368.4
1333160 1369.5
1333170 1369.5
1333180 1370.5
1333190 1369.1
1333200 1369.1
1333210 1367.5
1333220 1367.1
1333230 1367.1
1333240 1366.4
1333250 1365.6
1333260 1365.6
1333270 1364.4
1333280 1362.9
1333290 1362.9
1333300 1362.3
1333310 1361.5
1333320 1360.2
1333330 1360.2
1333340 1357.9
1333350 1355.4
1333360 1355.4
1333370 1352.3
1333380 1350.5
1333390 1350.5
1333400 1349.8
1333410 1348.1
1333420 1348.1
1333430 1347.0
1333440 1345.6
1333450 1345.6
1333460 1342.7
1333470 1338.3
1333480 1338.3
1333490 1332.8
1333500 1327.2
1333510 1327.2
1333520 1323.4
1333530 1322.2
1333540 1322.2
1333550 1322.4
1333560 1323.8
1333570 1323.8
1333580 1325.2
1333590 1325.1
1333600 1325.1
1333610 1322.5
1333620 1319.2
1333630 1319.2
1333640 1317.6
1333650 1313.9
1333660 1313.9
1333670 1310.6
1333680 1308.5
1333690 1308.5
1333700 1307.5
1333710 1306.4
1333720 1306.6
1333730 1306.6
1333740 1306.6
1333750 1306.1
1333760 1306.1
1333770 1305.8
1333780 1301.6
1333790 1301.6
1333800 1298.3
1333810 1294.3
1333820 1294.3
1333830 1291.1
1333840 1288.4
1333850 1288.4
1333860 1284.7
1333870 1282.2
1333880 1282.2
1333890 1280.6
1333900 1280.9
1333910 1280.9
1333920 1284.7
1333930 1282.1
1333940 1282.1
1333950 1280.2
1333960 1277.5
1333970 1277.5
1333980 1274.9
1333990 1271.4
1334000 1271.4
1334010 1267.6
1334020 1264.2
1334030 1264.2
1334040 1260.9
1334050 1257.7
1334060 1257.7
1334070 1255.4
1334080 1252.8
1334090 1250.9
1334100 1250.9
1334110 1248.6
1334120 1245.9
1334130 1245.9
1334140 1242.9
1334150 1238.7
1334160 1238.7
1334170 1234.6
1334180 1232.5
1334190 1232.5
1334200 1230.2
1334210 1229.2
1334220 1229.2
1334230 1228.4
1334240 1227.2
1334250 1227.2
1334260 1226.0
1334270 1225.3
1334280 1225.3
1334290 1224.3
1334300 1223.0
1334310 1223.0
1334320 1223.2
1334330 1224.6
1334340 1224.6
1334350 1226.7
1334360 1228.3
1334370 1228.3
1334380 1229.4
1334390 1230.4
1334400 1230.4
1334410 1231.4
1334420 1230.3
1334430 1230.3
1334440 1230.4
1334450 1232.0
1334460 1232.5
1334470 1232.5
1334480 1230.5
1334490 1229.2
1334500 1229.2
1334510 1228.1
1334520 1224.8
1334530 1224.8
1334540 1222.3
1334550 1219.5
1334560 1219.5
1334570 1216.0
1334580 1213.3
1334590 1213.3
1334600 1211.2
1334610 1212.1
1334620 1212.1
1334630 1213.5
1334640 1214.0
1334650 1214.0
1334660 1212.3
1334670 1209.1
1334680 1209.1
1334690 1205.6
1334700 1201.0
1334710 1201.0
1334720 1198.9
1334730 1198.4
1334740 1198.4
1334750 1196.5
1334760 1194.4
1334770 1200.1
1334780 1197.1
1334790 1194.2
1334800 1194.2
1334810 1192.7
1334820 1191.5
1334830 1191.5
1334840 1190.4
1334850 1188.9
1334860 1186.9
1334870 1186.9
1334880 1185.0
1334890 1183.8
1334900 1183.8
1334910 1181.1
1334920 1177.4
1334930 1177.4
1334940 1174.6
1334950 1172.9
1334960 1172.9
1334970 1170.7
1334980 1166.4
1334990 1166.4
1335000 1162.2
1335010 1160.5
1335020 1160.5
1335030 1159.2
1335040 1156.9
1335050 1156.9
1335060 1154.8
1335070 1152.8
1335080 1152.8
1335090 1152.4
1335100 1152.1
1335110 1152.1
1335120 1151.1
1335130 1149.7
1335140 1149.7
1335150 1148.0
1335160 1145.0
1335170 1145.0
1335180 1142.4
1335190 1141.1
1335200 1141.1
1335210 1140.2
1335220 1138.9
1335230 1138.0
1335240 1138.0
1335250 1137.8
1335260 1137.9
1335270 1137.9
1335280 1138.1
1335290 1138.4
1335300 1138.4
1335310 1138.1
1335320 1139.1
1335330 1139.1
1335340 1140.8
1335350 1142.8
1335360 1142.8
1335370 1145.4
1335380 1147.9
1335390 1147.9
1335400 1148.0
1335410 1146.8
1335420 1146.8
1335430 1145.5
1335440 1144.8
1335450 1144.8
1335460 1144.1
1335470 1143.0
1335480 1143.0
1335490 1142.2
1335500 1141.8
1335510 1141.8
1335520 1141.4
1335530 1141.1
1335540 1141.1
1335550 1140.3
1335560 1139.2
1335570 1139.2
1335580 1137.8
1335590 1135.9
1335600 1133.4
1335610 1133.4
1335620 1131.2
1335630 1134.0
1335640 1134.0
1335650 1131.7
1335660 1128.4
1335670 1128.4
1335680 1124.8
1335690 1121.5
1335700 1121.5
1335710 1117.9
1335720 1114.7
1335730 1114.7
1335740 1112.6
1335750 1110.3
1335760 1110.3
1335770 1106.4
1335780 1101.7
1335790 1101.7
1335800 1098.8
1335810 1098.4
1335820 1098.4
1335830 1096.9
1335840 1094.0
1335850 1094.0
1335860 1091.0
1335870 1086.8
1335880 1086.8
1335890 1082.5
1335900 1078.7
1335910 1078.7
1335920 1075.3
1335930 1072.2
1335940 1072.2
1335950 1069.3
1335960 1066.5
1335970 1066.5
1335980 1063.6
1335990 1060.0
1336000 1056.2
1336010 1056.2
1336020 1052.0
1336030 1047.2
1336040 1047.2
1336050 1042.8
1336060 1038.4
1336070 1038.4
1336080 1033.4
1336090 1027.6
1336100 1027.6
1336110 1021.7
1336120 1015.6
1336130 1015.6
1336140 1009.3
1336150 1002.8
1336160 1002.8
1336170 996.1
1336180 990.3
1336190 990.3
1336200 984.1
1336210 978.9
1336220 978.9
1336230 974.8
1336240 970.7
1336250 970.7
1336260 967.4
1336270 963.8
1336280 963.8
1336290 959.7
1336300 955.6
1336310 955.6
1336320 952.3
1336330 948.0
1336340 948.0
1336350 944.8
1336360 941.6
1336370 938.8
1336380 938.8
1336390 936.0
1336400 933.4
1336410 933.4
1336420 931.2
1336430 929.0
1336440 929.0
1336450 926.7
1336460 924.6
1336470 924.6
1336480 922.8
1336490 921.0
1336500 921.0
1336510 916.0
1336520 908.9
1336530 908.9
1336540 903.9
1336550 901.1
1336560 901.1
1336570 897.6
1336580 893.7
1336590 893.7
1336600 889.3
1336610 884.6
1336620 884.6
1336630 880.4
1336640 876.1
1336650 876.1
1336660 871.2
1336670 866.8
1336680 866.8
1336690 863.6
1336700 860.5
1336710 860.5
1336720 858.6
1336730 857.0
1336740 853.6
1336750 853.6
1336760 853.5
1336770 858.0
1336780 858.0
1336790 862.4
1336800 868.7
1336810 868.7
1336820 874.3
1336830 876.6
1336840 876.6
1336850 878.3
1336860 880.0
1336870 880.0
1336880 881.5
1336890 883.1
1336900 883.1
1336910 885.0
1336920 886.6
1336930 886.6
1336940 888.6
1336950 890.6
1336960 890.6
1336970 892.3
1336980 894.1
1336990 894.1
1337000 896.1
1337010 898.2
1337020 898.2
1337030 900.7
1337040 902.7
1337050 902.7
1337060 904.0
1337070 905.1
1337080 905.1
1337090 906.0
1337100 907.2
1337110 907.2
1337120 909.5
1337130 912.5
1337140 914.5
1337150 914.5
1337160 915.8
1337170 916.1
1337180 916.1
1337190 916.8
1337200 917.9
1337210 917.9
1337220 918.7
1337230 919.9
1337240 919.9
1337250 921.8
1337260 923.2
1337270 923.2
1337280 925.5
1337290 929.0
1337300 929.0
1337310 932.1
1337320 933.6
1337330 933.6
1337340 936.8
1337350 940.9
1337360 944.6
1337370 948.2
1337380 951.2
1337390 951.2
1337400 954.1
1337410 956.4
1337420 956.4
1337430 957.3
1337440 956.3
1337450 956.3
1337460 954.2
1337470 951.9
1337480 951.9
1337490 950.2
1337500 949.3
1337510 948.0
1337520 948.0
1337530 945.8
1337540 945.7
1337550 945.7
1337560 946.5
1337570 951.5
1337580 951.5
1337590 954.1
1337600 954.3
1337610 954.3
1337620 954.9
1337630 955.9
1337640 955.9
1337650 956.0
1337660 956.9
1337670 956.9
1337680 957.5
1337690 958.7
1337700 958.7
1337710 958.4
1337720 961.7
1337730 961.7
1337740 966.4
1337750 969.0
1337760 969.0
1337770 969.9
1337780 970.9
1337790 970.9
1337800 971.5
1337810 971.7
1337820 971.7
1337830 972.4
1337840 972.2
1337850 972.2
1337860 971.2
1337870 968.7
1337880 967.1
1337890 967.1
1337900 965.7
1337910 963.5
1337920 963.5
1337930 962.0
1337940 961.1
1337950 961.1
1337960 960.3
1337970 958.3
1337980 958.3
1337990 958.4
1338000 956.0
1338010 956.0
1338020 951.8
1338030 949.7
1338040 949.7
1338050 950.5
1338060 951.8
1338070 951.8
1338080 951.2
1338090 948.3
1338100 948.3
1338110 945.0
1338120 942.7
1338130 942.7
1338140 941.4
1338150 940.3
1338160 940.3
1338170 939.1
1338180 939.4
1338190 939.4
1338200 941.6
1338210 942.5
1338220 942.5
1338230 944.0
1338240 940.2
1338250 935.7
1338260 935.7
1338270 931.4
1338280 927.9
1338290 927.9
1338300 926.2
1338310 925.0
1338320 925.0
1338330 923.0
1338340 920.3
1338350 920.3
1338360 918.2
1338370 916.4
1338380 916.4
1338390 914.3
1338400 912.7
1338410 912.7
1338420 912.1
1338430 914.2
1338440 914.2
1338450 917.3
1338460 918.1
1338470 918.1
1338480 916.7
1338490 915.8
1338500 915.8
1338510 916.4
1338520 917.1
1338530 917.1
1338540 916.6
1338550 915.6
1338560 915.6
1338570 915.9
1338580 916.5
1338590 916.5
1338600 915.8
1338610 916.0
1338620 916.0
1338630 915.5
1338640 918.8
1338650 920.8
1338660 920.8
1338670 922.3
1338680 923.4
1338690 923.4
1338700 923.6
1338710 923.2
1338720 923.2
1338730 924.1
1338740 923.6
1338750 923.6
1338760 920.9
1338770 919.0
1338780 919.0
1338790 917.8
1338800 916.9
1338810 916.9
1338820 916.7
1338830 916.0
1338840 916.0
1338850 915.2
1338860 915.0
1338870 915.0
1338880 917.5
1338890 920.3
1338900 920.3
1338910 921.7
1338920 922.6
1338930 922.6
1338940 922.7
1338950 923.5
1338960 923.5
1338970 924.2
1338980 923.3
1338990 923.3
1339000 919.9
1339010 916.8
1339020 913.4
1339030 913.4
1339040 910.8
1339050 909.6
1339060 909.6
1339070 909.0
1339080 906.9
1339090 906.9
1339100 907.1
1339110 909.5
1339120 909.5
1339130 906.4
1339140 904.4
1339150 904.4
1339160 903.3
1339170 901.0
1339180 901.0
1339190 896.4
1339200 892.2
1339210 892.2
1339220 892.0
1339230 892.4
1339240 892.4
1339250 892.0
1339260 891.4
1339270 891.4
1339280 890.1
1339290 888.1
1339300 888.1
1339310 886.2
1339320 883.4
1339330 883.4
1339340 881.1
1339350 878.0
1339360 878.0
1339370 876.1
1339380 874.3
1339390 873.2
1339400 873.2
1339410 871.9
1339420 870.1
1339430 870.1
1339440 868.2
1339450 866.3
1339460 866.3
1339470 863.5
1339480 860.5
1339490 860.5
1339500 857.6
1339510 854.7
1339520 854.7
1339530 851.6
1339540 847.4
1339550 847.4
1339560 844.0
1339570 842.3
1339580 842.3
1339590 841.1
1339600 840.1
1339610 840.1
1339620 839.5
1339630 839.0
1339640 839.0
1339650 838.2
1339660 837.1
1339670 837.1
1339680 836.1
1339690 835.4
1339700 835.4
1339710 834.9
1339720 835.0
1339730 835.0
1339740 835.3
1339750 835.5
1339760 835.5
1339770 835.4
1339780 835.5
1339790 835.5
1339800 835.5
1339810 835.5
1339820 835.5
1339830 835.5
1339840 835.5
1339850 835.6
1339860 835.6
1339870 835.7
1339880 835.9
1339890 835.9
1339900 836.1
1339910 835.8
1339920 835.8
1339930 834.7
1339940 832.8
1339950 832.8
1339960 831.9
1339970 832.9
1339980 832.9
1339990 834.5
