1320000 1352.3
1320010 1357.0
1320020 1360.4
1320030 1362.3
1320040 1362.3
1320050 1363.6
1320060 1363.9
1320070 1363.9
1320080 1364.1
1320090 1364.2
1320100 1364.2
1320110 1363.9
1320120 1363.6
1320130 1363.6
1320140 1363.9
1320150 1364.0
1320160 1364.0
1320170 1364.6
1320180 1365.6
1320190 1365.6
1320200 1364.8
1320210 1363.4
1320220 1363.4
1320230 1361.8
1320240 1360.6
1320250 1360.6
1320260 1359.7
1320270 1357.9
1320280 1357.9
1320290 1354.9
1320300 1352.4
1320310 1352.4
1320320 1350.7
1320330 1349.2
1320340 1349.2
1320350 1347.8
1320360 1346.7
1320370 1346.7
1320380 1345.2
1320390 1343.7
1320400 1343.7
1320410 1342.3
1320420 1340.1
1320430 1337.2
1320440 1337.2
1320450 1334.0
1320460 1330.5
1320470 1330.5
1320480 1326.6
1320490 1322.1
1320500 1322.1
1320510 1317.7
1320520 1314.1
1320530 1314.1
1320540 1310.8
1320550 1307.9
1320560 1307.9
1320570 1305.5
1320580 1303.2
1320590 1303.2
1320600 1301.0
1320610 1300.6
1320620 1300.6
1320630 1300.9
1320640 1300.9
1320650 1300.9
1320660 1298.2
1320670 1298.0
1320680 1298.0
1320690 1297.5
1320700 1296.9
1320710 1296.9
1320720 1295.5
1320730 1293.8
1320740 1293.8
1320750 1293.0
1320760 1293.1
1320770 1293.1
1320780 1293.3
1320790 1294.0
1320800 1293.9
1320810 1293.9
1320820 1294.2
1320830 1294.8
1320840 1294.8
1320850 1295.5
1320860 1296.2
1320870 1296.2
1320880 1297.6
1320890 1300.6
1320900 1300.6
1320910 1305.3
1320920 1310.9
1320930 1310.9
1320940 1315.8
1320950 1319.9
1320960 1319.9
1320970 1322.7
1320980 1324.3
1320990 1324.3
1321000 1324.8
1321010 1324.4
1321020 1324.4
1321030 1323.9
1321040 1323.4
1321050 1323.4
1321060 1322.7
1321070 1321.6
1321080 1321.6
1321090 1320.6
1321100 1319.6
1321110 1319.6
1321120 1318.7
1321130 1318.1
1321140 1318.1
1321150 1317.9
1321160 1317.9
1321170 1317.9
1321180 1318.2
1321190 1318.0
1321200 1317.4
1321210 1317.4
1321220 1316.1
1321230 1314.5
1321240 1314.5
1321250 1312.5
1321260 1311.3
1321270 1311.3
1321280 1310.2
1321290 1308.0
1321300 1308.0
1321310 1305.9
1321320 1304.3
1321330 1304.3
1321340 1303.1
1321350 1301.4
1321360 1301.4
1321370 1299.1
1321380 1297.1
1321390 1297.1
1321400 1295.1
1321410 1293.5
1321420 1293.5
1321430 1292.1
1321440 1287.6
1321450 1287.6
1321460 1285.3
1321470 1283.0
1321480 1283.0
1321490 1281.1
1321500 1279.6
1321510 1279.6
1321520 1278.3
1321530 1277.5
1321540 1277.5
1321550 1275.6
1321560 1272.3
1321570 1270.2
1321580 1270.2
1321590 1268.7
1321600 1267.6
1321610 1267.6
1321620 1266.8
1321630 1266.5
1321640 1266.5
1321650 1265.3
1321660 1262.6
1321670 1262.6
1321680 1259.1
1321690 1257.1
1321700 1257.1
1321710 1254.9
1321720 1252.7
1321730 1252.7
1321740 1251.6
1321750 1249.0
1321760 1249.0
1321770 1245.6
1321780 1243.4
1321790 1243.4
1321800 1242.5
1321810 1241.9
1321820 1241.9
1321830 1240.6
1321840 1239.2
1321850 1239.2
1321860 1238.4
1321870 1237.8
1321880 1237.8
1321890 1237.6
1321900 1237.5
1321910 1237.5
1321920 1237.2
1321930 1236.4
1321940 1236.4
1321950 1234.8
1321960 1233.3
1321970 1232.4
1321980 1232.4
1321990 1231.2
1322000 1230.1
1322010 1230.1
1322020 1229.4
1322030 1228.6
1322040 1228.6
1322050 1228.1
1322060 1227.9
1322070 1227.9
1322080 1228.0
1322090 1228.2
1322100 1228.2
1322110 1228.6
1322120 1229.3
1322130 1229.3
1322140 1229.7
1322150 1229.2
1322160 1229.2
1322170 1228.2
1322180 1226.7
1322190 1226.7
1322200 1224.8
1322210 1222.4
1322220 1222.4
1322230 1218.4
1322240 1216.8
1322250 1216.8
1322260 1214.7
1322270 1212.4
1322280 1212.4
1322290 1210.6
1322300 1209.8
1322310 1209.8
1322320 1209.1
1322330 1208.5
1322340 1208.5
1322350 1207.6
1322360 1207.2
1322370 1206.8
1322380 1206.8
1322390 1206.4
1322400 1205.9
1322410 1205.9
1322420 1204.6
1322430 1202.8
1322440 1202.8
1322450 1201.1
1322460 1199.4
1322470 1199.4
1322480 1198.0
1322490 1196.3
1322500 1196.3
1322510 1194.3
1322520 1193.0
1322530 1193.0
1322540 1193.6
1322550 1193.3
1322560 1193.3
1322570 1193.8
1322580 1194.0
1322590 1194.0
1322600 1194.1
1322610 1194.2
1322620 1194.2
1322630 1194.1
1322640 1193.3
1322650 1193.3
1322660 1191.9
1322670 1190.7
1322680 1190.7
1322690 1190.0
1322700 1189.3
1322710 1189.3
1322720 1188.8
1322730 1189.2
1322740 1190.2
1322750 1190.2
1322760 1191.4
1322770 1192.8
1322780 1192.8
1322790 1194.0
1322800 1194.6
1322810 1194.6
1322820 1194.0
1322830 1193.0
1322840 1193.0
1322850 1192.7
1322860 1192.6
1322870 1192.6
1322880 1194.0
1322890 1197.3
1322900 1197.3
1322910 1197.9
1322920 1196.3
1322930 1196.3
1322940 1192.7
1322950 1185.3
1322960 1185.3
1322970 1175.0
1322980 1170.9
1322990 1170.9
1323000 1163.8
1323010 1158.1
1323020 1161.4
1323030 1157.6
1323040 1155.0
1323050 1155.0
1323060 1152.8
1323070 1150.9
1323080 1150.9
1323090 1148.8
1323100 1146.0
1323110 1146.0
1323120 1145.2
1323130 1144.1
1323140 1143.7
1323150 1143.7
1323160 1141.2
1323170 1137.8
1323180 1137.8
1323190 1133.8
1323200 1130.6
1323210 1130.6
1323220 1126.2
1323230 1120.8
1323240 1120.8
1323250 1117.3
1323260 1118.3
1323270 1118.3
1323280 1119.8
1323290 1120.0
1323300 1120.0
1323310 1119.9
1323320 1120.1
1323330 1120.1
1323340 1119.9
1323350 1115.9
1323360 1115.9
1323370 1109.2
1323380 1105.0
1323390 1105.0
1323400 1101.5
1323410 1096.4
1323420 1096.4
1323430 1090.7
1323440 1079.4
1323450 1079.4
1323460 1073.0
1323470 1059.3
1323480 1059.3
1323490 1038.6
1323500 1035.2
1323510 1031.0
1323520 1031.0
1323530 1021.1
1323540 1007.0
1323550 1007.0
1323560 987.8
1323570 980.8
1323580 980.8
1323590 975.0
1323600 968.8
1323610 968.8
1323620 962.7
1323630 956.8
1323640 956.8
1323650 950.9
1323660 944.5
1323670 944.5
1323680 939.8
1323690 933.8
1323700 933.8
1323710 926.1
1323720 920.6
1323730 920.6
1323740 915.4
1323750 909.9
1323760 909.9
1323770 902.5
1323780 894.5
1323790 894.5
1323800 886.7
1323810 879.6
1323820 882.3
1323830 875.5
1323840 868.9
1323850 868.9
1323860 862.4
1323870 855.3
1323880 855.3
1323890 847.6
1323900 840.0
1323910 833.0
1323920 833.0
1323930 826.5
1323940 820.7
1323950 820.7
1323960 817.5
1323970 821.7
1323980 821.7
1323990 829.7
1324000 837.2
1324010 837.2
1324020 839.9
1324030 841.5
1324040 841.5
1324050 845.2
1324060 850.3
1324070 850.3
1324080 856.0
1324090 861.6
1324100 861.6
1324110 866.4
1324120 871.9
1324130 871.9
1324140 879.3
1324150 887.6
1324160 887.6
1324170 895.9
1324180 905.8
1324190 905.8
1324200 919.7
1324210 926.7
1324220 926.7
1324230 931.0
1324240 938.5
1324250 938.5
1324260 948.4
1324270 965.1
1324280 978.5
1324290 978.5
1324300 992.1
1324310 1004.7
1324320 1004.7
1324330 1014.7
1324340 1024.2
1324350 1024.2
1324360 1031.9
1324370 1038.7
1324380 1038.7
1324390 1044.5
1324400 1048.4
1324410 1048.4
1324420 1051.4
1324430 1058.2
1324440 1058.2
1324450 1064.2
1324460 1069.8
1324470 1069.8
1324480 1075.6
1324490 1079.7
1324500 1079.7
1324510 1083.4
1324520 1087.6
1324530 1087.6
1324540 1092.9
1324550 1098.4
1324560 1098.4
1324570 1103.1
1324580 1106.8
1324590 1106.8
1324600 1110.1
1324610 1113.6
1324620 1108.3
1324630 1111.9
1324640 1115.9
1324650 1115.9
1324660 1119.7
1324670 1123.1
1324680 1126.5
1324690 1126.5
1324700 1129.9
1324710 1133.7
1324720 1133.7
1324730 1136.4
1324740 1138.2
1324750 1138.2
1324760 1139.8
1324770 1140.8
1324780 1140.8
1324790 1141.6
1324800 1142.9
1324810 1142.9
1324820 1143.6
1324830 1144.2
1324840 1144.2
1324850 1145.2
1324860 1146.8
1324870 1146.8
1324880 1148.4
1324890 1149.9
1324900 1149.9
1324910 1151.7
1324920 1153.6
1324930 1153.6
1324940 1155.6
1324950 1157.6
1324960 1157.6
1324970 1159.8
1324980 1162.6
1324990 1162.6
1325000 1165.7
1325010 1168.9
1325020 1168.9
1325030 1172.9
1325040 1176.7
1325050 1176.7
1325060 1179.2
1325070 1180.1
1325080 1180.9
1325090 1180.9
1325100 1180.2
1325110 1178.7
1325120 1178.7
1325130 1177.1
1325140 1176.1
1325150 1176.1
1325160 1175.5
1325170 1175.7
1325180 1175.7
1325190 1176.2
1325200 1176.4
1325210 1176.4
1325220 1175.6
1325230 1173.7
1325240 1173.7
1325250 1171.4
1325260 1170.0
1325270 1170.0
1325280 1169.2
1325290 1168.8
1325300 1168.8
1325310 1169.1
1325320 1169.6
1325330 1169.6
1325340 1169.1
1325350 1167.2
1325360 1167.2
1325370 1164.1
1325380 1161.3
1325390 1161.3
1325400 1159.5
1325410 1158.2
1325420 1151.1
1325430 1149.6
1325440 1149.2
1325450 1152.5
1325460 1152.5
1325470 1155.0
1325480 1156.6
1325490 1156.6
1325500 1158.0
1325510 1159.9
1325520 1159.9
1325530 1161.9
1325540 1164.6
1325550 1164.6
1325560 1167.4
1325570 1170.4
1325580 1170.4
1325590 1173.6
1325600 1177.2
1325610 1177.2
1325620 1181.3
1325630 1184.7
1325640 1184.7
1325650 1187.6
1325660 1190.1
1325670 1190.1
1325680 1192.5
1325690 1194.6
1325700 1194.6
1325710 1196.0
1325720 1197.0
1325730 1197.0
1325740 1197.5
1325750 1197.4
1325760 1197.4
1325770 1197.3
1325780 1197.8
1325790 1197.8
1325800 1199.0
1325810 1200.6
1325820 1200.6
1325830 1202.0
1325840 1202.3
1325850 1201.3
1325860 1201.3
1325870 1199.1
1325880 1196.3
1325890 1196.3
1325900 1194.1
1325910 1192.1
1325920 1192.1
1325930 1190.2
1325940 1187.9
1325950 1187.9
1325960 1185.5
1325970 1182.6
1325980 1182.6
1325990 1178.3
1326000 1172.0
1326010 1172.0
1326020 1164.6
1326030 1157.7
1326040 1157.7
1326050 1155.9
1326060 1158.4
1326070 1158.4
1326080 1159.7
1326090 1156.2
1326100 1156.2
1326110 1150.2
1326120 1153.7
1326130 1153.7
1326140 1158.6
1326150 1163.8
1326160 1163.8
1326170 1169.1
1326180 1174.5
1326190 1174.5
1326200 1180.3
1326210 1186.2
1326220 1187.2
1326230 1187.2
1326240 1192.8
1326250 1198.5
1326260 1198.5
1326270 1204.4
1326280 1209.7
1326290 1209.7
1326300 1214.4
1326310 1218.3
1326320 1218.3
1326330 1221.9
1326340 1225.5
1326350 1225.5
1326360 1229.0
1326370 1231.8
1326380 1231.8
1326390 1233.6
1326400 1233.9
1326410 1233.9
1326420 1232.8
1326430 1229.8
1326440 1229.8
1326450 1225.9
1326460 1222.5
1326470 1222.5
1326480 1220.0
1326490 1218.1
1326500 1218.1
1326510 1217.0
1326520 1215.3
1326530 1215.3
1326540 1212.6
1326550 1213.2
1326560 1213.2
1326570 1217.7
1326580 1221.8
1326590 1221.8
1326600 1225.7
1326610 1229.4
1326620 1233.2
1326630 1233.2
1326640 1236.7
1326650 1240.2
1326660 1240.2
1326670 1243.7
1326680 1247.3
1326690 1247.3
1326700 1251.3
1326710 1255.5
1326720 1255.5
1326730 1260.0
1326740 1264.1
1326750 1264.1
1326760 1268.1
1326770 1271.7
1326780 1271.7
1326790 1275.5
1326800 1279.5
1326810 1279.5
1326820 1282.5
1326830 1284.5
1326840 1284.5
1326850 1287.3
1326860 1289.9
1326870 1289.9
1326880 1291.8
1326890 1292.9
1326900 1292.9
1326910 1293.3
1326920 1293.0
1326930 1293.0
1326940 1291.8
1326950 1289.3
1326960 1289.3
1326970 1285.7
1326980 1281.2
1326990 1276.1
1327000 1276.1
1327010 1273.9
1327020 1276.2
1327030 1276.2
1327040 1273.7
1327050 1276.8
1327060 1276.8
1327070 1280.0
1327080 1283.4
1327090 1283.4
1327100 1287.0
1327110 1290.5
1327120 1290.5
1327130 1294.1
1327140 1298.1
1327150 1298.1
1327160 1302.2
1327170 1306.6
1327180 1306.6
1327190 1310.7
1327200 1314.8
1327210 1314.8
1327220 1318.9
1327230 1323.0
1327240 1323.0
1327250 1326.8
1327260 1330.6
1327270 1330.6
1327280 1334.2
1327290 1337.7
1327300 1337.7
1327310 1341.1
1327320 1344.6
1327330 1344.6
1327340 1347.7
1327350 1350.2
1327360 1350.2
1327370 1352.0
1327380 1353.2
1327390 1353.9
1327400 1353.9
1327410 1354.4
1327420 1354.9
1327430 1354.9
1327440 1355.3
1327450 1355.6
1327460 1355.6
1327470 1355.8
1327480 1355.5
1327490 1355.5
1327500 1354.3
1327510 1352.4
1327520 1352.4
1327530 1350.1
1327540 1347.8
1327550 1347.8
1327560 1345.6
1327570 1343.8
1327580 1343.8
1327590 1342.0
1327600 1340.1
1327610 1340.1
1327620 1337.7
1327630 1335.4
1327640 1335.4
1327650 1332.0
1327660 1326.5
1327670 1326.5
1327680 1321.8
1327690 1319.3
1327700 1319.3
1327710 1322.2
1327720 1327.4
1327730 1327.4
1327740 1332.3
1327750 1336.8
1327760 1336.8
1327770 1341.2
1327780 1345.3
1327790 1348.4
1327800 1348.4
1327810 1351.3
1327820 1354.7
1327830 1354.7
1327840 1358.4
1327850 1359.0
1327860 1359.0
1327870 1362.3
1327880 1365.5
1327890 1365.5
1327900 1369.0
1327910 1372.7
1327920 1372.7
1327930 1376.1
1327940 1378.9
1327950 1378.9
1327960 1381.4
1327970 1383.9
1327980 1383.9
1327990 1386.3
1328000 1388.4
1328010 1388.4
1328020 1389.8
1328030 1391.2
1328040 1391.2
1328050 1392.7
1328060 1394.0
1328070 1394.0
1328080 1395.0
1328090 1395.7
1328100 1395.7
1328110 1394.2
1328120 1391.8
1328130 1391.8
1328140 1390.6
1328150 1389.2
1328160 1390.1
1328170 1390.1
1328180 1394.6
1328190 1400.2
1328200 1400.2
1328210 1405.7
1328220 1410.1
1328230 1410.1
1328240 1414.3
1328250 1418.4
1328260 1418.4
1328270 1422.4
1328280 1426.4
1328290 1426.4
1328300 1430.6
1328310 1434.7
1328320 1434.7
1328330 1439.2
1328340 1443.5
1328350 1443.5
1328360 1447.8
1328370 1451.9
1328380 1451.9
1328390 1456.0
1328400 1460.0
1328410 1460.0
1328420 1464.4
1328430 1468.8
1328440 1468.8
1328450 1472.3
1328460 1475.5
1328470 1475.5
1328480 1479.0
1328490 1482.8
1328500 1482.8
1328510 1486.5
1328520 1489.9
1328530 1489.9
1328540 1493.7
1328550 1497.5
1328560 1501.1
1328570 1501.1
1328580 1504.1
1328590 1507.0
1328600 1507.0
1328610 1509.3
1328620 1511.4
1328630 1511.4
1328640 1513.6
1328650 1516.5
1328660 1516.5
1328670 1517.7
1328680 1519.0
1328690 1519.0
1328700 1520.2
1328710 1521.8
1328720 1521.8
1328730 1522.7
1328740 1522.9
1328750 1522.9
1328760 1523.0
1328770 1523.1
1328780 1523.1
1328790 1523.8
1328800 1525.1
1328810 1525.1
1328820 1526.5
1328830 1528.1
1328840 1528.1
1328850 1528.3
1328860 1529.0
1328870 1529.0
1328880 1529.3
1328890 1528.5
1328900 1528.5
1328910 1527.7
1328920 1527.4
1328930 1527.3
1328940 1527.3
1328950 1527.3
1328960 1527.2
1328970 1527.2
1328980 1526.8
1328990 1526.3
1329000 1526.3
1329010 1526.1
1329020 1526.4
1329030 1526.4
1329040 1526.7
1329050 1527.2
1329060 1527.2
1329070 1527.6
1329080 1527.3
1329090 1527.3
1329100 1527.9
1329110 1531.1
1329120 1531.1
1329130 1537.6
1329140 1542.0
1329150 1542.0
1329160 1544.8
1329170 1547.1
1329180 1547.1
1329190 1550.0
1329200 1552.3
1329210 1552.3
1329220 1553.3
1329230 1555.9
1329240 1555.9
1329250 1559.3
1329260 1562.3
1329270 1562.3
1329280 1565.5
1329290 1569.3
1329300 1569.3
1329310 1573.5
1329320 1578.0
1329330 1581.8
1329340 1581.8
1329350 1585.1
1329360 1588.9
1329370 1588.9
1329380 1592.3
1329390 1595.1
1329400 1595.1
1329410 1596.9
1329420 1598.1
1329430 1598.1
1329440 1598.7
1329450 1599.1
1329460 1599.1
1329470 1599.0
1329480 1598.6
1329490 1593.4
1329500 1593.3
1329510 1594.2
1329520 1594.2
1329530 1595.2
1329540 1595.7
1329550 1595.7
1329560 1595.7
1329570 1595.1
1329580 1595.1
1329590 1594.1
1329600 1593.6
1329610 1593.6
1329620 1594.1
1329630 1594.5
1329640 1594.5
1329650 1594.2
1329660 1593.3
1329670 1593.3
1329680 1592.5
1329690 1592.1
1329700 1591.9
1329710 1591.9
1329720 1591.8
1329730 1591.7
1329740 1591.7
1329750 1590.5
1329760 1588.5
1329770 1588.5
1329780 1585.9
1329790 1578.3
1329800 1578.3
1329810 1569.7
1329820 1567.7
1329830 1567.7
1329840 1567.5
1329850 1569.6
1329860 1569.6
1329870 1573.2
1329880 1579.5
1329890 1579.5
1329900 1592.4
1329910 1599.7
1329920 1599.7
1329930 1607.0
1329940 1612.4
1329950 1612.4
1329960 1620.3
1329970 1626.8
1329980 1626.8
1329990 1633.8
1330000 1644.2
1330010 1644.2
1330020 1650.3
1330030 1656.1
1330040 1656.1
1330050 1661.0
1330060 1663.7
1330070 1663.7
1330080 1666.5
1330090 1669.6
1330100 1672.1
1330110 1672.1
1330120 1674.1
1330130 1676.2
1330140 1676.2
1330150 1678.8
1330160 1681.4
1330170 1681.4
1330180 1683.1
1330190 1684.6
1330200 1684.6
1330210 1685.7
1330220 1685.9
1330230 1685.9
1330240 1686.4
1330250 1687.8
1330260 1687.8
1330270 1689.2
1330280 1690.6
1330290 1690.6
1330300 1692.8
1330310 1694.8
1330320 1689.5
1330330 1691.1
1330340 1692.6
1330350 1692.6
1330360 1694.0
1330370 1695.4
1330380 1695.4
1330390 1697.2
1330400 1699.0
1330410 1699.0
1330420 1699.8
1330430 1700.2
1330440 1700.2
1330450 1700.2
1330460 1699.7
1330470 1699.1
1330480 1699.1
1330490 1697.9
1330500 1696.8
1330510 1696.8
1330520 1695.3
1330530 1693.3
1330540 1693.3
1330550 1691.3
1330560 1688.9
1330570 1688.9
1330580 1686.7
1330590 1685.0
1330600 1685.0
1330610 1683.2
1330620 1680.8
1330630 1680.8
1330640 1679.3
1330650 1678.2
1330660 1678.2
1330670 1676.2
1330680 1673.7
1330690 1673.7
1330700 1672.1
1330710 1671.0
1330720 1671.0
1330730 1669.7
1330740 1667.3
1330750 1667.3
1330760 1664.2
1330770 1661.7
1330780 1661.7
1330790 1660.7
1330800 1660.3
1330810 1660.3
1330820 1658.8
1330830 1656.7
1330840 1656.7
1330850 1654.5
1330860 1652.6
1330870 1650.4
1330880 1650.4
1330890 1646.9
1330900 1644.1
1330910 1644.1
1330920 1643.0
1330930 1642.3
1330940 1642.3
1330950 1641.6
1330960 1640.2
1330970 1640.2
1330980 1639.2
1330990 1638.2
1331000 1638.2
1331010 1636.9
1331020 1635.8
1331030 1635.8
1331040 1634.3
1331050 1632.9
1331060 1632.9
1331070 1631.4
1331080 1630.3
1331090 1630.3
1331100 1629.5
1331110 1627.8
1331120 1627.8
1331130 1625.7
1331140 1623.5
1331150 1626.0
1331160 1624.2
1331170 1622.8
1331180 1622.8
1331190 1622.0
1331200 1621.4
1331210 1621.4
1331220 1619.7
1331230 1617.7
1331240 1617.7
1331250 1615.5
1331260 1612.7
1331270 1609.8
1331280 1609.8
1331290 1606.2
1331300 1602.7
1331310 1602.7
1331320 1600.9
1331330 1597.5
1331340 1597.5
1331350 1592.6
1331360 1589.8
1331370 1589.8
1331380 1588.7
1331390 1587.0
1331400 1587.0
1331410 1584.0
1331420 1582.4
1331430 1582.4
1331440 1581.0
1331450 1579.6
1331460 1579.6
1331470 1576.6
1331480 1572.0
1331490 1572.0
1331500 1567.8
1331510 1563.7
1331520 1563.7
1331530 1559.8
1331540 1555.7
1331550 1555.7
1331560 1550.5
1331570 1543.9
1331580 1543.9
1331590 1537.9
1331600 1532.0
1331610 1532.0
1331620 1524.4
1331630 1513.1
1331640 1505.4
1331650 1505.4
1331660 1498.6
1331670 1492.8
1331680 1492.8
1331690 1487.9
1331700 1482.8
1331710 1482.8
1331720 1477.1
1331730 1472.3
1331740 1472.3
1331750 1466.6
1331760 1461.3
1331770 1461.3
1331780 1456.0
1331790 1450.3
1331800 1450.3
1331810 1445.4
1331820 1440.3
1331830 1440.3
1331840 1435.2
1331850 1431.9
1331860 1431.9
1331870 1429.2
1331880 1424.6
1331890 1424.6
1331900 1419.6
1331910 1415.7
1331920 1415.7
1331930 1410.8
1331940 1406.0
1331950 1406.0
1331960 1402.3
1331970 1399.3
1331980 1399.3
1331990 1391.8
1332000 1389.9
1332010 1389.9
1332020 1387.6
1332030 1384.4
1332040 1380.9
1332050 1380.9
1332060 1377.4
1332070 1374.5
1332080 1374.5
1332090 1371.7
1332100 1370.0
1332110 1370.0
1332120 1369.0
1332130 1367.7
1332140 1367.7
1332150 1367.0
1332160 1365.4
1332170 1365.4
1332180 1364.3
1332190 1365.0
1332200 1365.0
1332210 1366.4
1332220 1368.7
1332230 1368.7
1332240 1371.5
1332250 1374.3
1332260 1374.3
1332270 1378.7
1332280 1385.2
1332290 1385.2
1332300 1389.5
1332310 1393.7
1332320 1393.7
1332330 1396.2
1332340 1397.8
1332350 1397.8
1332360 1398.0
1332370 1396.8
1332380 1396.8
1332390 1396.0
1332400 1394.4
1332410 1392.3
1332420 1392.3
1332430 1389.4
1332440 1386.8
1332450 1386.8
1332460 1383.6
1332470 1380.1
1332480 1380.1
1332490 1375.9
1332500 1371.8
1332510 1371.8
1332520 1368.8
1332530 1365.0
1332540 1365.0
1332550 1360.1
1332560 1356.1
1332570 1356.1
1332580 1353.0
1332590 1349.1
1332600 1349.1
1332610 1344.8
1332620 1340.1
1332630 1340.1
1332640 1334.8
1332650 1329.3
1332660 1329.3
1332670 1324.3
1332680 1319.5
1332690 1319.5
1332700 1315.2
1332710 1310.6
1332720 1310.6
1332730 1306.3
1332740 1301.9
1332750 1301.9
1332760 1297.1
1332770 1291.0
1332780 1291.0
1332790 1284.1
1332800 1275.4
1332810 1268.7
1332820 1268.7
1332830 1254.0
1332840 1245.6
1332850 1245.6
1332860 1237.6
1332870 1229.5
1332880 1229.5
1332890 1221.7
1332900 1214.3
1332910 1214.3
1332920 1207.3
1332930 1201.0
1332940 1201.0
1332950 1194.6
1332960 1188.4
1332970 1188.4
1332980 1182.4
1332990 1176.0
1333000 1176.0
1333010 1170.2
1333020 1164.7
1333030 1164.7
1333040 1160.3
1333050 1154.4
1333060 1154.4
1333070 1148.7
1333080 1143.8
1333090 1143.8
1333100 1138.8
1333110 1133.7
1333120 1133.7
1333130 1127.5
1333140 1123.2
1333150 1123.2
1333160 1126.3
1333170 1130.0
1333180 1130.8
1333190 1130.8
1333200 1130.1
1333210 1129.0
1333220 1129.0
1333230 1127.6
1333240 1126.2
1333250 1126.2
1333260 1124.7
1333270 1123.2
1333280 1123.2
1333290 1121.4
1333300 1119.4
1333310 1119.4
1333320 1117.0
1333330 1114.7
1333340 1114.7
1333350 1113.7
1333360 1112.8
1333370 1112.8
1333380 1111.9
1333390 1111.2
1333400 1111.2
1333410 1110.3
1333420 1109.5
1333430 1109.5
1333440 1109.1
1333450 1109.2
1333460 1109.2
1333470 1108.8
1333480 1107.6
1333490 1107.6
1333500 1106.0
1333510 1104.3
1333520 1104.3
1333530 1102.8
1333540 1101.2
1333550 1101.2
1333560 1099.2
1333570 1096.9
1333580 1094.8
1333590 1094.8
1333600 1092.0
1333610 1088.0
1333620 1088.0
1333630 1083.6
1333640 1081.7
1333650 1081.7
1333660 1081.1
1333670 1081.3
1333680 1077.8
1333690 1078.0
1333700 1078.2
1333710 1078.2
1333720 1077.5
1333730 1077.4
1333740 1077.4
1333750 1078.2
1333760 1078.1
1333770 1078.1
1333780 1076.1
1333790 1073.4
1333800 1073.4
1333810 1072.6
1333820 1072.9
1333830 1072.9
1333840 1073.0
1333850 1072.6
1333860 1072.6
1333870 1071.6
1333880 1069.7
1333890 1069.7
1333900 1066.1
1333910 1062.7
1333920 1062.7
1333930 1060.9
1333940 1060.5
1333950 1060.3
1333960 1060.3
1333970 1059.9
1333980 1059.4
1333990 1059.4
1334000 1058.6
1334010 1057.3
1334020 1057.3
1334030 1056.1
1334040 1055.1
1334050 1055.1
1334060 1054.6
1334070 1055.2
1334080 1055.2
1334090 1056.0
1334100 1056.7
1334110 1056.7
1334120 1057.8
1334130 1058.7
1334140 1058.7
1334150 1058.7
1334160 1057.4
1334170 1057.4
1334180 1055.0
1334190 1052.5
1334200 1052.5
1334210 1050.0
1334220 1048.9
1334230 1048.9
1334240 1049.2
1334250 1049.9
1334260 1049.9
1334270 1051.0
1334280 1051.7
1334290 1051.7
1334300 1052.3
1334310 1053.5
1334320 1053.5
1334330 1054.9
1334340 1054.8
1334350 1052.5
1334360 1052.5
1334370 1051.2
1334380 1051.2
1334390 1051.2
1334400 1052.8
1334410 1054.4
1334420 1054.4
1334430 1053.0
1334440 1048.1
1334450 1048.1
1334460 1043.3
1334470 1039.8
1334480 1039.8
1334490 1037.3
1334500 1031.5
1334510 1031.5
1334520 1024.0
1334530 1014.4
1334540 1014.4
1334550 1008.4
1334560 1005.4
1334570 1005.4
1334580 1007.5
1334590 1011.7
1334600 1011.7
1334610 1015.8
1334620 1017.8
1334630 1017.8
1334640 1017.9
1334650 1017.8
1334660 1017.8
1334670 1018.1
1334680 1018.3
1334690 1018.3
1334700 1019.0
1334710 1019.6
1334720 1020.0
1334730 1020.0
1334740 1022.0
1334750 1024.0
1334760 1024.0
1334770 1025.0
1334780 1025.4
1334790 1025.4
1334800 1025.2
1334810 1025.3
1334820 1025.3
1334830 1026.4
1334840 1027.4
1334850 1027.4
1334860 1028.2
1334870 1028.6
1334880 1028.6
1334890 1029.5
1334900 1029.9
1334910 1029.9
1334920 1030.8
1334930 1032.0
1334940 1032.0
1334950 1033.1
1334960 1033.8
1334970 1033.8
1334980 1034.4
1334990 1034.5
1335000 1034.5
1335010 1034.3
1335020 1033.5
1335030 1033.5
1335040 1032.3
1335050 1033.8
1335060 1033.8
1335070 1035.2
1335080 1036.5
1335090 1036.5
1335100 1037.7
1335110 1038.8
1335120 1040.1
1335130 1040.1
1335140 1041.1
1335150 1042.7
1335160 1042.7
1335170 1044.0
1335180 1043.3
1335190 1043.3
1335200 1044.1
1335210 1045.9
1335220 1045.9
1335230 1046.8
1335240 1047.9
1335250 1047.9
1335260 1048.7
1335270 1049.4
1335280 1049.4
1335290 1050.3
1335300 1050.7
1335310 1050.7
1335320 1051.8
1335330 1052.6
1335340 1052.6
1335350 1053.4
1335360 1054.3
1335370 1054.3
1335380 1054.9
1335390 1049.5
1335400 1049.5
1335410 1049.3
1335420 1048.8
1335430 1048.8
1335440 1048.2
1335450 1047.5
1335460 1047.5
1335470 1046.8
1335480 1046.3
1335490 1046.3
1335500 1043.4
1335510 1041.2
1335520 1041.2
1335530 1041.2
1335540 1043.4
1335550 1046.3
1335560 1046.3
1335570 1049.4
1335580 1052.2
1335590 1052.2
1335600 1054.4
1335610 1057.0
1335620 1057.0
1335630 1059.1
1335640 1061.0
1335650 1061.0
1335660 1062.7
1335670 1064.2
1335680 1064.2
1335690 1065.9
1335700 1068.0
1335710 1068.0
1335720 1070.5
1335730 1072.2
1335740 1072.2
1335750 1073.0
1335760 1073.9
1335770 1073.9
1335780 1074.8
1335790 1075.2
1335800 1075.2
1335810 1075.6
1335820 1076.2
1335830 1076.2
1335840 1076.7
1335850 1077.6
1335860 1077.6
1335870 1078.2
1335880 1078.2
1335890 1077.4
1335900 1077.4
1335910 1077.8
1335920 1078.6
1335930 1078.6
1335940 1079.2
1335950 1079.4
1335960 1079.4
1335970 1079.5
1335980 1079.1
1335990 1079.1
1336000 1079.8
1336010 1081.7
1336020 1081.7
1336030 1083.7
1336040 1085.7
1336050 1085.7
1336060 1087.1
1336070 1088.4
1336080 1088.4
1336090 1089.4
1336100 1090.3
1336110 1090.3
1336120 1090.8
1336130 1091.2
1336140 1091.2
1336150 1092.4
1336160 1093.7
1336170 1093.7
1336180 1094.7
1336190 1095.4
1336200 1095.4
1336210 1096.3
1336220 1096.6
1336230 1096.6
1336240 1096.1
1336250 1089.9
1336260 1089.9
1336270 1090.5
1336280 1090.8
1336290 1090.4
1336300 1090.4
1336310 1089.8
1336320 1089.5
1336330 1089.5
1336340 1089.3
1336350 1088.8
1336360 1088.8
1336370 1087.9
1336380 1087.3
1336390 1087.3
1336400 1086.8
1336410 1086.5
1336420 1086.5
1336430 1085.9
1336440 1085.5
1336450 1085.5
1336460 1084.5
1336470 1083.5
1336480 1083.5
1336490 1082.8
1336500 1081.7
1336510 1081.7
1336520 1080.5
1336530 1079.8
1336540 1079.8
1336550 1078.8
1336560 1077.9
1336570 1077.9
1336580 1077.1
1336590 1075.9
1336600 1075.9
1336610 1074.7
1336620 1073.5
1336630 1073.5
1336640 1071.8
1336650 1070.4
1336660 1068.5
1336670 1068.5
1336680 1066.3
1336690 1064.4
1336700 1064.4
1336710 1062.3
1336720 1060.4
1336730 1060.4
1336740 1058.1
1336750 1055.6
1336760 1055.6
1336770 1053.2
1336780 1050.2
1336790 1050.2
1336800 1047.0
1336810 1043.3
1336820 1043.3
1336830 1039.4
1336840 1034.4
1336850 1034.4
1336860 1029.2
1336870 1024.6
1336880 1024.6
1336890 1020.6
1336900 1016.1
1336910 1016.1
1336920 1011.1
1336930 1005.5
1336940 1005.5
1336950 999.5
1336960 993.4
1336970 993.4
1336980 987.3
1336990 981.8
1337000 981.8
1337010 976.5
1337020 971.0
1337030 971.0
1337040 964.5
1337050 957.2
1337060 950.0
1337070 950.0
1337080 942.8
1337090 936.8
1337100 936.8
1337110 931.8
1337120 921.2
1337130 921.2
1337140 914.8
1337150 910.5
1337160 910.5
1337170 906.7
1337180 901.5
1337190 901.5
1337200 896.1
1337210 890.6
1337220 890.6
1337230 884.8
1337240 879.0
1337250 879.0
1337260 873.3
1337270 867.4
1337280 867.4
1337290 861.8
1337300 856.9
1337310 856.9
1337320 852.2
1337330 847.5
1337340 847.5
1337350 843.1
1337360 838.5
1337370 838.5
1337380 832.7
1337390 825.9
1337400 825.9
1337410 819.2
1337420 813.0
1337430 805.5
1337440 805.5
1337450 797.9
1337460 791.6
1337470 791.6
1337480 785.2
1337490 778.0
1337500 778.0
1337510 773.8
1337520 771.6
1337530 771.6
1337540 769.3
1337550 767.9
1337560 767.9
1337570 767.0
1337580 766.0
1337590 766.0
1337600 764.8
1337610 763.3
1337620 763.3
1337630 762.3
1337640 761.9
1337650 761.9
1337660 762.2
1337670 762.3
1337680 762.3
1337690 761.5
1337700 761.0
1337710 761.0
1337720 760.1
1337730 758.0
1337740 758.0
1337750 756.2
1337760 758.4
1337770 758.4
1337780 757.5
1337790 756.8
1337800 756.8
1337810 761.0
1337820 767.0
1337830 772.5
1337840 772.5
1337850 778.0
1337860 783.7
1337870 783.7
1337880 789.8
1337890 795.7
1337900 795.7
1337910 801.9
1337920 808.3
1337930 808.3
1337940 815.2
1337950 821.6
1337960 821.6
1337970 828.1
1337980 836.3
1337990 830.2
1338000 836.8
1338010 841.5
1338020 841.5
1338030 846.3
1338040 852.5
1338050 852.5
1338060 861.0
1338070 869.1
1338080 869.1
1338090 874.7
1338100 879.8
1338110 879.8
1338120 883.8
1338130 886.1
1338140 886.1
1338150 887.2
1338160 887.5
1338170 887.5
1338180 887.8
1338190 888.5
1338200 889.2
1338210 889.2
1338220 889.7
1338230 890.1
1338240 890.1
1338250 890.8
1338260 891.7
1338270 891.7
1338280 892.3
1338290 893.0
1338300 893.0
1338310 894.5
1338320 896.3
1338330 896.3
1338340 897.5
1338350 898.9
1338360 898.9
1338370 900.7
1338380 901.8
1338390 901.8
1338400 902.5
1338410 903.4
1338420 903.4
1338430 904.8
1338440 905.7
1338450 905.7
1338460 906.5
1338470 907.5
1338480 907.5
1338490 908.4
1338500 909.7
1338510 909.7
1338520 910.2
1338530 911.4
1338540 911.4
1338550 911.7
1338560 911.0
1338570 911.0
1338580 911.6
1338590 912.3
1338600 912.5
1338610 912.5
1338620 913.2
1338630 913.7
1338640 913.7
1338650 913.4
1338660 912.3
1338670 912.3
1338680 911.7
1338690 911.1
1338700 911.1
1338710 910.7
1338720 910.2
1338730 910.2
1338740 909.7
1338750 908.8
1338760 908.8
1338770 907.8
1338780 906.4
1338790 906.4
1338800 904.5
1338810 902.7
1338820 902.7
1338830 901.4
1338840 901.1
1338850 901.1
1338860 899.9
1338870 892.4
1338880 892.4
1338890 891.3
1338900 890.7
1338910 890.7
1338920 890.5
1338930 890.1
1338940 890.1
1338950 889.3
1338960 888.7
1338970 888.7
1338980 888.7
1338990 888.5
1339000 888.0
1339010 888.0
1339020 887.4
1339030 886.5
1339040 886.5
1339050 885.8
1339060 885.3
1339070 885.3
1339080 884.8
1339090 884.1
1339100 884.1
1339110 883.6
1339120 883.0
1339130 883.0
1339140 882.4
1339150 881.9
1339160 881.9
1339170 878.6
1339180 874.2
1339190 874.2
1339200 872.3
1339210 875.0
1339220 875.0
1339230 879.0
1339240 880.7
1339250 880.7
1339260 880.0
1339270 879.9
1339280 879.9
1339290 880.8
1339300 880.1
1339310 880.1
1339320 878.6
1339330 877.9
1339340 877.9
1339350 878.0
1339360 876.7
1339370 873.3
1339380 873.3
1339390 874.2
1339400 874.1
1339410 874.1
1339420 870.8
1339430 869.4
1339440 869.4
1339450 873.1
1339460 875.7
1339470 875.7
1339480 876.2
1339490 875.0
1339500 875.0
1339510 873.4
1339520 871.9
1339530 871.9
1339540 870.2
1339550 868.2
1339560 868.2
1339570 865.8
1339580 862.0
1339590 862.0
1339600 857.7
1339610 855.6
1339620 855.6
1339630 853.6
1339640 851.2
1339650 851.2
1339660 849.0
1339670 847.4
1339680 847.4
1339690 846.0
1339700 845.2
1339710 845.2
1339720 845.1
1339730 843.6
1339740 843.6
1339750 836.8
1339760 834.3
1339770 834.4
1339780 834.4
1339790 834.9
1339800 834.5
1339810 834.5
1339820 833.0
1339830 831.1
1339840 831.1
1339850 830.3
1339860 828.1
1339870 828.1
1339880 824.1
1339890 820.7
1339900 820.7
1339910 823.3
1339920 824.2
1339930 824.2
1339940 822.7
1339950 818.3
1339960 818.3
1339970 812.8
1339980 815.3
1339990 815.3
