1320000 1639.6
1320010 1645.8
1320020 1645.8
1320030 1652.3
1320040 1659.5
1320050 1659.5
1320060 1666.0
1320070 1673.9
1320080 1673.9
1320090 1679.8
1320100 1681.9
1320110 1685.2
1320120 1685.2
1320130 1690.3
1320140 1697.4
1320150 1697.4
1320160 1703.8
1320170 1710.1
1320180 1710.1
1320190 1715.6
1320200 1721.2
1320210 1721.2
1320220 1726.9
1320230 1732.5
1320240 1732.5
1320250 1737.6
1320260 1742.8
1320270 1742.8
1320280 1747.7
1320290 1752.2
1320300 1752.2
1320310 1756.7
1320320 1760.5
1320330 1760.5
1320340 1762.8
1320350 1761.9
1320360 1761.9
1320370 1759.5
1320380 1758.6
1320390 1758.6
1320400 1755.8
1320410 1754.3
1320420 1754.3
1320430 1752.5
1320440 1749.6
1320450 1749.6
1320460 1748.0
1320470 1745.8
1320480 1742.7
1320490 1742.7
1320500 1741.5
1320510 1741.3
1320520 1732.6
1320530 1733.4
1320540 1734.7
1320550 1734.7
1320560 1733.4
1320570 1732.3
1320580 1732.3
1320590 1733.3
1320600 1734.4
1320610 1734.4
1320620 1735.0
1320630 1736.0
1320640 1736.0
1320650 1736.8
1320660 1737.6
1320670 1737.6
1320680 1736.8
1320690 1729.9
1320700 1729.9
1320710 1722.3
1320720 1714.7
1320730 1714.7
1320740 1706.7
1320750 1699.8
1320760 1699.8
1320770 1692.5
1320780 1685.3
1320790 1685.3
1320800 1678.3
1320810 1671.3
1320820 1671.3
1320830 1664.2
1320840 1657.7
1320850 1657.7
1320860 1650.8
1320870 1643.4
1320880 1636.5
1320890 1636.5
1320900 1629.7
1320910 1623.2
1320920 1623.2
1320930 1616.2
1320940 1609.2
1320950 1609.2
1320960 1602.3
1320970 1595.6
1320980 1595.6
1320990 1588.5
1321000 1581.4
1321010 1581.4
1321020 1574.8
1321030 1567.8
1321040 1567.8
1321050 1561.3
1321060 1554.6
1321070 1554.6
1321080 1547.6
1321090 1541.1
1321100 1541.1
1321110 1534.7
1321120 1528.7
1321130 1528.7
1321140 1523.4
1321150 1518.6
1321160 1518.6
1321170 1514.5
1321180 1511.2
1321190 1511.2
1321200 1508.9
1321210 1506.9
1321220 1506.9
1321230 1502.9
1321240 1498.7
1321250 1498.7
1321260 1495.9
1321270 1494.6
1321280 1493.4
1321290 1493.4
1321300 1492.4
1321310 1493.3
1321320 1493.3
1321330 1489.9
1321340 1483.4
1321350 1483.4
1321360 1476.2
1321370 1469.2
1321380 1469.2
1321390 1462.3
1321400 1456.3
1321410 1456.3
1321420 1452.0
1321430 1447.8
1321440 1447.8
1321450 1443.9
1321460 1440.2
1321470 1440.2
1321480 1436.2
1321490 1432.3
1321500 1432.3
1321510 1428.5
1321520 1424.9
1321530 1424.9
1321540 1421.2
1321550 1417.7
1321560 1417.7
1321570 1414.3
1321580 1410.2
1321590 1410.2
1321600 1406.1
1321610 1402.3
1321620 1402.3
1321630 1398.8
1321640 1395.1
1321650 1391.1
1321660 1391.1
1321670 1387.5
1321680 1383.2
1321690 1383.2
1321700 1378.0
1321710 1374.9
1321720 1374.9
1321730 1372.5
1321740 1368.8
1321750 1368.8
1321760 1363.3
1321770 1359.0
1321780 1359.0
1321790 1355.7
1321800 1352.9
1321810 1352.9
1321820 1348.8
1321830 1342.9
1321840 1342.9
1321850 1337.3
1321860 1331.9
1321870 1331.9
1321880 1328.2
1321890 1323.8
1321900 1323.8
1321910 1319.6
1321920 1315.6
1321930 1315.6
1321940 1311.5
1321950 1306.2
1321960 1306.2
1321970 1302.9
1321980 1299.8
1321990 1299.8
1322000 1296.2
1322010 1292.9
1322020 1292.9
1322030 1289.7
1322040 1286.6
1322050 1283.7
1322060 1283.7
1322070 1281.5
1322080 1278.7
1322090 1275.8
1322100 1272.2
1322110 1269.1
1322120 1269.1
1322130 1265.9
1322140 1262.1
1322150 1262.1
1322160 1257.4
1322170 1251.7
1322180 1251.7
1322190 1241.8
1322200 1235.4
1322210 1235.4
1322220 1232.0
1322230 1228.5
1322240 1228.5
1322250 1224.7
1322260 1220.7
1322270 1220.7
1322280 1219.6
1322290 1217.0
1322300 1217.0
1322310 1213.0
1322320 1209.6
1322330 1209.6
1322340 1205.9
1322350 1202.6
1322360 1202.6
1322370 1199.2
1322380 1195.1
1322390 1195.1
1322400 1191.1
1322410 1188.3
1322420 1188.3
1322430 1185.7
1322440 1183.8
1322450 1181.9
1322460 1181.9
1322470 1180.4
1322480 1179.3
1322490 1179.3
1322500 1177.9
1322510 1176.3
1322520 1176.3
1322530 1174.9
1322540 1172.7
1322550 1172.7
1322560 1169.5
1322570 1167.4
1322580 1167.4
1322590 1165.5
1322600 1163.6
1322610 1163.6
1322620 1162.4
1322630 1160.8
1322640 1160.8
1322650 1159.6
1322660 1158.9
1322670 1158.9
1322680 1158.4
1322690 1157.7
1322700 1157.7
1322710 1156.7
1322720 1156.0
1322730 1156.0
1322740 1155.2
1322750 1154.4
1322760 1154.4
1322770 1153.6
1322780 1152.6
1322790 1152.6
1322800 1151.4
1322810 1150.0
1322820 1150.0
1322830 1151.8
1322840 1155.4
1322850 1157.4
1322860 1157.4
1322870 1158.3
1322880 1151.3
1322890 1151.3
1322900 1149.5
1322910 1148.3
1322920 1148.3
1322930 1148.6
1322940 1150.1
1322950 1150.1
1322960 1150.7
1322970 1150.5
1322980 1150.5
1322990 1151.0
1323000 1151.3
1323010 1151.3
1323020 1150.2
1323030 1147.9
1323040 1147.9
1323050 1145.2
1323060 1143.3
1323070 1143.3
1323080 1141.2
1323090 1137.7
1323100 1137.7
1323110 1133.9
1323120 1130.2
1323130 1130.2
1323140 1126.1
1323150 1120.0
1323160 1120.0
1323170 1112.0
1323180 1103.9
1323190 1103.9
1323200 1095.0
1323210 1086.1
1323220 1078.2
1323230 1078.2
1323240 1070.3
1323250 1063.2
1323260 1063.2
1323270 1056.4
1323280 1049.6
1323290 1049.6
1323300 1042.5
1323310 1036.0
1323320 1036.0
1323330 1030.4
1323340 1025.9
1323350 1025.9
1323360 1020.8
1323370 1015.3
1323380 1015.3
1323390 1011.7
1323400 1008.3
1323410 1008.3
1323420 1003.1
1323430 996.7
1323440 996.7
1323450 990.1
1323460 981.7
1323470 981.7
1323480 971.8
1323490 967.1
1323500 967.1
1323510 961.1
1323520 954.5
1323530 954.5
1323540 947.9
1323550 940.2
1323560 940.2
1323570 933.2
1323580 922.4
1323590 922.4
1323600 905.7
1323610 893.9
1323620 887.5
1323630 887.5
1323640 884.9
1323650 884.6
1323660 884.6
1323670 871.7
1323680 861.5
1323690 861.5
1323700 848.6
1323710 836.5
1323720 836.5
1323730 835.7
1323740 840.3
1323750 840.3
1323760 849.5
1323770 865.0
1323780 865.0
1323790 875.9
1323800 884.8
1323810 884.8
1323820 897.5
1323830 910.4
1323840 910.4
1323850 920.3
1323860 931.7
1323870 931.7
1323880 941.5
1323890 948.7
1323900 948.7
1323910 953.0
1323920 954.0
1323930 954.0
1323940 951.7
1323950 950.1
1323960 950.1
1323970 949.1
1323980 948.6
1323990 948.6
1324000 947.9
1324010 948.0
1324020 948.4
1324030 948.4
1324040 947.7
1324050 948.1
1324060 948.1
1324070 949.3
1324080 950.5
1324090 950.5
1324100 954.2
1324110 958.9
1324120 958.9
1324130 966.5
1324140 976.6
1324150 976.6
1324160 984.1
1324170 988.5
1324180 988.5
1324190 993.5
1324200 999.0
1324210 999.0
1324220 1004.8
1324230 1010.9
1324240 1010.9
1324250 1017.1
1324260 1022.0
1324270 1022.0
1324280 1026.3
1324290 1031.2
1324300 1031.2
1324310 1036.3
1324320 1041.2
1324330 1041.2
1324340 1043.3
1324350 1042.9
1324360 1042.9
1324370 1043.6
1324380 1044.6
1324390 1044.6
1324400 1046.3
1324410 1049.1
1324420 1052.3
1324430 1052.3
1324440 1055.3
1324450 1057.5
1324460 1057.5
1324470 1067.9
1324480 1072.0
1324490 1072.0
1324500 1077.1
1324510 1083.3
1324520 1083.3
1324530 1086.6
1324540 1092.5
1324550 1092.5
1324560 1099.8
1324570 1107.1
1324580 1107.1
1324590 1117.7
1324600 1128.0
1324610 1128.0
1324620 1134.5
1324630 1140.9
1324640 1140.9
1324650 1146.6
1324660 1151.2
1324670 1151.2
1324680 1153.9
1324690 1156.5
1324700 1156.5
1324710 1160.2
1324720 1163.7
1324730 1163.7
1324740 1166.4
1324750 1168.2
1324760 1168.2
1324770 1170.7
1324780 1173.5
1324790 1177.0
1324800 1177.0
1324810 1181.2
1324820 1185.8
1324830 1185.8
1324840 1191.5
1324850 1198.2
1324860 1198.2
1324870 1204.6
1324880 1211.3
1324890 1211.3
1324900 1218.0
1324910 1224.7
1324920 1224.7
1324930 1230.6
1324940 1235.2
1324950 1235.2
1324960 1240.9
1324970 1245.1
1324980 1245.1
1324990 1247.1
1325000 1248.2
1325010 1248.2
1325020 1251.3
1325030 1256.3
1325040 1256.3
1325050 1260.1
1325060 1264.0
1325070 1264.0
1325080 1268.8
1325090 1273.2
1325100 1273.2
1325110 1277.0
1325120 1280.0
1325130 1280.0
1325140 1283.6
1325150 1287.2
1325160 1287.2
1325170 1288.9
1325180 1289.8
1325190 1292.4
1325200 1292.4
1325210 1296.6
1325220 1301.5
1325230 1301.5
1325240 1306.0
1325250 1311.6
1325260 1311.6
1325270 1324.2
1325280 1329.2
1325290 1329.2
1325300 1333.3
1325310 1337.8
1325320 1337.8
1325330 1343.6
1325340 1349.9
1325350 1349.9
1325360 1356.1
1325370 1361.1
1325380 1361.1
1325390 1364.3
1325400 1367.1
1325410 1367.1
1325420 1369.1
1325430 1370.5
1325440 1370.5
1325450 1372.8
1325460 1375.9
1325470 1375.9
1325480 1379.2
1325490 1381.8
1325500 1381.8
1325510 1384.7
1325520 1387.9
1325530 1387.9
1325540 1391.1
1325550 1394.2
1325560 1394.2
1325570 1397.7
1325580 1402.5
1325590 1407.6
1325600 1407.6
1325610 1413.1
1325620 1419.2
1325630 1419.2
1325640 1425.4
1325650 1431.4
1325660 1431.4
1325670 1436.5
1325680 1442.0
1325690 1442.0
1325700 1447.8
1325710 1454.7
1325720 1454.7
1325730 1461.1
1325740 1467.2
1325750 1467.2
1325760 1473.1
1325770 1478.5
1325780 1478.5
1325790 1483.4
1325800 1488.4
1325810 1488.4
1325820 1495.9
1325830 1506.9
1325840 1506.9
1325850 1512.2
1325860 1515.7
1325870 1515.7
1325880 1517.0
1325890 1517.1
1325900 1517.1
1325910 1515.7
1325920 1516.4
1325930 1516.4
1325940 1518.6
1325950 1520.6
1325960 1522.7
1325970 1522.7
1325980 1525.9
1325990 1529.9
1326000 1529.9
1326010 1536.4
1326020 1545.0
1326030 1545.0
1326040 1548.8
1326050 1546.5
1326060 1546.5
1326070 1544.6
1326080 1551.9
1326090 1551.9
1326100 1551.9
1326110 1550.5
1326120 1550.5
1326130 1547.7
1326140 1545.5
1326150 1545.5
1326160 1544.0
1326170 1543.7
1326180 1543.7
1326190 1543.8
1326200 1542.9
1326210 1542.9
1326220 1543.0
1326230 1543.8
1326240 1543.8
1326250 1545.7
1326260 1548.0
1326270 1548.0
1326280 1550.6
1326290 1553.8
1326300 1553.8
1326310 1556.8
1326320 1559.0
1326330 1559.0
1326340 1562.2
1326350 1565.9
1326360 1571.2
1326370 1571.2
1326380 1578.0
1326390 1584.7
1326400 1584.7
1326410 1588.9
1326420 1596.4
1326430 1596.4
1326440 1604.5
1326450 1611.5
1326460 1611.5
1326470 1614.8
1326480 1618.6
1326490 1618.6
1326500 1621.4
1326510 1620.8
1326520 1620.8
1326530 1623.8
1326540 1628.3
1326550 1628.3
1326560 1630.8
1326570 1630.7
1326580 1630.7
1326590 1632.8
1326600 1635.5
1326610 1635.5
1326620 1638.8
1326630 1641.3
1326640 1641.3
1326650 1641.4
1326660 1644.6
1326670 1644.6
1326680 1652.0
1326690 1657.9
1326700 1657.9
1326710 1661.3
1326720 1667.7
1326730 1667.7
1326740 1671.1
1326750 1674.4
1326760 1680.4
1326770 1680.4
1326780 1685.6
1326790 1689.5
1326800 1689.5
1326810 1692.2
1326820 1696.9
1326830 1696.9
1326840 1701.5
1326850 1705.6
1326860 1705.6
1326870 1709.8
1326880 1714.0
1326890 1717.2
1326900 1721.1
1326910 1725.4
1326920 1725.4
1326930 1729.6
1326940 1734.0
1326950 1734.0
1326960 1737.9
1326970 1741.2
1326980 1741.2
1326990 1744.6
1327000 1747.4
1327010 1747.4
1327020 1750.1
1327030 1752.7
1327040 1752.7
1327050 1754.9
1327060 1756.2
1327070 1756.2
1327080 1757.6
1327090 1759.1
1327100 1759.1
1327110 1760.7
1327120 1762.5
1327130 1764.4
1327140 1764.4
1327150 1764.8
1327160 1763.1
1327170 1763.1
1327180 1763.9
1327190 1763.6
1327200 1763.6
1327210 1764.3
1327220 1763.6
1327230 1763.6
1327240 1762.1
1327250 1758.1
1327260 1758.1
1327270 1755.4
1327280 1752.5
1327290 1752.5
1327300 1750.2
1327310 1748.5
1327320 1748.5
1327330 1745.7
1327340 1743.0
1327350 1743.0
1327360 1741.0
1327370 1739.1
1327380 1739.1
1327390 1737.6
1327400 1735.4
1327410 1735.4
1327420 1733.7
1327430 1731.9
1327440 1731.9
1327450 1729.1
1327460 1726.9
1327470 1726.9
1327480 1724.9
1327490 1723.0
1327500 1723.0
1327510 1721.4
1327520 1719.2
1327530 1718.0
1327540 1718.0
1327550 1716.8
1327560 1715.7
1327570 1715.7
1327580 1714.7
1327590 1713.7
1327600 1713.7
1327610 1712.5
1327620 1711.8
1327630 1711.8
1327640 1711.3
1327650 1710.6
1327660 1710.6
1327670 1710.6
1327680 1710.4
1327690 1710.4
1327700 1705.2
1327710 1705.0
1327720 1705.0
1327730 1705.4
1327740 1706.0
1327750 1706.0
1327760 1707.0
1327770 1707.6
1327780 1707.6
1327790 1708.5
1327800 1709.2
1327810 1709.2
1327820 1708.4
1327830 1709.6
1327840 1709.6
1327850 1710.5
1327860 1710.2
1327870 1710.2
1327880 1712.1
1327890 1714.0
1327900 1714.0
1327910 1716.1
1327920 1718.5
1327930 1721.3
1327940 1721.3
1327950 1724.6
1327960 1726.9
1327970 1726.9
1327980 1727.0
1327990 1717.9
1328000 1717.9
1328010 1705.1
1328020 1696.3
1328030 1696.3
1328040 1686.6
1328050 1676.6
1328060 1676.6
1328070 1670.2
1328080 1665.0
1328090 1665.0
1328100 1659.7
1328110 1654.2
1328120 1654.2
1328130 1650.1
1328140 1646.5
1328150 1646.5
1328160 1641.3
1328170 1635.5
1328180 1635.5
1328190 1631.4
1328200 1628.1
1328210 1628.1
1328220 1626.4
1328230 1625.8
1328240 1625.8
1328250 1625.7
1328260 1626.5
1328270 1626.5
1328280 1626.5
1328290 1627.2
1328300 1627.2
1328310 1628.7
1328320 1632.9
1328330 1637.2
1328340 1637.2
1328350 1641.7
1328360 1645.7
1328370 1645.7
1328380 1650.1
1328390 1655.7
1328400 1655.7
1328410 1661.9
1328420 1668.0
1328430 1668.0
1328440 1674.4
1328450 1684.1
1328460 1684.1
1328470 1696.2
1328480 1707.2
1328490 1707.2
1328500 1714.7
1328510 1719.5
1328520 1715.8
1328530 1724.1
1328540 1734.2
1328550 1734.2
1328560 1743.5
1328570 1752.3
1328580 1752.3
1328590 1760.3
1328600 1767.5
1328610 1767.5
1328620 1773.8
1328630 1778.7
1328640 1778.7
1328650 1781.6
1328660 1784.3
1328670 1784.3
1328680 1786.9
1328690 1787.4
1328700 1785.6
1328710 1785.6
1328720 1785.1
1328730 1788.7
1328740 1788.7
1328750 1792.4
1328760 1796.7
1328770 1796.7
1328780 1801.7
1328790 1807.6
1328800 1807.6
1328810 1813.6
1328820 1819.9
1328830 1819.9
1328840 1825.9
1328850 1831.6
1328860 1831.6
1328870 1837.4
1328880 1843.0
1328890 1843.0
1328900 1848.9
1328910 1854.4
1328920 1854.4
1328930 1859.5
1328940 1862.6
1328950 1862.6
1328960 1858.0
1328970 1850.7
1328980 1850.7
1328990 1840.7
1329000 1830.9
1329010 1830.9
1329020 1824.1
1329030 1818.8
1329040 1818.8
1329050 1814.3
1329060 1809.9
1329070 1809.9
1329080 1803.4
1329090 1792.3
1329100 1783.2
1329110 1783.2
1329120 1778.4
1329130 1770.8
1329140 1770.8
1329150 1754.5
1329160 1741.6
1329170 1741.6
1329180 1730.0
1329190 1721.6
1329200 1721.6
1329210 1722.2
1329220 1732.1
1329230 1732.1
1329240 1740.1
1329250 1743.7
1329260 1743.7
1329270 1737.0
1329280 1728.3
1329290 1728.3
1329300 1718.6
1329310 1713.0
1329320 1713.0
1329330 1712.2
1329340 1716.7
1329350 1723.8
1329360 1722.0
1329370 1711.3
1329380 1711.3
1329390 1708.1
1329400 1707.2
1329410 1707.2
1329420 1708.6
1329430 1714.2
1329440 1714.2
1329450 1721.4
1329460 1726.6
1329470 1726.6
1329480 1724.7
1329490 1717.9
1329500 1719.9
1329510 1719.9
1329520 1724.1
1329530 1716.6
1329540 1716.6
1329550 1714.3
1329560 1719.2
1329570 1719.2
1329580 1727.7
1329590 1736.2
1329600 1736.2
1329610 1743.1
1329620 1747.9
1329630 1747.9
1329640 1749.8
1329650 1753.7
1329660 1753.7
1329670 1760.0
1329680 1770.4
1329690 1770.4
1329700 1783.2
1329710 1793.2
1329720 1793.2
1329730 1789.7
1329740 1781.3
1329750 1781.3
1329760 1782.2
1329770 1789.4
1329780 1789.4
1329790 1797.4
1329800 1802.7
1329810 1802.7
1329820 1810.3
1329830 1817.7
1329840 1817.7
1329850 1824.2
1329860 1822.4
1329870 1813.9
1329880 1813.9
1329890 1804.2
1329900 1797.8
1329910 1797.8
1329920 1794.6
1329930 1789.2
1329940 1789.2
1329950 1790.8
1329960 1783.0
1329970 1783.0
1329980 1771.7
1329990 1771.6
1330000 1771.6
1330010 1776.5
1330020 1774.7
1330030 1774.7
1330040 1763.6
1330050 1758.1
1330060 1758.1
1330070 1757.3
1330080 1752.2
1330090 1752.2
1330100 1748.9
1330110 1749.1
1330120 1749.1
1330130 1749.7
1330140 1747.1
1330150 1747.1
1330160 1746.9
1330170 1757.8
1330180 1757.8
1330190 1762.0
1330200 1767.0
1330210 1767.0
1330220 1774.5
1330230 1782.8
1330240 1782.8
1330250 1790.5
1330260 1798.3
1330270 1795.6
1330280 1795.6
1330290 1783.9
1330300 1784.7
1330310 1784.7
1330320 1792.0
1330330 1802.2
1330340 1802.2
1330350 1814.2
1330360 1824.6
1330370 1824.6
1330380 1834.6
1330390 1845.0
1330400 1845.0
1330410 1853.9
1330420 1859.9
1330430 1859.9
1330440 1863.7
1330450 1866.9
1330460 1866.9
1330470 1869.9
1330480 1876.3
1330490 1876.3
1330500 1884.3
1330510 1890.7
1330520 1890.7
1330530 1894.8
1330540 1898.2
1330550 1898.2
1330560 1902.3
1330570 1905.3
1330580 1905.3
1330590 1904.3
1330600 1908.5
1330610 1908.5
1330620 1910.1
1330630 1907.6
1330640 1907.6
1330650 1902.2
1330660 1895.9
1330670 1889.5
1330680 1889.5
1330690 1889.6
1330700 1894.9
1330710 1894.9
1330720 1900.1
1330730 1903.1
1330740 1903.1
1330750 1906.0
1330760 1909.6
1330770 1909.6
1330780 1914.5
1330790 1921.3
1330800 1921.3
1330810 1929.1
1330820 1936.9
1330830 1936.9
1330840 1943.1
1330850 1945.4
1330860 1945.4
1330870 1945.1
1330880 1944.0
1330890 1944.0
1330900 1944.6
1330910 1945.7
1330920 1945.7
1330930 1945.7
1330940 1945.0
1330950 1945.0
1330960 1945.9
1330970 1948.0
1330980 1948.0
1330990 1949.1
1331000 1942.4
1331010 1942.4
1331020 1935.7
1331030 1925.9
1331040 1925.9
1331050 1913.5
1331060 1895.7
1331070 1880.3
1331080 1880.3
1331090 1870.3
1331100 1859.9
1331110 1859.9
1331120 1846.3
1331130 1834.9
1331140 1834.9
1331150 1825.5
1331160 1817.8
1331170 1817.8
1331180 1810.5
1331190 1803.4
1331200 1803.4
1331210 1796.4
1331220 1789.2
1331230 1789.2
1331240 1782.1
1331250 1775.2
1331260 1775.2
1331270 1768.7
1331280 1762.1
1331290 1762.1
1331300 1755.7
1331310 1749.1
1331320 1749.1
1331330 1742.6
1331340 1735.9
1331350 1735.9
1331360 1729.8
1331370 1723.7
1331380 1723.7
1331390 1716.4
1331400 1707.7
1331410 1707.7
1331420 1700.4
1331430 1694.7
1331440 1688.8
1331450 1688.8
1331460 1682.9
1331470 1677.1
1331480 1677.1
1331490 1671.3
1331500 1665.0
1331510 1665.0
1331520 1658.8
1331530 1653.5
1331540 1653.5
1331550 1648.8
1331560 1645.0
1331570 1645.0
1331580 1641.9
1331590 1639.3
1331600 1639.3
1331610 1636.8
1331620 1634.6
1331630 1634.6
1331640 1632.6
1331650 1631.0
1331660 1631.0
1331670 1629.6
1331680 1628.1
1331690 1628.1
1331700 1625.1
1331710 1623.0
1331720 1623.0
1331730 1623.1
1331740 1622.7
1331750 1622.7
1331760 1621.4
1331770 1621.8
1331780 1621.8
1331790 1624.2
1331800 1624.9
1331810 1624.9
1331820 1624.3
1331830 1625.9
1331840 1628.1
1331850 1628.1
1331860 1628.0
1331870 1626.5
1331880 1626.5
1331890 1628.7
1331900 1632.2
1331910 1632.2
1331920 1634.2
1331930 1635.9
1331940 1635.9
1331950 1637.2
1331960 1639.3
1331970 1639.3
1331980 1642.2
1331990 1645.3
1332000 1645.3
1332010 1648.0
1332020 1650.3
1332030 1650.3
1332040 1652.7
1332050 1654.2
1332060 1654.2
1332070 1653.5
1332080 1649.8
1332090 1649.8
1332100 1642.8
1332110 1635.2
1332120 1635.2
1332130 1627.4
1332140 1619.2
1332150 1619.2
1332160 1611.6
1332170 1604.9
1332180 1604.9
1332190 1598.6
1332200 1592.6
1332210 1592.6
1332220 1586.8
1332230 1581.2
1332240 1576.2
1332250 1576.2
1332260 1571.7
1332270 1567.1
1332280 1567.1
1332290 1562.3
1332300 1557.9
1332310 1557.9
1332320 1553.3
1332330 1548.6
1332340 1548.6
1332350 1543.8
1332360 1539.0
1332370 1539.0
1332380 1533.5
1332390 1529.1
1332400 1529.1
1332410 1525.2
1332420 1520.9
1332430 1520.9
1332440 1516.9
1332450 1511.9
1332460 1511.9
1332470 1505.4
1332480 1499.8
1332490 1499.8
1332500 1495.2
1332510 1491.0
1332520 1491.0
1332530 1487.2
1332540 1483.4
1332550 1483.4
1332560 1479.8
1332570 1475.4
1332580 1475.4
1332590 1469.6
1332600 1465.2
1332610 1461.9
1332620 1461.9
1332630 1458.3
1332640 1454.9
1332650 1454.9
1332660 1453.6
1332670 1452.7
1332680 1449.7
1332690 1449.1
1332700 1448.9
1332710 1448.9
1332720 1449.3
1332730 1448.9
1332740 1448.9
1332750 1447.8
1332760 1447.4
1332770 1447.4
1332780 1447.3
1332790 1447.1
1332800 1447.1
1332810 1447.1
1332820 1447.9
1332830 1447.9
1332840 1448.9
1332850 1450.9
1332860 1450.9
1332870 1453.3
1332880 1455.9
1332890 1455.9
1332900 1458.9
1332910 1462.0
1332920 1462.0
1332930 1466.0
1332940 1470.5
1332950 1470.5
1332960 1475.8
1332970 1481.8
1332980 1481.8
1332990 1488.0
1333000 1494.0
1333010 1500.3
1333020 1500.3
1333030 1506.4
1333040 1512.1
1333050 1512.1
1333060 1518.3
1333070 1524.2
1333080 1524.2
1333090 1529.7
1333100 1535.2
1333110 1535.2
1333120 1540.6
1333130 1545.6
1333140 1545.6
1333150 1549.9
1333160 1554.3
1333170 1554.3
1333180 1558.8
1333190 1563.2
1333200 1563.2
1333210 1568.0
1333220 1572.6
1333230 1572.6
1333240 1576.7
1333250 1580.4
1333260 1580.4
1333270 1583.5
1333280 1586.3
1333290 1586.3
1333300 1589.6
1333310 1592.4
1333320 1592.4
1333330 1595.0
1333340 1598.1
1333350 1598.1
1333360 1600.9
1333370 1603.7
1333380 1603.7
1333390 1606.7
1333400 1609.3
1333410 1611.8
1333420 1611.8
1333430 1614.6
1333440 1617.0
1333450 1617.0
1333460 1619.6
1333470 1622.6
1333480 1622.6
1333490 1625.8
1333500 1629.0
1333510 1629.0
1333520 1632.2
1333530 1629.6
1333540 1629.6
1333550 1632.8
1333560 1635.8
1333570 1635.8
1333580 1638.7
1333590 1641.6
1333600 1641.6
1333610 1644.0
1333620 1646.2
1333630 1646.2
1333640 1648.2
1333650 1650.4
1333660 1650.4
1333670 1652.2
1333680 1653.5
1333690 1653.5
1333700 1654.8
1333710 1655.9
1333720 1655.9
1333730 1656.9
1333740 1657.9
1333750 1657.9
1333760 1658.3
1333770 1658.9
1333780 1659.5
1333790 1659.5
1333800 1660.0
1333810 1659.8
1333820 1659.8
1333830 1659.6
1333840 1658.9
1333850 1658.9
1333860 1657.1
1333870 1655.3
1333880 1655.3
1333890 1653.6
1333900 1651.3
1333910 1651.3
1333920 1648.5
1333930 1646.4
1333940 1646.4
1333950 1644.1
1333960 1641.6
1333970 1641.6
1333980 1639.7
1333990 1638.3
1334000 1638.3
1334010 1636.5
1334020 1635.5
1334030 1635.5
1334040 1634.9
1334050 1634.4
1334060 1634.4
1334070 1633.9
1334080 1633.4
1334090 1633.4
1334100 1633.3
1334110 1632.8
1334120 1632.8
1334130 1632.1
1334140 1631.5
1334150 1631.5
1334160 1631.3
1334170 1632.2
1334180 1633.6
1334190 1633.6
1334200 1635.2
1334210 1636.3
1334220 1636.3
1334230 1636.4
1334240 1636.6
1334250 1636.6
1334260 1636.1
1334270 1634.9
1334280 1634.9
1334290 1632.8
1334300 1630.2
1334310 1630.2
1334320 1627.9
1334330 1626.2
1334340 1626.2
1334350 1624.9
1334360 1623.2
1334370 1623.2
1334380 1614.0
1334390 1613.1
1334400 1613.1
1334410 1612.8
1334420 1612.5
1334430 1612.5
1334440 1612.1
1334450 1612.6
1334460 1612.6
1334470 1613.3
1334480 1612.6
1334490 1612.6
1334500 1612.1
1334510 1612.1
1334520 1612.1
1334530 1611.5
1334540 1609.9
1334550 1609.9
1334560 1608.1
1334570 1608.0
1334580 1609.6
1334590 1609.6
1334600 1611.7
1334610 1612.9
1334620 1612.9
1334630 1613.4
1334640 1614.0
1334650 1614.0
1334660 1613.7
1334670 1612.5
1334680 1612.5
1334690 1610.7
1334700 1609.3
1334710 1609.3
1334720 1607.9
1334730 1606.2
1334740 1606.2
1334750 1604.7
1334760 1602.7
1334770 1602.7
1334780 1600.3
1334790 1597.6
1334800 1597.6
1334810 1595.4
1334820 1594.2
1334830 1594.2
1334840 1593.6
1334850 1594.0
1334860 1594.0
1334870 1594.6
1334880 1595.0
1334890 1595.0
1334900 1595.2
1334910 1596.1
1334920 1596.1
1334930 1596.7
1334940 1597.7
1334950 1598.3
1334960 1598.3
1334970 1598.4
1334980 1597.8
1334990 1597.8
1335000 1596.9
1335010 1596.2
1335020 1596.2
1335030 1595.3
1335040 1594.0
1335050 1594.0
1335060 1592.4
1335070 1591.8
1335080 1591.8
1335090 1592.3
1335100 1592.5
1335110 1592.5
1335120 1592.4
1335130 1592.7
1335140 1592.7
1335150 1592.2
1335160 1591.4
1335170 1591.4
1335180 1591.5
1335190 1591.0
1335200 1591.0
1335210 1589.5
1335220 1587.3
1335230 1587.3
1335240 1578.9
1335250 1576.5
1335260 1576.5
1335270 1575.8
1335280 1575.7
1335290 1575.7
1335300 1573.9
1335310 1572.0
1335320 1572.0
1335330 1571.1
1335340 1570.3
1335350 1569.6
1335360 1569.6
1335370 1567.9
1335380 1565.7
1335390 1565.7
1335400 1564.4
1335410 1563.5
1335420 1563.5
1335430 1563.0
1335440 1562.1
1335450 1562.1
1335460 1561.2
1335470 1560.3
1335480 1560.3
1335490 1559.6
1335500 1558.5
1335510 1558.5
1335520 1558.0
1335530 1557.8
1335540 1557.8
1335550 1556.8
1335560 1554.8
1335570 1554.8
1335580 1552.2
1335590 1549.0
1335600 1549.0
1335610 1546.2
1335620 1543.3
1335630 1543.3
1335640 1540.6
1335650 1538.2
1335660 1538.2
1335670 1535.8
1335680 1533.4
1335690 1533.4
1335700 1530.8
1335710 1528.2
1335720 1528.2
1335730 1525.7
1335740 1523.1
1335750 1520.2
1335760 1520.2
1335770 1517.8
1335780 1515.6
1335790 1515.6
1335800 1513.6
1335810 1511.5
1335820 1511.5
1335830 1509.3
1335840 1506.8
1335850 1506.8
1335860 1504.4
1335870 1501.6
1335880 1501.6
1335890 1497.4
1335900 1492.4
1335910 1492.4
1335920 1487.2
1335930 1482.3
1335940 1482.3
1335950 1477.5
1335960 1472.4
1335970 1472.4
1335980 1466.5
1335990 1459.3
1336000 1459.3
1336010 1452.1
1336020 1444.5
1336030 1444.5
1336040 1437.5
1336050 1429.1
1336060 1429.1
1336070 1417.7
1336080 1408.6
1336090 1408.6
1336100 1396.2
1336110 1389.0
1336120 1389.0
1336130 1381.3
1336140 1373.6
1336150 1366.5
1336160 1366.5
1336170 1359.9
1336180 1353.8
1336190 1353.8
1336200 1348.1
1336210 1342.2
1336220 1342.2
1336230 1336.1
1336240 1329.8
1336250 1329.8
1336260 1323.2
1336270 1317.0
1336280 1317.0
1336290 1310.7
1336300 1304.3
1336310 1304.3
1336320 1298.3
1336330 1292.3
1336340 1292.3
1336350 1286.3
1336360 1280.1
1336370 1280.1
1336380 1273.8
1336390 1268.0
1336400 1268.0
1336410 1262.8
1336420 1257.5
1336430 1257.5
1336440 1251.9
1336450 1246.5
1336460 1246.5
1336470 1241.5
1336480 1236.6
1336490 1236.6
1336500 1232.2
1336510 1227.5
1336520 1223.3
1336530 1223.3
1336540 1218.8
1336550 1213.9
1336560 1213.9
1336570 1210.6
1336580 1207.4
1336590 1207.4
1336600 1204.6
1336610 1202.2
1336620 1202.2
1336630 1199.5
1336640 1197.4
1336650 1197.4
1336660 1195.6
1336670 1194.2
1336680 1194.2
1336690 1192.5
1336700 1189.9
1336710 1189.9
1336720 1187.0
1336730 1183.5
1336740 1183.5
1336750 1178.9
1336760 1173.1
1336770 1173.1
1336780 1166.4
1336790 1160.1
1336800 1160.1
1336810 1155.3
1336820 1150.3
1336830 1150.3
1336840 1142.9
1336850 1135.3
1336860 1135.3
1336870 1127.7
1336880 1120.3
1336890 1120.3
1336900 1114.0
1336910 1106.8
1336920 1100.0
1336930 1100.0
1336940 1093.6
1336950 1087.6
1336960 1086.5
1336970 1081.3
1336980 1075.9
1336990 1075.9
1337000 1069.8
1337010 1062.3
1337020 1062.3
1337030 1053.8
1337040 1047.2
1337050 1047.2
1337060 1042.1
1337070 1036.7
1337080 1036.7
1337090 1029.7
1337100 1022.2
1337110 1022.2
1337120 1015.6
1337130 1008.3
1337140 1008.3
1337150 999.2
1337160 990.6
1337170 990.6
1337180 981.8
1337190 972.2
1337200 972.2
1337210 963.4
1337220 955.8
1337230 955.8
1337240 949.2
1337250 942.6
1337260 942.6
1337270 933.3
1337280 921.7
1337290 921.7
1337300 908.3
1337310 897.4
1337320 887.8
1337330 887.8
1337340 878.4
1337350 869.1
1337360 869.1
1337370 861.1
1337380 853.6
1337390 853.6
1337400 845.5
1337410 838.2
1337420 838.2
1337430 834.5
1337440 831.9
1337450 831.9
1337460 827.0
1337470 819.9
1337480 819.9
1337490 812.8
1337500 805.4
1337510 805.4
1337520 799.2
1337530 793.4
1337540 793.4
1337550 787.8
1337560 784.8
1337570 784.8
1337580 784.1
1337590 784.7
1337600 784.7
1337610 784.6
1337620 785.7
1337630 785.7
1337640 790.9
1337650 794.3
1337660 794.3
1337670 798.5
1337680 803.8
1337690 807.0
1337700 807.0
1337710 811.3
1337720 815.6
1337730 815.6
1337740 820.9
1337750 826.2
1337760 826.2
1337770 831.5
1337780 837.4
1337790 837.4
1337800 844.0
1337810 851.2
1337820 851.2
1337830 858.7
1337840 865.6
1337850 865.6
1337860 873.2
1337870 881.1
1337880 881.1
1337890 889.3
1337900 897.7
1337910 897.7
1337920 904.8
1337930 912.2
1337940 912.2
1337950 919.6
1337960 925.5
1337970 925.5
1337980 931.3
1337990 937.3
1338000 937.3
1338010 942.9
1338020 948.4
1338030 948.4
1338040 954.4
1338050 960.9
1338060 960.9
1338070 967.6
1338080 974.2
1338090 980.9
1338100 980.9
1338110 987.5
1338120 994.3
1338130 994.3
1338140 1001.5
1338150 1009.5
1338160 1009.5
1338170 1018.3
1338180 1027.9
1338190 1027.9
1338200 1037.3
1338210 1046.0
1338220 1046.0
1338230 1055.6
1338240 1067.1
1338250 1067.1
1338260 1074.0
1338270 1080.2
1338280 1080.2
1338290 1087.6
1338300 1098.6
1338310 1098.6
1338320 1113.4
1338330 1122.9
1338340 1122.9
1338350 1130.6
1338360 1139.4
1338370 1139.4
1338380 1148.7
1338390 1155.4
1338400 1155.4
1338410 1161.6
1338420 1167.9
1338430 1167.9
1338440 1173.8
1338450 1178.5
1338460 1178.5
1338470 1183.5
1338480 1186.6
1338490 1189.1
1338500 1189.1
1338510 1192.3
1338520 1196.0
1338530 1196.0
1338540 1198.7
1338550 1201.0
1338560 1201.0
1338570 1204.2
1338580 1206.3
1338590 1206.3
1338600 1205.4
1338610 1204.1
1338620 1204.1
1338630 1203.4
1338640 1202.7
1338650 1202.7
1338660 1201.4
1338670 1200.6
1338680 1200.6
1338690 1201.6
1338700 1206.6
1338710 1212.6
1338720 1216.7
1338730 1221.7
1338740 1221.7
1338750 1226.3
1338760 1230.5
1338770 1230.5
1338780 1235.0
1338790 1239.1
1338800 1239.1
1338810 1242.4
1338820 1245.3
1338830 1245.3
1338840 1248.2
1338850 1250.3
1338860 1253.1
1338870 1253.1
1338880 1256.2
1338890 1259.3
1338900 1259.3
1338910 1262.7
1338920 1266.8
1338930 1266.8
1338940 1272.8
1338950 1278.7
1338960 1278.7
1338970 1284.5
1338980 1290.3
1338990 1290.3
1339000 1296.9
1339010 1303.6
1339020 1303.6
1339030 1309.9
1339040 1315.1
1339050 1315.1
1339060 1319.9
1339070 1323.7
1339080 1323.7
1339090 1326.9
1339100 1329.4
1339110 1329.4
1339120 1332.4
1339130 1335.0
1339140 1335.0
1339150 1336.2
1339160 1337.2
1339170 1337.2
1339180 1339.0
1339190 1340.2
1339200 1340.2
1339210 1340.4
1339220 1342.0
1339230 1342.0
1339240 1344.5
1339250 1346.6
1339260 1347.8
1339270 1347.8
1339280 1349.0
1339290 1350.1
1339300 1350.1
1339310 1351.6
1339320 1352.7
1339330 1352.7
1339340 1352.5
1339350 1352.7
1339360 1352.7
1339370 1353.4
1339380 1354.9
1339390 1354.9
1339400 1356.5
1339410 1357.6
1339420 1357.6
1339430 1357.6
1339440 1357.2
1339450 1357.2
1339460 1358.5
1339470 1361.0
1339480 1361.0
1339490 1361.7
1339500 1360.8
1339510 1360.8
1339520 1360.2
1339530 1361.8
1339540 1361.8
1339550 1362.4
1339560 1362.6
1339570 1362.6
1339580 1363.2
1339590 1362.4
1339600 1362.2
1339610 1360.5
1339620 1359.8
1339630 1359.8
1339640 1359.0
1339650 1356.9
1339660 1353.5
1339670 1353.5
1339680 1350.2
1339690 1347.4
1339700 1347.4
1339710 1343.5
1339720 1340.7
1339730 1340.7
1339740 1338.5
1339750 1335.5
1339760 1335.5
1339770 1330.6
1339780 1325.9
1339790 1325.9
1339800 1322.1
1339810 1318.7
1339820 1318.7
1339830 1315.8
1339840 1313.2
1339850 1313.2
1339860 1311.2
1339870 1308.1
1339880 1308.1
1339890 1305.2
1339900 1302.9
1339910 1302.9
1339920 1300.9
1339930 1299.1
1339940 1299.1
1339950 1296.8
1339960 1294.6
1339970 1294.6
1339980 1293.4
1339990 1292.6
