1320000 1658.6
1320010 1665.2
1320020 1665.2
1320030 1670.6
1320040 1673.9
1320050 1677.9
1320060 1677.9
1320070 1686.7
1320080 1701.2
1320090 1701.2
1320100 1707.4
1320110 1709.9
1320120 1709.9
1320130 1711.5
1320140 1711.2
1320150 1711.2
1320160 1717.1
1320170 1724.2
1320180 1724.2
1320190 1729.7
1320200 1734.5
1320210 1734.5
1320220 1739.6
1320230 1745.4
1320240 1745.4
1320250 1751.0
1320260 1756.5
1320270 1756.5
1320280 1757.2
1320290 1762.3
1320300 1762.3
1320310 1767.0
1320320 1770.9
1320330 1770.9
1320340 1774.4
1320350 1775.8
1320360 1775.8
1320370 1775.5
1320380 1774.4
1320390 1774.4
1320400 1772.2
1320410 1770.5
1320420 1768.2
1320430 1768.2
1320440 1765.3
1320450 1763.6
1320460 1763.6
1320470 1760.5
1320480 1758.1
1320490 1758.1
1320500 1757.2
1320510 1756.4
1320520 1756.4
1320530 1756.5
1320540 1756.8
1320550 1756.8
1320560 1755.4
1320570 1754.3
1320580 1754.3
1320590 1755.6
1320600 1756.7
1320610 1756.7
1320620 1756.8
1320630 1757.7
1320640 1757.7
1320650 1758.8
1320660 1757.8
1320670 1757.8
1320680 1751.0
1320690 1743.6
1320700 1743.6
1320710 1737.6
1320720 1734.5
1320730 1734.5
1320740 1731.6
1320750 1719.5
1320760 1719.5
1320770 1704.9
1320780 1696.6
1320790 1696.6
1320800 1691.8
1320810 1680.6
1320820 1672.1
1320830 1672.1
1320840 1664.7
1320850 1658.6
1320860 1658.6
1320870 1647.6
1320880 1639.2
1320890 1639.2
1320900 1631.8
1320910 1624.6
1320920 1624.6
1320930 1617.7
1320940 1610.6
1320950 1610.6
1320960 1603.5
1320970 1597.0
1320980 1597.0
1320990 1590.6
1321000 1583.3
1321010 1583.3
1321020 1576.7
1321030 1570.1
1321040 1570.1
1321050 1563.4
1321060 1556.2
1321070 1556.2
1321080 1549.8
1321090 1543.0
1321100 1543.0
1321110 1536.5
1321120 1530.4
1321130 1530.4
1321140 1525.2
1321150 1520.8
1321160 1520.8
1321170 1517.2
1321180 1513.5
1321190 1513.5
1321200 1509.5
1321210 1506.3
1321220 1503.8
1321230 1503.8
1321240 1503.9
1321250 1503.2
1321260 1503.2
1321270 1501.5
1321280 1500.5
1321290 1500.5
1321300 1498.5
1321310 1493.4
1321320 1493.4
1321330 1486.9
1321340 1480.8
1321350 1480.8
1321360 1473.9
1321370 1467.6
1321380 1467.6
1321390 1462.8
1321400 1459.3
1321410 1459.3
1321420 1456.1
1321430 1452.2
1321440 1452.2
1321450 1448.0
1321460 1444.4
1321470 1444.4
1321480 1440.8
1321490 1437.6
1321500 1437.6
1321510 1434.9
1321520 1432.3
1321530 1432.3
1321540 1429.0
1321550 1425.1
1321560 1425.1
1321570 1421.1
1321580 1415.5
1321590 1415.5
1321600 1409.8
1321610 1405.1
1321620 1402.5
1321630 1402.5
1321640 1401.8
1321650 1400.1
1321660 1400.1
1321670 1397.6
1321680 1394.4
1321690 1394.4
1321700 1390.6
1321710 1386.9
1321720 1386.9
1321730 1383.2
1321740 1379.6
1321750 1379.6
1321760 1375.8
1321770 1371.8
1321780 1371.8
1321790 1367.5
1321800 1362.9
1321810 1362.9
1321820 1358.2
1321830 1354.6
1321840 1354.6
1321850 1345.7
1321860 1342.2
1321870 1342.2
1321880 1338.1
1321890 1333.6
1321900 1333.6
1321910 1328.8
1321920 1324.2
1321930 1324.2
1321940 1320.4
1321950 1315.6
1321960 1315.6
1321970 1310.4
1321980 1306.6
1321990 1303.4
1322000 1303.4
1322010 1300.8
1322020 1297.8
1322030 1297.8
1322040 1294.9
1322050 1292.7
1322060 1292.7
1322070 1290.2
1322080 1287.3
1322090 1287.3
1322100 1284.6
1322110 1281.5
1322120 1281.5
1322130 1277.9
1322140 1273.4
1322150 1273.4
1322160 1268.4
1322170 1263.7
1322180 1263.7
1322190 1259.8
1322200 1255.5
1322210 1255.5
1322220 1251.9
1322230 1248.6
1322240 1248.6
1322250 1244.4
1322260 1240.0
1322270 1240.0
1322280 1238.1
1322290 1235.4
1322300 1235.4
1322310 1233.3
1322320 1231.0
1322330 1231.0
1322340 1227.9
1322350 1224.7
1322360 1224.7
1322370 1221.2
1322380 1217.6
1322390 1212.5
1322400 1212.5
1322410 1211.3
1322420 1209.8
1322430 1209.8
1322440 1207.1
1322450 1205.2
1322460 1205.2
1322470 1204.3
1322480 1202.9
1322490 1202.9
1322500 1200.5
1322510 1197.8
1322520 1197.8
1322530 1195.5
1322540 1193.1
1322550 1193.1
1322560 1191.0
1322570 1189.0
1322580 1189.0
1322590 1187.4
1322600 1185.9
1322610 1185.9
1322620 1184.9
1322630 1176.3
1322640 1176.3
1322650 1175.0
1322660 1173.8
1322670 1173.8
1322680 1173.3
1322690 1172.8
1322700 1172.8
1322710 1172.3
1322720 1171.5
1322730 1171.5
1322740 1171.1
1322750 1170.4
1322760 1170.4
1322770 1168.7
1322780 1167.1
1322790 1165.8
1322800 1165.8
1322810 1164.1
1322820 1163.5
1322830 1163.5
1322840 1166.5
1322850 1169.3
1322860 1169.3
1322870 1170.9
1322880 1172.0
1322890 1172.0
1322900 1172.0
1322910 1170.4
1322920 1170.4
1322930 1168.4
1322940 1166.6
1322950 1166.6
1322960 1165.5
1322970 1165.1
1322980 1165.1
1322990 1164.9
1323000 1163.9
1323010 1163.9
1323020 1162.1
1323030 1159.2
1323040 1159.2
1323050 1155.0
1323060 1150.8
1323070 1150.8
1323080 1146.9
1323090 1143.7
1323100 1143.7
1323110 1141.7
1323120 1138.9
1323130 1138.9
1323140 1134.6
1323150 1129.4
1323160 1124.3
1323170 1124.3
1323180 1119.1
1323190 1111.7
1323200 1111.7
1323210 1102.4
1323220 1093.6
1323230 1093.6
1323240 1087.5
1323250 1081.9
1323260 1081.9
1323270 1076.3
1323280 1070.2
1323290 1070.2
1323300 1063.8
1323310 1058.1
1323320 1058.1
1323330 1051.8
1323340 1045.8
1323350 1045.8
1323360 1040.3
1323370 1034.2
1323380 1034.2
1323390 1027.7
1323400 1022.0
1323410 1022.0
1323420 1018.0
1323430 1009.4
1323440 1009.4
1323450 1005.4
1323460 998.5
1323470 998.5
1323480 990.2
1323490 981.6
1323500 981.6
1323510 973.1
1323520 964.0
1323530 964.0
1323540 952.8
1323550 937.5
1323560 925.0
1323570 925.0
1323580 915.4
1323590 908.6
1323600 908.6
1323610 905.1
1323620 903.1
1323630 903.1
1323640 898.2
1323650 890.6
1323660 890.6
1323670 883.4
1323680 877.3
1323690 877.3
1323700 864.2
1323710 852.3
1323720 852.3
1323730 838.6
1323740 843.5
1323750 843.5
1323760 859.8
1323770 869.4
1323780 869.4
1323790 875.8
1323800 883.1
1323810 883.1
1323820 891.4
1323830 904.0
1323840 904.0
1323850 915.2
1323860 922.8
1323870 922.8
1323880 928.6
1323890 932.4
1323900 932.4
1323910 932.1
1323920 928.5
1323930 928.5
1323940 928.9
1323950 930.7
1323960 932.0
1323970 932.0
1323980 930.9
1323990 930.3
1324000 930.3
1324010 930.1
1324020 929.6
1324030 929.6
1324040 928.8
1324050 928.8
1324060 928.8
1324070 930.2
1324080 933.2
1324090 933.2
1324100 937.6
1324110 944.1
1324120 944.1
1324130 951.0
1324140 958.5
1324150 958.5
1324160 968.1
1324170 975.0
1324180 975.0
1324190 979.4
1324200 983.3
1324210 983.3
1324220 987.5
1324230 998.1
1324240 998.1
1324250 1003.5
1324260 1010.1
1324270 1010.1
1324280 1016.3
1324290 1022.0
1324300 1022.0
1324310 1025.5
1324320 1028.3
1324330 1028.3
1324340 1028.1
1324350 1028.7
1324360 1030.1
1324370 1030.1
1324380 1032.5
1324390 1035.5
1324400 1035.5
1324410 1039.1
1324420 1040.6
1324430 1040.6
1324440 1041.5
1324450 1045.1
1324460 1045.1
1324470 1049.5
1324480 1054.2
1324490 1054.2
1324500 1059.0
1324510 1064.0
1324520 1064.0
1324530 1069.8
1324540 1076.5
1324550 1076.5
1324560 1084.1
1324570 1093.1
1324580 1093.1
1324590 1104.7
1324600 1114.1
1324610 1114.1
1324620 1121.6
1324630 1128.3
1324640 1128.3
1324650 1133.8
1324660 1137.4
1324670 1137.4
1324680 1141.0
1324690 1144.8
1324700 1144.8
1324710 1149.1
1324720 1152.7
1324730 1155.3
1324740 1155.3
1324750 1156.5
1324760 1158.0
1324770 1158.0
1324780 1160.6
1324790 1163.9
1324800 1163.9
1324810 1167.6
1324820 1170.9
1324830 1170.9
1324840 1174.7
1324850 1179.3
1324860 1179.3
1324870 1184.5
1324880 1190.5
1324890 1190.5
1324900 1196.3
1324910 1202.4
1324920 1202.4
1324930 1209.6
1324940 1216.0
1324950 1216.0
1324960 1222.2
1324970 1226.8
1324980 1226.8
1324990 1228.2
1325000 1231.8
1325010 1231.8
1325020 1237.7
1325030 1248.0
1325040 1248.0
1325050 1254.2
1325060 1260.2
1325070 1260.2
1325080 1265.9
1325090 1271.4
1325100 1271.4
1325110 1275.7
1325120 1278.2
1325130 1280.3
1325140 1280.3
1325150 1282.1
1325160 1282.2
1325170 1282.2
1325180 1281.7
1325190 1282.7
1325200 1282.7
1325210 1285.9
1325220 1290.3
1325230 1290.3
1325240 1294.6
1325250 1298.7
1325260 1298.7
1325270 1305.4
1325280 1315.3
1325290 1315.3
1325300 1324.8
1325310 1330.9
1325320 1330.9
1325330 1336.1
1325340 1342.1
1325350 1342.1
1325360 1347.7
1325370 1352.0
1325380 1352.0
1325390 1354.1
1325400 1355.0
1325410 1355.0
1325420 1355.5
1325430 1356.7
1325440 1356.7
1325450 1358.5
1325460 1360.9
1325470 1360.9
1325480 1364.1
1325490 1367.5
1325500 1367.5
1325510 1370.0
1325520 1371.0
1325530 1373.5
1325540 1373.5
1325550 1378.3
1325560 1383.7
1325570 1383.7
1325580 1388.6
1325590 1394.3
1325600 1394.3
1325610 1399.6
1325620 1405.3
1325630 1405.3
1325640 1409.6
1325650 1414.5
1325660 1414.5
1325670 1420.0
1325680 1426.8
1325690 1426.8
1325700 1433.1
1325710 1439.6
1325720 1439.6
1325730 1447.7
1325740 1453.6
1325750 1453.6
1325760 1457.9
1325770 1462.3
1325780 1462.3
1325790 1466.4
1325800 1470.8
1325810 1470.8
1325820 1475.6
1325830 1486.3
1325840 1486.3
1325850 1493.9
1325860 1500.5
1325870 1500.5
1325880 1504.1
1325890 1504.0
1325900 1504.0
1325910 1504.0
1325920 1504.7
1325930 1507.6
1325940 1507.6
1325950 1510.3
1325960 1512.5
1325970 1512.5
1325980 1514.9
1325990 1517.7
1326000 1517.7
1326010 1520.9
1326020 1525.9
1326030 1525.9
1326040 1530.4
1326050 1531.5
1326060 1531.5
1326070 1530.8
1326080 1531.0
1326090 1531.0
1326100 1531.6
1326110 1531.5
1326120 1531.5
1326130 1530.4
1326140 1528.9
1326150 1528.9
1326160 1526.9
1326170 1524.3
1326180 1524.3
1326190 1521.4
1326200 1520.0
1326210 1520.0
1326220 1520.4
1326230 1522.8
1326240 1522.8
1326250 1526.8
1326260 1529.2
1326270 1529.2
1326280 1531.5
1326290 1534.4
1326300 1537.6
1326310 1537.6
1326320 1540.6
1326330 1543.3
1326340 1543.3
1326350 1546.3
1326360 1550.2
1326370 1550.2
1326380 1554.3
1326390 1558.5
1326400 1558.5
1326410 1562.9
1326420 1567.7
1326430 1567.7
1326440 1570.5
1326450 1571.8
1326460 1571.8
1326470 1573.4
1326480 1576.4
1326490 1576.4
1326500 1579.9
1326510 1582.9
1326520 1582.9
1326530 1585.1
1326540 1586.8
1326550 1586.8
1326560 1588.7
1326570 1591.8
1326580 1591.8
1326590 1594.0
1326600 1597.1
1326610 1597.1
1326620 1600.9
1326630 1606.8
1326640 1623.3
1326650 1623.3
1326660 1628.3
1326670 1628.3
1326680 1632.6
1326690 1634.5
1326700 1638.3
1326710 1638.3
1326720 1643.0
1326730 1649.0
1326740 1649.0
1326750 1654.9
1326760 1661.9
1326770 1661.9
1326780 1671.6
1326790 1674.0
1326800 1674.0
1326810 1680.5
1326820 1687.0
1326830 1687.0
1326840 1690.6
1326850 1694.4
1326860 1694.4
1326870 1699.8
1326880 1705.2
1326890 1705.2
1326900 1709.8
1326910 1714.6
1326920 1714.6
1326930 1719.3
1326940 1723.7
1326950 1723.7
1326960 1727.8
1326970 1732.4
1326980 1732.4
1326990 1736.8
1327000 1741.8
1327010 1741.8
1327020 1747.1
1327030 1751.2
1327040 1751.2
1327050 1755.9
1327060 1759.7
1327070 1759.7
1327080 1763.5
1327090 1767.4
1327100 1772.4
1327110 1772.4
1327120 1777.4
1327130 1781.3
1327140 1781.3
1327150 1783.7
1327160 1785.3
1327170 1785.3
1327180 1785.8
1327190 1786.5
1327200 1786.5
1327210 1787.8
1327220 1788.1
1327230 1788.1
1327240 1787.3
1327250 1783.6
1327260 1783.6
1327270 1779.3
1327280 1777.4
1327290 1777.4
1327300 1774.7
1327310 1771.8
1327320 1771.8
1327330 1770.0
1327340 1765.1
1327350 1765.1
1327360 1760.6
1327370 1758.7
1327380 1758.7
1327390 1756.4
1327400 1754.8
1327410 1754.8
1327420 1753.8
1327430 1753.0
1327440 1753.0
1327450 1746.4
1327460 1744.7
1327470 1739.0
1327480 1739.0
1327490 1735.9
1327500 1733.4
1327510 1733.4
1327520 1731.6
1327530 1730.0
1327540 1730.0
1327550 1728.3
1327560 1727.3
1327570 1727.3
1327580 1726.2
1327590 1725.4
1327600 1725.4
1327610 1724.1
1327620 1723.0
1327630 1723.0
1327640 1722.4
1327650 1721.7
1327660 1721.7
1327670 1721.6
1327680 1721.1
1327690 1721.1
1327700 1719.8
1327710 1721.4
1327720 1721.4
1327730 1722.5
1327740 1723.2
1327750 1723.2
1327760 1724.5
1327770 1726.5
1327780 1726.5
1327790 1726.0
1327800 1725.3
1327810 1725.3
1327820 1724.8
1327830 1725.9
1327840 1725.9
1327850 1728.6
1327860 1728.0
1327870 1728.3
1327880 1728.3
1327890 1729.9
1327900 1732.9
1327910 1732.9
1327920 1735.1
1327930 1736.7
1327940 1736.7
1327950 1738.8
1327960 1741.0
1327970 1741.0
1327980 1742.5
1327990 1738.7
1328000 1738.7
1328010 1729.7
1328020 1723.5
1328030 1723.5
1328040 1717.8
1328050 1710.5
1328060 1710.5
1328070 1698.1
1328080 1684.4
1328090 1684.4
1328100 1675.2
1328110 1669.4
1328120 1669.4
1328130 1665.1
1328140 1660.0
1328150 1660.0
1328160 1654.3
1328170 1648.2
1328180 1648.2
1328190 1642.8
1328200 1639.3
1328210 1639.3
1328220 1636.2
1328230 1633.0
1328240 1633.0
1328250 1630.5
1328260 1630.1
1328270 1628.4
1328280 1628.4
1328290 1629.6
1328300 1633.1
1328310 1633.1
1328320 1637.5
1328330 1642.3
1328340 1642.3
1328350 1647.6
1328360 1652.5
1328370 1652.5
1328380 1656.7
1328390 1660.5
1328400 1660.5
1328410 1665.1
1328420 1670.0
1328430 1670.0
1328440 1676.1
1328450 1687.7
1328460 1687.7
1328470 1702.1
1328480 1713.2
1328490 1713.2
1328500 1722.6
1328510 1730.8
1328520 1730.8
1328530 1736.3
1328540 1742.6
1328550 1742.6
1328560 1752.7
1328570 1760.9
1328580 1760.9
1328590 1773.1
1328600 1788.2
1328610 1788.2
1328620 1797.7
1328630 1799.7
1328640 1800.9
1328650 1800.9
1328660 1803.3
1328670 1805.1
1328680 1805.1
1328690 1806.2
1328700 1806.8
1328710 1806.8
1328720 1805.4
1328730 1805.5
1328740 1805.5
1328750 1809.5
1328760 1813.1
1328770 1813.1
1328780 1816.4
1328790 1820.0
1328800 1820.0
1328810 1824.1
1328820 1828.6
1328830 1828.6
1328840 1833.5
1328850 1838.7
1328860 1838.7
1328870 1844.1
1328880 1849.3
1328890 1849.3
1328900 1854.2
1328910 1854.8
1328920 1854.8
1328930 1846.7
1328940 1838.0
1328950 1838.0
1328960 1827.9
1328970 1817.0
1328980 1817.0
1328990 1808.3
1329000 1801.7
1329010 1801.7
1329020 1794.4
1329030 1784.3
1329040 1776.0
1329050 1776.0
1329060 1771.3
1329070 1769.2
1329080 1769.2
1329090 1777.4
1329100 1767.4
1329110 1767.4
1329120 1756.5
1329130 1752.0
1329140 1752.0
1329150 1741.0
1329160 1726.1
1329170 1726.1
1329180 1711.9
1329190 1704.1
1329200 1704.1
1329210 1708.0
1329220 1711.5
1329230 1711.5
1329240 1715.2
1329250 1720.8
1329260 1720.8
1329270 1723.2
1329280 1719.4
1329290 1719.4
1329300 1712.3
1329310 1700.1
1329320 1700.1
1329330 1692.1
1329340 1696.8
1329350 1696.8
1329360 1702.3
1329370 1696.5
1329380 1696.5
1329390 1688.7
1329400 1680.7
1329410 1680.7
1329420 1685.4
1329430 1695.7
1329440 1701.1
1329450 1701.1
1329460 1705.9
1329470 1703.3
1329480 1703.3
1329490 1694.8
1329500 1694.2
1329510 1694.2
1329520 1690.9
1329530 1687.7
1329540 1687.7
1329550 1692.0
1329560 1699.4
1329570 1699.4
1329580 1702.8
1329590 1705.6
1329600 1705.6
1329610 1712.6
1329620 1720.1
1329630 1720.1
1329640 1728.1
1329650 1736.5
1329660 1736.5
1329670 1746.7
1329680 1755.7
1329690 1755.7
1329700 1756.6
1329710 1753.5
1329720 1753.5
1329730 1756.1
1329740 1755.6
1329750 1755.6
1329760 1757.3
1329770 1767.1
1329780 1767.1
1329790 1777.1
1329800 1784.0
1329810 1784.0
1329820 1785.4
1329830 1775.7
1329840 1772.9
1329850 1772.9
1329860 1778.9
1329870 1790.6
1329880 1790.6
1329890 1788.2
1329900 1777.8
1329910 1777.8
1329920 1776.5
1329930 1767.6
1329940 1767.6
1329950 1759.5
1329960 1756.7
1329970 1756.7
1329980 1755.4
1329990 1752.9
1330000 1752.9
1330010 1755.0
1330020 1752.0
1330030 1752.0
1330040 1746.9
1330050 1740.1
1330060 1740.1
1330070 1733.1
1330080 1731.3
1330090 1731.3
1330100 1732.0
1330110 1734.4
1330120 1734.4
1330130 1732.7
1330140 1729.1
1330150 1729.1
1330160 1728.9
1330170 1731.5
1330180 1731.5
1330190 1734.5
1330200 1747.7
1330210 1759.6
1330220 1759.6
1330230 1766.0
1330240 1760.2
1330250 1760.2
1330260 1747.1
1330270 1751.7
1330280 1751.7
1330290 1760.2
1330300 1771.1
1330310 1771.1
1330320 1778.8
1330330 1788.1
1330340 1788.1
1330350 1799.6
1330360 1810.3
1330370 1810.3
1330380 1821.2
1330390 1831.3
1330400 1831.3
1330410 1835.7
1330420 1838.5
1330430 1838.5
1330440 1843.6
1330450 1849.8
1330460 1849.8
1330470 1854.8
1330480 1860.4
1330490 1860.4
1330500 1864.6
1330510 1867.4
1330520 1867.4
1330530 1864.6
1330540 1869.7
1330550 1869.7
1330560 1873.7
1330570 1878.6
1330580 1878.6
1330590 1877.4
1330600 1873.6
1330610 1875.1
1330620 1875.1
1330630 1874.7
1330640 1870.6
1330650 1870.6
1330660 1867.8
1330670 1864.4
1330680 1864.4
1330690 1868.5
1330700 1873.5
1330710 1873.5
1330720 1877.0
1330730 1882.9
1330740 1882.9
1330750 1892.5
1330760 1899.6
1330770 1899.6
1330780 1907.1
1330790 1914.8
1330800 1914.8
1330810 1922.8
1330820 1930.4
1330830 1930.4
1330840 1937.6
1330850 1944.7
1330860 1944.7
1330870 1952.1
1330880 1957.5
1330890 1957.5
1330900 1959.3
1330910 1960.5
1330920 1960.5
1330930 1961.4
1330940 1962.1
1330950 1962.1
1330960 1961.4
1330970 1955.7
1330980 1955.7
1330990 1946.2
1331000 1936.9
1331010 1927.4
1331020 1927.4
1331030 1918.9
1331040 1910.7
1331050 1910.7
1331060 1900.0
1331070 1884.6
1331080 1884.6
1331090 1871.7
1331100 1860.2
1331110 1860.2
1331120 1850.4
1331130 1843.2
1331140 1843.2
1331150 1834.4
1331160 1821.9
1331170 1821.9
1331180 1812.7
1331190 1804.5
1331200 1804.5
1331210 1797.2
1331220 1790.1
1331230 1790.1
1331240 1783.1
1331250 1776.0
1331260 1776.0
1331270 1769.2
1331280 1762.8
1331290 1762.8
1331300 1756.6
1331310 1749.8
1331320 1749.8
1331330 1743.2
1331340 1736.3
1331350 1736.3
1331360 1730.0
1331370 1723.4
1331380 1716.2
1331390 1716.2
1331400 1709.5
1331410 1702.3
1331420 1702.3
1331430 1693.1
1331440 1686.7
1331450 1686.7
1331460 1681.7
1331470 1676.8
1331480 1676.8
1331490 1671.6
1331500 1666.5
1331510 1666.5
1331520 1661.7
1331530 1657.2
1331540 1657.2
1331550 1653.5
1331560 1650.4
1331570 1650.4
1331580 1645.1
1331590 1642.9
1331600 1642.9
1331610 1641.4
1331620 1641.2
1331630 1641.2
1331640 1640.7
1331650 1639.1
1331660 1639.1
1331670 1637.0
1331680 1635.5
1331690 1635.5
1331700 1634.8
1331710 1634.9
1331720 1634.9
1331730 1634.3
1331740 1633.7
1331750 1633.7
1331760 1632.3
1331770 1631.8
1331780 1631.6
1331790 1631.6
1331800 1632.1
1331810 1633.2
1331820 1633.2
1331830 1634.8
1331840 1633.4
1331850 1633.4
1331860 1633.3
1331870 1635.1
1331880 1635.1
1331890 1638.6
1331900 1642.4
1331910 1642.4
1331920 1647.0
1331930 1651.7
1331940 1651.7
1331950 1656.7
1331960 1660.7
1331970 1660.7
1331980 1661.8
1331990 1662.7
1332000 1662.7
1332010 1661.1
1332020 1657.5
1332030 1657.5
1332040 1654.4
1332050 1650.5
1332060 1650.5
1332070 1644.0
1332080 1636.9
1332090 1636.9
1332100 1629.4
1332110 1621.2
1332120 1621.2
1332130 1612.8
1332140 1605.6
1332150 1605.6
1332160 1599.1
1332170 1593.8
1332180 1588.5
1332190 1588.5
1332200 1582.5
1332210 1578.1
1332220 1578.1
1332230 1573.7
1332240 1569.9
1332250 1569.9
1332260 1566.0
1332270 1561.6
1332280 1561.6
1332290 1557.2
1332300 1552.5
1332310 1552.5
1332320 1548.6
1332330 1544.7
1332340 1544.7
1332350 1540.1
1332360 1535.2
1332370 1535.2
1332380 1531.0
1332390 1527.0
1332400 1527.0
1332410 1522.9
1332420 1518.7
1332430 1518.7
1332440 1513.3
1332450 1507.3
1332460 1507.3
1332470 1502.4
1332480 1498.8
1332490 1498.8
1332500 1494.3
1332510 1490.0
1332520 1490.0
1332530 1485.7
1332540 1481.2
1332550 1476.9
1332560 1476.9
1332570 1472.7
1332580 1468.7
1332590 1468.7
1332600 1465.8
1332610 1464.0
1332620 1464.0
1332630 1463.2
1332640 1462.2
1332650 1462.2
1332660 1460.7
1332670 1459.8
1332680 1459.8
1332690 1459.4
1332700 1459.0
1332710 1459.0
1332720 1457.6
1332730 1456.3
1332740 1456.3
1332750 1455.2
1332760 1454.0
1332770 1454.0
1332780 1453.3
1332790 1453.4
1332800 1453.4
1332810 1452.6
1332820 1453.3
1332830 1453.3
1332840 1454.2
1332850 1456.8
1332860 1456.8
1332870 1459.3
1332880 1462.7
1332890 1462.7
1332900 1466.1
1332910 1470.1
1332920 1470.1
1332930 1475.1
1332940 1480.9
1332950 1486.5
1332960 1486.5
1332970 1492.2
1332980 1497.7
1332990 1497.7
1333000 1503.4
1333010 1509.0
1333020 1509.0
1333030 1514.9
1333040 1522.1
1333050 1522.1
1333060 1530.4
1333070 1537.1
1333080 1537.1
1333090 1543.4
1333100 1550.2
1333110 1550.2
1333120 1555.8
1333130 1561.6
1333140 1561.6
1333150 1566.7
1333160 1571.4
1333170 1571.4
1333180 1575.4
1333190 1579.8
1333200 1579.8
1333210 1584.2
1333220 1588.9
1333230 1588.9
1333240 1593.3
1333250 1596.3
1333260 1596.3
1333270 1593.7
1333280 1596.4
1333290 1596.4
1333300 1599.1
1333310 1602.3
1333320 1602.3
1333330 1605.1
1333340 1607.6
1333350 1610.3
1333360 1610.3
1333370 1613.1
1333380 1616.6
1333390 1616.6
1333400 1619.6
1333410 1623.0
1333420 1623.0
1333430 1625.3
1333440 1627.9
1333450 1627.9
1333460 1631.0
1333470 1634.5
1333480 1634.5
1333490 1637.6
1333500 1640.8
1333510 1640.8
1333520 1643.9
1333530 1647.2
1333540 1647.2
1333550 1650.4
1333560 1653.1
1333570 1653.1
1333580 1656.1
1333590 1659.0
1333600 1659.0
1333610 1661.8
1333620 1664.4
1333630 1664.4
1333640 1666.6
1333650 1668.8
1333660 1668.8
1333670 1671.0
1333680 1673.1
1333690 1673.1
1333700 1674.7
1333710 1675.7
1333720 1675.7
1333730 1676.8
1333740 1678.2
1333750 1678.8
1333760 1678.8
1333770 1679.7
1333780 1680.3
1333790 1680.3
1333800 1680.6
1333810 1680.5
1333820 1680.5
1333830 1679.9
1333840 1678.3
1333850 1678.3
1333860 1676.7
1333870 1674.6
1333880 1674.6
1333890 1672.4
1333900 1670.5
1333910 1670.5
1333920 1668.0
1333930 1665.0
1333940 1665.0
1333950 1662.9
1333960 1660.9
1333970 1660.9
1333980 1659.1
1333990 1657.1
1334000 1657.1
1334010 1655.4
1334020 1654.1
1334030 1654.1
1334040 1653.0
1334050 1653.1
1334060 1653.1
1334070 1653.1
1334080 1652.7
1334090 1652.7
1334100 1652.2
1334110 1652.0
1334120 1645.1
1334130 1645.1
1334140 1643.9
1334150 1643.5
1334160 1643.5
1334170 1643.8
1334180 1646.0
1334190 1646.0
1334200 1647.5
1334210 1648.1
1334220 1648.1
1334230 1648.2
1334240 1648.5
1334250 1648.5
1334260 1648.9
1334270 1648.2
1334280 1648.2
1334290 1646.0
1334300 1642.9
1334310 1642.9
1334320 1640.8
1334330 1639.6
1334340 1639.6
1334350 1638.4
1334360 1636.8
1334370 1636.8
1334380 1635.1
1334390 1633.1
1334400 1633.1
1334410 1631.3
1334420 1629.7
1334430 1629.7
1334440 1628.7
1334450 1627.7
1334460 1627.7
1334470 1626.7
1334480 1626.6
1334490 1626.6
1334500 1627.4
1334510 1627.5
1334520 1626.6
1334530 1626.6
1334540 1626.1
1334550 1625.9
1334560 1625.9
1334570 1625.6
1334580 1625.3
1334590 1625.3
1334600 1625.9
1334610 1627.6
1334620 1627.6
1334630 1629.1
1334640 1629.3
1334650 1629.3
1334660 1628.4
1334670 1628.2
1334680 1628.2
1334690 1627.7
1334700 1627.0
1334710 1627.0
1334720 1625.7
1334730 1625.0
1334740 1625.0
1334750 1624.2
1334760 1622.7
1334770 1622.7
1334780 1620.5
1334790 1619.0
1334800 1619.0
1334810 1617.3
1334820 1616.0
1334830 1616.0
1334840 1615.7
1334850 1616.0
1334860 1616.0
1334870 1616.3
1334880 1616.7
1334890 1616.7
1334900 1617.4
1334910 1618.3
1334920 1619.1
1334930 1619.1
1334940 1620.1
1334950 1620.9
1334960 1620.9
1334970 1613.7
1334980 1613.2
1334990 1613.2
1335000 1612.8
1335010 1612.2
1335020 1612.2
1335030 1610.5
1335040 1609.2
1335050 1609.2
1335060 1607.5
1335070 1606.9
1335080 1606.9
1335090 1606.3
1335100 1605.5
1335110 1605.5
1335120 1604.7
1335130 1604.6
1335140 1604.6
1335150 1604.2
1335160 1604.3
1335170 1604.3
1335180 1604.0
1335190 1602.5
1335200 1602.5
1335210 1600.3
1335220 1598.3
1335230 1598.3
1335240 1596.5
1335250 1595.0
1335260 1595.0
1335270 1593.3
1335280 1591.1
1335290 1589.2
1335300 1589.2
1335310 1587.8
1335320 1586.3
1335330 1586.3
1335340 1585.4
1335350 1584.3
1335360 1584.3
1335370 1582.7
1335380 1580.4
1335390 1580.4
1335400 1579.2
1335410 1578.5
1335420 1578.5
1335430 1577.5
1335440 1576.5
1335450 1576.5
1335460 1575.3
1335470 1573.7
1335480 1573.7
1335490 1571.2
1335500 1568.8
1335510 1568.8
1335520 1566.6
1335530 1565.1
1335540 1565.1
1335550 1565.4
1335560 1565.1
1335570 1565.1
1335580 1564.1
1335590 1562.1
1335600 1562.1
1335610 1558.7
1335620 1556.0
1335630 1556.0
1335640 1554.7
1335650 1553.3
1335660 1553.3
1335670 1550.4
1335680 1547.2
1335690 1543.9
1335700 1543.9
1335710 1540.6
1335720 1537.1
1335730 1537.1
1335740 1535.0
1335750 1532.9
1335760 1532.9
1335770 1528.9
1335780 1522.7
1335790 1522.7
1335800 1516.0
1335810 1511.2
1335820 1511.2
1335830 1514.2
1335840 1512.1
1335850 1512.1
1335860 1510.2
1335870 1507.6
1335880 1507.6
1335890 1504.5
1335900 1500.6
1335910 1500.6
1335920 1495.9
1335930 1491.1
1335940 1491.1
1335950 1486.0
1335960 1480.1
1335970 1480.1
1335980 1474.1
1335990 1468.0
1336000 1468.0
1336010 1462.0
1336020 1455.5
1336030 1455.5
1336040 1447.2
1336050 1439.1
1336060 1439.1
1336070 1430.7
1336080 1421.6
1336090 1412.9
1336100 1412.9
1336110 1404.3
1336120 1396.5
1336130 1396.5
1336140 1389.9
1336150 1383.1
1336160 1383.1
1336170 1376.5
1336180 1370.9
1336190 1370.9
1336200 1365.0
1336210 1359.2
1336220 1359.2
1336230 1353.9
1336240 1347.5
1336250 1347.5
1336260 1340.6
1336270 1333.6
1336280 1333.6
1336290 1327.2
1336300 1321.2
1336310 1321.2
1336320 1314.6
1336330 1308.1
1336340 1308.1
1336350 1301.7
1336360 1295.6
1336370 1295.6
1336380 1289.8
1336390 1283.1
1336400 1283.1
1336410 1276.7
1336420 1270.5
1336430 1270.5
1336440 1264.9
1336450 1259.9
1336460 1255.2
1336470 1255.2
1336480 1251.0
1336490 1247.3
1336500 1247.3
1336510 1243.0
1336520 1238.4
1336530 1238.4
1336540 1234.7
1336550 1231.2
1336560 1231.2
1336570 1228.0
1336580 1225.3
1336590 1225.3
1336600 1223.4
1336610 1222.2
1336620 1222.2
1336630 1221.0
1336640 1218.5
1336650 1218.5
1336660 1215.3
1336670 1211.6
1336680 1211.6
1336690 1208.9
1336700 1200.2
1336710 1200.2
1336720 1196.1
1336730 1191.7
1336740 1191.7
1336750 1186.8
1336760 1181.7
1336770 1181.7
1336780 1176.2
1336790 1169.9
1336800 1169.9
1336810 1162.8
1336820 1157.0
1336830 1157.0
1336840 1150.8
1336850 1144.1
1336860 1136.8
1336870 1136.8
1336880 1129.3
1336890 1122.1
1336900 1122.1
1336910 1113.8
1336920 1106.3
1336930 1106.3
1336940 1100.1
1336950 1093.7
1336960 1093.7
1336970 1086.9
1336980 1080.7
1336990 1080.7
1337000 1073.7
1337010 1067.0
1337020 1067.0
1337030 1060.1
1337040 1053.0
1337050 1053.0
1337060 1046.4
1337070 1038.7
1337080 1038.7
1337090 1029.3
1337100 1020.4
1337110 1020.4
1337120 1012.7
1337130 1005.7
1337140 1005.7
1337150 997.5
1337160 988.1
1337170 988.1
1337180 979.7
1337190 971.8
1337200 971.8
1337210 964.0
1337220 955.7
1337230 955.7
1337240 946.1
1337250 935.9
1337260 924.5
1337270 924.5
1337280 914.2
1337290 904.3
1337300 904.3
1337310 895.6
1337320 887.7
1337330 887.7
1337340 879.8
1337350 872.6
1337360 872.6
1337370 866.4
1337380 860.8
1337390 860.8
1337400 855.9
1337410 850.6
1337420 850.6
1337430 845.1
1337440 839.9
1337450 839.9
1337460 834.7
1337470 829.3
1337480 829.3
1337490 823.9
1337500 817.9
1337510 817.9
1337520 810.6
1337530 802.7
1337540 802.7
1337550 796.8
1337560 793.7
1337570 790.1
1337580 787.9
1337590 785.8
1337600 785.8
1337610 785.2
1337620 785.5
1337630 785.5
1337640 786.7
1337650 792.2
1337660 796.6
1337670 796.6
1337680 801.9
1337690 805.8
1337700 805.8
1337710 809.1
1337720 815.2
1337730 815.2
1337740 820.6
1337750 825.5
1337760 825.5
1337770 831.3
1337780 837.9
1337790 837.9
1337800 845.2
1337810 852.2
1337820 852.2
1337830 859.2
1337840 866.3
1337850 866.3
1337860 873.3
1337870 880.3
1337880 880.3
1337890 887.4
1337900 894.6
1337910 894.6
1337920 901.4
1337930 907.7
1337940 907.7
1337950 915.2
1337960 922.1
1337970 922.1
1337980 927.9
1337990 933.6
1338000 933.6
1338010 938.4
1338020 943.5
1338030 948.7
1338040 948.7
1338050 954.1
1338060 959.4
1338070 959.4
1338080 964.5
1338090 970.1
1338100 970.1
1338110 975.7
1338120 982.1
1338130 982.1
1338140 990.8
1338150 1000.9
1338160 1000.9
1338170 1011.2
1338180 1020.1
1338190 1020.1
1338200 1028.5
1338210 1037.2
1338220 1037.2
1338230 1046.0
1338240 1056.5
1338250 1056.5
1338260 1063.6
1338270 1068.5
1338280 1068.5
1338290 1074.3
1338300 1080.2
1338310 1080.2
1338320 1092.2
1338330 1112.0
1338340 1112.0
1338350 1120.1
1338360 1127.1
1338370 1127.1
1338380 1134.0
1338390 1139.9
1338400 1139.9
1338410 1145.2
1338420 1151.2
1338430 1157.6
1338440 1164.7
1338450 1168.3
1338460 1172.6
1338470 1172.6
1338480 1177.1
1338490 1181.1
1338500 1181.1
1338510 1182.9
1338520 1182.9
1338530 1182.9
1338540 1184.3
1338550 1186.8
1338560 1186.8
1338570 1189.3
1338580 1191.6
1338590 1191.6
1338600 1192.5
1338610 1190.3
1338620 1190.3
1338630 1187.7
1338640 1187.4
1338650 1187.4
1338660 1188.0
1338670 1188.6
1338680 1188.6
1338690 1193.5
1338700 1199.2
1338710 1199.2
1338720 1204.9
1338730 1210.5
1338740 1210.5
1338750 1213.9
1338760 1217.5
1338770 1217.5
1338780 1220.7
1338790 1223.5
1338800 1223.5
1338810 1225.7
1338820 1227.6
1338830 1228.9
1338840 1228.9
1338850 1231.3
1338860 1234.1
1338870 1234.1
1338880 1237.9
1338890 1243.3
1338900 1243.3
1338910 1249.1
1338920 1255.2
1338930 1255.2
1338940 1262.2
1338950 1269.2
1338960 1269.2
1338970 1277.1
1338980 1282.3
1338990 1282.3
1339000 1287.3
1339010 1292.8
1339020 1292.8
1339030 1297.8
1339040 1302.0
1339050 1302.0
1339060 1305.9
1339070 1309.9
1339080 1309.9
1339090 1312.1
1339100 1313.9
1339110 1313.9
1339120 1316.1
1339130 1318.1
1339140 1318.1
1339150 1319.5
1339160 1321.0
1339170 1321.0
1339180 1323.0
1339190 1324.7
1339200 1326.5
1339210 1326.5
1339220 1328.3
1339230 1329.4
1339240 1329.4
1339250 1330.0
1339260 1330.8
1339270 1330.8
1339280 1332.1
1339290 1333.4
1339300 1333.4
1339310 1333.6
1339320 1340.7
1339330 1340.7
1339340 1341.5
1339350 1342.4
1339360 1342.4
1339370 1343.6
1339380 1344.8
1339390 1344.8
1339400 1346.4
1339410 1347.6
1339420 1347.6
1339430 1350.0
1339440 1351.1
1339450 1351.1
1339460 1351.6
1339470 1354.0
1339480 1354.0
1339490 1355.9
1339500 1355.8
1339510 1355.8
1339520 1355.3
1339530 1356.5
1339540 1356.5
1339550 1356.3
1339560 1355.9
1339570 1355.9
1339580 1356.5
1339590 1356.6
1339600 1357.0
1339610 1357.0
1339620 1357.1
1339630 1355.6
1339640 1355.6
1339650 1354.4
1339660 1354.1
1339670 1354.1
1339680 1354.3
1339690 1354.5
1339700 1354.5
1339710 1355.4
1339720 1356.6
1339730 1356.6
1339740 1355.3
1339750 1351.3
1339760 1351.3
1339770 1348.2
1339780 1344.9
1339790 1344.9
1339800 1340.7
1339810 1336.3
1339820 1336.3
1339830 1332.9
1339840 1329.8
1339850 1329.8
1339860 1326.9
1339870 1324.4
1339880 1324.4
1339890 1322.0
1339900 1319.6
1339910 1319.6
1339920 1317.2
1339930 1315.1
1339940 1315.1
1339950 1313.0
1339960 1311.1
1339970 1311.1
1339980 1309.5
1339990 1308.2
