1322250 1235.6
1322260 1239.5
1322270 1239.5
1322280 1240.4
1322290 1239.5
1322300 1239.5
1322310 1236.4
1322320 1230.1
1322330 1230.1
1322340 1222.3
1322350 1216.5
1322360 1216.5
1322370 1212.4
1322380 1210.5
1322390 1210.5
1322400 1209.5
1322410 1207.2
1322420 1207.2
1322430 1203.2
1322440 1198.1
1322450 1198.1
1322460 1193.0
1322470 1187.9
1322480 1187.9
1322490 1181.3
1322500 1172.6
1322510 1172.6
1322520 1165.9
1322530 1161.1
1322540 1161.1
1322550 1157.5
1322560 1153.1
1322570 1152.1
1322580 1152.1
1322590 1154.6
1322600 1157.6
1322610 1157.6
1322620 1159.5
1322630 1160.2
1322640 1160.2
1322650 1161.4
1322660 1163.6
1322670 1163.6
1322680 1165.0
1322690 1164.3
1322700 1164.3
1322710 1161.2
1322720 1157.0
1322730 1157.0
1322740 1153.5
1322750 1150.3
1322760 1150.3
1322770 1146.9
1322780 1142.7
1322790 1142.7
1322800 1138.1
1322810 1134.1
1322820 1134.1
1322830 1130.9
1322840 1127.8
1322850 1122.1
1322860 1118.2
1322870 1113.9
1322880 1113.9
1322890 1109.9
1322900 1109.8
1322910 1109.8
1322920 1104.2
1322930 1097.8
1322940 1097.8
1322950 1093.9
1322960 1094.1
1322970 1098.4
1322980 1098.4
1322990 1100.9
1323000 1102.7
1323010 1102.7
1323020 1106.0
1323030 1108.3
1323040 1108.3
1323050 1109.4
1323060 1109.1
1323070 1109.1
1323080 1107.7
1323090 1106.5
1323100 1106.5
1323110 1105.4
1323120 1104.9
1323130 1104.9
1323140 1103.9
1323150 1102.1
1323160 1102.1
1323170 1099.1
1323180 1094.7
1323190 1094.7
1323200 1089.5
1323210 1084.6
1323220 1084.6
1323230 1080.9
1323240 1078.5
1323250 1078.5
1323260 1075.5
1323270 1072.9
1323280 1072.9
1323290 1070.8
1323300 1068.3
1323310 1068.3
1323320 1065.1
1323330 1061.5
1323340 1061.5
1323350 1058.8
1323360 1056.0
1323370 1053.7
1323380 1053.7
1323390 1051.3
1323400 1050.2
1323410 1050.2
1323420 1049.7
1323430 1047.9
1323440 1047.9
1323450 1044.0
1323460 1038.6
1323470 1038.6
1323480 1033.1
1323490 1027.3
1323500 1027.3
1323510 1021.6
1323520 1017.4
1323530 1017.4
1323540 1015.1
1323550 1012.9
1323560 1012.9
1323570 1009.1
1323580 1006.7
1323590 1006.7
1323600 1003.2
1323610 995.4
1323620 995.4
1323630 988.0
1323640 983.0
1323650 983.0
1323660 976.4
1323670 970.4
1323680 970.4
1323690 964.4
1323700 958.1
1323710 958.1
1323720 952.1
1323730 946.2
1323740 946.2
1323750 940.7
1323760 935.7
1323770 930.9
1323780 930.9
1323790 925.4
1323800 919.8
1323810 919.8
1323820 915.5
1323830 913.9
1323840 913.9
1323850 912.5
1323860 909.4
1323870 909.4
1323880 903.8
1323890 897.2
1323900 897.2
1323910 889.9
1323920 882.1
1323930 882.1
1323940 874.9
1323950 868.1
1323960 868.1
1323970 859.6
1323980 854.7
1323990 854.7
1324000 850.9
1324010 854.0
1324020 854.0
1324030 868.7
1324040 879.2
1324050 879.2
1324060 884.9
1324070 888.0
1324080 888.0
1324090 891.0
1324100 893.9
1324110 893.9
1324120 897.0
1324130 898.7
1324140 898.7
1324150 901.2
1324160 905.1
1324170 909.1
1324180 909.1
1324190 910.2
1324200 907.0
1324210 907.0
1324220 905.2
1324230 902.5
1324240 902.5
1324250 895.8
1324260 892.1
1324270 892.1
1324280 893.8
1324290 902.8
1324300 902.8
1324310 905.6
1324320 909.0
1324330 909.0
1324340 906.4
1324350 907.3
1324360 907.3
1324370 904.4
1324380 902.9
1324390 902.9
1324400 904.3
1324410 907.4
1324420 907.4
1324430 912.9
1324440 908.4
1324450 908.4
1324460 907.2
1324470 908.1
1324480 908.1
1324490 910.8
1324500 915.5
1324510 915.5
1324520 918.2
1324530 919.8
1324540 919.8
1324550 921.2
1324560 921.7
1324570 918.4
1324580 918.4
1324590 916.6
1324600 917.0
1324610 917.0
1324620 918.0
1324630 920.4
1324640 920.4
1324650 926.4
1324660 926.5
1324670 926.5
1324680 925.1
1324690 927.7
1324700 927.7
1324710 930.0
1324720 930.7
1324730 930.7
1324740 931.4
1324750 932.3
1324760 932.3
1324770 932.9
1324780 933.6
1324790 933.6
1324800 934.4
1324810 935.4
1324820 935.4
1324830 936.5
1324840 937.8
1324850 937.8
1324860 939.6
1324870 941.7
1324880 941.7
1324890 944.4
1324900 946.9
1324910 946.9
1324920 949.3
1324930 951.6
1324940 951.6
1324950 953.6
1324960 955.3
1324970 956.8
1324980 956.8
1324990 958.0
1325000 959.0
1325010 959.0
1325020 959.6
1325030 960.6
1325040 960.6
1325050 962.0
1325060 963.3
1325070 963.3
1325080 964.1
1325090 964.4
1325100 964.4
1325110 964.5
1325120 964.1
1325130 964.1
1325140 962.6
1325150 960.7
1325160 960.7
1325170 959.4
1325180 957.9
1325190 957.9
1325200 956.4
1325210 955.4
1325220 955.4
1325230 954.9
1325240 952.5
1325250 952.5
1325260 952.1
1325270 951.9
1325280 951.9
1325290 951.6
1325300 952.4
1325310 952.4
1325320 955.7
1325330 958.1
1325340 959.8
1325350 959.8
1325360 961.6
1325370 963.1
1325380 963.1
1325390 964.3
1325400 965.7
1325410 965.7
1325420 967.2
1325430 968.3
1325440 968.3
1325450 969.6
1325460 971.2
1325470 971.2
1325480 972.5
1325490 973.7
1325500 973.7
1325510 975.2
1325520 976.2
1325530 976.2
1325540 977.3
1325550 979.0
1325560 979.0
1325570 981.6
1325580 986.0
1325590 986.0
1325600 990.8
1325610 995.8
1325620 995.8
1325630 1001.1
1325640 1006.1
1325650 1006.1
1325660 1011.1
1325670 1016.4
1325680 1016.4
1325690 1021.9
1325700 1027.4
1325710 1027.4
1325720 1032.9
1325730 1038.2
1325740 1043.3
1325750 1043.3
1325760 1048.0
1325770 1051.5
1325780 1051.5
1325790 1051.2
1325800 1050.4
1325810 1050.4
1325820 1051.4
1325830 1052.8
1325840 1052.8
1325850 1055.4
1325860 1057.5
1325870 1057.5
1325880 1055.1
1325890 1051.1
1325900 1051.1
1325910 1052.6
1325920 1062.3
1325930 1062.3
1325940 1071.2
1325950 1078.6
1325960 1078.6
1325970 1085.7
1325980 1092.9
1325990 1092.9
1326000 1099.8
1326010 1106.7
1326020 1106.7
1326030 1113.8
1326040 1121.1
1326050 1121.9
1326060 1129.4
1326070 1137.4
1326080 1137.4
1326090 1145.1
1326100 1152.3
1326110 1152.3
1326120 1158.8
1326130 1164.4
1326140 1169.4
1326150 1169.4
1326160 1174.3
1326170 1179.8
1326180 1179.8
1326190 1185.0
1326200 1189.7
1326210 1189.7
1326220 1193.7
1326230 1197.3
1326240 1197.3
1326250 1200.8
1326260 1203.5
1326270 1203.5
1326280 1206.1
1326290 1208.2
1326300 1208.2
1326310 1209.6
1326320 1211.3
1326330 1211.3
1326340 1212.0
1326350 1211.9
1326360 1211.9
1326370 1209.5
1326380 1205.3
1326390 1205.3
1326400 1201.8
1326410 1198.9
1326420 1198.9
1326430 1197.1
1326440 1196.7
1326450 1196.7
1326460 1196.7
1326470 1197.7
1326480 1197.7
1326490 1197.5
1326500 1196.2
1326510 1196.2
1326520 1195.4
1326530 1194.8
1326540 1194.1
1326550 1194.1
1326560 1192.8
1326570 1193.0
1326580 1193.0
1326590 1193.4
1326600 1193.1
1326610 1193.1
1326620 1191.6
1326630 1189.4
1326640 1189.4
1326650 1186.9
1326660 1185.4
1326670 1185.4
1326680 1185.8
1326690 1185.3
1326700 1185.3
1326710 1187.8
1326720 1194.2
1326730 1194.2
1326740 1204.4
1326750 1213.6
1326760 1213.6
1326770 1221.4
1326780 1229.2
1326790 1229.2
1326800 1236.9
1326810 1242.7
1326820 1242.7
1326830 1248.0
1326840 1252.8
1326850 1252.8
1326860 1256.1
1326870 1260.8
1326880 1260.8
1326890 1265.1
1326900 1268.5
1326910 1268.5
1326920 1272.8
1326930 1275.0
1326940 1273.9
1326950 1273.9
1326960 1271.3
1326970 1269.7
1326980 1269.7
1326990 1269.9
1327000 1271.5
1327010 1271.5
1327020 1271.7
1327030 1269.9
1327040 1269.9
1327050 1268.7
1327060 1270.4
1327070 1270.4
1327080 1269.9
1327090 1269.2
1327100 1269.2
1327110 1266.6
1327120 1264.4
1327130 1264.4
1327140 1263.4
1327150 1262.5
1327160 1262.5
1327170 1260.8
1327180 1258.4
1327190 1258.4
1327200 1255.2
1327210 1252.9
1327220 1252.9
1327230 1252.7
1327240 1252.6
1327250 1252.6
1327260 1252.1
1327270 1252.5
1327280 1252.5
1327290 1250.7
1327300 1249.8
1327310 1249.8
1327320 1250.9
1327330 1252.4
1327340 1253.1
1327350 1253.1
1327360 1253.2
1327370 1253.9
1327380 1253.9
1327390 1252.0
1327400 1254.3
1327410 1254.3
1327420 1257.6
1327430 1260.3
1327440 1260.3
1327450 1262.8
1327460 1263.9
1327470 1263.9
1327480 1265.9
1327490 1269.7
1327500 1269.7
1327510 1273.6
1327520 1276.3
1327530 1276.3
1327540 1279.4
1327550 1281.2
1327560 1281.2
1327570 1283.8
1327580 1287.0
1327590 1287.0
1327600 1289.2
1327610 1291.6
1327620 1291.6
1327630 1294.5
1327640 1297.8
1327650 1297.8
1327660 1300.9
1327670 1307.4
1327680 1307.4
1327690 1310.0
1327700 1311.5
1327710 1311.5
1327720 1312.2
1327730 1316.0
1327740 1319.5
1327750 1319.5
1327760 1322.8
1327770 1326.5
1327780 1326.5
1327790 1330.3
1327800 1332.5
1327810 1332.5
1327820 1334.2
1327830 1337.1
1327840 1337.1
1327850 1341.0
1327860 1345.1
1327870 1345.1
1327880 1349.4
1327890 1353.7
1327900 1353.7
1327910 1358.0
1327920 1362.1
1327930 1362.1
1327940 1366.2
1327950 1370.0
1327960 1370.0
1327970 1373.7
1327980 1377.5
1327990 1377.5
1328000 1382.1
1328010 1387.2
1328020 1387.2
1328030 1392.5
1328040 1398.0
1328050 1398.0
1328060 1403.9
1328070 1409.6
1328080 1409.6
1328090 1415.3
1328100 1421.1
1328110 1421.1
1328120 1426.9
1328130 1432.8
1328140 1438.4
1328150 1438.4
1328160 1444.4
1328170 1450.5
1328180 1450.5
1328190 1456.9
1328200 1463.2
1328210 1463.2
1328220 1470.3
1328230 1477.4
1328240 1477.4
1328250 1483.7
1328260 1491.3
1328270 1491.3
1328280 1498.0
1328290 1504.8
1328300 1504.8
1328310 1513.0
1328320 1519.8
1328330 1519.8
1328340 1528.9
1328350 1540.2
1328360 1540.2
1328370 1551.8
1328380 1562.9
1328390 1562.9
1328400 1568.3
1328410 1574.8
1328420 1574.8
1328430 1581.7
1328440 1586.6
1328450 1586.6
1328460 1583.0
1328470 1563.8
1328480 1563.8
1328490 1548.8
1328500 1539.7
1328510 1539.7
1328520 1532.0
1328530 1524.3
1328540 1516.6
1328550 1516.6
1328560 1509.2
1328570 1501.9
1328580 1501.9
1328590 1494.7
1328600 1487.8
1328610 1487.8
1328620 1480.9
1328630 1474.1
1328640 1474.1
1328650 1467.5
1328660 1460.4
1328670 1460.4
1328680 1453.6
1328690 1447.0
1328700 1447.0
1328710 1441.1
1328720 1436.2
1328730 1436.2
1328740 1431.9
1328750 1427.7
1328760 1427.7
1328770 1423.6
1328780 1419.4
1328790 1419.4
1328800 1415.8
1328810 1413.0
1328820 1413.0
1328830 1411.2
1328840 1408.4
1328850 1408.4
1328860 1405.2
1328870 1402.1
1328880 1402.1
1328890 1398.7
1328900 1395.7
1328910 1395.7
1328920 1393.4
1328930 1390.6
1328940 1387.0
1328950 1387.0
1328960 1382.8
1328970 1378.4
1328980 1378.4
1328990 1374.7
1329000 1370.6
1329010 1370.6
1329020 1366.7
1329030 1363.1
1329040 1363.1
1329050 1359.5
1329060 1356.1
1329070 1356.1
1329080 1352.8
1329090 1349.4
1329100 1349.4
1329110 1346.0
1329120 1343.0
1329130 1343.0
1329140 1339.9
1329150 1336.9
1329160 1336.9
1329170 1334.0
1329180 1331.3
1329190 1331.3
1329200 1328.9
1329210 1326.8
1329220 1326.8
1329230 1324.7
1329240 1322.9
1329250 1322.9
1329260 1321.2
1329270 1319.6
1329280 1319.6
1329290 1318.4
1329300 1317.7
1329310 1318.3
1329320 1318.3
1329330 1317.0
1329340 1315.4
1329350 1315.4
1329360 1313.9
1329370 1311.8
1329380 1311.8
1329390 1309.6
1329400 1308.1
1329410 1308.1
1329420 1307.2
1329430 1306.5
1329440 1306.5
1329450 1305.7
1329460 1303.9
1329470 1303.9
1329480 1301.0
1329490 1297.1
1329500 1297.1
1329510 1292.3
1329520 1287.2
1329530 1287.2
1329540 1282.5
1329550 1278.6
1329560 1278.6
1329570 1275.0
1329580 1270.9
1329590 1270.9
1329600 1266.6
1329610 1261.8
1329620 1261.8
1329630 1256.4
1329640 1250.8
1329650 1250.8
1329660 1246.3
1329670 1242.6
1329680 1242.6
1329690 1239.1
1329700 1235.6
1329710 1231.3
1329720 1231.3
1329730 1226.6
1329740 1222.7
1329750 1222.7
1329760 1218.7
1329770 1213.1
1329780 1213.1
1329790 1209.4
1329800 1206.6
1329810 1206.6
1329820 1203.9
1329830 1201.5
1329840 1201.5
1329850 1199.3
1329860 1196.9
1329870 1196.9
1329880 1194.0
1329890 1190.4
1329900 1190.4
1329910 1187.5
1329920 1184.9
1329930 1184.9
1329940 1181.9
1329950 1178.4
1329960 1178.4
1329970 1175.6
1329980 1175.0
1329990 1175.0
1330000 1173.8
1330010 1171.4
1330020 1171.4
1330030 1169.3
1330040 1166.6
1330050 1166.6
1330060 1164.7
1330070 1166.2
1330080 1166.2
1330090 1168.2
1330100 1168.1
1330110 1166.5
1330120 1166.5
1330130 1164.6
1330140 1166.9
1330150 1166.9
1330160 1168.6
1330170 1171.2
1330180 1171.2
1330190 1173.6
1330200 1176.7
1330210 1176.7
1330220 1179.3
1330230 1182.5
1330240 1182.5
1330250 1184.4
1330260 1186.1
1330270 1186.1
1330280 1188.3
1330290 1191.5
1330300 1191.5
1330310 1196.0
1330320 1202.1
1330330 1202.1
1330340 1208.7
1330350 1215.3
1330360 1215.3
1330370 1223.2
1330380 1233.6
1330390 1233.6
1330400 1243.5
1330410 1248.5
1330420 1248.5
1330430 1248.4
1330440 1245.2
1330450 1245.2
1330460 1240.3
1330470 1236.1
1330480 1236.1
1330490 1234.4
1330500 1234.4
1330510 1233.5
1330520 1233.5
1330530 1231.9
1330540 1229.7
1330550 1229.7
1330560 1226.7
1330570 1223.8
1330580 1223.8
1330590 1220.4
1330600 1216.3
1330610 1216.3
1330620 1212.5
1330630 1210.7
1330640 1210.7
1330650 1210.9
1330660 1210.0
1330670 1210.0
1330680 1208.2
1330690 1207.1
1330700 1207.1
1330710 1206.1
1330720 1205.3
1330730 1205.3
1330740 1205.6
1330750 1204.0
1330760 1204.0
1330770 1197.0
1330780 1189.7
1330790 1189.7
1330800 1182.4
1330810 1173.8
1330820 1173.8
1330830 1165.6
1330840 1160.3
1330850 1160.3
1330860 1160.0
1330870 1162.1
1330880 1162.1
1330890 1165.4
1330900 1171.3
1330910 1179.3
1330920 1179.3
1330930 1185.1
1330940 1189.2
1330950 1189.2
1330960 1195.6
1330970 1200.5
1330980 1200.5
1330990 1204.1
1331000 1206.4
1331010 1206.4
1331020 1209.4
1331030 1212.3
1331040 1212.3
1331050 1213.6
1331060 1215.7
1331070 1215.7
1331080 1219.4
1331090 1225.3
1331100 1225.3
1331110 1232.1
1331120 1239.2
1331130 1239.2
1331140 1246.3
1331150 1259.3
1331160 1259.3
1331170 1275.1
1331180 1286.0
1331190 1286.0
1331200 1293.5
1331210 1297.3
1331220 1297.3
1331230 1299.2
1331240 1300.3
1331250 1300.3
1331260 1300.3
1331270 1298.5
1331280 1298.5
1331290 1295.0
1331300 1291.2
1331310 1289.3
1331320 1289.3
1331330 1290.9
1331340 1294.3
1331350 1294.3
1331360 1291.1
1331370 1290.1
1331380 1290.1
1331390 1294.2
1331400 1295.2
1331410 1295.2
1331420 1296.1
1331430 1296.9
1331440 1296.9
1331450 1300.6
1331460 1302.6
1331470 1302.6
1331480 1301.5
1331490 1300.5
1331500 1300.5
1331510 1300.1
1331520 1303.5
1331530 1303.5
1331540 1307.4
1331550 1310.7
1331560 1310.7
1331570 1313.8
1331580 1317.4
1331590 1317.4
1331600 1321.7
1331610 1326.9
1331620 1326.9
1331630 1332.5
1331640 1338.1
1331650 1338.1
1331660 1343.7
1331670 1348.8
1331680 1348.8
1331690 1354.5
1331700 1361.0
1331710 1367.4
1331720 1367.4
1331730 1373.5
1331740 1379.5
1331750 1379.5
1331760 1385.0
1331770 1389.4
1331780 1389.4
1331790 1392.0
1331800 1393.1
1331810 1396.4
1331820 1397.3
1331830 1396.7
1331840 1396.7
1331850 1394.9
1331860 1393.8
1331870 1393.8
1331880 1393.5
1331890 1392.7
1331900 1392.7
1331910 1391.8
1331920 1392.0
1331930 1392.0
1331940 1391.2
1331950 1390.8
1331960 1390.8
1331970 1390.4
1331980 1390.8
1331990 1390.8
1332000 1391.5
1332010 1391.0
1332020 1391.0
1332030 1392.0
1332040 1394.6
1332050 1394.6
1332060 1396.4
1332070 1399.0
1332080 1399.0
1332090 1401.8
1332100 1404.6
1332110 1406.9
1332120 1406.9
1332130 1408.4
1332140 1408.1
1332150 1408.1
1332160 1406.7
1332170 1403.3
1332180 1403.3
1332190 1397.8
1332200 1392.2
1332210 1392.2
1332220 1388.2
1332230 1383.8
1332240 1383.8
1332250 1377.5
1332260 1369.1
1332270 1369.1
1332280 1361.8
1332290 1355.8
1332300 1355.8
1332310 1351.0
1332320 1347.0
1332330 1347.0
1332340 1342.4
1332350 1335.8
1332360 1335.8
1332370 1326.9
1332380 1318.2
1332390 1318.2
1332400 1311.7
1332410 1307.1
1332420 1307.1
1332430 1302.1
1332440 1297.2
1332450 1297.2
1332460 1292.4
1332470 1294.9
1332480 1301.3
1332490 1301.3
1332500 1305.6
1332510 1310.7
1332520 1310.7
1332530 1317.3
1332540 1323.5
1332550 1323.5
1332560 1328.9
1332570 1332.4
1332580 1332.4
1332590 1337.9
1332600 1343.0
1332610 1343.0
1332620 1348.1
1332630 1354.1
1332640 1354.1
1332650 1364.9
1332660 1372.1
1332670 1372.1
1332680 1379.5
1332690 1389.9
1332700 1389.9
1332710 1411.2
1332720 1429.3
1332730 1429.3
1332740 1437.6
1332750 1441.1
1332760 1441.1
1332770 1443.2
1332780 1440.8
1332790 1440.8
1332800 1444.0
1332810 1448.3
1332820 1448.3
1332830 1448.8
1332840 1446.3
1332850 1446.3
1332860 1444.3
1332870 1448.5
1332880 1454.3
1332890 1454.3
1332900 1461.8
1332910 1470.0
1332920 1470.0
1332930 1476.6
1332940 1485.5
1332950 1485.5
1332960 1496.9
1332970 1507.0
1332980 1507.0
1332990 1516.7
1333000 1523.9
1333010 1523.9
1333020 1530.9
1333030 1534.4
1333040 1534.4
1333050 1533.2
1333060 1532.8
1333070 1532.8
1333080 1535.0
1333090 1539.3
1333100 1539.3
1333110 1544.7
1333120 1549.9
1333130 1549.9
1333140 1555.4
1333150 1560.5
1333160 1560.5
1333170 1560.5
1333180 1557.8
1333190 1557.8
1333200 1556.1
1333210 1553.3
1333220 1553.3
1333230 1548.5
1333240 1544.2
1333250 1544.2
1333260 1541.5
1333270 1536.5
1333280 1533.9
1333290 1533.9
1333300 1532.3
1333310 1529.4
1333320 1529.4
1333330 1526.5
1333340 1523.9
1333350 1523.9
1333360 1522.0
1333370 1520.8
1333380 1520.8
1333390 1519.2
1333400 1517.0
1333410 1517.0
1333420 1513.3
1333430 1510.2
1333440 1510.2
1333450 1510.0
1333460 1509.6
1333470 1509.6
1333480 1508.3
1333490 1505.8
1333500 1504.2
1333510 1499.9
1333520 1494.4
1333530 1494.4
1333540 1489.7
1333550 1485.2
1333560 1485.2
1333570 1480.4
1333580 1476.3
1333590 1476.3
1333600 1471.3
1333610 1466.5
1333620 1466.5
1333630 1458.3
1333640 1451.3
1333650 1451.3
1333660 1448.7
1333670 1445.4
1333680 1441.4
1333690 1441.4
1333700 1435.9
1333710 1431.0
1333720 1431.0
1333730 1426.8
1333740 1421.8
1333750 1421.8
1333760 1415.3
1333770 1409.2
1333780 1409.2
1333790 1403.3
1333800 1396.8
1333810 1396.8
1333820 1390.1
1333830 1382.5
1333840 1382.5
1333850 1374.8
1333860 1368.3
1333870 1368.3
1333880 1364.5
1333890 1361.8
1333900 1361.8
1333910 1357.7
1333920 1351.3
1333930 1351.3
1333940 1344.3
1333950 1339.0
1333960 1339.0
1333970 1334.8
1333980 1330.1
1333990 1330.1
1334000 1327.4
1334010 1324.3
1334020 1324.3
1334030 1320.3
1334040 1316.5
1334050 1316.5
1334060 1312.9
1334070 1309.7
1334080 1306.2
1334090 1306.2
1334100 1301.6
1334110 1296.0
1334120 1296.0
1334130 1290.2
1334140 1285.1
1334150 1285.1
1334160 1280.6
1334170 1275.6
1334180 1275.6
1334190 1268.5
1334200 1260.6
1334210 1260.6
1334220 1253.7
1334230 1245.5
1334240 1245.5
1334250 1238.0
1334260 1231.5
1334270 1231.5
1334280 1226.2
1334290 1221.3
1334300 1221.3
1334310 1216.2
1334320 1210.9
1334330 1210.9
1334340 1205.4
1334350 1196.9
1334360 1196.9
1334370 1190.4
1334380 1184.1
1334390 1184.1
1334400 1178.4
1334410 1172.8
1334420 1172.8
1334430 1165.4
1334440 1157.9
1334450 1157.9
1334460 1150.4
1334470 1142.6
1334480 1136.8
1334490 1136.8
1334500 1128.1
1334510 1118.1
1334520 1118.1
1334530 1112.9
1334540 1110.1
1334550 1110.1
1334560 1110.8
1334570 1114.9
1334580 1114.9
1334590 1116.7
1334600 1116.9
1334610 1116.9
1334620 1117.5
1334630 1125.0
1334640 1125.0
1334650 1135.2
1334660 1139.3
1334670 1139.3
1334680 1141.3
1334690 1145.6
1334700 1145.6
1334710 1148.8
1334720 1150.5
1334730 1150.5
1334740 1152.4
1334750 1156.1
1334760 1156.1
1334770 1160.8
1334780 1166.3
1334790 1166.3
1334800 1172.3
1334810 1177.7
1334820 1177.7
1334830 1183.0
1334840 1188.5
1334850 1188.5
1334860 1193.6
1334870 1199.1
1334880 1205.5
1334890 1205.5
1334900 1212.5
1334910 1218.7
1334920 1218.7
1334930 1223.9
1334940 1228.8
1334950 1228.8
1334960 1234.2
1334970 1239.7
1334980 1239.7
1334990 1244.7
1335000 1249.2
1335010 1249.2
1335020 1252.6
1335030 1254.4
1335040 1254.4
1335050 1255.8
1335060 1258.0
1335070 1258.0
1335080 1260.1
1335090 1261.1
1335100 1261.1
1335110 1260.8
1335120 1260.0
1335130 1260.0
1335140 1259.6
1335150 1260.4
1335160 1260.4
1335170 1261.4
1335180 1261.4
1335190 1261.4
1335200 1262.4
1335210 1258.6
1335220 1258.6
1335230 1251.3
1335240 1243.5
1335250 1243.5
1335260 1236.9
1335270 1230.0
1335280 1221.7
1335290 1221.7
1335300 1213.9
1335310 1207.6
1335320 1207.6
1335330 1202.2
1335340 1198.1
1335350 1198.1
1335360 1196.9
1335370 1197.0
1335380 1197.0
1335390 1201.9
1335400 1210.4
1335410 1210.4
1335420 1216.5
1335430 1222.1
1335440 1222.1
1335450 1227.8
1335460 1233.6
1335470 1233.6
1335480 1238.9
1335490 1243.6
1335500 1243.6
1335510 1247.7
1335520 1251.2
1335530 1251.2
1335540 1254.6
1335550 1257.7
1335560 1257.7
1335570 1260.2
1335580 1262.4
1335590 1262.4
1335600 1264.2
1335610 1264.8
1335620 1264.8
1335630 1261.9
1335640 1256.9
1335650 1251.3
1335660 1251.3
1335670 1246.9
1335680 1243.1
1335690 1243.1
1335700 1237.9
1335710 1234.8
1335720 1234.8
1335730 1239.8
1335740 1244.5
1335750 1244.5
1335760 1249.0
1335770 1253.8
1335780 1253.8
1335790 1258.3
1335800 1262.4
1335810 1262.4
1335820 1266.1
1335830 1269.4
1335840 1269.4
1335850 1272.1
1335860 1274.3
1335870 1274.3
1335880 1275.4
1335890 1275.6
1335900 1275.6
1335910 1278.2
1335920 1283.9
1335930 1283.9
1335940 1289.7
1335950 1295.2
1335960 1295.2
1335970 1300.5
1335980 1305.1
1335990 1305.1
1336000 1309.5
1336010 1314.2
1336020 1314.2
1336030 1318.8
1336040 1321.5
1336050 1322.3
1336060 1322.3
1336070 1327.7
1336080 1328.4
1336090 1328.4
1336100 1329.4
1336110 1329.4
1336120 1329.4
1336130 1326.8
1336140 1324.3
1336150 1324.3
1336160 1322.6
1336170 1320.1
1336180 1320.1
1336190 1317.5
1336200 1314.3
1336210 1314.3
1336220 1310.5
1336230 1306.2
1336240 1306.2
1336250 1300.7
1336260 1295.3
1336270 1295.3
1336280 1289.8
1336290 1283.2
1336300 1283.2
1336310 1276.9
1336320 1271.9
1336330 1271.9
1336340 1267.1
1336350 1262.4
1336360 1262.4
1336370 1257.8
1336380 1253.4
1336390 1253.4
1336400 1249.5
1336410 1244.8
1336420 1244.8
1336430 1241.6
1336440 1238.1
1336450 1234.6
1336460 1234.6
1336470 1230.7
1336480 1227.2
1336490 1227.2
1336500 1223.5
1336510 1218.6
1336520 1218.6
1336530 1213.2
1336540 1206.5
1336550 1206.5
1336560 1199.2
1336570 1192.5
1336580 1192.5
1336590 1185.6
1336600 1178.5
1336610 1178.5
1336620 1171.8
1336630 1165.0
1336640 1165.0
1336650 1157.8
1336660 1150.9
1336670 1150.9
1336680 1145.1
1336690 1140.3
1336700 1140.3
1336710 1137.5
1336720 1134.1
1336730 1134.1
1336740 1127.7
1336750 1121.9
1336760 1121.9
1336770 1117.3
1336780 1112.9
1336790 1112.9
1336800 1107.9
1336810 1103.1
1336820 1103.1
1336830 1098.8
1336840 1094.3
1336850 1089.4
1336860 1089.4
1336870 1084.2
1336880 1078.3
1336890 1078.3
1336900 1072.7
1336910 1067.2
1336920 1067.2
1336930 1064.9
1336940 1059.1
1336950 1059.1
1336960 1053.3
1336970 1047.6
1336980 1047.6
1336990 1041.4
1337000 1035.1
1337010 1035.1
1337020 1029.1
1337030 1022.9
1337040 1022.9
1337050 1016.6
1337060 1010.4
1337070 1010.4
1337080 1004.5
1337090 998.5
1337100 998.5
1337110 992.8
1337120 987.3
1337130 987.3
1337140 980.7
1337150 974.3
1337160 974.3
1337170 968.2
1337180 962.3
1337190 962.3
1337200 957.2
1337210 951.6
1337220 951.6
1337230 945.4
1337240 938.8
1337250 932.0
1337260 932.0
1337270 924.7
1337280 917.3
1337290 917.3
1337300 909.8
1337310 902.5
1337320 902.5
1337330 895.5
1337340 888.8
1337350 888.8
1337360 882.4
1337370 875.6
1337380 875.6
1337390 868.9
1337400 862.3
1337410 862.3
1337420 855.5
1337430 849.6
1337440 849.6
1337450 846.8
1337460 845.4
1337470 845.4
1337480 843.1
1337490 840.8
1337500 840.8
1337510 839.1
1337520 837.7
1337530 837.7
1337540 836.3
1337550 835.1
1337560 835.1
1337570 834.0
1337580 832.6
1337590 832.6
1337600 831.4
1337610 830.1
1337620 830.1
1337630 829.1
1337640 828.2
1337650 827.3
1337660 827.3
1337670 827.1
1337680 827.0
1337690 827.0
1337700 827.0
1337710 827.1
1337720 827.1
1337730 827.1
1337740 827.3
1337750 827.3
1337760 827.6
1337770 828.0
1337780 828.0
1337790 828.4
1337800 828.4
1337810 828.4
1337820 829.1
1337830 830.8
1337840 830.8
1337850 831.6
1337860 831.9
1337870 831.9
1337880 832.4
1337890 834.5
1337900 834.5
1337910 837.0
1337920 839.1
1337930 839.1
1337940 843.7
1337950 848.2
1337960 848.2
1337970 853.1
1337980 858.5
1337990 858.5
1338000 864.4
1338010 870.1
1338020 870.1
1338030 875.8
1338040 882.0
1338050 889.0
1338060 889.0
1338070 896.5
1338080 905.1
1338090 905.1
1338100 913.9
1338110 925.2
1338120 925.2
1338130 938.1
1338140 946.4
1338150 946.4
1338160 949.3
1338170 952.8
1338180 952.8
1338190 954.9
1338200 959.0
1338210 959.0
1338220 963.0
1338230 966.2
1338240 966.2
1338250 969.6
1338260 972.9
1338270 972.9
1338280 973.1
1338290 973.2
1338300 973.2
1338310 976.1
1338320 981.4
1338330 981.4
1338340 987.0
1338350 992.2
1338360 992.2
1338370 997.6
1338380 1003.4
1338390 1003.4
1338400 1009.2
1338410 1015.5
1338420 1015.5
1338430 1022.8
1338440 1030.5
1338450 1037.7
1338460 1037.7
1338470 1045.5
1338480 1053.7
1338490 1053.7
1338500 1062.3
1338510 1071.2
1338520 1071.2
1338530 1078.8
1338540 1084.1
1338550 1084.1
1338560 1089.0
1338570 1093.5
1338580 1093.5
1338590 1096.7
1338600 1100.4
1338610 1100.4
1338620 1104.8
1338630 1109.9
1338640 1109.9
1338650 1114.8
1338660 1117.5
1338670 1117.5
1338680 1119.2
1338690 1121.8
1338700 1121.8
1338710 1124.2
1338720 1126.9
1338730 1126.9
1338740 1129.3
1338750 1131.2
1338760 1131.2
1338770 1133.1
1338780 1134.8
1338790 1134.8
1338800 1135.8
1338810 1137.5
1338820 1139.5
1338830 1139.5
1338840 1142.2
1338850 1144.7
1338860 1144.7
1338870 1147.2
1338880 1149.7
1338890 1149.7
1338900 1152.0
1338910 1153.9
1338920 1153.9
1338930 1154.6
1338940 1154.2
1338950 1154.2
1338960 1151.9
1338970 1149.6
1338980 1149.6
1338990 1147.7
1339000 1145.3
1339010 1145.3
1339020 1140.8
1339030 1135.2
1339040 1135.2
1339050 1131.5
1339060 1130.7
1339070 1130.7
1339080 1129.1
1339090 1128.9
1339100 1128.9
1339110 1131.0
1339120 1132.3
1339130 1132.3
1339140 1133.9
1339150 1135.5
1339160 1135.5
1339170 1136.7
1339180 1137.7
1339190 1137.7
1339200 1139.2
1339210 1140.9
1339220 1142.9
1339230 1142.9
1339240 1144.7
1339250 1145.8
1339260 1145.8
1339270 1145.6
1339280 1143.8
1339290 1143.8
1339300 1140.1
1339310 1135.2
1339320 1135.2
1339330 1130.4
1339340 1124.4
1339350 1124.4
1339360 1117.8
1339370 1111.3
1339380 1111.3
1339390 1105.2
1339400 1101.1
1339410 1101.1
1339420 1098.5
1339430 1095.0
1339440 1095.0
1339450 1090.9
1339460 1086.8
1339470 1086.8
1339480 1083.5
1339490 1080.4
1339500 1080.4
1339510 1076.8
1339520 1074.7
1339530 1074.7
1339540 1074.1
1339550 1074.3
1339560 1069.0
1339570 1069.7
1339580 1070.4
1339590 1070.4
1339600 1070.7
1339610 1069.9
1339620 1067.2
1339630 1067.2
1339640 1064.3
1339650 1062.3
1339660 1062.3
1339670 1060.3
1339680 1058.3
1339690 1058.3
1339700 1056.4
1339710 1054.8
1339720 1054.8
1339730 1053.8
1339740 1052.2
1339750 1052.2
1339760 1050.5
1339770 1049.1
1339780 1049.1
1339790 1049.8
1339800 1052.5
1339810 1052.5
1339820 1057.0
1339830 1059.5
1339840 1059.5
1339850 1061.3
1339860 1063.0
1339870 1063.0
1339880 1065.0
1339890 1067.3
1339900 1067.3
1339910 1069.6
1339920 1072.3
1339930 1072.3
1339940 1075.2
1339950 1078.1
1339960 1078.1
1339970 1081.0
1339980 1084.1
1339990 1084.1
