1324250 928.5
1324260 928.5
1324900 1089.2
1324910 1089.2
1324920 1091.7
1324930 1095.6
1324940 1095.6
1324950 1098.2
1324960 1100.0
1324970 1100.0
1324980 1103.3
1324990 1105.7
1325000 1105.7
1325010 1108.3
1325020 1111.4
1325030 1111.4
1325040 1113.9
1325050 1116.6
1325060 1116.6
1325070 1117.5
1325080 1119.5
1325090 1119.5
1325100 1122.9
1325110 1125.1
1325120 1125.1
1325130 1127.1
1325140 1130.1
1325150 1133.4
1325160 1133.4
1325170 1136.0
1325180 1138.6
1325190 1138.6
1325200 1141.2
1325210 1144.3
1325220 1144.3
1325230 1146.7
1325240 1147.5
1325250 1147.5
1325260 1148.6
1325270 1150.5
1325280 1150.5
1325290 1152.2
1325300 1153.0
1325310 1153.0
1325320 1153.1
1325330 1153.0
1325340 1153.0
1325350 1152.0
1325360 1149.1
1325370 1149.1
1325380 1145.7
1325390 1141.7
1325400 1141.7
1325410 1138.5
1325420 1135.3
1325430 1135.3
1325440 1130.4
1325450 1124.2
1325460 1124.2
1325470 1116.6
1325480 1108.6
1325490 1108.6
1325500 1101.1
1325510 1093.6
1325520 1093.6
1325530 1086.1
1325540 1079.4
1325550 1073.9
1325560 1073.9
1325570 1069.6
1325580 1066.9
1325590 1066.9
1325600 1064.8
1325610 1062.4
1325620 1062.4
1325630 1059.3
1325640 1056.9
1325650 1056.9
1325660 1055.6
1325670 1055.4
1325680 1055.4
1325690 1054.1
1325700 1051.9
1325710 1051.9
1325720 1049.1
1325730 1046.6
1325740 1046.6
1325750 1045.0
1325760 1044.7
1325770 1044.7
1325780 1044.5
1325790 1043.8
1325800 1043.8
1325810 1042.7
1325820 1040.5
1325830 1040.5
1325840 1037.7
1325850 1034.9
1325860 1028.9
1325870 1026.3
1325880 1024.9
1325890 1024.9
1325900 1024.7
1325910 1024.2
1325920 1024.2
1325930 1023.9
1325940 1022.7
1325950 1020.1
1325960 1020.1
1325970 1016.0
1325980 1012.1
1325990 1012.1
1326000 1009.7
1326010 1007.4
1326020 1007.4
1326030 1005.6
1326040 1004.9
1326050 1004.9
1326060 1004.8
1326070 1004.9
1326080 1004.9
1326090 1005.3
1326100 1005.6
1326110 1005.6
1326120 1004.9
1326130 1005.0
1326140 1005.0
1326150 1005.9
1326160 1007.5
1326170 1007.5
1326180 1009.6
1326190 1011.1
1326200 1011.1
1326210 1012.2
1326220 1012.9
1326230 1012.9
1326240 1013.6
1326250 1014.4
1326260 1014.4
1326270 1014.9
1326280 1015.5
1326290 1015.5
1326300 1016.2
1326310 1016.8
1326320 1016.8
1326330 1017.6
1326340 1017.3
1326350 1016.7
1326360 1016.7
1326370 1017.3
1326380 1018.5
1326390 1018.5
1326400 1018.8
1326410 1019.7
1326420 1019.7
1326430 1022.2
1326440 1025.7
1326450 1025.7
1326460 1032.2
1326470 1038.5
1326480 1038.5
1326490 1041.9
1326500 1044.2
1326510 1044.2
1326520 1046.5
1326530 1049.7
1326540 1049.7
1326550 1054.5
1326560 1060.4
1326570 1060.4
1326580 1064.1
1326590 1064.8
1326600 1064.8
1326610 1064.5
1326620 1064.7
1326630 1064.7
1326640 1065.5
1326650 1066.5
1326660 1065.7
1326670 1066.2
1326680 1067.8
1326690 1067.8
1326700 1071.3
1326710 1074.4
1326720 1074.4
1326730 1077.4
1326740 1080.9
1326750 1083.7
1326760 1083.7
1326770 1085.3
1326780 1086.6
1326790 1086.6
1326800 1087.1
1326810 1087.2
1326820 1087.2
1326830 1088.6
1326840 1090.7
1326850 1090.7
1326860 1093.1
1326870 1097.7
1326880 1097.7
1326890 1103.2
1326900 1109.3
1326910 1109.3
1326920 1115.5
1326930 1121.7
1326940 1121.7
1326950 1127.5
1326960 1133.5
1326970 1133.5
1326980 1139.6
1326990 1145.3
1327000 1145.3
1327010 1151.7
1327020 1159.7
1327030 1159.7
1327040 1167.8
1327050 1174.4
1327060 1174.4
1327070 1180.2
1327080 1184.3
1327090 1184.3
1327100 1188.4
1327110 1193.3
1327120 1193.3
1327130 1199.0
1327140 1205.6
1327150 1213.1
1327160 1213.1
1327170 1220.9
1327180 1229.3
1327190 1229.3
1327200 1237.5
1327210 1249.0
1327220 1249.0
1327230 1261.5
1327240 1269.4
1327250 1269.4
1327260 1277.0
1327270 1284.2
1327280 1284.2
1327290 1291.3
1327300 1298.0
1327310 1298.0
1327320 1304.5
1327330 1310.7
1327340 1310.7
1327350 1314.9
1327360 1317.1
1327370 1317.1
1327380 1320.7
1327390 1325.3
1327400 1325.3
1327410 1329.0
1327420 1332.7
1327430 1332.7
1327440 1336.9
1327450 1341.2
1327460 1341.2
1327470 1345.4
1327480 1350.1
1327490 1350.1
1327500 1354.6
1327510 1359.5
1327520 1359.5
1327530 1365.3
1327540 1371.1
1327550 1377.0
1327560 1377.0
1327570 1382.5
1327580 1387.7
1327590 1387.7
1327600 1393.0
1327610 1398.6
1327620 1398.6
1327630 1403.8
1327640 1408.8
1327650 1408.8
1327660 1414.8
1327670 1420.9
1327680 1420.9
1327690 1427.2
1327700 1434.9
1327710 1434.9
1327720 1442.3
1327730 1448.9
1327740 1448.9
1327750 1454.9
1327760 1460.5
1327770 1460.5
1327780 1466.1
1327790 1472.3
1327800 1472.3
1327810 1478.5
1327820 1485.0
1327830 1485.0
1327840 1491.7
1327850 1498.9
1327860 1498.9
1327870 1505.7
1327880 1512.6
1327890 1512.6
1327900 1519.7
1327910 1526.3
1327920 1526.3
1327930 1532.7
1327940 1539.1
1327950 1544.9
1327960 1544.9
1327970 1550.1
1327980 1555.1
1327990 1555.1
1328000 1559.9
1328010 1565.1
1328020 1565.1
1328030 1570.4
1328040 1575.4
1328050 1575.4
1328060 1580.3
1328070 1585.0
1328080 1585.0
1328090 1589.5
1328100 1593.2
1328110 1593.2
1328120 1596.3
1328130 1599.1
1328140 1599.1
1328150 1601.6
1328160 1603.8
1328170 1603.8
1328180 1604.8
1328190 1605.8
1328200 1605.8
1328210 1607.5
1328220 1610.8
1328230 1610.8
1328240 1614.4
1328250 1617.9
1328260 1617.9
1328270 1622.1
1328280 1626.8
1328290 1626.8
1328300 1636.7
1328310 1639.9
1328320 1639.9
1328330 1644.3
1328340 1648.3
1328350 1652.6
1328360 1652.6
1328370 1656.7
1328380 1660.9
1328390 1660.9
1328400 1665.0
1328410 1669.5
1328420 1669.5
1328430 1673.8
1328440 1676.8
1328450 1676.8
1328460 1674.0
1328470 1668.5
1328480 1668.5
1328490 1660.2
1328500 1649.3
1328510 1649.3
1328520 1638.8
1328530 1626.4
1328540 1626.4
1328550 1612.8
1328560 1605.4
1328570 1605.4
1328580 1590.8
1328590 1577.3
1328600 1577.3
1328610 1569.0
1328620 1552.4
1328630 1552.4
1328640 1542.5
1328650 1533.5
1328660 1533.5
1328670 1523.1
1328680 1511.4
1328690 1511.4
1328700 1501.5
1328710 1493.6
1328720 1493.6
1328730 1486.9
1328740 1480.0
1328750 1473.1
1328760 1473.1
1328770 1466.6
1328780 1460.6
1328790 1460.6
1328800 1454.4
1328810 1448.3
1328820 1448.3
1328830 1442.4
1328840 1436.1
1328850 1436.1
1328860 1430.3
1328870 1424.7
1328880 1424.7
1328890 1418.8
1328900 1412.8
1328910 1412.8
1328920 1406.5
1328930 1400.1
1328940 1400.1
1328950 1394.2
1328960 1388.3
1328970 1388.3
1328980 1382.2
1328990 1376.6
1329000 1376.6
1329010 1370.9
1329020 1365.7
1329030 1365.7
1329040 1360.7
1329050 1355.6
1329060 1355.6
1329070 1351.1
1329080 1347.4
1329090 1347.4
1329100 1343.1
1329110 1339.9
1329120 1345.0
1329130 1342.9
1329140 1340.5
1329150 1338.5
1329160 1338.5
1329170 1335.7
1329180 1334.6
1329190 1334.6
1329200 1333.3
1329210 1331.6
1329220 1331.6
1329230 1330.5
1329240 1330.7
1329250 1330.7
1329260 1331.9
1329270 1333.2
1329280 1333.2
1329290 1335.3
1329300 1336.8
1329310 1336.8
1329320 1338.0
1329330 1340.2
1329340 1340.2
1329350 1343.0
1329360 1344.4
1329370 1344.4
1329380 1344.3
1329390 1344.9
1329400 1344.9
1329410 1344.1
1329420 1339.8
1329430 1339.8
1329440 1334.4
1329450 1329.1
1329460 1329.1
1329470 1323.4
1329480 1317.4
1329490 1317.4
1329500 1310.9
1329510 1304.5
1329520 1304.5
1329530 1297.9
1329540 1291.2
1329550 1284.6
1329560 1284.6
1329570 1277.6
1329580 1270.6
1329590 1270.6
1329600 1264.3
1329610 1258.1
1329620 1258.1
1329630 1251.8
1329640 1246.0
1329650 1246.0
1329660 1240.1
1329670 1234.5
1329680 1234.5
1329690 1228.8
1329700 1222.7
1329710 1222.7
1329720 1215.8
1329730 1209.0
1329740 1209.0
1329750 1201.1
1329760 1192.0
1329770 1192.0
1329780 1184.1
1329790 1176.8
1329800 1176.8
1329810 1170.2
1329820 1163.9
1329830 1163.9
1329840 1158.2
1329850 1152.6
1329860 1152.6
1329870 1147.1
1329880 1141.5
1329890 1141.5
1329900 1135.9
1329910 1130.0
1329920 1124.1
1329930 1124.1
1329940 1118.4
1329950 1114.2
1329960 1114.2
1329970 1109.1
1329980 1103.9
1329990 1103.9
1330000 1099.0
1330010 1094.3
1330020 1094.3
1330030 1089.8
1330040 1085.1
1330050 1085.1
1330060 1080.3
1330070 1075.9
1330080 1075.9
1330090 1071.7
1330100 1067.9
1330110 1067.9
1330120 1064.4
1330130 1060.8
1330140 1060.8
1330150 1057.3
1330160 1053.8
1330170 1053.8
1330180 1050.6
1330190 1048.0
1330200 1048.0
1330210 1045.3
1330220 1040.3
1330230 1040.3
1330240 1034.1
1330250 1028.8
1330260 1028.8
1330270 1026.7
1330280 1025.1
1330290 1025.1
1330300 1022.9
1330310 1022.7
1330320 1023.9
1330330 1023.9
1330340 1024.2
1330350 1025.5
1330360 1025.5
1330370 1026.5
1330380 1028.6
1330390 1028.6
1330400 1029.4
1330410 1030.8
1330420 1030.8
1330430 1034.4
1330440 1039.7
1330450 1039.7
1330460 1041.8
1330470 1042.2
1330480 1042.2
1330490 1044.1
1330500 1047.0
1330510 1047.0
1330520 1050.0
1330530 1052.6
1330540 1052.6
1330550 1055.5
1330560 1058.8
1330570 1058.8
1330580 1061.6
1330590 1064.1
1330600 1064.1
1330610 1066.4
1330620 1069.0
1330630 1069.0
1330640 1071.4
1330650 1073.4
1330660 1073.4
1330670 1075.0
1330680 1077.0
1330690 1077.0
1330700 1079.2
1330710 1081.8
1330720 1084.0
1330730 1084.0
1330740 1085.8
1330750 1087.1
1330760 1087.1
1330770 1087.7
1330780 1090.1
1330790 1090.1
1330800 1090.2
1330810 1090.9
1330820 1090.9
1330830 1088.3
1330840 1087.0
1330850 1087.0
1330860 1090.5
1330870 1092.9
1330880 1092.9
1330890 1092.2
1330900 1091.1
1330910 1091.1
1330920 1091.5
1330930 1091.4
1330940 1091.4
1330950 1090.5
1330960 1089.1
1330970 1089.1
1330980 1088.1
1330990 1087.2
1331000 1087.2
1331010 1088.5
1331020 1094.5
1331030 1094.5
1331040 1099.6
1331050 1102.2
1331060 1102.2
1331070 1104.1
1331080 1106.7
1331090 1106.7
1331100 1109.3
1331110 1111.6
1331120 1113.9
1331130 1113.9
1331140 1116.2
1331150 1117.9
1331160 1117.9
1331170 1118.6
1331180 1118.6
1331190 1118.6
1331200 1118.6
1331210 1118.4
1331220 1118.4
1331230 1118.6
1331240 1118.5
1331250 1118.5
1331260 1115.3
1331270 1109.8
1331280 1109.8
1331290 1105.0
1331300 1100.9
1331310 1100.9
1331320 1096.1
1331330 1096.5
1331340 1096.5
1331350 1098.6
1331360 1099.6
1331370 1099.6
1331380 1099.9
1331390 1100.3
1331400 1100.3
1331410 1100.4
1331420 1100.1
1331430 1100.1
1331440 1100.4
1331450 1099.5
1331460 1099.5
1331470 1099.5
1331480 1098.6
1331490 1098.6
1331500 1098.2
1331510 1102.2
1331520 1106.2
1331530 1106.2
1331540 1110.7
1331550 1117.2
1331560 1117.2
1331570 1120.7
1331580 1124.9
1331590 1124.9
1331600 1126.9
1331610 1137.2
1331620 1137.2
1331630 1138.9
1331640 1140.2
1331650 1140.2
1331660 1143.0
1331670 1147.3
1331680 1147.3
1331690 1154.3
1331700 1161.2
1331710 1161.2
1331720 1167.5
1331730 1175.6
1331740 1175.6
1331750 1183.2
1331760 1191.0
1331770 1191.0
1331780 1198.3
1331790 1203.9
1331800 1203.9
1331810 1205.8
1331820 1208.5
1331830 1208.5
1331840 1214.2
1331850 1218.9
1331860 1218.9
1331870 1222.7
1331880 1225.4
1331890 1225.4
1331900 1228.3
1331910 1229.9
1331920 1230.7
1331930 1230.7
1331940 1230.3
1331950 1230.8
1331960 1230.8
1331970 1232.9
1331980 1236.0
1331990 1236.0
1332000 1238.5
1332010 1238.3
1332020 1238.3
1332030 1235.8
1332040 1230.5
1332050 1230.5
1332060 1224.3
1332070 1218.3
1332080 1218.3
1332090 1212.5
1332100 1206.5
1332110 1206.5
1332120 1200.9
1332130 1195.4
1332140 1195.4
1332150 1189.6
1332160 1184.2
1332170 1184.2
1332180 1180.2
1332190 1178.1
1332200 1178.1
1332210 1179.0
1332220 1181.7
1332230 1181.7
1332240 1184.8
1332250 1188.2
1332260 1188.2
1332270 1191.4
1332280 1194.3
1332290 1194.3
1332300 1196.9
1332310 1199.9
1332320 1203.5
1332330 1203.5
1332340 1207.1
1332350 1210.6
1332360 1210.6
1332370 1213.8
1332380 1216.5
1332390 1216.5
1332400 1218.3
1332410 1219.2
1332420 1219.2
1332430 1220.3
1332440 1220.5
1332450 1221.5
1332460 1215.5
1332470 1209.3
1332480 1209.3
1332490 1202.8
1332500 1196.1
1332510 1196.1
1332520 1189.7
1332530 1183.1
1332540 1183.1
1332550 1176.6
1332560 1170.4
1332570 1170.4
1332580 1164.2
1332590 1158.3
1332600 1158.3
1332610 1152.5
1332620 1146.6
1332630 1146.6
1332640 1140.1
1332650 1134.9
1332660 1134.9
1332670 1133.4
1332680 1140.5
1332690 1140.5
1332700 1147.6
1332710 1153.4
1332720 1159.8
1332730 1159.8
1332740 1166.2
1332750 1172.7
1332760 1172.7
1332770 1179.4
1332780 1185.5
1332790 1185.5
1332800 1191.3
1332810 1198.0
1332820 1198.0
1332830 1206.2
1332840 1214.4
1332850 1214.4
1332860 1224.0
1332870 1234.3
1332880 1234.3
1332890 1244.4
1332900 1250.6
1332910 1250.6
1332920 1258.5
1332930 1272.5
1332940 1272.5
1332950 1287.0
1332960 1308.8
1332970 1308.8
1332980 1325.9
1332990 1331.9
1333000 1331.9
1333010 1338.0
1333020 1349.6
1333030 1349.6
1333040 1357.3
1333050 1363.6
1333060 1363.6
1333070 1369.7
1333080 1375.3
1333090 1375.3
1333100 1380.4
1333110 1385.1
1333120 1391.2
1333130 1391.2
1333140 1394.4
1333150 1394.9
1333160 1394.9
1333170 1395.2
1333180 1394.9
1333190 1394.9
1333200 1394.2
1333210 1392.4
1333220 1392.4
1333230 1386.1
1333240 1375.6
1333250 1375.6
1333260 1366.1
1333270 1358.4
1333280 1358.4
1333290 1351.3
1333300 1348.7
1333310 1348.7
1333320 1343.0
1333330 1338.1
1333340 1338.1
1333350 1333.1
1333360 1327.8
1333370 1327.8
1333380 1324.0
1333390 1319.1
1333400 1319.1
1333410 1314.2
1333420 1308.7
1333430 1308.7
1333440 1302.6
1333450 1295.0
1333460 1295.0
1333470 1288.9
1333480 1283.7
1333490 1283.7
1333500 1280.5
1333510 1279.6
1333520 1276.8
1333530 1276.8
1333540 1272.2
1333550 1266.4
1333560 1266.4
1333570 1259.7
1333580 1252.7
1333590 1252.7
1333600 1244.2
1333610 1235.9
1333620 1235.9
1333630 1228.8
1333640 1221.4
1333650 1221.4
1333660 1210.3
1333670 1204.4
1333680 1204.4
1333690 1206.2
1333700 1210.8
1333710 1210.8
1333720 1216.2
1333730 1220.7
1333740 1220.7
1333750 1224.2
1333760 1227.7
1333770 1227.7
1333780 1230.8
1333790 1233.2
1333800 1233.2
1333810 1234.6
1333820 1235.3
1333830 1235.3
1333840 1233.5
1333850 1230.0
1333860 1230.0
1333870 1230.4
1333880 1235.6
1333890 1235.6
1333900 1238.9
1333910 1240.8
1333920 1241.4
1333930 1241.4
1333940 1240.8
1333950 1239.3
1333960 1239.3
1333970 1237.7
1333980 1235.6
1333990 1235.6
1334000 1232.6
1334010 1228.4
1334020 1228.4
1334030 1223.9
1334040 1221.1
1334050 1221.1
1334060 1221.5
1334070 1221.0
1334080 1221.0
1334090 1219.0
1334100 1218.8
1334110 1218.8
1334120 1218.5
1334130 1217.9
1334140 1217.9
1334150 1222.8
1334160 1222.6
1334170 1222.6
1334180 1221.8
1334190 1221.4
1334200 1221.4
1334210 1221.1
1334220 1220.5
1334230 1220.5
1334240 1219.7
1334250 1218.6
1334260 1218.6
1334270 1217.1
1334280 1215.0
1334290 1215.0
1334300 1212.7
1334310 1209.8
1334320 1206.0
1334330 1206.0
1334340 1201.6
1334350 1197.2
1334360 1197.2
1334370 1192.7
1334380 1187.0
1334390 1187.0
1334400 1179.9
1334410 1173.6
1334420 1173.6
1334430 1167.7
1334440 1161.6
1334450 1161.6
1334460 1155.2
1334470 1148.9
1334480 1148.9
1334490 1142.8
1334500 1137.0
1334510 1137.0
1334520 1130.7
1334530 1124.4
1334540 1124.4
1334550 1118.1
1334560 1111.7
1334570 1111.7
1334580 1105.1
1334590 1097.8
1334600 1097.8
1334610 1089.3
1334620 1082.4
1334630 1082.4
1334640 1076.7
1334650 1071.5
1334660 1071.5
1334670 1066.9
1334680 1061.7
1334690 1061.7
1334700 1056.5
1334710 1051.8
1334720 1047.0
1334730 1047.0
1334740 1042.4
1334750 1036.9
1334760 1036.9
1334770 1032.8
1334780 1030.7
1334790 1030.7
1334800 1030.1
1334810 1027.9
1334820 1027.9
1334830 1019.0
1334840 1019.7
1334850 1019.7
1334860 1037.4
1334870 1047.2
1334880 1047.2
1334890 1053.9
1334900 1060.3
1334910 1060.3
1334920 1066.5
1334930 1071.7
1334940 1071.7
1334950 1075.1
1334960 1077.5
1334970 1077.5
1334980 1079.5
1334990 1081.1
1335000 1082.9
1335010 1084.7
1335020 1086.9
1335030 1086.9
1335040 1088.7
1335050 1090.2
1335060 1090.2
1335070 1091.4
1335080 1092.9
1335090 1092.9
1335100 1094.1
1335110 1094.6
1335120 1094.4
1335130 1094.4
1335140 1093.7
1335150 1092.3
1335160 1092.3
1335170 1090.8
1335180 1089.4
1335190 1089.4
1335200 1087.9
1335210 1084.8
1335220 1084.8
1335230 1083.5
1335240 1084.8
1335250 1084.8
1335260 1084.5
1335270 1083.5
1335280 1083.5
1335290 1082.4
1335300 1081.0
1335310 1081.0
1335320 1078.9
1335330 1076.1
1335340 1076.1
1335350 1072.8
1335360 1069.1
1335370 1069.1
1335380 1064.0
1335390 1057.5
1335400 1057.5
1335410 1051.1
1335420 1046.3
1335430 1046.3
1335440 1043.1
1335450 1038.8
1335460 1038.8
1335470 1032.2
1335480 1026.7
1335490 1026.7
1335500 1026.7
1335510 1032.2
1335520 1038.1
1335530 1038.1
1335540 1044.1
1335550 1049.5
1335560 1049.5
1335570 1051.5
1335580 1053.5
1335590 1053.5
1335600 1054.7
1335610 1054.4
1335620 1054.4
1335630 1052.5
1335640 1050.6
1335650 1050.6
1335660 1045.2
1335670 1045.1
1335680 1045.1
1335690 1050.5
1335700 1054.6
1335710 1054.6
1335720 1058.7
1335730 1063.0
1335740 1063.0
1335750 1067.1
1335760 1070.4
1335770 1070.4
1335780 1070.3
1335790 1066.8
1335800 1066.8
1335810 1064.2
1335820 1063.1
1335830 1063.1
1335840 1062.9
1335850 1064.5
1335860 1068.0
1335870 1069.4
1335880 1070.4
1335890 1070.4
1335900 1072.6
1335910 1077.4
1335920 1080.5
1335930 1080.5
1335940 1080.1
1335950 1078.0
1335960 1078.0
1335970 1077.0
1335980 1077.5
1335990 1077.5
1336000 1080.5
1336010 1085.2
1336020 1085.2
1336030 1090.7
1336040 1096.8
1336050 1096.8
1336060 1103.3
1336070 1109.6
1336080 1109.6
1336090 1115.9
1336100 1122.3
1336110 1122.3
1336120 1129.0
1336130 1135.5
1336140 1135.5
1336150 1141.7
1336160 1147.7
1336170 1147.7
1336180 1153.6
1336190 1159.6
1336200 1159.6
1336210 1164.6
1336220 1167.6
1336230 1167.6
1336240 1170.1
1336250 1172.2
1336260 1172.2
1336270 1173.7
1336280 1174.6
1336290 1174.6
1336300 1174.5
1336310 1173.4
1336320 1172.3
1336330 1172.3
1336340 1172.9
1336350 1175.1
1336360 1175.1
1336370 1177.3
1336380 1179.1
1336390 1179.1
1336400 1181.2
1336410 1183.5
1336420 1183.5
1336430 1185.8
1336440 1187.9
1336450 1187.9
1336460 1189.7
1336470 1190.7
1336480 1190.7
1336490 1192.8
1336500 1197.1
1336510 1197.1
1336520 1202.0
1336530 1204.9
1336540 1204.9
1336550 1204.5
1336560 1203.0
1336570 1203.0
1336580 1198.8
1336590 1195.0
1336600 1195.0
1336610 1192.9
1336620 1191.2
1336630 1191.2
1336640 1189.6
1336650 1187.9
1336660 1187.9
1336670 1186.5
1336680 1185.1
1336690 1185.1
1336700 1183.0
1336710 1180.2
1336720 1177.1
1336730 1178.8
1336740 1175.5
1336750 1171.5
1336760 1171.5
1336770 1167.7
1336780 1163.5
1336790 1163.5
1336800 1159.7
1336810 1157.1
1336820 1157.1
1336830 1155.4
1336840 1155.0
1336850 1155.0
1336860 1155.5
1336870 1156.4
1336880 1156.4
1336890 1156.6
1336900 1154.3
1336910 1154.3
1336920 1150.3
1336930 1144.9
1336940 1144.9
1336950 1137.5
1336960 1129.5
1336970 1129.5
1336980 1121.9
1336990 1114.9
1337000 1114.9
1337010 1107.9
1337020 1100.4
1337030 1100.4
1337040 1092.9
1337050 1085.7
1337060 1085.7
1337070 1077.9
1337080 1068.4
1337090 1068.4
1337100 1060.0
1337110 1052.5
1337120 1044.8
1337130 1044.8
1337140 1036.7
1337150 1029.0
1337160 1029.0
1337170 1021.5
1337180 1015.3
1337190 1015.3
1337200 1009.3
1337210 1002.9
1337220 1002.9
1337230 996.9
1337240 991.0
1337250 991.0
1337260 985.2
1337270 979.9
1337280 979.9
1337290 974.8
1337300 969.3
1337310 969.3
1337320 963.5
1337330 957.4
1337340 957.4
1337350 951.5
1337360 945.8
1337370 945.8
1337380 940.1
1337390 935.0
1337400 935.0
1337410 930.6
1337420 926.4
1337430 926.4
1337440 922.2
1337450 916.5
1337460 916.5
1337470 909.8
1337480 903.2
1337490 903.2
1337500 896.6
1337510 890.2
1337520 884.2
1337530 884.2
1337540 878.4
1337550 872.8
1337560 872.8
1337570 867.9
1337580 863.2
1337590 863.2
1337600 856.4
1337610 852.5
1337620 852.5
1337630 847.9
1337640 845.7
1337650 845.7
1337660 845.7
1337670 845.8
1337680 845.8
1337690 845.9
1337700 845.9
1337710 845.9
1337720 846.2
1337730 846.6
1337740 846.6
1337750 846.4
1337760 846.4
1337770 846.4
1337780 846.6
1337790 846.4
1337800 846.4
1337810 846.6
1337820 846.9
1337830 846.9
1337840 847.2
1337850 847.2
1337860 847.2
1337870 847.3
1337880 847.4
1337890 847.4
1337900 847.3
1337910 847.4
1337920 847.9
1337930 847.9
1337940 848.8
1337950 849.8
1337960 849.8
1337970 849.9
1337980 848.1
1337990 848.1
1338000 848.6
1338010 848.1
1338020 848.1
1338030 847.1
1338040 846.5
1338050 846.5
1338060 846.2
1338070 845.9
1338080 845.9
1338090 845.6
1338100 845.3
1338110 845.3
1338120 844.9
1338130 844.8
1338140 844.8
1338150 844.6
1338160 844.2
1338170 844.2
1338180 845.2
1338190 847.9
1338200 847.9
1338210 851.0
1338220 854.3
1338230 854.3
1338240 857.6
1338250 860.8
1338260 860.8
1338270 864.1
1338280 867.3
1338290 867.3
1338300 870.8
1338310 875.0
1338320 879.3
1338330 879.3
1338340 884.0
1338350 888.2
1338360 888.2
1338370 891.9
1338380 896.0
1338390 896.0
1338400 898.8
1338410 901.2
1338420 901.2
1338430 907.7
1338440 915.7
1338450 915.7
1338460 923.8
1338470 930.9
1338480 930.9
1338490 938.7
1338500 946.4
1338510 946.4
1338520 953.5
1338530 960.2
1338540 960.2
1338550 967.0
1338560 974.0
1338570 974.0
1338580 981.5
1338590 989.4
1338600 989.4
1338610 997.4
1338620 1005.1
1338630 1005.1
1338640 1011.9
1338650 1016.4
1338660 1016.4
1338670 1019.0
1338680 1023.4
1338690 1023.4
1338700 1028.8
1338710 1034.9
1338720 1040.5
1338730 1040.5
1338740 1048.3
1338750 1055.6
1338760 1055.6
1338770 1062.4
1338780 1069.9
1338790 1069.9
1338800 1078.5
1338810 1088.9
1338820 1088.9
1338830 1099.4
1338840 1110.3
1338850 1110.3
1338860 1120.9
1338870 1128.2
1338880 1128.2
1338890 1135.8
1338900 1142.5
1338910 1142.5
1338920 1148.4
1338930 1153.4
1338940 1153.4
1338950 1159.2
1338960 1165.6
1338970 1165.6
1338980 1172.4
1338990 1179.3
1339000 1179.3
1339010 1186.2
1339020 1192.9
1339030 1192.9
1339040 1199.4
1339050 1206.1
1339060 1206.1
1339070 1213.6
1339080 1222.2
1339090 1222.2
1339100 1233.5
1339110 1243.7
1339120 1252.5
1339130 1252.5
1339140 1259.9
1339150 1272.2
1339160 1272.2
1339170 1282.7
1339180 1289.5
1339190 1289.5
1339200 1295.2
1339210 1301.0
1339220 1301.0
1339230 1304.9
1339240 1305.9
1339250 1305.9
1339260 1307.2
1339270 1307.8
1339280 1307.8
1339290 1306.5
1339300 1306.6
1339310 1306.6
1339320 1306.7
1339330 1305.0
1339340 1305.0
1339350 1300.5
1339360 1296.9
1339370 1296.9
1339380 1292.7
1339390 1287.8
1339400 1287.8
1339410 1282.8
1339420 1278.0
1339430 1278.0
1339440 1273.5
1339450 1268.9
1339460 1268.9
1339470 1264.1
1339480 1259.6
1339490 1259.6
1339500 1255.9
1339510 1253.2
1339520 1250.2
1339530 1250.2
1339540 1245.7
1339550 1240.2
1339560 1240.2
1339570 1234.5
1339580 1228.4
1339590 1228.4
1339600 1222.4
1339610 1217.1
1339620 1217.1
1339630 1213.1
1339640 1209.2
1339650 1209.2
1339660 1204.4
1339670 1199.3
1339680 1199.3
1339690 1194.1
1339700 1189.4
1339710 1189.4
1339720 1184.8
1339730 1180.1
1339740 1180.1
1339750 1175.2
1339760 1170.7
1339770 1170.7
1339780 1166.2
1339790 1161.7
1339800 1161.7
1339810 1157.6
1339820 1154.5
1339830 1154.5
1339840 1152.8
1339850 1153.7
1339860 1153.7
1339870 1156.9
1339880 1158.2
1339890 1161.1
1339900 1161.1
1339910 1165.1
1339920 1169.2
1339930 1169.2
1339940 1172.6
1339950 1175.4
1339960 1175.4
1339970 1177.4
1339980 1179.9
1339990 1179.9
