1323530 976.4
1323540 973.8
1323550 973.8
1323560 970.4
1323570 966.6
1323580 966.6
1323590 963.8
1323600 960.2
1323610 960.2
1323620 956.3
1323630 951.4
1323640 951.4
1323650 946.2
1323660 940.9
1323670 940.9
1323680 934.7
1323690 928.5
1323700 928.5
1323710 921.7
1323720 913.7
1323730 913.7
1323740 905.0
1323750 895.6
1323760 895.6
1323770 887.1
1323780 881.2
1323790 881.2
1323800 873.7
1323810 866.6
1323820 863.2
1323830 863.2
1323840 860.2
1323850 855.8
1323860 855.8
1323870 854.6
1323880 855.9
1323890 855.9
1323900 860.3
1323910 868.9
1323920 868.9
1323930 876.3
1323940 884.2
1323950 884.2
1323960 888.9
1323970 892.5
1323980 892.5
1323990 895.1
1324000 897.5
1324010 897.5
1324020 900.7
1324030 905.5
1324040 905.5
1324050 910.3
1324060 913.3
1324070 913.3
1324080 914.4
1324090 915.0
1324100 915.0
1324110 915.8
1324120 917.4
1324130 917.4
1324140 918.6
1324150 919.9
1324160 919.9
1324170 921.1
1324180 922.3
1324190 922.3
1324200 923.8
1324210 925.8
1324220 928.0
1324230 928.0
1324240 930.3
1324250 932.5
1324260 932.5
1324270 934.3
1324280 935.9
1324290 935.9
1324300 937.9
1324310 940.5
1324320 940.5
1324330 943.4
1324340 947.1
1324350 947.1
1324360 951.7
1324370 956.9
1324380 956.9
1324390 962.8
1324400 968.7
1324410 968.7
1324420 973.7
1324430 978.5
1324440 978.5
1324450 982.3
1324460 986.1
1324470 986.1
1324480 989.3
1324490 992.1
1324500 992.1
1324510 995.1
1324520 998.5
1324530 998.5
1324540 1001.8
1324550 1004.4
1324560 1004.4
1324570 1006.7
1324580 1009.4
1324590 1009.4
1324600 1011.5
1324610 1014.2
1324620 1017.8
1324630 1017.8
1324640 1022.5
1324650 1027.6
1324660 1027.6
1324670 1032.2
1324680 1034.9
1324690 1034.9
1324700 1036.8
1324710 1039.1
1324720 1039.1
1324730 1042.0
1324740 1044.9
1324750 1044.9
1324760 1046.3
1324770 1047.2
1324780 1047.2
1324790 1049.9
1324800 1054.4
1324810 1054.4
1324820 1058.7
1324830 1060.5
1324840 1060.5
1324850 1061.6
1324860 1063.0
1324870 1063.0
1324880 1065.2
1324890 1068.9
1324900 1068.9
1324910 1073.6
1324920 1078.8
1324930 1078.8
1324940 1083.9
1324950 1088.1
1324960 1088.1
1324970 1091.9
1324980 1095.1
1324990 1095.1
1325000 1097.2
1325010 1099.4
1325020 1101.7
1325030 1101.7
1325040 1103.7
1325050 1105.6
1325060 1105.6
1325070 1107.4
1325080 1108.2
1325090 1108.2
1325100 1108.2
1325110 1108.3
1325120 1108.3
1325130 1108.7
1325140 1108.9
1325150 1108.9
1325160 1108.8
1325170 1108.0
1325180 1108.0
1325190 1105.7
1325200 1101.4
1325210 1101.4
1325220 1091.3
1325230 1085.8
1325240 1085.8
1325250 1080.6
1325260 1077.5
1325270 1077.5
1325280 1076.0
1325290 1075.6
1325300 1075.6
1325310 1075.3
1325320 1073.6
1325330 1073.6
1325340 1071.3
1325350 1068.8
1325360 1068.8
1325370 1065.4
1325380 1061.3
1325390 1061.3
1325400 1056.6
1325410 1052.2
1325420 1048.6
1325430 1048.6
1325440 1045.1
1325450 1041.9
1325460 1041.9
1325470 1038.2
1325480 1034.4
1325490 1034.4
1325500 1030.9
1325510 1027.3
1325520 1027.3
1325530 1023.6
1325540 1019.8
1325550 1019.8
1325560 1016.0
1325570 1012.3
1325580 1012.3
1325590 1009.0
1325600 1006.2
1325610 1006.2
1325620 1004.9
1325630 1004.2
1325640 1004.2
1325650 1004.2
1325660 1004.1
1325670 1004.1
1325680 1003.0
1325690 1001.5
1325700 1001.5
1325710 999.8
1325720 997.6
1325730 997.6
1325740 996.2
1325750 995.6
1325760 995.6
1325770 995.2
1325780 995.3
1325790 995.3
1325800 995.4
1325810 995.7
1325820 996.1
1325830 996.1
1325840 996.3
1325850 996.7
1325860 996.7
1325870 996.6
1325880 996.5
1325890 996.5
1325900 996.8
1325910 996.9
1325920 996.9
1325930 996.9
1325940 997.2
1325950 997.2
1325960 997.4
1325970 997.9
1325980 997.9
1325990 998.8
1326000 998.9
1326010 998.9
1326020 998.6
1326030 1000.3
1326040 1000.3
1326050 1004.1
1326060 1009.0
1326070 1009.0
1326080 1013.7
1326090 1017.5
1326100 1017.5
1326110 1021.2
1326120 1024.8
1326130 1024.8
1326140 1027.8
1326150 1030.2
1326160 1030.2
1326170 1032.7
1326180 1035.2
1326190 1035.2
1326200 1037.3
1326210 1039.2
1326220 1040.8
1326230 1040.8
1326240 1042.2
1326250 1043.0
1326260 1043.0
1326270 1043.5
1326280 1043.8
1326290 1043.8
1326300 1043.5
1326310 1043.1
1326320 1043.1
1326330 1044.3
1326340 1046.7
1326350 1046.7
1326360 1046.1
1326370 1043.3
1326380 1043.3
1326390 1040.2
1326400 1038.3
1326410 1038.3
1326420 1037.8
1326430 1038.7
1326440 1038.7
1326450 1040.4
1326460 1040.8
1326470 1040.8
1326480 1042.9
1326490 1045.0
1326500 1045.0
1326510 1048.7
1326520 1055.1
1326530 1055.1
1326540 1061.8
1326550 1068.7
1326560 1068.7
1326570 1075.1
1326580 1079.7
1326590 1079.7
1326600 1083.0
1326610 1085.4
1326620 1087.0
1326630 1087.0
1326640 1087.7
1326650 1087.7
1326660 1087.7
1326670 1087.4
1326680 1086.8
1326690 1086.8
1326700 1086.8
1326710 1087.5
1326720 1087.5
1326730 1089.3
1326740 1091.3
1326750 1091.3
1326760 1093.5
1326770 1097.7
1326780 1097.7
1326790 1100.4
1326800 1103.4
1326810 1103.4
1326820 1105.0
1326830 1105.1
1326840 1106.9
1326850 1107.0
1326860 1109.8
1326870 1109.8
1326880 1112.4
1326890 1111.7
1326900 1111.7
1326910 1111.5
1326920 1111.5
1326930 1111.5
1326940 1112.9
1326950 1116.1
1326960 1116.1
1326970 1118.1
1326980 1119.5
1326990 1119.5
1327000 1120.8
1327010 1121.7
1327020 1123.1
1327030 1123.1
1327040 1124.7
1327050 1126.3
1327060 1126.3
1327070 1127.9
1327080 1129.8
1327090 1129.8
1327100 1134.0
1327110 1140.2
1327120 1140.2
1327130 1146.6
1327140 1153.0
1327150 1153.0
1327160 1159.1
1327170 1165.0
1327180 1165.0
1327190 1170.9
1327200 1176.6
1327210 1176.6
1327220 1182.1
1327230 1186.7
1327240 1186.7
1327250 1190.5
1327260 1196.7
1327270 1196.7
1327280 1204.0
1327290 1211.2
1327300 1211.2
1327310 1218.5
1327320 1222.5
1327330 1222.5
1327340 1226.3
1327350 1235.0
1327360 1235.0
1327370 1244.9
1327380 1258.7
1327390 1258.7
1327400 1269.6
1327410 1275.6
1327420 1281.0
1327430 1281.0
1327440 1285.0
1327450 1286.0
1327460 1286.0
1327470 1290.1
1327480 1295.5
1327490 1295.5
1327500 1299.3
1327510 1304.3
1327520 1304.3
1327530 1310.9
1327540 1318.3
1327550 1318.3
1327560 1325.6
1327570 1332.0
1327580 1332.0
1327590 1339.2
1327600 1347.4
1327610 1347.4
1327620 1355.4
1327630 1363.9
1327640 1363.9
1327650 1364.6
1327660 1373.8
1327670 1373.8
1327680 1382.1
1327690 1389.4
1327700 1389.4
1327710 1395.9
1327720 1402.4
1327730 1402.4
1327740 1408.3
1327750 1414.5
1327760 1414.5
1327770 1421.4
1327780 1429.3
1327790 1429.3
1327800 1438.0
1327810 1446.2
1327820 1453.2
1327830 1453.2
1327840 1459.9
1327850 1464.9
1327860 1464.9
1327870 1467.3
1327880 1469.8
1327890 1469.8
1327900 1474.4
1327910 1481.9
1327920 1481.9
1327930 1492.0
1327940 1501.2
1327950 1501.2
1327960 1508.8
1327970 1516.2
1327980 1516.2
1327990 1522.6
1328000 1529.0
1328010 1529.0
1328020 1533.9
1328030 1539.2
1328040 1539.2
1328050 1544.8
1328060 1551.0
1328070 1551.0
1328080 1558.2
1328090 1565.5
1328100 1565.5
1328110 1572.6
1328120 1580.5
1328130 1580.5
1328140 1588.6
1328150 1596.7
1328160 1596.7
1328170 1604.7
1328180 1612.7
1328190 1612.7
1328200 1620.0
1328210 1627.1
1328220 1633.7
1328230 1633.7
1328240 1639.8
1328250 1645.6
1328260 1645.6
1328270 1651.9
1328280 1658.0
1328290 1658.0
1328300 1664.2
1328310 1670.3
1328320 1670.3
1328330 1676.4
1328340 1682.5
1328350 1682.5
1328360 1688.5
1328370 1694.7
1328380 1694.7
1328390 1700.6
1328400 1706.4
1328410 1706.4
1328420 1711.6
1328430 1713.7
1328440 1713.7
1328450 1710.3
1328460 1705.6
1328470 1701.8
1328480 1696.5
1328490 1693.7
1328500 1693.7
1328510 1690.1
1328520 1682.8
1328530 1682.8
1328540 1679.0
1328550 1673.0
1328560 1673.0
1328570 1664.5
1328580 1656.6
1328590 1656.6
1328600 1641.5
1328610 1624.8
1328620 1614.0
1328630 1614.0
1328640 1606.9
1328650 1596.7
1328660 1596.7
1328670 1572.1
1328680 1562.8
1328690 1562.8
1328700 1560.3
1328710 1565.1
1328720 1565.1
1328730 1570.3
1328740 1569.0
1328750 1569.0
1328760 1568.0
1328770 1564.9
1328780 1564.9
1328790 1558.9
1328800 1552.3
1328810 1552.3
1328820 1535.8
1328830 1520.9
1328840 1520.9
1328850 1525.9
1328860 1528.9
1328870 1528.9
1328880 1523.1
1328890 1519.8
1328900 1519.8
1328910 1510.2
1328920 1499.7
1328930 1499.7
1328940 1498.4
1328950 1493.5
1328960 1493.5
1328970 1486.6
1328980 1480.9
1328990 1480.9
1329000 1472.5
1329010 1465.6
1329020 1465.1
1329030 1465.1
1329040 1456.8
1329050 1443.2
1329060 1443.2
1329070 1443.6
1329080 1450.1
1329090 1450.1
1329100 1442.9
1329110 1433.6
1329120 1433.6
1329130 1427.7
1329140 1427.5
1329150 1427.5
1329160 1426.7
1329170 1422.5
1329180 1422.5
1329190 1419.2
1329200 1416.4
1329210 1416.4
1329220 1412.4
1329230 1407.8
1329240 1407.8
1329250 1401.6
1329260 1394.2
1329270 1394.2
1329280 1386.9
1329290 1376.4
1329300 1376.4
1329310 1369.8
1329320 1363.7
1329330 1363.7
1329340 1358.2
1329350 1352.7
1329360 1352.7
1329370 1347.1
1329380 1341.8
1329390 1341.8
1329400 1336.9
1329410 1331.9
1329420 1326.8
1329430 1326.8
1329440 1321.7
1329450 1316.8
1329460 1316.8
1329470 1311.6
1329480 1306.1
1329490 1306.1
1329500 1300.0
1329510 1293.7
1329520 1293.7
1329530 1286.9
1329540 1280.1
1329550 1280.1
1329560 1273.4
1329570 1267.0
1329580 1267.0
1329590 1261.0
1329600 1254.9
1329610 1254.9
1329620 1248.6
1329630 1242.6
1329640 1242.6
1329650 1237.3
1329660 1231.5
1329670 1231.5
1329680 1225.9
1329690 1220.7
1329700 1220.7
1329710 1216.2
1329720 1212.1
1329730 1212.1
1329740 1206.3
1329750 1200.0
1329760 1200.0
1329770 1193.3
1329780 1187.0
1329790 1187.0
1329800 1181.0
1329810 1175.0
1329820 1168.9
1329830 1168.9
1329840 1162.9
1329850 1157.1
1329860 1157.1
1329870 1151.6
1329880 1145.9
1329890 1145.9
1329900 1140.5
1329910 1135.2
1329920 1135.2
1329930 1130.0
1329940 1125.1
1329950 1125.1
1329960 1120.0
1329970 1114.8
1329980 1114.8
1329990 1109.2
1330000 1102.6
1330010 1102.6
1330020 1095.3
1330030 1088.2
1330040 1088.2
1330050 1081.7
1330060 1076.5
1330070 1076.5
1330080 1072.6
1330090 1068.5
1330100 1068.5
1330110 1064.3
1330120 1060.5
1330130 1060.5
1330140 1060.0
1330150 1059.4
1330160 1059.4
1330170 1057.9
1330180 1055.4
1330190 1055.4
1330200 1053.6
1330210 1052.8
1330220 1054.1
1330230 1054.1
1330240 1054.7
1330250 1052.6
1330260 1052.6
1330270 1050.7
1330280 1048.0
1330290 1048.0
1330300 1043.6
1330310 1042.9
1330320 1042.9
1330330 1050.8
1330340 1058.1
1330350 1058.1
1330360 1064.1
1330370 1070.8
1330380 1070.8
1330390 1077.8
1330400 1084.1
1330410 1084.1
1330420 1088.3
1330430 1086.5
1330440 1086.5
1330450 1085.5
1330460 1088.5
1330470 1088.5
1330480 1091.8
1330490 1094.9
1330500 1094.9
1330510 1097.8
1330520 1101.7
1330530 1101.7
1330540 1105.0
1330550 1107.6
1330560 1107.6
1330570 1110.4
1330580 1114.1
1330590 1114.1
1330600 1117.1
1330610 1118.7
1330620 1120.4
1330630 1120.4
1330640 1124.4
1330650 1129.3
1330660 1129.3
1330670 1131.2
1330680 1126.4
1330690 1126.4
1330700 1120.6
1330710 1115.6
1330720 1115.6
1330730 1114.3
1330740 1114.4
1330750 1114.4
1330760 1115.9
1330770 1117.9
1330780 1117.9
1330790 1119.2
1330800 1115.9
1330810 1115.9
1330820 1110.2
1330830 1108.4
1330840 1108.4
1330850 1108.1
1330860 1109.0
1330870 1109.0
1330880 1112.7
1330890 1114.1
1330900 1114.1
1330910 1114.0
1330920 1114.6
1330930 1114.6
1330940 1118.0
1330950 1119.6
1330960 1119.6
1330970 1119.0
1330980 1118.4
1330990 1118.2
1331000 1118.2
1331010 1122.7
1331020 1129.4
1331030 1129.4
1331040 1136.4
1331050 1143.4
1331060 1143.4
1331070 1150.5
1331080 1157.5
1331090 1157.5
1331100 1163.3
1331110 1166.2
1331120 1166.2
1331130 1166.3
1331140 1167.0
1331150 1167.0
1331160 1168.4
1331170 1169.9
1331180 1169.9
1331190 1170.8
1331200 1170.7
1331210 1170.7
1331220 1170.4
1331230 1169.9
1331240 1169.9
1331250 1169.6
1331260 1169.3
1331270 1169.3
1331280 1168.7
1331290 1167.1
1331300 1167.1
1331310 1164.9
1331320 1162.0
1331330 1162.0
1331340 1160.8
1331350 1157.3
1331360 1157.3
1331370 1156.6
1331380 1155.5
1331390 1155.0
1331400 1155.0
1331410 1155.2
1331420 1154.9
1331430 1154.9
1331440 1156.5
1331450 1161.2
1331460 1161.2
1331470 1166.7
1331480 1172.3
1331490 1172.3
1331500 1177.8
1331510 1183.9
1331520 1183.9
1331530 1190.4
1331540 1197.7
1331550 1197.7
1331560 1202.8
1331570 1208.9
1331580 1208.9
1331590 1215.9
1331600 1221.0
1331610 1221.0
1331620 1226.1
1331630 1230.2
1331640 1230.2
1331650 1235.1
1331660 1240.1
1331670 1240.1
1331680 1244.7
1331690 1249.1
1331700 1249.1
1331710 1253.2
1331720 1257.4
1331730 1257.4
1331740 1261.6
1331750 1265.6
1331760 1265.6
1331770 1269.3
1331780 1272.5
1331790 1281.5
1331800 1281.5
1331810 1284.5
1331820 1287.0
1331830 1287.0
1331840 1288.8
1331850 1290.1
1331860 1290.1
1331870 1290.3
1331880 1289.3
1331890 1289.3
1331900 1286.9
1331910 1281.3
1331920 1281.3
1331930 1275.0
1331940 1269.8
1331950 1269.8
1331960 1264.7
1331970 1259.4
1331980 1259.4
1331990 1254.2
1332000 1249.2
1332010 1249.2
1332020 1244.0
1332030 1240.8
1332040 1240.8
1332050 1240.3
1332060 1236.0
1332070 1236.0
1332080 1229.0
1332090 1224.2
1332100 1224.2
1332110 1227.7
1332120 1232.5
1332130 1232.5
1332140 1238.0
1332150 1242.2
1332160 1242.2
1332170 1245.9
1332180 1249.3
1332190 1251.9
1332200 1251.9
1332210 1254.2
1332220 1256.6
1332230 1256.6
1332240 1259.5
1332250 1262.7
1332260 1262.7
1332270 1265.6
1332280 1268.5
1332290 1268.5
1332300 1271.5
1332310 1274.9
1332320 1274.9
1332330 1278.4
1332340 1281.3
1332350 1281.3
1332360 1283.3
1332370 1281.0
1332380 1281.0
1332390 1274.2
1332400 1267.1
1332410 1267.1
1332420 1260.1
1332430 1253.1
1332440 1253.1
1332450 1246.0
1332460 1239.4
1332470 1239.4
1332480 1232.9
1332490 1226.3
1332500 1226.3
1332510 1219.6
1332520 1213.0
1332530 1213.0
1332540 1206.1
1332550 1198.8
1332560 1198.8
1332570 1192.3
1332580 1185.9
1332590 1179.8
1332600 1179.8
1332610 1174.7
1332620 1170.2
1332630 1172.1
1332640 1167.5
1332650 1165.8
1332660 1165.8
1332670 1172.2
1332680 1180.4
1332690 1180.4
1332700 1186.9
1332710 1191.9
1332720 1191.9
1332730 1196.9
1332740 1201.8
1332750 1201.8
1332760 1207.5
1332770 1214.4
1332780 1214.4
1332790 1222.9
1332800 1234.8
1332810 1234.8
1332820 1243.5
1332830 1252.2
1332840 1252.2
1332850 1261.1
1332860 1266.0
1332870 1266.0
1332880 1273.3
1332890 1282.4
1332900 1282.4
1332910 1293.8
1332920 1302.7
1332930 1302.7
1332940 1310.6
1332950 1317.5
1332960 1317.5
1332970 1324.8
1332980 1334.2
1332990 1341.7
1333000 1341.7
1333010 1351.1
1333020 1364.7
1333030 1364.7
1333040 1371.5
1333050 1377.7
1333060 1377.7
1333070 1383.9
1333080 1389.7
1333090 1389.7
1333100 1395.1
1333110 1400.6
1333120 1400.6
1333130 1407.0
1333140 1413.4
1333150 1413.4
1333160 1419.1
1333170 1421.4
1333180 1421.4
1333190 1420.2
1333200 1418.0
1333210 1418.0
1333220 1415.1
1333230 1411.6
1333240 1411.6
1333250 1408.1
1333260 1404.0
1333270 1404.0
1333280 1398.8
1333290 1391.9
1333300 1391.9
1333310 1385.1
1333320 1380.0
1333330 1380.0
1333340 1373.2
1333350 1365.1
1333360 1365.1
1333370 1356.4
1333380 1347.5
1333390 1340.6
1333400 1340.6
1333410 1334.0
1333420 1327.3
1333430 1327.3
1333440 1320.7
1333450 1314.3
1333460 1314.3
1333470 1307.7
1333480 1301.9
1333490 1301.9
1333500 1296.7
1333510 1291.9
1333520 1291.9
1333530 1292.5
1333540 1293.5
1333550 1293.5
1333560 1295.7
1333570 1298.7
1333580 1298.7
1333590 1299.7
1333600 1298.4
1333610 1298.4
1333620 1300.5
1333630 1303.1
1333640 1303.1
1333650 1303.2
1333660 1300.9
1333670 1300.9
1333680 1295.4
1333690 1292.5
1333700 1292.5
1333710 1294.7
1333720 1294.9
1333730 1294.9
1333740 1293.8
1333750 1294.0
1333760 1294.0
1333770 1300.3
1333780 1304.9
1333790 1307.4
1333800 1307.4
1333810 1308.3
1333820 1308.7
1333830 1308.7
1333840 1308.2
1333850 1308.3
1333860 1308.3
1333870 1308.1
1333880 1309.6
1333890 1309.6
1333900 1311.6
1333910 1313.0
1333920 1313.0
1333930 1313.5
1333940 1312.6
1333950 1312.6
1333960 1310.8
1333970 1308.7
1333980 1308.7
1333990 1306.3
1334000 1303.8
1334010 1303.8
1334020 1301.4
1334030 1299.7
1334040 1299.7
1334050 1298.3
1334060 1297.0
1334070 1297.0
1334080 1295.6
1334090 1294.1
1334100 1294.1
1334110 1292.4
1334120 1290.4
1334130 1290.4
1334140 1287.7
1334150 1283.9
1334160 1283.9
1334170 1279.5
1334180 1275.5
1334190 1270.4
1334200 1270.4
1334210 1265.0
1334220 1260.3
1334230 1260.3
1334240 1255.6
1334250 1250.4
1334260 1250.4
1334270 1244.5
1334280 1238.1
1334290 1238.1
1334300 1231.5
1334310 1225.1
1334320 1225.1
1334330 1217.9
1334340 1211.7
1334350 1211.7
1334360 1205.2
1334370 1198.7
1334380 1198.7
1334390 1191.8
1334400 1185.1
1334410 1185.1
1334420 1177.7
1334430 1169.7
1334440 1169.7
1334450 1161.8
1334460 1154.2
1334470 1154.2
1334480 1146.0
1334490 1138.8
1334500 1138.8
1334510 1132.2
1334520 1125.6
1334530 1125.6
1334540 1118.1
1334550 1110.1
1334560 1110.1
1334570 1103.3
1334580 1097.2
1334590 1092.3
1334600 1092.3
1334610 1087.6
1334620 1082.0
1334630 1082.0
1334640 1075.9
1334650 1069.6
1334660 1069.6
1334670 1063.6
1334680 1058.2
1334690 1058.2
1334700 1054.2
1334710 1050.8
1334720 1050.8
1334730 1047.7
1334740 1050.0
1334750 1050.0
1334760 1050.7
1334770 1055.7
1334780 1055.7
1334790 1061.5
1334800 1065.1
1334810 1065.1
1334820 1069.6
1334830 1074.4
1334840 1074.4
1334850 1078.4
1334860 1082.1
1334870 1082.1
1334880 1086.9
1334890 1092.3
1334900 1092.3
1334910 1097.9
1334920 1102.6
1334930 1102.6
1334940 1106.7
1334950 1110.2
1334960 1110.2
1334970 1113.8
1334980 1117.2
1334990 1120.1
1335000 1120.1
1335010 1122.9
1335020 1126.0
1335030 1126.0
1335040 1129.1
1335050 1132.3
1335060 1132.3
1335070 1135.3
1335080 1138.1
1335090 1138.1
1335100 1140.4
1335110 1142.2
1335120 1142.2
1335130 1143.2
1335140 1143.5
1335150 1143.5
1335160 1143.1
1335170 1142.8
1335180 1142.8
1335190 1145.1
1335200 1139.4
1335210 1139.4
1335220 1133.5
1335230 1128.3
1335240 1128.3
1335250 1123.1
1335260 1118.2
1335270 1118.2
1335280 1112.3
1335290 1104.9
1335300 1104.9
1335310 1097.1
1335320 1089.8
1335330 1089.8
1335340 1082.8
1335350 1074.7
1335360 1074.7
1335370 1065.3
1335380 1060.6
1335390 1066.0
1335400 1066.0
1335410 1071.5
1335420 1074.8
1335430 1074.8
1335440 1075.5
1335450 1078.5
1335460 1078.5
1335470 1082.7
1335480 1085.8
1335490 1085.8
1335500 1088.7
1335510 1089.9
1335520 1089.9
1335530 1092.5
1335540 1095.9
1335550 1095.9
1335560 1098.3
1335570 1099.5
1335580 1099.5
1335590 1098.6
1335600 1095.4
1335610 1095.4
1335620 1094.5
1335630 1091.6
1335640 1091.6
1335650 1083.9
1335660 1084.9
1335670 1084.9
1335680 1093.1
1335690 1099.9
1335700 1099.9
1335710 1106.4
1335720 1112.7
1335730 1112.7
1335740 1118.7
1335750 1124.2
1335760 1124.2
1335770 1128.7
1335780 1132.5
1335790 1135.7
1335800 1135.7
1335810 1139.7
1335820 1144.2
1335830 1144.2
1335840 1145.8
1335850 1146.1
1335860 1146.1
1335870 1147.5
1335880 1149.2
1335890 1149.2
1335900 1148.7
1335910 1146.2
1335920 1146.2
1335930 1142.6
1335940 1139.9
1335950 1139.9
1335960 1139.6
1335970 1143.3
1335980 1143.3
1335990 1147.1
1336000 1147.9
1336010 1147.9
1336020 1146.1
1336030 1141.1
1336040 1141.1
1336050 1143.4
1336060 1142.5
1336070 1142.5
1336080 1145.5
1336090 1150.2
1336100 1150.2
1336110 1154.2
1336120 1157.5
1336130 1157.5
1336140 1160.4
1336150 1162.3
1336160 1162.3
1336170 1162.7
1336180 1165.4
1336190 1170.0
1336200 1170.0
1336210 1175.8
1336220 1182.4
1336230 1182.4
1336240 1188.9
1336250 1194.9
1336260 1194.9
1336270 1201.0
1336280 1207.2
1336290 1207.2
1336300 1213.2
1336310 1218.0
1336320 1218.0
1336330 1222.5
1336340 1226.9
1336350 1226.9
1336360 1231.6
1336370 1235.7
1336380 1235.7
1336390 1238.5
1336400 1240.8
1336410 1240.8
1336420 1244.8
1336430 1249.1
1336440 1249.1
1336450 1251.8
1336460 1253.2
1336470 1253.2
1336480 1254.8
1336490 1255.8
1336500 1255.8
1336510 1255.8
1336520 1256.8
1336530 1256.8
1336540 1256.2
1336550 1253.8
1336560 1253.8
1336570 1247.6
1336580 1238.9
1336590 1230.9
1336600 1230.9
1336610 1222.4
1336620 1214.3
1336630 1214.3
1336640 1208.4
1336650 1204.8
1336660 1204.8
1336670 1202.3
1336680 1199.5
1336690 1199.5
1336700 1194.3
1336710 1186.8
1336720 1186.8
1336730 1184.1
1336740 1182.6
1336750 1182.6
1336760 1180.8
1336770 1178.7
1336780 1178.7
1336790 1174.3
1336800 1168.5
1336810 1168.5
1336820 1162.2
1336830 1155.2
1336840 1155.2
1336850 1148.2
1336860 1141.1
1336870 1141.1
1336880 1134.1
1336890 1127.3
1336900 1127.3
1336910 1117.7
1336920 1112.1
1336930 1112.1
1336940 1107.4
1336950 1103.0
1336960 1103.0
1336970 1099.8
1336980 1094.7
1336990 1086.8
1337000 1086.8
1337010 1079.1
1337020 1072.3
1337030 1072.3
1337040 1065.8
1337050 1059.3
1337060 1059.3
1337070 1053.0
1337080 1045.6
1337090 1045.6
1337100 1038.7
1337110 1032.3
1337120 1032.3
1337130 1025.3
1337140 1018.0
1337150 1018.0
1337160 1011.3
1337170 1004.3
1337180 1004.3
1337190 997.8
1337200 991.5
1337210 991.5
1337220 983.3
1337230 974.8
1337240 974.8
1337250 966.4
1337260 958.6
1337270 958.6
1337280 951.5
1337290 944.9
1337300 944.9
1337310 938.9
1337320 932.2
1337330 932.2
1337340 925.5
1337350 918.6
1337360 912.1
1337370 912.1
1337380 905.4
1337390 898.7
1337400 898.7
1337410 891.8
1337420 885.1
1337430 885.1
1337440 878.5
1337450 872.4
1337460 872.4
1337470 866.4
1337480 861.2
1337490 861.2
1337500 857.3
1337510 853.3
1337520 853.3
1337530 849.6
1337540 846.1
1337550 846.1
1337560 842.9
1337570 840.2
1337580 840.2
1337590 838.2
1337600 837.7
1337610 837.7
1337620 837.6
1337630 837.6
1337640 837.6
1337650 837.4
1337660 837.5
1337670 837.5
1337680 837.9
1337690 838.2
1337700 838.2
1337710 838.5
1337720 838.6
1337730 838.6
1337740 839.0
1337750 839.2
1337760 839.4
1337770 839.4
1337780 839.1
1337790 839.5
1337800 839.5
1337810 839.9
1337820 840.6
1337830 840.6
1337840 840.6
1337850 840.3
1337860 840.3
1337870 840.4
1337880 840.9
1337890 840.9
1337900 841.4
1337910 841.5
1337920 841.5
1337930 839.7
1337940 839.4
1337950 839.4
1337960 839.8
1337970 840.3
1337980 840.3
1337990 841.9
1338000 842.6
1338010 842.6
1338020 841.3
1338030 842.3
1338040 842.3
1338050 842.7
1338060 841.6
1338070 841.6
1338080 842.3
1338090 844.4
1338100 844.4
1338110 849.2
1338120 854.3
1338130 854.3
1338140 859.9
1338150 865.0
1338160 869.7
1338170 869.7
1338180 874.3
1338190 877.9
1338200 877.9
1338210 882.9
1338220 887.8
1338230 887.8
1338240 893.5
1338250 900.2
1338260 900.2
1338270 907.0
1338280 912.6
1338290 912.6
1338300 915.7
1338310 921.4
1338320 921.4
1338330 931.6
1338340 941.7
1338350 941.7
1338360 949.7
1338370 958.5
1338380 958.5
1338390 969.0
1338400 979.9
1338410 979.9
1338420 989.8
1338430 995.1
1338440 995.1
1338450 994.7
1338460 993.0
1338470 993.0
1338480 1003.2
1338490 1017.5
1338500 1017.5
1338510 1026.3
1338520 1030.8
1338530 1030.8
1338540 1038.2
1338550 1040.2
1338560 1046.1
1338570 1046.1
1338580 1049.6
1338590 1054.7
1338600 1054.7
1338610 1060.6
1338620 1065.5
1338630 1065.5
1338640 1069.6
1338650 1073.3
1338660 1077.8
1338670 1082.0
1338680 1083.7
1338690 1083.7
1338700 1091.1
1338710 1099.3
1338720 1099.3
1338730 1102.2
1338740 1106.5
1338750 1106.5
1338760 1112.0
1338770 1116.4
1338780 1116.4
1338790 1122.5
1338800 1128.7
1338810 1128.7
1338820 1134.1
1338830 1140.4
1338840 1140.4
1338850 1148.2
1338860 1157.2
1338870 1157.2
1338880 1166.8
1338890 1172.6
1338900 1172.6
1338910 1174.4
1338920 1177.8
1338930 1177.8
1338940 1181.5
1338950 1185.0
1338960 1188.6
1338970 1188.6
1338980 1191.6
1338990 1195.9
1339000 1195.9
1339010 1201.7
1339020 1208.2
1339030 1208.2
1339040 1215.4
1339050 1224.3
1339060 1224.3
1339070 1233.9
1339080 1241.4
1339090 1241.4
1339100 1245.7
1339110 1247.1
1339120 1247.1
1339130 1250.6
1339140 1254.7
1339150 1254.7
1339160 1259.1
1339170 1263.3
1339180 1263.3
1339190 1266.1
1339200 1266.5
1339210 1266.5
1339220 1266.8
1339230 1267.7
1339240 1267.7
1339250 1268.4
1339260 1268.7
1339270 1268.7
1339280 1268.6
1339290 1267.5
1339300 1267.5
1339310 1267.5
1339320 1267.1
1339330 1267.1
1339340 1266.4
1339350 1265.5
1339360 1264.0
1339370 1264.0
1339380 1260.8
1339390 1256.7
1339400 1256.7
1339410 1252.4
1339420 1247.7
1339430 1247.7
1339440 1242.8
1339450 1238.2
1339460 1238.2
1339470 1233.9
1339480 1229.9
1339490 1229.9
1339500 1226.1
1339510 1222.1
1339520 1222.1
1339530 1218.0
1339540 1212.6
1339550 1212.6
1339560 1208.9
1339570 1204.4
1339580 1204.4
1339590 1199.5
1339600 1194.6
1339610 1194.6
1339620 1189.8
1339630 1185.6
1339640 1185.6
1339650 1182.4
1339660 1179.9
1339670 1179.9
1339680 1177.6
1339690 1174.9
1339700 1174.9
1339710 1171.0
1339720 1166.3
1339730 1166.3
1339740 1161.8
1339750 1158.0
1339760 1154.5
1339770 1154.5
1339780 1150.8
1339790 1146.8
1339800 1146.8
1339810 1142.3
1339820 1137.7
1339830 1137.7
1339840 1133.2
1339850 1128.7
1339860 1128.7
1339870 1124.6
1339880 1121.0
1339890 1121.0
1339900 1117.9
1339910 1116.4
1339920 1116.4
1339930 1117.4
1339940 1118.8
1339950 1118.8
1339960 1121.3
1339970 1124.5
1339980 1124.5
1339990 1128.3
