1326000 1313.7
1326010 1313.1
1326020 1313.1
1326030 1312.5
1326040 1311.9
1326050 1311.9
1326060 1311.1
1326070 1310.3
1326080 1310.3
1326090 1309.7
1326100 1308.1
1326110 1308.1
1326120 1305.3
1326130 1302.3
1326140 1302.3
1326150 1299.3
1326160 1296.3
1326170 1296.3
1326180 1293.5
1326190 1291.0
1326200 1291.0
1326210 1288.4
1326220 1285.4
1326230 1285.4
1326240 1282.3
1326250 1279.4
1326260 1279.4
1326270 1276.8
1326280 1274.0
1326290 1274.0
1326300 1271.2
1326310 1268.9
1326320 1268.9
1326330 1267.2
1326340 1265.8
1326350 1265.8
1326360 1264.6
1326370 1263.2
1326380 1263.2
1326390 1262.0
1326400 1260.1
1326410 1257.6
1326420 1257.6
1326430 1255.1
1326440 1252.1
1326450 1252.1
1326460 1248.4
1326470 1243.7
1326480 1243.7
1326490 1239.3
1326500 1236.1
1326510 1236.1
1326520 1233.0
1326530 1230.0
1326540 1230.0
1326550 1226.9
1326560 1223.7
1326570 1223.7
1326580 1220.6
1326590 1217.9
1326600 1217.9
1326780 1172.8
1326790 1171.3
1329160 1350.3
1329170 1346.4
1329180 1346.4
1329190 1341.9
1329200 1337.8
1329210 1337.8
1329220 1332.9
1329230 1327.7
1329240 1319.4
1329250 1319.4
1329260 1314.1
1329270 1309.1
1329280 1309.1
1329290 1304.0
1329300 1299.0
1329310 1299.0
1329320 1294.3
1329330 1289.0
1329340 1289.0
1329350 1284.0
1329360 1279.2
1329370 1279.2
1329380 1274.7
1329390 1270.6
1329400 1270.6
1329410 1266.7
1329420 1262.8
1329430 1262.8
1329440 1259.2
1329450 1255.3
1329460 1255.3
1329470 1251.4
1329480 1247.2
1329490 1247.2
1329500 1242.7
1329510 1237.2
1329520 1237.2
1329530 1231.3
1329540 1226.8
1329550 1226.8
1329560 1223.2
1329570 1219.2
1329580 1219.2
1329590 1215.7
1329600 1211.7
1329610 1211.7
1329620 1207.2
1329630 1201.9
1329640 1196.0
1329650 1196.0
1329660 1189.9
1329670 1184.7
1329680 1184.7
1329690 1179.9
1329700 1175.8
1329710 1175.8
1329720 1171.0
1329730 1167.4
1329740 1167.4
1329750 1164.5
1329760 1161.8
1329770 1161.8
1329780 1159.5
1329790 1157.3
1329800 1157.3
1329810 1154.5
1329820 1150.7
1329830 1150.7
1329840 1148.4
1329850 1146.5
1329860 1146.5
1329870 1143.3
1329880 1139.7
1329890 1139.7
1329900 1136.0
1329910 1132.2
1329920 1132.2
1329930 1128.9
1329940 1126.6
1329950 1126.6
1329960 1124.4
1329970 1122.7
1329980 1122.7
1329990 1121.1
1330000 1119.3
1330010 1119.3
1330020 1116.9
1330030 1115.9
1330040 1114.7
1330050 1114.7
1330060 1109.3
1330070 1108.0
1330080 1108.0
1330090 1106.0
1330100 1103.8
1330110 1103.8
1330120 1101.9
1330130 1100.2
1330140 1100.2
1330150 1098.6
1330160 1097.5
1330170 1097.5
1330180 1095.7
1330190 1093.9
1330200 1093.9
1330210 1092.2
1330220 1090.3
1330230 1090.3
1330240 1087.9
1330250 1084.6
1330260 1084.6
1330270 1081.0
1330280 1077.3
1330290 1077.3
1330300 1073.5
1330310 1070.5
1330320 1070.5
1330330 1068.2
1330340 1065.3
1330350 1065.3
1330360 1061.9
1330370 1059.8
1330380 1059.8
1330390 1058.2
1330400 1056.4
1330410 1056.4
1330420 1054.4
1330430 1052.6
1330440 1050.3
1330450 1050.3
1330460 1048.1
1330470 1045.8
1330480 1045.8
1330490 1044.0
1330500 1042.1
1330510 1042.1
1330520 1040.2
1330530 1038.7
1330540 1038.7
1330550 1037.6
1330560 1036.9
1330570 1036.9
1330580 1037.3
1330590 1038.5
1330600 1038.5
1330610 1040.0
1330620 1041.4
1330630 1041.4
1330640 1042.2
1330650 1041.3
1330660 1041.3
1330670 1039.8
1330680 1037.1
1330690 1037.1
1330700 1035.4
1330710 1034.5
1330720 1034.5
1330730 1034.0
1330740 1033.4
1330750 1033.4
1330760 1031.9
1330770 1031.1
1330780 1031.1
1330790 1030.4
1330800 1029.6
1330810 1029.6
1330820 1028.4
1330830 1027.2
1330840 1026.4
1330850 1026.4
1330860 1025.5
1330870 1024.0
1330880 1024.0
1330890 1024.0
1330900 1017.2
1330910 1017.2
1330920 1016.0
1330930 1016.2
1330940 1016.2
1330950 1015.3
1330960 1013.7
1330970 1013.7
1330980 1011.1
1330990 1007.9
1331000 1007.9
1331010 1005.0
1331020 1001.4
1331030 1001.4
1331040 997.4
1331050 996.6
1331060 996.6
1331070 997.4
1331080 998.7
1331090 998.7
1331100 998.1
1331110 997.0
1331120 997.0
1331130 996.3
1331140 995.3
1331150 995.3
1331160 993.8
1331170 992.1
1331180 992.1
1331190 990.7
1331200 990.4
1331210 990.4
1331220 989.8
1331230 989.5
1331240 988.9
1331250 988.9
1331260 987.6
1331270 985.8
1331280 985.8
1331290 984.6
1331300 983.3
1331310 983.3
1331320 982.0
1331330 980.9
1331340 980.9
1331350 980.6
1331360 978.1
1331370 978.1
1331380 975.7
1331390 974.9
1331400 974.9
1331410 973.9
1331420 972.3
1331430 972.3
1331440 970.2
1331450 967.3
1331460 967.3
1331470 964.1
1331480 962.2
1331490 962.2
1331500 961.0
1331510 960.5
1331520 960.5
1331530 960.0
1331540 959.6
1331550 959.6
1331560 959.2
1331570 958.7
1331580 958.7
1331590 958.2
1331600 957.8
1331610 957.8
1331620 957.3
1331630 956.8
1331640 956.3
1331650 956.3
1331660 955.9
1331670 955.5
1331680 955.5
1331690 955.0
1331700 954.5
1331710 954.5
1331720 954.0
1331730 953.5
1331740 953.5
1331750 953.4
1331760 953.3
1331770 953.3
1331780 953.2
1331790 953.0
1331800 953.0
1331810 953.1
1331820 953.1
1331830 953.1
1331840 953.1
1331850 953.1
1331860 953.1
1331870 953.1
1331880 953.2
1331890 953.2
1331900 953.5
1331910 954.1
1331920 954.1
1331930 954.5
1331940 954.7
1331950 954.7
1331960 955.0
1331970 955.3
1331980 955.3
1331990 955.6
1332000 955.9
1332010 955.9
1332020 956.4
1332030 957.0
1332040 957.7
1332050 957.7
1332060 958.3
1332070 958.8
1332080 958.8
1332090 959.3
1332100 959.8
1332110 959.8
1332120 960.5
1332130 961.1
1332140 961.1
1332150 962.2
1332160 962.7
1332170 962.7
1332180 962.3
1332190 959.9
1332200 959.9
1332210 959.3
1332220 958.8
1332230 958.8
1332240 958.8
1332250 958.4
1332260 958.4
1332270 957.2
1332280 961.0
1332290 961.0
1332300 965.0
1332310 965.7
1332320 965.7
1332330 965.2
1332340 963.9
1332350 963.9
1332360 963.7
1332370 963.8
1332380 963.8
1332390 963.5
1332400 966.5
1332410 966.5
1332420 971.9
1332430 974.6
1332440 975.3
1332450 975.3
1332460 974.6
1332470 973.7
1332480 973.7
1332490 972.3
1332500 972.9
1332510 972.9
1332520 975.1
1332530 976.2
1332540 976.2
1332550 978.8
1332560 981.8
1332570 987.9
1332580 990.3
1332590 993.6
1332600 993.6
1332610 997.6
1332620 1000.7
1332630 1000.7
1332640 1003.6
1332650 1005.6
1332660 1005.6
1332670 1007.8
1332680 1010.6
1332690 1010.6
1332700 1013.2
1332710 1015.9
1332720 1015.9
1332730 1018.6
1332740 1022.2
1332750 1022.2
1332760 1026.4
1332770 1030.5
1332780 1030.5
1332790 1032.4
1332800 1036.6
1332810 1036.6
1332820 1042.9
1332830 1047.9
1332840 1047.9
1332850 1047.9
1332860 1049.5
1332870 1052.9
1332880 1052.9
1332890 1057.5
1332900 1061.9
1332910 1061.9
1332920 1064.2
1332930 1063.5
1332940 1063.5
1332950 1062.3
1332960 1060.3
1332970 1060.3
1332980 1055.9
1332990 1048.3
1333000 1048.3
1333010 1047.4
1333020 1053.8
1333030 1053.8
1333040 1051.4
1333050 1051.0
1333060 1051.0
1333070 1059.5
1333080 1069.4
1333090 1069.4
1333100 1078.3
1333110 1086.4
1333120 1086.4
1333130 1093.0
1333140 1099.6
1333150 1099.6
1333160 1106.3
1333170 1113.7
1333180 1113.7
1333190 1120.8
1333200 1126.6
1333210 1126.6
1333220 1132.6
1333230 1138.2
1333240 1142.4
1333250 1142.4
1333260 1146.6
1333270 1151.0
1333280 1151.0
1333290 1154.1
1333300 1156.3
1333310 1156.3
1333320 1157.4
1333330 1158.8
1333340 1158.8
1333350 1160.4
1333360 1161.3
1333370 1161.3
1333380 1162.2
1333390 1164.1
1333400 1164.1
1333410 1169.3
1333420 1180.0
1333430 1180.0
1333440 1185.5
1333450 1190.3
1333460 1190.3
1333470 1195.0
1333480 1199.4
1333490 1199.4
1333500 1204.2
1333510 1208.8
1333520 1208.8
1333530 1213.5
1333540 1218.3
1333550 1218.3
1333560 1223.1
1333570 1227.0
1333580 1227.0
1333590 1229.7
1333600 1231.4
1333610 1231.4
1333620 1232.4
1333630 1232.8
1333640 1232.9
1333650 1232.9
1333660 1232.8
1333670 1232.2
1333680 1232.2
1333690 1231.1
1333700 1229.4
1333710 1229.4
1333720 1227.1
1333730 1224.1
1333740 1224.1
1333750 1220.6
1333760 1217.1
1333770 1217.1
1333780 1213.9
1333790 1210.8
1333800 1210.8
1333810 1207.5
1333820 1204.3
1333830 1204.3
1333840 1201.2
1333850 1198.0
1333860 1198.0
1333870 1194.2
1333880 1189.4
1333890 1189.4
1333900 1184.6
1333910 1179.7
1333920 1179.7
1333930 1174.8
1333940 1169.5
1333950 1169.5
1333960 1163.6
1333970 1157.9
1333980 1157.9
1333990 1151.9
1334000 1146.2
1334010 1146.2
1334020 1142.5
1334030 1140.8
1334040 1140.8
1334050 1139.1
1334060 1137.5
1334070 1135.2
1334080 1135.2
1334090 1133.1
1334100 1132.0
1334110 1132.0
1334120 1131.3
1334130 1130.2
1334140 1130.2
1334150 1128.5
1334160 1126.0
1334170 1126.0
1334180 1122.3
1334190 1116.6
1334200 1116.6
1334210 1110.2
1334220 1107.3
1334230 1107.3
1334240 1108.7
1334250 1109.7
1334260 1109.7
1334270 1104.1
1334280 1102.4
1334290 1102.4
1334300 1101.2
1334310 1101.4
1334320 1101.4
1334330 1100.0
1334340 1097.6
1334350 1097.6
1334360 1096.0
1334370 1093.8
1334380 1093.8
1334390 1090.0
1334400 1085.4
1334410 1085.4
1334420 1083.1
1334430 1080.1
1334440 1080.1
1334450 1075.5
1334460 1073.6
1334470 1073.1
1334480 1073.1
1334490 1072.8
1334500 1072.0
1334510 1072.0
1334520 1070.2
1334530 1068.0
1334540 1068.0
1334550 1065.7
1334560 1061.9
1334570 1061.9
1334580 1056.7
1334590 1051.1
1334600 1051.1
1334610 1048.3
1334620 1047.1
1334630 1047.1
1334640 1045.7
1334650 1043.7
1334660 1043.7
1334670 1040.2
1334680 1037.1
1334690 1037.1
1334700 1038.2
1334710 1038.3
1334720 1038.3
1334730 1036.4
1334740 1033.2
1334750 1033.2
1334760 1030.3
1334770 1027.5
1334780 1027.5
1334790 1024.7
1334800 1022.1
1334810 1022.1
1334820 1018.8
1334830 1016.8
1334840 1016.8
1334850 1015.5
1334860 1013.4
1334870 1011.1
1334880 1011.1
1334890 1008.3
1334900 1004.5
1334910 1004.5
1334920 1004.4
1334930 1004.5
1334940 1004.5
1334950 1002.6
1334960 1001.1
1334970 1001.1
1334980 999.9
1334990 998.2
1335000 998.2
1335010 995.8
1335020 992.7
1335030 992.7
1335040 989.7
1335050 986.6
1335060 986.6
1335070 983.8
1335080 980.3
1335090 980.3
1335100 975.8
1335110 969.6
1335120 969.6
1335130 965.1
1335140 961.9
1335150 961.9
1335160 959.4
1335170 958.9
1335180 958.9
1335190 959.8
1335200 960.1
1335210 960.1
1335220 958.9
1335230 957.8
1335240 957.8
1335250 957.4
1335260 957.1
1335270 956.8
1335280 956.8
1335290 956.5
1335300 956.3
1335310 956.3
1335320 956.2
1335330 956.5
1335340 956.5
1335350 957.1
1335360 956.8
1335370 956.8
1335380 957.3
1335390 958.2
1335400 958.2
1335410 958.7
1335420 958.3
1335430 958.3
1335440 957.7
1335450 957.4
1335460 957.4
1335470 956.9
1335480 956.2
1335490 956.2
1335500 955.6
1335510 955.1
1335520 955.1
1335530 954.5
1335540 952.9
1335550 952.9
1335560 951.5
1335570 953.0
1335580 953.0
1335590 952.8
1335600 952.3
1335610 952.3
1335620 952.4
1335630 952.6
1335640 952.6
1335650 952.2
1335660 951.8
1335670 951.3
1335680 951.3
1335690 951.0
1335700 950.6
1335710 950.6
1335720 950.1
1335730 948.4
1335740 948.4
1335750 943.4
1335760 941.1
1335770 941.1
1335780 943.9
1335790 947.8
1335800 947.8
1335810 947.9
1335820 947.3
1335830 947.3
1335840 946.6
1335850 945.8
1335860 945.8
1335870 945.2
1335880 944.6
1335890 944.6
1335900 943.7
1335910 943.0
1335920 943.0
1335930 942.2
1335940 941.6
1335950 941.6
1335960 940.8
1335970 940.1
1335980 940.1
1335990 939.6
1336000 939.0
1336010 939.0
1336020 938.3
1336030 937.7
1336040 937.7
1336050 937.5
1336060 937.2
1336070 937.4
1336080 937.4
1336090 938.0
1336100 938.5
1336110 938.5
1336120 938.7
1336130 936.9
1336140 936.9
1336150 933.5
1336160 932.1
1336170 932.1
1336180 933.8
1336190 937.8
1336200 937.8
1336210 940.4
1336220 939.3
1336230 939.3
1336240 938.8
1336250 939.1
1336260 939.1
1336270 939.4
1336280 939.9
1336290 939.9
1336300 940.1
1336310 939.6
1336320 939.6
1336330 939.4
1336340 940.1
1336350 940.1
1336360 940.0
1336370 939.6
1336380 939.6
1336390 939.3
1336400 938.8
1336410 938.8
1336420 938.6
1336430 938.0
1336440 938.0
1336450 937.3
1336460 936.4
1336470 935.3
1336480 935.3
1336490 934.2
1336500 933.2
1336510 933.2
1336520 932.0
1336530 931.0
1336540 931.0
1336550 929.7
1336560 929.1
1336570 929.1
1336580 928.0
1336590 927.5
1336600 927.5
1336610 927.4
1336620 926.8
1336630 926.8
1336640 925.9
1336650 925.0
1336660 925.0
1336670 923.5
1336680 921.7
1336690 921.7
1336700 920.1
1336710 918.7
1336720 918.7
1336730 917.1
1336740 914.2
1336750 914.2
1336760 911.6
1336770 910.1
1336780 910.1
1336790 909.6
1336800 909.8
1336810 909.8
1336820 909.2
1336830 906.3
1336840 906.3
1336850 904.9
1336860 901.8
1336870 899.2
1336880 899.2
1336890 900.0
1336900 901.2
1336910 901.2
1336920 900.1
1336930 898.1
1336940 898.1
1336950 896.7
1336960 896.2
1336970 896.2
1336980 895.5
1336990 895.1
1337000 895.1
1337010 895.0
1337020 894.9
1337030 894.9
1337040 894.9
1337050 894.9
1337060 894.9
1337070 894.8
1337080 895.0
1337090 895.0
1337100 892.6
1337110 890.1
1337120 890.1
1337130 890.3
1337140 891.3
1337150 891.3
1337160 892.5
1337170 892.8
1337180 892.8
1337190 892.2
1337200 891.7
1337210 891.7
1337220 891.0
1337230 890.4
1337240 890.4
1337250 889.9
1337260 889.3
1337270 888.7
1337280 888.7
1337290 887.9
1337300 887.0
1337310 887.0
1337320 886.2
1337330 885.5
1337340 885.5
1337350 884.3
1337360 883.4
1337370 883.4
1337380 883.3
1337390 882.7
1337400 882.7
1337410 881.6
1337420 880.9
1337430 880.9
1337440 880.3
1337450 879.6
1337460 879.6
1337470 879.1
1337480 878.5
1337490 878.5
1337500 878.1
1337510 877.8
1337520 877.8
1337530 878.0
1337540 880.7
1337550 880.7
1337560 883.4
1337570 884.6
1337580 884.6
1337590 886.1
1337600 887.5
1337610 887.5
1337620 888.4
1337630 888.9
1337640 888.9
1337650 888.3
1337660 886.5
1337670 884.3
1337680 884.3
1337690 880.8
1337700 874.6
1337710 874.6
1337720 864.0
1337730 862.0
1337740 862.0
1337750 861.8
1337760 861.5
1337770 861.5
1337780 861.4
1337790 861.4
1337800 861.4
1337810 861.3
1337820 860.9
1337830 860.9
1337840 860.5
1337850 859.8
1337860 859.8
1337870 859.1
1337880 858.6
1337890 858.6
1337900 858.0
1337910 857.5
1337920 857.5
1337930 857.0
1337940 856.5
1337950 856.5
1337960 855.9
1337970 855.4
1337980 855.4
1337990 855.2
1338000 854.8
1338010 854.8
1338020 854.3
1338030 853.6
1338040 853.6
1338050 853.0
1338060 852.4
1338070 851.8
1338080 851.8
1338090 851.2
1338100 850.6
1338110 850.6
1338120 850.0
1338130 849.5
1338140 849.5
1338150 849.0
1338160 848.5
1338170 848.5
1338180 848.0
1338190 847.4
1338200 847.4
1338210 846.7
1338220 846.7
1338230 846.7
1338240 846.3
1338250 845.9
1338260 845.9
1338270 845.4
1338280 845.0
1338290 845.0
1338300 844.7
1338310 844.4
1338320 844.4
1338330 844.3
1338340 846.1
1338350 846.1
1338360 850.6
1338370 854.9
1338380 854.9
1338390 859.1
1338400 863.2
1338410 863.2
1339050 1145.3
1339060 1145.3
1339070 1146.3
1339080 1149.9
1339090 1149.9
1339100 1154.7
1339110 1159.3
1339120 1159.3
1339130 1163.4
1339140 1167.0
1339150 1167.0
1339160 1171.2
1339170 1176.8
1339180 1176.8
1339190 1182.6
1339200 1188.6
1339210 1188.6
1339220 1195.3
1339230 1201.9
1339240 1201.9
1339250 1208.7
1339260 1216.3
1339270 1224.2
1339280 1224.2
1339290 1232.3
1339300 1239.2
1339310 1239.2
1339320 1245.3
1339330 1250.6
1339340 1250.6
1339350 1255.3
1339360 1260.8
1339370 1260.8
1339380 1265.9
1339390 1269.8
1339400 1269.8
1339410 1271.1
1339420 1271.3
1339430 1271.3
1339440 1271.4
1339450 1270.8
1339460 1270.8
1339470 1268.5
1339480 1271.7
1339490 1271.7
1339500 1269.6
1339510 1264.7
1339520 1264.7
1339530 1255.9
1339540 1248.8
1339550 1248.8
1339560 1244.0
1339570 1241.5
1339580 1241.5
1339590 1242.1
1339600 1243.5
1339610 1243.5
1339620 1246.0
1339630 1247.7
1339640 1247.7
1339650 1248.0
1339660 1249.3
1339670 1250.6
1339680 1250.6
1339690 1251.2
1339700 1255.1
1339710 1255.1
1339720 1261.1
1339730 1268.5
1339740 1268.5
1339750 1275.2
1339760 1278.0
1339770 1278.0
1339780 1278.4
1339790 1277.6
1339800 1277.6
1339810 1276.8
1339820 1277.0
1339830 1277.0
1339840 1277.4
1339850 1278.1
1339860 1278.1
1339870 1278.9
1339880 1279.0
1339890 1279.0
1339900 1282.5
1339910 1288.0
1339920 1288.0
1339930 1291.3
1339940 1294.2
1339950 1294.2
1339960 1297.6
1339970 1303.6
1339980 1303.6
1339990 1314.1
