1333350 914.5
1333360 913.9
1333370 913.9
1333380 913.6
1333390 913.1
1333400 913.1
1333410 912.7
1333420 912.8
1333430 912.8
1333440 913.3
1333450 913.2
1333460 913.2
1333470 912.7
1333480 913.2
1333490 913.2
1333500 914.3
1333510 914.9
1333520 914.9
1333530 916.2
1333540 918.1
1333550 918.1
1333560 919.8
1333570 921.3
1333580 921.3
1333590 921.5
1333600 921.4
1333610 921.4
1333620 921.4
1333630 920.1
1333640 920.1
1333650 918.7
1333660 918.7
1333670 918.7
1333680 919.2
1333690 920.2
1333700 920.2
1333710 921.5
1333720 922.6
1333730 922.6
1333740 923.4
1333750 923.8
1333760 925.2
1333770 925.2
1333780 926.2
1333790 926.8
1333800 926.8
1333810 926.9
1333820 926.3
1333830 926.3
1333840 925.8
1333850 925.1
1333860 925.1
1333870 925.6
1333880 927.0
1333890 927.0
1333900 928.4
1333910 929.9
1333920 929.9
1333930 930.8
1333940 931.1
1333950 931.1
1333960 931.8
1333970 931.9
1333980 931.9
1333990 931.2
1334000 930.6
1334010 930.6
1334020 930.7
1334030 930.9
1334040 930.9
1334050 930.6
1334060 930.8
1334070 930.8
1334080 930.9
1334090 932.9
1334100 932.9
1334110 941.5
1334120 942.2
1334130 942.2
1334140 941.3
1334150 942.0
1334160 943.6
1334170 943.6
1334180 947.4
1334190 948.7
1334200 948.7
1334210 949.9
1334220 950.9
1334230 950.9
1334240 952.8
1334250 954.8
1334260 954.8
1334270 957.9
1334280 959.9
1334290 959.9
1334300 959.9
1334310 962.2
1334320 962.2
1334330 966.5
1334340 968.5
1334350 968.5
1334360 970.0
1334370 970.9
1334380 970.9
1334390 972.3
1334400 974.2
1334410 974.2
1334420 976.1
1334430 977.8
1334440 977.8
1334450 978.6
1334460 978.1
1334470 978.1
1334480 977.6
1334490 977.6
1334500 977.6
1334510 975.0
1334520 974.5
1334530 974.5
1334540 976.9
1334550 979.4
1334560 979.4
1334570 980.2
1334580 979.4
1334590 980.9
1334600 980.9
1334610 982.8
1334620 984.0
1334630 984.0
1334640 982.8
1334650 983.0
1334660 983.0
1334670 985.8
1334680 988.7
1334690 988.7
1334700 991.0
1334710 992.8
1334720 992.8
1334730 994.0
1334740 995.3
1334750 995.3
1334760 996.8
1334770 998.2
1334780 998.2
1334790 1000.0
1334800 1001.9
1334810 1001.9
1334820 1004.2
1334830 1006.9
1334840 1006.9
1334850 1009.9
1334860 1012.7
1334870 1012.7
1334880 1014.7
1334890 1013.8
1334900 1013.8
1334910 1009.6
1334920 1007.2
1334930 1007.2
1334940 1009.2
1334950 1012.0
1334960 1018.2
1334970 1017.2
1334980 1015.5
1334990 1015.3
1335000 1015.3
1335010 1014.8
1335020 1013.8
1335030 1013.8
1335040 1011.7
1335050 1009.3
1335060 1009.3
1335070 1010.2
1335080 1010.4
1335090 1010.4
1335100 1011.6
1335110 1013.4
1335120 1013.4
1335130 1015.0
1335140 1016.2
1335150 1016.2
1335160 1017.1
1335170 1018.5
1335180 1018.5
1335190 1020.5
1335200 1023.3
1335210 1023.3
1335220 1025.7
1335230 1027.1
1335240 1027.1
1335250 1027.5
1335260 1027.4
1335270 1027.4
1335280 1027.4
1335290 1028.3
1335300 1028.3
1335310 1029.8
1335320 1030.7
1335330 1030.7
1335340 1031.3
1335350 1032.1
1335360 1032.1
1335370 1032.8
1335380 1033.5
1335390 1034.5
1335400 1034.5
1335410 1035.4
1335420 1036.1
1335430 1036.1
1335440 1036.7
1335450 1036.8
1335460 1036.8
1335470 1036.6
1335480 1036.7
1335490 1036.7
1335500 1036.8
1335510 1037.4
1335520 1037.4
1335530 1037.6
1335540 1037.7
1335550 1037.7
1335560 1038.0
1335570 1038.8
1335580 1038.8
1335590 1039.1
1335600 1039.4
1335610 1039.4
1335620 1039.3
1335630 1039.1
1335640 1039.1
1335650 1038.8
1335660 1038.8
1335670 1038.8
1335680 1038.5
1335690 1038.5
1335700 1038.5
1335710 1038.2
1335720 1037.5
1335730 1037.5
1335740 1037.1
1335750 1037.4
1335760 1037.4
1335770 1038.2
1335780 1038.5
1335790 1039.1
1335800 1039.1
1335810 1040.1
1335820 1044.2
1335830 1044.2
1335840 1045.8
1335850 1047.2
1335860 1047.2
1335870 1048.2
1335880 1048.9
1335890 1048.9
1335900 1049.3
1335910 1049.4
1335920 1049.4
1335930 1049.5
1335940 1049.9
1335950 1049.9
1335960 1050.3
1335970 1050.5
1335980 1050.5
1335990 1050.5
1336000 1050.3
1336010 1050.3
1336020 1049.7
1336030 1048.8
1336040 1048.8
1336050 1047.7
1336060 1046.5
1336070 1046.5
1336080 1044.8
1336090 1042.9
1336100 1042.9
1336110 1040.9
1336120 1039.2
1336130 1039.2
1336140 1037.7
1336150 1036.0
1336160 1036.0
1336170 1034.7
1336180 1034.1
1336190 1033.2
1336200 1033.2
1336210 1032.5
1336220 1032.0
1336230 1032.0
1336240 1031.3
1336250 1030.8
1336260 1030.8
1336270 1030.4
1336280 1030.0
1336290 1030.0
1336300 1029.8
1336310 1029.6
1336320 1029.6
1336330 1029.3
1336340 1028.8
1336350 1028.8
1336360 1028.2
1336370 1027.7
1336380 1027.7
1336390 1027.2
1336400 1026.6
1336410 1026.6
1336420 1025.7
1336430 1024.9
1336440 1024.9
1336450 1024.2
1336460 1024.1
1336470 1024.1
1336480 1024.5
1336490 1024.9
1336500 1024.9
1336510 1025.5
1336520 1026.3
1336530 1026.3
1336540 1027.1
1336550 1028.0
1336560 1028.0
1336570 1028.7
1336580 1029.5
1336590 1030.7
1336600 1030.7
1336610 1031.5
1336620 1031.5
1336630 1031.5
1336640 1031.0
1336650 1030.0
1336660 1030.0
1336670 1027.6
1336680 1025.4
1336690 1025.5
1336700 1022.7
1336710 1020.0
1336720 1020.0
1336730 1017.2
1336740 1015.1
1336750 1015.1
1336760 1013.1
1336770 1010.7
1336780 1010.7
1336790 1008.6
1336800 1006.8
1336810 1006.8
1336820 1004.9
1336830 1002.9
1336840 1002.9
1336850 1000.9
1336860 999.1
1336870 999.1
1336880 997.5
1336890 995.5
1336900 995.5
1336910 993.6
1336920 992.0
1336930 992.0
1336940 990.4
1336950 989.4
1336960 989.4
1336970 988.6
1336980 988.7
1336990 988.7
1337000 989.2
1337010 989.8
1337020 990.5
1337030 990.5
1337040 991.5
1337050 992.8
1337060 992.8
1337070 994.4
1337080 996.2
1337090 996.2
1337100 998.0
1337110 999.4
1337120 999.4
1337130 1000.3
1337140 1000.9
1337150 1000.9
1337160 1001.3
1337170 1001.5
1337180 1001.5
1337190 1001.8
1337200 1002.3
1337210 1002.3
1337220 1003.4
1337230 1004.9
1337240 1004.9
1337250 1005.5
1337260 1005.6
1337270 1005.6
1337280 1005.6
1337290 1004.9
1337300 1004.9
1337310 1003.1
1337320 999.6
1337330 999.6
1337340 995.8
1337350 992.4
1337360 992.4
1337370 988.8
1337380 984.7
1337390 984.7
1337400 980.4
1337410 976.6
1337420 973.3
1337430 973.3
1337440 970.8
1337450 969.6
1337460 969.6
1337470 969.5
1337480 969.4
1337490 969.4
1337500 967.6
1337510 964.6
1337520 964.6
1337530 961.8
1337540 958.0
1337550 958.0
1337560 952.2
1337570 947.9
1337580 947.9
1337590 942.5
1337600 938.0
1337610 938.0
1337620 933.3
1337630 928.6
1337640 928.6
1337650 924.6
1337660 921.0
1337670 921.0
1337680 915.6
1337690 908.6
1337700 908.6
1337710 900.8
1337720 893.3
1337730 893.3
1337740 886.4
1337750 878.6
1337760 878.6
1337770 870.6
1337780 863.0
1337790 863.0
1337800 856.4
1337810 849.8
1337820 843.9
1337830 843.9
1337840 839.5
1337850 838.3
1337860 838.3
1337870 838.6
1337880 839.1
1337890 839.1
1337900 839.1
1337910 839.1
1337920 839.1
